:RUN-1	LEVEL SWEEP	TEMP:NaN	8/27/2019	11:42 AM	HR:-636.36:SW EAR: R	SW FREQ: 5.66	# AVERAGES: 512	REP RATE (/sec): 80	DRIVER: 	SAMPLE (µsec): 40	MASKER dB: 2147483647:NOTES-:CHAMBER-SEWELL-PXI1:CFTS Version: V2.7.2 (R850):LEVELS:20;30;40;50;60;70;80;:DATA -0.025290	 -0.045559	  0.094476	 -0.021360	 -0.016864	 -0.106985	  0.023009
 -0.012873	 -0.028042	  0.103440	 -0.024845	 -0.019145	 -0.070463	  0.001977
 -0.004764	 -0.002005	  0.063783	  0.008161	 -0.008312	 -0.066979	  0.011099
 -0.020760	 -0.014263	  0.021845	  0.028655	  0.005689	 -0.054214	 -0.010218
 -0.026778	  0.012185	  0.021180	  0.018867	 -0.010529	 -0.039168	  0.000741
 -0.014235	  0.013959	  0.037366	  0.012501	  0.016268	 -0.030742	  0.011479
 -0.047304	 -0.002163	  0.020324	  0.026121	  0.027703	 -0.035589	 -0.021083
 -0.037104	 -0.018508	 -0.001848	  0.060679	  0.010345	 -0.034892	 -0.022445
  0.027070	  0.004742	 -0.003495	  0.038633	  0.028337	 -0.017312	 -0.002838
  0.021590	  0.023304	 -0.029089	 -0.016546	  0.021463	  0.030676	  0.013380
  0.027101	 -0.006851	 -0.036374	 -0.014423	  0.027672	  0.043726	 -0.025359
 -0.001596	  0.011837	 -0.025763	 -0.024654	  0.000557	  0.020286	 -0.032550
 -0.004574	  0.013199	 -0.047682	 -0.012713	 -0.013380	  0.023422	  0.006823
  0.021463	  0.023684	 -0.057407	 -0.026650	  0.015160	  0.035966	  0.014172
  0.012657	  0.036164	 -0.056045	 -0.027093	 -0.006063	  0.041097	 -0.008698
  0.008761	  0.019851	 -0.094784	 -0.037610	 -0.013601	  0.052532	  0.000710
  0.032106	 -0.010969	 -0.053131	  0.008700	 -0.046480	  0.038278	 -0.008476
  0.017345	 -0.012204	 -0.004224	  0.003537	 -0.030073	  0.069066	 -0.014083
  0.005277	  0.002271	  0.014465	  0.003061	  0.006069	  0.058297	  0.015629
  0.021907	 -0.020630	  0.032963	 -0.003020	  0.005182	  0.042998	  0.046734
  0.038631	 -0.016544	  0.048230	  0.007496	 -0.010466	  0.036536	  0.065549
  0.043351	 -0.038812	  0.056846	 -0.003400	 -0.017276	  0.029441	  0.061653
  0.011137	 -0.048885	  0.034262	 -0.018509	  0.001634	  0.032101	  0.065264
  0.028020	 -0.062283	  0.041040	 -0.009672	 -0.025575	  0.035237	  0.091048
 -0.027887	  0.000751	  0.086843	  0.000559	 -0.024593	  0.013381	  0.117085
 -0.035394	  0.005724	  0.046362	 -0.002228	 -0.051042	  0.010087	  0.108849
 -0.015882	 -0.024019	  0.026153	  0.003315	 -0.019366	 -0.005054	  0.086201
  0.007589	 -0.015340	  0.044334	  0.012691	  0.019974	  0.018576	  0.097573
  0.006988	  0.006991	  0.053267	  0.030461	  0.056179	  0.019811	  0.129248
  0.006734	 -0.008657	  0.093843	  0.028908	  0.055546	  0.017404	  0.106917
  0.015096	  0.005565	  0.074109	  0.009175	  0.072429	  0.011607	  0.108057
  0.046867	  0.012914	  0.089947	 -0.013568	  0.064858	  0.035776	  0.094722
  0.004865	  0.021783	  0.080729	  0.019057	  0.048577	  0.036853	  0.076065
 -0.003782	  0.018552	  0.077530	  0.019723	  0.030047	  0.054591	  0.022851
 -0.022661	  0.021118	  0.094160	  0.041515	  0.012816	  0.037169	  0.033747
 -0.053069	  0.013453	  0.052443	  0.017125	 -0.042901	  0.038975	  0.042394
 -0.048729	  0.000022	  0.069294	  0.003315	 -0.012556	  0.045057	  0.070205
 -0.031245	 -0.014612	  0.067932	  0.010949	  0.018106	  0.053799	  0.071282
 -0.024086	 -0.027662	  0.038728	 -0.004477	  0.027482	  0.037740	  0.085061
 -0.023104	 -0.036404	  0.044683	  0.000559	  0.050414	  0.077840	  0.070902
 -0.048634	 -0.041377	  0.007654	  0.026089	  0.054754	  0.109262	  0.076287
 -0.065612	 -0.054491	 -0.002957	  0.055801	  0.052853	  0.114204	  0.073975
 -0.073214	 -0.083727	  0.005944	  0.039456	  0.062071	  0.072361	  0.032575
 -0.067386	 -0.123733	  0.012089	  0.042782	  0.070275	  0.054179	 -0.000557
 -0.033303	 -0.071437	  0.031823	  0.036447	  0.072270	  0.052722	  0.009072
 -0.024403	 -0.052115	  0.025678	 -0.022754	  0.075470	  0.010245	  0.007741
 -0.032955	 -0.052559	 -0.007708	 -0.017686	  0.093113	 -0.022285	 -0.060265
 -0.010275	 -0.034726	 -0.004446	 -0.004509	  0.062324	 -0.044870	 -0.100588
 -0.009769	 -0.045970	  0.042782	  0.023904	 -0.000044	 -0.052408	 -0.112023
  0.001666	 -0.045875	  0.049719	  0.026438	 -0.044168	 -0.090577	 -0.132675
  0.021717	 -0.024558	  0.096789	  0.009903	 -0.078694	 -0.139072	 -0.140309
  0.003282	 -0.007358	  0.112753	 -0.002735	 -0.063237	 -0.185318	 -0.163369
 -0.040019	 -0.009829	  0.111138	 -0.032193	 -0.068906	 -0.197323	 -0.149336
 -0.047272	 -0.055821	  0.077340	 -0.047714	 -0.051833	 -0.199920	 -0.124630
 -0.050503	 -0.023608	  0.073919	 -0.060606	 -0.063743	 -0.167580	 -0.117788
 -0.009357	 -0.017178	  0.063720	 -0.061176	 -0.091016	 -0.144774	 -0.107620
 -0.007171	 -0.010367	  0.068471	 -0.041252	 -0.092505	 -0.121872	 -0.099416
 -0.016991	 -0.013440	  0.060806	 -0.086453	 -0.088989	 -0.124185	 -0.081583
 -0.058454	 -0.014263	  0.054090	 -0.120346	 -0.071029	 -0.099446	 -0.025264
 -0.073436	 -0.016576	  0.045095	 -0.101847	 -0.038340	 -0.057096	 -0.003693
 -0.046544	 -0.046889	  0.022954	 -0.077172	  0.005721	 -0.025199	 -0.023807
 -0.016864	 -0.044545	 -0.023609	 -0.063647	  0.013734	  0.020033	 -0.037237
 -0.025543	 -0.051324	 -0.039637	 -0.050438	  0.007938	  0.028522	 -0.000494
 -0.003370	 -0.093958	 -0.069380	 -0.044388	  0.044048	  0.033748	  0.048603
 -0.004099	 -0.057722	 -0.082620	 -0.032352	  0.078542	  0.057442	  0.078726
  0.004105	 -0.036911	 -0.044990	 -0.014930	  0.041609	  0.112778	  0.117591
  0.034798	 -0.038907	 -0.010147	  0.007876	  0.053455	  0.110244	  0.122406
 -0.002800	 -0.087528	 -0.001246	  0.065272	  0.081805	  0.113855	  0.168652
 -0.042109	 -0.079578	 -0.004446	  0.086748	  0.075501	  0.120222	  0.192155
 -0.042268	 -0.086451	  0.051746	  0.048864	  0.039835	  0.119335	  0.144737
 -0.047494	 -0.083316	  0.080286	  0.031949	  0.018169	  0.093868	  0.154240
 -0.032005	 -0.066971	  0.068883	  0.034198	  0.041324	  0.102326	  0.100613
 -0.033589	 -0.037703	  0.061692	 -0.001690	  0.056813	  0.088990	  0.065961
 -0.013918	 -0.024906	  0.053837	 -0.016546	  0.051491	  0.041446	  0.020538
 -0.024593	 -0.012965	  0.066159	 -0.014677	  0.045220	  0.007743	 -0.022984
 -0.015660	 -0.031812	  0.077498	  0.026786	 -0.007171	 -0.008190	 -0.064288
 -0.005999	 -0.010304	  0.052728	  0.015193	 -0.039702	  0.050093	 -0.064668
 -0.004764	 -0.009892	  0.033343	  0.016872	 -0.020285	  0.048224	 -0.055387
 -0.019746	 -0.027124	  0.035275	  0.022890	  0.022065	  0.049111	 -0.016649
 -0.047462	 -0.054649	  0.042687	 -0.017464	  0.037301	  0.026717	 -0.026690
 -0.041602	 -0.088922	  0.040787	 -0.037895	  0.041957	  0.039513	 -0.032708
 -0.044992	 -0.081447	  0.049117	 -0.026682	  0.063718	  0.041065	 -0.029065
 -0.032100	 -0.084836	  0.057131	 -0.009957	  0.082977	  0.038753	 -0.058935
 -0.012905	 -0.118634	  0.074077	  0.010885	  0.114462	  0.030391	 -0.075533
 -0.003434	 -0.116670	  0.058557	 -0.015374	  0.075153	  0.003879	 -0.088995
  0.003567	 -0.105647	  0.070657	 -0.003939	  0.032455	 -0.026086	 -0.108095
  0.011802	 -0.090316	  0.064828	 -0.040999	  0.027386	 -0.044426	 -0.111484
 -0.023642	 -0.086737	  0.031759	 -0.075367	  0.007748	 -0.046929	 -0.116679
 -0.058802	 -0.076664	  0.007021	 -0.087815	 -0.014615	 -0.084717	 -0.131852
 -0.072581	 -0.073370	 -0.041727	 -0.063552	 -0.071187	 -0.134479	 -0.126340
 -0.102704	 -0.075397	 -0.054398	 -0.052370	 -0.076287	 -0.156303	 -0.144870
 -0.099695	 -0.060889	 -0.051737	 -0.088607	 -0.089812	 -0.153991	 -0.142653
 -0.101880	 -0.068143	 -0.033460	 -0.111065	 -0.133144	 -0.152027	 -0.133499
 -0.078726	 -0.110366	 -0.026555	 -0.095892	 -0.176032	 -0.175372	 -0.116933
 -0.050313	 -0.083442	 -0.013505	 -0.118603	 -0.118162	 -0.148163	 -0.121335
 -0.067734	 -0.062093	 -0.015089	 -0.073688	 -0.097794	 -0.136570	 -0.159504
 -0.069445	 -0.056835	 -0.016736	 -0.056678	 -0.069413	 -0.096215	 -0.144839
 -0.030991	 -0.070772	 -0.032668	 -0.057660	 -0.048951	 -0.094948	 -0.128019
 -0.030073	 -0.090696	 -0.040460	 -0.060194	 -0.044010	 -0.079522	 -0.116426
 -0.037548	 -0.078944	 -0.045814	 -0.065516	 -0.045277	 -0.093270	 -0.085004
 -0.033177	 -0.040459	 -0.010876	 -0.068271	 -0.040557	 -0.079174	 -0.087158
 -0.017276	 -0.018033	 -0.015975	 -0.080435	 -0.043503	 -0.107175	 -0.079809
 -0.013791	 -0.039572	 -0.010116	 -0.091299	 -0.025195	 -0.108474	 -0.067709
 -0.002072	 -0.082144	 -0.033935	 -0.081670	 -0.019335	 -0.081581	 -0.033563
 -0.020348	 -0.068080	 -0.026618	 -0.051167	 -0.027950	 -0.059377	 -0.028970
 -0.016579	 -0.111095	 -0.039605	 -0.032668	 -0.040082	 -0.045535	 -0.035622
  0.007368	 -0.103018	 -0.011509	 -0.051515	 -0.011986	 -0.058363	 -0.044174
 -0.013760	 -0.093800	  0.014148	 -0.051103	 -0.003212	 -0.042779	 -0.053709
  0.003313	 -0.094624	  0.045886	 -0.030324	  0.052632	 -0.010977	 -0.047120
 -0.008153	 -0.119901	  0.041040	 -0.010052	  0.110883	 -0.031281	 -0.045315
 -0.040874	 -0.111760	  0.051873	  0.042529	  0.100810	 -0.039136	 -0.030902
 -0.032195	 -0.113470	  0.014338	  0.056624	  0.068184	 -0.050128	 -0.044681
  0.008128	 -0.092470	  0.021021	  0.030714	 -0.001755	 -0.020638	 -0.046297
  0.015857	 -0.091108	  0.023017	 -0.009862	 -0.024213	 -0.051933	 -0.056749
  0.004200	 -0.085026	  0.031031	 -0.014423	 -0.017909	 -0.066441	 -0.043129
  0.003472	 -0.142675	  0.034610	 -0.022849	 -0.020253	 -0.069830	 -0.038029
  0.013829	 -0.124810	  0.049973	 -0.026492	 -0.026810	 -0.068309	 -0.050288
  0.010472	 -0.124557	  0.061217	 -0.032732	 -0.062698	 -0.049082	 -0.058840
 -0.039385	 -0.096999	  0.066634	 -0.049298	 -0.062065	 -0.028874	 -0.074488
 -0.046385	 -0.060414	  0.073761	 -0.095227	 -0.080595	 -0.058458	 -0.083420
 -0.082400	 -0.054333	  0.085196	 -0.090888	 -0.063553	 -0.079586	 -0.084244
 -0.069540	 -0.040047	  0.080032	 -0.051800	 -0.083414	 -0.100682	 -0.103281
 -0.095514	 -0.045369	  0.066539	 -0.082937	 -0.055223	 -0.099034	 -0.097389
 -0.089400	 -0.072261	  0.024696	 -0.061905	 -0.062856	 -0.135113	 -0.101190
 -0.091618	 -0.086040	  0.033438	 -0.063298	 -0.075400	 -0.138407	 -0.087950
 -0.079708	 -0.098583	  0.060869	 -0.062190	 -0.065074	 -0.133434	 -0.096724
 -0.063902	 -0.055980	  0.071575	 -0.066117	 -0.077966	 -0.176576	 -0.116838
 -0.046955	 -0.067700	  0.026755	 -0.040999	 -0.060956	 -0.181834	 -0.093366
 -0.033747	 -0.075935	 -0.033080	 -0.039827	 -0.085441	 -0.141353	 -0.085352
 -0.026208	 -0.101561	 -0.044768	 -0.052434	 -0.103052	 -0.137330	 -0.075596
 -0.028204	 -0.077741	 -0.040207	 -0.101309	 -0.116483	 -0.085287	 -0.083008
 -0.049585	 -0.081763	 -0.030483	 -0.068778	 -0.093962	 -0.087251	 -0.085732
 -0.023769	 -0.086578	 -0.050153	 -0.091204	 -0.071092	 -0.112623	 -0.078859
 -0.015027	 -0.056487	 -0.045022	 -0.082177	 -0.062381	 -0.083862	 -0.061564
 -0.041856	 -0.061206	 -0.038465	 -0.068271	 -0.104098	 -0.065617	 -0.064637
 -0.041982	 -0.074383	 -0.044040	 -0.052972	 -0.112302	 -0.032643	 -0.049084
 -0.050757	 -0.049328	 -0.030546	 -0.044642	 -0.088513	 -0.021968	 -0.051111
 -0.057630	 -0.034916	 -0.002735	 -0.052782	 -0.122533	 -0.047562	 -0.037364
 -0.026810	 -0.039762	  0.007243	 -0.073308	 -0.131845	 -0.015063	 -0.033500
 -0.052847	 -0.049486	 -0.009102	 -0.070679	 -0.099220	  0.013730	 -0.068184
 -0.028774	 -0.079831	  0.000717	 -0.078724	 -0.085948	 -0.002045	 -0.070750
 -0.036123	 -0.072578	  0.026786	 -0.081448	 -0.078916	 -0.005276	 -0.034197
 -0.013633	 -0.074256	  0.002175	 -0.052180	 -0.125605	 -0.012909	 -0.014811
 -0.037643	 -0.043816	 -0.016767	 -0.051895	 -0.085473	 -0.022507	 -0.029540
 -0.041856	 -0.042423	 -0.017274	 -0.021424	 -0.033684	 -0.040340	 -0.030902
 -0.062761	 -0.030671	  0.010442	  0.009555	 -0.038435	 -0.031661	 -0.013766
 -0.070870	 -0.072641	  0.009333	  0.014021	 -0.051960	 -0.062988	 -0.022825
 -0.070300	 -0.097823	 -0.061493	  0.004772	 -0.066024	 -0.086554	 -0.052442
 -0.064377	 -0.104475	 -0.068873	 -0.038116	 -0.070047	 -0.094315	 -0.116394
 -0.065771	 -0.112045	 -0.085915	 -0.052117	 -0.055064	 -0.083830	 -0.156115
 -0.049806	 -0.096746	 -0.060099	 -0.079326	 -0.058105	 -0.089722	 -0.194030
 -0.043408	 -0.114769	 -0.058705	 -0.081543	 -0.079011	 -0.129760	 -0.194791
 -0.095134	 -0.115941	 -0.014423	 -0.093707	 -0.090541	 -0.137900	 -0.230077
 -0.124687	 -0.124367	 -0.008563	 -0.085788	 -0.123863	 -0.173440	 -0.276544
 -0.125384	 -0.111728	 -0.032542	 -0.076950	 -0.122058	 -0.181105	 -0.287346
 -0.133651	 -0.111190	 -0.061176	 -0.071376	 -0.119492	 -0.221396	 -0.306573
 -0.139384	 -0.118000	 -0.068398	 -0.063900	 -0.115184	 -0.264411	 -0.250539
 -0.128456	 -0.127629	 -0.045307	 -0.083190	 -0.172960	 -0.275941	 -0.237204
 -0.092093	 -0.112013	 -0.036976	 -0.090381	 -0.189938	 -0.233021	 -0.218230
 -0.089939	 -0.099565	 -0.075113	 -0.130260	 -0.193359	 -0.184780	 -0.188075
 -0.108627	 -0.093800	 -0.068240	 -0.112680	 -0.185377	 -0.146928	 -0.157730
 -0.141823	 -0.079546	 -0.051832	 -0.108499	 -0.163552	 -0.187155	 -0.158015
 -0.140239	 -0.087813	 -0.050977	 -0.082113	 -0.149995	 -0.143887	 -0.141164
 -0.088260	 -0.117145	 -0.043375	 -0.103811	 -0.145592	 -0.086301	 -0.120100
 -0.081133	 -0.146920	 -0.031718	 -0.095259	 -0.129913	 -0.067708	 -0.100430
 -0.109673	 -0.169124	 -0.021360	 -0.089335	 -0.127379	 -0.049938	 -0.027798
 -0.094817	 -0.153698	 -0.019776	 -0.122468	 -0.124338	 -0.075595	  0.001280
 -0.085093	 -0.156581	 -0.044642	 -0.125224	 -0.125352	 -0.062069	  0.022882
 -0.031245	 -0.142200	 -0.074448	 -0.139414	 -0.092568	 -0.053897	 -0.005467
 -0.029376	 -0.145906	 -0.091553	 -0.104350	 -0.067608	  0.012019	  0.006316
 -0.061368	 -0.117208	 -0.094847	 -0.098743	 -0.036186	  0.035332	  0.046765
 -0.064567	 -0.121769	 -0.100549	 -0.072548	 -0.052530	  0.065741	  0.058675
 -0.083287	 -0.119964	 -0.089019	 -0.080055	 -0.070047	  0.063492	  0.050091
 -0.101025	 -0.105583	 -0.086485	 -0.080150	 -0.065232	  0.026907	  0.009515
 -0.103464	 -0.091805	 -0.090254	 -0.119332	 -0.039797	  0.003277	 -0.018581
 -0.113727	 -0.100705	 -0.080150	 -0.121296	 -0.039892	  0.019051	 -0.015983
 -0.102989	 -0.118063	 -0.037705	 -0.050216	 -0.066087	 -0.021683	 -0.024504
 -0.136343	 -0.111412	 -0.052117	 -0.015849	 -0.048127	 -0.085667	 -0.027545
 -0.094912	 -0.085660	 -0.062950	 -0.002640	 -0.063553	 -0.123361	 -0.019943
 -0.078504	 -0.079420	 -0.026808	  0.007401	 -0.054494	 -0.128049	 -0.011264
 -0.068463	 -0.087528	 -0.042393	 -0.037388	 -0.026462	 -0.100967	  0.005999
 -0.091174	 -0.140141	 -0.068398	 -0.033207	 -0.014520	 -0.093618	  0.029249
 -0.105998	 -0.155915	 -0.061905	 -0.034284	  0.013259	 -0.085541	  0.005429
 -0.111035	 -0.144702	 -0.090856	 -0.011858	 -0.026652	 -0.093745	 -0.014843
 -0.111288	 -0.131082	 -0.079294	 -0.017084	 -0.037548	 -0.079364	 -0.017092
 -0.147810	 -0.092850	 -0.064280	 -0.018351	 -0.026842	 -0.098148	 -0.010947
 -0.152878	 -0.106692	 -0.008658	 -0.056520	 -0.023959	 -0.083482	 -0.011580
 -0.158738	 -0.091963	 -0.048981	 -0.064027	 -0.017814	 -0.055576	 -0.029825
 -0.178566	 -0.066844	 -0.050628	 -0.074321	  0.008603	 -0.095107	 -0.061374
 -0.155887	 -0.062537	 -0.087562	 -0.054049	 -0.010909	 -0.108157	 -0.107462
 -0.099727	 -0.060604	 -0.087657	 -0.064407	 -0.046037	 -0.107112	 -0.146834
 -0.074830	 -0.078659	 -0.101911	 -0.089969	 -0.089812	 -0.141923	 -0.159187
 -0.076857	 -0.120122	 -0.058452	 -0.093612	 -0.064440	 -0.164761	 -0.152092
 -0.076350	 -0.152653	 -0.078756	 -0.102734	 -0.026778	 -0.141859	 -0.167360
 -0.093867	 -0.131810	 -0.082430	 -0.077679	 -0.046069	 -0.124565	 -0.158079
 -0.123736	 -0.168300	 -0.088734	 -0.083159	 -0.055761	 -0.151425	 -0.162482
 -0.140144	 -0.155028	 -0.095037	 -0.130577	 -0.059594	 -0.167105	 -0.183102
 -0.165294	 -0.134978	 -0.100897	 -0.142012	 -0.054051	 -0.160801	 -0.172206
 -0.188766	 -0.142200	 -0.124780	 -0.120789	 -0.046164	 -0.109171	 -0.162482
 -0.159530	 -0.165291	 -0.078471	 -0.084457	 -0.034222	 -0.080568	 -0.124946
 -0.152213	 -0.196460	 -0.082874	 -0.080973	 -0.037643	 -0.053580	 -0.123679
 -0.154937	 -0.188699	 -0.044071	 -0.097286	 -0.020538	 -0.084147	 -0.093968
 -0.161588	 -0.184487	 -0.043280	 -0.116259	 -0.031213	 -0.075690	 -0.072746
 -0.127918	 -0.170138	 -0.057375	 -0.096209	 -0.053576	 -0.086396	 -0.064383
 -0.092758	 -0.183948	 -0.056995	 -0.108309	 -0.002990	 -0.084400	 -0.048767
 -0.127981	 -0.178722	 -0.055728	 -0.106884	  0.011612	 -0.094442	 -0.041292
 -0.146574	 -0.208623	 -0.070140	 -0.092060	 -0.023294	 -0.088803	 -0.055197
 -0.136026	 -0.214641	 -0.079548	 -0.080593	 -0.052245	 -0.048132	 -0.068058
 -0.132257	 -0.199216	 -0.093928	 -0.063678	 -0.064535	 -0.019688	 -0.075945
 -0.123388	 -0.174509	 -0.085915	 -0.046130	 -0.060703	 -0.021367	 -0.065555
 -0.098745	 -0.147300	 -0.056076	 -0.051135	 -0.069920	 -0.020290	 -0.043319
 -0.093740	 -0.168744	 -0.069538	 -0.067638	 -0.052435	 -0.047879	 -0.017884
 -0.108532	 -0.122815	 -0.079231	 -0.087530	 -0.047051	 -0.015095	 -0.045758
 -0.024808	 -0.001197	  0.037584	 -0.002498	  0.024694	 -0.039694	 -0.028121
 -0.010934	 -0.003256	  0.041544	  0.013467	  0.008476	 -0.023888	 -0.006962
  0.010605	 -0.014976	  0.022665	  0.038300	 -0.017434	  0.002783	 -0.011904
  0.037434	 -0.017478	  0.017977	  0.023064	  0.011517	  0.029105	 -0.031637
  0.009243	 -0.031764	 -0.010879	 -0.004081	 -0.024909	  0.009054	 -0.019727
 -0.025600	 -0.042850	  0.016774	  0.016793	 -0.016674	 -0.030857	  0.002160
 -0.039474	 -0.016718	  0.028937	  0.002919	 -0.001945	 -0.032789	 -0.017922
 -0.032315	 -0.034076	  0.011199	  0.008779	  0.008381	 -0.028924	 -0.020614
 -0.030478	 -0.022103	 -0.005906	  0.009792	  0.019658	 -0.019263	 -0.015768
 -0.024618	  0.016604	 -0.010721	 -0.017068	  0.027925	  0.028788	 -0.030909
 -0.032854	  0.006025	 -0.023897	 -0.045228	  0.037301	  0.034110	 -0.035945
 -0.007133	  0.021229	 -0.015313	 -0.029232	  0.025898	  0.022326	  0.001970
  0.024162	  0.037542	 -0.003023	 -0.017480	  0.041102	  0.009434	  0.012898
  0.025302	  0.033202	 -0.002675	 -0.028693	  0.008951	 -0.010711	  0.043053
  0.032778	  0.028958	  0.008823	 -0.026476	 -0.031656	  0.007471	 -0.000405
  0.009496	  0.033804	 -0.001661	 -0.014186	 -0.048571	  0.029865	 -0.021786
  0.017510	  0.011790	 -0.043188	  0.003236	 -0.028679	 -0.008019	  0.001400
  0.031004	 -0.003130	 -0.049396	  0.026454	 -0.020000	 -0.005928	  0.090123
  0.027488	 -0.015325	 -0.041794	  0.030920	 -0.005144	  0.019982	  0.087018
  0.003193	  0.013722	  0.022950	  0.011218	 -0.018891	  0.007154	  0.003079
 -0.007577	  0.023129	  0.012688	  0.022051	 -0.020728	  0.020711	 -0.038352
  0.009370	  0.042166	 -0.009612	  0.033454	  0.003567	  0.070948	  0.057529
 -0.005486	  0.013658	 -0.003752	  0.048120	  0.059410	  0.107818	  0.107956
 -0.026867	  0.001780	  0.019118	  0.042006	  0.055071	  0.023150	  0.055565
  0.013709	 -0.011397	 -0.011481	  0.068899	  0.060487	 -0.015557	  0.016414
  0.023687	 -0.013392	 -0.019716	  0.040454	  0.069071	  0.007819	  0.052207
  0.043452	  0.008875	 -0.015282	  0.071148	  0.064890	  0.048680	  0.132187
  0.034868	  0.015147	 -0.017752	  0.102443	  0.046012	  0.056789	  0.107386
  0.025651	 -0.003890	 -0.001661	  0.082772	  0.020006	  0.028060	  0.088824
  0.029578	  0.005866	 -0.002200	  0.096678	  0.009743	 -0.009064	  0.035008
  0.030592	  0.020215	 -0.025545	  0.089994	  0.023585	 -0.021196	  0.063959
  0.018777	  0.038143	 -0.002168	  0.082329	  0.032423	  0.014186	  0.062914
 -0.010934	  0.049610	 -0.016897	  0.088347	 -0.016611	  0.034331	  0.047424
 -0.007418	  0.052017	  0.018547	  0.069690	 -0.037231	  0.050106	  0.014989
  0.022863	  0.034374	  0.044553	  0.028829	 -0.024498	  0.044974	  0.071371
  0.020329	  0.014419	  0.017597	  0.041183	 -0.012809	  0.060147	  0.121956
  0.043611	  0.051795	 -0.003815	  0.022241	 -0.011289	  0.057042	  0.064687
  0.050009	  0.033044	 -0.027603	  0.019992	  0.014051	  0.065151	  0.012803
  0.059448	  0.025188	 -0.012336	  0.014259	  0.001761	  0.077790	  0.021387
  0.043642	  0.023668	  0.014778	  0.023349	  0.000367	  0.083365	  0.082235
  0.033189	  0.054361	  0.051046	  0.038490	  0.003250	  0.060875	  0.086733
  0.014058	  0.043908	  0.060391	  0.014860	 -0.020697	  0.059798	  0.004599
  0.005125	  0.034627	  0.060612	  0.018345	 -0.001343	  0.017955	 -0.016718
 -0.024080	 -0.003668	  0.013669	  0.016159	 -0.001438	  0.035440	  0.057655
 -0.023509	 -0.008008	  0.021367	  0.029146	  0.002331	  0.051214	  0.079575
 -0.019993	 -0.004143	  0.011547	  0.051224	 -0.013158	  0.019697	  0.050117
 -0.002509	  0.011314	 -0.025006	  0.036020	 -0.032005	  0.003448	  0.012771
  0.011238	 -0.021153	 -0.014775	  0.043178	 -0.027950	 -0.027055	  0.044732
 -0.012581	 -0.032841	 -0.045658	  0.012041	 -0.013031	 -0.031807	  0.092973
  0.015134	 -0.053208	 -0.028459	  0.045174	 -0.047019	 -0.031522	  0.035704
  0.010605	 -0.035058	 -0.036441	  0.047644	 -0.017181	 -0.030286	 -0.035407
 -0.018346	 -0.051498	 -0.033907	  0.034626	 -0.007488	 -0.034087	 -0.037244
 -0.016034	 -0.060113	 -0.001313	  0.031268	 -0.006189	 -0.021196	  0.010744
 -0.036718	 -0.056186	  0.034892	  0.017394	  0.027038	  0.016308	  0.002699
 -0.032664	 -0.040506	  0.017724	  0.053409	  0.023174	  0.032051	 -0.019854
 -0.040614	 -0.014628	  0.012022	  0.066396	  0.008065	  0.044024	 -0.065308
 -0.056483	 -0.002179	 -0.041636	  0.065161	 -0.013253	  0.025747	  0.026962
 -0.056293	  0.030795	 -0.026051	  0.060315	 -0.028552	  0.036802	  0.100037
 -0.043275	  0.009952	 -0.008820	  0.053979	 -0.035046	  0.041141	  0.088824
 -0.037668	  0.017586	 -0.018259	  0.048468	 -0.006158	  0.025906	  0.005740
 -0.013500	  0.027691	 -0.000363	  0.042291	  0.024726	  0.013331	 -0.021976
 -0.039632	  0.043148	 -0.021268	  0.065383	  0.036667	  0.009720	  0.011790
 -0.026455	  0.019392	  0.016489	  0.060853	  0.050890	  0.000914	  0.042515
 -0.031713	  0.005708	  0.005371	  0.059681	  0.014906	  0.034901	 -0.061064
 -0.048533	  0.017048	 -0.028902	  0.086352	 -0.002990	  0.068731	 -0.090300
 -0.057814	  0.001052	 -0.016295	  0.073682	 -0.021869	  0.050137	 -0.037434
 -0.070326	  0.006341	 -0.039925	  0.073872	 -0.009389	  0.023720	  0.014640
 -0.056864	  0.027912	 -0.052880	  0.040993	 -0.014362	  0.000534	 -0.025017
 -0.067158	  0.008812	 -0.064442	  0.008684	 -0.035552	  0.006584	 -0.072213
 -0.027849	 -0.005093	 -0.030106	  0.021861	 -0.038657	  0.036359	 -0.040316
 -0.038777	  0.018188	 -0.020762	  0.025725	 -0.020538	  0.047762	 -0.007564
 -0.019867	 -0.023433	 -0.034129	  0.030635	 -0.012144	  0.035123	 -0.000881
 -0.027659	 -0.061507	 -0.039038	  0.024458	  0.009173	  0.010448	 -0.043009
 -0.060379	 -0.034140	 -0.019463	  0.018408	 -0.009895	  0.025494	 -0.078422
 -0.105263	 -0.040063	  0.002932	  0.008177	 -0.040494	  0.044879	  0.015971
 -0.110965	  0.001653	  0.008253	 -0.000724	 -0.052277	  0.020774	  0.053411
 -0.082299	 -0.007944	  0.010977	 -0.022136	 -0.058010	  0.046621	 -0.017795
 -0.074728	 -0.005822	 -0.014807	 -0.009244	 -0.013380	  0.032652	 -0.065657
 -0.054298	  0.020215	 -0.041636	 -0.026919	 -0.028552	 -0.018535	 -0.046430
 -0.029116	  0.031903	 -0.056460	 -0.042567	 -0.023706	 -0.000512	  0.016192
 -0.007545	  0.000418	 -0.073881	 -0.035503	  0.009775	  0.021851	  0.006056
  0.002179	  0.012201	 -0.067578	 -0.032779	 -0.019588	  0.029358	 -0.070313
 -0.026170	  0.013817	 -0.050188	  0.020372	 -0.000076	  0.021915	 -0.077250
 -0.052081	  0.009604	 -0.019114	  0.028861	  0.002458	  0.026539	 -0.006550
 -0.057497	 -0.007564	 -0.030518	 -0.001009	 -0.001058	  0.041838	  0.009636
 -0.076217	  0.017523	 -0.011196	 -0.002308	 -0.039702	 -0.008589	 -0.037149
 -0.079638	 -0.001166	  0.010217	 -0.032209	 -0.039448	 -0.052396	 -0.066765
 -0.084991	 -0.022990	  0.013131	 -0.050422	 -0.035394	 -0.052047	 -0.000247
 -0.089109	 -0.008356	  0.018484	 -0.044119	 -0.004289	 -0.021861	  0.016002
 -0.073873	 -0.010637	 -0.012463	  0.023603	  0.022002	 -0.037160	 -0.037339
 -0.066176	 -0.013234	 -0.002897	  0.066333	  0.030966	 -0.037255	 -0.082033
 -0.043908	  0.021672	 -0.011132	  0.051129	 -0.009357	 -0.023033	 -0.079435
 -0.031967	  0.027025	 -0.024151	  0.026707	 -0.009547	 -0.028608	  0.000038
 -0.059809	  0.038333	 -0.059247	  0.013118	  0.007051	 -0.014829	  0.004948
 -0.064085	  0.030668	 -0.085094	  0.009856	  0.014748	 -0.014607	 -0.047412
 -0.068520	  0.041628	 -0.064188	  0.004154	  0.034798	 -0.010743	 -0.088811
 -0.091010	  0.037383	 -0.002105	  0.042956	  0.059442	  0.016878	 -0.040760
 -0.102983	  0.053981	  0.037014	  0.069659	  0.051080	  0.034933	  0.003681
 -0.128988	  0.046981	  0.020670	  0.060790	  0.004454	  0.006647	 -0.046303
 -0.063927	  0.076724	  0.003343	  0.061740	 -0.006443	 -0.001589	 -0.069679
 -0.025030	  0.070927	  0.007556	  0.041056	  0.001001	  0.043612	 -0.027044
 -0.020595	  0.056800	  0.000999	  0.025472	 -0.010434	  0.038037	  0.003174
 -0.036686	  0.064782	 -0.004607	  0.045586	 -0.014108	  0.050866	 -0.027868
 -0.043275	  0.022337	 -0.043568	  0.006878	 -0.045182	  0.034870	 -0.094196
 -0.022337	  0.015052	 -0.058043	 -0.011842	 -0.036629	  0.021915	 -0.064390
  0.003478	 -0.012886	 -0.031119	 -0.033761	 -0.040779	  0.022833	 -0.026823
 -0.011219	  0.005708	 -0.014300	 -0.004145	 -0.025543	  0.009054	 -0.027013
  0.009908	  0.005993	 -0.029441	  0.012675	 -0.035014	  0.013299	 -0.082856
 -0.005074	  0.008717	 -0.038183	  0.029653	 -0.035362	 -0.023951	 -0.094323
 -0.020912	  0.025188	 -0.020667	  0.003806	 -0.030769	 -0.019105	 -0.052543
 -0.016066	  0.009446	 -0.027698	 -0.000185	  0.002933	  0.019159	  0.004251
 -0.026012	 -0.038511	 -0.015884	 -0.003701	  0.023395	  0.027046	 -0.015039
 -0.011599	 -0.016433	  0.012593	  0.001747	  0.041387	  0.002751	 -0.124794
 -0.015020	 -0.058593	  0.009140	  0.015716	  0.036921	 -0.012897	 -0.155836
 -0.043338	 -0.051118	  0.002076	  0.005643	  0.059188	  0.027838	 -0.041995
 -0.058954	 -0.023687	  0.017249	 -0.010005	  0.070592	 -0.003742	 -0.035312
 -0.031872	 -0.025777	  0.043888	 -0.006109	 -0.000393	 -0.052269	 -0.133030
 -0.024713	 -0.075824	  0.066726	  0.016413	  0.032455	 -0.085433	 -0.195684
  0.012474	 -0.080006	  0.076513	  0.023223	  0.062419	 -0.055151	 -0.111174
  0.023465	 -0.076870	  0.082563	  0.036210	  0.059980	 -0.040011	 -0.001134
  0.007912	 -0.072752	  0.042367	 -0.005190	  0.025074	 -0.045617	  0.014134
  0.006709	 -0.036990	  0.022697	 -0.050169	 -0.009357	 -0.059681	 -0.064833
 -0.025093	 -0.028755	  0.031059	 -0.035313	 -0.024751	 -0.059934	 -0.093848
 -0.031713	 -0.031511	  0.017914	 -0.012697	 -0.027697	 -0.017141	 -0.069204
 -0.031903	 -0.037624	 -0.003308	  0.002570	 -0.017624	  0.010480	 -0.028026
 -0.043306	 -0.047950	  0.021525	  0.004123	 -0.034222	  0.015896	 -0.037877
 -0.007798	 -0.059955	  0.030457	  0.030983	 -0.037991	  0.007977	 -0.063439
 -0.003079	 -0.028850	  0.018959	  0.043178	 -0.026367	 -0.006783	 -0.077852
 -0.031302	  0.013025	  0.020131	  0.025345	 -0.006823	 -0.020720	 -0.066924
 -0.017491	  0.036496	 -0.011576	  0.018820	 -0.023294	 -0.054011	 -0.041330
  0.004650	  0.027627	 -0.006571	  0.023603	 -0.004352	  0.000692	 -0.055774
 -0.005771	  0.007450	 -0.040179	  0.033834	  0.008033	 -0.021417	 -0.074209
 -0.017523	  0.023161	 -0.055351	  0.038078	  0.042876	  0.004208	 -0.098884
  0.003256	 -0.003636	 -0.041794	  0.067822	  0.029414	  0.015294	 -0.089508
 -0.008685	 -0.029515	 -0.046387	  0.105230	  0.047437	 -0.002697	 -0.051086
 -0.022432	 -0.013551	 -0.046894	  0.048816	  0.035432	  0.020394	  0.008875
  0.009338	 -0.016243	 -0.054242	 -0.005253	  0.002331	  0.005665	  0.038143
  0.031035	 -0.018745	 -0.036694	 -0.017005	 -0.013760	 -0.013023	  0.005138
  0.003446	 -0.032651	 -0.022472	 -0.059830	 -0.027950	 -0.006435	 -0.034900
 -0.015369	 -0.002274	 -0.017404	 -0.052196	 -0.018511	 -0.016603	 -0.019917
 -0.033614	 -0.016655	 -0.016264	 -0.058721	 -0.019240	 -0.011408	 -0.021026
 -0.020374	 -0.002116	  0.013289	 -0.056124	 -0.015945	 -0.038269	 -0.030529
 -0.023288	 -0.024700	  0.041829	 -0.041363	  0.014843	 -0.081759	 -0.010573
 -0.026962	 -0.038352	  0.031819	 -0.024987	  0.013608	 -0.055880	  0.012011
 -0.011980	 -0.050009	  0.010724	 -0.016942	  0.000462	 -0.055975	 -0.014944
 -0.027564	 -0.019759	  0.025960	  0.003774	 -0.015122	 -0.032789	 -0.028280
 -0.009319	 -0.001736	  0.040752	  0.016159	  0.007843	  0.010638	 -0.009718
 -0.020532	  0.005771	  0.021557	  0.040929	 -0.021552	  0.038196	 -0.021216
 -0.030890	  0.022559	  0.025326	  0.047391	 -0.027348	  0.070790	 -0.042850
 -0.033867	 -0.008324	  0.041354	  0.011408	 -0.036503	  0.088433	 -0.082445
 -0.018600	  0.014957	  0.058617	  0.005548	 -0.011733	  0.075382	 -0.094893
 -0.025252	  0.012455	  0.087188	  0.021766	 -0.003687	  0.052323	 -0.075318
  0.002781	  0.015147	  0.092256	  0.016381	 -0.006411	 -0.006308	 -0.058910
 -0.048311	  0.018188	  0.097482	 -0.035187	 -0.017054	  0.025050	 -0.042470
 -0.012201	  0.054329	  0.098844	 -0.050993	 -0.021267	  0.007566	 -0.027741
  0.009686	  0.054234	  0.089532	 -0.037182	  0.002838	  0.016435	  0.007513
 -0.011124	  0.055660	  0.090989	 -0.026032	  0.002141	  0.054762	  0.029591
 -0.003047	  0.029749	  0.070938	 -0.035820	 -0.014393	  0.062617	  0.051289
  0.046430	  0.007165	  0.062988	 -0.026729	 -0.026113	  0.069871	  0.015907
  0.061951	 -0.012949	  0.080409	 -0.001674	  0.001824	  0.024924	 -0.010066
  0.026664	 -0.003763	  0.055418	 -0.000122	  0.008540	  0.011398	  0.028134
 -0.030795	  0.006500	  0.055037	  0.018440	  0.007811	 -0.000448	  0.030446
 -0.058986	  0.035609	  0.043919	  0.008589	  0.010725	 -0.013879	  0.012835
 -0.070991	  0.044352	  0.028842	  0.036938	  0.010630	 -0.013435	  0.033075
 -0.060443	  0.034786	 -0.000743	  0.005200	  0.030744	 -0.023540	  0.019233
 -0.104757	  0.042736	 -0.001661	 -0.002941	  0.048229	 -0.025092	 -0.002781
 -0.111503	  0.050940	  0.009805	 -0.055966	  0.048799	  0.017227	 -0.013804
 -0.081190	  0.059271	  0.040118	 -0.011525	  0.024409	  0.025747	  0.012867
 -0.048248	  0.113942	  0.030774	 -0.003543	  0.045980	  0.043676	  0.001875
 -0.035356	  0.078561	  0.043191	 -0.014027	  0.054279	  0.033318	  0.014609
 -0.014894	  0.077231	  0.037363	 -0.034965	  0.070116	  0.019761	  0.004187
  0.010351	  0.038967	  0.052567	 -0.004778	  0.035337	  0.004176	 -0.009623
  0.031606	  0.005043	  0.055608	  0.009951	  0.040247	  0.003385	 -0.017573
  0.026791	 -0.001926	  0.052567	  0.006245	  0.054881	  0.010511	 -0.039968
  0.035185	  0.025410	  0.034290	  0.008620	  0.069926	  0.029517	 -0.043547
  0.027520	  0.064782	  0.014303	  0.032630	  0.064637	  0.048902	 -0.037782
  0.035217	  0.072258	  0.008221	  0.010774	  0.009363	  0.050929	 -0.008989
  0.016180	  0.092150	  0.028145	 -0.002308	 -0.007456	  0.034205	  0.005264
  0.014976	  0.092245	  0.051521	 -0.008548	  0.000874	  0.035915	 -0.009180
 -0.005423	  0.063262	  0.036349	 -0.011303	 -0.001913	  0.015643	 -0.040475
 -0.031492	  0.047551	  0.025833	 -0.015484	 -0.021647	 -0.026960	 -0.059955
 -0.019803	  0.024396	  0.025168	  0.011186	  0.003218	 -0.017585	 -0.044941
 -0.007577	 -0.005315	  0.023425	 -0.005412	  0.018454	  0.002783	 -0.020614
  0.005378	  0.021229	  0.023109	 -0.010670	  0.015730	 -0.003521	 -0.004903
  0.001007	  0.044669	  0.038788	 -0.035028	 -0.037991	  0.019412	 -0.012030
  0.010415	  0.007640	  0.035367	 -0.028756	 -0.063205	  0.007724	 -0.013487
  0.013962	  0.019898	  0.011357	 -0.024354	 -0.073436	  0.029168	 -0.015768
 -0.004758	 -0.000912	  0.000746	 -0.003036	 -0.063363	  0.000185	 -0.026538
 -0.018125	  0.003617	  0.013479	 -0.010860	 -0.034982	 -0.058667	 -0.029959
 -0.062597	  0.012993	  0.036222	 -0.003955	 -0.015153	 -0.076342	  0.000165
 -0.062502	  0.024175	  0.039485	 -0.029833	 -0.015439	 -0.036780	  0.049483
 -0.063642	 -0.007247	  0.072047	 -0.034806	 -0.012968	 -0.028069	 -0.001704
 -0.083344	  0.015527	  0.068183	 -0.026539	 -0.004637	  0.003131	 -0.026284
 -0.044383	  0.016192	  0.077274	  0.000258	  0.005340	 -0.007290	 -0.027551
 -0.022559	 -0.015863	  0.113573	 -0.006742	  0.008223	  0.008928	 -0.003510
 -0.015749	 -0.007754	  0.087188	  0.020087	  0.011454	  0.037752	 -0.019126
 -0.010047	 -0.022230	  0.096215	  0.014860	  0.021305	  0.010226	 -0.008768
  0.022642	 -0.018460	  0.067993	  0.025979	  0.021210	  0.013996	 -0.005854
  0.040285	 -0.003066	  0.075658	 -0.008484	 -0.036851	  0.035978	 -0.022293
  0.042470	 -0.000691	  0.071857	 -0.005032	 -0.046829	  0.039178	 -0.021248
  0.027488	 -0.000691	  0.065744	  0.032789	 -0.032068	  0.039621	  0.012518
  0.012094	 -0.014406	  0.081740	  0.031490	 -0.044295	  0.028376	  0.051225
  0.017352	 -0.000944	  0.045091	  0.033169	 -0.047304	  0.027458	  0.065859
  0.009275	  0.031080	  0.000334	  0.024331	 -0.057820	  0.019476	  0.028736
  0.025872	  0.058764	 -0.010055	  0.025979	 -0.041064	  0.008928	  0.025347
  0.018270	  0.063167	  0.011927	  0.014544	 -0.026398	  0.020236	  0.027057
  0.014311	  0.054868	  0.007524	  0.023413	 -0.033684	  0.022580	  0.039759
  0.020234	  0.065701	  0.031439	  0.016254	 -0.046290	  0.014154	  0.011061
  0.009876	  0.099879	  0.035620	  0.050844	 -0.044643	  0.013457	 -0.011460
 -0.012993	  0.102096	  0.087536	  0.043938	  0.023807	  0.019254	 -0.019126
 -0.010396	  0.098580	  0.084495	  0.025757	  0.030681	  0.010131	  0.010586
 -0.003237	  0.089489	  0.094790	  0.045110	  0.019531	  0.017892	  0.046157
 -0.005359	  0.053759	  0.096437	  0.023888	 -0.000805	  0.044784	  0.049008
