:RUN-6	LEVEL SWEEP	TEMP:NaN	8/27/2019	11:51 AM	HR:-540.43:SW EAR: R	SW FREQ: 32.00	# AVERAGES: 512	REP RATE (/sec): 80	DRIVER: 	SAMPLE (µsec): 40	MASKER dB: 2147483647:NOTES-:CHAMBER-SEWELL-PXI1:CFTS Version: V2.7.2 (R850):LEVELS:20;30;40;50;60;70;80;:DATA -0.045546	 -0.022732	 -0.024588	  0.011763	 -0.018465	 -0.030752	 -0.097416
  0.012040	 -0.029510	  0.014373	  0.026238	 -0.014411	 -0.023055	 -0.098556
  0.027402	 -0.042592	  0.042912	  0.023356	 -0.042728	 -0.023562	 -0.085189
  0.014004	 -0.010854	  0.024731	  0.014518	  0.026894	 -0.013869	 -0.059722
  0.022461	 -0.007623	  0.043007	  0.019143	  0.046723	 -0.018177	 -0.049079
  0.007162	  0.021043	  0.020834	  0.012238	  0.031519	 -0.015770	 -0.062985
 -0.027966	  0.005428	 -0.004411	 -0.007781	 -0.004908	  0.002697	 -0.059817
  0.007795	  0.022311	 -0.017113	 -0.017822	 -0.035728	 -0.016055	 -0.012336
  0.003424	  0.003749	 -0.002510	 -0.018044	 -0.037977	 -0.015865	 -0.000521
 -0.005445	  0.023356	  0.028943	 -0.005912	 -0.063127	 -0.020901	  0.025738
 -0.027206	  0.017179	  0.025712	 -0.020958	 -0.057679	 -0.025240	  0.036792
 -0.017070	  0.012048	  0.008956	 -0.017220	 -0.000790	 -0.021249	  0.028018
 -0.031292	  0.009229	  0.009336	 -0.034578	  0.007540	 -0.022833	  0.006226
 -0.030817	  0.011699	  0.013454	 -0.050416	 -0.029108	 -0.035282	 -0.026938
 -0.025115	 -0.005342	 -0.012868	 -0.033280	 -0.023913	 -0.014503	 -0.018323
 -0.007504	  0.009989	 -0.016986	 -0.028972	  0.012513	  0.016096	 -0.003942
  0.001777	 -0.027103	 -0.043276	  0.003622	  0.029871	  0.057210	  0.062133
  0.014669	 -0.020134	 -0.046666	  0.051959	  0.056067	  0.061106	  0.108410
  0.048340	  0.014518	 -0.030226	  0.038053	  0.054546	  0.073618	  0.145249
  0.058888	  0.015342	 -0.033615	  0.034094	  0.063162	  0.086383	  0.162258
  0.032470	 -0.007876	 -0.029846	  0.031465	  0.065981	  0.065161	  0.174137
  0.004406	 -0.013894	 -0.032000	  0.023704	  0.057239	  0.065921	  0.120669
  0.012958	 -0.015003	 -0.017683	  0.023451	  0.057967	  0.068645	  0.125768
  0.009347	  0.004002	 -0.031747	  0.012206	  0.051696	  0.047074	  0.088455
  0.035194	  0.015975	 -0.056358	  0.030514	  0.028383	  0.012675	  0.077717
  0.010329	 -0.004677	 -0.032633	  0.041569	  0.028034	  0.021196	  0.123900
  0.071368	 -0.021148	 -0.001845	  0.065421	  0.034148	  0.026897	  0.174517
  0.076689	 -0.029922	 -0.014515	  0.055601	  0.030347	  0.059839	  0.209835
  0.085051	  0.008373	 -0.015244	  0.047429	  0.059900	  0.096139	  0.231881
  0.120021	 -0.023840	 -0.013185	  0.044452	  0.067438	  0.137159	  0.260769
  0.094142	 -0.040090	 -0.017714	  0.025668	  0.086570	  0.191577	  0.287408
  0.057906	 -0.084435	 -0.032919	  0.031116	  0.103421	  0.169088	  0.287439
  0.094554	 -0.041832	 -0.015212	  0.032003	  0.110200	  0.191799	  0.238026
  0.084291	 -0.003632	  0.006517	  0.048506	  0.125404	  0.238805	  0.193680
  0.091101	  0.026080	  0.016495	  0.083919	  0.104087	  0.249955	  0.166091
  0.080427	  0.035139	  0.040473	  0.099123	  0.100729	  0.208903	  0.121080
  0.069119	  0.048854	  0.001798	  0.109069	  0.109345	  0.159395	  0.067074
  0.036905	  0.022881	  0.001259	  0.113440	  0.077289	  0.109538	 -0.042523
  0.003709	  0.025161	  0.015893	  0.103843	  0.041084	  0.058256	 -0.153259
  0.001619	  0.032637	  0.015323	  0.051103	  0.015269	 -0.002909	 -0.210465
  0.030126	  0.025731	  0.019409	  0.031021	 -0.035411	 -0.068351	 -0.252150
  0.042163	  0.019555	 -0.000071	 -0.011107	 -0.091350	 -0.121058	 -0.264915
  0.018407	 -0.011550	 -0.022751	 -0.061091	 -0.156221	 -0.140507	 -0.270458
  0.026705	 -0.029257	 -0.028072	 -0.070783	 -0.125369	 -0.136041	 -0.309799
  0.019737	 -0.037112	 -0.053159	 -0.068313	 -0.135949	 -0.142724	 -0.321329
  0.018121	 -0.002808	 -0.104822	 -0.077403	 -0.133383	 -0.107691	 -0.308183
  0.025850	 -0.027832	 -0.124143	 -0.091341	 -0.100346	 -0.096447	 -0.210877
  0.040516	 -0.044144	 -0.145398	 -0.064353	 -0.090051	 -0.070251	 -0.137865
  0.012673	 -0.005817	 -0.129433	 -0.046932	 -0.036932	 -0.047667	 -0.019273
  0.030348	 -0.003727	 -0.116225	 -0.045443	 -0.000030	  0.014639	  0.088138
  0.023886	  0.009419	 -0.116953	 -0.023302	  0.024898	  0.063355	  0.216075
  0.021954	 -0.027388	 -0.120754	 -0.035719	  0.025944	  0.097913	  0.267104
  0.012388	 -0.033280	 -0.090758	 -0.003568	  0.039976	  0.144666	  0.255574
  0.014542	 -0.031569	 -0.103935	  0.034601	  0.061610	  0.163259	  0.226939
  0.010171	 -0.028275	 -0.094337	  0.070140	  0.069656	  0.183246	  0.162765
 -0.025654	 -0.034578	 -0.063295	  0.089399	  0.024962	  0.191229	  0.146864
 -0.007441	 -0.046868	 -0.032095	  0.072358	  0.011531	  0.144603	  0.149176
  0.036018	 -0.024252	 -0.044322	  0.068747	  0.028731	  0.118090	  0.143855
  0.029778	 -0.021813	 -0.010207	  0.094277	  0.050112	  0.092623	  0.131692
  0.050399	 -0.048547	 -0.007198	  0.096684	  0.061705	  0.051414	  0.113985
  0.011881	 -0.046362	 -0.002637	  0.057628	  0.033767	  0.040391	  0.084781
  0.002854	 -0.012089	 -0.010619	  0.083856	 -0.003166	  0.018471	  0.069861
  0.008017	  0.012935	 -0.023828	  0.051959	 -0.027936	  0.005928	  0.028684
 -0.015169	 -0.002840	 -0.062947	  0.034189	 -0.011972	  0.032662	 -0.019780
 -0.025559	 -0.000812	 -0.067033	  0.026492	  0.003201	 -0.012570	 -0.059500
 -0.024450	 -0.033755	 -0.082015	  0.027157	 -0.001677	 -0.042947	 -0.076573
 -0.031545	 -0.023904	 -0.072829	  0.029628	 -0.016691	 -0.074401	 -0.101565
 -0.013966	 -0.005659	 -0.071151	 -0.020831	 -0.032117	 -0.072627	 -0.120285
 -0.002468	 -0.003822	 -0.058164	 -0.019723	 -0.041683	 -0.062744	 -0.139892
  0.001048	 -0.016048	 -0.011284	 -0.062928	 -0.079915	 -0.046146	 -0.149553
 -0.031926	 -0.037049	 -0.005995	 -0.069231	 -0.087074	 -0.087609	 -0.141730
 -0.024704	  0.004541	 -0.028547	 -0.088711	 -0.058598	 -0.115388	 -0.105430
  0.007067	  0.026017	 -0.048091	 -0.064923	 -0.071838	 -0.092487	 -0.098049
  0.020370	  0.028139	 -0.061933	 -0.064828	 -0.040258	 -0.055712	 -0.060672
  0.026864	 -0.006704	 -0.066811	 -0.075344	 -0.016470	  0.005136	 -0.056016
  0.061041	 -0.043891	 -0.064911	 -0.081996	  0.011056	  0.036051	 -0.017404
  0.059901	 -0.055136	 -0.091201	 -0.073539	  0.015966	  0.042133	  0.005846
  0.022714	 -0.100748	 -0.099975	 -0.035560	  0.013305	  0.053283	  0.023711
 -0.013617	 -0.057321	 -0.094590	 -0.015351	  0.019133	  0.084768	  0.042621
 -0.014441	 -0.035560	 -0.091898	  0.005554	  0.032754	  0.122493	  0.046485
 -0.008486	 -0.039805	 -0.070010	  0.023958	  0.026989	  0.109348	  0.053042
 -0.004716	 -0.031823	 -0.068965	  0.036153	  0.020020	  0.096203	  0.090957
 -0.017672	 -0.029352	 -0.106279	  0.007423	  0.004848	  0.071148	  0.121841
 -0.016500	 -0.039488	 -0.098455	 -0.036447	 -0.008551	  0.083881	  0.099668
  0.002220	 -0.027515	 -0.074603	 -0.050574	  0.023758	  0.077926	  0.096120
  0.037950	 -0.007053	 -0.067001	 -0.032519	  0.012450	  0.088379	  0.121746
  0.020782	 -0.026881	 -0.055186	 -0.025646	  0.049447	  0.080935	  0.100048
  0.028733	 -0.023872	 -0.057023	 -0.015351	  0.046469	  0.053156	  0.140592
  0.012008	 -0.053774	 -0.064657	  0.011383	  0.049320	  0.037350	  0.192825
  0.012357	 -0.079557	 -0.071436	 -0.008890	  0.036682	  0.044002	  0.195359
  0.022904	 -0.072937	 -0.078214	 -0.011455	  0.044949	  0.080365	  0.200142
  0.039882	 -0.055009	 -0.097378	  0.010242	  0.021636	  0.092750	  0.186395
  0.076372	 -0.029890	 -0.103935	  0.013853	  0.014857	  0.091198	  0.210373
  0.078463	 -0.030271	 -0.054996	  0.036058	 -0.009564	  0.065604	  0.204133
  0.065128	 -0.025646	 -0.072798	  0.040936	 -0.003990	  0.044160	  0.197735
  0.077449	 -0.016397	 -0.059367	  0.049710	  0.002789	  0.027594	  0.163367
  0.084640	  0.003622	 -0.087083	  0.051737	 -0.004971	 -0.010480	  0.164222
  0.059774	 -0.013039	 -0.075585	  0.040555	 -0.021759	 -0.023720	  0.158647
  0.069087	 -0.028718	 -0.083156	  0.094213	  0.006590	  0.025947	  0.202739
  0.064304	 -0.016999	 -0.074540	  0.097096	  0.013115	  0.031047	  0.163715
  0.061358	 -0.013356	 -0.062852	  0.074226	  0.054008	  0.018915	  0.124882
  0.013307	 -0.019438	 -0.041629	  0.026682	  0.073963	  0.032314	  0.102392
 -0.003513	 -0.033818	 -0.013850	  0.000898	  0.084701	  0.042101	  0.123995
 -0.003608	 -0.015003	 -0.048725	 -0.015415	  0.089579	  0.039472	  0.119307
 -0.023183	  0.005301	 -0.090473	  0.017718	  0.076529	  0.034151	  0.104356
 -0.030595	 -0.020800	 -0.084138	  0.021424	  0.068610	  0.045871	  0.036602
 -0.015296	 -0.048484	 -0.070992	 -0.005659	  0.055592	  0.059523	  0.055196
 -0.010798	 -0.043194	 -0.064024	 -0.034420	  0.068579	  0.052491	  0.036317
 -0.024735	 -0.043067	 -0.088984	 -0.048294	  0.068800	  0.057020	  0.040815
 -0.024767	 -0.021591	 -0.056707	 -0.012817	  0.042700	  0.017331	  0.017122
 -0.001169	  0.022659	 -0.032222	 -0.035877	  0.051696	  0.022811	 -0.001851
  0.031805	  0.063964	 -0.061300	 -0.026565	  0.072190	  0.033834	 -0.016485
  0.071146	  0.029881	 -0.075902	 -0.015985	  0.073140	  0.050147	 -0.033305
  0.078748	  0.001151	 -0.083187	  0.015500	  0.084606	  0.015304	 -0.058962
  0.035923	 -0.032044	 -0.066051	  0.015912	  0.017075	  0.035925	 -0.071632
  0.048878	 -0.041864	 -0.045557	  0.021107	 -0.035887	  0.007955	 -0.074134
  0.028859	 -0.048896	 -0.032982	 -0.006894	 -0.033226	 -0.005190	 -0.080628
  0.016854	 -0.034072	 -0.037733	 -0.015130	  0.014857	  0.018376	 -0.066976
  0.024520	 -0.053140	 -0.026710	 -0.035465	  0.026641	 -0.001421	 -0.068528
  0.012293	 -0.042687	 -0.037385	 -0.056149	 -0.019004	 -0.016276	 -0.089402
  0.014035	 -0.071670	 -0.033710	 -0.038221	 -0.048050	 -0.026032	 -0.107299
 -0.003386	 -0.086082	 -0.053539	 -0.027768	 -0.030597	 -0.040825	 -0.126209
 -0.007694	 -0.082503	 -0.042516	 -0.015827	 -0.032276	 -0.057264	 -0.127983
 -0.015106	 -0.094952	 -0.029466	 -0.011614	 -0.015361	 -0.079754	 -0.177111
 -0.023373	 -0.073032	 -0.029688	  0.006726	 -0.042317	 -0.094229	 -0.210275
 -0.021663	 -0.069263	 -0.033014	 -0.015446	 -0.075924	 -0.104809	 -0.197351
 -0.001897	 -0.058778	 -0.033901	 -0.044461	 -0.111749	 -0.137815	 -0.176826
 -0.016500	 -0.070276	 -0.074540	 -0.055547	 -0.113079	 -0.164295	 -0.182686
  0.005641	 -0.046013	 -0.057435	 -0.066444	 -0.096101	 -0.160811	 -0.170998
  0.037253	 -0.048769	 -0.071531	 -0.053615	 -0.107758	 -0.183744	 -0.170016
  0.054770	 -0.069580	 -0.062313	 -0.067204	 -0.113839	 -0.205410	 -0.195419
  0.055657	 -0.075123	 -0.054996	 -0.103631	 -0.148112	 -0.201482	 -0.243851
  0.048530	 -0.109997	 -0.070010	 -0.097232	 -0.151533	 -0.172404	 -0.260322
  0.017393	 -0.111201	 -0.044068	 -0.102554	 -0.141935	 -0.133855	 -0.255444
 -0.021409	 -0.069041	 -0.047014	 -0.101603	 -0.140225	 -0.125841	 -0.249109
 -0.022613	 -0.059760	 -0.070390	 -0.102332	 -0.119731	 -0.173988	 -0.249172
 -0.009309	 -0.067014	 -0.065132	 -0.101540	 -0.112382	 -0.186214	 -0.281513
 -0.022391	 -0.071322	 -0.064942	 -0.128971	 -0.113428	 -0.220139	 -0.321804
 -0.037627	 -0.059127	 -0.090029	 -0.133342	 -0.094423	 -0.205885	 -0.358864
 -0.032369	 -0.055706	 -0.101464	 -0.123238	 -0.057964	 -0.214184	 -0.375082
 -0.009911	 -0.038886	 -0.107261	 -0.124219	 -0.090368	 -0.232112	 -0.376570
  0.001017	 -0.024126	 -0.102319	 -0.115889	 -0.105446	 -0.205030	 -0.405395
  0.021669	 -0.018614	 -0.059779	 -0.090390	 -0.101993	 -0.220550	 -0.390761
  0.024963	 -0.040945	 -0.081730	 -0.083833	 -0.078363	 -0.220107	 -0.364660
  0.005926	 -0.047755	 -0.128578	 -0.080032	 -0.110957	 -0.228343	 -0.387403
  0.037919	 -0.053362	 -0.121578	 -0.088680	 -0.127840	 -0.243293	 -0.366688
  0.034529	 -0.057765	 -0.140488	 -0.081173	 -0.165280	 -0.221817	 -0.345719
  0.003487	 -0.075344	 -0.140773	 -0.080698	 -0.138768	 -0.220931	 -0.374511
 -0.003766	 -0.098087	 -0.158163	 -0.065462	 -0.110957	 -0.213930	 -0.356267
  0.025122	 -0.089598	 -0.147615	 -0.057480	 -0.123089	 -0.212220	 -0.333809
  0.006972	 -0.080698	 -0.139664	 -0.039583	 -0.124356	 -0.196952	 -0.338877
 -0.009183	 -0.071955	 -0.131207	 -0.048515	 -0.122772	 -0.212948	 -0.312713
 -0.019319	 -0.084467	 -0.091961	 -0.027166	 -0.084698	 -0.204016	 -0.297921
 -0.045229	 -0.085797	 -0.125410	 -0.019184	 -0.037534	 -0.222863	 -0.291522
 -0.040573	 -0.074869	 -0.121990	 -0.039235	 -0.025497	 -0.190997	 -0.270902
 -0.049252	 -0.055262	 -0.109383	 -0.033977	 -0.026257	 -0.180513	 -0.236597
 -0.069556	 -0.049466	 -0.126709	 -0.049783	 -0.002089	 -0.163503	 -0.248317
 -0.118209	 -0.048547	 -0.137352	 -0.073856	 -0.028284	 -0.120742	 -0.212714
 -0.086249	 -0.051335	 -0.124967	 -0.056719	 -0.016818	 -0.109845	 -0.209546
 -0.023817	 -0.012121	 -0.136687	 -0.038316	 -0.029805	 -0.111271	 -0.217687
  0.000130	 -0.029922	 -0.123827	 -0.030841	 -0.033226	 -0.082414	 -0.222122
 -0.014472	 -0.030271	 -0.117650	 -0.042941	 -0.053055	 -0.105886	 -0.237009
 -0.042473	 -0.033438	 -0.122116	 -0.033596	 -0.081341	 -0.103288	 -0.207266
 -0.045736	 -0.076802	 -0.096966	 -0.044968	 -0.074372	 -0.137466	 -0.169952
 -0.034840	 -0.104042	 -0.098772	 -0.044239	 -0.082576	 -0.134774	 -0.193265
 -0.022676	 -0.143161	 -0.091708	 -0.037873	 -0.088753	 -0.176237	 -0.178790
 -0.000757	 -0.166158	 -0.067065	 -0.054977	 -0.105984	 -0.170155	 -0.179011
 -0.017893	 -0.171289	 -0.078784	 -0.099988	 -0.122709	 -0.162173	 -0.180500
 -0.020269	 -0.165651	 -0.079893	 -0.090010	 -0.104559	 -0.145005	 -0.200107
 -0.056981	 -0.148229	 -0.115623	 -0.079431	 -0.082323	 -0.159132	 -0.227855
 -0.041270	 -0.135781	 -0.109890	 -0.086938	 -0.105382	 -0.192930	 -0.222217
  0.002791	 -0.135844	 -0.100609	 -0.074869	 -0.110260	 -0.148014	 -0.214298
  0.028606	 -0.106450	 -0.070771	 -0.081331	 -0.147384	 -0.133032	 -0.214995
  0.014891	 -0.136319	 -0.084739	 -0.052158	 -0.143646	 -0.127140	 -0.238498
  0.006877	 -0.135021	 -0.092722	 -0.004075	 -0.127903	 -0.088971	 -0.247684
 -0.004780	 -0.151270	 -0.084359	  0.006188	 -0.155778	 -0.099899	 -0.226968
 -0.039084	 -0.155040	 -0.064689	 -0.000717	 -0.192616	 -0.108135	 -0.227316
 -0.079629	 -0.134799	 -0.051227	 -0.037144	 -0.173294	 -0.094863	 -0.211384
 -0.104494	 -0.125993	 -0.041471	 -0.038823	 -0.176367	 -0.098727	 -0.229724
 -0.122580	 -0.102807	 -0.065829	 -0.070657	 -0.141840	 -0.088084	 -0.228583
 -0.083968	 -0.098119	 -0.074857	 -0.051176	 -0.129582	 -0.092455	 -0.210560
 -0.069587	 -0.111549	 -0.043118	 -0.046868	 -0.106301	 -0.104334	 -0.176287
 -0.057741	 -0.111486	 -0.067445	 -0.075661	 -0.126921	 -0.102180	 -0.145499
 -0.061067	 -0.110884	 -0.070771	 -0.090232	 -0.146940	 -0.103669	 -0.155825
 -0.072343	 -0.109681	 -0.067286	 -0.106576	 -0.142664	 -0.115072	 -0.136662
 -0.102466	 -0.058271	 -0.090853	 -0.125265	 -0.117862	 -0.072880	 -0.135933
 -0.086470	 -0.027546	 -0.084581	 -0.092924	 -0.123215	 -0.082003	 -0.150789
 -0.093249	 -0.022415	 -0.087812	 -0.099766	 -0.137596	 -0.125556	 -0.150124
 -0.077475	 -0.056086	 -0.083726	 -0.090074	 -0.106681	 -0.156440	 -0.123960
 -0.068954	 -0.094318	 -0.095731	 -0.141863	 -0.086504	 -0.153779	 -0.105588
 -0.016880	 -0.050416	 -0.103808	 -0.143320	 -0.059326	 -0.135471	 -0.091651
 -0.011843	 -0.033343	 -0.107324	 -0.110124	 -0.062209	 -0.157453	 -0.091334
 -0.013902	 -0.015161	 -0.082427	 -0.062168	 -0.055557	 -0.163630	 -0.042839
  0.024900	 -0.001256	 -0.088002	 -0.076390	 -0.026226	 -0.121248	 -0.001946
  0.012293	 -0.019723	 -0.106120	 -0.078512	 -0.033986	 -0.116972	  0.009077
  0.016253	 -0.048801	 -0.084328	 -0.076516	 -0.065756	 -0.112316	  0.022412
  0.029746	 -0.079177	 -0.090853	 -0.117853	 -0.072978	 -0.103795	  0.039802
  0.024710	 -0.069485	 -0.098360	 -0.111961	 -0.060245	 -0.082224	  0.009552
 -0.000599	 -0.073191	 -0.099975	 -0.115002	 -0.074055	 -0.080102	 -0.035839
 -0.027396	 -0.041927	 -0.080051	 -0.084277	 -0.086504	 -0.061952	 -0.035269
 -0.034206	 -0.058525	 -0.072576	 -0.078354	 -0.090431	 -0.079437	 -0.026083
 -0.013554	 -0.052918	 -0.109098	 -0.064575	 -0.110577	 -0.105696	 -0.009422
 -0.018717	 -0.061281	 -0.120754	 -0.059602	 -0.064268	 -0.115103	 -0.017531
 -0.054827	 -0.093019	 -0.108147	 -0.052760	 -0.075291	 -0.070441	  0.029507
 -0.075226	 -0.139392	 -0.101591	 -0.086526	 -0.076748	 -0.070631	  0.036571
 -0.067845	 -0.114812	 -0.081730	 -0.087349	 -0.063666	 -0.033286	  0.033847
 -0.034966	 -0.116902	 -0.106975	 -0.089250	 -0.044597	 -0.036263	  0.001538
 -0.004970	 -0.120640	 -0.151669	 -0.108794	 -0.062050	 -0.005728	  0.018452
 -0.003038	 -0.141039	 -0.171086	 -0.112151	 -0.056254	  0.010869	  0.002615
  0.000162	 -0.161818	 -0.190503	 -0.119785	 -0.078141	  0.038364	  0.002393
 -0.026667	 -0.129921	 -0.199784	 -0.109269	 -0.092364	  0.043083	  0.050128
 -0.048682	 -0.108540	 -0.179575	 -0.099386	 -0.098920	  0.006276	  0.047372
 -0.063506	 -0.101097	 -0.186005	 -0.109776	 -0.058218	 -0.027299	  0.034227
  0.002949	 -0.039162	 -0.013153	  0.040220	 -0.002976	  0.018107	  0.037740
 -0.007250	 -0.004319	  0.020803	  0.024794	 -0.021221	  0.013704	  0.030011
 -0.012604	 -0.006061	  0.020074	  0.019251	 -0.036045	 -0.005871	  0.027984
 -0.022011	 -0.002767	 -0.019773	  0.000214	 -0.040670	 -0.013093	  0.034129
 -0.018495	  0.014338	 -0.030004	  0.007499	 -0.011402	  0.004265	  0.038120
 -0.022518	 -0.006663	  0.001544	 -0.006691	  0.005323	  0.013704	  0.010150
 -0.012857	 -0.012713	 -0.013818	  0.001608	  0.014382	  0.010695	  0.009390
 -0.014029	  0.029764	 -0.011063	  0.018364	  0.033609	 -0.009197	 -0.001981
 -0.014726	  0.038950	 -0.005519	  0.003065	  0.015649	 -0.021234	  0.005969
 -0.017006	  0.044809	  0.000594	  0.007404	 -0.015203	 -0.019745	 -0.008696
 -0.027998	  0.011329	  0.015165	 -0.003270	 -0.017673	 -0.021740	 -0.032105
 -0.028378	  0.002270	  0.017794	 -0.031081	 -0.025149	  0.003790	 -0.036951
 -0.011178	 -0.008595	  0.010318	 -0.019235	 -0.040384	  0.014686	  0.026020
  0.006085	 -0.016324	  0.030020	  0.000847	 -0.031800	  0.009967	 -0.003977
 -0.002784	 -0.019745	  0.017192	  0.010825	  0.006717	 -0.017528	 -0.068531
  0.013560	 -0.012840	  0.020486	  0.003096	  0.016409	  0.007623	 -0.014303
  0.020054	  0.005690	 -0.001053	 -0.038240	  0.025595	  0.012057	 -0.002330
  0.052964	 -0.007677	 -0.002669	 -0.022656	  0.040578	  0.002460	 -0.028462
  0.061548	 -0.012808	 -0.011823	  0.000816	  0.037537	 -0.013030	 -0.026023
  0.054675	  0.002523	 -0.045114	 -0.016828	  0.046723	  0.010378	  0.003847
  0.014954	  0.027198	 -0.051607	 -0.017113	  0.003423	 -0.011478	 -0.030141
 -0.025084	  0.046900	 -0.078721	 -0.032285	 -0.003609	 -0.026175	 -0.098116
 -0.036550	  0.005754	 -0.089997	 -0.039824	  0.012513	  0.006071	 -0.062608
 -0.012477	  0.016460	 -0.082079	  0.000182	  0.008522	  0.028528	 -0.007556
  0.022429	  0.002396	 -0.074572	  0.020201	  0.004278	  0.021306	 -0.064350
  0.050525	  0.021845	 -0.094242	  0.036007	 -0.006143	  0.030207	 -0.055354
  0.035860	  0.000052	 -0.103111	  0.019377	  0.032532	  0.052126	 -0.022982
  0.044855	 -0.011636	 -0.059906	  0.018744	  0.015808	  0.059792	 -0.022127
  0.036366	 -0.022754	 -0.016859	  0.025649	 -0.016470	  0.039900	 -0.060581
  0.013814	 -0.017591	 -0.013850	  0.071515	  0.012418	  0.038538	 -0.050128
 -0.020617	 -0.001975	 -0.023828	  0.014341	  0.020464	  0.020546	 -0.037553
 -0.043170	 -0.004826	 -0.045367	 -0.006691	 -0.001646	  0.009840	 -0.055639
 -0.017165	  0.002365	 -0.042991	 -0.008909	 -0.001709	  0.020641	 -0.077622
  0.002791	  0.004582	 -0.053191	 -0.012108	  0.021541	  0.042434	 -0.033530
  0.003519	  0.018392	 -0.076472	 -0.036054	  0.036206	  0.032488	 -0.038693
 -0.004685	  0.008890	 -0.093102	 -0.051765	  0.019799	 -0.014455	 -0.090736
  0.024678	  0.014876	 -0.089016	 -0.042706	  0.014984	  0.023017	 -0.091211
  0.034973	  0.055547	 -0.084486	 -0.050245	  0.033356	  0.031696	 -0.052377
  0.041688	  0.061629	 -0.066748	 -0.001180	  0.028129	 -0.015722	 -0.076957
 -0.000947	  0.039963	 -0.030258	  0.002780	 -0.004338	 -0.035582	 -0.096786
 -0.013047	  0.031221	 -0.033837	  0.056247	 -0.005795	 -0.041601	 -0.044141
 -0.007472	  0.013514	 -0.058449	  0.058655	 -0.034366	 -0.039003	 -0.033467
 -0.033003	  0.017189	 -0.016954	  0.031097	 -0.020936	 -0.022532	  0.001661
 -0.014758	  0.027420	 -0.016131	  0.029767	  0.012450	  0.013609	 -0.000936
  0.000447	  0.005564	 -0.035706	  0.004743	 -0.014601	  0.048991	  0.026368
  0.015366	  0.018709	 -0.076599	 -0.018285	 -0.016596	  0.021560	  0.004544
 -0.001105	  0.039108	 -0.076092	 -0.037797	  0.004595	  0.000116	 -0.009647
 -0.018622	  0.026406	 -0.030321	 -0.034312	 -0.022108	  0.012627	  0.042903
 -0.044437	  0.034768	 -0.019932	 -0.025697	 -0.038294	  0.002966	  0.044993
 -0.044754	  0.042877	 -0.052969	 -0.066209	 -0.016723	 -0.012713	 -0.003692
 -0.022138	  0.034547	 -0.076567	 -0.039634	  0.021509	 -0.019618	  0.008123
  0.005831	  0.031252	 -0.075744	 -0.034882	 -0.002216	 -0.029913	  0.055098
  0.019325	  0.024981	 -0.085975	 -0.042326	  0.003834	 -0.013758	  0.009675
  0.051887	  0.008510	 -0.054173	 -0.074540	  0.012102	 -0.020822	 -0.044109
  0.032312	 -0.003654	 -0.063454	 -0.063327	  0.001585	 -0.027632	 -0.032770
  0.014986	  0.035402	 -0.065481	 -0.064594	 -0.024673	 -0.043343	 -0.020543
  0.006402	  0.026596	 -0.047331	 -0.041914	 -0.018655	 -0.038085	 -0.070748
 -0.014061	  0.001066	 -0.033901	 -0.032665	 -0.016660	 -0.009989	 -0.088803
 -0.030944	 -0.012333	 -0.032729	 -0.012330	 -0.001677	  0.020039	  0.024531
 -0.012350	  0.003505	 -0.014515	 -0.022339	  0.008205	  0.035212	  0.016834
 -0.013617	  0.003727	 -0.060318	  0.005504	 -0.004528	  0.048706	 -0.037394
 -0.031070	  0.020768	 -0.094780	  0.033061	 -0.017198	  0.064480	 -0.036159
 -0.074687	  0.042434	 -0.060349	  0.057039	  0.003708	  0.038316	  0.011481
 -0.079122	  0.040913	 -0.063992	  0.026789	  0.001997	  0.020705	 -0.020765
 -0.068922	  0.041420	 -0.075934	  0.024034	 -0.016406	 -0.026998	 -0.058585
 -0.080611	 -0.011478	 -0.057910	  0.040980	 -0.050679	 -0.070995	 -0.010154
 -0.015549	 -0.043628	 -0.060191	  0.051243	 -0.052136	 -0.045687	 -0.024566
 -0.003101	 -0.032478	 -0.048820	  0.014784	 -0.038421	 -0.034981	 -0.038661
 -0.035505	 -0.033745	 -0.064277	  0.022165	 -0.037914	 -0.068430	 -0.036222
 -0.039148	 -0.004224	 -0.070105	  0.018744	 -0.036298	 -0.049108	 -0.000017
 -0.026572	  0.007718	 -0.053793	  0.025301	 -0.032687	 -0.024369	 -0.068341
  0.035638	 -0.027980	 -0.053159	 -0.015339	 -0.033733	 -0.016419	 -0.079934
  0.034403	 -0.038750	 -0.061870	 -0.001307	 -0.022710	 -0.011953	 -0.075911
  0.044919	 -0.027379	 -0.053539	  0.026916	 -0.000188	  0.002776	 -0.078509
  0.023728	 -0.028392	 -0.068427	  0.027360	 -0.037344	 -0.014487	 -0.112433
  0.004374	 -0.025288	 -0.067476	  0.025522	 -0.048145	 -0.033872	 -0.100048
 -0.012350	 -0.064154	 -0.062218	 -0.007388	 -0.044439	 -0.056425	 -0.063748
 -0.043075	 -0.046415	 -0.072829	 -0.010334	 -0.027017	 -0.094118	 -0.079079
 -0.033414	 -0.035487	 -0.090948	 -0.022624	 -0.035190	 -0.073213	 -0.141828
 -0.036582	 -0.011826	 -0.125822	 -0.018570	 -0.013714	 -0.076792	 -0.079237
 -0.048745	 -0.009419	 -0.120089	 -0.009732	 -0.011750	 -0.056171	 -0.058110
 -0.082416	  0.009523	 -0.117207	 -0.009067	 -0.027271	 -0.075968	 -0.109392
 -0.050899	  0.002491	 -0.109731	 -0.013597	 -0.026669	 -0.047746	 -0.112718
 -0.058153	 -0.012396	 -0.101084	 -0.001718	 -0.039498	 -0.039003	 -0.027512
 -0.043994	  0.005405	 -0.102383	  0.009178	 -0.007569	 -0.022532	 -0.028462
  0.006307	 -0.003147	 -0.072228	  0.027740	 -0.024452	 -0.037230	 -0.050730
  0.010741	 -0.019491	 -0.071182	  0.027138	 -0.062272	  0.000306	 -0.048987
  0.006085	 -0.047334	 -0.075934	  0.042120	 -0.065440	  0.017379	 -0.018896
  0.018945	 -0.045497	 -0.067730	  0.006581	 -0.033638	  0.022732	 -0.100777
  0.065349	 -0.052909	 -0.056643	 -0.025475	 -0.038104	  0.033375	 -0.118578
  0.048847	 -0.034125	 -0.035928	 -0.044638	 -0.000885	  0.043067	 -0.073758
  0.028067	 -0.016134	 -0.031715	 -0.054870	  0.024708	  0.049434	 -0.041702
  0.003741	 -0.057724	 -0.024968	 -0.020407	  0.019260	  0.020008	 -0.075626
 -0.021283	 -0.089145	 -0.015370	 -0.024936	  0.016251	 -0.010084	 -0.099985
 -0.037849	 -0.088385	 -0.030258	 -0.036530	  0.009156	  0.009016	 -0.002741
 -0.016215	 -0.102576	 -0.064531	 -0.031113	 -0.008646	 -0.007677	 -0.044204
  0.008967	 -0.077489	 -0.074382	 -0.038335	 -0.009501	  0.024949	 -0.062418
  0.008936	 -0.067099	 -0.082205	 -0.048186	 -0.020017	  0.004360	 -0.031123
  0.014130	 -0.068145	 -0.106310	 -0.006818	 -0.023026	 -0.011414	  0.029187
  0.017266	 -0.031655	 -0.070137	 -0.005456	 -0.019415	 -0.047429	 -0.017249
 -0.012984	 -0.040112	 -0.063200	 -0.003302	 -0.009818	 -0.038782	 -0.037964
  0.009791	 -0.056900	 -0.087020	 -0.021199	  0.000382	 -0.049139	 -0.008316
  0.010773	 -0.074005	 -0.072924	 -0.014547	  0.000350	 -0.039479	 -0.052345
  0.002189	 -0.082684	 -0.091201	 -0.051132	  0.019925	 -0.092915	 -0.135271
  0.005990	 -0.101340	 -0.105708	 -0.073368	  0.031328	 -0.082272	 -0.089025
 -0.010038	 -0.064787	 -0.103111	 -0.056042	  0.010866	 -0.099123	 -0.058712
  0.004311	 -0.079801	 -0.087939	 -0.055630	 -0.026922	 -0.100168	 -0.085541
  0.015651	 -0.049615	 -0.078499	 -0.070454	 -0.035475	 -0.105490	 -0.076545
  0.004945	 -0.049551	 -0.075459	 -0.090979	 -0.014157	 -0.093802	 -0.026941
  0.033421	 -0.026238	 -0.085500	 -0.112455	 -0.068575	 -0.079073	 -0.050635
  0.088377	 -0.031148	 -0.072608	 -0.106817	 -0.086314	 -0.069855	 -0.098939
  0.051919	 -0.032858	 -0.082807	 -0.104030	 -0.048652	 -0.054714	 -0.077907
  0.030697	 -0.099313	 -0.091961	 -0.091993	 -0.008107	 -0.043786	 -0.060010
  0.033737	 -0.144451	 -0.102668	 -0.082871	 -0.036298	 -0.071787	 -0.134511
  0.019483	 -0.106694	 -0.080970	 -0.061743	 -0.061575	 -0.066878	 -0.153959
  0.039091	 -0.104286	 -0.062440	 -0.050403	 -0.043964	 -0.038528	 -0.105021
  0.028511	 -0.132414	 -0.044290	 -0.060033	 -0.044471	 -0.014487	 -0.120257
  0.022841	 -0.116640	 -0.055440	 -0.092975	  0.001205	 -0.012459	 -0.138597
 -0.002372	 -0.113345	 -0.057847	 -0.095762	 -0.006270	 -0.021107	 -0.110374
 -0.004590	 -0.106757	 -0.055471	 -0.079893	 -0.009279	 -0.010116	 -0.099446
  0.011786	 -0.114074	 -0.016637	 -0.059241	 -0.022298	 -0.026080	 -0.100808
  0.018692	 -0.122658	 -0.025380	 -0.088635	 -0.025687	 -0.057090	 -0.112687
  0.009379	 -0.099693	 -0.037797	 -0.092215	  0.016029	 -0.054651	 -0.124343
 -0.006522	 -0.049868	 -0.074920	 -0.081730	  0.034844	 -0.059719	 -0.097197
  0.005230	 -0.056330	 -0.064309	 -0.051797	  0.053565	 -0.053099	 -0.094315
 -0.000725	 -0.085123	 -0.089364	 -0.080495	  0.064556	 -0.044103	 -0.081011
 -0.021568	 -0.076602	 -0.129212	 -0.044132	  0.087394	 -0.010971	 -0.063716
 -0.028505	 -0.055918	 -0.122148	 -0.053444	  0.078461	 -0.019016	 -0.078445
 -0.016753	 -0.040144	 -0.110872	 -0.062820	  0.046469	  0.000686	 -0.089817
  0.015872	 -0.056203	 -0.086386	 -0.052272	  0.014034	 -0.002418	 -0.102265
  0.021479	 -0.078091	 -0.078753	 -0.047046	 -0.009343	  0.015066	 -0.089342
  0.015144	 -0.076982	 -0.115528	 -0.056928	 -0.005858	 -0.016419	 -0.105845
  0.038805	 -0.063140	 -0.108623	 -0.068775	  0.005038	 -0.015215	 -0.078287
  0.062404	 -0.056868	 -0.052145	 -0.085626	 -0.004686	  0.008826	 -0.037109
  0.082707	 -0.040999	 -0.063897	 -0.072386	  0.000572	  0.006387	 -0.033372
  0.063576	 -0.070172	 -0.060223	 -0.045937	  0.006622	  0.054724	 -0.007398
  0.052426	 -0.057660	 -0.027851	 -0.049453	 -0.022583	  0.065557	 -0.020923
  0.045109	 -0.089526	 -0.029878	 -0.058512	 -0.005573	  0.020483	 -0.029412
  0.024171	 -0.077584	 -0.025190	 -0.053571	  0.012038	 -0.005491	 -0.056590
  0.001365	 -0.070172	 -0.029466	 -0.053666	  0.006812	 -0.005491	 -0.040055
 -0.014124	 -0.060638	 -0.062820	 -0.091391	  0.018500	 -0.019808	 -0.021018
 -0.055080	 -0.086231	 -0.064974	 -0.081984	  0.002789	 -0.025668	 -0.015063
 -0.061225	 -0.103019	 -0.085278	 -0.045589	 -0.007125	 -0.025351	 -0.032611
 -0.021124	 -0.097983	 -0.096839	 -0.095984	 -0.004211	  0.002016	 -0.040277
 -0.013110	 -0.091806	 -0.090536	 -0.084264	  0.005450	 -0.007867	 -0.023996
 -0.022043	 -0.073023	 -0.041471	 -0.047172	  0.026641	  0.001699	 -0.025960
 -0.031894	 -0.080846	  0.001766	 -0.067793	  0.057872	  0.000116	  0.004449
 -0.021124	 -0.090381	  0.003571	 -0.107862	  0.072411	  0.027800	  0.000109
 -0.040668	 -0.078154	 -0.001782	 -0.084454	  0.030410	  0.046773	 -0.033086
 -0.045736	 -0.093548	 -0.008465	 -0.078753	  0.063194	  0.040882	 -0.041037
 -0.032844	 -0.104350	 -0.026615	 -0.073716	  0.052488	  0.043923	 -0.048132
 -0.017323	 -0.123291	 -0.034439	 -0.094369	  0.015934	  0.029700	 -0.020448
  0.010424	 -0.103494	 -0.031303	 -0.135610	 -0.008772	 -0.003369	 -0.016679
 -0.008834	 -0.084426	 -0.064626	 -0.137827	  0.012862	  0.010980	 -0.033023
 -0.012857	 -0.059307	 -0.061901	 -0.113722	  0.033514	  0.023587	 -0.018231
 -0.009373	 -0.021899	 -0.049168	 -0.069250	 -0.010895	  0.049339	  0.003150
 -0.001739	 -0.018826	 -0.047743	 -0.071626	 -0.004591	  0.029289	  0.010055
  0.002506	 -0.034696	 -0.062630	 -0.062440	 -0.005320	  0.030936	  0.029631
 -0.021599	 -0.062760	 -0.068680	 -0.107134	  0.003929	  0.042275	  0.017467
 -0.033351	 -0.059719	 -0.053603	 -0.101084	  0.019260	  0.036922	  0.010340
 -0.014029	 -0.081132	 -0.057657	 -0.098803	  0.003169	  0.031252	  0.027508
  0.014257	 -0.093137	 -0.048756	 -0.083536	  0.024075	  0.022225	  0.030676
  0.011596	 -0.105870	 -0.076979	 -0.035294	  0.010549	  0.022732	  0.003720
  0.014669	 -0.104191	 -0.067920	  0.013707	 -0.029235	 -0.002450	 -0.026751
 -0.024355	 -0.075493	 -0.022656	 -0.047077	 -0.071268	 -0.002482	 -0.040625
 -0.021758	 -0.064945	 -0.023068	 -0.028927	 -0.062304	  0.024094	 -0.033815
 -0.042980	 -0.051325	 -0.019203	 -0.043435	 -0.091255	  0.045506	 -0.033276
 -0.020649	 -0.067289	 -0.039792	 -0.046254	 -0.058503	  0.031316	 -0.029761
 -0.013079	 -0.062602	 -0.056928	 -0.045969	 -0.042190	  0.019976	 -0.026751
 -0.043709	 -0.049931	 -0.026900	 -0.066875	 -0.005637	  0.046520	  0.019114
 -0.025717	 -0.042551	 -0.001655	 -0.079703	  0.005323	  0.042244	  0.018608
 -0.028029	 -0.067765	 -0.016194	 -0.052684	  0.008807	  0.079747	  0.014680
 -0.012097	 -0.055158	 -0.026710	 -0.033489	  0.015966	  0.087888	  0.027984
  0.009664	 -0.069633	  0.000436	 -0.039475	  0.016853	  0.114495	  0.028364
  0.042195	 -0.081575	 -0.006090	 -0.045874	 -0.012130	  0.107305	  0.065297
  0.046693	 -0.033143	  0.031287	 -0.055123	 -0.002501	  0.084530	  0.054527
  0.036778	 -0.028424	  0.043546	 -0.054173	  0.005576	  0.058557	  0.036568
  0.033167	 -0.037388	  0.001259	 -0.059431	 -0.007030	  0.074743	  0.063080
  0.043652	 -0.042203	  0.005757	 -0.037226	  0.023283	  0.092861	  0.062478
  0.030570	 -0.057027	  0.030939	 -0.018506	  0.042098	  0.055737	  0.075972
  0.021542	 -0.041759	  0.040600	 -0.007832	  0.050999	  0.061756	  0.047179
  0.008682	 -0.046891	  0.021531	 -0.013090	  0.034306	  0.052665	  0.037676
 -0.009626	 -0.026175	 -0.029593	  0.014309	  0.020337	  0.037968	  0.031785
 -0.001676	 -0.025130	 -0.033425	 -0.004759	 -0.018053	  0.068281	  0.027160
 -0.013079	 -0.011129	 -0.007768	 -0.041629	 -0.053625	  0.092101	  0.004639
  0.025977	  0.046678	 -0.001307	 -0.051892	 -0.046434	  0.100463	 -0.004009
  0.003012	  0.028813	  0.023654	 -0.059653	 -0.044122	  0.139234	  0.012114
  0.003392	  0.045728	  0.034867	 -0.088224	 -0.004401	  0.120323	 -0.022253
 -0.006174	  0.033977	  0.010762	 -0.060476	 -0.023026	  0.101287	 -0.000334
 -0.003735	  0.042370	  0.010033	 -0.079006	 -0.018940	  0.094318	 -0.021303
  0.023316	  0.022035	 -0.014769	 -0.070010	 -0.046688	  0.122002	 -0.010597
  0.047675	  0.019469	 -0.005804	 -0.060064	 -0.049760	  0.133152	  0.001693
  0.053154	 -0.007138	 -0.026837	 -0.048471	 -0.021569	  0.092069	 -0.007144
  0.013972	 -0.001341	 -0.050403	 -0.053191	  0.014667	  0.085924	 -0.008000
  0.041276	 -0.006314	 -0.058956	 -0.004252	  0.011405	  0.063403	 -0.039738
  0.022429	  0.012817	 -0.027344	 -0.032032	  0.022713	  0.075281	 -0.063083
 -0.014314	  0.028623	 -0.004411	 -0.030606	  0.022016	  0.066380	 -0.061658
  0.015809	  0.030714	 -0.007863	 -0.019330	  0.012133	  0.060584	 -0.055544
  0.009696	 -0.003400	 -0.017334	 -0.052652	 -0.026067	  0.029257	  0.005177
 -0.006269	 -0.033270	 -0.030796	 -0.050752	 -0.035918	  0.033090	  0.041160
  0.009411	 -0.035171	 -0.021991	 -0.027407	 -0.008614	  0.040818	  0.003087
  0.023411	 -0.007962	 -0.002130	 -0.014198	 -0.020904	  0.079811	  0.019495
  0.027434	 -0.014107	  0.012821	  0.002684	 -0.005953	  0.082693	  0.034762
 -0.003798	  0.001794	  0.011680	 -0.019552	 -0.011592	  0.082566	  0.048858
  0.001714	 -0.001246	  0.023052	 -0.019805	 -0.006080	  0.058113	  0.054401
 -0.019540	 -0.027727	  0.019156	 -0.038050	  0.005925	  0.065113	  0.077207
  0.036968	 -0.016451	  0.009305	 -0.029751	  0.014667	  0.063656	  0.030708
  0.062974	 -0.008975	  0.022577	 -0.026869	  0.044854	  0.047312	  0.042237
  0.083278	  0.001098	  0.015323	 -0.013628	  0.054008	  0.036922	  0.045088
  0.101618	  0.019596	  0.020866	 -0.005171	  0.052393	  0.056118	  0.048731
  0.100002	  0.003220	  0.013803	  0.023273	  0.070162	  0.056846	  0.040020
  0.094142	 -0.000423	  0.029450	  0.007372	  0.056700	  0.048991	  0.034730
  0.076151	  0.016017	  0.070850	  0.005535	  0.027021	  0.022447	  0.073406
