:RUN-7	LEVEL SWEEP	TEMP:NaN	8/27/2019	11:53 AM	HR:-452.75:SW EAR: R	SW FREQ: 45.20	# AVERAGES: 512	REP RATE (/sec): 80	DRIVER: 	SAMPLE (µsec): 40	MASKER dB: 2147483647:NOTES-:CHAMBER-SEWELL-PXI1:CFTS Version: V2.7.2 (R850):LEVELS:20;30;40;50;60;70;80;:DATA -0.012459	 -0.025431	  0.005608	 -0.009501	  0.016888	 -0.018506	 -0.008701
  0.006071	 -0.031100	  0.003613	 -0.025750	 -0.011715	 -0.031873	 -0.000561
 -0.022342	 -0.014756	  0.000984	 -0.026891	 -0.009118	 -0.031810	  0.001625
 -0.012333	 -0.018304	  0.006432	 -0.006397	 -0.010892	  0.004015	 -0.007022
 -0.023071	 -0.016023	  0.038265	 -0.004085	  0.003711	  0.010477	  0.017241
 -0.003939	  0.004693	 -0.022678	 -0.010039	  0.033296	 -0.039412	  0.004602
  0.002016	  0.028101	 -0.033162	 -0.014379	  0.006181	 -0.054743	 -0.025204
  0.008034	  0.033739	 -0.021823	 -0.016089	  0.022463	 -0.031873	 -0.058020
  0.006862	  0.023920	 -0.027208	 -0.002469	  0.027246	 -0.016067	 -0.035055
 -0.023134	  0.035513	 -0.013017	  0.034464	  0.006403	  0.010255	 -0.052191
 -0.008057	  0.030476	 -0.016723	  0.021002	  0.012707	  0.017699	 -0.024951
 -0.013315	  0.000353	 -0.011560	  0.021351	  0.008779	  0.013486	  0.007200
  0.007971	 -0.020616	  0.016378	 -0.002152	 -0.002593	  0.051369	  0.015277
  0.004487	  0.012136	  0.038867	 -0.034018	 -0.036137	  0.056342	  0.015214
  0.011139	  0.019263	 -0.008171	 -0.010230	 -0.023942	  0.016495	 -0.008543
  0.000306	 -0.007154	 -0.023311	  0.004975	 -0.032811	 -0.005900	  0.027314
  0.027261	 -0.010258	  0.023410	  0.008681	 -0.032843	  0.008228	  0.051482
  0.033755	 -0.008548	  0.019102	  0.025247	 -0.015231	 -0.006596	  0.033079
  0.012216	  0.000765	  0.015269	  0.013654	  0.011059	  0.019599	  0.011349
 -0.001468	 -0.036770	  0.009726	  0.032627	  0.026549	  0.028817	  0.035866
  0.000622	 -0.037657	 -0.009374	  0.051917	  0.061170	  0.056818	  0.031843
  0.015637	 -0.006837	 -0.005732	  0.053343	  0.074885	  0.047505	  0.013186
 -0.042963	  0.008589	  0.003771	  0.048750	  0.059491	  0.047442	  0.046952
 -0.063077	  0.010204	  0.034369	 -0.002121	  0.027246	  0.007531	  0.056297
 -0.013346	  0.035671	  0.009979	 -0.026701	  0.001303	 -0.008972	  0.055505
 -0.006346	  0.036780	 -0.008202	 -0.029647	 -0.010100	  0.020708	  0.048599
 -0.021835	  0.016286	 -0.021696	 -0.008361	 -0.004018	  0.011902	  0.062980
 -0.027410	  0.007797	 -0.011845	  0.000097	  0.005231	  0.009336	  0.049201
 -0.028265	  0.020657	 -0.002818	 -0.019004	  0.024553	  0.007341	  0.052242
  0.003758	  0.007163	  0.007350	 -0.079250	  0.022938	  0.052890	  0.062125
  0.004487	  0.031775	  0.002156	 -0.023945	  0.011313	  0.040600	  0.083727
  0.025202	  0.024807	 -0.030185	  0.002504	 -0.003670	  0.050514	  0.117620
  0.007686	 -0.010416	 -0.034873	  0.009726	  0.001430	  0.087321	  0.117208
 -0.007835	 -0.029295	 -0.020144	 -0.003008	  0.006118	  0.115100	  0.142802
 -0.010147	 -0.035788	 -0.012415	 -0.002279	 -0.006425	  0.141232	  0.101117
  0.010410	 -0.040951	 -0.013302	  0.012482	  0.010774	  0.143133	  0.119109
  0.045633	 -0.054699	 -0.021094	  0.005925	  0.016539	  0.125395	  0.104918
  0.051651	 -0.076745	 -0.016089	 -0.005383	  0.047739	  0.155708	  0.116290
  0.054819	 -0.072373	 -0.038991	 -0.000188	  0.032947	  0.161314	  0.071691
  0.030492	 -0.051943	  0.008839	 -0.027112	  0.032757	  0.144400	  0.050183
  0.016650	 -0.073894	 -0.000315	 -0.006809	  0.032377	  0.099706	  0.040902
  0.014021	 -0.060083	  0.007762	 -0.013175	  0.068709	  0.057895	 -0.005344
  0.003695	 -0.074147	  0.000730	 -0.021569	  0.070704	  0.022196	 -0.022195
 -0.009197	 -0.066102	 -0.013144	 -0.030343	  0.084008	 -0.015180	 -0.039458
 -0.029247	 -0.067875	 -0.006587	 -0.032719	  0.055690	 -0.016923	 -0.051114
 -0.045940	 -0.092487	  0.002092	 -0.005732	  0.063609	 -0.014230	 -0.080826
 -0.021392	 -0.116370	  0.021509	 -0.009216	  0.051731	 -0.016796	 -0.105818
 -0.024845	 -0.098284	 -0.003451	 -0.015931	  0.052776	 -0.049675	 -0.105628
 -0.036374	 -0.064074	  0.017043	 -0.029171	  0.064432	 -0.037480	 -0.117569
 -0.062158	 -0.048300	  0.012292	  0.001142	  0.046821	 -0.030606	 -0.098311
 -0.033460	 -0.034300	  0.008015	 -0.013555	  0.054740	 -0.023099	 -0.051716
 -0.011636	  0.024078	  0.062117	 -0.017642	  0.028322	 -0.016859	  0.018920
 -0.005333	  0.000322	  0.089611	  0.024930	 -0.003543	  0.011237	  0.073338
 -0.015469	 -0.001547	  0.071113	  0.035921	  0.006181	  0.016400	  0.109068
 -0.012618	 -0.007724	  0.037442	  0.036587	  0.045586	  0.030654	  0.118253
 -0.014708	  0.019390	  0.007635	  0.007699	  0.102379	  0.055867	  0.137417
 -0.013030	  0.042418	 -0.006333	 -0.000220	  0.085370	  0.077248	  0.132444
 -0.012745	  0.037287	 -0.038231	 -0.036678	  0.080523	  0.102493	  0.122846
  0.001351	  0.036875	 -0.028981	 -0.049665	  0.069944	  0.125363	  0.094307
  0.003283	  0.014132	 -0.022805	 -0.055810	  0.030128	  0.092104	  0.036848
 -0.016197	  0.010711	 -0.020397	 -0.040923	  0.063989	  0.070185	  0.008467
  0.028750	  0.007734	 -0.014664	 -0.015583	  0.047676	  0.067936	 -0.029639
  0.038728	 -0.002656	 -0.011972	 -0.011623	  0.063957	  0.052510	 -0.030874
  0.019279	 -0.004620	 -0.006555	 -0.031579	  0.045205	  0.021721	 -0.029005
 -0.009450	 -0.012824	  0.009884	 -0.017990	  0.035893	 -0.001148	 -0.038508
 -0.005079	 -0.053210	  0.023251	 -0.016375	  0.016032	  0.020866	 -0.053458
  0.003822	 -0.037404	  0.048940	 -0.064996	  0.005738	  0.060840	 -0.079686
 -0.013568	 -0.052608	  0.059424	 -0.093884	 -0.001801	  0.078547	 -0.102048
 -0.017116	 -0.061414	  0.050904	 -0.057014	  0.016413	  0.091502	 -0.115352
 -0.003084	 -0.068129	  0.017645	 -0.048683	  0.030160	  0.061506	 -0.114117
 -0.026777	 -0.094483	  0.011310	 -0.004971	  0.001652	  0.056723	 -0.144620
 -0.027822	 -0.120171	 -0.001582	  0.013875	  0.011535	  0.059415	 -0.145317
 -0.028709	 -0.103193	  0.024582	  0.015808	  0.012263	  0.079022	 -0.147122
 -0.020885	 -0.110542	  0.034908	  0.007762	  0.010394	  0.051971	 -0.081966
 -0.040967	 -0.051594	  0.035953	 -0.053181	  0.012326	  0.014975	 -0.060775
 -0.022532	 -0.019032	  0.034401	 -0.063222	  0.040232	  0.020898	 -0.053458
 -0.033840	 -0.016055	  0.036713	 -0.059485	  0.062944	  0.011807	 -0.038856
 -0.029754	 -0.015389	  0.022111	 -0.071996	  0.066555	  0.019567	 -0.045350
 -0.010179	 -0.013204	 -0.029361	 -0.061639	  0.016254	  0.036355	 -0.011869
  0.018424	 -0.021693	  0.004024	 -0.004591	  0.020404	  0.050197	 -0.011964
 -0.002197	 -0.052671	  0.010359	 -0.009786	  0.000607	  0.065718	 -0.010032
  0.038950	 -0.076776	 -0.020366	 -0.000917	 -0.010068	  0.076266	  0.002353
  0.051651	 -0.107501	  0.003264	  0.002377	  0.021417	  0.059415	  0.049391
  0.022890	 -0.083080	 -0.003419	  0.004119	  0.030730	  0.071325	  0.062061
 -0.010939	 -0.079342	 -0.003736	  0.008142	  0.030476	  0.082285	  0.089936
 -0.072579	 -0.064835	 -0.013682	 -0.010135	  0.045300	  0.072972	  0.064184
 -0.045402	 -0.065310	 -0.000379	 -0.040828	  0.075455	  0.076171	  0.063423
 -0.075493	 -0.065912	  0.013717	 -0.038547	  0.067727	  0.061411	  0.110968
 -0.019460	 -0.037879	 -0.005193	 -0.046783	  0.066079	  0.055836	  0.131779
 -0.011953	 -0.038227	  0.010740	 -0.028158	  0.074600	  0.060144	  0.120819
 -0.012555	 -0.012665	  0.001680	 -0.056824	  0.054581	  0.033916	  0.086673
  0.005469	 -0.029390	 -0.022044	 -0.050362	  0.071433	  0.033315	  0.049075
  0.019026	 -0.038893	 -0.005193	 -0.036140	  0.077007	  0.040758	  0.056645
  0.003663	 -0.045924	  0.005355	 -0.022710	  0.078781	  0.043641	  0.084171
 -0.018414	 -0.083396	  0.004024	 -0.024864	  0.046916	  0.027771	  0.097474
 -0.026333	 -0.096383	  0.027401	 -0.047448	  0.046694	  0.080162	  0.101402
  0.000401	 -0.099297	  0.047483	 -0.072567	  0.013277	  0.113897	  0.095511
  0.019818	 -0.069966	  0.024835	 -0.041905	  0.018345	  0.060017	  0.076252
  0.014940	 -0.052703	  0.035826	 -0.067467	  0.061296	  0.031889	  0.078659
  0.024062	 -0.047572	  0.049288	 -0.058471	  0.084134	  0.053682	  0.043120
  0.049814	 -0.054667	  0.033894	 -0.022013	  0.071749	  0.083203	  0.056803
  0.048135	 -0.075414	  0.002377	 -0.027398	  0.069342	  0.067682	  0.060256
  0.043733	 -0.081084	  0.007825	 -0.012827	  0.096678	  0.079339	  0.054491
  0.010473	 -0.094039	 -0.023438	 -0.002152	  0.117140	  0.098724	  0.060541
 -0.035139	 -0.128059	 -0.025244	 -0.027873	  0.103298	  0.103697	  0.045305
 -0.013726	 -0.143579	 -0.035285	 -0.061132	  0.123855	  0.113706	  0.030101
  0.012437	 -0.124574	 -0.002057	 -0.084286	  0.132978	  0.100086	  0.032540
  0.013102	 -0.071138	 -0.000664	 -0.056887	  0.128226	  0.104742	  0.063899
 -0.014265	 -0.060337	 -0.018687	 -0.032561	  0.081537	  0.106991	  0.074351
 -0.033492	 -0.055015	 -0.007284	 -0.035316	  0.092022	  0.116209	  0.032857
 -0.055823	 -0.032146	 -0.006270	 -0.036678	  0.106434	  0.103190	  0.016734
 -0.081068	 -0.056251	  0.010708	 -0.018623	  0.073206	  0.103760	  0.016037
 -0.053891	 -0.082953	 -0.009754	 -0.028728	  0.037318	  0.098946	 -0.017222
 -0.021962	 -0.083618	 -0.005383	 -0.029425	  0.000512	  0.098312	 -0.001289
 -0.010527	 -0.106203	 -0.010673	 -0.028189	  0.020404	  0.112154	 -0.005597
 -0.051800	 -0.073260	  0.013622	 -0.025909	  0.009507	  0.104045	 -0.013769
 -0.035456	 -0.058405	  0.044094	 -0.050711	  0.039504	  0.046270	 -0.027675
 -0.034347	 -0.079722	  0.074597	 -0.061765	  0.060758	  0.016146	 -0.076613
 -0.029501	 -0.096352	  0.036080	 -0.037629	  0.062152	 -0.039729	 -0.075346
 -0.005744	 -0.079627	 -0.005098	 -0.007252	  0.065224	 -0.059684	 -0.109619
 -0.024528	 -0.056029	 -0.029551	 -0.021062	  0.084419	 -0.040236	 -0.127135
 -0.014994	 -0.066323	 -0.017673	 -0.014664	  0.093795	  0.040632	 -0.150100
  0.022510	 -0.089098	 -0.011307	 -0.010293	  0.083469	  0.072275	 -0.129828
  0.034737	 -0.079500	 -0.009248	 -0.016375	  0.073491	  0.045288	 -0.100750
  0.027356	 -0.086406	 -0.041525	 -0.034208	  0.036305	 -0.026932	 -0.078482
 -0.003369	 -0.056789	 -0.049444	 -0.016343	  0.045491	 -0.040236	 -0.080699
  0.001699	 -0.078518	 -0.062589	 -0.024578	  0.051540	 -0.047077	 -0.103632
 -0.005776	 -0.047857	 -0.063286	 -0.045833	  0.064686	 -0.029814	 -0.097899
  0.007749	 -0.039621	 -0.063602	 -0.021791	  0.047644	 -0.069123	 -0.096917
  0.004582	 -0.059038	 -0.078110	 -0.037819	  0.018408	 -0.065037	 -0.106990
  0.003378	 -0.053527	 -0.061860	 -0.038927	 -0.013901	 -0.059906	 -0.127294
 -0.012618	 -0.021661	 -0.069621	 -0.036932	 -0.018874	 -0.060856	 -0.145380
 -0.041316	 -0.012254	 -0.118242	 -0.032687	 -0.060748	 -0.090789	 -0.136955
 -0.023926	  0.002982	 -0.124197	 -0.039593	 -0.043612	 -0.142072	 -0.136796
 -0.028931	  0.030730	 -0.130089	 -0.033036	  0.007163	 -0.105265	 -0.113261
 -0.034537	  0.013055	 -0.101835	 -0.046624	  0.059554	 -0.129592	 -0.121529
 -0.009704	 -0.033001	 -0.067340	 -0.047353	  0.044382	 -0.133963	 -0.115035
  0.010125	 -0.054128	 -0.030692	 -0.063602	  0.041246	 -0.112835	 -0.075853
 -0.010020	 -0.050106	  0.000793	 -0.102215	  0.042671	 -0.119709	 -0.071957
  0.003125	 -0.048585	 -0.016913	 -0.059675	  0.057812	 -0.080273	 -0.108859
 -0.021645	 -0.011398	 -0.047796	  0.007445	  0.044794	 -0.050688	 -0.100940
 -0.027252	  0.014195	 -0.061860	  0.013844	  0.059681	 -0.053286	 -0.081301
 -0.004034	  0.027341	 -0.082798	 -0.019605	  0.047549	 -0.034376	 -0.081744
 -0.007360	 -0.004620	 -0.051281	 -0.018338	  0.002602	 -0.059177	 -0.072780
 -0.040651	 -0.041997	 -0.060720	 -0.013492	  0.010363	 -0.056548	 -0.101763
 -0.031718	 -0.046875	 -0.070919	 -0.017040	  0.023128	 -0.088635	 -0.129289
 -0.034506	 -0.073704	 -0.055589	 -0.023280	  0.044319	 -0.095731	 -0.147186
 -0.058610	 -0.096573	 -0.080169	 -0.041905	  0.032979	 -0.095319	 -0.162960
 -0.088860	 -0.088148	 -0.080295	 -0.041113	  0.024205	 -0.096459	 -0.206894
 -0.090919	 -0.079912	 -0.067372	 -0.075576	  0.022431	 -0.112772	 -0.219912
 -0.073244	 -0.069396	 -0.062399	 -0.102975	  0.007385	 -0.120057	 -0.224727
 -0.048759	 -0.057042	 -0.067689	 -0.087327	  0.000226	 -0.130605	 -0.203916
 -0.036406	 -0.052735	 -0.067625	 -0.072123	  0.014449	 -0.145176	 -0.187952
 -0.024750	 -0.034711	 -0.052548	 -0.078522	 -0.003258	 -0.137352	 -0.215509
 -0.039162	 -0.029580	 -0.108360	 -0.116088	 -0.009149	 -0.139506	 -0.185766
 -0.048379	 -0.046431	 -0.113839	 -0.112319	 -0.035503	 -0.120089	 -0.146869
 -0.057248	 -0.080704	 -0.121695	 -0.086884	 -0.051911	 -0.120121	 -0.135878
 -0.049900	 -0.101325	 -0.080485	 -0.081087	 -0.093722	 -0.129465	 -0.134896
 -0.035519	 -0.094103	 -0.089481	 -0.080010	 -0.091949	 -0.123003	 -0.146616
 -0.051610	 -0.084062	 -0.108106	 -0.086567	 -0.061065	 -0.095382	 -0.163213
 -0.031085	 -0.044689	 -0.113554	 -0.060403	 -0.059418	 -0.096364	 -0.132267
 -0.047524	 -0.016751	 -0.086630	 -0.047606	 -0.057169	 -0.101527	 -0.129067
 -0.063488	 -0.030499	 -0.065313	 -0.070381	 -0.061255	 -0.109478	 -0.107560
 -0.042076	 -0.065658	 -0.077856	 -0.086504	 -0.050201	 -0.091771	 -0.079115
 -0.019776	 -0.092836	 -0.070983	 -0.090431	 -0.019856	 -0.069757	 -0.046015
 -0.024876	 -0.119760	 -0.062969	 -0.109627	 -0.022960	 -0.086482	 -0.074459
 -0.010749	 -0.133222	 -0.098509	 -0.123627	 -0.023625	 -0.059399	 -0.105343
 -0.012776	 -0.133285	 -0.068861	 -0.086124	 -0.034046	 -0.067983	 -0.123176
 -0.009355	 -0.116054	 -0.064014	 -0.071996	 -0.016276	 -0.054236	 -0.131126
 -0.018700	 -0.093342	 -0.071141	 -0.097843	  0.004851	 -0.095414	 -0.125837
 -0.031750	 -0.097175	 -0.045801	 -0.096957	  0.028196	 -0.134913	 -0.152475
 -0.054778	 -0.099677	 -0.022361	 -0.070508	  0.027499	 -0.138777	 -0.150068
 -0.092091	 -0.089921	 -0.034208	 -0.043647	  0.015019	 -0.104093	 -0.118298
 -0.077077	 -0.056757	 -0.033384	 -0.015044	 -0.019666	 -0.071848	 -0.114940
 -0.048031	 -0.067274	 -0.044439	 -0.028316	 -0.050802	 -0.098962	 -0.090899
 -0.011446	 -0.062966	 -0.022963	 -0.064964	 -0.060527	 -0.096554	 -0.088713
 -0.012586	 -0.069523	 -0.046593	 -0.088563	 -0.028883	 -0.130574	 -0.080572
 -0.000201	 -0.071835	 -0.092205	 -0.080549	 -0.017258	 -0.116858	 -0.077880
 -0.024940	 -0.035662	 -0.110165	 -0.089861	 -0.029928	 -0.132189	 -0.072590
 -0.043881	 -0.055680	 -0.141239	 -0.090495	 -0.039368	 -0.144447	 -0.036734
 -0.062697	 -0.075129	 -0.158502	 -0.113269	 -0.031290	 -0.145366	 -0.064196
 -0.076982	 -0.090713	 -0.148936	 -0.126795	 -0.037245	 -0.153633	 -0.010063
 -0.088290	 -0.096257	 -0.134967	 -0.132433	 -0.082541	 -0.103935	  0.012775
 -0.090856	 -0.079785	 -0.119034	 -0.134809	 -0.090238	 -0.057499	  0.009607
 -0.099440	 -0.054255	 -0.081562	 -0.118369	 -0.067939	 -0.031493	  0.024621
 -0.077109	 -0.041775	 -0.078078	 -0.108360	 -0.064169	 -0.048439	  0.062948
 -0.051737	 -0.029865	 -0.094644	 -0.123944	 -0.078138	 -0.052716	  0.054903
 -0.052592	 -0.030023	 -0.069842	 -0.120966	 -0.111872	 -0.067540	  0.053921
 -0.061556	 -0.034775	 -0.076558	 -0.083051	 -0.108958	 -0.058924	  0.056867
 -0.090856	 -0.041553	 -0.072091	 -0.063666	 -0.095813	 -0.056833	  0.065767
 -0.100454	 -0.054382	 -0.080105	 -0.051978	 -0.077821	 -0.035959	  0.085881
 -0.079960	 -0.075414	 -0.117102	 -0.073992	 -0.059513	 -0.052019	  0.061808
 -0.037451	 -0.106963	 -0.137913	 -0.055272	 -0.080007	 -0.040837	  0.052876
 -0.043565	 -0.126823	 -0.126383	 -0.047765	 -0.067115	 -0.053254	  0.057437
 -0.029026	 -0.116117	 -0.130786	 -0.055430	 -0.073672	 -0.089111	  0.059971
 -0.041696	 -0.110130	 -0.101898	 -0.057299	 -0.076776	 -0.090061	  0.056265
 -0.059719	 -0.103257	 -0.075196	 -0.070666	 -0.093216	 -0.063549	  0.080211
 -0.069095	 -0.109465	 -0.043995	 -0.071711	 -0.067812	 -0.045652	  0.059211
 -0.078946	 -0.086627	 -0.034366	 -0.079218	 -0.085360	 -0.025253	  0.044418
 -0.060701	 -0.068097	 -0.059991	 -0.091698	 -0.101135	  0.009146	  0.055378
 -0.064629	 -0.047477	 -0.093060	 -0.130596	 -0.099551	 -0.011918	  0.042549
 -0.088259	 -0.062617	 -0.108075	 -0.127492	 -0.072310	 -0.025538	  0.059939
 -0.088955	 -0.057264	 -0.091889	 -0.125464	 -0.057961	 -0.013090	  0.050817
 -0.101087	 -0.081084	 -0.082956	 -0.123754	 -0.048237	 -0.029498	  0.029404
 -0.143437	 -0.127457	 -0.076083	 -0.158977	 -0.058880	 -0.004031	  0.003462
 -0.137957	 -0.119918	 -0.077286	 -0.141239	 -0.051721	  0.014309	  0.039287
 -0.083000	 -0.126697	 -0.089069	 -0.077603	 -0.075921	  0.029672	  0.039635
 -0.068715	 -0.127108	 -0.080865	 -0.095278	 -0.053273	  0.021120	  0.022847
 -0.041664	 -0.118999	 -0.077508	 -0.087106	 -0.040793	 -0.003936	  0.039002
 -0.055728	 -0.121565	 -0.090146	 -0.101264	 -0.048807	 -0.037195	  0.065482
 -0.094689	 -0.134837	 -0.080802	 -0.108866	 -0.044246	 -0.057562	  0.076062
 -0.111888	 -0.160304	 -0.114758	 -0.152832	 -0.051911	 -0.057784	  0.064089
 -0.096019	 -0.165214	 -0.101771	 -0.118211	 -0.081337	 -0.050783	  0.038115
  0.013717	 -0.007860	 -0.018585	 -0.014822	 -0.049786	  0.001728	 -0.019306
  0.032247	  0.027141	  0.006660	  0.017391	 -0.015038	  0.015728	 -0.006794
  0.014034	  0.013014	 -0.007246	  0.030442	 -0.008513	  0.011167	 -0.009867
  0.015237	  0.006869	 -0.027835	  0.008047	  0.009099	  0.008601	 -0.037773
  0.028953	  0.001927	 -0.030084	 -0.000157	  0.026172	  0.024059	  0.001695
  0.006147	  0.027774	 -0.002653	  0.002377	  0.011601	  0.013574	 -0.005876
  0.016789	  0.002846	 -0.020613	  0.019133	 -0.018490	  0.044363	  0.015378
  0.013432	 -0.039472	 -0.020296	  0.018373	 -0.021595	  0.018516	  0.046167
  0.017265	 -0.005833	 -0.028848	  0.014952	  0.014420	 -0.003118	  0.027953
 -0.019764	 -0.006783	  0.017018	  0.035288	  0.008972	 -0.031531	  0.005432
  0.001395	 -0.018408	  0.007167	  0.025944	  0.004949	 -0.015345	  0.008156
  0.001015	 -0.047201	  0.004918	 -0.022234	  0.007737	 -0.023802	  0.036696
 -0.016406	 -0.041499	  0.004537	 -0.038135	  0.024113	 -0.021712	  0.039768
 -0.016786	 -0.038205	  0.026457	 -0.036108	  0.007357	 -0.025164	  0.037931
 -0.014316	  0.018019	  0.029846	 -0.023470	 -0.007689	 -0.011544	 -0.014333
 -0.023185	  0.024734	  0.022941	 -0.050774	 -0.005155	 -0.015884	 -0.046452
 -0.007569	  0.036073	  0.019615	 -0.020967	  0.006343	  0.004959	 -0.036728
 -0.012035	  0.024734	  0.010239	 -0.010293	  0.018380	  0.017312	 -0.005464
 -0.020967	  0.013901	 -0.003350	  0.023220	 -0.004047	 -0.000331	 -0.001410
 -0.029203	  0.008231	  0.010112	  0.021794	 -0.008829	 -0.011576	 -0.035175
 -0.018180	 -0.006657	  0.005583	  0.023980	 -0.002780	 -0.021522	 -0.042302
 -0.028696	 -0.011313	 -0.016875	  0.016346	 -0.001798	 -0.009105	 -0.001663
 -0.064806	 -0.032504	  0.008275	  0.022776	 -0.036767	  0.005149	  0.029506
 -0.084730	 -0.010616	  0.010682	  0.020432	 -0.045256	 -0.002960	  0.010279
 -0.063317	 -0.004661	  0.013597	  0.010486	 -0.031921	 -0.010214	 -0.003817
  0.007540	 -0.046694	 -0.012187	  0.006527	 -0.047442	 -0.012146	 -0.037646
  0.019482	 -0.051350	 -0.018459	 -0.022234	 -0.029577	 -0.022219	 -0.057412
  0.021066	 -0.032092	 -0.007341	 -0.004591	 -0.012282	 -0.026622	 -0.027605
  0.000888	 -0.032979	 -0.004205	 -0.028126	  0.013121	 -0.016010	  0.017501
 -0.019605	 -0.009476	  0.017239	 -0.010958	  0.023099	 -0.027477	  0.016677
 -0.035158	  0.003289	  0.034724	 -0.002089	  0.003619	 -0.049206	 -0.013858
 -0.035285	  0.018557	  0.083662	  0.007002	  0.025063	 -0.022630	  0.000016
 -0.075797	  0.029960	  0.068015	  0.015301	  0.015212	  0.000049	  0.042239
 -0.052801	  0.013045	  0.033520	 -0.002247	  0.034154	 -0.006634	  0.024247
 -0.012795	  0.040191	 -0.014183	  0.023251	  0.054489	  0.000493	  0.036221
 -0.020682	  0.011208	 -0.038573	  0.005957	  0.038430	 -0.030549	  0.011767
 -0.029551	  0.019951	 -0.026789	 -0.002501	  0.018538	 -0.017372	  0.003025
 -0.007315	  0.013932	 -0.015133	 -0.010135	  0.064942	 -0.034002	  0.051076
 -0.015044	  0.021661	 -0.025807	 -0.006207	  0.061680	  0.002837	  0.081865
 -0.006429	  0.040508	 -0.023844	  0.022491	  0.047363	  0.008538	  0.061244
 -0.050742	  0.067844	 -0.036989	  0.035003	  0.041154	 -0.007141	  0.037203
 -0.035823	  0.018874	 -0.031129	  0.062909	  0.035991	 -0.015694	  0.035049
 -0.023977	 -0.011788	 -0.025617	  0.031962	  0.023353	 -0.039165	  0.025800
 -0.014126	 -0.009951	 -0.021436	  0.028256	  0.045969	 -0.031690	  0.066312
  0.003581	 -0.012865	 -0.011902	 -0.001487	  0.053698	 -0.016137	  0.051298
  0.006210	 -0.010679	  0.007927	 -0.016565	  0.022719	 -0.004195	  0.037234
 -0.007632	  0.000154	 -0.029228	 -0.054132	 -0.018681	 -0.002200	  0.030994
 -0.030280	  0.018810	 -0.014404	 -0.042412	  0.033109	 -0.039197	  0.031564
 -0.041556	  0.054984	 -0.038002	 -0.028855	  0.084169	 -0.056080	  0.034827
 -0.040796	  0.067527	 -0.018744	 -0.015646	  0.068648	 -0.016137	  0.023487
 -0.025085	  0.062269	  0.004664	 -0.010515	  0.039127	 -0.029219	  0.005274
 -0.022583	  0.021883	  0.013787	 -0.025370	  0.022973	 -0.032862	 -0.037741
 -0.055747	  0.019982	 -0.014784	 -0.012890	  0.015434	 -0.048097	 -0.057190
 -0.050172	  0.030910	 -0.033346	 -0.017103	 -0.008734	 -0.052310	 -0.026655
 -0.044534	  0.045323	 -0.019948	 -0.026701	  0.023321	 -0.074356	 -0.003152
 -0.034208	  0.043866	  0.005108	 -0.011116	  0.045399	 -0.042237	  0.012718
 -0.025624	  0.028566	  0.024398	 -0.015804	  0.035358	 -0.055890	 -0.007650
 -0.012162	  0.040666	  0.023353	 -0.026352	  0.049010	 -0.044011	 -0.021112
 -0.027081	  0.030435	  0.031208	 -0.052073	  0.064087	 -0.002707	  0.019908
 -0.043837	  0.033666	  0.025792	 -0.041176	  0.045620	 -0.012906	  0.026370
 -0.057489	  0.045893	  0.021104	  0.012988	  0.034946	 -0.062636	  0.039040
 -0.036995	  0.021123	  0.022656	  0.021667	  0.035358	 -0.042713	  0.030899
 -0.047353	  0.033413	  0.013692	  0.015364	  0.034154	 -0.011386	  0.034669
 -0.017768	  0.029992	  0.010873	  0.044125	  0.033584	 -0.002073	  0.063715
 -0.026922	  0.006584	 -0.011712	  0.073932	  0.049421	 -0.012969	  0.062385
 -0.022234	 -0.011630	 -0.006010	  0.062054	  0.046095	 -0.028522	  0.037361
 -0.048240	 -0.001462	 -0.008259	  0.056510	  0.063042	 -0.039038	  0.018736
 -0.072662	 -0.015209	  0.026235	  0.060248	  0.046000	 -0.031595	  0.007396
 -0.063856	 -0.039029	  0.010049	  0.027876	  0.044828	 -0.019906	 -0.003880
 -0.018845	 -0.052903	  0.032982	  0.006052	  0.039444	  0.005909	 -0.001885
 -0.024737	 -0.054296	  0.014674	  0.013464	  0.033996	 -0.025418	 -0.034985
 -0.026669	 -0.027594	  0.024335	 -0.004180	  0.038240	 -0.076573	 -0.022125
 -0.007220	 -0.059776	  0.036815	  0.018532	  0.054236	 -0.091809	 -0.001948
  0.019102	 -0.057622	  0.018443	  0.005355	  0.042801	 -0.094217	 -0.006288
  0.022396	 -0.050495	  0.004221	  0.000160	  0.058227	 -0.069066	  0.042207
  0.043682	 -0.044920	 -0.001512	  0.014699	  0.079355	 -0.061813	  0.066756
  0.012418	 -0.009507	  0.009859	 -0.001329	  0.069440	 -0.077492	  0.017247
  0.016758	  0.010163	  0.042263	  0.002314	  0.085151	 -0.056745	  0.012021
 -0.037090	 -0.041753	  0.069282	 -0.006587	  0.088889	 -0.055224	  0.001536
 -0.002659	 -0.067346	  0.046412	  0.012260	  0.072259	 -0.005779	 -0.003500
  0.026767	 -0.108018	  0.029244	  0.020559	  0.069314	  0.008728	  0.038026
  0.022935	 -0.086193	  0.016954	  0.039564	  0.096459	 -0.016390	  0.018039
  0.009726	 -0.082266	  0.006311	  0.025880	  0.115654	 -0.032165	 -0.024184
 -0.004148	 -0.073365	  0.009511	  0.014446	  0.137384	 -0.065994	 -0.039705
 -0.052484	 -0.060885	 -0.015323	 -0.003451	  0.136750	 -0.078791	 -0.025958
 -0.095626	 -0.053219	 -0.019251	 -0.016786	  0.111790	 -0.045532	  0.045660
 -0.068829	 -0.029304	 -0.027613	 -0.042158	  0.075047	 -0.022630	  0.094630
 -0.074530	  0.019381	 -0.013327	 -0.003388	  0.100450	 -0.069573	  0.048669
 -0.057267	  0.007819	 -0.016717	 -0.001107	  0.109636	 -0.097764	  0.008030
 -0.048240	  0.034268	 -0.037274	  0.005735	  0.096111	 -0.110371	  0.049208
 -0.055304	  0.059513	 -0.056849	  0.036492	  0.066083	 -0.110814	  0.092413
 -0.076368	  0.047983	 -0.052130	  0.020654	  0.100482	 -0.087596	  0.099793
 -0.087391	 -0.012897	 -0.058401	 -0.021823	  0.124048	 -0.083954	  0.026718
 -0.065883	 -0.020689	 -0.035627	 -0.040701	  0.112202	 -0.056111	 -0.026148
 -0.091762	 -0.007290	 -0.007056	 -0.046339	  0.054806	 -0.033717	  0.040434
 -0.108993	 -0.015589	 -0.004268	 -0.002469	  0.053951	 -0.041762	  0.105305
 -0.100377	  0.007407	 -0.006929	 -0.006365	  0.049738	 -0.076257	  0.123106
 -0.105604	  0.035915	 -0.003476	 -0.000093	  0.065766	 -0.048097	  0.094092
 -0.062272	 -0.003774	 -0.064451	  0.012102	  0.098772	 -0.034920	  0.062480
 -0.081341	 -0.043748	 -0.038446	  0.000382	  0.026457	  0.005434	  0.039483
 -0.092269	 -0.058636	 -0.012662	  0.023093	  0.008687	 -0.011101	  0.044551
 -0.100536	 -0.053409	 -0.039935	  0.020496	  0.021737	 -0.033020	  0.072521
 -0.071109	 -0.083913	 -0.035373	  0.019735	  0.061046	 -0.047464	  0.075435
 -0.104875	 -0.082487	 -0.036609	 -0.016660	  0.091898	 -0.047591	  0.058045
 -0.093726	 -0.091673	 -0.024857	 -0.023311	  0.129116	 -0.040147	  0.063145
 -0.068766	 -0.077673	 -0.025142	 -0.010641	  0.154552	 -0.023929	  0.067579
 -0.029235	 -0.070577	 -0.004142	  0.012070	  0.106532	  0.003755	  0.086363
 -0.031420	 -0.062754	  0.046412	  0.002409	  0.099247	  0.024756	  0.066534
 -0.040416	 -0.053599	  0.039159	 -0.031357	  0.052874	 -0.018418	  0.028334
 -0.039941	 -0.042386	  0.017049	 -0.026701	  0.025538	 -0.007173	  0.006541
 -0.046054	 -0.052776	 -0.021531	 -0.002596	  0.022022	 -0.011892	  0.026401
 -0.064014	 -0.060156	 -0.005060	  0.012228	 -0.001703	  0.006226	  0.052248
 -0.061353	 -0.043273	 -0.011205	 -0.024357	 -0.035817	  0.012307	  0.046293
 -0.072503	 -0.045269	  0.003999	 -0.014981	 -0.019916	  0.009837	  0.029474
 -0.062209	 -0.059048	 -0.010603	  0.006273	  0.006565	  0.001443	 -0.004102
 -0.088341	 -0.073428	 -0.011839	  0.027369	  0.014674	  0.001316	 -0.003658
 -0.039814	 -0.054201	 -0.027676	 -0.000347	  0.010461	  0.007208	  0.006129
  0.000888	 -0.027499	  0.010619	 -0.006524	  0.029054	  0.011991	 -0.007460
  0.005165	 -0.022336	  0.008972	 -0.002659	  0.041471	  0.019086	 -0.027795
 -0.047543	 -0.050970	  0.006185	 -0.019859	  0.036371	 -0.008725	 -0.050095
 -0.096798	 -0.011725	  0.001813	 -0.017452	  0.048091	 -0.008091	 -0.026813
 -0.087707	 -0.012010	  0.005076	 -0.002627	  0.016923	 -0.017689	  0.017754
 -0.096513	 -0.012421	  0.002637	  0.032849	 -0.024572	 -0.058772	 -0.003658
 -0.098857	 -0.010996	 -0.004680	  0.057429	  0.006945	 -0.095832	 -0.015695
 -0.080074	 -0.009349	  0.048186	  0.062022	  0.053824	 -0.126304	 -0.003690
 -0.105857	  0.012222	  0.071753	  0.060248	  0.053444	 -0.076700	  0.039705
 -0.084191	  0.001389	  0.032127	  0.066646	  0.048281	 -0.080755	  0.045280
 -0.085585	 -0.017996	  0.011284	  0.038107	  0.032982	 -0.061401	  0.052660
 -0.065978	 -0.027689	 -0.027803	  0.014889	  0.037797	 -0.020508	  0.055606
 -0.048177	 -0.064274	  0.003556	  0.015586	  0.048978	  0.012212	  0.040719
 -0.048683	 -0.082836	  0.009099	  0.028604	  0.073241	  0.009552	  0.021492
 -0.082798	 -0.098927	 -0.006581	  0.041306	  0.077391	 -0.002485	 -0.018641
 -0.070761	 -0.099529	 -0.002621	  0.011975	  0.018728	  0.005782	 -0.009455
 -0.017452	 -0.084419	  0.024493	  0.001459	  0.011474	 -0.000838	 -0.006002
  0.000603	 -0.111407	  0.033299	  0.000603	  0.009289	  0.014936	 -0.011609
  0.004183	 -0.123507	  0.057245	 -0.014569	  0.025950	  0.011199	  0.024533
 -0.019827	 -0.094999	  0.050118	 -0.019479	  0.019076	 -0.015472	  0.016012
 -0.029773	 -0.078116	  0.073020	 -0.018433	  0.039760	 -0.017467	 -0.013098
 -0.043774	 -0.074917	  0.054204	 -0.038547	  0.088129	 -0.017309	  0.000554
 -0.044756	 -0.050527	  0.003112	 -0.022678	  0.109224	 -0.015694	 -0.013985
 -0.055145	 -0.052871	 -0.007246	  0.020812	  0.089237	 -0.002200	 -0.039388
 -0.092554	 -0.078274	 -0.010287	  0.049193	  0.045209	 -0.023422	 -0.054846
 -0.050267	 -0.035798	  0.000388	  0.049257	  0.027122	 -0.034350	 -0.044393
 -0.067784	 -0.034753	  0.020438	  0.074344	  0.020312	 -0.056428	 -0.033338
 -0.046023	 -0.028037	 -0.004838	  0.046944	  0.014642	 -0.082243	 -0.031343
 -0.049127	 -0.040074	 -0.014848	  0.080457	  0.034502	 -0.070302	 -0.011799
 -0.063001	 -0.010964	  0.006311	  0.080299	  0.033394	 -0.062320	 -0.026781
 -0.075132	 -0.033010	  0.018348	  0.029808	  0.015972	 -0.044803	 -0.026465
 -0.095943	 -0.037698	 -0.017065	  0.046881	  0.053508	 -0.032576	 -0.021745
 -0.073105	 -0.024331	 -0.009146	  0.060375	  0.038303	 -0.002010	 -0.047687
 -0.066580	 -0.010014	  0.021674	  0.060660	  0.027375	  0.015475	 -0.009677
 -0.096070	 -0.004376	  0.046666	  0.046279	  0.027185	  0.025136	 -0.006921
 -0.068766	 -0.003046	  0.012266	  0.038804	  0.081699	  0.025769	  0.013795
 -0.065915	  0.001801	  0.017081	  0.029238	  0.091550	 -0.019621	 -0.006414
 -0.086725	 -0.011123	  0.049770	  0.035066	  0.087178	 -0.000299	  0.030931
 -0.097970	 -0.017458	  0.056770	  0.054040	  0.085975	  0.025516	  0.032958
 -0.065978	  0.001927	  0.073875	  0.037220	  0.085848	  0.013511	  0.009233
 -0.096450	  0.007851	  0.064150	  0.022554	  0.029466	  0.026150	 -0.030139
 -0.080992	 -0.033391	 -0.007943	  0.032500	  0.003429	  0.027670	 -0.079679
 -0.069462	 -0.003077	 -0.004142	  0.053945	 -0.009146	  0.031471	 -0.084114
 -0.050330	 -0.033327	  0.026393	  0.101014	 -0.001417	 -0.003530	 -0.075720
 -0.053973	  0.005950	  0.017081	  0.103168	  0.056960	 -0.033337	 -0.058900
 -0.076526	  0.007977	  0.003175	  0.069877	  0.053951	 -0.045912	 -0.028460
 -0.094137	  0.011398	 -0.008734	  0.064651	  0.021420	 -0.046007	 -0.039990
 -0.075196	  0.031987	  0.002827	  0.018025	 -0.005757	 -0.039133	 -0.032736
 -0.092522	  0.024512	  0.025538	  0.018532	  0.018823	 -0.033432	 -0.032990
 -0.109373	 -0.011566	  0.063802	  0.024613	  0.032158	  0.003850	  0.016772
 -0.094613	 -0.019612	  0.046381	  0.020242	  0.041693	 -0.034572	  0.029854
 -0.107473	 -0.017711	  0.046476	  0.023220	  0.048946	 -0.067831	  0.019560
 -0.114410	 -0.030920	  0.026172	  0.020812	  0.047901	 -0.045215	 -0.034700
 -0.102120	 -0.042481	  0.027565	  0.008776	  0.027914	 -0.034540	 -0.078191
 -0.104559	 -0.055437	  0.010524	  0.009821	  0.063897	 -0.034414	 -0.083955
 -0.107599	 -0.083184	 -0.008354	  0.038202	  0.074603	 -0.025513	 -0.066566
 -0.110704	 -0.093859	 -0.016717	  0.065665	  0.064689	 -0.005431	 -0.048637
 -0.079123	 -0.072826	 -0.042089	  0.055053	  0.076377	 -0.000743	 -0.052914
 -0.047480	 -0.019738	 -0.043989	  0.066361	  0.059114	  0.001791	 -0.033497
 -0.031452	 -0.038839	 -0.008259	  0.075642	  0.090821	 -0.012589	 -0.005971
 -0.044977	 -0.032599	  0.002003	  0.074977	  0.061901	 -0.051138	 -0.020003
 -0.058439	 -0.059333	  0.000008	  0.083213	  0.075078	 -0.038975	 -0.014967
 -0.069399	 -0.043495	 -0.032459	  0.072633	  0.067350	 -0.027223	  0.001251
 -0.069146	 -0.036083	 -0.008418	  0.027369	  0.032032	  0.001886	 -0.045343
 -0.050552	 -0.028671	 -0.022101	  0.023283	  0.018601	  0.024471	 -0.041637
 -0.044185	 -0.046124	 -0.051971	  0.012577	  0.009542	  0.039517	 -0.010817
 -0.037565	 -0.039029	 -0.051813	  0.046311	  0.047267	  0.060802	  0.039547
 -0.008076	 -0.023951	 -0.031256	  0.089104	  0.057720	  0.050128	  0.082688
 -0.042697	  0.006457	 -0.012124	  0.082896	  0.020882	  0.063590	  0.058298
 -0.040384	  0.000059	  0.008307	  0.059519	  0.029909	  0.080726	  0.043158
 -0.018370	 -0.019929	  0.002194	  0.032912	  0.049453	  0.044426	  0.036854
 -0.002374	 -0.029685	  0.010999	  0.028193	  0.057182	  0.033657	  0.032071
 -0.057204	  0.002941	  0.003809	  0.057714	  0.011728	  0.034163	  0.009677
 -0.070286	  0.017797	  0.013787	  0.062307	 -0.031477	  0.032865	 -0.006193
 -0.085648	  0.018177	  0.013787	  0.077479	  0.006533	 -0.020825	 -0.016519
 -0.104147	  0.043580	  0.008053	  0.070796	  0.009099	 -0.007300	 -0.040972
 -0.068575	  0.015421	  0.024208	  0.072285	  0.028579	 -0.000458	  0.010152
 -0.075322	 -0.000670	 -0.007182	  0.080140	  0.040141	  0.010882	  0.022632
 -0.076399	 -0.000322	  0.016637	  0.096009	  0.036276	  0.035969	  0.048384
 -0.037090	  0.007186	 -0.005060	  0.091575	  0.045937	  0.024027	  0.057823
  0.003581	  0.029992	 -0.005725	  0.089263	  0.056327	  0.032801	  0.036126
 -0.009754	  0.052133	  0.003841	  0.094552	  0.057087	  0.029380	  0.031406
 -0.002849	  0.032969	 -0.000499	  0.120526	  0.052399	 -0.004449	  0.013541
 -0.032497	  0.003353	  0.003112	  0.085430	  0.044797	 -0.002580	 -0.021397
 -0.007600	  0.000882	  0.036371	  0.100381	  0.032063	 -0.003340	 -0.035365
 -0.005510	 -0.049577	 -0.007372	  0.086887	  0.023796	  0.017217	 -0.046388
 -0.042982	 -0.052364	  0.016637	  0.100001	  0.040932	  0.032675	 -0.006794
 -0.056951	 -0.049893	  0.038969	  0.109186	  0.035991	  0.030204	  0.024849
 -0.035063	 -0.053504	  0.050688	  0.081375	  0.036118	  0.031629	  0.028365
 -0.041810	 -0.050527	  0.048598	  0.063922	  0.017366	  0.022602	  0.061593
 -0.034810	 -0.003552	  0.044068	  0.064999	  0.040394	  0.031344	  0.080218
 -0.048050	  0.002909	  0.059526	  0.064493	  0.056232	  0.050128	  0.034859
 -0.063888	  0.020109	  0.070200	  0.057492	  0.049611	  0.067232	  0.010342
 -0.037787	 -0.005770	  0.036403	  0.055148	  0.074825	  0.033752	  0.026560
 -0.023755	 -0.040866	  0.020755	  0.087837	  0.060318	  0.019276	  0.036126
 -0.034049	 -0.047676	 -0.011870	  0.081914	  0.063644	  0.049082	 -0.000491
