:RUN-3	LEVEL SWEEP	TEMP:NaN	8/27/2019	6:21 PM	HR:-636.36:SW EAR: R	SW FREQ: 11.30	# AVERAGES: 512	REP RATE (/sec): 80	DRIVER: 	SAMPLE (µsec): 40	MASKER dB: 2147483647:NOTES-:CHAMBER-SEWELL-PXI1:CFTS Version: V2.7.2 (R850):LEVELS:20;30;40;50;60;70;80;:DATA  0.054786	 -0.010999	 -0.060246	  0.024018	  0.017057	 -0.024341	  0.048028
  0.054627	  0.018015	 -0.041590	  0.076219	  0.014618	  0.006511	  0.042865
  0.056845	  0.009906	 -0.036933	  0.091803	  0.025293	  0.054784	  0.017208
  0.054722	  0.002241	  0.008267	  0.070295	  0.022759	  0.057033	 -0.000689
  0.046392	  0.030147	  0.017136	  0.056295	  0.000554	  0.051585	  0.007325
  0.049147	  0.029228	  0.027494	  0.034154	  0.018197	  0.017122	  0.006976
  0.035337	  0.006644	  0.035096	  0.030353	 -0.007333	 -0.001186	  0.030891
  0.015223	  0.021848	  0.039531	  0.028579	 -0.008030	  0.000588	  0.012583
  0.024314	 -0.002067	  0.021603	  0.032443	  0.024628	 -0.012273	 -0.059003
  0.038346	 -0.015085	  0.020621	  0.021864	  0.010532	 -0.022504	 -0.112534
  0.015350	 -0.009162	  0.024612	 -0.004268	  0.004767	 -0.059469	 -0.155930
 -0.053037	 -0.025221	  0.036237	  0.001845	 -0.004387	 -0.057283	 -0.154314
 -0.052720	 -0.012013	  0.019227	  0.009827	 -0.011831	 -0.060894	 -0.153554
 -0.035584	 -0.012836	  0.008204	  0.005741	 -0.022094	 -0.051392	 -0.132838
 -0.022122	 -0.002352	  0.002186	 -0.051940	 -0.004545	 -0.041224	 -0.067080
 -0.027380	 -0.012900	  0.014381	 -0.073859	 -0.005844	 -0.030771	 -0.006676
 -0.052245	 -0.014198	  0.003928	 -0.073004	 -0.026085	  0.000461	  0.094432
 -0.077681	  0.009558	 -0.025942	 -0.096507	 -0.040307	  0.020226	  0.148565
 -0.057883	 -0.005646	 -0.051631	 -0.090520	 -0.022347	  0.060042	  0.206468
 -0.066436	 -0.005108	 -0.062179	 -0.093339	  0.014396	  0.092984	  0.227278
 -0.041571	 -0.007832	 -0.102533	 -0.066098	  0.015790	  0.134226	  0.239125
  0.001951	 -0.029751	 -0.081722	 -0.025807	  0.056588	  0.190164	  0.256325
 -0.005461	 -0.035516	 -0.099904	 -0.013264	  0.069195	  0.199097	  0.248754
 -0.009705	 -0.007072	 -0.076433	  0.003619	  0.085919	  0.182974	  0.256103
  0.042781	 -0.018823	 -0.084605	  0.014579	  0.088612	  0.146326	  0.234437
  0.045030	  0.007182	 -0.097592	  0.003239	  0.117721	  0.144615	  0.245143
  0.029509	  0.041803	 -0.060722	  0.044290	  0.127477	  0.184811	  0.249768
  0.036952	  0.043356	 -0.007982	  0.067730	  0.103372	  0.205020	  0.255659
  0.045980	  0.022703	  0.012290	  0.045874	  0.079489	  0.220193	  0.309983
  0.042369	 -0.031557	  0.012797	  0.044100	  0.097829	  0.220668	  0.425376
  0.045315	 -0.041471	  0.042857	  0.062662	  0.080725	  0.249492	  0.524709
  0.058365	 -0.027470	  0.048875	  0.118822	  0.100237	  0.265425	  0.627274
  0.063021	 -0.020027	  0.086917	  0.157941	  0.133622	  0.317056	  0.707128
  0.080569	 -0.032760	  0.100126	  0.209002	  0.135111	  0.431150	  0.832213
  0.079017	 -0.034597	  0.055495	  0.245840	  0.160578	  0.477364	  0.860880
  0.052790	 -0.025190	  0.035350	  0.259270	  0.215250	  0.471029	  0.901962
  0.045695	 -0.033964	  0.070541	  0.300163	  0.292126	  0.529819	  0.876654
  0.064573	 -0.002637	  0.104719	  0.347201	  0.302547	  0.489623	  0.801267
  0.067582	  0.012852	  0.129394	  0.346314	  0.299538	  0.429471	  0.633989
  0.091877	  0.021024	  0.150553	  0.349323	  0.294755	  0.326273	  0.398357
  0.126815	  0.024794	  0.170477	  0.350115	  0.199824	  0.220224	  0.212834
  0.071035	  0.009083	  0.231673	  0.288095	  0.068751	  0.104894	  0.041946
  0.076705	  0.006834	  0.215234	  0.194368	 -0.074833	 -0.007141	 -0.168410
  0.060487	  0.031636	  0.192428	  0.137257	 -0.187692	 -0.149363	 -0.351873
  0.030744	  0.033124	  0.152232	  0.053286	 -0.297669	 -0.240810	 -0.510250
  0.034608	  0.008956	  0.137154	 -0.000055	 -0.344041	 -0.308057	 -0.619466
  0.036699	  0.025174	  0.091795	 -0.089760	 -0.450122	 -0.335804	 -0.676070
  0.023649	  0.031034	  0.059423	 -0.167935	 -0.463299	 -0.370710	 -0.720764
  0.024757	 -0.001560	  0.008996	 -0.238919	 -0.454367	 -0.336089	 -0.707777
  0.061057	 -0.045019	 -0.087297	 -0.249118	 -0.425162	 -0.315595	 -0.606733
  0.054469	 -0.102763	 -0.195817	 -0.217950	 -0.412048	 -0.270870	 -0.427450
  0.047532	 -0.121293	 -0.238737	 -0.236290	 -0.374671	 -0.165581	 -0.238792
  0.065555	 -0.146348	 -0.262588	 -0.254250	 -0.326050	 -0.115186	  0.032317
  0.081361	 -0.210807	 -0.236234	 -0.245666	 -0.182212	 -0.010499	  0.336051
  0.093588	 -0.203680	 -0.246782	 -0.166509	 -0.107712	  0.095677	  0.649320
  0.073442	 -0.182299	 -0.210546	 -0.095398	  0.007301	  0.212242	  0.952136
  0.040563	 -0.163928	 -0.173486	 -0.024414	  0.117405	  0.289181	  1.205095
  0.036857	 -0.206816	 -0.091415	  0.019805	  0.215566	  0.405113	  1.339240
  0.032201	 -0.232948	 -0.021951	  0.108116	  0.263428	  0.576952	  1.339208
 -0.009294	 -0.223224	  0.031992	  0.165290	  0.332227	  0.674702	  1.242314
 -0.004701	 -0.183946	  0.060658	  0.220373	  0.411858	  0.662285	  0.993219
 -0.037390	 -0.157593	  0.104022	  0.260759	  0.438434	  0.586486	  0.722237
 -0.051707	 -0.091233	  0.135950	  0.305643	  0.411446	  0.490351	  0.398895
 -0.034349	 -0.041091	  0.164553	  0.355057	  0.357345	  0.363872	  0.068807
 -0.011986	  0.019029	  0.182513	  0.360758	  0.277903	  0.244583	 -0.211171
 -0.005524	  0.031794	  0.173137	  0.320182	  0.170081	  0.111198	 -0.413513
 -0.004194	  0.021151	  0.183717	  0.260981	  0.019845	 -0.003910	 -0.573949
 -0.006633	  0.017889	  0.178522	  0.199151	 -0.087155	 -0.062541	 -0.633435
  0.027893	 -0.015782	  0.172979	  0.135927	 -0.161718	 -0.051107	 -0.666156
  0.040532	 -0.023068	  0.130281	  0.033552	 -0.194249	 -0.033527	 -0.627923
  0.046550	 -0.021262	  0.083274	 -0.081018	 -0.187850	  0.010629	 -0.552695
  0.023807	 -0.039729	 -0.003579	 -0.142278	 -0.146609	  0.049178	 -0.475597
  0.034513	 -0.077802	 -0.078840	 -0.161663	 -0.092223	  0.096215	 -0.372462
  0.010820	 -0.062503	 -0.093062	 -0.121404	 -0.010722	  0.163874	 -0.296568
  0.026310	 -0.078278	 -0.130281	 -0.087321	  0.056176	  0.228745	 -0.195397
 -0.005239	 -0.123067	 -0.122710	 -0.017604	  0.144550	  0.296878	 -0.102272
 -0.026367	 -0.144954	 -0.124167	  0.032380	  0.179932	  0.310214	 -0.063406
 -0.035647	 -0.119170	 -0.075926	  0.073875	  0.188832	  0.278317	 -0.008956
 -0.016072	 -0.121641	 -0.018815	  0.122370	  0.167895	  0.225261	  0.037005
 -0.030104	 -0.134913	  0.004308	  0.152936	  0.143727	  0.108030	  0.057879
 -0.064282	 -0.132886	 -0.012258	  0.181793	  0.102232	  0.013479	  0.064404
 -0.020697	 -0.086386	  0.001869	  0.171118	  0.054434	 -0.111385	  0.053286
 -0.004511	 -0.113374	  0.026005	  0.137701	 -0.006731	 -0.263490	  0.014452
 -0.015217	 -0.098043	  0.052138	  0.089744	 -0.135238	 -0.388734	 -0.004712
  0.035179	 -0.072703	  0.041210	  0.022307	 -0.226779	 -0.434188	 -0.043577
  0.006449	 -0.081065	 -0.010516	 -0.021911	 -0.259057	 -0.446256	 -0.093276
 -0.014583	 -0.095509	 -0.047671	 -0.069931	 -0.326303	 -0.453351	 -0.143513
  0.007051	 -0.052367	 -0.077351	 -0.116494	 -0.396274	 -0.455410	 -0.200338
  0.064288	 -0.031050	 -0.125783	 -0.176740	 -0.398840	 -0.435043	 -0.248327
  0.076737	 -0.010714	 -0.150679	 -0.215796	 -0.372613	 -0.401816	 -0.307939
  0.041672	 -0.034502	 -0.192808	 -0.238444	 -0.355730	 -0.351135	 -0.332583
 -0.018321	 -0.026964	 -0.224008	 -0.241833	 -0.338878	 -0.283857	 -0.341959
 -0.029978	 -0.066083	 -0.267878	 -0.246489	 -0.349141	 -0.226176	 -0.348294
  0.009965	 -0.118125	 -0.272883	 -0.222828	 -0.355254	 -0.191523	 -0.371068
  0.071637	 -0.121546	 -0.236203	 -0.202112	 -0.324814	 -0.178188	 -0.344144
  0.079999	 -0.145049	 -0.247701	 -0.152825	 -0.272265	 -0.117435	 -0.292482
  0.042876	 -0.131049	 -0.228759	 -0.154599	 -0.226209	 -0.057600	 -0.267268
  0.022984	 -0.128103	 -0.228506	 -0.161409	 -0.149238	 -0.004512	 -0.209968
 -0.033842	 -0.124872	 -0.233479	 -0.128277	 -0.113952	  0.019086	 -0.158717
 -0.039860	 -0.138872	 -0.178617	 -0.082760	 -0.043411	  0.097134	 -0.061411
 -0.062413	 -0.120786	 -0.125624	 -0.040885	 -0.021460	  0.128873	  0.042231
 -0.106410	 -0.104156	 -0.078048	  0.008339	  0.005401	  0.180788	  0.113754
 -0.073468	 -0.060825	 -0.029997	  0.053983	  0.000333	  0.227066	  0.225441
 -0.067196	 -0.029371	 -0.048875	  0.051892	  0.033180	  0.273882	  0.343147
 -0.038973	  0.001291	 -0.025562	  0.060191	  0.072362	  0.318323	  0.471748
 -0.060988	  0.045478	 -0.031929	  0.045494	  0.088263	  0.356840	  0.508618
 -0.044263	  0.074714	 -0.032024	  0.098233	  0.137962	  0.403022	  0.542448
 -0.022914	  0.094923	 -0.028508	  0.137732	  0.158551	  0.385379	  0.555054
  0.011929	  0.110856	 -0.041241	  0.164466	  0.181009	  0.438467	  0.567946
  0.049654	  0.109715	  0.004941	  0.224523	  0.168624	  0.438150	  0.540801
  0.053202	  0.080289	  0.049952	  0.256546	  0.146673	  0.442680	  0.523506
  0.032581	  0.102335	  0.040925	  0.253854	  0.149017	  0.438752	  0.506686
  0.048261	  0.115734	  0.044060	  0.259492	  0.138849	  0.408819	  0.430444
  0.026816	  0.080637	  0.055622	  0.244826	  0.103752	  0.343124	  0.352744
  0.042179	  0.059193	  0.079948	  0.188381	  0.056176	  0.301598	  0.278466
  0.036446	  0.022165	  0.061292	  0.153190	 -0.013446	  0.288294	  0.228419
  0.022730	  0.011839	  0.042983	  0.117302	 -0.022442	  0.254370	  0.131397
 -0.004701	  0.008418	  0.056604	  0.078658	 -0.042271	  0.220953	  0.037923
 -0.016801	 -0.004569	  0.015172	  0.055661	 -0.074073	  0.150063	 -0.105217
 -0.038340	 -0.016701	  0.008774	 -0.022767	 -0.112748	  0.086713	 -0.212375
 -0.030421	 -0.045240	 -0.006969	 -0.093371	 -0.122441	  0.011009	 -0.299102
 -0.036978	 -0.060381	 -0.023661	 -0.131730	 -0.180755	 -0.042491	 -0.419278
 -0.056743	 -0.060856	 -0.069432	 -0.160839	 -0.240717	 -0.048763	 -0.501666
 -0.101247	 -0.049960	 -0.070573	 -0.193148	 -0.275939	 -0.097131	 -0.559030
 -0.128234	 -0.060508	 -0.103705	 -0.259255	 -0.297479	 -0.140494	 -0.626942
 -0.120759	 -0.054236	 -0.140987	 -0.282631	 -0.269256	 -0.181229	 -0.660866
 -0.090446	 -0.060159	 -0.187898	 -0.258273	 -0.289497	 -0.211985	 -0.675690
 -0.052879	 -0.064245	 -0.227936	 -0.286717	 -0.338150	 -0.241507	 -0.708917
 -0.022692	 -0.048344	 -0.226130	 -0.265146	 -0.339132	 -0.250408	 -0.729570
 -0.002927	 -0.071816	 -0.218876	 -0.271640	 -0.359214	 -0.274101	 -0.756462
  0.019309	 -0.095857	 -0.201075	 -0.256784	 -0.338277	 -0.245403	 -0.734638
  0.048070	 -0.133868	 -0.189640	 -0.260712	 -0.301121	 -0.237611	 -0.665205
  0.035654	 -0.157244	 -0.187581	 -0.276834	 -0.262984	 -0.205397	 -0.591402
  0.038758	 -0.146886	 -0.152263	 -0.233724	 -0.226463	 -0.156902	 -0.548672
  0.029382	 -0.146633	 -0.150078	 -0.163532	 -0.159311	 -0.078221	 -0.515128
  0.039170	 -0.152810	 -0.125181	 -0.136354	 -0.087788	 -0.080723	 -0.456338
  0.000716	 -0.115940	 -0.129362	 -0.140599	 -0.018546	 -0.076669	 -0.436795
 -0.044485	 -0.126773	 -0.095723	 -0.123811	  0.027573	 -0.104036	 -0.377435
 -0.030548	 -0.123193	 -0.094171	 -0.082253	  0.083195	 -0.126620	 -0.342054
 -0.034032	 -0.072069	 -0.075989	 -0.075316	  0.098684	 -0.158961	 -0.344524
 -0.028837	 -0.083029	 -0.097782	 -0.048614	  0.102992	 -0.145974	 -0.358430
 -0.013918	 -0.106405	 -0.114380	 -0.046808	  0.075847	 -0.193012	 -0.368123
 -0.027190	 -0.123257	 -0.089166	 -0.071103	  0.018736	 -0.256584	 -0.386114
 -0.040304	 -0.119709	 -0.063984	 -0.083076	 -0.073598	 -0.299124	 -0.392196
 -0.017592	 -0.133234	 -0.057966	 -0.066193	 -0.150505	 -0.351325	 -0.447248
 -0.047146	 -0.160633	 -0.071174	 -0.034455	 -0.224974	 -0.401277	 -0.528970
 -0.057947	 -0.181032	 -0.050110	 -0.069646	 -0.291365	 -0.438401	 -0.604167
 -0.083445	 -0.142737	 -0.060975	 -0.114942	 -0.336819	 -0.443057	 -0.647404
 -0.086011	 -0.112107	 -0.081469	 -0.165876	 -0.368653	 -0.475999	 -0.713732
 -0.083097	 -0.092943	 -0.152833	 -0.165781	 -0.417465	 -0.488099	 -0.785572
 -0.093487	 -0.071151	 -0.197781	 -0.156310	 -0.389844	 -0.448948	 -0.854465
 -0.111161	 -0.083631	 -0.200315	 -0.199357	 -0.364187	 -0.441315	 -0.865742
 -0.118225	 -0.080305	 -0.201297	 -0.238159	 -0.365105	 -0.431369	 -0.870018
 -0.136818	 -0.077486	 -0.178902	 -0.253173	 -0.352562	 -0.411730	 -0.892666
 -0.113410	 -0.070771	 -0.183622	 -0.281681	 -0.360703	 -0.403526	 -0.890100
 -0.084047	 -0.051037	 -0.194772	 -0.311234	 -0.353132	 -0.418128	 -0.921585
 -0.080658	 -0.035168	 -0.202500	 -0.284690	 -0.344802	 -0.402544	 -0.890892
 -0.053386	 -0.068522	 -0.213903	 -0.262549	 -0.285917	 -0.364439	 -0.875403
 -0.003655	 -0.086006	 -0.227746	 -0.279147	 -0.239608	 -0.351040	 -0.847117
  0.001191	 -0.115401	 -0.229741	 -0.212723	 -0.223263	 -0.323261	 -0.775087
 -0.009167	 -0.104727	 -0.200441	 -0.187066	 -0.223168	 -0.298998	 -0.666377
 -0.018828	 -0.086862	 -0.161386	 -0.191058	 -0.232956	 -0.281893	 -0.609615
  0.007558	 -0.057784	 -0.104497	 -0.153047	 -0.252880	 -0.268114	 -0.581329
  0.004422	 -0.066526	 -0.109882	 -0.153491	 -0.223960	 -0.225891	 -0.501697
  0.046012	 -0.090979	 -0.100696	 -0.171102	 -0.214268	 -0.212080	 -0.475882
  0.043573	 -0.075395	 -0.110800	 -0.200782	 -0.194122	 -0.173373	 -0.408699
  0.020640	 -0.099595	 -0.116248	 -0.165115	 -0.184271	 -0.154083	 -0.374711
  0.018866	 -0.098011	 -0.096356	 -0.126187	 -0.188674	 -0.140082	 -0.391879
  0.039993	 -0.095794	 -0.063509	 -0.100656	 -0.168307	 -0.120761	 -0.423934
  0.045220	 -0.072164	 -0.028286	 -0.116367	 -0.140084	 -0.130992	 -0.418233
  0.032771	 -0.077042	 -0.012132	 -0.114372	 -0.067579	 -0.154621	 -0.424758
 -0.006443	 -0.080812	 -0.007665	 -0.102715	 -0.016962	 -0.167228	 -0.456687
 -0.006411	 -0.050467	  0.011498	 -0.113136	 -0.008727	 -0.184650	 -0.463909
 -0.007900	 -0.080400	 -0.004054	 -0.053840	 -0.011862	 -0.188577	 -0.469262
 -0.050630	 -0.093482	  0.040291	 -0.056786	 -0.046325	 -0.207963	 -0.440722
 -0.061811	 -0.113912	  0.042192	 -0.058876	 -0.072774	 -0.222755	 -0.432962
 -0.045942	 -0.120437	  0.026100	 -0.030432	 -0.091526	 -0.254557	 -0.439899
 -0.072011	 -0.097505	  0.041526	 -0.025079	 -0.112368	 -0.276603	 -0.457637
 -0.095039	 -0.078626	  0.044916	  0.002447	 -0.147940	 -0.291776	 -0.485955
 -0.059150	 -0.043340	  0.059803	  0.002130	 -0.142523	 -0.291617	 -0.487348
 -0.071821	 -0.041376	  0.042888	 -0.023242	 -0.145564	 -0.311193	 -0.494222
 -0.055349	 -0.017936	  0.043047	 -0.044306	 -0.138785	 -0.314360	 -0.468945
 -0.046322	  0.004490	  0.003389	 -0.045319	 -0.102866	 -0.309007	 -0.398689
 -0.052435	 -0.007673	 -0.043965	 -0.064926	 -0.087091	 -0.266150	 -0.342244
 -0.056236	 -0.010587	 -0.048178	 -0.093022	 -0.109707	 -0.230294	 -0.316840
 -0.065137	 -0.013470	  0.009344	 -0.123653	 -0.104829	 -0.204415	 -0.294097
 -0.066404	 -0.035643	 -0.019069	 -0.153111	 -0.066249	 -0.162002	 -0.266065
 -0.017846	 -0.050403	 -0.034209	 -0.127549	 -0.078539	 -0.127381	 -0.209081
 -0.023737	 -0.029561	 -0.052834	 -0.094511	 -0.102739	 -0.166753	 -0.187827
 -0.033018	 -0.037797	 -0.038105	 -0.065465	 -0.084621	 -0.162097	 -0.159477
 -0.047462	 -0.022846	 -0.050364	 -0.034613	 -0.127034	 -0.173912	 -0.141866
 -0.016104	  0.008291	 -0.067944	 -0.046111	 -0.138690	 -0.146481	 -0.117603
  0.012499	  0.010033	 -0.073582	 -0.041360	 -0.132165	 -0.132385	 -0.077375
  0.036414	 -0.015054	 -0.077985	 -0.057324	 -0.130993	 -0.135585	 -0.047695
  0.061279	 -0.033647	 -0.095121	 -0.085864	 -0.142650	 -0.094280	 -0.020359
  0.027260	 -0.012361	 -0.106556	 -0.087194	 -0.123835	 -0.059944	  0.000483
  0.015983	 -0.021104	 -0.110864	 -0.077628	 -0.129409	 -0.086203	  0.022307
 -0.013760	 -0.044258	 -0.115203	 -0.055234	 -0.136536	 -0.104289	  0.029276
 -0.018353	 -0.050530	 -0.118212	 -0.032111	 -0.127446	 -0.095610	  0.041154
 -0.007995	 -0.055091	 -0.103166	 -0.050958	 -0.136631	 -0.079456	  0.103459
  0.001286	 -0.078911	 -0.077795	 -0.035849	 -0.090544	 -0.054496	  0.138904
 -0.014742	 -0.113057	 -0.045549	 -0.045541	 -0.050506	 -0.036378	  0.157973
 -0.035869	 -0.114261	 -0.020906	 -0.035563	 -0.032356	  0.016679	  0.175553
 -0.025733	 -0.122180	 -0.012860	 -0.013169	 -0.029220	  0.024122	  0.238998
 -0.059024	 -0.117713	  0.005416	  0.046127	 -0.016329	  0.086934	  0.319453
 -0.031815	 -0.077929	  0.025214	  0.081699	  0.001124	  0.128429	  0.331332
 -0.016927	 -0.065164	  0.029236	  0.092436	  0.001695	  0.073853	  0.369722
 -0.018955	 -0.061395	 -0.002882	  0.099532	 -0.011134	  0.099446	  0.389709
  0.004327	 -0.075268	  0.000824	  0.125854	 -0.007333	  0.180852	  0.448372
 -0.011638	 -0.068807	  0.012227	  0.114641	 -0.011609	  0.178951	  0.473047
  0.001571	 -0.084644	  0.041305	  0.108306	 -0.021397	  0.171032	  0.473237
  0.005816	 -0.078658	  0.084161	  0.120469	 -0.000111	  0.183354	  0.536493
 -0.011574	 -0.081445	  0.078523	  0.110618	  0.009994	  0.207807	  0.527909
 -0.061691	 -0.160013	 -0.090563	  0.010331	 -0.061837	 -0.003511	 -0.050242
 -0.065334	 -0.095965	 -0.107192	 -0.010892	 -0.074348	 -0.044752	 -0.070039
 -0.055387	 -0.061819	 -0.069087	 -0.006014	 -0.054931	 -0.032906	 -0.063640
 -0.076325	 -0.041167	 -0.022366	 -0.000280	 -0.053854	 -0.004240	 -0.054170
 -0.105371	 -0.027705	  0.025654	 -0.013584	 -0.044003	  0.015209	 -0.027531
 -0.052442	  0.002482	  0.012635	  0.032314	 -0.009319	  0.027689	  0.011715
 -0.023617	 -0.003948	  0.039939	  0.050305	 -0.011980	  0.013308	  0.014661
  0.007393	 -0.015858	  0.049505	  0.025408	 -0.041058	  0.021607	 -0.019675
  0.034792	 -0.002966	  0.082511	  0.016793	 -0.028989	  0.086478	  0.143960
  0.071377	  0.017781	  0.056125	 -0.004620	 -0.065638	 -0.069649	 -0.241086
  0.069160	  0.035487	  0.038577	  0.029051	  0.039271	  0.069310	  0.324065
  0.081292	  0.053827	  0.027459	 -0.009181	 -0.020564	 -0.197871	 -0.419703
  0.071472	  0.069127	  0.039401	  0.011281	  0.090965	  0.077641	  0.449531
  0.035077	  0.018066	  0.019762	 -0.014978	  0.050547	 -0.164358	 -0.436807
  0.044168	  0.004731	  0.027934	 -0.008167	  0.111174	  0.114606	  0.319092
  0.030484	 -0.006767	  0.015106	 -0.054857	  0.031891	 -0.056567	 -0.239122
  0.002198	  0.003907	 -0.021321	 -0.022073	  0.052765	  0.063355	  0.092139
 -0.021210	  0.044515	 -0.040548	 -0.017005	  0.036959	  0.045364	  0.065943
 -0.000146	  0.078471	 -0.061865	 -0.025716	  0.006329	 -0.058056	 -0.191007
  0.014108	  0.087815	 -0.021669	  0.011883	  0.046620	  0.097343	  0.391914
 -0.001128	  0.070204	 -0.032185	 -0.041395	 -0.049483	 -0.195147	 -0.476116
  0.024719	  0.011287	 -0.075042	  0.010743	  0.047000	  0.143336	  0.499515
  0.011986	 -0.029510	 -0.077766	 -0.038607	 -0.069755	 -0.179753	 -0.539024
  0.010212	 -0.011392	 -0.069879	 -0.006774	  0.035723	  0.135702	  0.531982
  0.019683	  0.008975	 -0.081535	 -0.033254	 -0.079733	 -0.205093	 -0.435635
  0.048793	 -0.003980	 -0.071526	  0.035735	  0.000057	  0.036653	  0.276489
  0.064820	 -0.028718	 -0.072793	  0.071908	 -0.068678	 -0.122642	 -0.154042
  0.058517	 -0.036986	 -0.066806	  0.103456	 -0.064276	 -0.059925	 -0.029304
  0.046892	  0.023958	 -0.093034	  0.138172	 -0.037795	  0.020689	  0.199486
  0.013126	  0.013220	 -0.073395	  0.151920	 -0.087494	 -0.139367	 -0.308744
  0.002135	  0.030419	 -0.053154	  0.156101	 -0.000576	  0.097438	  0.431571
  0.008153	  0.047904	 -0.038900	  0.084926	 -0.092435	 -0.233917	 -0.525467
  0.043091	  0.030831	 -0.042987	  0.111629	 -0.009509	  0.107416	  0.541643
  0.000076	  0.001817	 -0.068295	  0.081220	 -0.096774	 -0.226189	 -0.544852
 -0.022318	  0.007518	 -0.060218	  0.115335	  0.000849	  0.102443	  0.450545
 -0.001603	  0.001468	 -0.036778	  0.076057	 -0.051986	 -0.159005	 -0.374122
 -0.022255	  0.057502	 -0.025850	  0.072541	  0.049661	  0.015779	  0.193595
 -0.025106	  0.057090	 -0.028353	  0.056609	  0.034995	 -0.087577	 -0.087112
  0.018448	  0.060733	 -0.032249	  0.056862	  0.023307	 -0.138543	 -0.154295
  0.069983	  0.056361	 -0.041371	  0.088442	  0.073322	 -0.004176	  0.209242
  0.096559	  0.063869	 -0.019103	  0.056228	  0.004111	 -0.229261	 -0.429237
  0.040589	  0.068556	  0.004020	  0.096203	  0.082793	  0.067251	  0.498818
  0.032638	  0.068461	  0.011210	  0.032440	 -0.013088	 -0.269742	 -0.563794
 -0.004042	  0.028202	  0.019382	  0.029685	  0.094449	  0.115240	  0.510950
  0.015945	  0.000423	  0.005603	  0.006657	 -0.056008	 -0.189572	 -0.510769
  0.003972	 -0.014813	  0.032084	  0.020277	  0.025334	  0.134118	  0.412566
  0.025195	 -0.004550	  0.015043	  0.000448	 -0.038175	 -0.033001	 -0.259489
  0.067259	 -0.037714	 -0.018280	  0.027436	  0.033918	  0.093067	  0.113741
  0.103971	 -0.029510	 -0.018533	  0.029938	  0.007311	  0.043368	  0.065595
  0.078821	 -0.003283	 -0.000795	  0.009602	  0.004713	 -0.076206	 -0.191989
  0.035742	  0.012586	  0.019160	  0.035069	  0.070915	  0.085275	  0.322418
  0.036978	 -0.013293	  0.015391	  0.007607	 -0.031397	 -0.172309	 -0.493094
  0.019841	 -0.006292	  0.027333	  0.038490	  0.052195	  0.150431	  0.495524
  0.008343	 -0.089440	 -0.021004	 -0.011398	 -0.047868	 -0.192011	 -0.556635
 -0.010725	 -0.048294	 -0.024583	 -0.002244	  0.026759	  0.169974	  0.505565
  0.006379	 -0.005754	 -0.063037	 -0.064930	 -0.063167	 -0.167304	 -0.478080
  0.034317	  0.042456	 -0.056892	 -0.051404	  0.003668	  0.102664	  0.308418
  0.015850	  0.047461	 -0.066110	 -0.018399	 -0.072828	 -0.079912	 -0.192654
  0.027032	  0.056488	 -0.037317	 -0.018589	 -0.071402	  0.010521	 -0.017965
  0.045783	  0.086485	 -0.023601	 -0.022801	 -0.077104	  0.060061	  0.098125
  0.027950	  0.074385	 -0.034846	 -0.033033	 -0.089014	 -0.091157	 -0.334749
  0.047716	  0.083761	 -0.043557	 -0.025019	 -0.005043	  0.147200	  0.404964
  0.054114	  0.054588	 -0.056417	 -0.077378	 -0.125916	 -0.149883	 -0.537186
  0.074133	  0.034347	 -0.060946	 -0.051214	  0.000595	  0.198767	  0.542720
  0.065961	  0.016926	 -0.072825	 -0.064328	 -0.094367	 -0.159797	 -0.536363
  0.049553	 -0.037271	 -0.070607	 -0.010702	  0.028596	  0.186192	  0.555549
  0.084269	 -0.043099	 -0.062752	  0.003141	 -0.077231	 -0.126253	 -0.311943
  0.076128	 -0.041547	  0.008834	  0.043685	 -0.020469	  0.070926	  0.285643
  0.046924	 -0.066285	  0.014441	  0.038870	 -0.059303	 -0.064550	 -0.053188
  0.060703	 -0.056403	 -0.022619	  0.048183	 -0.065099	 -0.074844	 -0.020277
  0.043915	 -0.089630	 -0.048973	  0.080840	  0.012822	  0.005358	  0.315133
  0.040747	 -0.064892	 -0.043398	  0.079510	 -0.023414	 -0.206455	 -0.279539
  0.031181	 -0.034420	 -0.059870	  0.154834	  0.052131	  0.090881	  0.588364
  0.041381	 -0.027990	 -0.074028	  0.108746	 -0.034627	 -0.222071	 -0.408205
  0.054906	 -0.009111	 -0.070069	  0.139091	  0.091694	  0.114891	  0.663118
  0.052499	  0.002228	 -0.099939	  0.144698	  0.003320	 -0.236230	 -0.434685
  0.059372	  0.011953	 -0.084925	  0.169088	  0.125808	  0.045142	  0.534928
  0.065422	  0.024179	 -0.082866	  0.124742	 -0.001939	 -0.200817	 -0.210677
  0.051992	  0.031845	 -0.056987	  0.105452	  0.007152	 -0.018462	  0.233886
  0.043408	 -0.001003	 -0.107794	  0.091863	 -0.014165	 -0.054033	  0.072500
  0.029249	  0.015469	 -0.122587	  0.103931	  0.009591	 -0.105442	 -0.078845
  0.042236	  0.052719	 -0.138361	  0.116126	  0.076395	  0.051794	  0.434264
  0.044548	  0.051705	 -0.098387	  0.075740	  0.004967	 -0.218016	 -0.312957
  0.053544	  0.063425	 -0.066553	  0.097596	  0.099644	  0.085750	  0.659000
  0.064219	  0.068556	 -0.042575	  0.049228	 -0.022496	 -0.270946	 -0.437441
  0.075463	  0.079389	 -0.028163	  0.071021	  0.101893	  0.096709	  0.597613
  0.120759	  0.060511	 -0.004501	  0.035861	 -0.041628	 -0.208324	 -0.427526
  0.144864	  0.058991	 -0.033611	  0.050495	  0.028533	  0.071401	  0.397172
  0.110750	  0.052560	 -0.018502	  0.034911	  0.001324	 -0.182920	 -0.220465
  0.113759	  0.079928	 -0.058412	  0.019992	  0.005252	 -0.118271	  0.070885
  0.093011	  0.094340	 -0.094649	  0.022431	 -0.019803	 -0.070568	  0.091790
  0.075907	  0.121898	 -0.055973	  0.000733	 -0.055913	 -0.203351	 -0.277544
  0.074893	  0.091014	 -0.056322	  0.026422	  0.013582	  0.004851	  0.414942
  0.032670	  0.061968	 -0.074630	 -0.035250	 -0.070579	 -0.276489	 -0.464206
  0.038657	  0.062031	 -0.061643	  0.018028	 -0.014038	  0.100289	  0.588301
  0.022312	  0.066276	 -0.058888	 -0.019032	 -0.129495	 -0.250230	 -0.519163
  0.001660	  0.067923	 -0.020750	  0.021005	 -0.054234	  0.120529	  0.502999
  0.011923	  0.065674	 -0.028163	 -0.017670	 -0.126137	 -0.171327	 -0.412829
 -0.006829	  0.105838	 -0.045172	  0.005833	 -0.077167	  0.079700	  0.242533
 -0.046803	  0.102101	 -0.061580	 -0.025114	 -0.118377	 -0.054984	 -0.197247
 -0.031029	  0.073751	 -0.069721	 -0.030435	 -0.067095	  0.005516	 -0.096013
 -0.030554	  0.007201	 -0.073838	  0.006308	 -0.032695	  0.085116	  0.162775
  0.011891	 -0.021180	 -0.097246	 -0.000312	 -0.100544	 -0.109782	 -0.370194
  0.020950	 -0.009238	 -0.122016	  0.028069	 -0.051922	  0.140263	  0.448929
 -0.002648	  0.015849	 -0.104025	 -0.019951	 -0.178782	 -0.204206	 -0.548336
 -0.000526	 -0.000717	 -0.069530	 -0.000439	 -0.051954	  0.117362	  0.570563
 -0.011042	 -0.051303	 -0.068739	 -0.015294	 -0.147265	 -0.223084	 -0.508932
  0.011131	 -0.062643	 -0.044444	  0.029906	 -0.036908	  0.092370	  0.471546
  0.042236	 -0.082566	 -0.042163	  0.023191	 -0.147297	 -0.151847	 -0.343238
  0.045372	 -0.059443	 -0.050652	  0.038269	 -0.098358	 -0.004747	  0.208387
  0.064250	 -0.044778	 -0.055942	  0.071749	 -0.100924	 -0.078645	 -0.037477
  0.060227	 -0.009365	 -0.044127	  0.073998	 -0.124237	 -0.131796	 -0.129937
  0.035362	 -0.026248	 -0.012673	  0.094714	 -0.056293	  0.022938	  0.249628
  0.073848	 -0.051081	 -0.040643	  0.073587	 -0.106530	 -0.189160	 -0.438644
  0.083509	 -0.057385	 -0.053883	  0.098610	  0.000089	  0.120973	  0.470912
  0.087722	 -0.033153	 -0.077418	  0.064686	 -0.096204	 -0.202242	 -0.506778
  0.087246	 -0.043479	 -0.066585	  0.082456	  0.013582	  0.069184	  0.431160
  0.110369	 -0.045063	 -0.080458	  0.043622	 -0.073651	 -0.226886	 -0.336745
  0.103338	 -0.055516	 -0.081219	  0.049197	 -0.028419	 -0.070029	  0.201133
  0.070902	 -0.064733	 -0.082676	  0.026264	 -0.034913	 -0.167779	 -0.154739
  0.039353	 -0.067172	 -0.084798	 -0.033824	 -0.018695	 -0.130783	 -0.003014
  0.048381	 -0.034040	 -0.074757	 -0.052164	 -0.049135	 -0.163757	 -0.039757
  0.030263	 -0.016650	 -0.071431	 -0.059101	  0.001894	 -0.167684	 -0.073491
  0.017687	 -0.014623	 -0.036525	 -0.066513	 -0.012993	 -0.116909	  0.020679
  0.008438	 -0.017252	 -0.035511	 -0.068826	 -0.032379	 -0.166291	 -0.067505
  0.014330	 -0.006102	 -0.025533	 -0.036073	 -0.041026	 -0.113773	  0.026603
  0.014805	 -0.033628	 -0.023791	 -0.045228	 -0.059619	 -0.087958	 -0.045554
  0.017783	 -0.065335	 -0.041910	 -0.012412	 -0.065511	 -0.070029	 -0.060663
  0.010085	 -0.032963	 -0.074060	 -0.012064	 -0.047678	 -0.044087	 -0.081759
  0.022882	  0.010781	 -0.083594	 -0.026666	 -0.025885	 -0.053400	 -0.066206
  0.035299	  0.036469	 -0.070291	 -0.038164	 -0.029781	 -0.050612	 -0.070166
  0.005968	  0.073403	 -0.067282	 -0.014661	 -0.029116	 -0.064740	 -0.073777
  0.016611	  0.065547	 -0.091386	 -0.021851	 -0.026455	 -0.065595	 -0.020562
  0.020031	  0.048411	 -0.114224	 -0.033666	 -0.091485	 -0.024005	 -0.038332
  0.030358	  0.098331	 -0.105577	 -0.028788	 -0.098263	 -0.029263	 -0.037477
  0.034697	  0.081512	 -0.111342	 -0.029612	 -0.103331	 -0.084663	  0.029865
  0.053829	  0.079991	 -0.119704	 -0.040445	 -0.108273	 -0.108610	  0.050866
  0.099283	  0.086453	 -0.121541	 -0.037974	 -0.071593	 -0.099677	  0.021028
  0.072803	  0.094277	 -0.120559	 -0.024987	 -0.040044	 -0.048268	  0.007502
  0.030421	  0.107517	 -0.111754	  0.005896	 -0.036781	 -0.041078	  0.039558
  0.005968	  0.088892	 -0.080775	  0.020942	 -0.039189	 -0.012760	  0.024955
  0.012081	  0.088449	 -0.047643	 -0.008548	 -0.023066	 -0.039463	  0.014059
  0.017878	  0.083444	 -0.055435	 -0.034680	 -0.022591	 -0.014471	 -0.033771
 -0.001571	  0.058864	 -0.051222	  0.005231	 -0.008052	 -0.012729	 -0.030666
  0.027475	  0.021265	 -0.038235	  0.005326	 -0.000450	 -0.022168	  0.006710
  0.021742	  0.003749	 -0.040041	  0.004693	 -0.029749	 -0.053115	  0.040033
  0.005873	  0.027379	 -0.029493	  0.035259	 -0.018473	 -0.059830	  0.041110
 -0.001761	  0.017211	 -0.030411	  0.040391	 -0.011980	 -0.070314	  0.034490
  0.012905	  0.002735	 -0.023665	  0.029811	 -0.016002	 -0.091410	  0.024354
  0.029059	 -0.001604	 -0.023506	  0.026675	 -0.048533	 -0.098125	  0.002308
  0.049838	  0.013917	 -0.041846	  0.023159	 -0.024903	 -0.099899	  0.023372
  0.047937	  0.036026	 -0.027909	  0.034848	 -0.021609	 -0.085297	  0.012222
  0.028964	  0.038782	 -0.038584	 -0.004715	 -0.014482	 -0.103352	  0.011683
  0.045847	  0.063013	 -0.056924	  0.028608	 -0.019803	 -0.093152	  0.021028
  0.040114	  0.078978	 -0.063671	  0.052047	 -0.006405	 -0.072152	  0.061794
  0.055413	  0.076539	 -0.084196	  0.075202	  0.010542	 -0.085614	  0.100754
  0.064440	  0.033745	 -0.094142	  0.065509	  0.043009	 -0.105189	  0.071518
  0.074988	 -0.001383	 -0.079255	  0.036906	  0.043801	 -0.133412	  0.104746
  0.066879	  0.010401	 -0.070417	 -0.002371	  0.048932	 -0.160938	  0.085899
  0.043471	  0.021867	 -0.034529	 -0.016847	  0.039873	 -0.151847	  0.063092
  0.048127	  0.021962	 -0.031520	 -0.004493	  0.046556	 -0.149313	  0.017607
  0.019715	  0.036533	 -0.048086	 -0.049979	  0.057928	 -0.168001	 -0.001905
  0.005112	  0.041157	 -0.021796	 -0.019571	  0.060747	 -0.172974	 -0.027784
 -0.016775	  0.051674	 -0.034846	 -0.000249	  0.060905	 -0.141901	 -0.030571
 -0.009332	  0.067511	 -0.009886	  0.028196	  0.088209	 -0.098442	 -0.006467
 -0.026911	  0.056805	  0.020617	  0.026454	  0.035185	 -0.058468	 -0.035259
  0.009008	  0.044325	  0.053496	  0.035513	  0.017795	 -0.052355	 -0.020784
  0.021425	  0.050850	  0.030754	  0.036875	 -0.031903	 -0.098094	  0.019064
  0.031783	  0.018034	  0.020332	  0.029906	 -0.058986	 -0.091759	  0.040350
 -0.008793	  0.028360	 -0.013560	  0.029843	 -0.064529	 -0.087989	  0.037626
 -0.000589	  0.020315	  0.006015	  0.044382	 -0.044669	 -0.075192	  0.050106
  0.015692	  0.028709	  0.026699	  0.050654	 -0.008115	 -0.050739	  0.023878
  0.003624	 -0.001573	  0.027808	  0.082424	 -0.014957	 -0.089573	  0.015516
 -0.010028	 -0.002745	  0.019794	  0.083564	 -0.066746	 -0.080894	  0.068889
  0.000456	  0.001975	 -0.014922	  0.057622	 -0.103490	 -0.087989	  0.043074
 -0.019151	  0.009799	 -0.011438	  0.052681	 -0.122463	 -0.087197	  0.045259
  0.000773	  0.035519	 -0.017583	  0.007829	 -0.131522	 -0.074971	  0.019127
  0.037421	  0.033175	 -0.054231	  0.012105	 -0.150274	 -0.031449	  0.004240
  0.029724	  0.059022	 -0.073522	  0.030571	 -0.143591	 -0.053653	 -0.002159
 -0.005531	  0.049963	 -0.074979	  0.032155	 -0.126581	 -0.066482	  0.018557
  0.026398	  0.040460	 -0.092020	  0.005960	 -0.160600	 -0.091695	  0.024227
  0.054779	  0.029944	 -0.106939	 -0.001167	 -0.137477	 -0.077821	  0.044309
  0.051770	  0.046479	 -0.091291	 -0.001547	 -0.132219	 -0.073799	  0.060083
  0.044897	  0.009355	 -0.086128	  0.015842	 -0.083756	 -0.065088	  0.092836
  0.059467	  0.006505	 -0.072666	  0.030508	 -0.052777	 -0.098600	  0.047983
  0.083509	  0.042013	 -0.066395	  0.021734	 -0.097820	 -0.132018	  0.006552
  0.053037	  0.023387	 -0.109821	  0.007734	 -0.088380	 -0.148331	 -0.045997
  0.071821	  0.020537	 -0.094111	  0.012770	 -0.085150	 -0.143231	 -0.014417
  0.070870	  0.042139	 -0.097088	  0.048595	 -0.097186	 -0.124448	 -0.026232
  0.071345	  0.008500	 -0.113591	  0.026770	 -0.114481	 -0.118714	 -0.012707
  0.049996	 -0.025773	 -0.117740	  0.057685	 -0.094811	 -0.116845	  0.002244
  0.084206	 -0.007053	 -0.145139	  0.037508	 -0.055913	 -0.116339	 -0.011440
  0.090826	  0.010781	 -0.101428	 -0.011778	 -0.068077	 -0.121122	 -0.005421
  0.080215	  0.030293	 -0.099749	 -0.022421	 -0.060633	 -0.118176	  0.026286
  0.074798	  0.065167	 -0.083563	  0.004471	 -0.062914	 -0.101261	  0.021946
  0.131370	  0.023863	 -0.065223	  0.021512	 -0.055311	 -0.056852	 -0.019992
  0.098935	  0.037230	 -0.023031	  0.031902	 -0.047773	 -0.049662	 -0.009761
  0.086930	  0.010211	 -0.000067	  0.045174	 -0.066810	 -0.038671	  0.016656
  0.059784	  0.004636	 -0.017963	  0.052269	 -0.052524	 -0.023213	  0.034110
  0.072993	  0.001975	 -0.027117	  0.061423	 -0.084896	 -0.015421	  0.038512
  0.075051	 -0.002713	  0.018780	  0.033644	 -0.112485	 -0.020299	  0.067685
  0.042743	  0.020917	  0.036835	  0.021544	 -0.088349	 -0.016751	  0.047920
  0.028901	  0.019840	  0.047288	  0.029178	 -0.061583	 -0.046241	  0.024512
  0.034349	 -0.021211	  0.031640	  0.038142	 -0.035261	 -0.060020	  0.010923
  0.060861	 -0.041262	  0.021599	  0.036938	 -0.026043	 -0.086025	  0.018462
  0.059752	 -0.017949	 -0.022144	  0.035259	 -0.009604	 -0.046305	  0.016720
  0.013380	 -0.025899	 -0.023633	  0.035038	 -0.019613	 -0.045259	 -0.016476
  0.022692	 -0.057986	 -0.052141	  0.018820	  0.015515	 -0.055649	 -0.003267
 -0.001983	 -0.077688	 -0.096454	  0.038490	 -0.026994	 -0.118619	  0.032969
 -0.017314	 -0.056529	 -0.102663	  0.041404	 -0.049768	 -0.112094	  0.055807
 -0.030776	 -0.026438	 -0.057050	  0.049197	 -0.021292	 -0.084727	  0.078993
 -0.050351	  0.021677	 -0.044792	  0.049957	  0.003098	 -0.046748	  0.079912
 -0.004390	  0.029469	 -0.056259	  0.058604	  0.014786	 -0.030023	  0.049409
