:RUN-1	LEVEL SWEEP	TEMP:NaN	8/27/2019	6:17 PM	HR:-636.36:SW EAR: R	SW FREQ: 5.66	# AVERAGES: 512	REP RATE (/sec): 80	DRIVER: 	SAMPLE (µsec): 40	MASKER dB: 2147483647:NOTES-:CHAMBER-SEWELL-PXI1:CFTS Version: V2.7.2 (R850):LEVELS:20;30;40;50;60;70;80;:DATA -0.049988	 -0.060842	  0.049130	 -0.015911	 -0.016848	  0.019952	  0.044634
 -0.071021	 -0.046461	  0.045899	 -0.010811	 -0.011368	  0.013807	  0.060915
 -0.057907	 -0.011207	  0.032786	 -0.020503	  0.010076	  0.020998	  0.064399
 -0.034119	 -0.036167	  0.023790	 -0.034187	  0.004976	 -0.004184	  0.016538
 -0.015114	 -0.026569	 -0.011307	 -0.041377	  0.017013	  0.020649	 -0.005698
  0.018177	 -0.050928	 -0.030153	 -0.034441	  0.033357	  0.028790	  0.002822
  0.007122	 -0.065878	 -0.041240	 -0.042486	  0.041054	  0.004495	  0.003551
 -0.022494	 -0.043009	 -0.025339	 -0.031305	  0.041846	  0.032021	 -0.005983
 -0.041658	 -0.013519	  0.007762	 -0.007105	  0.032059	  0.040921	 -0.016468
 -0.048626	 -0.007406	 -0.028791	  0.019502	  0.026610	  0.014441	 -0.007916
 -0.036558	  0.025663	 -0.028506	  0.049056	  0.046376	  0.022550	 -0.002784
 -0.024585	  0.030573	 -0.038801	  0.051685	  0.058476	 -0.024868	 -0.024260
 -0.002095	  0.044003	 -0.022488	  0.009493	  0.063797	 -0.042955	 -0.033794
  0.019286	  0.066398	 -0.001804	  0.010507	  0.040864	 -0.071589	 -0.018717
  0.013774	  0.068647	  0.019482	 -0.020472	 -0.009214	 -0.039566	  0.007732
  0.038924	  0.075394	  0.017676	 -0.018983	 -0.032781	 -0.035036	 -0.005857
  0.051848	  0.035103	  0.034686	  0.018679	 -0.074497	 -0.001397	  0.009442
  0.058500	  0.002287	 -0.000188	  0.041168	 -0.083335	  0.005698	 -0.012762
  0.104397	  0.015179	 -0.005193	  0.033281	 -0.090715	 -0.000795	 -0.036994
  0.092139	 -0.001261	  0.002599	  0.044209	 -0.097747	 -0.003931	 -0.038799
  0.073355	  0.014324	 -0.009216	  0.023335	 -0.074972	 -0.003044	 -0.023151
  0.072943	  0.013848	 -0.010356	 -0.022974	 -0.106426	  0.009531	 -0.025686
  0.075509	 -0.016782	 -0.011148	 -0.066686	 -0.062239	 -0.001334	  0.017108
  0.061699	 -0.024510	 -0.012574	 -0.048156	 -0.028600	 -0.035289	  0.012357
  0.009910	 -0.050864	 -0.012700	 -0.067415	 -0.040320	 -0.019008	  0.013845
  0.026001	 -0.082096	 -0.008392	 -0.047364	 -0.045388	 -0.054675	  0.025502
  0.036770	 -0.082920	 -0.023818	 -0.044102	 -0.043012	 -0.007542	  0.019547
  0.052735	 -0.128595	 -0.064933	 -0.052559	 -0.026446	  0.008549	  0.005736
  0.063948	 -0.131224	 -0.053878	 -0.043215	 -0.098887	  0.005445	  0.004628
  0.100058	 -0.095273	 -0.065186	 -0.031938	 -0.106616	  0.029582	  0.023601
  0.090587	 -0.069268	 -0.088911	 -0.000105	 -0.084728	  0.056030	  0.042670
  0.079532	 -0.025144	 -0.106934	 -0.011508	 -0.057329	  0.027048	  0.103075
  0.067179	 -0.028185	 -0.088214	  0.003126	 -0.049759	  0.047066	  0.098798
  0.048078	 -0.040063	 -0.068797	  0.036164	 -0.054447	  0.073262	  0.126926
  0.038101	 -0.051149	 -0.040384	  0.025331	 -0.063062	  0.091507	  0.142986
  0.037594	 -0.032556	 -0.026542	  0.030177	 -0.050836	  0.084887	  0.148497
  0.032589	 -0.039239	 -0.007125	  0.059730	 -0.060718	  0.066072	  0.142447
  0.028313	 -0.065562	 -0.008551	  0.074966	 -0.021884	  0.044026	  0.156574
  0.017892	 -0.063629	 -0.012447	  0.062518	 -0.031640	  0.030975	  0.156986
  0.021598	 -0.083997	  0.007794	  0.064481	  0.011945	  0.042157	  0.144474
 -0.011028	 -0.056819	  0.026007	  0.060205	  0.030602	  0.048904	  0.134211
 -0.004028	 -0.026062	  0.053121	  0.089537	  0.054516	  0.044406	  0.099970
 -0.010173	 -0.021850	  0.087964	  0.144272	  0.063892	  0.036233	  0.093065
  0.039019	 -0.034108	  0.099906	  0.151208	  0.087554	  0.017735	  0.040326
  0.013837	 -0.050896	  0.110073	  0.164924	  0.114383	  0.000757	 -0.018654
  0.044087	 -0.052891	  0.086032	  0.146647	  0.131867	 -0.022524	 -0.054130
  0.029802	 -0.057326	  0.119829	  0.139837	  0.104152	 -0.062435	 -0.059325
  0.031766	 -0.048425	  0.082611	  0.125995	  0.045521	 -0.122967	 -0.096638
  0.035503	 -0.029008	  0.095376	  0.146077	 -0.015834	 -0.150081	 -0.125051
  0.050517	 -0.039018	  0.101204	  0.137208	 -0.046940	 -0.189517	 -0.122390
  0.027584	 -0.039841	  0.080172	  0.101161	 -0.070696	 -0.216916	 -0.153590
  0.024227	 -0.024795	  0.058601	  0.111868	 -0.093122	 -0.219608	 -0.128250
  0.012539	 -0.019886	  0.044727	  0.079654	 -0.150930	 -0.208585	 -0.146147
 -0.011820	 -0.005410	  0.056732	  0.047345	 -0.161414	 -0.231835	 -0.126920
 -0.038870	 -0.038384	  0.030917	 -0.005078	 -0.186406	 -0.195788	 -0.110860
 -0.070989	 -0.043009	  0.026577	 -0.044988	 -0.197968	 -0.183593	 -0.068764
 -0.047011	 -0.057801	 -0.009026	 -0.072894	 -0.194198	 -0.165792	 -0.014251
 -0.049387	 -0.035628	  0.030790	 -0.060098	 -0.169745	 -0.127053	  0.045996
 -0.048880	 -0.024954	  0.050144	 -0.033079	 -0.201483	 -0.039344	  0.044760
 -0.070894	 -0.037022	  0.053691	 -0.071881	 -0.191316	  0.010133	  0.084323
 -0.052807	 -0.023972	  0.076624	 -0.060763	 -0.148396	  0.053686	  0.152900
 -0.045047	 -0.027488	  0.095851	 -0.027789	 -0.101801	  0.067434	  0.166204
 -0.078750	 -0.012442	  0.140608	 -0.010589	 -0.068637	  0.073452	  0.161991
 -0.059808	 -0.038162	  0.161799	  0.023240	 -0.067402	  0.090747	  0.167185
 -0.064781	 -0.065181	  0.164682	  0.032964	 -0.064298	  0.092267	  0.155212
 -0.048911	 -0.105029	  0.148781	  0.057196	 -0.009689	  0.076239	  0.144949
 -0.057812	 -0.087196	  0.119354	  0.086401	  0.010709	  0.113394	  0.139501
 -0.052744	 -0.102748	  0.105290	  0.142054	  0.025692	  0.109562	  0.132501
 -0.083944	 -0.074336	  0.076783	  0.144683	  0.049543	  0.108453	  0.116980
 -0.033644	 -0.070345	  0.077955	  0.118361	  0.070227	  0.074877	  0.107668
  0.011145	 -0.066258	  0.070257	  0.100275	  0.099875	  0.044691	  0.080395
 -0.007607	 -0.063344	  0.035921	  0.062929	  0.086952	 -0.009727	  0.012230
 -0.049608	 -0.081969	  0.004626	  0.034295	  0.043462	 -0.051127	 -0.000535
 -0.029843	 -0.118238	  0.009536	  0.029702	 -0.006047	 -0.120211	 -0.022043
 -0.006688	 -0.120930	  0.050049	  0.023937	  0.010266	 -0.142574	 -0.035251
 -0.038490	 -0.105061	  0.033356	  0.030906	  0.003868	 -0.141909	 -0.015011
 -0.061075	 -0.042058	  0.057112	  0.020674	 -0.029613	 -0.175199	  0.018026
 -0.038110	 -0.036072	  0.070162	 -0.003684	 -0.057678	 -0.108048	  0.050874
 -0.019612	 -0.022166	  0.066266	  0.008765	 -0.070601	 -0.087269	  0.157049
 -0.018852	  0.005106	  0.086887	  0.002683	 -0.075447	 -0.041941	  0.179634
 -0.034531	  0.013088	  0.082484	 -0.020757	 -0.104177	 -0.036208	  0.174312
 -0.033707	  0.015654	  0.083403	  0.001384	 -0.064646	 -0.018755	  0.180901
  0.033191	  0.017935	  0.069909	  0.026598	 -0.060750	  0.041111	  0.173964
  0.064740	 -0.008641	  0.079222	  0.031381	 -0.000947	  0.065026	  0.140356
  0.029137	 -0.013266	  0.077416	  0.041327	  0.001239	  0.055334	  0.115586
  0.036232	 -0.009940	  0.110517	  0.057228	 -0.017038	  0.018812	  0.010361
  0.018589	 -0.008704	  0.085905	  0.020738	 -0.048904	 -0.002410	 -0.046496
  0.035440	 -0.000184	  0.076846	  0.058146	 -0.037279	 -0.035670	 -0.106996
  0.017322	 -0.018460	  0.064397	  0.061789	  0.000162	 -0.058761	 -0.147192
 -0.006308	 -0.012157	  0.069941	  0.084564	  0.024457	 -0.091228	 -0.134427
 -0.070102	  0.020057	  0.079855	  0.094858	 -0.030817	 -0.148687	 -0.192709
 -0.088189	  0.037130	  0.070067	  0.113895	 -0.075542	 -0.224074	 -0.211398
 -0.093827	  0.069344	  0.042510	  0.072717	 -0.086470	 -0.248844	 -0.224226
 -0.089773	  0.081444	  0.050492	  0.078292	 -0.097937	 -0.253596	 -0.198094
 -0.097755	  0.106245	  0.060185	  0.039078	 -0.137404	 -0.228255	 -0.250517
 -0.073745	  0.070737	  0.021097	  0.016493	 -0.164803	 -0.208015	 -0.216878
 -0.045807	  0.074222	  0.009884	  0.003633	 -0.191569	 -0.166552	 -0.196320
 -0.052396	  0.066398	  0.024138	 -0.006345	 -0.173514	 -0.173235	 -0.162745
 -0.031205	  0.053506	  0.019228	 -0.021707	 -0.190492	 -0.202598	 -0.133793
 -0.004154	  0.033234	  0.005513	 -0.048663	 -0.163505	 -0.195123	 -0.105444
 -0.006783	  0.041628	 -0.017325	 -0.086990	 -0.144183	 -0.191290	 -0.093281
 -0.010046	  0.014609	 -0.059643	 -0.063804	 -0.143771	 -0.173330	 -0.106172
  0.003986	  0.002445	 -0.074816	 -0.072388	 -0.148871	 -0.150398	 -0.084317
  0.006172	 -0.019442	 -0.015266	 -0.075333	 -0.101358	 -0.101871	 -0.056062
  0.006869	 -0.005822	 -0.036140	 -0.112457	 -0.081181	 -0.051127	 -0.022360
  0.039589	  0.010491	 -0.046624	 -0.127186	 -0.066452	 -0.008619	 -0.021631
  0.038449	  0.005043	 -0.014917	 -0.114928	 -0.058438	 -0.003044	 -0.007916
  0.041838	 -0.016243	  0.013812	 -0.065387	 -0.044152	 -0.026167	 -0.037247
  0.091284	 -0.040982	  0.017265	 -0.040332	 -0.002309	 -0.018121	 -0.060148
  0.096732	 -0.063091	  0.004056	 -0.032635	  0.027022	 -0.040611	 -0.040636
  0.068636	 -0.047792	  0.020274	 -0.035866	  0.039724	 -0.043810	 -0.029582
 -0.009666	 -0.064263	  0.026387	 -0.072229	  0.028131	 -0.060440	 -0.035283
 -0.034626	 -0.060969	  0.070733	 -0.055030	  0.041023	 -0.068960	 -0.019984
  0.008706	 -0.082635	  0.084638	 -0.065039	  0.057431	 -0.053598	 -0.064836
  0.031544	 -0.060303	  0.082896	 -0.081542	  0.041530	 -0.016284	 -0.044152
  0.044721	 -0.089318	  0.100666	 -0.024178	  0.012642	 -0.028194	 -0.037754
  0.064930	 -0.070661	  0.059171	 -0.006440	  0.013212	 -0.056163	 -0.044279
  0.099297	 -0.071992	  0.058094	  0.009176	 -0.012635	 -0.064652	 -0.039496
  0.097967	 -0.055362	  0.045899	  0.027326	 -0.026731	 -0.078083	 -0.046528
  0.051309	 -0.024289	  0.041496	  0.058051	 -0.034776	 -0.109600	 -0.031292
  0.025621	 -0.003003	  0.022364	  0.041263	 -0.069081	 -0.083626	 -0.037405
  0.009625	  0.003681	 -0.013936	  0.030177	 -0.052039	 -0.100002	  0.006592
 -0.006562	  0.065669	  0.011373	  0.016082	 -0.051057	 -0.076499	  0.016728
 -0.003711	  0.074190	  0.036333	  0.026566	 -0.076176	 -0.096993	 -0.004051
  0.009023	  0.049356	  0.034116	  0.009240	 -0.051469	 -0.086065	 -0.017070
  0.035725	  0.014514	  0.021287	 -0.009861	 -0.042727	 -0.123790	 -0.026921
  0.042789	  0.032980	  0.013812	 -0.069188	 -0.059673	 -0.168041	 -0.026889
  0.060527	  0.033867	  0.035668	 -0.072641	 -0.061542	 -0.173299	 -0.082163
  0.095085	  0.030636	 -0.002342	 -0.077012	 -0.079470	 -0.156764	 -0.050551
  0.080482	  0.029908	 -0.053435	 -0.055315	 -0.081529	 -0.179349	 -0.065121
  0.058500	  0.049040	 -0.066010	 -0.048504	 -0.080991	 -0.168548	 -0.073674
  0.023910	 -0.005030	 -0.041240	 -0.055188	 -0.127490	 -0.195060	 -0.068289
  0.004588	 -0.004238	 -0.020049	 -0.047427	 -0.153179	 -0.170226	 -0.081466
 -0.023064	  0.015812	 -0.029742	 -0.063012	 -0.163695	 -0.189485	 -0.106679
 -0.034879	  0.039981	 -0.007505	 -0.055821	 -0.164740	 -0.178525	 -0.125526
 -0.018091	  0.011568	 -0.022995	 -0.034694	 -0.165849	 -0.153755	 -0.150043
 -0.028354	  0.018695	 -0.023026	 -0.021422	 -0.201959	 -0.121668	 -0.125589
 -0.017996	  0.009097	 -0.056032	 -0.022911	 -0.223498	 -0.115333	 -0.113996
  0.001389	  0.053094	 -0.051122	 -0.033585	 -0.238734	 -0.090563	 -0.093661
 -0.024807	  0.034913	 -0.049380	 -0.042359	 -0.226127	 -0.040167	 -0.081592
 -0.005136	  0.010206	 -0.039846	 -0.035929	 -0.244689	 -0.016759	 -0.058501
 -0.007639	  0.028387	 -0.051598	 -0.031748	 -0.223720	 -0.017330	 -0.021536
  0.014312	  0.006025	 -0.036678	 -0.031907	 -0.184759	 -0.036715	  0.022683
  0.024575	  0.014197	 -0.001931	 -0.032350	 -0.159324	 -0.035289	  0.027497
  0.036295	 -0.024447	  0.015427	 -0.003114	 -0.139558	 -0.038204	  0.037348
  0.051531	 -0.050136	  0.053660	  0.022575	 -0.128377	 -0.017203	  0.063005
  0.039304	 -0.052385	  0.073995	  0.035879	 -0.126920	 -0.008302	  0.035511
  0.019951	 -0.012094	  0.079697	  0.026534	 -0.105761	 -0.010646	  0.020022
  0.026761	  0.007260	  0.071841	  0.059857	 -0.064709	  0.025686	  0.041086
  0.011050	  0.014229	  0.041813	  0.002429	 -0.054827	 -0.012166	  0.022936
  0.056916	 -0.005157	  0.001459	 -0.027947	 -0.059958	 -0.030380	 -0.014472
  0.090808	 -0.044973	  0.010391	 -0.058894	 -0.060148	 -0.055150	 -0.079502
  0.059101	 -0.021248	  0.037093	 -0.018983	 -0.042283	 -0.100351	 -0.088118
  0.013141	 -0.033063	  0.017771	 -0.026807	 -0.065628	 -0.159013	 -0.141744
 -0.033359	 -0.030465	  0.003644	 -0.056867	 -0.124132	 -0.180711	 -0.181781
 -0.077197	 -0.052036	 -0.008139	 -0.090918	 -0.156505	 -0.197467	 -0.189003
 -0.110425	 -0.058023	 -0.035411	 -0.087972	 -0.174845	 -0.219070	 -0.239335
 -0.133199	 -0.053652	 -0.037407	 -0.091741	 -0.193216	 -0.239247	 -0.258721
 -0.118502	 -0.017922	 -0.025592	 -0.095416	 -0.190460	 -0.216409	 -0.286627
 -0.110488	 -0.020266	 -0.045579	 -0.139888	 -0.191886	 -0.232373	 -0.301166
 -0.080270	 -0.015641	 -0.064363	 -0.146349	 -0.187831	 -0.248908	 -0.341964
 -0.025757	 -0.002306	 -0.033511	 -0.119267	 -0.196289	 -0.253026	 -0.347443
 -0.043970	 -0.005125	 -0.022139	 -0.101307	 -0.183619	 -0.248781	 -0.292233
  0.003163	  0.003649	 -0.016470	 -0.099660	 -0.150233	 -0.227305	 -0.267400
  0.013806	 -0.022895	 -0.000474	 -0.108529	 -0.203479	 -0.195978	 -0.222579
  0.022263	 -0.050833	  0.034053	 -0.088827	 -0.192963	 -0.178208	 -0.146780
  0.015865	 -0.053810	  0.034591	 -0.088289	 -0.142536	 -0.126324	 -0.112603
  0.003258	 -0.084915	  0.037062	 -0.085089	 -0.141776	 -0.108681	 -0.123055
 -0.012865	 -0.093594	  0.028224	 -0.083854	 -0.151975	 -0.122397	 -0.071868
 -0.005231	 -0.089762	  0.049003	 -0.078564	 -0.162871	 -0.112482	 -0.040921
  0.008104	 -0.073829	  0.070796	 -0.080338	 -0.147192	 -0.089454	 -0.049442
  0.005190	 -0.063534	  0.064999	 -0.080560	 -0.140699	 -0.076182	 -0.047985
 -0.001050	 -0.065657	  0.049415	 -0.038337	 -0.128979	 -0.059616	 -0.058596
  0.019919	 -0.105219	  0.064271	 -0.036119	 -0.081814	 -0.056417	 -0.062302
  0.030309	 -0.093943	  0.062149	 -0.016607	 -0.077316	 -0.102378	 -0.070221
  0.022485	 -0.119061	  0.018627	  0.029417	 -0.088909	 -0.073141	 -0.068352
  0.017068	 -0.082476	 -0.013239	  0.005755	 -0.114503	 -0.052553	 -0.064519
  0.037214	 -0.094640	 -0.037090	 -0.017684	 -0.097557	 -0.084925	 -0.109340
  0.051658	 -0.073132	 -0.107726	 -0.023893	 -0.074085	 -0.105324	 -0.153590
  0.072880	 -0.055457	 -0.114315	 -0.016829	 -0.056727	 -0.120718	 -0.177632
  0.066102	 -0.022895	 -0.065376	 -0.018761	 -0.064583	 -0.144411	 -0.204999
  0.057644	  0.016668	 -0.089830	 -0.008847	 -0.067877	 -0.138298	 -0.231163
  0.004747	  0.047361	 -0.054987	 -0.016829	 -0.031672	 -0.154199	 -0.191062
 -0.014734	  0.033709	 -0.043552	 -0.040871	 -0.039338	 -0.146438	 -0.141364
 -0.009444	  0.047646	 -0.045294	 -0.072007	 -0.078172	 -0.142795	 -0.143613
  0.021566	  0.055597	 -0.057743	 -0.073243	 -0.076176	 -0.131551	 -0.132431
 -0.000417	  0.034406	 -0.079408	 -0.059021	 -0.089163	 -0.098862	 -0.135092
  0.050296	  0.010491	 -0.090273	 -0.085976	 -0.066167	 -0.088884	 -0.111114
  0.076871	  0.009857	 -0.060752	 -0.065356	 -0.047415	 -0.080395	 -0.085425
  0.085645	  0.024301	 -0.018719	 -0.101561	 -0.067940	 -0.064843	 -0.059895
  0.042345	  0.027722	 -0.017420	 -0.091805	 -0.096765	 -0.065983	 -0.053021
  0.029010	 -0.008134	  0.017581	 -0.068428	 -0.149409	 -0.087079	 -0.060718
  0.061255	  0.002160	  0.043207	 -0.077772	 -0.149694	 -0.122967	 -0.031545
  0.088686	  0.012328	  0.050302	 -0.104633	 -0.159450	 -0.146597	 -0.040351
  0.088654	  0.000893	  0.040166	 -0.092533	 -0.194832	 -0.153945	 -0.059451
  0.053336	 -0.000500	  0.001680	 -0.063138	 -0.218113	 -0.158190	 -0.093756
  0.037024	 -0.037719	  0.025120	 -0.038812	 -0.241838	 -0.155244	 -0.120870
  0.053938	 -0.067367	  0.036523	  0.023684	 -0.229801	 -0.139089	 -0.139337
  0.065690	 -0.030307	  0.001649	  0.048929	 -0.240856	 -0.099179	 -0.159197
  0.029390	 -0.048077	  0.032279	  0.015100	 -0.249123	 -0.075200	 -0.156758
  0.029232	 -0.047760	  0.045392	  0.047852	 -0.260716	 -0.061517	 -0.145323
  0.014883	 -0.070566	  0.056035	  0.025457	 -0.249852	 -0.049702	 -0.188750
 -0.010489	 -0.040063	  0.052107	  0.016778	 -0.203447	 -0.020212	 -0.208610
 -0.007575	 -0.043642	  0.040134	  0.033440	 -0.190619	  0.023690	 -0.176618
  0.025177	 -0.053367	  0.045899	  0.020294	 -0.161478	  0.051216	 -0.143929
  0.036612	 -0.070059	  0.043333	  0.000972	 -0.121947	  0.058121	 -0.132875
  0.008041	 -0.072752	  0.018342	 -0.003779	 -0.077791	  0.034745	 -0.129200
  0.000154	 -0.027361	  0.042605	  0.003728	 -0.065153	 -0.048086	 -0.112888
 -0.004724	 -0.025429	  0.046057	  0.020516	 -0.034143	 -0.062689	 -0.092140
  0.044151	 -0.022895	  0.028478	  0.044178	 -0.044437	 -0.107604	 -0.024007
  0.056441	 -0.030022	  0.006020	  0.064101	 -0.076018	 -0.116220	  0.001714
  0.051974	 -0.022800	  0.020939	  0.043101	 -0.092584	 -0.101491	  0.002981
  0.021820	 -0.061317	  0.016251	  0.067522	 -0.101009	 -0.074218	 -0.018369
 -0.017999	 -0.019157	 -0.046621	  0.064025	  0.037456	  0.044190	  0.033547
 -0.032063	  0.014672	 -0.040603	  0.050563	  0.021143	  0.025755	  0.035448
 -0.056517	 -0.021089	 -0.027363	  0.034599	  0.026243	  0.020972	  0.024361
 -0.040204	 -0.030275	  0.008494	  0.037450	  0.019369	  0.005546	  0.014194
 -0.015054	  0.026075	 -0.005697	  0.037671	  0.004926	  0.014922	 -0.026351
  0.034328	  0.043655	 -0.019222	  0.007738	  0.030329	 -0.013934	 -0.014853
  0.041518	  0.043402	 -0.009973	 -0.046807	  0.010279	 -0.024482	  0.008936
  0.006834	  0.063294	  0.004978	 -0.078577	 -0.010342	 -0.012667	  0.017456
 -0.004284	  0.042610	  0.017046	 -0.089853	  0.001790	  0.015176	 -0.008106
 -0.028357	  0.001780	  0.025725	 -0.115510	  0.004197	  0.038489	  0.021859
 -0.039412	 -0.018365	  0.039441	 -0.119977	  0.051140	  0.037222	  0.073300
 -0.006090	 -0.056661	  0.028766	 -0.057671	  0.037076	  0.009886	  0.042765
  0.034138	 -0.076743	  0.058953	 -0.024285	  0.004450	  0.008397	 -0.042030
  0.019219	 -0.030022	  0.061011	  0.024241	 -0.022790	  0.000858	 -0.024989
  0.006422	  0.005169	  0.009254	  0.023101	 -0.048162	  0.002157	  0.044412
  0.022513	  0.020469	 -0.027078	  0.027820	 -0.058805	 -0.034998	 -0.001359
  0.032523	  0.004631	 -0.040540	  0.043373	 -0.065045	 -0.059831	 -0.109593
  0.010667	 -0.011777	 -0.041775	  0.054523	 -0.022632	 -0.051343	 -0.079977
  0.012536	  0.017333	 -0.009213	  0.068365	  0.015853	 -0.029455	 -0.012160
  0.019282	 -0.018999	  0.014417	  0.059211	 -0.036474	  0.003139	  0.003139
  0.041994	 -0.028691	 -0.019317	  0.081922	 -0.068371	  0.009601	 -0.051659
  0.053238	 -0.102210	 -0.013996	  0.071722	 -0.057316	  0.030348	 -0.019350
  0.031541	 -0.091472	 -0.023150	  0.054618	 -0.068941	  0.067503	  0.076784
 -0.017873	 -0.072150	 -0.040793	  0.069790	 -0.034795	  0.100952	  0.108459
 -0.021642	 -0.044973	 -0.038322	  0.099882	 -0.050126	  0.050842	 -0.004463
  0.011617	 -0.044529	 -0.008738	  0.082872	 -0.101377	 -0.004970	 -0.073895
  0.032776	 -0.034837	 -0.029358	  0.059337	 -0.096721	  0.019103	  0.026262
 -0.013533	 -0.035153	 -0.025937	  0.041441	 -0.063493	  0.046914	  0.090373
 -0.024176	 -0.039810	 -0.016783	  0.040079	 -0.057823	  0.022968	  0.017995
 -0.028041	 -0.046240	 -0.010416	  0.033300	 -0.064475	 -0.019541	 -0.066357
 -0.051639	 -0.034171	 -0.009054	  0.002480	 -0.046198	 -0.020649	 -0.034365
 -0.092722	 -0.017162	 -0.000154	  0.022056	 -0.013414	  0.010171	  0.082296
 -0.064087	 -0.006455	  0.006657	  0.040427	 -0.026750	  0.012262	  0.096518
 -0.049611	  0.006753	 -0.018209	  0.044197	 -0.029411	 -0.055935	  0.010424
 -0.028991	 -0.010732	 -0.049916	  0.017779	 -0.031184	 -0.056062	 -0.028188
  0.014975	  0.035736	 -0.056916	  0.009069	 -0.035746	 -0.033604	  0.016031
  0.034233	  0.045017	 -0.067717	  0.038115	 -0.000206	  0.014859	  0.025058
  0.038826	  0.061393	 -0.072690	  0.047206	  0.012274	  0.004976	 -0.054320
  0.005028	  0.066366	 -0.064169	  0.045844	 -0.009518	 -0.026953	 -0.111431
  0.011522	  0.074253	 -0.048047	  0.088415	 -0.013129	 -0.028061	 -0.068827
  0.042944	  0.081032	 -0.013742	  0.104855	  0.004134	 -0.000409	 -0.008011
  0.048614	  0.069027	 -0.002022	  0.143435	  0.016709	 -0.000092	 -0.052071
  0.037717	  0.046759	  0.004946	  0.144449	 -0.002613	 -0.071678	 -0.158627
  0.055107	  0.029749	  0.041468	  0.154110	  0.017627	 -0.077760	 -0.154477
  0.055329	 -0.012379	  0.034404	  0.153065	  0.008790	 -0.061795	 -0.046211
  0.044147	 -0.043769	  0.051857	  0.099818	 -0.041637	 -0.013617	  0.013782
  0.061030	 -0.065055	  0.059111	  0.126141	 -0.078856	 -0.010766	 -0.066800
  0.093086	 -0.095875	  0.068709	  0.107420	 -0.115821	 -0.039876	 -0.131481
  0.078198	 -0.116115	  0.091230	  0.094814	 -0.124025	 -0.019224	 -0.081973
  0.072180	 -0.086024	  0.110171	  0.108054	 -0.079489	 -0.013554	  0.018755
  0.065592	 -0.087988	  0.122145	  0.133964	 -0.130930	 -0.033984	  0.002315
  0.098787	 -0.075729	  0.076247	  0.139223	 -0.162542	 -0.081846	 -0.070411
  0.086592	 -0.049724	  0.026074	  0.161047	 -0.156238	 -0.084380	 -0.085837
  0.055899	 -0.030940	 -0.026096	  0.122910	 -0.131563	 -0.090715	  0.010868
  0.045383	 -0.066955	 -0.006172	  0.143214	 -0.112907	 -0.083556	  0.060123
  0.047157	 -0.068602	 -0.027046	  0.124779	 -0.144487	 -0.088973	 -0.020744
  0.045858	 -0.030750	 -0.053717	  0.121959	 -0.174800	 -0.052736	 -0.075891
  0.034486	 -0.023275	 -0.063441	  0.137670	 -0.175560	 -0.009499	 -0.020712
  0.020043	 -0.013741	 -0.060939	  0.110081	 -0.202928	 -0.011368	  0.035068
  0.030527	 -0.034551	 -0.058214	  0.119235	 -0.182561	 -0.044881	 -0.010260
  0.032143	 -0.068064	 -0.036232	  0.087465	 -0.200711	 -0.090652	 -0.096765
  0.027803	 -0.066575	 -0.056916	  0.094339	 -0.189212	 -0.104905	 -0.038862
  0.040346	 -0.048932	 -0.039336	  0.080370	 -0.150347	 -0.084697	  0.037570
  0.045921	 -0.021755	 -0.036897	  0.072514	 -0.143093	 -0.072660	  0.048783
  0.003571	 -0.020963	 -0.038006	  0.044925	 -0.171791	 -0.102625	 -0.089258
 -0.015085	 -0.044973	 -0.051943	  0.023101	 -0.155763	 -0.115168	 -0.103512
 -0.021769	 -0.030814	 -0.057169	  0.014232	 -0.125482	 -0.096448	  0.005515
 -0.039000	 -0.048647	 -0.039558	  0.036309	 -0.092444	 -0.069873	  0.082201
 -0.032570	 -0.043927	 -0.018209	  0.077076	 -0.062068	 -0.075923	 -0.012952
 -0.017873	 -0.004460	  0.018757	  0.082999	 -0.056715	 -0.135282	 -0.113489
 -0.036435	  0.050053	  0.005231	  0.048568	 -0.025356	 -0.117259	 -0.060750
 -0.013882	  0.046126	  0.029558	  0.034852	 -0.050316	 -0.071773	  0.032439
 -0.008560	  0.079385	  0.055278	  0.023766	 -0.055796	 -0.053370	  0.046978
  0.002716	  0.084611	  0.025282	  0.070804	 -0.080788	 -0.078995	 -0.110164
 -0.006818	  0.084579	  0.059269	  0.079420	 -0.078095	 -0.082986	 -0.120205
 -0.054141	  0.063705	  0.022494	  0.067700	 -0.093743	 -0.059578	  0.031425
 -0.071721	  0.074950	  0.023064	  0.047396	 -0.112527	 -0.020712	  0.051602
 -0.065354	  0.041913	  0.005453	  0.069157	 -0.088897	 -0.015201	 -0.080832
 -0.049390	 -0.009686	 -0.005032	  0.050437	 -0.090354	 -0.011083	 -0.129042
  0.017889	 -0.011809	 -0.003289	  0.052084	 -0.086014	 -0.042283	 -0.057741
  0.068411	 -0.017764	  0.011946	  0.043215	 -0.078571	 -0.049030	  0.038932
  0.109335	 -0.019632	  0.003109	  0.072388	 -0.068244	 -0.089543	 -0.033984
  0.106738	 -0.025271	 -0.007091	  0.077012	 -0.088612	 -0.137056	 -0.196130
  0.093498	 -0.035755	 -0.060305	  0.104158	 -0.095580	 -0.176618	 -0.192234
  0.111869	 -0.027329	 -0.066672	  0.114737	 -0.096752	 -0.105349	 -0.103797
  0.115544	 -0.067652	 -0.070314	  0.098773	 -0.101092	 -0.064519	 -0.078013
  0.082950	 -0.101576	 -0.051721	  0.105298	 -0.082087	 -0.099172	 -0.169650
  0.112978	 -0.104712	 -0.089985	  0.113122	 -0.098906	 -0.107281	 -0.199931
  0.126155	 -0.087513	 -0.098189	  0.117398	 -0.102010	 -0.098317	 -0.089480
  0.115005	 -0.064548	 -0.103162	  0.080877	 -0.086711	 -0.080674	 -0.004241
  0.083457	 -0.089857	 -0.079690	  0.067731	 -0.104038	 -0.096575	 -0.027238
  0.043514	 -0.096413	 -0.057042	  0.066686	 -0.081421	 -0.086629	 -0.093439
  0.020708	 -0.080797	 -0.063187	  0.052115	 -0.091906	 -0.089733	 -0.013966
 -0.000071	 -0.029167	 -0.045956	  0.063582	 -0.090069	 -0.035315	  0.054675
  0.005314	  0.006595	 -0.070600	  0.072768	 -0.099128	 -0.031704	  0.007510
  0.024572	  0.026899	 -0.090365	  0.069885	 -0.081168	 -0.067529	 -0.108738
 -0.010271	  0.039062	 -0.079025	  0.065197	 -0.082910	 -0.062872	 -0.106743
 -0.035674	  0.075140	 -0.048997	  0.044640	 -0.057316	 -0.005445	  0.052648
 -0.048123	  0.059334	 -0.049725	  0.057025	 -0.048067	  0.013212	  0.092178
 -0.066304	  0.047424	 -0.066165	  0.071374	 -0.048637	 -0.016690	  0.006497
 -0.062598	  0.069565	 -0.096605	  0.052812	 -0.082847	 -0.085774	 -0.066483
 -0.032222	  0.046347	 -0.064296	  0.061301	 -0.080915	 -0.074719	 -0.006585
 -0.034217	  0.030700	 -0.045259	  0.090728	 -0.076892	 -0.030690	  0.119102
 -0.021389	  0.067792	 -0.034743	  0.100325	 -0.079489	 -0.019984	  0.065698
  0.024984	  0.107449	 -0.030404	  0.109068	 -0.079331	 -0.085995	 -0.042442
  0.030654	  0.081254	 -0.038481	  0.113280	 -0.064919	 -0.110955	 -0.037342
  0.000626	  0.068330	 -0.008674	  0.079420	 -0.047909	 -0.078393	  0.102948
 -0.005298	  0.062565	  0.013593	  0.034060	 -0.088548	 -0.050962	  0.119863
 -0.042453	  0.068362	  0.000448	  0.020472	 -0.104988	 -0.091760	  0.042923
 -0.012931	  0.068425	 -0.069586	 -0.015416	 -0.129251	 -0.145291	 -0.018083
 -0.044638	  0.072068	 -0.081242	 -0.007561	 -0.113318	 -0.132970	  0.060946
 -0.041661	  0.057117	 -0.048965	 -0.019091	 -0.116233	 -0.132811	  0.127845
 -0.040141	  0.006753	 -0.074179	 -0.066952	 -0.120255	 -0.197841	  0.071114
 -0.037987	 -0.006994	 -0.077821	 -0.062518	 -0.134763	 -0.238417	 -0.034174
 -0.081984	 -0.024257	 -0.043707	 -0.026629	 -0.128681	 -0.249947	 -0.027111
 -0.045620	 -0.020203	 -0.051594	  0.010716	 -0.113920	 -0.206552	  0.063037
 -0.020534	 -0.017890	 -0.050517	 -0.005755	 -0.139641	 -0.206647	  0.065951
 -0.010682	 -0.010605	 -0.091125	  0.024431	 -0.156555	 -0.250929	 -0.011558
 -0.019615	 -0.045606	 -0.111366	  0.021549	 -0.163872	 -0.234711	 -0.028663
 -0.034787	 -0.069204	 -0.089858	 -0.010000	 -0.127889	 -0.186026	  0.041054
 -0.021199	 -0.070788	 -0.075287	  0.008625	 -0.151424	 -0.203764	  0.018280
  0.026283	 -0.080132	 -0.079215	  0.025603	 -0.169099	 -0.215579	 -0.105919
  0.042025	 -0.106391	 -0.039843	  0.045717	 -0.190479	 -0.203099	 -0.088308
  0.091755	 -0.080702	 -0.013045	  0.060699	 -0.174230	 -0.140730	  0.033706
  0.095430	 -0.042375	 -0.023245	  0.038368	 -0.149207	 -0.103765	  0.086318
  0.103760	 -0.024510	 -0.046906	  0.016354	 -0.109802	 -0.060908	  0.025597
  0.142246	 -0.000152	 -0.041648	  0.034187	 -0.066819	 -0.073167	 -0.031831
  0.154663	  0.020374	 -0.030372	  0.030798	 -0.054687	 -0.031229	  0.010773
  0.153554	  0.030256	 -0.066102	  0.010716	 -0.009518	 -0.005445	  0.077038
  0.145223	  0.053538	 -0.052893	  0.016766	 -0.006636	 -0.012002	  0.075961
  0.116462	  0.046632	 -0.036073	  0.011983	 -0.027890	 -0.013807	  0.060376
  0.074334	  0.031080	 -0.031005	  0.036278	 -0.053927	 -0.033098	 -0.011147
  0.040251	 -0.016085	  0.004376	  0.025667	 -0.039071	 -0.030057	 -0.037374
  0.010001	 -0.037656	  0.018757	 -0.011774	 -0.015949	 -0.012509	 -0.003861
  0.009906	 -0.039715	  0.000765	  0.004476	 -0.020858	  0.021637	  0.020877
 -0.011696	 -0.080734	 -0.028598	  0.017494	 -0.064348	 -0.027079	  0.017266
 -0.010746	 -0.133283	 -0.034711	  0.001435	 -0.081960	 -0.062334	 -0.004020
 -0.028832	 -0.115260	 -0.057138	 -0.002271	 -0.106477	 -0.078995	 -0.013649
 -0.031493	 -0.114722	 -0.039431	  0.052369	 -0.091051	 -0.082099	  0.017140
 -0.011443	 -0.075064	 -0.035472	  0.074637	 -0.075847	 -0.088593	  0.049543
  0.018047	 -0.047253	 -0.021186	  0.089619	 -0.109929	 -0.131893	  0.059014
  0.032839	 -0.051244	 -0.007471	  0.089429	 -0.114427	 -0.147667	  0.065318
  0.088810	 -0.032746	 -0.001484	  0.053097	 -0.087250	 -0.145006	  0.061580
  0.070438	 -0.024637	  0.007163	  0.014263	 -0.080249	 -0.086249	  0.054611
  0.044147	 -0.025777	  0.000258	  0.009037	 -0.092349	 -0.078267	  0.017330
  0.041075	 -0.060398	  0.022969	 -0.012281	 -0.088453	 -0.084000	  0.007067
  0.013581	 -0.089191	  0.017711	 -0.059477	 -0.110373	 -0.069841	  0.010995
  0.023052	 -0.080259	 -0.009403	 -0.030050	 -0.108219	 -0.040383	 -0.004621
  0.029038	 -0.051783	 -0.013141	 -0.022828	 -0.117405	 -0.078552	 -0.003703
  0.043292	 -0.065340	 -0.010036	 -0.023050	 -0.138247	 -0.096448	 -0.030152
  0.045510	 -0.076806	  0.004408	 -0.019978	 -0.135079	 -0.051754	 -0.020808
  0.098534	 -0.098694	  0.037857	  0.001847	 -0.149080	 -0.007282	  0.011533
  0.110095	 -0.046461	  0.019327	 -0.006959	 -0.142175	  0.004469	 -0.001897
  0.087574	 -0.033316	 -0.018177	  0.008087	 -0.182181	 -0.000599	 -0.018780
  0.072750	 -0.011460	 -0.051056	 -0.000371	 -0.185126	 -0.037247	  0.013529
  0.067302	  0.000291	 -0.029643	  0.017463	 -0.159533	 -0.028600	  0.015366
  0.037179	 -0.009813	 -0.026888	  0.022309	 -0.140052	 -0.026889	 -0.015771
  0.021500	 -0.015641	  0.010774	  0.014168	 -0.126432	 -0.061890	 -0.017925
  0.014531	  0.005138	  0.006688	  0.015942	 -0.100553	 -0.099806	 -0.041016
  0.002399	  0.011663	  0.022241	 -0.004457	 -0.056873	 -0.096702	 -0.053908
  0.011459	  0.006658	  0.038680	  0.014168	 -0.066566	 -0.070538	 -0.039401
  0.003888	 -0.029927	  0.052364	 -0.001131	 -0.020985	 -0.045831	 -0.044184
  0.020898	  0.020215	  0.100352	  0.031843	 -0.055574	 -0.020491	 -0.014441
  0.007214	  0.025948	  0.107669	  0.056677	 -0.057412	 -0.043614	  0.031869
  0.010318	  0.043560	  0.078940	  0.094434	 -0.084304	 -0.050804	  0.082707
  0.011617	  0.037035	  0.105040	  0.130480	 -0.090069	 -0.038039	  0.048973
  0.034993	  0.027976	  0.099053	  0.115624	 -0.071190	 -0.056030	  0.024171
  0.076298	  0.018093	  0.120339	  0.098615	 -0.057697	 -0.065565	  0.021764
  0.116304	  0.045460	  0.087049	  0.137924	 -0.069670	 -0.077443	  0.022271
  0.112534	  0.088507	  0.098198	  0.152019	 -0.101789	 -0.059736	  0.032755
  0.071578	  0.077516	  0.101366	  0.119140	 -0.097132	 -0.023342	  0.048371
  0.091914	  0.065828	  0.097913	  0.146920	 -0.075181	 -0.037627	  0.009347
  0.075981	  0.022464	  0.112801	  0.115909	 -0.112051	 -0.059641	 -0.056822
  0.077438	  0.008305	  0.105167	  0.109004	 -0.083892	 -0.042315	 -0.060338
  0.074397	 -0.040285	  0.079415	  0.064279	 -0.073946	 -0.051596	 -0.047478
  0.119281	 -0.073956	  0.058762	  0.068301	 -0.037456	 -0.061003	 -0.069809
  0.100815	 -0.069933	  0.021576	  0.075175	 -0.034542	 -0.041618	 -0.072692
  0.057039	 -0.068159	  0.029399	  0.063328	 -0.027605	 -0.018432	 -0.051438
  0.058560	 -0.053367	  0.010711	  0.058070	 -0.020415	  0.003741	 -0.045958
  0.060334	 -0.013646	  0.011218	  0.048409	 -0.002233	  0.005008	 -0.035663
  0.059130	 -0.016180	  0.028544	  0.021010	  0.004609	 -0.012667	 -0.049220
  0.054094	 -0.033316	  0.048753	  0.000200	  0.012528	 -0.049062	 -0.043075
  0.031161	 -0.028533	  0.022589	  0.010969	  0.003690	 -0.019097	 -0.030912
  0.034867	 -0.046873	  0.024268	 -0.039680	 -0.004672	 -0.006839	  0.001872
  0.055170	 -0.073290	  0.020182	 -0.076581	 -0.026591	  0.034624	  0.033199
  0.043799	 -0.033855	  0.009571	 -0.068251	 -0.083575	  0.044602	  0.053566
  0.016368	 -0.030402	  0.031427	 -0.032553	 -0.130708	  0.002220	  0.050082
  0.006137	  0.010301	  0.043305	 -0.023462	 -0.126780	 -0.057107	 -0.008232
  0.000024	  0.008084	  0.016888	 -0.024507	 -0.136853	 -0.097969	 -0.010988
  0.032681	  0.030320	  0.034087	 -0.057925	 -0.133939	 -0.090335	 -0.039559
  0.044749	  0.024428	  0.037287	 -0.080984	 -0.133559	 -0.069302	 -0.045419
  0.000689	 -0.020868	  0.027562	 -0.051653	 -0.094345	 -0.069492	 -0.050836
  0.010445	 -0.081463	  0.027150	 -0.054282	 -0.066819	 -0.101009	 -0.027554
 -0.014135	 -0.058181	  0.038807	 -0.024697	 -0.091272	 -0.073198	 -0.059103
  0.041392	 -0.037434	  0.084419	 -0.039838	 -0.079267	 -0.033731	 -0.059261
  0.036039	 -0.019062	  0.108524	  0.006978	 -0.103119	  0.004659	 -0.003038
  0.037401	 -0.030687	  0.054043	  0.039984	 -0.078381	  0.021036	  0.043335
  0.026821	 -0.040380	  0.012231	  0.047174	 -0.059946	  0.017741	  0.066490
  0.016210	 -0.058181	  0.004534	 -0.003348	 -0.055163	  0.017931	  0.035099
  0.008734	 -0.084884	 -0.013299	 -0.021086	 -0.046959	  0.001175	  0.030760
  0.012631	 -0.095083	 -0.027996	 -0.030272	 -0.074326	 -0.021378	 -0.003038
  0.039586	 -0.077978	 -0.036802	 -0.038793	 -0.111671	 -0.020586	 -0.018464
  0.083013	 -0.060398	 -0.064233	 -0.013706	 -0.099350	 -0.001169	 -0.019445
  0.060144	 -0.040095	 -0.027299	  0.001942	 -0.118196	 -0.009594	  0.028638
  0.056026	 -0.040823	 -0.018620	  0.007231	 -0.108060	 -0.007599	  0.075390
  0.073035	  0.011283	 -0.024354	  0.044862	 -0.079616	  0.042258	  0.080173
  0.081651	  0.024175	 -0.028630	  0.028897	 -0.065109	  0.031045	  0.055847
  0.103095	  0.009826	  0.005200	  0.028549	 -0.049619	  0.055340	  0.003044
  0.086181	 -0.004650	 -0.000787	  0.024685	 -0.040719	  0.060123	 -0.020047
  0.099959	 -0.007247	  0.015019	  0.017684	 -0.043981	  0.041118	 -0.024070
  0.083868	 -0.002338	  0.000860	  0.034187	 -0.056936	  0.023886	  0.005831
  0.107720	  0.000196	  0.012485	  0.095669	 -0.024533	  0.029113	 -0.013110
  0.087384	 -0.024827	  0.051952	  0.073401	 -0.053674	  0.027941	 -0.022233
