:RUN-7	LEVEL SWEEP	TEMP:NaN	8/27/2019	6:28 PM	HR:-490.09:SW EAR: R	SW FREQ: 45.20	# AVERAGES: 512	REP RATE (/sec): 80	DRIVER: 	SAMPLE (µsec): 40	MASKER dB: 2147483647:NOTES-:CHAMBER-SEWELL-PXI1:CFTS Version: V2.7.2 (R850):LEVELS:20;30;40;50;60;70;80;:DATA -0.115974	  0.005496	 -0.033310	  0.035533	 -0.012675	  0.005005	 -0.002366
 -0.093802	 -0.001346	 -0.011676	  0.050009	 -0.005073	 -0.027272	  0.023639
 -0.058800	 -0.023392	 -0.009807	  0.020551	 -0.024553	 -0.016218	  0.029784
 -0.037831	 -0.023266	 -0.007811	  0.006392	 -0.003996	 -0.039974	  0.036056
 -0.015025	 -0.024691	  0.033525	 -0.011504	 -0.049133	 -0.044314	  0.025318
 -0.011161	 -0.057792	  0.000519	 -0.036021	 -0.031142	 -0.096863	  0.031400
  0.007528	 -0.068846	 -0.006006	  0.010573	 -0.011028	 -0.073360	  0.069695
 -0.012871	 -0.050380	  0.000108	 -0.007323	 -0.016318	 -0.053341	  0.061048
 -0.028234	 -0.022379	 -0.024282	 -0.056673	 -0.010489	 -0.050585	  0.047903
 -0.024433	  0.009233	 -0.030427	 -0.065891	  0.012634	 -0.046499	  0.035898
 -0.001246	  0.052724	 -0.008096	 -0.034089	  0.026222	 -0.020969	  0.016449
  0.024189	  0.056873	  0.020950	 -0.044890	  0.036580	  0.022046	 -0.027960
  0.046678	  0.021650	  0.011321	 -0.033392	  0.032969	  0.058916	 -0.011330
  0.023429	  0.028587	  0.013823	  0.003510	  0.046400	  0.076147	 -0.016557
  0.010600	  0.023867	  0.020222	  0.019886	  0.017227	  0.054355	 -0.003570
  0.036922	 -0.013034	  0.030674	  0.022483	  0.011113	  0.053721	 -0.009525
  0.049086	 -0.003975	  0.010877	  0.049249	 -0.008842	  0.079062	 -0.019344
  0.073286	  0.032958	  0.000266	  0.034963	  0.010543	  0.060658	 -0.084690
  0.049086	  0.034384	  0.008280	  0.013329	 -0.011503	  0.048020	 -0.114117
  0.078575	  0.023329	 -0.019151	  0.023307	 -0.008937	  0.011466	 -0.087731
  0.090169	  0.028112	 -0.025771	  0.034488	  0.000660	  0.033227	 -0.082568
  0.110187	  0.012496	 -0.024409	  0.033063	 -0.014829	  0.048495	 -0.056183
  0.089250	 -0.002011	 -0.020386	  0.030814	 -0.009381	  0.080772	 -0.033471
  0.101698	 -0.007269	 -0.034355	  0.017288	 -0.007100	  0.086474	 -0.019439
  0.064607	 -0.013003	 -0.050478	 -0.014799	  0.006774	  0.072758	  0.003779
  0.042149	  0.002772	 -0.080918	 -0.021989	 -0.009412	  0.041938	  0.031178
  0.008256	  0.031184	 -0.088013	 -0.002794	 -0.022843	  0.044472	  0.055600
 -0.001912	  0.045090	 -0.081203	 -0.022052	 -0.068867	  0.070668	  0.046002
 -0.012966	  0.029664	 -0.081963	 -0.072068	 -0.063355	  0.086030	  0.045970
 -0.034854	  0.012211	 -0.103439	 -0.073937	 -0.050780	  0.048495	  0.041504
 -0.067353	  0.004229	 -0.096787	 -0.071561	 -0.023761	 -0.004308	  0.043246
 -0.074290	  0.016740	 -0.087189	 -0.078751	  0.001516	 -0.018023	 -0.014688
 -0.069317	  0.032388	 -0.064763	 -0.067285	  0.010797	 -0.031073	 -0.042625
 -0.059656	  0.035175	 -0.032803	 -0.064054	 -0.036843	 -0.007000	 -0.017380
 -0.000550	  0.065330	  0.003402	 -0.094209	 -0.041278	  0.005036	  0.023101
  0.023524	  0.085191	  0.069160	 -0.104852	 -0.065984	  0.012258	  0.020377
  0.029890	  0.074770	  0.063332	 -0.135038	 -0.085338	 -0.006683	  0.035106
  0.053710	  0.027763	  0.025353	 -0.123667	 -0.113973	 -0.011181	  0.032382
  0.074521	  0.020922	  0.006728	 -0.133740	 -0.084895	  0.020050	  0.056170
  0.042751	  0.010215	 -0.016870	 -0.130667	 -0.063324	  0.024073	  0.030101
  0.067616	  0.020351	 -0.030491	 -0.089394	 -0.048373	  0.044947	  0.020535
  0.079367	  0.063525	 -0.015572	 -0.074823	 -0.049735	  0.060215	  0.008910
  0.066824	  0.082720	 -0.019183	 -0.041438	 -0.065953	  0.049065	 -0.043861
  0.057511	  0.033655	 -0.010060	 -0.011124	 -0.055025	  0.032499	 -0.080731
  0.049402	  0.025071	 -0.023649	  0.029705	 -0.075930	  0.010770	 -0.108193
  0.010632	  0.032546	  0.000456	  0.043611	 -0.066745	 -0.032245	 -0.102270
  0.010600	  0.010247	  0.025321	  0.015451	 -0.089044	 -0.029933	 -0.102999
  0.039045	 -0.029569	  0.051137	  0.015990	 -0.088157	 -0.021286	 -0.117062
  0.036827	 -0.080376	 -0.000526	  0.024764	 -0.079922	 -0.017548	 -0.153521
  0.015763	 -0.076195	 -0.041735	  0.046430	 -0.045966	 -0.016376	 -0.149150
  0.014655	 -0.046452	 -0.041419	  0.055996	 -0.072731	 -0.019037	 -0.147914
  0.005120	 -0.035936	 -0.020671	  0.028438	 -0.054771	 -0.016091	 -0.113483
 -0.011319	 -0.041827	 -0.007906	 -0.020025	 -0.072478	 -0.003294	 -0.089695
 -0.018541	 -0.049556	  0.012113	 -0.063579	 -0.074537	  0.011150	 -0.054409
  0.002618	 -0.025705	  0.025638	 -0.073081	 -0.026264	 -0.001045	  0.002195
  0.025741	 -0.037139	  0.032765	 -0.066366	 -0.032599	 -0.012829	  0.108244
  0.043859	 -0.022822	  0.020253	 -0.045460	 -0.047930	  0.027209	  0.160572
  0.016270	 -0.045438	  0.045308	 -0.034691	 -0.048658	  0.044789	  0.214388
 -0.008722	 -0.070145	 -0.005531	 -0.038714	 -0.029653	  0.050490	  0.235927
 -0.007265	 -0.101440	 -0.055324	 -0.042293	 -0.014607	  0.022806	  0.243751
  0.001636	 -0.117626	 -0.070655	 -0.056737	  0.013647	 -0.016978	  0.263675
 -0.001215	 -0.087155	 -0.077307	 -0.088792	  0.006425	 -0.022870	  0.282395
  0.028148	 -0.062543	 -0.129349	 -0.088539	  0.009371	 -0.038169	  0.214040
  0.007433	 -0.006319	 -0.125770	 -0.079036	  0.016181	 -0.004498	  0.131209
 -0.033650	 -0.031945	 -0.127290	 -0.095761	  0.051404	 -0.016883	  0.075714
 -0.064185	 -0.036886	 -0.127575	 -0.135608	  0.020141	 -0.014856	  0.012711
 -0.044135	 -0.006066	 -0.112055	 -0.189393	 -0.009856	  0.021856	 -0.069613
 -0.018129	  0.008346	 -0.073537	 -0.202000	 -0.043178	  0.038834	 -0.061282
 -0.010432	  0.010849	 -0.091846	 -0.193701	 -0.073143	 -0.002787	 -0.115574
  0.025456	  0.028682	 -0.094728	 -0.171021	 -0.051509	  0.003991	 -0.205437
  0.053457	  0.041352	 -0.094126	 -0.176881	 -0.063007	  0.027653	 -0.224568
  0.084150	  0.019496	 -0.064605	 -0.129843	 -0.090469	  0.023250	 -0.205975
  0.098119	  0.025673	 -0.066442	 -0.129178	 -0.090628	  0.004910	 -0.192513
  0.080951	 -0.011736	 -0.053582	 -0.131301	 -0.099212	  0.015426	 -0.202332
  0.062991	 -0.032990	 -0.070750	 -0.130224	 -0.092275	  0.008014	 -0.173635
  0.060204	 -0.058077	 -0.077655	 -0.139885	 -0.063989	 -0.013905	 -0.196916
  0.094223	 -0.107522	 -0.093398	 -0.123952	 -0.059681	 -0.052201	 -0.231094
  0.073634	 -0.097829	 -0.067329	 -0.094209	 -0.006530	 -0.065188	 -0.240374
  0.062231	 -0.100205	 -0.046645	 -0.066113	 -0.014259	 -0.040101	 -0.192703
  0.048706	 -0.071570	 -0.021717	 -0.062818	 -0.023381	 -0.063952	 -0.182060
  0.049846	 -0.070303	  0.002072	 -0.025410	 -0.050590	 -0.086600	 -0.161091
  0.102205	 -0.029791	 -0.001983	 -0.030795	 -0.044984	 -0.105384	 -0.145475
  0.082186	 -0.004609	  0.037199	 -0.015464	 -0.048753	 -0.073360	 -0.103505
  0.097295	  0.010279	  0.058802	 -0.007893	 -0.029241	 -0.098605	 -0.041834
  0.127545	  0.001536	  0.042141	 -0.016604	  0.005412	 -0.111687	 -0.007973
  0.114337	 -0.009740	  0.005207	 -0.016256	  0.017385	 -0.150363	  0.008118
  0.092513	 -0.003152	 -0.015160	 -0.029116	  0.005380	 -0.173549	  0.020884
  0.083865	  0.021175	 -0.022540	 -0.052841	 -0.018218	 -0.169463	  0.014390
  0.041167	  0.007365	 -0.039043	 -0.061615	 -0.045491	 -0.143457	  0.006155
  0.038094	  0.003120	 -0.062958	 -0.050909	 -0.115746	 -0.102343	  0.005774
  0.067426	 -0.005686	 -0.077465	 -0.052461	 -0.115683	 -0.082134	 -0.000624
  0.031316	  0.045597	 -0.119118	 -0.070991	 -0.086288	 -0.071681	  0.000358
 -0.014518	  0.065457	 -0.136571	 -0.084516	 -0.048436	 -0.078333	 -0.020041
 -0.065737	  0.058330	 -0.150350	 -0.113752	 -0.037667	 -0.108171	 -0.058748
 -0.093612	  0.054973	 -0.164414	 -0.096901	 -0.029336	 -0.103103	 -0.025996
 -0.104255	  0.022252	 -0.137838	 -0.082964	  0.011652	 -0.118181	  0.010526
 -0.088860	  0.027130	 -0.116584	 -0.073968	  0.018209	 -0.105415	 -0.044526
 -0.101721	  0.015283	 -0.067994	 -0.051130	  0.002308	 -0.058314	 -0.011774
 -0.059909	 -0.023170	 -0.081963	 -0.036813	  0.021154	 -0.052993	 -0.004203
 -0.033904	 -0.060991	 -0.058112	 -0.050845	  0.042757	 -0.048432	  0.010051
  0.003600	 -0.065964	 -0.065935	 -0.051225	  0.041078	 -0.051789	  0.015974
  0.004392	 -0.005559	 -0.051270	 -0.058036	  0.038132	 -0.036680	 -0.000434
 -0.007043	  0.021745	 -0.060899	 -0.051225	  0.020267	 -0.012258	  0.015625
  0.006482	  0.014016	 -0.076261	 -0.016604	  0.026571	 -0.012290	  0.068175
  0.009682	  0.001315	 -0.081995	 -0.046569	 -0.016001	  0.002914	  0.072609
  0.018551	 -0.017659	 -0.074108	 -0.050275	 -0.045681	  0.005448	  0.070645
  0.038633	 -0.014396	 -0.080094	 -0.040899	 -0.034753	  0.038264	  0.107927
  0.019564	 -0.033212	 -0.094792	 -0.040582	 -0.066523	  0.047418	  0.142738
 -0.001532	 -0.021112	 -0.134766	 -0.088602	 -0.065699	  0.045961	  0.145558
 -0.024718	  0.027003	 -0.105878	 -0.063895	 -0.081125	  0.050395	  0.135612
 -0.025130	  0.018958	 -0.063528	 -0.045049	 -0.087650	  0.015363	  0.159115
 -0.038528	  0.042873	 -0.044871	 -0.029654	 -0.078750	 -0.031992	  0.125222
 -0.051357	  0.052122	 -0.007938	 -0.033836	 -0.058161	 -0.028888	  0.112330
 -0.046257	  0.012084	 -0.019626	 -0.059461	 -0.075170	 -0.022584	  0.120534
 -0.037008	 -0.023234	  0.002452	 -0.085783	 -0.087302	 -0.073012	  0.123068
 -0.038021	 -0.032673	 -0.026943	 -0.098960	 -0.089583	 -0.098890	  0.151259
 -0.052909	 -0.097164	 -0.074931	 -0.096299	 -0.102348	 -0.080044	  0.111000
 -0.028044	 -0.095327	 -0.090610	 -0.116128	 -0.080618	 -0.076306	  0.061618
 -0.018604	 -0.062163	 -0.059252	 -0.097471	 -0.077483	 -0.048907	  0.025920
 -0.013125	 -0.037995	 -0.039645	 -0.103521	 -0.047359	 -0.077573	 -0.039680
 -0.015880	 -0.054497	 -0.064003	 -0.102096	 -0.050178	 -0.089958	 -0.046902
  0.013673	 -0.061244	 -0.042179	 -0.054868	 -0.035418	 -0.068925	 -0.075980
 -0.001627	 -0.067231	 -0.033627	 -0.050117	 -0.050210	 -0.051662	 -0.091057
 -0.025225	 -0.029569	 -0.037554	 -0.032790	 -0.058446	 -0.023028	 -0.112881
  0.000084	 -0.014840	 -0.013671	 -0.019993	 -0.057654	  0.021603	 -0.168978
 -0.018446	  0.000206	 -0.016839	 -0.016573	 -0.056704	  0.031200	 -0.186621
 -0.020505	 -0.023646	 -0.037808	 -0.026772	 -0.044255	  0.032372	 -0.199577
  0.007179	 -0.016360	 -0.024789	 -0.017776	 -0.060821	  0.051187	 -0.205373
 -0.000993	  0.033433	  0.010782	 -0.016541	 -0.078306	  0.048970	 -0.180603
 -0.031085	  0.031976	 -0.016363	 -0.033867	 -0.094587	  0.058884	 -0.184372
 -0.016672	  0.015822	 -0.023174	 -0.030130	 -0.082804	  0.070288	 -0.174205
 -0.005966	  0.003754	 -0.037079	 -0.030636	 -0.042798	  0.056034	 -0.195744
 -0.027189	 -0.032103	 -0.012848	 -0.003712	 -0.031047	  0.008552	 -0.222446
 -0.033429	 -0.057507	 -0.034133	  0.018080	 -0.049387	 -0.021603	 -0.244999
 -0.021582	 -0.062321	 -0.043953	  0.034171	 -0.070514	 -0.031454	 -0.239424
 -0.001310	 -0.059280	 -0.033088	  0.019347	 -0.090216	 -0.064491	 -0.211898
  0.028275	 -0.037108	 -0.044333	  0.028026	 -0.080017	 -0.065980	 -0.220387
  0.073286	 -0.047592	 -0.088140	 -0.001844	 -0.033897	 -0.132720	 -0.205848
  0.085734	 -0.085761	 -0.067044	 -0.032980	  0.021186	 -0.143553	 -0.206767
  0.087064	 -0.095612	 -0.064383	 -0.024745	  0.052418	 -0.140037	 -0.186653
  0.043479	 -0.065045	 -0.081425	 -0.053728	  0.049567	 -0.136647	 -0.198911
  0.024221	 -0.041796	 -0.091909	 -0.058352	  0.028250	 -0.114285	 -0.174553
  0.036796	 -0.027288	 -0.062926	 -0.062502	  0.040128	 -0.099904	 -0.150131
 -0.005934	 -0.044710	 -0.009205	 -0.066651	  0.038893	 -0.087424	 -0.136036
 -0.024623	 -0.041130	  0.005397	 -0.067760	 -0.019137	 -0.069274	 -0.159761
  0.001699	 -0.014998	 -0.022350	 -0.028324	 -0.045332	 -0.061260	 -0.136986
 -0.020695	  0.012116	 -0.052885	 -0.009446	 -0.088189	 -0.047513	 -0.128371
 -0.034759	  0.011831	 -0.056116	 -0.017238	 -0.094904	 -0.032974	 -0.136923
  0.002238	  0.010627	 -0.056781	  0.009496	 -0.077419	 -0.024865	 -0.146204
  0.020388	  0.027827	 -0.087411	 -0.007292	 -0.086732	 -0.045169	 -0.167395
  0.074489	  0.019750	 -0.100271	 -0.021641	 -0.095284	 -0.064966	 -0.169295
  0.081933	  0.017786	 -0.090705	 -0.008432	 -0.096329	 -0.054957	 -0.159729
  0.062358	 -0.003500	 -0.124883	 -0.028577	 -0.100701	 -0.071966	 -0.186400
  0.042656	 -0.012813	 -0.136951	 -0.032790	 -0.105135	 -0.059233	 -0.186273
  0.042592	 -0.032863	 -0.110091	 -0.048248	 -0.085306	 -0.025594	 -0.167553
  0.012501	 -0.078222	 -0.078954	 -0.069755	 -0.101619	 -0.018878	 -0.191246
 -0.013663	 -0.075942	 -0.077338	 -0.060918	 -0.062152	 -0.025847	 -0.202459
 -0.027822	 -0.066977	 -0.100113	 -0.036370	 -0.022874	 -0.050839	 -0.185798
  0.042687	 -0.077272	 -0.097737	 -0.046506	 -0.018440	 -0.054291	 -0.198753
  0.075851	 -0.066091	 -0.069135	 -0.057529	 -0.012295	 -0.095881	 -0.249149
  0.090834	 -0.023266	 -0.075026	 -0.063642	 -0.011440	 -0.087677	 -0.252474
  0.083042	 -0.050158	 -0.063623	 -0.048755	 -0.056799	 -0.088596	 -0.247343
  0.079811	 -0.045438	 -0.094792	 -0.037953	 -0.108461	 -0.085777	 -0.274235
  0.059697	 -0.036221	 -0.087728	 -0.021514	 -0.142069	 -0.067310	 -0.282439
  0.080254	 -0.038375	 -0.079967	 -0.018726	 -0.144761	 -0.059138	 -0.247913
  0.093178	 -0.019306	 -0.083990	 -0.015401	 -0.123887	 -0.081849	 -0.263402
  0.106893	  0.000903	 -0.090579	 -0.030795	 -0.130444	 -0.111212	 -0.284878
  0.075630	 -0.017089	 -0.033658	 -0.060031	 -0.126579	 -0.148557	 -0.271828
  0.062168	 -0.012718	 -0.025486	 -0.031713	 -0.126389	 -0.164427	 -0.234958
  0.017822	  0.016234	 -0.008445	 -0.021577	 -0.124805	 -0.141209	 -0.191943
 -0.000993	  0.036886	 -0.022825	 -0.023193	 -0.124299	 -0.157490	 -0.125425
  0.000021	  0.025039	 -0.017979	 -0.034342	 -0.134403	 -0.119574	 -0.087129
 -0.012079	  0.003310	 -0.025359	 -0.059049	 -0.133896	 -0.121031	 -0.085292
 -0.027632	  0.002043	 -0.026436	 -0.066651	 -0.093827	 -0.143204	 -0.051716
 -0.038908	 -0.014777	 -0.048767	 -0.073271	 -0.082139	 -0.121823	 -0.075314
 -0.049963	 -0.024121	 -0.066664	 -0.071814	 -0.096013	 -0.133480	 -0.080509
 -0.082177	  0.004260	 -0.024409	 -0.087589	 -0.134657	 -0.130059	 -0.080541
 -0.092345	 -0.028112	 -0.035305	 -0.093417	 -0.171780	 -0.127652	 -0.111583
 -0.111762	 -0.004482	 -0.030839	 -0.082584	 -0.183056	 -0.122805	 -0.138918
 -0.079643	  0.005147	 -0.024441	 -0.036528	 -0.171653	 -0.086410	 -0.190422
 -0.039669	 -0.015663	 -0.044681	 -0.056547	 -0.142987	 -0.082229	 -0.203694
 -0.035899	 -0.048162	 -0.082216	 -0.072163	 -0.126263	 -0.099809	 -0.187445
 -0.047556	 -0.083385	 -0.089787	 -0.064339	 -0.105325	 -0.092080	 -0.157512
 -0.020822	 -0.092983	 -0.054754	 -0.045872	 -0.089329	 -0.080645	 -0.143131
 -0.002418	 -0.099635	 -0.011010	 -0.061742	 -0.074283	 -0.068704	 -0.103284
  0.012057	 -0.085856	  0.002325	 -0.053918	 -0.038649	 -0.047735	 -0.116999
  0.018582	 -0.044330	  0.005841	 -0.068393	  0.003131	 -0.030187	 -0.091944
  0.042846	 -0.020478	  0.015122	 -0.059271	  0.021344	 -0.066265	 -0.089188
  0.022605	 -0.005939	  0.033905	 -0.062628	  0.011177	 -0.066835	 -0.048992
  0.018519	 -0.013319	  0.042711	 -0.115526	 -0.000417	 -0.057681	 -0.060205
 -0.003179	  0.023804	  0.063585	 -0.136179	 -0.017331	 -0.052359	 -0.070405
 -0.002070	  0.061814	  0.047367	 -0.149926	 -0.019042	 -0.069939	 -0.076708
  0.011582	  0.067769	  0.049933	 -0.106245	 -0.035513	 -0.079917	 -0.060490
  0.027610	  0.057728	  0.003529	 -0.067000	 -0.055500	 -0.072315	 -0.090360
 -0.018731	  0.028619	 -0.032328	 -0.044510	 -0.093320	 -0.064744	 -0.093749
 -0.020537	  0.034098	 -0.011866	 -0.008147	 -0.092528	 -0.047830	 -0.122764
 -0.022691	  0.030456	 -0.042622	 -0.012455	 -0.114194	 -0.031707	 -0.129226
 -0.060606	  0.010374	 -0.055514	 -0.058162	 -0.125914	 -0.052676	 -0.074554
 -0.042076	  0.019274	 -0.053455	 -0.054520	 -0.114923	 -0.061038	 -0.075980
 -0.048411	  0.019401	 -0.033183	 -0.031745	 -0.099307	 -0.069844	 -0.047218
 -0.064090	  0.025134	 -0.012848	 -0.018441	 -0.083089	 -0.094614	 -0.011045
 -0.081037	  0.017089	 -0.024662	  0.026949	 -0.085655	 -0.110072	 -0.005027
 -0.083951	 -0.010184	 -0.049718	  0.051783	 -0.143082	 -0.095279	 -0.018806
 -0.066656	 -0.035302	 -0.052442	  0.025429	 -0.131774	 -0.116565	 -0.000941
 -0.055094	 -0.044266	 -0.064320	  0.056851	 -0.149671	 -0.129077	  0.000010
 -0.073339	 -0.036537	 -0.066189	  0.048615	 -0.143019	 -0.079568	  0.013186
 -0.041031	 -0.032610	 -0.066030	  0.055330	 -0.113181	 -0.061862	  0.012711
 -0.044198	 -0.033750	 -0.096375	  0.029673	 -0.115778	 -0.041051	  0.021644
 -0.069728	 -0.015252	 -0.087316	  0.006170	 -0.130317	 -0.056667	  0.047111
 -0.067416	 -0.029442	 -0.035622	 -0.020184	 -0.144064	 -0.059708	  0.067605
 -0.025795	 -0.042873	 -0.025454	 -0.064085	 -0.142385	 -0.049223	  0.089080
 -0.009704	 -0.059977	 -0.006893	 -0.070579	 -0.158065	 -0.083021	  0.069980
  0.013514	 -0.042809	 -0.020893	 -0.048438	 -0.122050	 -0.052834	  0.070392
  0.024328	  0.026319	 -0.019293	  0.037329	  0.040552	  0.000808	 -0.033177
  0.020464	  0.011305	 -0.004374	  0.017152	  0.060825	  0.033085	 -0.003180
 -0.001804	  0.022518	  0.008454	  0.022094	  0.077201	  0.053072	  0.023237
 -0.009723	  0.055524	  0.011210	  0.015727	  0.094274	  0.023044	  0.035464
  0.006875	  0.046116	  0.008581	  0.017406	  0.072323	  0.061086	  0.062546
  0.009346	  0.043994	  0.028790	 -0.006224	  0.037290	  0.042112	  0.087760
 -0.018528	  0.005952	  0.015233	 -0.028745	 -0.006454	  0.028619	  0.087094
 -0.010293	  0.014282	  0.009943	 -0.063937	 -0.023780	  0.010627	  0.042654
  0.011721	 -0.036715	  0.019129	 -0.076797	 -0.028341	  0.021048	  0.041165
  0.005640	 -0.046598	  0.016658	 -0.111798	 -0.023907	  0.026211	  0.064066
 -0.012542	 -0.031298	  0.017070	 -0.091716	 -0.006707	  0.035651	  0.117724
 -0.010800	 -0.035068	 -0.011216	 -0.037393	 -0.002304	  0.011261	  0.071035
 -0.018022	 -0.020624	 -0.014574	 -0.012528	 -0.048614	 -0.004324	 -0.036693
 -0.024230	  0.005762	 -0.006877	  0.016645	 -0.058496	 -0.035049	 -0.098111
 -0.012922	 -0.019420	  0.015993	  0.016297	 -0.034645	 -0.052724	 -0.079993
  0.000033	 -0.007795	 -0.030697	  0.035936	 -0.046713	 -0.050506	 -0.017149
  0.009916	 -0.001397	 -0.047833	  0.052375	 -0.050261	 -0.049809	 -0.055096
 -0.002374	 -0.006085	 -0.033737	  0.072616	 -0.053365	 -0.082973	 -0.113854
  0.005481	 -0.028606	 -0.004311	  0.037804	 -0.012757	 -0.056335	 -0.126049
  0.027432	  0.001834	  0.021853	  0.087756	  0.013882	 -0.014903	 -0.069445
 -0.012225	  0.015613	  0.022011	  0.116739	  0.014990	  0.010659	  0.012879
 -0.051059	  0.023627	  0.000630	  0.115377	  0.063232	  0.029284	  0.038568
 -0.054385	  0.050741	  0.010671	  0.108060	  0.078373	  0.020193	 -0.023864
 -0.082037	  0.069809	  0.016278	  0.117848	  0.018886	  0.013414	 -0.104541
 -0.090241	  0.048682	  0.007567	  0.091082	  0.016099	  0.025419	 -0.049078
 -0.084952	  0.003006	 -0.007795	  0.082752	  0.026267	  0.030202	  0.038695
 -0.056064	 -0.008429	 -0.024457	  0.097196	  0.072006	  0.033497	  0.048356
 -0.045516	 -0.017963	 -0.076182	  0.087440	  0.050182	  0.018324	 -0.027887
 -0.006777	 -0.022619	 -0.077323	  0.049398	  0.020343	  0.010817	 -0.063902
  0.016948	 -0.041339	 -0.086192	  0.012559	  0.024366	 -0.018863	 -0.047082
  0.017771	 -0.014162	 -0.093794	 -0.002867	  0.040362	  0.005939	 -0.012524
  0.024075	 -0.015904	 -0.100794	  0.004134	  0.072734	 -0.012654	  0.012974
  0.073077	 -0.020339	 -0.101047	 -0.012464	  0.057309	 -0.030583	 -0.006791
  0.065696	 -0.031488	 -0.101079	 -0.007016	  0.001813	 -0.087725	 -0.065612
  0.078050	 -0.006148	 -0.117329	  0.005527	 -0.002748	 -0.104956	 -0.102736
  0.077226	 -0.006433	 -0.149131	  0.009265	 -0.039174	 -0.093743	 -0.025955
  0.045202	  0.002087	 -0.162941	  0.007713	 -0.067270	 -0.058140	  0.001824
  0.040894	 -0.010076	 -0.165063	  0.029601	 -0.082475	 -0.065172	 -0.012683
  0.031043	  0.003544	 -0.174122	  0.017184	 -0.077787	 -0.080630	 -0.080943
  0.028604	  0.007219	 -0.179792	 -0.020225	 -0.086814	 -0.089340	 -0.117528
  0.031677	 -0.032375	 -0.170036	 -0.011387	 -0.071547	 -0.066882	 -0.058105
  0.050080	 -0.033231	 -0.120021	 -0.023614	 -0.057261	 -0.035967	  0.010789
  0.093665	 -0.033421	 -0.116917	 -0.028112	 -0.043514	 -0.042619	 -0.000551
  0.039627	 -0.032249	 -0.083151	 -0.058488	 -0.033536	 -0.080344	 -0.070427
  0.024993	 -0.020054	 -0.047136	 -0.043949	  0.023353	 -0.097449	 -0.111510
  0.071746	 -0.046027	 -0.027149	 -0.045502	  0.028041	 -0.072932	 -0.024688
  0.049225	 -0.051982	 -0.036113	 -0.042556	  0.020502	 -0.044583	  0.064162
  0.009568	 -0.048720	 -0.044887	 -0.056715	  0.053571	 -0.047022	  0.069483
 -0.020461	 -0.050240	 -0.045426	 -0.087028	  0.023099	 -0.048099	 -0.037548
 -0.060150	 -0.034276	 -0.042416	 -0.043253	  0.021009	 -0.044963	 -0.117750
 -0.057457	  0.008137	 -0.034371	 -0.010057	  0.001085	 -0.065045	 -0.057218
 -0.038864	  0.043930	 -0.034022	 -0.010057	 -0.024350	 -0.034479	  0.040817
 -0.017800	  0.053180	 -0.021067	 -0.000111	 -0.031857	 -0.019971	  0.081963
  0.013495	  0.053813	 -0.013845	 -0.026686	 -0.063691	 -0.046072	  0.016965
  0.022554	  0.070633	 -0.012040	 -0.053167	 -0.072117	 -0.103309	 -0.061748
 -0.032751	  0.114376	 -0.017456	 -0.060199	 -0.008386	 -0.110214	 -0.091396
 -0.014822	  0.111082	 -0.049353	  0.009107	 -0.008069	 -0.080883	 -0.030453
 -0.017135	  0.082321	 -0.063259	 -0.016804	 -0.013676	 -0.066534	  0.027672
 -0.008677	  0.096005	 -0.065318	 -0.030266	  0.004189	 -0.102200	  0.002901
  0.006273	  0.117607	 -0.063417	 -0.042714	  0.012013	 -0.099666	 -0.058707
  0.029808	  0.120743	 -0.043018	 -0.062416	  0.002257	 -0.092698	 -0.067481
  0.046279	  0.130816	 -0.034593	 -0.095612	 -0.001037	 -0.051203	 -0.023231
  0.030220	  0.113616	 -0.023665	 -0.069702	  0.019393	  0.003880	  0.047595
 -0.016216	  0.101675	 -0.045109	 -0.064633	  0.018601	  0.019243	  0.057636
 -0.007189	  0.072565	 -0.051824	 -0.038660	 -0.005915	  0.019148	 -0.065517
  0.012070	  0.043297	 -0.051982	 -0.017247	 -0.007151	 -0.006636	 -0.127316
  0.008744	  0.033573	 -0.056163	  0.014555	 -0.001101	  0.012908	 -0.097889
 -0.023026	  0.036075	 -0.050399	  0.029189	 -0.011173	  0.025134	 -0.053829
 -0.015519	  0.046053	 -0.044190	 -0.005084	 -0.020423	  0.002645	 -0.050852
 -0.021253	  0.085615	 -0.065444	 -0.017881	 -0.021911	 -0.025293	 -0.113854
 -0.026004	  0.094168	 -0.098735	 -0.026465	 -0.048867	 -0.035524	 -0.163141
 -0.025465	  0.075036	 -0.082961	 -0.021048	 -0.033441	 -0.055701	 -0.171408
 -0.044756	  0.035093	 -0.099939	 -0.032420	 -0.020043	 -0.035270	 -0.100677
 -0.073770	  0.035378	 -0.145551	 -0.038343	  0.002542	 -0.028048	 -0.118922
 -0.108645	  0.034206	 -0.161642	 -0.053040	  0.050467	 -0.031153	 -0.134126
 -0.108455	  0.062777	 -0.150999	 -0.071950	  0.093387	 -0.028999	 -0.182241
 -0.120871	  0.093597	 -0.142035	 -0.077937	  0.094844	 -0.029094	 -0.124053
 -0.090590	  0.073325	 -0.052236	 -0.100965	  0.122085	  0.003658	 -0.057250
 -0.086789	  0.076714	 -0.043969	 -0.117468	  0.127343	  0.020003	 -0.008502
 -0.077128	  0.077095	 -0.038299	 -0.146609	  0.113786	 -0.004482	 -0.046512
 -0.093852	  0.074687	 -0.050937	 -0.135935	  0.061680	 -0.001663	 -0.091491
 -0.054163	  0.079977	 -0.052648	 -0.111798	  0.021357	  0.027890	 -0.087595
 -0.050426	  0.052134	 -0.054136	 -0.123961	 -0.029355	  0.041099	 -0.038530
 -0.023153	  0.038577	 -0.058444	 -0.133306	 -0.043166	  0.007428	 -0.024561
 -0.022995	  0.030912	 -0.037792	 -0.145881	 -0.073130	  0.020446	 -0.036439
 -0.016375	  0.042632	 -0.040579	 -0.127921	 -0.095683	  0.008251	 -0.114614
 -0.012922	  0.074624	 -0.045616	 -0.105685	 -0.061062	 -0.007713	 -0.126049
 -0.028918	  0.099014	 -0.052172	 -0.088295	 -0.047727	  0.007396	 -0.063933
 -0.003704	  0.076398	 -0.052457	 -0.049493	 -0.019821	  0.038723	 -0.008755
 -0.011782	  0.048333	 -0.034814	 -0.062163	 -0.010952	  0.018704	 -0.005271
 -0.035031	  0.020903	 -0.050145	 -0.039452	 -0.008354	 -0.003278	 -0.096369
 -0.057331	  0.045641	 -0.053408	  0.014872	 -0.044908	 -0.031026	 -0.160321
 -0.038927	  0.060433	 -0.038679	 -0.002835	 -0.079529	 -0.034510	 -0.111415
 -0.083811	  0.069461	 -0.025533	 -0.017247	 -0.072307	 -0.030899	 -0.041539
 -0.094708	  0.068827	 -0.026991	 -0.043664	 -0.098566	 -0.013795	 -0.036978
 -0.095024	  0.069746	 -0.002252	 -0.062860	 -0.081208	 -0.021967	 -0.079834
 -0.080517	  0.060180	 -0.024710	 -0.051076	 -0.055075	 -0.046769	 -0.128108
 -0.075892	  0.064805	 -0.048973	 -0.072394	 -0.034740	 -0.029125	 -0.117845
 -0.108835	  0.068479	 -0.072888	 -0.093046	 -0.013866	 -0.027415	 -0.054272
 -0.117736	  0.097177	 -0.066078	 -0.134699	 -0.022482	 -0.022790	 -0.019366
 -0.119636	  0.085108	 -0.019230	 -0.128808	 -0.055962	 -0.066122	 -0.070965
 -0.116310	  0.076524	 -0.020655	 -0.150125	 -0.023875	 -0.078571	 -0.109039
 -0.112161	  0.047573	 -0.021416	 -0.110183	  0.013628	 -0.077272	 -0.103306
 -0.109595	  0.038894	 -0.004849	 -0.106477	  0.035643	 -0.069955	 -0.058359
 -0.114695	  0.026699	 -0.013877	 -0.088612	  0.014293	 -0.066154	 -0.071472
 -0.093346	  0.026921	 -0.014542	 -0.076100	  0.016542	 -0.062606	 -0.139637
 -0.074404	  0.049695	 -0.055878	 -0.055828	 -0.030939	 -0.079458	 -0.235772
 -0.049254	  0.050456	 -0.046756	 -0.069068	 -0.020771	 -0.067453	 -0.270647
 -0.029932	  0.032274	 -0.043335	 -0.041447	 -0.003413	 -0.046040	 -0.159561
 -0.013144	  0.032496	 -0.082422	 -0.054054	  0.011696	 -0.009930	 -0.118447
 -0.002216	  0.053401	 -0.098355	 -0.035587	  0.021199	 -0.001188	 -0.153670
 -0.001044	  0.064519	 -0.116632	 -0.044900	 -0.002336	 -0.003563	 -0.243754
 -0.005700	  0.080991	 -0.084133	 -0.055226	 -0.026979	  0.007269	 -0.244419
 -0.003704	  0.080801	 -0.088029	 -0.052407	 -0.003825	  0.029220	 -0.148221
  0.020179	  0.111367	 -0.090024	 -0.047687	  0.007230	  0.002550	 -0.077332
  0.035130	  0.130562	 -0.073680	 -0.029759	 -0.009558	  0.009550	 -0.073214
  0.027527	  0.090842	 -0.059204	 -0.032863	 -0.046016	  0.020288	 -0.116324
  0.069244	  0.102308	 -0.075390	 -0.056810	  0.004284	 -0.033307	 -0.122438
  0.120178	  0.127490	 -0.068295	 -0.109169	  0.057087	 -0.080344	 -0.126207
  0.146943	  0.126318	 -0.060788	 -0.112178	  0.063580	 -0.061434	 -0.124148
  0.110042	  0.099299	 -0.112387	 -0.103594	  0.048915	 -0.069828	 -0.099568
  0.094109	  0.082479	 -0.100952	 -0.106920	  0.087685	 -0.050696	 -0.135425
  0.072095	  0.067814	 -0.088409	 -0.104576	  0.081889	 -0.074801	 -0.118383
  0.009219	  0.047130	 -0.119831	 -0.125133	  0.060096	 -0.049968	 -0.116641
 -0.021791	  0.064456	 -0.123252	 -0.170239	  0.037385	 -0.093711	 -0.109197
 -0.023153	  0.104525	 -0.108111	 -0.201471	  0.014389	 -0.114902	 -0.068938
  0.004373	  0.080040	 -0.119324	 -0.190068	  0.019995	 -0.089214	 -0.067323
 -0.002026	  0.049379	 -0.143492	 -0.189624	 -0.003286	 -0.092254	 -0.071029
 -0.022931	  0.038799	 -0.137062	 -0.162035	 -0.015260	 -0.127351	 -0.101944
 -0.024832	  0.031450	 -0.138424	 -0.125070	 -0.002336	 -0.111101	 -0.084301
 -0.025117	  0.038609	 -0.130727	 -0.079331	 -0.017477	 -0.132767	 -0.078631
 -0.041335	  0.006839	 -0.130125	 -0.041447	 -0.008893	 -0.114269	 -0.122596
 -0.036393	  0.015708	 -0.172475	 -0.043728	  0.017176	 -0.123169	 -0.128773
 -0.031610	  0.044152	 -0.161896	 -0.060136	 -0.001354	 -0.114364	 -0.104510
 -0.077666	  0.040224	 -0.117614	 -0.045121	  0.036181	 -0.088992	 -0.102546
 -0.091097	  0.055239	 -0.110297	 -0.013256	  0.014072	 -0.082498	 -0.131402
 -0.084572	  0.059610	 -0.104120	 -0.024533	  0.000705	 -0.069480	 -0.142995
 -0.077255	  0.088783	 -0.071336	 -0.036411	  0.017873	 -0.036252	 -0.111288
 -0.039529	  0.099837	 -0.084069	 -0.049619	  0.026520	  0.019750	 -0.118605
 -0.030343	  0.109118	 -0.078748	 -0.077620	  0.028991	  0.033148	 -0.113695
 -0.029076	  0.089955	 -0.062340	 -0.089309	  0.041218	  0.036347	 -0.145149
  0.012482	  0.091538	 -0.059774	 -0.051235	  0.074382	  0.027035	 -0.156710
 -0.008646	  0.080706	 -0.048340	 -0.034985	  0.077961	  0.000491	 -0.151231
 -0.015076	  0.055809	 -0.017108	 -0.053642	  0.048218	  0.012084	 -0.147715
  0.015142	  0.059515	 -0.020434	 -0.089087	  0.028009	 -0.004609	 -0.119492
  0.037600	  0.090018	 -0.041466	 -0.122061	  0.006058	 -0.015410	 -0.062255
  0.011025	  0.078615	 -0.054770	 -0.115599	  0.023638	 -0.041067	 -0.022724
  0.005576	  0.078203	 -0.037412	 -0.138722	  0.071594	 -0.024311	 -0.011764
  0.002599	  0.075416	 -0.031425	 -0.134287	  0.096618	 -0.026211	 -0.012303
 -0.003704	  0.088244	 -0.030570	 -0.143980	  0.075395	 -0.061529	  0.004390
  0.002947	  0.077443	 -0.002189	 -0.136980	  0.077802	 -0.090322	 -0.016072
 -0.009501	  0.050456	 -0.040389	 -0.087218	  0.091011	 -0.118133	  0.001729
 -0.007600	  0.014789	 -0.089581	 -0.091019	  0.102604	 -0.120002	 -0.032860
 -0.014442	 -0.010614	 -0.094681	 -0.058615	  0.130415	 -0.103404	 -0.065612
 -0.034841	  0.011463	 -0.098038	 -0.095359	  0.085246	 -0.136030	 -0.086930
 -0.062209	 -0.024266	 -0.068992	 -0.094883	  0.077232	 -0.128111	 -0.075273
 -0.093377	 -0.006908	 -0.019483	 -0.080978	  0.075649	 -0.116898	 -0.085663
 -0.080422	 -0.034941	 -0.019959	 -0.111861	  0.076662	 -0.110784	 -0.071345
 -0.068385	 -0.017741	 -0.046598	 -0.121174	  0.075649	 -0.101947	 -0.040145
 -0.027493	 -0.001555	 -0.068929	 -0.111355	  0.073811	 -0.075498	 -0.028520
 -0.012003	 -0.009157	 -0.081219	 -0.078634	  0.093862	 -0.065394	 -0.003275
 -0.024864	  0.016595	 -0.071336	 -0.083575	  0.088097	 -0.013795	 -0.028489
 -0.032276	 -0.012135	 -0.055182	 -0.094250	  0.070454	 -0.010785	 -0.042838
 -0.016913	 -0.012357	 -0.040896	 -0.121079	  0.086767	 -0.002011	 -0.056616
 -0.008202	 -0.013750	 -0.009506	 -0.092381	  0.075522	  0.008885	 -0.037295
  0.039944	 -0.012547	  0.007694	 -0.066629	  0.048503	  0.040592	 -0.034665
  0.075452	 -0.021669	 -0.008017	 -0.081643	  0.030923	  0.018768	 -0.023959
  0.070162	 -0.021416	  0.016595	 -0.103974	  0.023701	 -0.001093	 -0.027507
  0.051569	  0.034016	 -0.019642	 -0.108345	  0.004696	  0.007745	 -0.016864
  0.044284	  0.084190	 -0.032629	 -0.083829	  0.004189	 -0.017564	  0.006956
  0.050049	  0.104272	 -0.011533	 -0.061751	 -0.009811	  0.007586	  0.005689
  0.046691	  0.075004	  0.002689	 -0.051362	 -0.053302	  0.018768	 -0.023357
  0.086665	  0.049727	  0.008803	 -0.086775	 -0.075664	 -0.014365	 -0.026272
  0.115395	  0.052768	  0.037881	 -0.075371	 -0.085832	 -0.050031	 -0.014678
  0.125404	  0.073959	  0.033858	 -0.070778	 -0.066732	 -0.076987	 -0.014203
  0.106241	  0.052831	  0.026097	 -0.043538	 -0.047790	 -0.065710	 -0.037390
  0.103865	  0.039464	  0.051121	 -0.018768	 -0.033853	 -0.074263	 -0.014298
  0.119861	  0.036994	  0.042252	 -0.025293	 -0.053555	 -0.060642	  0.004517
  0.142002	  0.034333	  0.009785	 -0.028017	 -0.019536	 -0.078222	 -0.036186
  0.148147	  0.054478	 -0.030000	 -0.026877	 -0.011110	 -0.083005	 -0.033969
  0.146120	  0.078837	 -0.058793	 -0.027700	 -0.006771	 -0.076100	 -0.060988
  0.115300	  0.066927	 -0.038235	 -0.049651	  0.025221	 -0.035524	 -0.071345
  0.121381	  0.034365	 -0.055498	 -0.031628	  0.020122	 -0.055543	 -0.078853
  0.120368	  0.020142	 -0.092495	 -0.026718	  0.007420	 -0.040560	 -0.100202
  0.133576	  0.022930	 -0.108618	 -0.075530	 -0.019853	 -0.026718	 -0.110211
  0.124422	  0.022645	 -0.097690	 -0.074928	 -0.051496	 -0.011197	 -0.079518
  0.143174	 -0.003297	 -0.134908	 -0.085729	 -0.040632	 -0.006826	 -0.082970
  0.154767	 -0.033294	 -0.119292	 -0.076037	 -0.034518	 -0.030994	 -0.068811
  0.122237	 -0.048593	 -0.131994	 -0.093901	 -0.023147	 -0.006541	 -0.035901
  0.104530	 -0.009474	 -0.121098	 -0.116264	  0.006058	 -0.031659	 -0.015945
  0.079222	  0.018844	 -0.116568	 -0.137423	  0.018221	 -0.032863	 -0.014868
  0.019260	  0.037469	 -0.117455	 -0.119432	  0.035326	 -0.046198	 -0.032321
 -0.027144	  0.043044	 -0.131614	 -0.118513	  0.066621	 -0.005306	 -0.018321
 -0.066612	  0.034903	 -0.090024	 -0.124056	  0.076219	  0.020351	 -0.027729
 -0.083621	  0.008011	 -0.057526	 -0.113667	  0.067096	 -0.008822	 -0.043471
 -0.056919	  0.032306	 -0.024583	 -0.126590	  0.078341	 -0.007238	 -0.028140
 -0.028221	  0.033984	 -0.008207	 -0.116581	  0.050720	 -0.040782	 -0.013506
 -0.016533	  0.037215	  0.029011	 -0.096721	  0.045145	 -0.034700	 -0.020412
 -0.012447	  0.028188	  0.031387	 -0.060326	  0.089206	 -0.027542	 -0.047937
  0.022396	  0.058660	  0.055777	 -0.050665	  0.127564	 -0.018102	 -0.035584
  0.017296	  0.100756	  0.037342	 -0.057570	  0.083662	 -0.008220	 -0.037675
  0.076244	  0.082194	 -0.014067	 -0.082498	  0.053476	 -0.010374	 -0.035457
  0.082389	  0.073674	 -0.041720	 -0.060769	  0.051480	 -0.086046	  0.006766
  0.057809	  0.039559	 -0.090436	 -0.072932	  0.048154	 -0.143948	  0.031663
  0.048718	  0.078615	 -0.105165	 -0.069575	  0.031778	 -0.140433	  0.055229
  0.028003	  0.065438	 -0.115016	 -0.074199	  0.013723	 -0.168212	  0.059854
  0.027876	  0.095910	 -0.122903	 -0.095359	  0.030194	 -0.168053	  0.109426
  0.035034	  0.102752	 -0.114161	 -0.087756	  0.046159	 -0.145025	  0.089090
  0.067407	  0.053275	 -0.090595	 -0.071285	  0.042263	 -0.115409	  0.069705
  0.076117	  0.049220	 -0.072033	 -0.031374	  0.031747	 -0.109454	  0.050858
  0.067248	  0.043709	 -0.077893	 -0.039420	  0.038493	 -0.114997	  0.029445
  0.074217	  0.051818	 -0.079667	 -0.032546	 -0.002336	 -0.156143	  0.042147
  0.075579	  0.065945	 -0.067250	 -0.013446	 -0.024857	 -0.163144	  0.001128
