:RUN-6	LEVEL SWEEP	TEMP:NaN	8/27/2019	6:27 PM	HR:-576.41:SW EAR: R	SW FREQ: 32.00	# AVERAGES: 512	REP RATE (/sec): 80	DRIVER: 	SAMPLE (µsec): 40	MASKER dB: 2147483647:NOTES-:CHAMBER-SEWELL-PXI1:CFTS Version: V2.7.2 (R850):LEVELS:20;30;40;50;60;70;80;:DATA  0.043835	  0.001205	 -0.040483	 -0.042917	 -0.084044	 -0.099693	 -0.069184
  0.045102	 -0.004940	 -0.034591	 -0.046750	 -0.090601	 -0.087118	 -0.067917
  0.046813	 -0.006714	 -0.032500	 -0.054478	 -0.063582	 -0.071787	 -0.014037
  0.047795	  0.004943	 -0.091797	 -0.046813	 -0.064532	 -0.064122	  0.017733
  0.035758	  0.012798	 -0.103010	 -0.040383	 -0.055663	 -0.028836	  0.046748
  0.014821	 -0.019605	 -0.072285	 -0.030088	 -0.063423	  0.011487	  0.042218
 -0.000795	 -0.014632	 -0.027971	 -0.031070	 -0.061555	  0.032773	 -0.007448
  0.013015	 -0.031484	  0.016818	 -0.036392	 -0.020155	  0.082155	 -0.003267
 -0.021827	 -0.024230	  0.019384	 -0.040129	  0.008226	  0.067204	 -0.010109
 -0.008556	 -0.031927	  0.014347	 -0.015106	  0.020453	  0.064512	 -0.024553
 -0.010899	  0.001110	  0.047955	  0.003487	  0.036639	  0.030682	 -0.013657
 -0.020180	 -0.002881	  0.064743	  0.039344	  0.056341	  0.010917	 -0.010236
 -0.000827	  0.020939	  0.082354	  0.060566	  0.073667	 -0.018478	 -0.037477
 -0.000700	  0.022935	  0.064806	  0.038995	  0.086939	 -0.048918	 -0.029811
 -0.006053	  0.043967	  0.034936	  0.034846	  0.049309	 -0.052117	 -0.017616
 -0.014637	  0.019070	  0.020524	  0.053091	  0.025077	 -0.027854	 -0.017711
 -0.012420	  0.017993	  0.020746	  0.038045	  0.017380	  0.001668	  0.028915
 -0.035986	  0.012608	  0.009691	  0.037538	  0.024127	  0.043954	  0.039653
 -0.064557	  0.015713	  0.008994	  0.044032	  0.053648	  0.078924	  0.050074
 -0.049702	 -0.036868	 -0.002662	  0.034181	  0.051748	  0.074648	  0.097682
 -0.043873	 -0.060498	  0.011877	  0.027846	  0.051305	  0.074648	  0.074844
 -0.019610	 -0.067910	  0.026447	  0.028954	  0.039268	  0.063561	  0.060305
  0.013934	 -0.053213	  0.044312	  0.057557	  0.037462	  0.074933	  0.067432
  0.003228	 -0.045072	  0.078046	  0.047960	  0.035530	  0.041864	  0.088845
 -0.011311	 -0.044566	  0.070191	  0.045837	  0.018964	  0.030302	  0.104650
 -0.012990	 -0.030122	  0.076146	  0.040579	  0.022258	  0.025361	  0.131289
 -0.028923	 -0.042538	  0.088341	  0.027656	  0.048644	  0.016428	  0.135059
 -0.033706	 -0.035063	  0.100282	  0.032502	  0.066889	  0.031981	  0.170440
 -0.016664	 -0.036235	  0.090305	  0.044697	  0.043227	  0.055136	  0.296381
 -0.031647	 -0.041303	  0.053308	  0.040326	  0.079622	  0.118581	  0.365085
 -0.012705	 -0.047100	  0.051407	  0.044444	  0.132995	  0.171162	  0.399579
  0.006870	 -0.053213	  0.043869	  0.100097	  0.158240	  0.245441	  0.393719
  0.004970	 -0.038801	  0.070919	  0.086635	  0.213007	  0.286650	  0.397045
  0.023405	 -0.028601	  0.106744	  0.132533	  0.229890	  0.270876	  0.377850
  0.006395	 -0.035760	  0.079060	  0.157176	  0.213355	  0.228178	  0.343324
  0.020491	 -0.032529	  0.067625	  0.152393	  0.217093	  0.194000	  0.259638
 -0.004691	 -0.026257	  0.080580	  0.141307	  0.169834	  0.130428	  0.118144
  0.015834	 -0.053530	  0.084635	  0.085020	  0.077912	  0.073666	 -0.014164
  0.013332	 -0.016786	  0.070444	  0.073300	  0.020104	  0.000084	 -0.158350
  0.003196	  0.023283	  0.063761	  0.015492	 -0.052369	 -0.108246	 -0.274566
  0.002404	  0.063574	  0.068100	  0.007384	 -0.116163	 -0.200706	 -0.379918
  0.024514	  0.046438	  0.076684	 -0.046781	 -0.204220	 -0.272736	 -0.448686
  0.057804	  0.024233	  0.064711	 -0.059420	 -0.257023	 -0.324715	 -0.449002
  0.028125	  0.043904	  0.008107	 -0.089068	 -0.308812	 -0.326298	 -0.438486
 -0.027846	  0.072475	 -0.001617	 -0.079882	 -0.307989	 -0.343942	 -0.430947
 -0.065824	  0.119513	 -0.000825	 -0.060972	 -0.319772	 -0.319678	 -0.362560
 -0.004248	  0.072950	 -0.017328	 -0.051406	 -0.299690	 -0.258387	 -0.254294
  0.037627	  0.009156	 -0.037030	 -0.047985	 -0.268204	 -0.189303	 -0.129588
 -0.007352	 -0.041113	 -0.098417	 -0.016943	 -0.224778	 -0.109576	  0.036707
 -0.042606	 -0.040765	 -0.076973	 -0.010956	 -0.168966	 -0.009862	  0.156598
 -0.072033	 -0.051439	 -0.071841	 -0.000852	 -0.090886	  0.117093	  0.247886
 -0.054896	 -0.085490	 -0.069624	  0.021796	 -0.011064	  0.212245	  0.306486
 -0.056037	 -0.071553	 -0.028953	  0.033832	  0.069201	  0.281012	  0.390837
 -0.077386	 -0.063792	  0.005827	  0.031932	  0.111203	  0.333087	  0.432015
 -0.088821	 -0.038959	  0.023723	  0.027592	  0.160679	  0.328810	  0.411236
 -0.109220	 -0.022931	  0.060023	  0.055973	  0.174965	  0.290737	  0.353112
 -0.098070	 -0.007442	  0.104559	  0.069657	  0.182060	  0.279555	  0.291662
 -0.066331	 -0.041366	  0.107631	  0.088536	  0.183422	  0.212879	  0.174748
 -0.014130	 -0.016438	  0.099522	  0.077418	  0.139584	  0.163655	  0.095750
 -0.004754	 -0.020619	  0.113048	  0.096645	  0.095872	  0.110092	 -0.018788
  0.006807	  0.026545	  0.121347	  0.078938	  0.053965	  0.065620	 -0.076849
  0.017640	  0.052076	  0.103893	  0.046122	  0.083328	  0.022858	 -0.170671
 -0.012547	  0.023346	  0.062335	  0.020402	  0.076898	 -0.018003	 -0.284006
 -0.040738	  0.018595	  0.014854	  0.011850	  0.041200	 -0.087498	 -0.366235
 -0.035923	 -0.001614	  0.000664	  0.010234	  0.033788	 -0.178470	 -0.422839
 -0.055213	 -0.029742	 -0.020369	  0.003773	 -0.010906	 -0.248852	 -0.487361
 -0.066711	 -0.008994	 -0.035858	  0.011026	 -0.064849	 -0.292818	 -0.471397
 -0.040231	 -0.027112	 -0.025120	  0.041149	 -0.099438	 -0.349707	 -0.455908
 -0.046566	 -0.018877	 -0.000192	  0.035480	 -0.137100	 -0.390441	 -0.419449
 -0.030000	 -0.025212	 -0.008681	  0.023094	 -0.135453	 -0.374192	 -0.347356
 -0.030823	 -0.032339	  0.004338	  0.041941	 -0.137322	 -0.368522	 -0.274915
 -0.010044	 -0.017895	  0.012067	  0.051951	 -0.180337	 -0.302067	 -0.247801
  0.009943	 -0.037375	 -0.018722	  0.039724	 -0.205139	 -0.222245	 -0.162816
  0.014916	 -0.076399	 -0.061167	  0.055498	 -0.206628	 -0.122816	 -0.082424
 -0.018311	 -0.079757	 -0.086919	  0.056163	 -0.158513	 -0.085883	 -0.016761
 -0.058096	 -0.064774	 -0.115870	  0.016284	 -0.123195	 -0.046732	  0.015706
 -0.067757	 -0.032434	 -0.115173	  0.050399	 -0.101244	  0.007844	  0.002117
 -0.028384	 -0.007094	 -0.075706	  0.042353	 -0.097474	  0.044176	 -0.043147
 -0.042005	 -0.024769	 -0.091353	  0.075295	 -0.116353	  0.067616	 -0.060441
 -0.041815	 -0.013017	 -0.097371	  0.054611	 -0.104348	  0.086431	 -0.100986
 -0.021669	 -0.019891	 -0.097530	  0.096740	 -0.063202	  0.110916	 -0.117203
 -0.021732	 -0.029013	 -0.088122	  0.113971	 -0.053477	  0.060774	 -0.124552
 -0.031013	 -0.017293	 -0.065918	  0.069087	 -0.042296	  0.069580	 -0.143684
 -0.029430	 -0.017388	 -0.046976	  0.062150	 -0.022847	  0.063276	 -0.159268
 -0.026800	 -0.021538	 -0.024202	  0.067028	 -0.013060	  0.055959	 -0.173966
 -0.041149	 -0.028221	 -0.005798	  0.043113	  0.010222	  0.015383	 -0.178337
 -0.054706	 -0.011338	 -0.025374	  0.032882	 -0.048599	 -0.017781	 -0.177070
 -0.026135	 -0.013492	 -0.037347	  0.018470	 -0.032445	 -0.009799	 -0.183753
 -0.023221	 -0.024578	 -0.035985	 -0.015581	 -0.025223	  0.033691	 -0.155087
 -0.036335	 -0.028506	  0.011592	 -0.009056	  0.011109	  0.034958	 -0.138553
 -0.043715	 -0.061512	  0.035000	 -0.023310	  0.021783	  0.037651	 -0.087809
 -0.035575	 -0.049032	  0.060023	 -0.023563	  0.040598	  0.042054	 -0.027246
 -0.023031	 -0.049950	  0.059675	 -0.057076	  0.062264	  0.061882	 -0.012200
 -0.019452	 -0.094803	  0.040163	 -0.060307	  0.057069	  0.061629	 -0.027499
 -0.019072	 -0.061258	  0.031737	 -0.053908	  0.081586	  0.072240	 -0.033897
 -0.023348	 -0.064268	  0.014822	 -0.046591	  0.070468	  0.081965	 -0.018883
  0.007187	 -0.082639	  0.014727	 -0.025527	  0.091500	  0.089978	  0.009815
 -0.022746	 -0.063761	  0.016089	  0.010139	  0.099198	  0.109395	  0.014566
 -0.033706	 -0.049000	  0.019510	  0.024900	  0.112850	  0.132550	  0.050106
 -0.024171	 -0.002406	  0.016818	  0.054073	  0.093654	  0.122351	  0.087039
  0.002816	 -0.008519	 -0.000508	  0.079920	  0.085514	  0.103187	  0.109845
  0.021916	 -0.035792	 -0.023600	  0.104120	  0.112691	  0.086367	  0.114945
  0.040510	 -0.042570	 -0.000508	  0.105260	  0.124158	  0.082566	  0.104049
  0.021536	 -0.028126	 -0.008015	  0.104183	  0.114560	  0.104074	  0.125841
  0.009056	 -0.036742	 -0.034971	  0.111152	  0.134611	  0.149180	  0.145892
  0.040129	 -0.025687	  0.002342	  0.143904	  0.119755	  0.136098	  0.212568
  0.038071	 -0.029266	  0.019194	  0.111469	  0.121275	  0.124473	  0.219600
  0.049442	 -0.067594	  0.003894	  0.092717	  0.124665	  0.102395	  0.171675
  0.028885	 -0.067150	 -0.035763	  0.110107	  0.109365	  0.117219	  0.162236
  0.003893	 -0.053878	 -0.055180	  0.088282	  0.047725	  0.099544	  0.118017
  0.005857	 -0.063349	 -0.002156	  0.093224	  0.056436	  0.095870	  0.068794
  0.011907	 -0.092617	  0.008931	  0.096011	  0.045635	  0.092639	 -0.000131
  0.069239	 -0.103545	  0.001867	  0.063607	  0.018204	  0.069643	 -0.021101
  0.068479	 -0.079915	  0.009406	  0.058222	 -0.030164	  0.077498	 -0.028418
  0.111050	 -0.084888	  0.013650	  0.061707	 -0.043025	  0.090200	 -0.100447
  0.083873	 -0.115613	  0.003514	  0.081979	 -0.026490	  0.053425	 -0.151286
  0.084507	 -0.114061	 -0.038550	  0.065286	 -0.058704	  0.005532	 -0.154485
  0.113173	 -0.114916	 -0.023441	  0.086097	 -0.050278	 -0.039985	 -0.205958
  0.096385	 -0.108233	 -0.047546	  0.087490	 -0.029373	 -0.046067	 -0.196772
  0.065977	 -0.081657	 -0.062022	  0.070037	 -0.036088	 -0.055886	 -0.204817
  0.044564	 -0.090463	 -0.062212	  0.044064	 -0.077677	 -0.063298	 -0.216601
  0.029328	 -0.068702	 -0.045456	  0.034339	 -0.147458	 -0.047841	 -0.236936
 -0.002727	 -0.058914	 -0.068357	  0.066553	 -0.150277	 -0.022120	 -0.224013
 -0.024520	 -0.058788	 -0.075832	  0.032597	 -0.150626	 -0.010147	 -0.225058
 -0.064019	 -0.031769	 -0.111024	  0.032470	 -0.162282	  0.004835	 -0.242638
 -0.062942	 -0.015646	 -0.110960	  0.004786	 -0.139127	 -0.026523	 -0.288694
 -0.093065	 -0.008392	 -0.117137	 -0.031387	 -0.123892	 -0.047049	 -0.354420
 -0.107478	 -0.024198	 -0.125182	 -0.066325	 -0.080845	 -0.083095	 -0.356986
 -0.094396	 -0.023565	 -0.136079	 -0.073389	 -0.086103	 -0.125414	 -0.366837
 -0.080744	 -0.046846	 -0.130250	 -0.083081	 -0.104633	 -0.160035	 -0.408870
 -0.085527	 -0.070983	 -0.115997	 -0.090081	 -0.166083	 -0.207073	 -0.470668
 -0.099432	 -0.047701	 -0.150966	 -0.123436	 -0.229085	 -0.282998	 -0.506113
 -0.095694	 -0.085807	 -0.169560	 -0.138513	 -0.273019	 -0.299121	 -0.495977
 -0.073807	 -0.071236	 -0.139658	 -0.185266	 -0.285753	 -0.320470	 -0.492493
 -0.059109	 -0.089069	 -0.159075	 -0.203321	 -0.314070	 -0.320597	 -0.491130
 -0.075580	 -0.113839	 -0.134368	 -0.186501	 -0.338365	 -0.341534	 -0.488216
 -0.084228	 -0.113649	 -0.116788	 -0.166577	 -0.333931	 -0.382332	 -0.497149
 -0.077829	 -0.093567	 -0.073362	 -0.198601	 -0.330351	 -0.396111	 -0.524896
 -0.073141	 -0.096386	 -0.061547	 -0.209212	 -0.301875	 -0.356422	 -0.530028
 -0.057462	 -0.116975	 -0.056479	 -0.209022	 -0.299024	 -0.345114	 -0.520113
 -0.071716	 -0.112414	 -0.039121	 -0.194071	 -0.290250	 -0.337258	 -0.509027
 -0.070671	 -0.079789	 -0.034844	 -0.203162	 -0.256485	 -0.342960	 -0.491637
 -0.066173	 -0.121727	 -0.047768	 -0.176903	 -0.255471	 -0.350720	 -0.516281
 -0.055182	 -0.110007	 -0.066678	 -0.167084	 -0.216257	 -0.316733	 -0.549761
 -0.048688	 -0.065123	 -0.133101	 -0.127015	 -0.185500	 -0.335579	 -0.542254
 -0.049385	 -0.048082	 -0.163288	 -0.111906	 -0.184138	 -0.370486	 -0.563857
 -0.064051	 -0.039054	 -0.180171	 -0.113806	 -0.187971	 -0.370739	 -0.544123
 -0.063385	 -0.077128	 -0.201267	 -0.166957	 -0.202510	 -0.377803	 -0.550617
 -0.059711	 -0.079789	 -0.182768	 -0.176207	 -0.223035	 -0.366209	 -0.567880
 -0.034973	 -0.065376	 -0.180551	 -0.173894	 -0.205044	 -0.329308	 -0.597940
 -0.042765	 -0.081214	 -0.171967	 -0.147984	 -0.221325	 -0.346222	 -0.599428
 -0.065539	 -0.088689	 -0.155686	 -0.133445	 -0.230131	 -0.340869	 -0.608868
 -0.045521	 -0.111749	 -0.159075	 -0.153020	 -0.275141	 -0.355693	 -0.608583
 -0.033452	 -0.130944	 -0.162654	 -0.125938	 -0.287970	 -0.325475	 -0.612035
 -0.024615	 -0.127840	 -0.157079	 -0.136834	 -0.280019	 -0.293008	 -0.627303
 -0.064082	 -0.106142	 -0.136712	 -0.141490	 -0.261077	 -0.257341	 -0.627081
 -0.076816	 -0.110862	 -0.083339	 -0.128314	 -0.288762	 -0.207801	 -0.620112
 -0.055213	 -0.096925	 -0.031709	 -0.097905	 -0.247235	 -0.211000	 -0.595532
 -0.050937	 -0.090146	 -0.001775	 -0.025717	 -0.214927	 -0.192090	 -0.571079
 -0.052299	 -0.100536	 -0.002979	 -0.007599	 -0.228357	 -0.224462	 -0.531453
 -0.036620	 -0.075512	 -0.023251	  0.027529	 -0.213850	 -0.247839	 -0.512353
 -0.003994	 -0.082101	 -0.056067	  0.060408	 -0.203238	 -0.287433	 -0.500285
 -0.016443	 -0.071743	 -0.054135	  0.072286	 -0.219076	 -0.265324	 -0.513683
 -0.047358	 -0.061829	 -0.065474	  0.063734	 -0.219361	 -0.255472	 -0.512353
 -0.029398	 -0.048398	 -0.059615	  0.058824	 -0.179418	 -0.267382	 -0.499271
 -0.051317	 -0.085807	 -0.061832	  0.067567	 -0.198297	 -0.274098	 -0.498479
 -0.035828	 -0.084603	 -0.051221	  0.044634	 -0.209732	 -0.280464	 -0.498352
 -0.021036	 -0.087549	 -0.085145	  0.014162	 -0.212709	 -0.279672	 -0.501805
 -0.032344	 -0.084445	 -0.087330	  0.014447	 -0.211379	 -0.265704	 -0.503072
 -0.038140	 -0.061353	 -0.108078	  0.000257	 -0.191265	 -0.256803	 -0.496832
 -0.021669	 -0.042950	 -0.130947	 -0.030247	 -0.167065	 -0.247965	 -0.510421
 -0.026642	 -0.063571	 -0.146247	 -0.046179	 -0.142929	 -0.269885	 -0.501172
 -0.030760	 -0.093472	 -0.090783	 -0.067465	 -0.155789	 -0.325507	 -0.472442
 -0.037633	 -0.086440	 -0.098353	 -0.096290	 -0.135168	 -0.335833	 -0.456763
 -0.052901	 -0.084476	 -0.105670	 -0.088688	 -0.183631	 -0.298456	 -0.423852
 -0.074408	 -0.113903	 -0.122142	 -0.116182	 -0.177391	 -0.288953	 -0.398449
 -0.078843	 -0.123881	 -0.095091	 -0.129010	 -0.195319	 -0.262188	 -0.358221
 -0.101649	 -0.126573	 -0.066140	 -0.177727	 -0.181572	 -0.281921	 -0.353058
 -0.119831	 -0.117387	 -0.062307	 -0.192741	 -0.159463	 -0.315624	 -0.310264
 -0.130791	 -0.100694	 -0.077828	 -0.204556	 -0.163486	 -0.313217	 -0.288979
 -0.097025	 -0.105414	 -0.146310	 -0.198728	 -0.169346	 -0.315497	 -0.267028
 -0.079508	 -0.126890	 -0.173962	 -0.159482	 -0.165260	 -0.298519	 -0.257810
 -0.086033	 -0.118147	 -0.172854	 -0.128535	 -0.171658	 -0.277360	 -0.245995
 -0.087364	 -0.076209	 -0.190909	 -0.118019	 -0.183029	 -0.264088	 -0.216094
 -0.060123	 -0.051312	 -0.180456	 -0.093977	 -0.189618	 -0.268143	 -0.177893
 -0.030506	 -0.067499	 -0.135319	 -0.051247	 -0.202351	 -0.219838	 -0.141435
 -0.042448	 -0.036742	 -0.164777	 -0.020142	 -0.201750	 -0.182176	 -0.144254
 -0.021701	 -0.036330	 -0.167089	  0.007479	 -0.189618	 -0.181827	 -0.158603
 -0.062562	 -0.016723	 -0.129649	  0.030792	 -0.165671	 -0.139794	 -0.139281
 -0.076119	 -0.019289	 -0.094267	  0.030221	 -0.176029	 -0.119965	 -0.120719
 -0.064462	 -0.057077	 -0.060660	  0.016031	 -0.144449	 -0.137102	 -0.128702
 -0.102885	 -0.063888	 -0.024518	  0.025914	 -0.113312	 -0.104381	 -0.138236
 -0.041593	 -0.042633	 -0.009187	 -0.013776	 -0.101529	 -0.083095	 -0.104597
 -0.030538	 -0.049824	  0.003483	 -0.034618	 -0.102289	 -0.053226	 -0.104597
 -0.027244	 -0.032529	  0.028443	 -0.030057	 -0.107452	 -0.073878	 -0.094587
  0.016025	 -0.066073	  0.016565	 -0.048048	 -0.128295	 -0.066149	 -0.063039
  0.025305	 -0.077730	  0.007030	  0.007320	 -0.124779	 -0.052877	 -0.001684
  0.000662	 -0.056856	 -0.012260	  0.036620	 -0.095954	 -0.052275	 -0.004503
  0.027554	 -0.074404	 -0.032691	  0.035099	 -0.070994	 -0.063362	  0.004018
  0.025812	 -0.082513	 -0.044949	 -0.001834	 -0.032952	 -0.069412	  0.001642
  0.033098	 -0.119826	 -0.076529	  0.015904	 -0.043595	 -0.040651	  0.026761
 -0.005736	 -0.121537	 -0.123662	  0.021226	 -0.030259	 -0.055570	  0.037689
 -0.033421	 -0.101708	 -0.131422	  0.054200	  0.003792	 -0.076222	  0.036010
 -0.048340	 -0.040321	 -0.122902	  0.080237	  0.001923	 -0.082430	  0.017575
 -0.001587	 -0.062367	 -0.138676	  0.046566	 -0.009069	 -0.073403	 -0.008082
 -0.019515	 -0.070634	 -0.157365	  0.022683	  0.018394	 -0.062253	 -0.021639
 -0.048276	 -0.089450	 -0.173171	  0.039756	  0.062708	 -0.033840	 -0.051192
 -0.058286	 -0.068829	 -0.192271	  0.071779	  0.079907	 -0.012428	 -0.066174
 -0.053503	 -0.047321	 -0.146658	  0.081567	  0.092102	  0.014401	 -0.067125
 -0.027814	 -0.047163	 -0.131106	  0.082897	  0.061726	  0.030841	 -0.073523
 -0.003836	 -0.048557	 -0.117264	  0.096803	  0.031666	  0.070498	 -0.071623
 -0.008080	 -0.070349	 -0.104213	  0.102758	  0.055074	  0.069041	 -0.055151
  0.015644	 -0.074657	 -0.126291	  0.116378	  0.061441	  0.060489	 -0.068550
  0.057766	  0.029355	  0.087375	 -0.066420	  0.008340	 -0.027467	  0.027081
  0.008733	  0.029672	  0.077492	 -0.029582	 -0.004805	 -0.028259	  0.064394
 -0.020662	  0.029418	  0.053989	 -0.000187	  0.013852	 -0.027626	  0.044787
  0.003760	  0.013074	  0.047781	  0.013053	 -0.014276	 -0.004566	  0.077888
  0.012692	  0.013771	  0.037328	  0.011185	 -0.030494	 -0.042640	  0.080295
  0.037938	  0.006834	  0.013191	  0.017995	 -0.024254	 -0.023476	  0.070444
  0.037336	  0.031509	 -0.036761	 -0.002436	 -0.045698	  0.007122	  0.054860
  0.023082	 -0.011886	 -0.059884	 -0.005223	  0.033902	  0.016340	  0.044027
  0.003697	 -0.050245	 -0.039517	 -0.024102	  0.020092	  0.006267	 -0.010771
 -0.022372	 -0.039634	 -0.036317	 -0.000029	 -0.021403	 -0.006435	 -0.033387
 -0.043848	 -0.017113	 -0.054341	 -0.008042	  0.015309	  0.031449	  0.038959
 -0.037988	 -0.004506	 -0.039010	 -0.043012	  0.045907	 -0.003394	 -0.059361
  0.006516	 -0.010334	 -0.009552	 -0.033636	  0.041948	 -0.075044	 -0.114159
  0.003095	 -0.020185	 -0.012529	 -0.018464	  0.025065	 -0.014955	 -0.014889
  0.009398	 -0.027217	 -0.015158	  0.007985	 -0.016177	  0.009910	  0.020366
 -0.004697	  0.003318	  0.009137	  0.001904	 -0.025648	  0.012507	 -0.108395
 -0.035106	  0.021563	  0.009802	  0.017710	 -0.028847	  0.033223	 -0.076719
 -0.015594	  0.003255	  0.003815	  0.057747	  0.006535	  0.083111	  0.032339
  0.000687	 -0.004411	 -0.006448	  0.055435	  0.004888	  0.055110	 -0.023695
 -0.024431	  0.003761	 -0.030394	  0.048118	 -0.004235	 -0.001177	 -0.114064
 -0.043690	  0.004015	 -0.033783	  0.003202	  0.040047	 -0.014987	 -0.050112
 -0.040966	  0.003571	 -0.003438	 -0.053718	  0.069949	 -0.003964	 -0.011563
 -0.021802	  0.000277	  0.047305	 -0.093724	  0.017273	 -0.060631	 -0.088249
 -0.023196	 -0.019520	  0.075465	 -0.063728	 -0.005819	 -0.054866	 -0.112512
 -0.026585	 -0.028579	  0.086805	 -0.079407	  0.011001	 -0.008842	 -0.031645
 -0.048853	 -0.012425	  0.123421	 -0.076429	  0.022024	 -0.024870	 -0.030030
 -0.015689	 -0.020534	  0.107742	 -0.109878	  0.054048	 -0.056228	 -0.118246
  0.002144	 -0.024968	  0.090479	 -0.090462	  0.082112	 -0.009254	 -0.060501
  0.014118	 -0.018601	  0.078981	 -0.094548	  0.095574	  0.025177	  0.042570
  0.024222	 -0.021579	  0.031214	 -0.081371	  0.096809	 -0.010838	 -0.016314
  0.062613	 -0.027755	 -0.010914	 -0.079217	  0.115846	 -0.032884	 -0.084511
  0.056594	 -0.025126	 -0.025611	 -0.095403	  0.118792	 -0.014164	  0.004781
  0.039806	 -0.050625	 -0.061911	 -0.088593	  0.109511	 -0.021354	  0.012352
  0.014973	 -0.032824	 -0.086966	 -0.087231	  0.069125	 -0.058541	 -0.078176
  0.052255	 -0.003936	 -0.078731	 -0.103575	  0.077487	 -0.066776	 -0.066393
  0.073509	  0.023749	 -0.068499	 -0.086882	  0.070202	 -0.042608	  0.019004
  0.106103	  0.031984	 -0.085382	 -0.092014	  0.067731	 -0.064686	 -0.017391
  0.075061	  0.061474	 -0.107745	 -0.099014	  0.089334	 -0.070767	 -0.094394
  0.069518	  0.061411	 -0.067771	 -0.108897	  0.082460	 -0.040327	  0.016723
  0.058685	  0.055107	 -0.044173	 -0.104367	  0.081510	 -0.015431	  0.048873
  0.044336	  0.070755	 -0.061436	 -0.108548	  0.086388	 -0.028513	 -0.023283
  0.028182	  0.101828	 -0.051268	 -0.089606	  0.083347	 -0.008874	 -0.012355
  0.014086	  0.115164	 -0.045186	 -0.082669	  0.095479	  0.051531	  0.080390
 -0.032508	  0.055582	 -0.035652	 -0.101421	  0.080940	  0.035693	  0.046181
 -0.039572	  0.019156	 -0.024091	 -0.120553	  0.050722	  0.005824	 -0.056574
 -0.078754	  0.028943	  0.004005	 -0.107281	  0.084804	  0.033001	 -0.005101
 -0.067225	  0.007404	 -0.015665	 -0.091380	  0.096207	  0.049250	  0.012383
 -0.037513	  0.020201	 -0.000271	 -0.112096	  0.071944	  0.006204	 -0.063922
  0.009493	  0.010097	  0.013540	 -0.077570	  0.064754	  0.040635	 -0.070764
  0.035942	  0.009305	  0.001661	 -0.040478	  0.056518	  0.074591	  0.051471
  0.011647	 -0.015687	 -0.004610	 -0.025115	  0.034251	  0.082446	  0.048050
 -0.020187	 -0.031873	  0.030233	  0.015904	  0.033807	  0.064645	 -0.093792
 -0.013091	 -0.040552	  0.034097	 -0.000567	  0.063899	  0.039969	 -0.042700
 -0.017526	 -0.075237	  0.026241	 -0.038767	  0.090949	  0.054667	  0.014696
 -0.004697	 -0.109509	  0.013033	 -0.021251	  0.066433	  0.014027	 -0.032881
  0.002271	 -0.101844	 -0.041385	 -0.044564	  0.071976	 -0.045015	 -0.061040
  0.015131	 -0.082744	 -0.070020	 -0.052610	  0.082239	 -0.008430	  0.019986
  0.019819	 -0.066241	 -0.036222	 -0.047858	  0.089999	 -0.024616	  0.026669
  0.014118	 -0.046127	 -0.011896	 -0.061954	  0.051102	 -0.054581	 -0.055750
  0.020643	 -0.036244	 -0.009267	 -0.051152	  0.036594	 -0.044033	 -0.029333
  0.018521	 -0.009606	 -0.013511	 -0.047827	  0.051324	  0.005190	  0.048430
  0.006991	  0.003951	 -0.031408	 -0.048460	  0.025445	 -0.033137	 -0.010169
  0.028942	 -0.004062	 -0.053200	 -0.030468	  0.037260	 -0.038585	 -0.091765
  0.061694	 -0.009764	 -0.044109	 -0.031229	  0.061935	 -0.016286	  0.003958
  0.053015	 -0.027502	 -0.010850	 -0.042220	  0.066306	 -0.016159	  0.031737
  0.069581	 -0.064942	 -0.003628	 -0.030437	  0.056518	 -0.041880	 -0.046216
  0.094066	 -0.076377	 -0.016774	 -0.034840	  0.034060	 -0.023064	 -0.039437
  0.108383	 -0.054141	 -0.025738	 -0.053116	  0.058831	 -0.013498	  0.043774
  0.109270	 -0.006438	 -0.020195	 -0.067909	  0.063487	 -0.061518	  0.033226
  0.074839	 -0.013470	  0.000141	 -0.096321	  0.069125	 -0.061803	 -0.074660
  0.037019	  0.027613	 -0.006289	 -0.106236	  0.099692	  0.018367	 -0.005830
  0.062169	  0.059732	 -0.009457	 -0.090208	  0.101085	  0.071708	  0.033764
  0.094510	  0.048550	 -0.011611	 -0.075321	  0.071596	  0.039969	 -0.013590
  0.075156	  0.036070	 -0.010154	 -0.080389	  0.052876	 -0.000797	 -0.036397
  0.090772	  0.035247	 -0.000112	 -0.086312	  0.060319	  0.016055	  0.054417
  0.100401	  0.053080	 -0.016964	 -0.095593	  0.054966	 -0.046346	  0.022139
  0.063816	  0.038351	 -0.031598	 -0.096195	  0.056898	 -0.101112	 -0.077353
  0.052318	  0.047093	 -0.066947	 -0.086946	  0.063835	 -0.088411	 -0.018595
  0.015068	  0.071230	 -0.091464	 -0.073895	  0.098868	 -0.076311	  0.051788
 -0.014073	  0.066764	 -0.097102	 -0.104272	  0.132792	 -0.094302	  0.000727
  0.009303	  0.072497	 -0.088772	 -0.141079	  0.115466	 -0.094777	 -0.004404
  0.032173	  0.060904	 -0.113193	 -0.092235	  0.117335	 -0.052491	  0.093662
  0.066477	  0.053238	 -0.133877	 -0.059831	  0.073465	 -0.047233	  0.085680
  0.041073	  0.043957	 -0.174485	 -0.072913	  0.063012	 -0.054360	 -0.070479
  0.031729	  0.019599	 -0.188074	 -0.109150	  0.043848	 -0.048500	 -0.085177
  0.034802	 -0.010144	 -0.181327	 -0.124956	  0.035898	 -0.023254	  0.015234
  0.014846	 -0.011189	 -0.109297	 -0.148364	  0.012933	 -0.037160	 -0.076244
  0.049752	 -0.028674	 -0.109424	 -0.134459	 -0.013611	 -0.041911	 -0.165093
  0.051400	 -0.041788	 -0.093681	 -0.129612	  0.033585	 -0.004376	 -0.069339
  0.088460	 -0.074477	 -0.071952	 -0.103702	  0.060288	 -0.011725	 -0.027147
  0.063214	 -0.095256	 -0.050001	 -0.071330	  0.030291	 -0.036716	 -0.128952
  0.055264	 -0.074287	 -0.029475	 -0.051754	  0.039984	 -0.010901	 -0.119576
  0.038729	 -0.103650	  0.001725	 -0.052958	  0.078057	  0.011905	 -0.025152
  0.033630	 -0.129497	  0.024468	 -0.033826	  0.078628	 -0.025408	 -0.091638
  0.027231	 -0.105772	  0.029852	 -0.018115	  0.051767	 -0.099560	 -0.184194
  0.037019	 -0.056010	  0.012558	 -0.011685	  0.049011	 -0.049988	 -0.095693
  0.042087	 -0.059241	 -0.004199	 -0.032242	  0.081954	 -0.026834	 -0.021889
  0.051241	 -0.079006	  0.015345	 -0.009880	  0.098583	 -0.094777	 -0.102725
  0.060047	 -0.093260	  0.028079	 -0.007029	  0.088035	 -0.077704	 -0.115838
  0.063690	 -0.087400	 -0.014968	  0.042860	  0.132887	 -0.055975	 -0.004595
  0.088966	 -0.125442	 -0.043381	  0.035384	  0.158830	 -0.032567	 -0.021636
  0.109904	 -0.108306	 -0.053422	  0.007003	  0.120882	 -0.058002	 -0.141717
  0.102650	 -0.135737	 -0.040403	 -0.003196	  0.107072	 -0.042418	 -0.107444
  0.114972	 -0.160633	 -0.030489	  0.008017	  0.098551	 -0.018630	 -0.000002
  0.123968	 -0.143846	 -0.040847	 -0.014219	  0.087813	 -0.034974	 -0.039691
  0.086622	 -0.141913	 -0.046802	 -0.037405	  0.087718	 -0.046853	 -0.052646
  0.036290	 -0.134343	 -0.062133	 -0.060655	  0.110018	 -0.008874	  0.084318
  0.008321	 -0.116858	 -0.084591	 -0.100629	  0.148187	 -0.005675	  0.081626
  0.014688	 -0.080748	 -0.133497	 -0.100598	  0.140236	 -0.063577	 -0.022776
  0.023905	 -0.065386	 -0.169385	 -0.098919	  0.147395	 -0.090184	 -0.024993
 -0.017969	 -0.061997	 -0.157539	 -0.081751	  0.140394	 -0.036906	  0.077064
  0.015321	 -0.041978	 -0.140434	 -0.082004	  0.116226	 -0.074283	  0.031769
  0.011140	 -0.085595	 -0.136601	 -0.092045	  0.079736	 -0.089994	 -0.059139
  0.041992	 -0.117397	 -0.124121	 -0.148681	  0.103524	 -0.037287	  0.038009
  0.049847	 -0.131746	 -0.167453	 -0.133983	  0.112394	 -0.045047	  0.072662
  0.049911	 -0.134533	 -0.167960	 -0.110734	  0.123353	 -0.052237	 -0.040641
  0.038508	 -0.139443	 -0.120384	 -0.105824	  0.181224	 -0.061487	 -0.043017
  0.026439	 -0.116351	 -0.105528	 -0.085774	  0.221578	 -0.065193	  0.051598
  0.011995	 -0.087812	 -0.083640	 -0.098697	  0.230257	 -0.046061	  0.027714
  0.022068	 -0.057499	 -0.088360	 -0.100566	  0.205551	 -0.042576	  0.022266
  0.026249	 -0.066875	 -0.082848	 -0.080104	  0.198994	 -0.053789	  0.026764
 -0.001720	 -0.093703	 -0.054879	 -0.062714	  0.164436	 -0.061455	  0.010483
  0.023367	 -0.050910	 -0.043318	 -0.027903	  0.132349	 -0.051952	 -0.005798
 -0.015784	 -0.051987	 -0.023489	 -0.002182	  0.074478	 -0.064939	 -0.009377
  0.024476	 -0.056390	 -0.019403	 -0.009594	  0.047174	 -0.052427	 -0.013274
  0.004077	 -0.034756	 -0.058870	 -0.008391	  0.066274	 -0.070989	  0.017261
  0.047820	 -0.051322	 -0.045725	 -0.011875	  0.019426	 -0.083533	  0.017673
  0.081681	 -0.033299	 -0.039960	 -0.024387	  0.039097	 -0.105642	  0.001994
  0.106546	 -0.061933	 -0.038566	 -0.005730	  0.051830	 -0.096709	 -0.006590
  0.118108	 -0.104473	 -0.076450	  0.009854	  0.065482	 -0.091166	 -0.018405
  0.128592	 -0.137796	 -0.124786	 -0.019192	  0.101909	 -0.090248	 -0.007540
  0.112850	 -0.164941	 -0.106161	 -0.008771	  0.077171	 -0.097185	 -0.030568
  0.081301	 -0.161552	 -0.146864	 -0.023975	  0.089239	 -0.120973	 -0.019228
  0.059413	 -0.167190	 -0.149778	 -0.066990	  0.074858	 -0.137444	 -0.020939
  0.106673	 -0.188444	 -0.150190	 -0.071425	  0.108688	 -0.158666	  0.003229
  0.104836	 -0.173684	 -0.142525	 -0.080769	  0.111887	 -0.144444	  0.001962
  0.063309	 -0.190598	 -0.149588	 -0.049949	  0.066021	 -0.104913	 -0.010454
  0.084025	 -0.241659	 -0.193585	 -0.071646	  0.078089	 -0.078971	 -0.031740
  0.080731	 -0.239663	 -0.180820	 -0.067497	  0.132222	 -0.012612	  0.019827
  0.107053	 -0.231871	 -0.146167	 -0.095181	  0.130132	  0.000660	  0.028411
  0.112818	 -0.211662	 -0.140402	 -0.099932	  0.119837	 -0.006181	  0.028411
  0.120768	 -0.193544	 -0.116551	 -0.103385	  0.132507	 -0.028354	  0.030977
  0.105438	 -0.182838	 -0.070432	 -0.078837	  0.123258	 -0.011788	 -0.020907
  0.156783	 -0.199816	 -0.051015	 -0.080674	  0.100832	  0.030625	 -0.017075
  0.200717	 -0.146126	 -0.026973	 -0.081402	  0.081415	  0.040666	 -0.011531
  0.189314	 -0.113754	 -0.023140	 -0.080484	  0.078279	  0.006584	 -0.054483
  0.150258	 -0.079323	 -0.013036	 -0.098032	  0.091361	 -0.001398	 -0.045899
  0.107211	 -0.047521	 -0.012909	 -0.095181	  0.096778	 -0.010363	 -0.047895
  0.104297	 -0.058607	  0.021934	 -0.077760	  0.104443	 -0.030698	 -0.060533
  0.108890	 -0.029814	  0.032576	 -0.060180	  0.084107	 -0.002222	 -0.044410
  0.100591	  0.013834	  0.026336	 -0.101168	  0.064279	 -0.015906	 -0.023283
  0.047915	  0.042469	  0.032291	 -0.111399	  0.065292	  0.022580	 -0.025057
  0.004837	 -0.017968	  0.016866	 -0.067117	  0.052337	  0.051151	 -0.049415
 -0.016291	 -0.020122	 -0.003502	 -0.054795	  0.052115	  0.047540	 -0.044632
 -0.018540	 -0.053064	  0.005177	 -0.054605	  0.048916	  0.038259	 -0.015934
  0.011615	 -0.060191	  0.055953	 -0.068637	  0.048029	  0.038069	  0.002976
 -0.004919	 -0.054521	  0.027540	 -0.067307	  0.062410	  0.036739	 -0.029333
  0.022765	 -0.010556	  0.024563	 -0.045641	  0.032920	  0.072310	 -0.040103
  0.043449	  0.021880	 -0.021082	 -0.057139	  0.053889	  0.066640	 -0.025278
  0.032141	  0.013264	 -0.061563	 -0.079058	  0.031970	  0.062839	 -0.000033
  0.041739	 -0.028547	 -0.079998	 -0.066610	  0.054079	  0.058214	 -0.000825
  0.035530	 -0.033552	 -0.087663	 -0.064393	  0.025667	  0.088433	 -0.027591
 -0.000928	 -0.040806	 -0.081423	 -0.075447	  0.027314	  0.091157	 -0.035858
  0.005154	 -0.019045	 -0.061087	 -0.086787	  0.024304	  0.058943	 -0.035985
 -0.002987	  0.001544	 -0.053517	 -0.049505	 -0.009937	  0.042599	 -0.064461
  0.002334	 -0.018190	 -0.049082	 -0.044754	 -0.022733	  0.025811	 -0.107634
 -0.001625	 -0.058100	 -0.064255	 -0.060402	 -0.031951	  0.045544	 -0.091860
  0.002018	 -0.071879	 -0.069988	 -0.045578	 -0.002683	  0.039558	 -0.104815
  0.016177	 -0.053951	 -0.080473	 -0.049790	  0.030386	  0.048712	 -0.046849
  0.058780	 -0.077486	 -0.103374	 -0.039781	  0.060636	  0.051151	 -0.068104
  0.078292	 -0.073780	 -0.139230	 -0.029930	  0.062980	  0.066577	 -0.083529
  0.059128	 -0.108274	 -0.139959	 -0.029011	  0.086420	  0.046241	 -0.075547
  0.080287	 -0.137732	 -0.158172	  0.000510	  0.109163	  0.019444	 -0.058284
  0.130366	 -0.106754	 -0.135334	  0.028574	  0.106850	 -0.032124	 -0.071810
  0.129669	 -0.102636	 -0.125293	  0.035353	  0.139349	 -0.047771	 -0.074502
  0.140217	 -0.115274	 -0.081961	  0.027497	  0.141598	 -0.054993	 -0.055117
  0.128117	 -0.113025	 -0.099953	  0.041086	  0.099217	 -0.032409	 -0.065126
  0.102080	 -0.080115	 -0.065934	  0.016886	  0.077487	 -0.067663	 -0.010043
  0.083328	 -0.057689	 -0.057857	 -0.030944	  0.065134	 -0.082804	  0.011085
  0.092958	 -0.050562	 -0.050508	 -0.039781	  0.046667	 -0.070134	  0.025529
  0.126470	 -0.086260	 -0.041132	 -0.025210	  0.021612	 -0.039789	  0.003261
  0.154693	 -0.085626	 -0.006828	 -0.052863	 -0.027136	 -0.063482	  0.002279
  0.101161	 -0.103491	  0.005051	 -0.066895	 -0.047282	 -0.086795	  0.020366
  0.076898	 -0.110903	 -0.019403	 -0.073167	 -0.049531	 -0.088030	  0.012890
  0.066635	 -0.083092	 -0.035684	 -0.061352	 -0.057386	 -0.131362	 -0.029555
  0.093971	 -0.104980	 -0.038503	 -0.040795	 -0.067396	 -0.071654	 -0.039659
  0.126882	 -0.123257	 -0.067201	 -0.010070	 -0.047725	 -0.051097	 -0.030125
  0.091057	 -0.087749	 -0.070653	 -0.037120	 -0.038381	 -0.055817	 -0.036998
  0.095111	 -0.085690	 -0.078952	 -0.067148	  0.010399	 -0.034753	 -0.089706
  0.088080	 -0.068870	 -0.046802	 -0.097493	  0.052305	 -0.014417	 -0.118594
  0.072305	 -0.055408	 -0.046643	 -0.113458	  0.100610	  0.012222	 -0.087235
  0.033946	 -0.026742	 -0.037109	 -0.117386	  0.119584	  0.053051	 -0.076497
  0.041263	 -0.048186	 -0.028874	 -0.122739	  0.098995	  0.084283	 -0.076878
  0.075631	 -0.045240	 -0.004610	 -0.099742	  0.112425	  0.103447	 -0.077258
  0.065368	 -0.021357	  0.017816	 -0.067370	  0.134059	  0.125303	 -0.075611
  0.038888	 -0.017461	  0.022725	 -0.081751	  0.127598	  0.154064	 -0.086570
  0.084405	 -0.039570	  0.025038	 -0.063569	  0.094180	  0.153082	 -0.072728
  0.076043	 -0.056643	  0.028427	 -0.048777	  0.070740	  0.127583	 -0.045836
  0.059477	 -0.068490	 -0.008855	 -0.070379	  0.077519	  0.082288	 -0.051062
  0.045381	 -0.058544	 -0.023837	 -0.037310	  0.046446	  0.060210	 -0.047229
  0.034105	 -0.034724	  0.015535	 -0.008486	  0.077931	  0.049694	 -0.069877
  0.050133	 -0.057023	  0.027192	 -0.021536	  0.095764	  0.081211	 -0.090941
  0.023525	 -0.037511	  0.048256	 -0.035822	  0.086610	  0.079247	 -0.092874
  0.044463	 -0.012615	  0.063745	 -0.008391	  0.072198	  0.093311	 -0.072285
  0.032173	 -0.028516	  0.036378	 -0.015898	  0.050310	  0.074084	 -0.096295
  0.031476	 -0.065291	 -0.013479	 -0.007346	  0.055093	  0.065151	 -0.105670
  0.029575	 -0.075047	 -0.013574	  0.018407	  0.065387	  0.070188	 -0.067248
 -0.004064	 -0.103776	  0.013191	  0.012166	  0.051672	  0.090840	 -0.041116
 -0.016829	 -0.089364	  0.031183	 -0.002182	  0.045685	  0.080482	 -0.004309
  0.011647	 -0.093957	  0.054211	 -0.023342	  0.019300	  0.059988	  0.024072
  0.051906	 -0.093640	  0.050441	 -0.001327	  0.020155	  0.011842	  0.053783
  0.028340	 -0.102319	  0.042016	 -0.020522	  0.027219	 -0.048531	  0.078236
 -0.003811	 -0.057847	  0.061939	  0.014574	  0.071912	 -0.051002	  0.049127
