:RUN-1	LEVEL SWEEP	TEMP:NaN	8/27/2019	5:54 PM	HR:-636.36:SW EAR: R	SW FREQ: 5.66	# AVERAGES: 512	REP RATE (/sec): 80	DRIVER: 	SAMPLE (µsec): 40	MASKER dB: 2147483647:NOTES-:CHAMBER-SEWELL-PXI1:CFTS Version: V2.7.2 (R850):LEVELS:20;30;40;50;60;70;80;:DATA  0.021880	  0.052863	  0.128385	  0.064282	 -0.038047	 -0.006715	  0.067074
  0.022672	  0.039338	  0.080650	  0.077966	 -0.035449	 -0.000348	  0.029951
  0.027423	  0.019762	  0.039029	  0.075875	 -0.032979	 -0.003009	  0.007588
 -0.023923	  0.002214	  0.029463	  0.066404	  0.031861	 -0.021951	 -0.017277
 -0.012266	  0.008613	  0.000543	  0.067196	  0.033381	 -0.044124	 -0.042808
 -0.025760	  0.006997	 -0.008484	  0.044295	  0.056789	 -0.048622	 -0.017341
 -0.027439	 -0.008429	 -0.014217	  0.005176	  0.073735	 -0.021856	  0.019751
 -0.030416	 -0.016158	 -0.013236	 -0.018042	  0.048839	 -0.024865	  0.012054
 -0.015560	 -0.036050	 -0.027711	 -0.027196	  0.055871	 -0.027114	 -0.008440
  0.024287	 -0.013877	 -0.018272	 -0.014970	  0.048649	 -0.014476	  0.006416
  0.014594	  0.009721	 -0.000787	 -0.004232	  0.005697	  0.008996	 -0.012019
  0.002494	  0.015074	 -0.025937	 -0.024916	 -0.048943	  0.000538	 -0.048414
  0.005630	 -0.023538	 -0.077695	 -0.018961	 -0.057527	 -0.005290	 -0.055541
  0.025396	 -0.035068	 -0.089953	 -0.039423	 -0.004439	 -0.011752	 -0.046260
  0.048202	 -0.020560	 -0.043359	 -0.026405	  0.022738	  0.044187	 -0.022440
  0.004648	 -0.045014	 -0.008167	 -0.013988	  0.020933	  0.053468	 -0.010657
  0.000879	 -0.018248	 -0.003891	 -0.022889	 -0.028386	  0.048400	 -0.008725
  0.000942	 -0.001872	  0.000100	 -0.043478	 -0.056228	  0.021888	  0.026656
 -0.019678	  0.021853	  0.010014	 -0.075818	 -0.061328	  0.023598	  0.062038
 -0.044005	  0.042378	  0.043527	 -0.070877	 -0.035164	  0.029046	  0.058395
 -0.057942	  0.019350	  0.055595	 -0.058618	 -0.007702	  0.033671	  0.057825
 -0.040109	  0.004843	  0.067790	 -0.045790	  0.008801	  0.018435	  0.100175
  0.006074	 -0.006877	  0.023951	 -0.012372	  0.014693	 -0.015711	  0.071889
  0.044686	 -0.012927	  0.024933	 -0.021432	 -0.002285	  0.020114	  0.040023
  0.017699	 -0.026579	  0.028576	 -0.010377	 -0.028893	  0.012448	  0.035240
 -0.003809	 -0.001048	  0.056862	  0.012873	 -0.025282	 -0.024327	  0.047562
 -0.026995	 -0.017013	  0.075582	 -0.000019	 -0.006118	 -0.075799	  0.076577
 -0.047172	  0.013712	  0.041309	 -0.055989	 -0.008430	 -0.081691	  0.091274
 -0.069599	 -0.023823	  0.047486	 -0.042337	  0.003068	 -0.086094	  0.071224
 -0.049833	 -0.040833	  0.056830	 -0.073189	  0.017448	 -0.080170	  0.059630
 -0.035041	 -0.044127	  0.029304	 -0.073442	  0.012855	 -0.090655	  0.091464
 -0.009320	 -0.034688	 -0.003385	 -0.072365	  0.012254	 -0.084256	  0.055386
 -0.008877	 -0.000700	  0.027689	 -0.057478	  0.009656	 -0.069907	  0.041480
  0.019156	  0.021029	  0.040803	 -0.017599	 -0.000322	 -0.045042	  0.010439
  0.022323	  0.011590	  0.031142	 -0.014653	 -0.013688	 -0.057047	  0.040435
  0.009241	 -0.003868	  0.027404	 -0.031536	 -0.023761	 -0.044567	  0.071540
  0.035120	 -0.022968	  0.023001	 -0.005214	 -0.034372	 -0.001615	  0.103342
  0.067999	 -0.026737	  0.026105	 -0.021305	 -0.026105	  0.015711	  0.133466
  0.039586	 -0.027941	  0.055943	 -0.059537	 -0.023603	 -0.027716	  0.193965
  0.016115	  0.012825	  0.068645	 -0.054564	  0.017448	 -0.018213	  0.221713
  0.017509	  0.021599	  0.089836	 -0.023269	  0.046811	  0.015331	  0.203183
  0.015196	  0.007060	  0.085148	 -0.032486	  0.024955	  0.001584	  0.163652
  0.051021	 -0.017583	  0.056482	 -0.016870	  0.029200	  0.036300	  0.149873
  0.041107	 -0.030760	  0.038269	 -0.008508	  0.021851	  0.043268	  0.115379
  0.069868	 -0.029366	  0.045744	 -0.049084	  0.034110	  0.021286	  0.062956
  0.127929	 -0.014637	  0.072161	 -0.027925	  0.020743	 -0.037314	 -0.010024
  0.115892	  0.006585	  0.046694	 -0.008223	  0.039209	 -0.051251	 -0.083764
  0.124951	  0.014979	  0.053568	 -0.043097	  0.065151	 -0.030187	 -0.103561
  0.086656	  0.019350	  0.026644	 -0.045663	  0.076459	 -0.082514	 -0.136060
  0.084597	  0.018559	  0.014259	 -0.048862	  0.040540	 -0.117167	 -0.159341
  0.028753	  0.023595	  0.048943	 -0.063275	  0.037435	 -0.137661	 -0.160481
  0.062931	  0.018590	  0.053251	 -0.054691	  0.032082	 -0.149412	 -0.148255
  0.066954	  0.040224	  0.028766	 -0.069673	  0.018937	 -0.134778	 -0.115217
  0.039174	  0.024704	  0.044160	 -0.056211	 -0.008019	 -0.109818	 -0.124720
  0.020106	 -0.003741	  0.072003	 -0.086683	 -0.058224	 -0.081089	 -0.125195
 -0.013597	 -0.002062	  0.097628	 -0.073632	 -0.063926	 -0.033227	 -0.067134
 -0.035548	  0.002911	  0.094872	 -0.024251	 -0.065383	 -0.016439	 -0.039292
 -0.006121	  0.007979	  0.078274	 -0.053043	 -0.070292	 -0.004720	  0.051458
 -0.007863	 -0.014130	  0.043622	 -0.089438	 -0.060853	  0.005163	  0.132294
  0.002304	 -0.002315	  0.005548	 -0.074488	 -0.090818	  0.036775	  0.155353
 -0.018570	 -0.019547	  0.007765	 -0.045283	 -0.115208	  0.037567	  0.157760
 -0.041091	 -0.055245	  0.035386	 -0.050256	 -0.125376	  0.050205	  0.169005
 -0.050498	 -0.041688	  0.008430	 -0.028052	 -0.096963	  0.067690	  0.158774
 -0.047489	 -0.034339	 -0.025557	 -0.010218	 -0.060536	  0.082609	  0.170526
 -0.056707	 -0.049132	 -0.073799	 -0.042401	 -0.042291	  0.072917	  0.190956
 -0.026457	 -0.029936	 -0.102528	 -0.037839	 -0.047518	  0.089990	  0.225482
 -0.038779	  0.023848	 -0.072215	 -0.051776	 -0.051509	  0.087012	  0.234320
 -0.046349	  0.014092	 -0.042313	 -0.025581	 -0.050273	  0.106049	  0.243157
 -0.061743	  0.007916	 -0.071170	 -0.015477	 -0.064211	  0.079378	  0.227351
 -0.049897	 -0.014542	 -0.072247	 -0.018486	 -0.011883	  0.073297	  0.204450
 -0.037670	  0.016911	 -0.054920	 -0.004042	  0.002973	  0.084161	  0.160073
 -0.013882	  0.042030	 -0.051784	 -0.016110	  0.020362	  0.075767	  0.099668
  0.002653	  0.031545	 -0.056251	 -0.008635	  0.012285	  0.049065	  0.021335
  0.019916	  0.034270	 -0.003289	 -0.000684	  0.015928	  0.042857	 -0.044613
  0.038731	 -0.014004	  0.015494	 -0.001666	  0.058310	  0.070858	 -0.101945
  0.034201	  0.018464	 -0.022390	 -0.050256	  0.093089	  0.070066	 -0.090637
  0.046745	  0.013586	 -0.024068	 -0.035020	  0.101293	  0.051631	 -0.013951
  0.027898	  0.013300	  0.027531	  0.004352	  0.079690	  0.017833	  0.003375
 -0.013058	  0.027111	  0.039060	 -0.011517	  0.083840	  0.010009	  0.012688
  0.004173	 -0.006402	  0.036210	  0.003149	  0.067527	 -0.043680	  0.000429
  0.004300	 -0.012198	  0.051572	  0.010466	  0.053432	 -0.047830	  0.046073
  0.002780	 -0.020370	  0.037762	 -0.003788	 -0.019453	 -0.078365	  0.068816
 -0.012836	 -0.030316	  0.056767	 -0.042591	 -0.009761	 -0.103452	  0.063400
  0.018110	 -0.029683	  0.015272	 -0.065872	  0.020774	 -0.107031	  0.033403
  0.016748	 -0.059933	 -0.008928	 -0.047057	  0.029897	 -0.117357	  0.041290
  0.057324	 -0.074947	 -0.057961	 -0.009870	  0.048902	 -0.065536	  0.015538
  0.051623	 -0.060028	 -0.087102	  0.008217	  0.032652	 -0.069939	 -0.003055
  0.062107	 -0.029556	 -0.085867	  0.009895	  0.040856	 -0.034273	 -0.029631
  0.064040	 -0.003931	 -0.067305	 -0.014495	  0.026888	  0.012512	 -0.053102
  0.088905	  0.050044	 -0.073957	 -0.034323	  0.055871	  0.056382	 -0.025798
  0.108987	  0.079882	 -0.068857	 -0.039170	  0.057391	 -0.003104	 -0.052944
  0.097742	  0.076081	 -0.079279	 -0.037713	  0.038386	 -0.000507	 -0.078316
  0.122037	  0.043930	 -0.073165	 -0.040310	  0.026032	 -0.024232	 -0.082687
  0.149468	  0.012224	 -0.052893	 -0.035939	  0.043929	 -0.017992	 -0.078949
  0.159636	 -0.018280	 -0.066450	 -0.064003	 -0.011091	  0.010580	 -0.059215
  0.116716	 -0.015271	 -0.046621	 -0.056179	 -0.052712	 -0.008742	 -0.034002
  0.076836	 -0.009791	 -0.042218	 -0.060107	 -0.070134	 -0.001299	  0.000714
  0.066637	  0.021409	 -0.032146	 -0.050731	 -0.063831	 -0.001647	  0.025453
  0.056596	  0.028695	  0.009951	 -0.024346	 -0.078211	  0.009566	  0.011579
  0.017287	 -0.002030	  0.050622	 -0.036382	 -0.097121	 -0.002312	 -0.022187
 -0.033710	  0.012350	  0.067061	 -0.060012	 -0.117615	 -0.015584	 -0.056935
 -0.038874	 -0.025660	  0.055500	 -0.065429	 -0.078560	 -0.016851	 -0.020635
 -0.055978	 -0.029430	  0.018281	 -0.037079	 -0.046567	 -0.009629	  0.019688
 -0.066146	 -0.002410	  0.013182	 -0.026151	 -0.069976	  0.011625	  0.027512
 -0.028452	 -0.004754	 -0.001516	 -0.024156	 -0.073682	  0.018340	  0.020860
 -0.038525	  0.003449	 -0.004968	 -0.006607	 -0.058731	  0.005290	  0.038028
 -0.052621	  0.012097	  0.028386	  0.002895	 -0.041880	  0.025119	 -0.003499
 -0.067033	  0.015359	  0.043558	 -0.003187	 -0.029716	  0.029743	 -0.005843
 -0.061173	 -0.013687	  0.033296	 -0.018612	 -0.031142	  0.036332	 -0.017372
 -0.056897	 -0.044950	  0.025313	 -0.031378	 -0.034404	  0.034526	  0.002488
 -0.035769	 -0.026896	  0.009096	 -0.004105	 -0.057274	  0.023186	 -0.031309
 -0.059114	 -0.018913	 -0.018272	 -0.006196	 -0.054106	 -0.035888	 -0.050948
 -0.061585	  0.019160	 -0.046178	  0.002800	 -0.035861	 -0.030123	 -0.074515
 -0.045430	  0.031704	 -0.059767	 -0.032201	 -0.051984	 -0.020019	 -0.046957
 -0.051322	  0.062207	 -0.052513	 -0.033817	 -0.048595	 -0.068419	 -0.035522
 -0.007768	  0.069809	 -0.028091	 -0.020956	 -0.016919	 -0.070383	 -0.042808
 -0.000198	  0.055714	 -0.019792	 -0.041482	 -0.010743	 -0.051504	 -0.063967
 -0.005298	  0.038197	 -0.022801	 -0.066252	 -0.007892	 -0.066677	 -0.060926
 -0.007135	  0.014314	 -0.052703	 -0.092226	 -0.017838	 -0.072283	 -0.063080
 -0.009415	 -0.049987	 -0.065500	 -0.078954	 -0.027436	 -0.080962	 -0.050505
 -0.011379	 -0.083594	 -0.024322	 -0.064415	 -0.016032	 -0.094963	 -0.016549
 -0.027122	 -0.136144	 -0.017100	 -0.045251	 -0.024141	 -0.081627	 -0.043695
  0.005725	 -0.121858	 -0.041395	 -0.032233	 -0.018566	 -0.063066	 -0.063523
  0.010762	 -0.113623	 -0.005697	 -0.034767	 -0.020150	 -0.062432	 -0.049333
 -0.010461	 -0.115396	 -0.001009	 -0.051555	 -0.007607	 -0.071111	  0.020353
 -0.067033	 -0.127338	 -0.001104	 -0.059347	 -0.006562	 -0.050364	  0.029032
 -0.091930	 -0.107953	  0.014797	 -0.068089	 -0.018947	 -0.045011	  0.015000
 -0.083409	 -0.072445	  0.003426	 -0.035337	 -0.052839	 -0.010833	 -0.025545
 -0.051290	 -0.035606	 -0.023530	  0.018384	 -0.057400	 -0.030978	 -0.059786
 -0.053286	 -0.032660	 -0.023182	  0.020095	 -0.045110	 -0.012322	 -0.016866
 -0.063580	  0.005350	  0.003077	  0.023737	 -0.041626	 -0.019829	 -0.018703
 -0.059589	 -0.006465	 -0.009371	  0.006601	 -0.052586	 -0.062559	 -0.009612
 -0.057594	 -0.016949	 -0.040761	  0.004954	 -0.060093	 -0.064396	 -0.012969
 -0.048471	 -0.051222	 -0.052101	  0.063142	 -0.083342	 -0.038169	 -0.021110
 -0.009701	 -0.062055	 -0.027679	  0.044485	 -0.076849	 -0.017326	 -0.005462
  0.015703	 -0.048593	 -0.009086	  0.037580	 -0.081537	 -0.035065	 -0.008630
  0.008513	 -0.043905	 -0.043992	  0.022534	 -0.084578	 -0.069496	 -0.036884
  0.009780	 -0.035321	 -0.053051	  0.021362	 -0.088601	 -0.082292	 -0.028300
  0.020296	 -0.055688	 -0.042852	  0.033493	 -0.106434	 -0.084890	 -0.024373
  0.043767	 -0.055847	 -0.036390	  0.029851	 -0.103456	 -0.070699	 -0.021458
  0.017192	 -0.051539	 -0.028376	  0.032385	 -0.086130	 -0.065188	 -0.062351
  0.026314	  0.002658	 -0.046906	  0.007045	 -0.066808	 -0.091922	 -0.085411
  0.024382	  0.018147	 -0.024354	 -0.025011	 -0.071971	 -0.092714	 -0.068845
 -0.007610	  0.039116	 -0.033539	 -0.061469	 -0.080365	 -0.094487	 -0.049364
 -0.028072	  0.062936	 -0.039083	 -0.094633	 -0.065763	 -0.079410	 -0.024784
 -0.039000	  0.050107	 -0.058119	 -0.073252	 -0.071084	 -0.053341	 -0.040369
 -0.032633	  0.028758	 -0.072310	 -0.067582	 -0.017331	 -0.023852	 -0.026210
 -0.055091	  0.053528	 -0.049472	 -0.078637	  0.031005	 -0.034209	  0.004452
 -0.015909	  0.038862	 -0.035472	 -0.114050	 -0.014860	 -0.016535	 -0.003150
 -0.003017	  0.016753	 -0.033634	 -0.110883	 -0.027784	 -0.006240	 -0.019305
  0.010477	  0.018052	 -0.033033	 -0.114209	 -0.035354	 -0.016408	 -0.004354
 -0.008022	 -0.013529	 -0.006774	 -0.099638	 -0.023540	 -0.027494	  0.003533
  0.007151	 -0.033896	  0.000036	 -0.068913	 -0.021037	 -0.014697	 -0.014458
  0.010793	 -0.023538	  0.024141	 -0.051206	  0.023942	 -0.035350	 -0.031753
  0.034138	 -0.034593	  0.019707	  0.020697	  0.032589	 -0.060912	  0.004135
  0.053270	 -0.021416	  0.010806	  0.053354	  0.058626	 -0.063224	  0.002171
 -0.007895	 -0.001175	  0.031807	  0.018859	 -0.006308	 -0.017010	  0.031091
 -0.036815	 -0.000953	  0.035164	  0.019651	 -0.043527	  0.007190	 -0.018829
 -0.042611	 -0.024330	  0.046472	  0.034444	 -0.054581	 -0.005448	 -0.065075
 -0.045430	  0.020206	  0.071844	  0.037136	 -0.053188	  0.002724	 -0.115154
 -0.050910	  0.053211	  0.048056	  0.024118	 -0.040708	  0.022743	 -0.115914
 -0.062662	  0.032971	  0.054201	  0.025511	 -0.034119	  0.067690	 -0.099316
 -0.067666	  0.015264	  0.055120	  0.048508	 -0.074093	  0.093474	 -0.119018
 -0.039064	  0.021156	  0.030825	  0.032828	 -0.090406	  0.072283	 -0.120254
 -0.049263	  0.040668	  0.033010	 -0.017662	 -0.083596	  0.070794	 -0.113792
 -0.051734	  0.027681	  0.067346	 -0.013671	 -0.110488	  0.056635	 -0.123073
 -0.039570	 -0.008999	  0.021259	 -0.019404	 -0.116221	  0.079917	 -0.118068
 -0.028642	 -0.025724	 -0.012064	 -0.061279	 -0.142829	  0.105099	 -0.109674
 -0.017683	 -0.051190	 -0.047445	 -0.051365	 -0.099402	  0.092207	 -0.071094
 -0.034059	 -0.058222	 -0.086564	 -0.050795	 -0.089329	  0.075356	 -0.050790
 -0.036530	 -0.037380	 -0.083206	 -0.062546	 -0.079130	  0.048875	 -0.046165
 -0.032158	 -0.039629	 -0.099107	 -0.083927	 -0.108176	  0.039784	 -0.015789
 -0.028104	 -0.018438	 -0.101198	 -0.086239	 -0.124235	 -0.028920	  0.014081
 -0.047901	 -0.006908	 -0.088243	 -0.086493	 -0.110267	 -0.036965	  0.006638
 -0.056992	 -0.015872	 -0.044436	 -0.078352	 -0.108904	 -0.032024	  0.001823
 -0.055883	 -0.034054	 -0.057549	 -0.054596	 -0.087682	 -0.029933	 -0.018671
 -0.073431	 -0.010868	 -0.062839	 -0.069578	 -0.087492	 -0.038739	 -0.020825
 -0.061870	 -0.022271	 -0.072753	 -0.050066	 -0.124077	  0.004149	 -0.008883
 -0.073780	 -0.032217	 -0.093247	 -0.045695	 -0.092940	  0.014697	 -0.005843
 -0.097536	 -0.001650	 -0.076966	 -0.088266	 -0.029589	 -0.031137	  0.004484
 -0.115781	 -0.004406	 -0.055775	 -0.149431	  0.012222	 -0.065061	  0.021525
 -0.145588	  0.022740	 -0.030879	 -0.116236	  0.025969	 -0.046879	  0.018547
 -0.123193	 -0.008746	 -0.040413	 -0.070750	  0.025652	 -0.088342	  0.042336
 -0.133044	 -0.023728	 -0.062586	 -0.042274	  0.038924	 -0.097623	  0.024281
 -0.120057	 -0.005800	 -0.080134	 -0.079334	  0.072975	 -0.068197	 -0.016707
 -0.132918	  0.043265	 -0.068731	 -0.071574	  0.061635	 -0.032879	 -0.052088
 -0.111093	  0.049252	 -0.055934	 -0.092606	  0.028060	 -0.025720	 -0.074736
 -0.119487	  0.005603	 -0.023340	 -0.027038	  0.022770	 -0.009439	 -0.071347
 -0.129560	  0.009880	 -0.020521	  0.007393	 -0.013657	 -0.019195	 -0.075243
 -0.127913	  0.015454	 -0.047793	 -0.014653	 -0.079795	 -0.000982	 -0.082275
 -0.060476	  0.017703	 -0.066957	 -0.052252	 -0.088537	  0.033291	 -0.074356
 -0.028801	 -0.002252	 -0.066672	 -0.057161	 -0.072890	  0.036965	 -0.057188
  0.025174	 -0.003804	 -0.055997	 -0.036541	 -0.050400	  0.044567	 -0.055636
  0.049912	 -0.031203	 -0.085329	 -0.029097	 -0.045047	  0.017802	 -0.082940
  0.047790	 -0.028859	 -0.087451	 -0.048609	 -0.052934	  0.008552	 -0.078886
  0.042912	 -0.014701	 -0.062174	 -0.010915	 -0.093384	  0.006018	 -0.055256
  0.076520	 -0.038805	 -0.033571	 -0.018866	 -0.107194	 -0.008932	 -0.067768
  0.081524	 -0.047643	 -0.007787	 -0.032518	 -0.104565	 -0.006462	 -0.054686
  0.046967	 -0.054675	 -0.003480	 -0.045790	 -0.076342	  0.006588	 -0.029694
  0.051306	 -0.048213	  0.004978	 -0.025898	 -0.063260	 -0.010580	 -0.038310
  0.060650	 -0.055403	 -0.002244	 -0.036414	 -0.070672	 -0.001425	 -0.078284
  0.044306	 -0.011913	 -0.032748	 -0.055387	 -0.063419	  0.038105	 -0.047464
  0.032523	 -0.045932	 -0.078867	 -0.070972	 -0.088062	  0.031390	 -0.059912
  0.014119	 -0.083689	 -0.056726	 -0.078954	 -0.058984	 -0.017675	 -0.041857
  0.022038	 -0.063702	 -0.003543	 -0.037047	 -0.051129	 -0.019290	 -0.061718
  0.033029	 -0.084006	  0.015906	 -0.036636	 -0.023540	 -0.024168	 -0.055446
  0.035563	 -0.105577	  0.005548	 -0.021938	 -0.047423	 -0.034684	 -0.061179
 -0.012741	 -0.086508	  0.003932	 -0.006861	 -0.041024	  0.010580	 -0.068750
 -0.039127	 -0.055688	 -0.026349	 -0.020291	 -0.028418	  0.012227	 -0.037866
 -0.055313	 -0.005610	 -0.008484	 -0.037079	  0.011557	  0.036902	  0.002805
 -0.080368	  0.007187	 -0.013932	 -0.079334	 -0.015177	  0.054355	  0.005339
 -0.101052	 -0.015271	 -0.040666	 -0.078796	  0.001326	  0.031010	  0.006796
 -0.102541	 -0.002791	 -0.029327	 -0.093018	  0.002878	  0.043965	 -0.017879
 -0.031246	 -0.069090	 -0.007863	  0.004526	 -0.037141	 -0.014495	 -0.031997
 -0.019685	 -0.074823	 -0.020882	 -0.018787	 -0.028335	 -0.013386	 -0.020784
 -0.023866	 -0.067855	 -0.026964	 -0.019103	 -0.027955	 -0.035052	  0.023372
  0.010375	 -0.060886	 -0.054204	 -0.032439	 -0.018928	 -0.062039	  0.011240
  0.034512	 -0.038460	 -0.048598	 -0.019040	 -0.004484	 -0.055641	  0.019349
  0.056114	 -0.006626	 -0.054394	 -0.069689	 -0.001918	 -0.029540	  0.013837
  0.049368	  0.010256	 -0.050688	 -0.067440	  0.010657	 -0.066189	 -0.002095
  0.030236	 -0.041184	 -0.039570	 -0.035606	  0.055699	 -0.032771	  0.033920
  0.009045	 -0.046886	 -0.028326	 -0.010234	  0.052405	 -0.011137	 -0.000322
  0.013923	 -0.022813	 -0.014959	  0.019414	  0.044043	  0.034127	  0.028218
  0.021462	  0.004967	 -0.000071	  0.031545	  0.032450	  0.059309	  0.075541
  0.011326	  0.049217	  0.015450	  0.033541	  0.001756	  0.056616	  0.032114
  0.016869	  0.024035	  0.043514	 -0.007193	 -0.038059	  0.034380	 -0.077578
  0.032516	  0.032271	  0.054632	  0.000599	 -0.000619	  0.056363	 -0.071084
  0.042399	  0.039683	  0.055867	  0.014758	  0.003815	  0.055856	  0.060052
 -0.023834	  0.042534	  0.056469	  0.015708	  0.030771	  0.007298	  0.038576
 -0.058962	  0.049090	  0.045224	  0.022391	  0.003372	 -0.017726	 -0.033169
 -0.052500	  0.067494	  0.028310	  0.039686	 -0.012878	 -0.016617	 -0.040232
 -0.063618	  0.071010	  0.025427	  0.037500	 -0.030521	  0.017086	 -0.011503
 -0.054432	  0.038067	  0.021626	  0.059863	 -0.034132	  0.033557	 -0.047454
 -0.060958	  0.020234	  0.012852	  0.057994	 -0.019719	  0.013475	 -0.047834
 -0.028870	  0.000659	  0.001481	  0.049410	  0.021110	  0.028394	 -0.004788
 -0.025323	 -0.000672	  0.009463	  0.035885	  0.051075	  0.037453	  0.038829
 -0.067103	 -0.015781	  0.017097	  0.010101	  0.019526	  0.018353	 -0.023635
 -0.074641	 -0.049008	  0.015165	  0.021979	  0.010150	 -0.020355	 -0.105072
 -0.061876	 -0.052302	  0.033251	  0.001581	  0.016105	  0.009515	 -0.114353
 -0.073533	 -0.043497	  0.035563	  0.005033	  0.016897	  0.048508	 -0.053219
 -0.052722	 -0.004663	 -0.000483	  0.021599	  0.011734	  0.064472	 -0.036621
 -0.070080	 -0.026677	 -0.013058	  0.045768	  0.008915	  0.026873	 -0.079858
 -0.079709	 -0.056673	  0.005662	  0.064963	 -0.000651	  0.023801	 -0.112864
 -0.084176	 -0.053506	  0.016337	  0.035061	 -0.038503	  0.018448	 -0.137096
 -0.072329	 -0.038238	  0.071388	  0.033351	 -0.035684	 -0.001381	 -0.081949
 -0.098366	 -0.021989	  0.072750	  0.039306	 -0.034607	  0.006823	 -0.091927
 -0.117086	 -0.013627	  0.051718	  0.053338	 -0.010058	  0.037009	 -0.116126
 -0.080976	  0.021406	  0.037559	  0.061352	  0.039798	  0.051422	 -0.078655
 -0.050980	  0.007279	  0.028817	  0.055682	  0.020920	  0.083160	 -0.020752
 -0.085918	  0.041330	  0.005599	  0.064900	 -0.001284	  0.095070	  0.005348
 -0.128679	  0.038764	 -0.009732	  0.062556	 -0.046232	  0.071979	  0.020267
 -0.120729	  0.043642	 -0.020565	  0.086217	 -0.024534	  0.067323	  0.063219
 -0.115439	  0.003003	  0.004553	  0.104050	 -0.044236	  0.054589	  0.116687
 -0.097321	 -0.020405	  0.023717	  0.078773	 -0.086586	  0.062096	  0.084410
 -0.077460	 -0.007450	  0.029355	  0.045419	 -0.066060	  0.060829	  0.050011
 -0.082117	  0.012252	  0.062392	  0.040446	 -0.072966	  0.053100	 -0.009444
 -0.122249	  0.026633	  0.050958	  0.021314	 -0.045978	  0.035236	  0.003511
 -0.110023	  0.030370	  0.023083	  0.015074	 -0.025928	  0.041951	  0.031607
 -0.087121	  0.009180	  0.034233	  0.009689	  0.047369	 -0.000367	  0.029643
 -0.068876	 -0.006785	  0.005409	  0.010323	  0.043980	 -0.002205	 -0.003869
 -0.040622	  0.019284	  0.030400	 -0.011945	 -0.032960	 -0.014590	 -0.027531
 -0.019938	  0.003066	  0.025459	  0.001010	 -0.047752	 -0.018454	  0.019666
 -0.013191	 -0.024206	  0.052731	  0.022011	 -0.030394	 -0.006607	  0.038512
  0.029412	 -0.015115	  0.035722	 -0.003994	 -0.046042	  0.001406	 -0.009191
  0.078984	 -0.003649	  0.033505	 -0.016633	 -0.028969	  0.003275	 -0.054676
  0.060264	 -0.055311	  0.064008	 -0.043208	 -0.021968	  0.013855	 -0.029938
  0.030267	 -0.094779	  0.062804	 -0.042670	 -0.040879	  0.019746	  0.007059
  0.018674	 -0.131839	  0.096222	 -0.043113	 -0.013923	  0.029344	 -0.009001
  0.016520	 -0.129907	  0.099358	 -0.020180	  0.021363	  0.015185	 -0.004788
  0.006036	 -0.056325	  0.078040	 -0.045869	  0.031119	 -0.003567	  0.002086
 -0.010530	 -0.052651	  0.049659	 -0.055150	  0.049713	 -0.027830	  0.023910
 -0.022219	 -0.055945	  0.055044	 -0.066711	  0.020762	 -0.034735	  0.034616
 -0.024468	 -0.043940	  0.044274	 -0.038014	 -0.006099	 -0.056401	  0.015421
 -0.028744	 -0.024111	  0.072592	  0.015011	 -0.010470	 -0.048641	 -0.036463
 -0.050188	 -0.030098	  0.106421	 -0.000858	  0.002548	 -0.037016	 -0.018566
 -0.065550	 -0.039220	  0.145730	 -0.006908	  0.032481	 -0.037776	  0.015421
 -0.082307	 -0.045112	  0.097679	  0.005160	 -0.014081	 -0.013671	 -0.007607
 -0.098176	 -0.031650	  0.109557	  0.010735	 -0.024407	 -0.042812	 -0.041721
 -0.108217	  0.013709	  0.083108	  0.040320	 -0.039010	 -0.083832	 -0.038554
 -0.107615	  0.056407	  0.088398	  0.054827	  0.013508	 -0.066727	 -0.005516
 -0.128679	  0.047855	  0.085167	  0.079375	  0.014046	 -0.036604	 -0.022716
 -0.146481	  0.012537	  0.097109	  0.080801	  0.004734	 -0.057510	 -0.088949
 -0.152309	 -0.008907	  0.091027	  0.069746	  0.020698	 -0.078035	 -0.113244
 -0.148571	  0.000120	  0.087131	  0.033636	  0.046640	 -0.079207	 -0.023635
 -0.143788	  0.001989	  0.103634	  0.049125	  0.071379	 -0.068406	  0.020489
 -0.121616	  0.018555	  0.113801	  0.077316	  0.061274	 -0.022318	  0.023815
 -0.109167	 -0.002097	  0.100625	  0.109023	  0.075497	 -0.056781	 -0.009824
 -0.064569	 -0.003047	  0.059288	  0.097652	  0.078284	 -0.078891	 -0.001398
 -0.055858	  0.006044	  0.022355	  0.112159	  0.061623	 -0.049908	  0.013964
 -0.082655	  0.021628	  0.025998	  0.090398	  0.074388	 -0.072904	  0.004050
 -0.127729	 -0.009256	  0.055804	  0.054637	  0.070967	 -0.064066	 -0.051667
 -0.163491	 -0.011473	  0.051433	  0.048207	  0.048446	 -0.065302	 -0.027594
 -0.135300	 -0.000323	  0.055741	  0.015549	  0.033083	 -0.038853	  0.030530
 -0.093045	 -0.005233	  0.073447	 -0.019325	  0.030454	  0.007678	  0.049757
 -0.036473	  0.000976	  0.019029	 -0.005895	  0.047464	  0.002357	  0.026888
 -0.019083	 -0.014165	  0.045066	  0.028790	  0.015979	 -0.036731	 -0.015526
 -0.000996	  0.001356	  0.030369	  0.012287	  0.051075	 -0.037903	  0.010543
  0.006257	 -0.031365	  0.047283	  0.006902	  0.067483	 -0.025423	  0.045291
 -0.015884	 -0.053664	  0.052985	  0.059293	  0.066532	  0.025321	  0.026254
 -0.033748	 -0.051099	  0.100688	  0.102466	  0.060989	 -0.006449	 -0.008937
 -0.026938	 -0.055280	  0.124856	  0.050171	  0.036187	 -0.017472	 -0.002507
 -0.032545	 -0.060443	  0.136386	  0.044912	 -0.010027	  0.026905	  0.032367
 -0.014902	 -0.040867	  0.115290	  0.032369	  0.011924	  0.039860	  0.054160
  0.039897	  0.002908	  0.120833	  0.038926	  0.013698	  0.031878	  0.028471
  0.028399	  0.009116	  0.106484	  0.055650	  0.033273	  0.007235	  0.009688
 -0.006603	 -0.001242	  0.069013	  0.077443	  0.007300	  0.024118	  0.004937
  0.002266	 -0.007292	  0.047663	  0.072248	  0.009168	  0.032195	  0.020774
  0.013384	 -0.030700	 -0.015560	  0.071805	 -0.045091	  0.006158	 -0.005548
  0.016900	 -0.008559	 -0.015687	  0.044786	 -0.089437	 -0.024821	 -0.069469
  0.025041	  0.000405	  0.029894	  0.018369	 -0.104134	 -0.011929	 -0.080745
  0.018579	  0.028945	  0.068537	  0.029392	 -0.102265	  0.007045	 -0.073618
  0.012719	  0.010447	  0.123304	  0.006490	 -0.042842	 -0.043573	 -0.045110
  0.009393	 -0.001083	  0.135467	 -0.010995	 -0.027670	 -0.047785	 -0.095918
  0.023267	 -0.023003	  0.141897	 -0.034054	 -0.032643	 -0.054152	 -0.091895
  0.065744	 -0.067855	  0.111394	 -0.044855	  0.000648	 -0.036921	 -0.057622
  0.074676	 -0.092277	  0.124349	 -0.029049	  0.023834	 -0.035970	 -0.029780
  0.074835	 -0.116381	  0.111584	 -0.024013	  0.016327	 -0.048165	 -0.071813
  0.087568	 -0.101431	  0.141169	 -0.056227	  0.015852	 -0.046138	 -0.059839
  0.050445	 -0.083217	  0.145255	 -0.016506	  0.059500	 -0.039106	 -0.037160
  0.056431	 -0.063230	  0.137811	  0.005983	  0.052279	  0.015629	 -0.037508
  0.035304	 -0.057560	  0.135626	  0.007187	  0.049491	 -0.007431	 -0.070324
  0.039960	 -0.063230	  0.147726	  0.045419	  0.053894	 -0.026816	 -0.080904
  0.016805	 -0.045524	  0.124666	  0.067497	  0.060641	 -0.024441	 -0.072890
 -0.003245	  0.007247	  0.063976	  0.102181	  0.042649	  0.002990	 -0.040042
  0.001284	 -0.002445	  0.026599	  0.093122	  0.023391	 -0.023395	 -0.012105
  0.022887	 -0.017143	 -0.003714	  0.064931	  0.033400	 -0.050953	 -0.046567
  0.009267	 -0.044574	  0.002716	  0.056917	  0.008091	 -0.017979	 -0.060948
  0.027828	 -0.053918	  0.001608	  0.054795	  0.013508	 -0.013164	 -0.020119
 -0.010530	 -0.039981	 -0.010841	  0.029582	  0.013761	 -0.021273	  0.004715
 -0.001186	 -0.018726	 -0.016796	  0.032812	 -0.008696	 -0.057256	 -0.027594
 -0.001915	 -0.022559	 -0.024493	 -0.001017	 -0.029602	 -0.053867	 -0.023096
  0.019308	 -0.044795	 -0.012076	  0.002658	 -0.035304	 -0.008286	  0.061097
  0.025706	 -0.090788	 -0.032919	 -0.037665	 -0.042431	 -0.008666	  0.101293
  0.025009	 -0.090566	 -0.011063	 -0.001017	 -0.087663	 -0.015508	  0.019064
  0.022253	 -0.061900	  0.012060	 -0.002125	 -0.138597	 -0.060519	 -0.025313
 -0.003815	 -0.045334	  0.034772	 -0.007479	 -0.099256	 -0.033405	  0.044309
  0.018452	 -0.046981	  0.016875	  0.030405	 -0.063146	  0.013728	  0.099868
 -0.001756	 -0.039505	  0.004585	  0.006269	 -0.083862	  0.013095	  0.064074
  0.002741	  0.004111	 -0.040046	 -0.012040	 -0.074138	  0.024719	  0.001864
 -0.015440	 -0.009636	 -0.026742	  0.026604	 -0.081328	  0.045023	  0.024765
 -0.033780	 -0.036591	 -0.023226	  0.001961	 -0.097419	  0.041317	  0.011208
 -0.032640	 -0.027564	 -0.012931	  0.030659	 -0.095835	  0.023833	 -0.015367
 -0.024943	 -0.011758	  0.008703	  0.022993	 -0.088043	  0.000931	  0.010575
 -0.021047	 -0.056483	 -0.001908	  0.025686	 -0.066821	 -0.024187	 -0.013308
 -0.062098	 -0.068805	 -0.000927	 -0.000700	 -0.015380	 -0.021558	 -0.058762
 -0.054464	 -0.058827	 -0.006280	  0.008866	  0.017024	 -0.010599	 -0.083976
 -0.019875	 -0.033297	  0.012852	  0.040826	  0.038626	  0.011701	 -0.042006
 -0.008155	 -0.044510	  0.024350	  0.038831	  0.007110	  0.051865	 -0.072478
  0.001601	 -0.032315	  0.050419	  0.028695	 -0.003343	  0.029566	 -0.108081
 -0.002041	 -0.026170	  0.033885	  0.074275	  0.036948	  0.038086	 -0.154137
 -0.010277	 -0.040899	  0.057578	  0.059800	  0.031088	  0.014457	 -0.173237
 -0.011227	 -0.006088	  0.035975	  0.021061	  0.060831	  0.010085	 -0.223411
 -0.023296	 -0.024175	  0.006897	  0.034206	  0.077809	 -0.005182	 -0.197880
 -0.055319	 -0.033487	  0.011744	  0.053972	  0.036219	  0.008185	 -0.135892
 -0.068496	 -0.043275	  0.000562	  0.064234	  0.013476	  0.039227	 -0.112769
 -0.042427	 -0.024111	  0.003666	  0.053845	  0.021997	  0.043820	 -0.114701
 -0.064854	  0.011428	  0.011965	  0.042093	  0.029694	  0.020063	 -0.147612
 -0.073659	  0.022261	  0.061474	  0.044849	  0.027572	  0.045593	 -0.145901
 -0.098334	  0.025524	  0.091724	  0.056664	  0.007553	  0.071536	 -0.140390
 -0.121362	 -0.009382	  0.097805	  0.077475	 -0.008126	  0.071250	 -0.132186
 -0.129946	 -0.023129	  0.084660	  0.060022	  0.031975	  0.070395	 -0.087144
 -0.156775	 -0.023034	  0.087448	  0.044754	  0.051930	  0.084586	 -0.091895
 -0.147304	 -0.032093	  0.079465	  0.034491	  0.012146	  0.054019	 -0.090374
 -0.137295	 -0.015147	  0.038256	  0.034840	  0.012748	  0.021615	 -0.057242
 -0.055826	 -0.015115	  0.035627	  0.023373	 -0.003565	  0.015534	 -0.040486
 -0.048002	 -0.012993	  0.034138	  0.044532	 -0.007271	  0.017624	 -0.005706
 -0.055699	 -0.018093	  0.024540	  0.046401	 -0.020701	  0.028584	  0.005507
 -0.046862	 -0.006025	  0.021626	  0.066610	  0.003277	  0.028172	 -0.001937
 -0.039703	  0.002274	  0.045985	  0.076778	 -0.000081	  0.030738	  0.021693
 -0.055826	 -0.030700	  0.033536	  0.087326	 -0.031693	  0.031086	  0.003796
 -0.045975	 -0.048343	  0.048930	  0.058279	 -0.046232	  0.036218	 -0.006910
 -0.030549	 -0.049547	  0.081271	  0.057044	 -0.061911	  0.001660	  0.001009
  0.023140	 -0.004251	  0.088588	  0.031609	 -0.076482	 -0.004105	 -0.014797
  0.047372	  0.000564	  0.093751	  0.001422	 -0.082817	 -0.011517	  0.006805
  0.094410	  0.006550	  0.078610	  0.014346	 -0.062544	 -0.010662	 -0.021702
  0.121144	  0.021723	  0.052161	  0.015803	 -0.073124	 -0.015540	 -0.014164
  0.108442	  0.057769	  0.046365	  0.013997	 -0.110152	 -0.008223	 -0.053663
  0.063336	  0.045226	  0.020296	  0.038894	 -0.088075	 -0.029730	 -0.061962
  0.062006	  0.028248	 -0.015751	  0.022296	 -0.096595	 -0.084624	 -0.083089
  0.059599	 -0.012867	 -0.042516	 -0.019293	 -0.089278	 -0.104674	 -0.105705
  0.033340	 -0.008305	 -0.080590	 -0.029620	 -0.073314	 -0.048324	 -0.137032
  0.026055	  0.003161	 -0.063264	 -0.043335	 -0.062259	 -0.045251	 -0.135638
  0.019561	 -0.015020	 -0.059811	 -0.038584	 -0.029000	 -0.001920	 -0.149924
  0.032421	 -0.012106	 -0.016732	 -0.005230	 -0.032421	  0.046227	 -0.142385
 -0.005843	 -0.073715	  0.002209	  0.017355	 -0.034607	  0.052404	 -0.173902
 -0.032386	 -0.072986	  0.003476	  0.000029	 -0.034258	  0.036281	 -0.169436
 -0.077270	 -0.084009	 -0.013407	  0.027143	 -0.055639	  0.031340	 -0.177513
 -0.077809	 -0.053443	 -0.028136	 -0.004691	 -0.036286	  0.049648	 -0.190057
 -0.081008	 -0.020817	 -0.020280	  0.003861	  0.019400	  0.066119	 -0.166205
 -0.094502	 -0.017840	 -0.024113	  0.025939	  0.031500	  0.063205	 -0.164431
 -0.119303	 -0.019487	 -0.017493	  0.062619	  0.035015	  0.012714	 -0.151793
 -0.135014	 -0.014229	 -0.030194	  0.074465	  0.022314	 -0.014368	 -0.164526
 -0.092760	 -0.032188	 -0.042991	  0.114123	  0.003815	  0.025575	 -0.131584
 -0.077302	 -0.027532	 -0.044733	  0.110354	 -0.011896	  0.027507	 -0.130570
 -0.073849	 -0.032188	 -0.016479	  0.101294	 -0.024629	 -0.005879	 -0.131014
 -0.063618	 -0.055058	 -0.014547	  0.085520	 -0.009678	  0.006633	 -0.112104
 -0.035649	 -0.069597	 -0.062883	  0.037532	  0.008598	  0.018131	 -0.084039
 -0.035966	 -0.069724	 -0.049770	  0.030247	  0.008630	  0.010814	 -0.091451
 -0.043568	 -0.012486	 -0.056612	  0.035537	  0.023011	 -0.001888	 -0.115493
 -0.036378	 -0.009794	 -0.044955	  0.026097	 -0.014936	  0.025226	 -0.131616
 -0.015884	 -0.000165	 -0.047584	  0.013427	  0.002643	  0.020538	 -0.124489
  0.001981	 -0.030668	 -0.001243	 -0.005230	  0.019938	  0.023769	 -0.096456
  0.007366	 -0.044859	  0.035152	 -0.023158	 -0.008696	  0.024624	 -0.070356
 -0.008440	 -0.054773	  0.038351	 -0.021479	 -0.019466	  0.041539	 -0.055848
 -0.052595	 -0.070737	 -0.013502	 -0.015366	 -0.052979	  0.054209	 -0.068012
 -0.060451	 -0.054361	 -0.045272	 -0.048403	 -0.075278	  0.039702	 -0.076849
 -0.066754	 -0.001622	 -0.049200	 -0.066110	 -0.094315	  0.038467	 -0.060378
 -0.073818	  0.059322	 -0.037448	 -0.069594	 -0.085287	  0.022565	 -0.077102
 -0.113792	  0.039398	 -0.017303	 -0.083278	 -0.015063	  0.010022	 -0.076786
 -0.089054	  0.020678	 -0.017208	 -0.037443	 -0.005497	  0.058359	 -0.050464
 -0.065677	  0.003731	 -0.027660	 -0.023665	  0.005684	  0.091364	 -0.062278
 -0.082560	 -0.007102	 -0.013407	 -0.002157	 -0.018357	  0.081798	 -0.083786
 -0.096402	 -0.049230	  0.000689	 -0.003234	 -0.058553	  0.061019	 -0.072319
 -0.087185	 -0.081317	  0.009051	 -0.029018	 -0.058363	  0.045720	 -0.066871
 -0.080216	 -0.110680	  0.032523	 -0.050969	 -0.110343	  0.035204	 -0.051952
 -0.090796	 -0.089394	  0.062678	 -0.015112	 -0.118008	 -0.000019	 -0.086383
 -0.130168	 -0.075394	  0.100149	 -0.002759	 -0.092098	 -0.016332	 -0.108809
 -0.144169	 -0.086702	  0.075094	  0.022676	 -0.064983	  0.013855	 -0.117457
 -0.130010	 -0.085340	  0.083076	  0.009975	 -0.059124	  0.032860	 -0.110868
 -0.161115	 -0.068773	  0.088936	  0.016246	 -0.078129	  0.013221	 -0.081632
 -0.185537	 -0.038428	  0.064388	  0.032274	 -0.071160	 -0.013924	 -0.084705
 -0.171314	 -0.074950	  0.043609	  0.011495	 -0.092319	 -0.022477	 -0.108239
 -0.188134	 -0.073208	  0.027835	 -0.000542	 -0.083894	 -0.003377	 -0.124077
 -0.130897	 -0.052809	  0.030749	 -0.023094	 -0.105560	  0.035869	 -0.091895
 -0.146449	 -0.045999	  0.036387	 -0.001334	 -0.109962	  0.030959	 -0.062057
 -0.144010	 -0.065701	  0.026694	  0.034365	 -0.105813	  0.023452	 -0.073555
