:RUN-6	LEVEL SWEEP	TEMP:NaN	8/27/2019	6:04 PM	HR:-566.37:SW EAR: R	SW FREQ: 32.00	# AVERAGES: 512	REP RATE (/sec): 80	DRIVER: 	SAMPLE (µsec): 40	MASKER dB: 2147483647:NOTES-:CHAMBER-SEWELL-PXI1:CFTS Version: V2.7.2 (R850):LEVELS:20;30;40;50;60;70;80;:DATA -0.009723	 -0.012580	 -0.014092	 -0.012092	  0.003825	 -0.043843	 -0.048750
 -0.026764	 -0.022463	 -0.029582	 -0.023939	 -0.025633	 -0.052744	 -0.030663
 -0.014252	 -0.003299	  0.013085	 -0.026536	 -0.002415	 -0.036115	 -0.025057
 -0.005320	 -0.005200	 -0.001866	 -0.022196	  0.015006	 -0.046884	 -0.080140
 -0.031230	 -0.000702	 -0.015803	 -0.019251	  0.024984	 -0.037318	 -0.098512
 -0.059041	  0.029580	 -0.009531	  0.010873	  0.011078	 -0.010584	 -0.086792
 -0.014569	  0.015389	 -0.010355	  0.023606	 -0.010207	  0.012475	 -0.100571
  0.028889	  0.035788	 -0.009911	  0.050498	  0.007087	  0.014186	 -0.103263
 -0.005637	  0.036422	 -0.019921	  0.052811	 -0.016828	  0.003131	 -0.098512
  0.030885	  0.020489	 -0.033604	  0.017683	 -0.036181	 -0.009697	 -0.056067
  0.031043	  0.052323	  0.000985	 -0.019757	 -0.026140	  0.019412	 -0.023663
  0.010233	  0.044531	  0.014447	  0.015465	 -0.034502	  0.007471	 -0.049098
  0.024043	  0.012317	  0.007384	  0.007705	 -0.019393	 -0.015589	 -0.020971
  0.040673	 -0.002539	  0.016411	  0.049960	 -0.028737	 -0.007797	  0.015424
  0.049003	 -0.030096	  0.013117	  0.026552	  0.006454	 -0.006530	  0.057616
  0.009631	 -0.033042	  0.040231	 -0.031699	  0.000372	 -0.011566	  0.119985
  0.020876	 -0.053726	  0.038869	 -0.020581	  0.028627	  0.012032	  0.146465
  0.008364	 -0.035006	  0.008809	 -0.020233	  0.044242	  0.040508	  0.186218
 -0.032592	 -0.030698	 -0.007472	 -0.034296	  0.040030	  0.074591	  0.157741
 -0.054512	 -0.017490	 -0.001200	 -0.024572	  0.018332	  0.094863	  0.138610
 -0.059960	  0.016308	  0.002189	 -0.002558	  0.045573	  0.096415	  0.123532
 -0.053340	 -0.011471	  0.036303	  0.023701	  0.066067	  0.072025	  0.108011
 -0.055240	 -0.011851	  0.032724	  0.050150	  0.089982	  0.021629	  0.084540
 -0.025719	 -0.018978	  0.042955	  0.051955	  0.092769	  0.006869	  0.066992
  0.002346	 -0.050273	  0.064621	  0.035294	  0.091850	  0.027078	  0.045231
  0.011595	 -0.043400	  0.048783	  0.051512	  0.101638	  0.037911	  0.046846
 -0.030027	 -0.048785	  0.040611	  0.037575	  0.108132	  0.030087	  0.067784
 -0.028823	 -0.042260	  0.073268	  0.026900	  0.102652	  0.074717	  0.099902
 -0.015804	 -0.026675	  0.089771	  0.061901	  0.115259	  0.110320	  0.154669
 -0.040670	 -0.020910	  0.084576	  0.073020	  0.144970	  0.113836	  0.181245
 -0.026764	 -0.027467	  0.096771	  0.086577	  0.177596	  0.171675	  0.202530
 -0.007600	 -0.022209	  0.068929	  0.080970	  0.171704	  0.213550	  0.231260
  0.011943	 -0.060220	  0.090785	  0.105487	  0.200560	  0.190934	  0.249283
  0.010549	 -0.102031	  0.113844	  0.108844	  0.231539	  0.215419	  0.222581
 -0.037660	 -0.129082	  0.098387	  0.117112	  0.212533	  0.189414	  0.197272
 -0.027398	 -0.130887	  0.086382	  0.089142	  0.207212	  0.169933	  0.159895
 -0.018243	 -0.125977	  0.082866	  0.070485	  0.223335	  0.115705	  0.101549
 -0.000664	 -0.114384	  0.102283	  0.092627	  0.205723	  0.082985	  0.021633
 -0.003134	 -0.100859	  0.095314	  0.112392	  0.187605	 -0.001113	 -0.085557
 -0.005415	 -0.069722	  0.108681	  0.083821	  0.142373	 -0.037192	 -0.166044
  0.005165	 -0.061233	  0.101808	  0.046032	  0.088588	 -0.117172	 -0.268070
  0.012608	 -0.070862	  0.062562	 -0.012060	  0.025491	 -0.176215	 -0.351629
  0.025564	 -0.091325	  0.035068	 -0.025364	 -0.018886	 -0.193414	 -0.375322
  0.058316	 -0.076279	  0.022999	 -0.038889	 -0.056390	 -0.215714	 -0.381341
  0.094077	 -0.069564	 -0.025939	 -0.106168	 -0.067698	 -0.267724	 -0.348050
  0.058696	 -0.061803	 -0.028758	 -0.121214	 -0.076440	 -0.234085	 -0.330058
  0.027654	 -0.067568	 -0.026287	 -0.148233	 -0.078563	 -0.218849	 -0.334208
  0.011310	 -0.074758	 -0.016120	 -0.126408	 -0.076187	 -0.190817	 -0.285745
  0.050682	 -0.061487	 -0.056094	 -0.127929	 -0.109826	 -0.152901	 -0.224833
  0.061958	 -0.043907	 -0.071900	 -0.131920	 -0.120247	 -0.088379	 -0.153120
  0.039406	 -0.028481	 -0.086249	 -0.119978	 -0.073811	 -0.043970	 -0.083814
  0.023473	 -0.047454	 -0.084792	 -0.106453	 -0.083187	 -0.002982	  0.020682
  0.022396	 -0.056640	 -0.107978	 -0.134802	 -0.042389	  0.019127	  0.083336
  0.002060	 -0.093859	 -0.078425	 -0.071008	  0.020644	  0.058214	  0.150076
  0.000540	 -0.107257	 -0.077760	 -0.056121	  0.085642	  0.103320	  0.224671
  0.016188	 -0.110267	 -0.046465	 -0.046428	  0.091122	  0.151182	  0.241934
 -0.001424	 -0.111565	 -0.019667	 -0.002780	  0.122797	  0.140602	  0.201675
  0.034939	 -0.119959	 -0.001771	  0.019267	  0.105408	  0.115737	  0.167592
  0.032532	 -0.111692	  0.002569	 -0.005504	  0.129798	  0.098252	  0.142632
  0.015586	 -0.151983	 -0.027491	  0.014325	  0.117032	  0.099741	  0.104527
  0.010803	 -0.135258	  0.009157	  0.018475	  0.095018	  0.112854	  0.085522
  0.029206	 -0.124299	  0.007859	  0.047172	  0.087543	  0.088148	  0.044661
  0.045772	 -0.108683	  0.042416	  0.043942	  0.068316	  0.052766	 -0.018975
  0.046944	 -0.088347	  0.056163	  0.050308	  0.053080	  0.021566	 -0.082959
  0.034274	 -0.039377	  0.027117	  0.067128	  0.045890	 -0.028576	 -0.122458
  0.029206	 -0.044762	  0.038615	  0.048630	  0.045953	 -0.074854	 -0.125309
  0.039754	 -0.030033	  0.067060	  0.044417	  0.058972	 -0.115493	 -0.157111
  0.032025	 -0.005801	  0.082771	  0.028991	  0.043862	 -0.137476	 -0.209629
  0.024930	 -0.000892	  0.053756	  0.031081	  0.013422	 -0.135037	 -0.188438
  0.035225	  0.012285	  0.046154	  0.042928	 -0.026298	 -0.167187	 -0.221380
  0.038740	 -0.019548	  0.026515	  0.015560	 -0.010017	 -0.209664	 -0.246911
  0.032817	 -0.019929	  0.000510	  0.012330	 -0.022782	 -0.232597	 -0.261038
  0.049668	 -0.024490	  0.019325	  0.001402	 -0.028294	 -0.237696	 -0.283369
  0.059424	 -0.025979	  0.031140	 -0.024382	 -0.029973	 -0.234814	 -0.276115
  0.038455	 -0.048310	 -0.002372	 -0.010445	 -0.044987	 -0.216125	 -0.267880
  0.016251	 -0.073935	  0.014415	 -0.013866	 -0.037670	 -0.233832	 -0.240386
  0.024740	 -0.057464	  0.012610	 -0.011744	 -0.018981	 -0.238298	 -0.181628
 -0.005542	 -0.050875	  0.020687	 -0.017414	 -0.005266	 -0.162024	 -0.125436
 -0.037059	 -0.017394	  0.027814	 -0.007087	 -0.000546	 -0.136747	 -0.098575
 -0.054290	 -0.022621	  0.013180	 -0.033315	 -0.007642	 -0.081442	 -0.102503
 -0.078712	 -0.044002	 -0.022233	 -0.003983	  0.019631	 -0.037477	 -0.105164
 -0.098730	 -0.077514	  0.005040	 -0.029672	  0.000594	 -0.018852	 -0.083466
 -0.103608	 -0.118534	 -0.012762	 -0.077312	  0.013549	 -0.016191	 -0.047831
 -0.084413	 -0.143652	  0.008872	 -0.075601	  0.029640	  0.001357	 -0.007002
 -0.027809	 -0.115113	  0.003234	 -0.063976	  0.032238	  0.004525	 -0.023758
 -0.039022	 -0.058984	 -0.011843	 -0.033853	  0.059130	  0.024354	  0.027873
 -0.049982	 -0.047296	  0.018343	 -0.003951	  0.068062	  0.053178	  0.042982
 -0.049380	 -0.051192	 -0.027301	  0.022782	  0.049691	  0.073165	  0.011307
 -0.027239	 -0.013974	 -0.042125	  0.031588	  0.053302	  0.062554	  0.027651
 -0.028601	 -0.012073	 -0.021346	  0.010904	  0.060048	  0.054572	  0.051598
 -0.041271	  0.012064	 -0.046274	  0.043878	  0.065338	  0.078233	  0.055620
 -0.025687	 -0.021101	 -0.029011	  0.092341	  0.061157	  0.078740	  0.052643
 -0.004306	 -0.036811	  0.013719	  0.069472	  0.083330	  0.091980	  0.057679
  0.004848	 -0.095759	  0.008017	  0.082839	  0.098091	  0.117226	  0.080137
  0.017233	 -0.109918	  0.039597	  0.078404	  0.126440	  0.137403	  0.079567
  0.042161	 -0.079668	  0.060313	  0.062947	  0.081113	  0.115135	  0.103007
  0.043017	 -0.071876	  0.057747	  0.081730	  0.067872	  0.069237	  0.082988
  0.073457	 -0.097976	  0.052362	  0.060128	  0.054885	  0.036168	  0.049380
  0.092715	 -0.075740	  0.081535	  0.059019	  0.063469	  0.045101	  0.084065
  0.099177	 -0.089456	  0.050114	  0.071087	  0.082094	  0.064233	  0.090780
  0.078778	 -0.072383	  0.055372	  0.072449	  0.090647	  0.069396	  0.093852
  0.060406	 -0.043305	  0.064526	  0.044892	  0.101733	  0.098886	  0.106713
  0.074185	 -0.033454	  0.027307	  0.048725	  0.104521	  0.112791	  0.126668
  0.077828	 -0.070736	  0.036366	  0.028832	  0.097077	  0.084030	  0.127048
  0.039374	 -0.037952	  0.017488	  0.040299	  0.103380	  0.047920	  0.142094
  0.013052	 -0.027055	  0.023728	  0.070707	  0.089000	  0.068446	  0.166357
  0.037664	 -0.024363	 -0.001707	  0.066209	  0.070185	  0.105221	  0.190715
  0.044347	 -0.033137	  0.006623	  0.033805	  0.075569	  0.121058	  0.146623
  0.029206	  0.002814	 -0.005857	  0.020534	  0.093624	  0.117796	  0.109627
  0.010771	 -0.004661	  0.008777	 -0.014468	  0.094923	  0.095781	  0.092300
 -0.003704	 -0.003774	  0.021384	  0.020850	  0.127390	  0.079025	  0.052231
  0.009694	 -0.012200	  0.035068	 -0.035057	  0.123526	  0.068256	  0.022203
  0.038075	 -0.012136	  0.068802	 -0.037591	  0.119440	  0.064581	  0.005288
 -0.008107	 -0.029811	  0.083848	 -0.013929	  0.140187	  0.053241	 -0.020084
  0.018183	 -0.041753	  0.063892	  0.005963	  0.138445	  0.049472	 -0.025500
 -0.027683	 -0.010363	  0.069435	  0.017683	  0.107435	 -0.004439	 -0.076022
 -0.034905	 -0.027436	  0.077988	  0.018380	  0.149278	 -0.025377	 -0.117422
 -0.061322	 -0.006371	  0.073363	  0.003872	  0.128816	 -0.040961	 -0.167627
 -0.077064	  0.008769	  0.066680	  0.041914	  0.101575	 -0.051509	 -0.200981
 -0.045706	 -0.004946	  0.089549	  0.023289	  0.069456	 -0.045554	 -0.232625
 -0.026954	 -0.045681	  0.082454	  0.004316	  0.047917	 -0.034626	 -0.221317
 -0.036013	 -0.085750	  0.097943	  0.001560	  0.031414	 -0.069405	 -0.227842
 -0.033543	 -0.101968	  0.095916	  0.014959	  0.048075	 -0.099687	 -0.237186
 -0.023565	 -0.150431	  0.066205	 -0.005725	  0.047220	 -0.100130	 -0.214602
 -0.021601	 -0.164938	  0.076562	  0.016352	  0.033124	 -0.111217	 -0.181564
 -0.062525	 -0.149069	  0.039851	  0.021135	  0.023717	 -0.099719	 -0.191637
 -0.075544	 -0.107954	  0.059363	  0.005171	  0.007531	 -0.110583	 -0.199683
 -0.079979	 -0.085940	  0.087870	 -0.023939	  0.002748	 -0.133833	 -0.182831
 -0.048683	 -0.097755	  0.056702	 -0.018807	  0.008766	 -0.123919	 -0.144948
 -0.013904	 -0.061898	  0.045077	 -0.031066	 -0.017936	 -0.099782	 -0.114951
 -0.021854	 -0.053314	  0.045267	 -0.045193	 -0.030606	 -0.069627	 -0.121730
 -0.049095	 -0.067156	  0.030190	 -0.032998	 -0.045779	 -0.103773	 -0.126830
  0.004278	 -0.083374	 -0.038166	 -0.041487	 -0.068522	 -0.138553	 -0.163034
  0.003011	 -0.099339	 -0.055302	 -0.061917	 -0.095667	 -0.215429	 -0.168609
  0.002631	 -0.097913	 -0.049759	 -0.037274	 -0.096713	 -0.242764	 -0.183687
  0.004848	 -0.064496	 -0.034238	 -0.037876	 -0.067856	 -0.225850	 -0.213715
 -0.002279	 -0.068202	 -0.029423	 -0.062836	 -0.087115	 -0.238298	 -0.253879
 -0.008836	 -0.099085	 -0.008771	 -0.035880	 -0.087654	 -0.258095	 -0.259391
  0.002947	 -0.111502	 -0.042220	 -0.072687	 -0.101844	 -0.233325	 -0.228381
 -0.007315	 -0.149259	 -0.062207	 -0.079909	 -0.113944	 -0.197279	 -0.218308
  0.009758	 -0.127308	 -0.066958	 -0.108765	 -0.110428	 -0.224709	 -0.169655
  0.005323	 -0.123982	 -0.050551	 -0.094955	 -0.120026	 -0.243303	 -0.164555
  0.001427	 -0.138711	 -0.060370	 -0.102557	 -0.124365	 -0.245393	 -0.185334
  0.019387	 -0.131806	 -0.095688	 -0.137336	 -0.100862	 -0.210962	 -0.194900
  0.031930	 -0.114163	 -0.056379	 -0.183931	 -0.088857	 -0.197500	 -0.196325
  0.049954	 -0.131394	 -0.001612	 -0.186085	 -0.103016	 -0.187111	 -0.211434
  0.057714	 -0.111660	 -0.007441	 -0.173636	 -0.078468	 -0.168327	 -0.216027
  0.020337	 -0.112959	 -0.010070	 -0.174175	 -0.057467	 -0.157114	 -0.239594
 -0.008202	 -0.148150	 -0.029867	 -0.182252	 -0.044924	 -0.148214	 -0.273645
 -0.026479	 -0.144983	 -0.044532	 -0.185831	 -0.069345	 -0.136019	 -0.228476
 -0.020239	 -0.081442	 -0.056727	 -0.167903	 -0.065417	 -0.116348	 -0.242413
  0.006685	 -0.099814	 -0.089131	 -0.164609	 -0.059082	 -0.099117	 -0.236711
  0.020907	 -0.120054	 -0.066262	 -0.132522	 -0.021547	 -0.097280	 -0.221507
  0.014477	 -0.098388	 -0.042695	 -0.119186	  0.005155	 -0.072763	 -0.259232
  0.047420	 -0.112104	 -0.031292	 -0.129449	  0.030812	 -0.060315	 -0.270129
  0.029111	 -0.118470	 -0.024577	 -0.108417	  0.047568	 -0.035259	 -0.271744
  0.044094	 -0.128733	 -0.012350	 -0.074144	  0.078579	 -0.004978	 -0.302913
  0.056384	 -0.148657	  0.003171	 -0.088651	  0.074461	 -0.008177	 -0.290939
  0.062434	 -0.110583	  0.026674	 -0.088936	  0.039269	 -0.020404	 -0.259391
  0.020432	 -0.084958	  0.031615	 -0.073257	  0.031636	 -0.041404	 -0.241209
 -0.001551	 -0.074695	  0.046661	 -0.021246	  0.059922	 -0.063324	 -0.223376
 -0.016343	 -0.061550	 -0.002119	 -0.000974	  0.091597	 -0.112294	 -0.213145
 -0.004940	 -0.056387	 -0.023817	 -0.022767	  0.084629	 -0.117869	 -0.189167
  0.003169	 -0.032535	 -0.032844	 -0.016938	  0.101765	 -0.139756	 -0.259296
 -0.017325	 -0.026549	 -0.027364	  0.000166	  0.084027	 -0.147263	 -0.288152
 -0.005415	 -0.052903	 -0.017893	 -0.019948	  0.030876	 -0.126389	 -0.294265
  0.007635	 -0.048088	 -0.006744	  0.001433	  0.057705	 -0.112927	 -0.259106
 -0.015868	 -0.032884	 -0.001802	 -0.038097	  0.004237	 -0.110076	 -0.253372
 -0.025560	 -0.055722	  0.008397	  0.014325	  0.016748	 -0.148277	 -0.237218
 -0.058851	 -0.065636	 -0.006364	  0.004949	  0.028690	 -0.161232	 -0.210516
 -0.039909	 -0.071718	 -0.028600	 -0.004617	  0.025016	 -0.163133	 -0.213176
 -0.029045	 -0.053409	 -0.046369	 -0.013676	  0.012599	 -0.165160	 -0.189420
 -0.007664	 -0.071654	 -0.039876	 -0.029799	  0.022418	 -0.196803	 -0.232150
 -0.035253	 -0.089076	 -0.006554	 -0.048392	  0.030020	 -0.176119	 -0.232467
 -0.040955	 -0.087967	 -0.041903	 -0.073479	  0.028722	 -0.162087	 -0.205606
 -0.034049	 -0.101524	 -0.016626	 -0.076995	  0.018395	 -0.178115	 -0.187836
 -0.018212	 -0.116221	  0.018248	 -0.083742	  0.006422	 -0.164051	 -0.191954
 -0.027588	 -0.140326	  0.041308	 -0.087194	 -0.037733	 -0.168581	 -0.175071
 -0.030122	 -0.126548	  0.025090	 -0.064388	 -0.019583	 -0.127244	 -0.178714
 -0.009818	 -0.086510	 -0.004621	 -0.048170	  0.007467	 -0.138996	 -0.149921
  0.047673	 -0.052427	  0.001112	 -0.012155	  0.045446	 -0.170830	 -0.140482
  0.046469	 -0.087080	 -0.001296	  0.020787	  0.034613	 -0.186699	 -0.111562
  0.071461	 -0.110267	 -0.015169	  0.040077	  0.001417	 -0.197690	 -0.104847
  0.067850	 -0.085813	 -0.034174	  0.042675	 -0.010873	 -0.165318	 -0.094331
  0.052012	 -0.074157	 -0.017102	  0.054711	 -0.041122	 -0.138172	 -0.075674
  0.013274	 -0.128733	 -0.002468	  0.008275	 -0.031937	 -0.133104	 -0.062244
 -0.013967	 -0.094904	 -0.026351	 -0.005947	 -0.065037	 -0.108524	 -0.057207
 -0.004148	 -0.097185	 -0.037722	 -0.024319	 -0.078468	 -0.121796	 -0.031487
  0.028953	 -0.082329	 -0.016088	 -0.049025	 -0.065164	 -0.099180	 -0.042985
  0.013780	 -0.086637	 -0.013522	 -0.088588	 -0.037258	 -0.088316	 -0.060818
 -0.010895	 -0.079415	  0.006338	 -0.119788	 -0.019615	 -0.097818	 -0.080394
 -0.018307	 -0.055753	 -0.014599	 -0.108353	 -0.031050	 -0.078306	 -0.055212
  0.016219	 -0.038490	 -0.043297	 -0.088683	 -0.027629	 -0.048310	 -0.071556
  0.041496	 -0.042165	 -0.046845	 -0.075189	 -0.025190	 -0.089392	 -0.077068
  0.043682	 -0.089868	 -0.029296	 -0.064515	 -0.041344	 -0.109253	 -0.092715
  0.051854	 -0.080143	 -0.007789	 -0.056342	 -0.034566	 -0.118407	 -0.076276
  0.038487	 -0.091927	  0.000668	 -0.050578	 -0.011474	 -0.069500	 -0.057271
  0.043904	 -0.083247	 -0.019572	 -0.073637	 -0.014737	 -0.027784	 -0.039152
  0.058949	 -0.002919	  0.010044	 -0.076045	  0.000911	 -0.028576	 -0.011183
  0.031138	 -0.005485	  0.031583	 -0.095747	  0.050419	 -0.019707	 -0.002441
  0.023885	 -0.039726	 -0.014124	 -0.086181	  0.058750	  0.002909	 -0.018532
  0.007635	 -0.064939	 -0.025464	 -0.096412	  0.052351	 -0.010078	  0.003514
  0.021953	 -0.014480	 -0.029835	 -0.095588	  0.074207	 -0.036811	  0.026511
  0.000508	 -0.012897	 -0.010925	 -0.070976	  0.085484	 -0.009982	  0.023343
 -0.005732	 -0.024426	  0.024805	 -0.068379	  0.124033	  0.011177	  0.016596
  0.022618	 -0.066871	  0.022746	 -0.070121	  0.139965	  0.020521	  0.047987
  0.030347	 -0.084863	  0.013624	 -0.097679	  0.107308	  0.031449	  0.038199
  0.005006	 -0.091831	 -0.025622	 -0.076931	  0.084692	  0.044879	  0.056412
  0.012830	 -0.096108	 -0.045261	 -0.043736	  0.061854	  0.035947	  0.053340
 -0.015361	 -0.083786	 -0.027333	 -0.061062	  0.103570	  0.047508	  0.060118
 -0.024230	 -0.074917	 -0.055365	 -0.044939	  0.112439	  0.026349	  0.088784
 -0.044312	 -0.054106	 -0.050044	 -0.032903	  0.062582	  0.028376	  0.048493
 -0.026194	 -0.037477	 -0.047130	 -0.030971	  0.021848	  0.026349	  0.024515
  0.009324	  0.032599	 -0.040925	 -0.043134	  0.024027	  0.002108	  0.034629
 -0.007211	  0.025630	 -0.021761	 -0.035468	  0.023394	  0.017661	  0.047521
 -0.032963	  0.027879	 -0.023947	 -0.041740	 -0.030613	  0.002551	  0.060286
 -0.000717	  0.002285	 -0.014507	 -0.062424	 -0.032323	 -0.006951	  0.008497
  0.007455	 -0.015770	  0.011593	 -0.076773	  0.025928	 -0.009675	 -0.017033
  0.011129	  0.008050	  0.021856	 -0.042089	  0.044458	 -0.009802	  0.012931
  0.017591	  0.014259	  0.012417	 -0.020296	  0.039073	  0.003502	  0.056042
  0.020315	  0.018123	  0.008742	 -0.033315	  0.012466	  0.021747	  0.060634
  0.034822	  0.020024	  0.026354	  0.014547	  0.001791	  0.010122	 -0.023368
  0.042139	 -0.023847	  0.024137	  0.032443	  0.008665	  0.013765	 -0.054600
  0.014233	 -0.007407	  0.016598	  0.062662	 -0.003023	  0.019624	 -0.006929
 -0.018994	 -0.011652	  0.016756	  0.038525	 -0.026907	 -0.013223	 -0.043007
 -0.013039	 -0.013647	  0.013937	  0.028167	 -0.044296	 -0.050663	 -0.094131
 -0.017252	 -0.015263	  0.021381	  0.048566	 -0.018481	 -0.029821	 -0.029228
  0.015215	  0.003109	  0.007190	  0.030480	 -0.019526	  0.018326	 -0.008766
  0.024686	 -0.007502	 -0.018467	  0.030448	 -0.018766	 -0.015599	 -0.052066
 -0.002523	 -0.013299	 -0.014697	  0.032760	 -0.008567	  0.005909	 -0.005187
 -0.032266	 -0.012317	 -0.027969	  0.014040	  0.009710	  0.041670	  0.054775
 -0.039900	 -0.010923	 -0.015996	  0.007578	  0.016457	  0.001570	  0.032443
 -0.032044	 -0.020331	 -0.002692	  0.015022	 -0.003467	 -0.022820	 -0.033441
 -0.066697	  0.001810	  0.029078	  0.054901	 -0.009675	  0.003122	  0.016479
 -0.065842	  0.040422	  0.000602	  0.035548	 -0.003752	  0.038091	  0.066970
 -0.098658	  0.063862	 -0.025150	 -0.021626	 -0.027160	  0.048892	  0.050973
 -0.128559	  0.061170	 -0.037409	 -0.051686	 -0.032798	 -0.014522	 -0.002368
 -0.108794	  0.058129	 -0.029933	 -0.039840	  0.029127	 -0.025355	  0.069440
 -0.116776	  0.043210	 -0.005100	 -0.021785	  0.002932	 -0.028015	  0.075047
 -0.123554	  0.032060	  0.019100	 -0.037749	 -0.002041	 -0.028934	 -0.009305
 -0.105626	  0.029843	  0.034779	 -0.027518	 -0.014997	  0.019941	 -0.015006
 -0.110346	  0.046884	  0.046974	  0.007293	  0.000524	  0.037743	  0.046982
 -0.094856	  0.043590	  0.035065	  0.025507	 -0.003087	  0.017692	  0.021230
 -0.071892	  0.030571	  0.038454	  0.001243	 -0.002770	 -0.010816	 -0.006897
 -0.053298	  0.027467	  0.023345	  0.004126	  0.021810	  0.012181	  0.063897
 -0.050543	  0.013213	  0.008837	  0.017936	  0.045662	  0.022444	  0.079830
 -0.084182	  0.002634	  0.005923	 -0.011775	  0.060232	  0.014430	 -0.006359
 -0.109522	 -0.012887	 -0.024928	 -0.016748	  0.073536	  0.017249	  0.023004
 -0.103631	 -0.018304	 -0.029331	 -0.001069	  0.108759	  0.031914	  0.099975
 -0.111961	 -0.043169	 -0.002819	  0.016637	  0.061214	  0.023235	  0.056960
 -0.109776	 -0.025431	  0.022743	  0.015275	  0.036317	 -0.001440	 -0.028151
 -0.106101	 -0.008041	  0.016091	  0.005266	  0.028715	  0.061182	  0.032222
 -0.080001	 -0.010923	  0.036047	 -0.031731	  0.031186	  0.076988	  0.086291
 -0.105658	  0.009919	 -0.003389	 -0.065402	  0.047974	  0.023996	  0.012646
 -0.120830	  0.010236	  0.004625	 -0.050451	  0.010914	  0.049082	 -0.020359
 -0.074553	  0.014417	  0.019829	 -0.044939	 -0.006729	  0.090609	  0.068775
 -0.082028	  0.056197	  0.057301	 -0.029513	 -0.004259	  0.057096	  0.053508
 -0.087761	  0.052903	  0.077288	 -0.063026	  0.002298	  0.012307	 -0.009368
 -0.095332	  0.040074	  0.080677	 -0.040378	 -0.011449	  0.019276	  0.054363
 -0.082091	  0.040834	  0.059898	 -0.040030	 -0.003245	  0.054847	  0.079481
 -0.025646	  0.040422	  0.064998	 -0.036704	 -0.004544	  0.016172	  0.007072
 -0.038348	  0.025757	  0.057902	 -0.023337	  0.010407	  0.009362	 -0.029133
 -0.081870	  0.003679	  0.035508	 -0.037717	  0.010945	  0.045630	  0.057277
 -0.083770	 -0.007629	  0.019575	 -0.060429	  0.001443	  0.050254	  0.049168
 -0.053900	  0.006467	  0.017105	 -0.053175	 -0.026178	  0.022444	 -0.026378
 -0.053013	 -0.001262	  0.043459	 -0.020518	 -0.017942	  0.020606	  0.019995
 -0.084562	  0.030508	  0.035065	 -0.045351	  0.025073	  0.015665	  0.076726
 -0.078480	  0.057844	  0.054355	 -0.020581	  0.025453	 -0.030264	  0.011443
 -0.104454	  0.059586	  0.067532	 -0.021975	  0.051712	 -0.047464	 -0.040790
 -0.113640	  0.095537	  0.052138	  0.005266	  0.054879	 -0.024214	  0.072449
 -0.110599	  0.101081	  0.026956	  0.011158	  0.033562	 -0.018924	  0.063327
 -0.079874	  0.090786	  0.013684	 -0.014879	  0.029064	 -0.020001	 -0.025934
 -0.064702	  0.084895	 -0.033861	 -0.009748	  0.012561	  0.003027	  0.010714
 -0.045285	  0.085908	 -0.033703	 -0.030369	  0.010375	  0.006638	  0.090283
 -0.047153	  0.082804	 -0.006874	 -0.052668	 -0.002738	 -0.055826	  0.044290
 -0.028117	  0.065668	  0.021032	 -0.058623	 -0.012716	 -0.025069	  0.000166
  0.007581	  0.047676	  0.000950	 -0.024509	  0.016964	  0.019878	  0.052684
  0.003400	  0.034943	  0.027526	 -0.004205	  0.031503	  0.009267	  0.098708
 -0.004962	  0.035449	  0.020906	 -0.014594	  0.024661	 -0.009580	  0.050308
 -0.000052	  0.019960	  0.025594	 -0.032618	 -0.000331	  0.002805	  0.026045
  0.016102	  0.037540	  0.033259	 -0.047347	  0.037774	  0.028018	  0.109161
  0.032320	  0.020910	  0.030788	 -0.023590	  0.042494	  0.022095	  0.112424
  0.013600	  0.001398	  0.037060	 -0.014214	 -0.003372	  0.040562	  0.025507
  0.010084	  0.016064	  0.062780	 -0.051845	 -0.021680	  0.042241	  0.056232
 -0.039235	  0.021005	  0.025119	 -0.076678	 -0.032925	  0.069101	  0.113564
 -0.049624	  0.024236	 -0.028476	 -0.097172	  0.010534	  0.035240	  0.040489
 -0.061851	  0.007543	 -0.035666	 -0.091914	  0.012022	  0.024756	  0.033235
 -0.080413	  0.008272	 -0.055749	 -0.068411	  0.015697	  0.049969	  0.114958
 -0.091214	 -0.018620	 -0.010706	 -0.032047	  0.065395	  0.043223	  0.073400
 -0.087983	 -0.007534	  0.007697	 -0.032333	  0.083133	  0.031408	 -0.010952
 -0.084879	  0.020594	  0.006335	 -0.002209	  0.083925	  0.078414	  0.002289
 -0.112595	  0.032979	  0.026512	  0.019013	  0.064065	  0.091337	  0.066209
 -0.129889	  0.050178	  0.036775	  0.046697	  0.028272	  0.046929	  0.021927
 -0.149813	  0.046979	  0.043427	  0.031557	  0.031471	  0.019244	  0.017873
 -0.141134	  0.053948	  0.005005	  0.028357	  0.041132	  0.044648	  0.093482
 -0.103060	  0.066586	 -0.007222	  0.035326	  0.061056	  0.047562	  0.075965
 -0.103377	  0.067125	  0.012829	  0.041661	  0.022095	 -0.007870	 -0.015861
 -0.091436	  0.052712	  0.046848	  0.059558	  0.031788	  0.013669	  0.026932
 -0.099988	  0.035481	  0.038929	  0.082776	  0.017249	  0.031091	  0.079703
 -0.090295	  0.033992	  0.036680	  0.041598	  0.052218	  0.016710	  0.031652
 -0.098562	 -0.000312	  0.035951	  0.014927	  0.051775	  0.039738	 -0.013898
 -0.090929	 -0.020553	  0.000158	  0.005868	  0.021683	  0.089437	  0.031525
 -0.082028	 -0.051088	 -0.029490	  0.015275	  0.039960	  0.068531	  0.060666
 -0.048579	 -0.036897	 -0.026481	 -0.009336	  0.043413	  0.019846	 -0.009621
 -0.041294	 -0.056251	 -0.019417	 -0.027518	  0.049051	  0.025231	 -0.027296
 -0.049497	 -0.045671	 -0.008172	 -0.028215	  0.055576	  0.067993	  0.029814
 -0.050733	 -0.016435	  0.003104	 -0.024984	  0.072871	  0.075373	  0.020090
 -0.094476	  0.033454	 -0.008584	 -0.054125	  0.079427	  0.046643	 -0.041930
 -0.094825	  0.050970	  0.000855	 -0.030939	  0.083133	  0.027290	 -0.001196
 -0.082440	  0.043558	  0.011023	 -0.041994	  0.064318	  0.034670	  0.065449
 -0.089757	  0.038047	  0.019132	 -0.027676	  0.055132	  0.001474	  0.005551
 -0.108762	 -0.000850	  0.001869	 -0.047283	  0.045662	  0.015032	  0.020153
 -0.080127	  0.010458	 -0.018720	 -0.058655	  0.040720	  0.035050	  0.115433
 -0.041800	  0.007702	 -0.009851	 -0.024224	  0.052820	  0.051870	  0.148787
 -0.021782	  0.015937	  0.010263	 -0.067682	  0.002710	  0.027322	  0.036466
 -0.049687	  0.035671	  0.016313	 -0.060429	  0.002900	  0.002900	  0.081508
 -0.104961	  0.030065	  0.023408	 -0.068347	 -0.004290	  0.007018	  0.147140
 -0.074869	  0.030476	  0.026069	 -0.053143	  0.006828	  0.000683	  0.087685
 -0.087191	  0.040549	  0.010326	 -0.001703	 -0.002422	 -0.039988	  0.044607
 -0.078164	  0.041404	  0.040513	  0.058164	  0.007905	  0.002678	  0.121483
 -0.055896	  0.026485	  0.055495	  0.052431	 -0.011227	 -0.012779	  0.139411
 -0.069326	  0.014860	  0.035603	  0.008750	 -0.020350	 -0.073374	  0.038937
 -0.089472	  0.025377	  0.024770	 -0.014721	 -0.001060	 -0.096592	  0.038272
 -0.060425	  0.023033	  0.039151	 -0.015703	 -0.036694	 -0.060007	  0.083599
 -0.062864	  0.031458	  0.020272	 -0.039428	 -0.050695	 -0.049428	  0.058005
 -0.090802	 -0.021186	  0.020431	 -0.035373	 -0.035522	 -0.037645	 -0.034043
 -0.071543	 -0.019349	  0.000634	 -0.072655	 -0.037201	 -0.000711	  0.009384
 -0.045380	 -0.036929	  0.018942	 -0.055551	 -0.057948	  0.029095	  0.032792
 -0.031252	 -0.050137	 -0.020747	 -0.036609	 -0.048351	 -0.040780	 -0.003666
 -0.052412	 -0.015833	 -0.045074	 -0.007594	 -0.033178	 -0.017436	  0.000673
 -0.063118	  0.006118	 -0.004846	 -0.021721	 -0.015440	  0.014873	  0.076155
 -0.070245	  0.006688	  0.014697	 -0.069899	 -0.008218	 -0.026907	  0.093672
 -0.055547	 -0.008864	  0.026607	 -0.063628	 -0.031911	 -0.038183	  0.079956
 -0.054787	 -0.038702	  0.020019	 -0.089823	 -0.029124	 -0.045880	  0.051670
 -0.072272	 -0.037404	  0.034431	 -0.080923	  0.006448	 -0.029726	  0.024556
 -0.091594	 -0.037024	  0.014032	 -0.053143	  0.015127	 -0.030866	  0.008877
 -0.098467	 -0.014091	 -0.022141	 -0.010350	  0.015095	 -0.014522	  0.062313
 -0.110948	  0.019295	 -0.029205	  0.004696	  0.027163	 -0.017372	  0.055123
 -0.096630	  0.049165	 -0.018213	  0.026013	  0.052282	 -0.026970	  0.044417
 -0.078417	  0.058414	 -0.011118	  0.025760	  0.031598	 -0.013951	  0.045747
 -0.111359	  0.090881	 -0.011815	  0.036054	  0.002678	 -0.027952	  0.046634
 -0.154754	  0.107257	 -0.009851	  0.014769	  0.019466	 -0.036029	  0.024588
 -0.136383	  0.072098	  0.018118	  0.007008	  0.082658	 -0.028617	  0.005551
 -0.110884	  0.043812	  0.010073	  0.013977	  0.047309	 -0.058012	  0.005424
 -0.128179	 -0.003480	  0.002787	  0.008243	  0.050761	 -0.027920	  0.012615
 -0.125170	 -0.045228	 -0.014317	  0.037195	  0.074011	 -0.023739	  0.041154
 -0.088997	 -0.025652	  0.016693	  0.013090	  0.055101	 -0.003815	  0.060413
 -0.077974	 -0.016561	  0.034146	  0.020502	  0.021557	  0.022127	  0.065291
 -0.052063	 -0.027109	  0.014571	  0.017873	  0.040720	 -0.010435	  0.044828
 -0.052158	 -0.036073	  0.038327	  0.016669	  0.031851	  0.005307	  0.030955
 -0.039900	 -0.053146	  0.072156	  0.017144	 -0.003467	  0.030046	  0.026837
 -0.032931	 -0.020141	  0.093189	 -0.016495	  0.017439	  0.015602	  0.029593
 -0.062389	  0.004503	  0.113556	 -0.031572	  0.024788	  0.023394	  0.040046
 -0.052728	  0.005991	  0.085175	 -0.039903	 -0.003562	  0.004325	  0.025348
 -0.041008	  0.014259	  0.047038	 -0.058845	 -0.008282	  0.000556	  0.056042
 -0.019881	  0.040201	  0.044757	 -0.039460	  0.009615	  0.011072	  0.073083
  0.009799	  0.035513	  0.043459	 -0.032808	  0.008538	  0.035050	  0.077074
 -0.032583	  0.044984	  0.036712	 -0.019409	  0.005656	 -0.011671	  0.041566
 -0.032044	  0.050178	  0.030852	 -0.023717	  0.018104	 -0.046514	  0.058892
 -0.000464	  0.068328	  0.024643	 -0.041677	  0.025421	 -0.040084	  0.077422
 -0.007939	  0.081664	  0.061165	 -0.019536	  0.024122	 -0.091144	  0.063865
 -0.025709	  0.072573	  0.082799	 -0.012662	  0.016394	 -0.100235	  0.071879
 -0.019596	  0.020815	  0.071618	 -0.007943	 -0.001123	 -0.100647	  0.090631
 -0.003600	 -0.007502	  0.059106	 -0.009843	  0.006606	 -0.099348	  0.090061
 -0.021845	 -0.046083	  0.073392	  0.021832	  0.018199	 -0.103719	  0.068712
 -0.040628	 -0.020204	  0.070921	  0.065196	  0.024566	 -0.097954	  0.040141
 -0.066697	 -0.024639	  0.081564	  0.041661	  0.024914	 -0.111955	  0.071024
 -0.107938	 -0.075604	  0.112226	  0.005678	  0.027892	 -0.108185	  0.096301
 -0.123776	 -0.107121	  0.108995	 -0.005852	  0.069481	 -0.111448	  0.087527
 -0.119373	 -0.067970	  0.092967	  0.007832	  0.055196	 -0.121331	  0.081635
 -0.118170	 -0.045386	  0.045581	  0.000927	  0.053992	 -0.106538	  0.047236
 -0.101857	 -0.031449	  0.013969	  0.004569	  0.002646	 -0.075243	  0.008782
 -0.082345	 -0.016530	  0.036902	  0.015370	  0.018136	 -0.071791	 -0.020739
 -0.065937	 -0.027616	  0.033006	 -0.004332	  0.022919	 -0.088705	  0.017366
 -0.098848	 -0.007692	  0.026354	 -0.015228	  0.029507	 -0.051202	  0.064974
 -0.121527	 -0.010828	  0.013145	 -0.040758	  0.022855	 -0.050568	  0.067286
 -0.141863	 -0.022833	  0.009376	 -0.083076	 -0.014807	 -0.066944	  0.045810
 -0.145505	 -0.026983	 -0.005607	 -0.068696	  0.014461	 -0.029282	  0.049263
 -0.144998	 -0.038702	 -0.010580	 -0.051053	  0.014841	 -0.038310	  0.023764
 -0.077910	 -0.022421	  0.000697	 -0.060524	  0.018294	 -0.048097	  0.010904
 -0.071765	 -0.005697	  0.036680	 -0.044433	  0.016647	 -0.044930	  0.018348
 -0.043257	  0.005991	  0.031675	 -0.032998	  0.008316	 -0.070714	  0.004031
 -0.027705	 -0.026856	  0.016978	 -0.036672	 -0.014712	 -0.086646	  0.035864
 -0.025044	 -0.022675	  0.019765	 -0.070818	 -0.020603	 -0.075813	  0.035611
 -0.013356	 -0.012475	  0.031770	 -0.037496	 -0.044613	 -0.041984	  0.010524
 -0.014971	 -0.028756	  0.029015	 -0.015925	 -0.031943	 -0.030106	  0.028864
 -0.003030	 -0.017543	 -0.002027	 -0.015006	 -0.056206	 -0.029504	  0.037100
 -0.039836	 -0.021946	  0.002851	  0.000388	 -0.067578	 -0.058424	  0.013026
 -0.031728	 -0.012064	  0.009503	 -0.006866	 -0.050790	 -0.064315	  0.026995
 -0.047375	  0.029558	  0.018910	  0.016289	 -0.025513	 -0.088832	  0.042896
 -0.031981	  0.047708	  0.021001	  0.017271	  0.013638	 -0.100583	  0.045272
 -0.006894	  0.035133	  0.037662	  0.034566	  0.043888	 -0.085474	  0.075459
  0.004287	  0.034689	  0.044314	  0.019995	  0.082468	 -0.066311	  0.076440
 -0.010125	  0.020119	  0.038454	  0.048154	  0.080663	 -0.042459	  0.088287
 -0.038443	  0.017141	  0.053975	  0.069567	  0.070083	 -0.037549	  0.093007
 -0.072430	 -0.006489	  0.036300	  0.043752	  0.049748	 -0.035807	  0.092436
 -0.067742	 -0.018399	  0.022489	  0.052874	  0.009267	 -0.046070	  0.047711
 -0.081553	 -0.045449	  0.032214	  0.033805	 -0.018133	 -0.025386	  0.017651
 -0.076200	 -0.026412	  0.044504	  0.013597	 -0.013128	 -0.020888	 -0.019156
 -0.044018	 -0.012475	  0.041780	  0.040932	 -0.024879	 -0.037930	  0.000388
 -0.056941	 -0.006837	  0.046563	  0.009067	  0.006669	 -0.051328	 -0.008798
 -0.049941	 -0.019602	  0.026386	 -0.002526	  0.010660	 -0.059754	 -0.017825
 -0.019248	 -0.010733	 -0.007729	  0.015687	  0.018357	 -0.100077	 -0.007721
 -0.020546	  0.026137	  0.027653	  0.020343	  0.065712	 -0.135426	 -0.037369
 -0.043226	  0.023001	  0.020906	  0.019615	  0.072966	 -0.174260	 -0.031952
 -0.018139	  0.003901	  0.016851	 -0.001576	  0.056875	 -0.141730	  0.000230
 -0.053172	 -0.018462	  0.013050	 -0.003920	 -0.019114	 -0.146323	  0.034186
 -0.067901	  0.025503	  0.024517	 -0.009336	 -0.053894	 -0.117150	  0.035199
 -0.068091	  0.020024	  0.029743	 -0.030305	 -0.030898	 -0.095515	  0.042516
 -0.048009	 -0.004430	  0.005068	 -0.014341	 -0.006983	 -0.105398	  0.039729
 -0.050321	  0.019770	 -0.009408	 -0.019346	  0.017375	 -0.104669	  0.023764
 -0.068218	  0.014449	 -0.030028	  0.010619	  0.035937	 -0.131625	  0.000990
 -0.054027	  0.032028	 -0.029395	  0.050277	  0.045535	 -0.103054	  0.000610
 -0.067932	  0.032884	 -0.017580	  0.037670	  0.072237	 -0.144929	 -0.025998
 -0.083422	  0.009634	 -0.033798	  0.057784	  0.074074	 -0.152277	  0.016701
 -0.079367	 -0.019602	 -0.027843	  0.082110	  0.076925	 -0.115154	  0.021896
 -0.092766	 -0.002941	  0.008046	  0.066368	  0.073377	 -0.074008	  0.045399
 -0.113006	  0.002634	 -0.000443	  0.004664	  0.073156	 -0.062985	  0.065196
 -0.067742	  0.003141	 -0.003833	 -0.028563	  0.050381	 -0.091017	  0.069155
 -0.051398	  0.008462	  0.038676	 -0.013422	  0.056051	 -0.124878	  0.071657
 -0.068629	  0.001620	  0.086917	 -0.030369	  0.079998	 -0.109738	  0.092341
 -0.090074	  0.001082	  0.096610	 -0.042912	  0.049051	 -0.091366	  0.074508
 -0.089060	 -0.010733	  0.073233	 -0.070121	  0.028810	 -0.126367	  0.035168
 -0.096535	  0.014100	  0.033734	 -0.108797	  0.011452	 -0.138784	  0.016828
 -0.075820	  0.032377	  0.047355	 -0.094416	  0.025453	 -0.145816	  0.001560
 -0.102744	  0.023603	  0.046721	 -0.119091	  0.059599	 -0.124467	 -0.017794
