:RUN-5	LEVEL SWEEP	TEMP:NaN	8/27/2019	6:02 PM	HR:-636.36:SW EAR: R	SW FREQ: 22.60	# AVERAGES: 512	REP RATE (/sec): 80	DRIVER: 	SAMPLE (µsec): 40	MASKER dB: 2147483647:NOTES-:CHAMBER-SEWELL-PXI1:CFTS Version: V2.7.2 (R850):LEVELS:20;30;40;50;60;70;80;:DATA -0.041503	 -0.039656	  0.079120	  0.010439	 -0.028161	 -0.028812	 -0.038368
 -0.041503	 -0.037280	  0.061889	 -0.030993	 -0.037442	  0.002863	 -0.060129
 -0.031303	  0.002694	  0.006552	  0.015127	 -0.016789	  0.001691	 -0.071691
 -0.052431	  0.007319	  0.000407	  0.013353	 -0.014984	  0.001501	 -0.069473
 -0.040806	 -0.020556	  0.015516	  0.006606	 -0.010740	 -0.018834	 -0.060256
 -0.016891	 -0.019415	  0.034458	  0.016710	  0.015203	 -0.008065	 -0.078248
  0.014784	 -0.027714	  0.031227	  0.022824	  0.023501	 -0.006829	 -0.063899
  0.029830	  0.003074	  0.017987	  0.020986	  0.025149	  0.008375	 -0.070519
  0.051528	  0.007952	 -0.020467	  0.021335	  0.019035	 -0.031156	 -0.064342
  0.035057	 -0.001582	 -0.033105	  0.008950	 -0.020369	 -0.083642	 -0.033142
  0.027518	  0.029713	 -0.005009	  0.002805	 -0.003454	 -0.065143	 -0.062283
  0.051211	  0.051379	 -0.013910	 -0.020318	 -0.019545	 -0.049084	 -0.038337
  0.044496	  0.013717	 -0.007734	 -0.043188	 -0.004595	 -0.021843	 -0.049455
  0.020739	  0.005830	 -0.004503	 -0.006064	  0.008456	  0.005207	 -0.040396
  0.031857	  0.006083	 -0.015019	 -0.006508	 -0.038075	 -0.001698	  0.013199
 -0.016194	  0.010264	 -0.039789	  0.011326	 -0.020591	  0.012778	  0.064608
 -0.045399	  0.007224	 -0.029970	  0.011230	 -0.030156	  0.050408	  0.129257
 -0.017746	  0.003391	 -0.011440	 -0.007236	  0.014347	  0.087120	  0.196758
 -0.004601	 -0.005161	 -0.008810	 -0.019178	  0.055018	  0.074070	  0.198531
  0.001354	  0.002726	 -0.057400	 -0.028205	  0.084191	  0.071092	  0.198183
 -0.037005	 -0.051788	 -0.041880	 -0.032640	  0.121220	  0.060354	  0.201509
 -0.009352	 -0.055842	 -0.026169	 -0.017087	  0.130659	  0.062666	  0.229953
 -0.015180	 -0.069621	 -0.010553	  0.020575	  0.106491	  0.069572	  0.205025
 -0.048154	 -0.049570	  0.053432	  0.033783	  0.099079	  0.041412	  0.183644
 -0.062725	 -0.033257	  0.067939	  0.067961	  0.097653	  0.034887	  0.195902
 -0.066178	 -0.051249	  0.061129	  0.042874	  0.079757	  0.047621	  0.172716
 -0.072544	 -0.026257	  0.085170	  0.037268	  0.096481	  0.081988	  0.216301
 -0.069694	  0.003106	  0.097682	  0.013828	  0.139116	  0.138941	  0.241356
 -0.054616	 -0.020777	  0.083713	  0.014113	  0.130817	  0.159973	  0.307336
 -0.024271	 -0.064964	  0.075192	 -0.000426	  0.162588	  0.175842	  0.364003
  0.000436	 -0.051059	  0.037657	  0.038059	  0.196132	  0.210780	  0.452662
  0.034962	 -0.056951	  0.036834	  0.048322	  0.163190	  0.250786	  0.488741
  0.037907	 -0.007600	  0.041015	  0.079459	  0.185996	  0.246922	  0.458269
  0.023875	  0.008997	  0.061160	  0.120415	  0.191222	  0.229722	  0.417946
  0.018300	 -0.010039	  0.072690	  0.159154	  0.187643	  0.211730	  0.340849
 -0.004442	 -0.029932	  0.031005	  0.141321	  0.198793	  0.183191	  0.235782
 -0.007895	 -0.072852	  0.075826	  0.127986	  0.188973	  0.110940	  0.135909
  0.001101	 -0.079472	  0.088813	  0.119180	  0.142981	  0.006791	  0.016367
 -0.021199	 -0.024452	  0.088433	  0.106858	  0.060023	 -0.071162	 -0.100072
  0.010603	  0.009314	  0.078265	  0.057096	  0.032402	 -0.171066	 -0.197252
  0.019441	  0.003803	  0.043264	  0.009108	 -0.018310	 -0.251109	 -0.320247
  0.021626	  0.000984	  0.010385	 -0.053799	 -0.090466	 -0.333370	 -0.403490
  0.013866	  0.009473	 -0.019422	 -0.098081	 -0.166709	 -0.371475	 -0.466238
  0.006010	  0.013590	 -0.045491	 -0.117403	 -0.183433	 -0.384747	 -0.466840
 -0.009447	  0.043143	 -0.028893	 -0.182052	 -0.164270	 -0.376005	 -0.478497
  0.007689	  0.045646	  0.001357	 -0.181102	 -0.189610	 -0.401123	 -0.454582
  0.016273	  0.053945	 -0.001113	 -0.165930	 -0.180044	 -0.347719	 -0.410363
  0.016527	  0.045392	  0.019412	 -0.211257	 -0.205131	 -0.318102	 -0.396426
  0.039745	 -0.003356	  0.024797	 -0.186804	 -0.216692	 -0.290988	 -0.350719
  0.051591	 -0.033257	  0.003068	 -0.164726	 -0.186506	 -0.256684	 -0.264720
  0.041107	 -0.061068	  0.004050	 -0.174957	 -0.149541	 -0.169514	 -0.135453
  0.036165	 -0.091445	  0.017448	 -0.158042	 -0.121318	 -0.086113	 -0.044323
  0.070216	 -0.115613	 -0.033105	 -0.112810	 -0.055750	 -0.046392	  0.059477
  0.096032	 -0.134397	 -0.030825	 -0.092443	  0.006365	  0.053196	  0.187002
  0.084724	 -0.111084	 -0.036178	 -0.030581	  0.079408	  0.075210	  0.299734
  0.064103	 -0.084793	 -0.059079	  0.044395	  0.120333	  0.112080	  0.370053
  0.111774	 -0.087992	 -0.001905	  0.076387	  0.146433	  0.143977	  0.374298
  0.118775	 -0.075702	  0.037467	  0.092446	  0.152230	  0.179802	  0.379746
  0.112249	 -0.073105	  0.047001	  0.091021	  0.214092	  0.195956	  0.388963
  0.103792	 -0.083780	  0.074179	  0.124882	  0.212571	  0.175969	  0.353804
  0.101543	 -0.066802	  0.063979	  0.143633	  0.182290	  0.148095	  0.296725
  0.063311	 -0.072377	  0.103003	  0.150982	  0.146940	  0.154968	  0.208034
  0.082570	 -0.072503	  0.131479	  0.127701	  0.095880	  0.145244	  0.117221
  0.072814	 -0.044344	  0.126760	  0.101442	  0.101074	  0.117591	  0.036417
  0.069836	 -0.042412	  0.088940	  0.116297	  0.085743	  0.053259	 -0.017684
  0.046238	 -0.030185	  0.079659	  0.142366	  0.058978	 -0.037396	 -0.133584
  0.006359	 -0.007030	  0.084885	  0.141131	  0.058598	 -0.129381	 -0.201433
 -0.026172	 -0.004908	  0.082636	  0.105116	  0.010135	 -0.194442	 -0.269820
  0.017318	 -0.009089	  0.060780	  0.056114	 -0.047926	 -0.263051	 -0.315749
  0.047537	  0.000445	  0.072152	  0.031439	 -0.061230	 -0.337139	 -0.306912
  0.061981	 -0.017705	  0.060780	 -0.013920	 -0.125119	 -0.364665	 -0.295984
  0.054125	 -0.054163	  0.074242	 -0.068275	 -0.139025	 -0.335144	 -0.294020
  0.075316	 -0.026321	  0.040603	 -0.096529	 -0.168641	 -0.319053	 -0.327437
  0.060745	 -0.016406	  0.043802	 -0.108566	 -0.165600	 -0.294093	 -0.276155
  0.014183	 -0.043077	  0.034711	 -0.106380	 -0.174311	 -0.256557	 -0.242927
 -0.016637	 -0.021854	  0.022168	 -0.113285	 -0.154387	 -0.218769	 -0.190410
 -0.023859	 -0.005795	  0.045101	 -0.118670	 -0.139721	 -0.175627	 -0.150055
 -0.009891	  0.000984	  0.039209	 -0.127032	 -0.068927	 -0.146264	 -0.152304
  0.011902	 -0.026194	  0.038861	 -0.126557	 -0.021541	 -0.157160	 -0.149295
  0.049216	 -0.043742	  0.020774	 -0.118131	 -0.010423	 -0.134639	 -0.147078
  0.047442	 -0.031769	  0.001389	 -0.096434	 -0.014351	 -0.126879	 -0.154838
  0.029608	 -0.005542	  0.022200	 -0.122028	 -0.022966	 -0.125865	 -0.124937
  0.006042	 -0.023058	  0.019000	 -0.088547	  0.017452	 -0.083674	 -0.065546
  0.016020	 -0.039149	  0.028060	 -0.047369	 -0.009821	 -0.059727	 -0.057152
 -0.024968	 -0.024008	  0.017955	 -0.038943	 -0.005988	 -0.054374	 -0.062410
 -0.036751	 -0.037249	  0.011050	 -0.062351	  0.002469	 -0.017282	 -0.046446
 -0.046951	 -0.038959	  0.007534	 -0.069732	 -0.008839	  0.025638	  0.006706
 -0.031462	 -0.039181	  0.020331	 -0.092760	 -0.014319	  0.065739	  0.049879
  0.002273	 -0.041398	  0.048490	 -0.092633	  0.031420	  0.102007	  0.072147
  0.025934	 -0.087232	  0.016878	 -0.078569	  0.039212	  0.117972	  0.082758
  0.013676	 -0.081879	  0.012032	 -0.076162	  0.018814	  0.120664	  0.125551
  0.035437	 -0.076779	  0.005697	 -0.081008	  0.027936	  0.142837	  0.160616
  0.059320	 -0.053878	  0.032652	 -0.043188	  0.036457	  0.157882	  0.204581
  0.053840	 -0.041715	  0.002529	 -0.028585	  0.090305	  0.162570	  0.209554
  0.051940	 -0.037027	  0.019127	 -0.031183	  0.075164	  0.160797	  0.183802
  0.054695	 -0.033543	  0.045228	  0.015285	  0.077381	  0.141728	  0.179716
  0.027550	 -0.028284	  0.046748	  0.059662	  0.076304	  0.109293	  0.182599
  0.044908	 -0.027588	  0.041807	  0.092921	  0.089988	  0.082654	  0.186780
  0.006739	 -0.028601	  0.022168	  0.136918	  0.103798	  0.085504	  0.210536
  0.010065	 -0.023945	 -0.008050	  0.107745	  0.114948	  0.076097	  0.245221
  0.001988	 -0.076811	 -0.026232	  0.072776	  0.091065	  0.067576	  0.246266
  0.003476	 -0.067150	  0.000470	  0.063336	  0.108138	  0.067893	  0.207369
  0.007341	 -0.086725	  0.064043	  0.068468	  0.120301	  0.072106	  0.208604
  0.013391	 -0.058629	  0.081813	  0.046897	  0.111749	  0.084617	  0.224885
  0.058085	 -0.042127	  0.066387	  0.076165	  0.058629	  0.064852	  0.196409
  0.041677	 -0.028221	  0.089035	  0.084020	  0.063001	  0.037295	  0.151557
  0.038763	 -0.027714	  0.081591	  0.070463	  0.073485	  0.048222	  0.150923
  0.041708	 -0.026194	  0.075224	  0.049304	  0.087296	  0.027443	  0.155770
  0.045003	 -0.025180	  0.093913	  0.024091	  0.098319	  0.032638	  0.140122
  0.025047	 -0.023470	  0.100944	 -0.002010	  0.113808	  0.020602	  0.122289
  0.037876	 -0.004243	  0.053907	  0.014905	  0.123025	 -0.022192	  0.095080
  0.036799	  0.020052	  0.053717	  0.022000	  0.127682	 -0.049876	  0.057450
  0.049659	  0.009187	  0.034046	  0.009837	  0.105952	 -0.027260	  0.027801
  0.036292	 -0.016533	  0.016720	 -0.010689	  0.078522	 -0.015350	  0.024919
  0.031794	 -0.022076	  0.008072	 -0.031309	  0.078426	 -0.058048	  0.032679
  0.042564	 -0.026891	  0.019697	 -0.041224	  0.087391	 -0.055451	  0.036005
  0.019789	 -0.013809	  0.016023	 -0.048256	  0.073897	 -0.068913	  0.013262
  0.021500	 -0.009184	  0.024924	 -0.027160	  0.041271	 -0.102425	 -0.037640
  0.024794	  0.005228	  0.012887	 -0.018164	  0.024008	 -0.080443	 -0.070645
 -0.003936	 -0.045959	  0.023815	 -0.044771	  0.016470	 -0.082375	 -0.140236
  0.004648	 -0.034018	  0.039304	 -0.074261	 -0.012450	 -0.086619	 -0.156549
  0.004775	 -0.019067	  0.051373	 -0.064157	 -0.027844	 -0.065460	 -0.151988
  0.023654	 -0.022741	  0.051278	 -0.104955	 -0.027591	 -0.053614	 -0.148282
 -0.000768	 -0.022900	  0.036390	 -0.137327	 -0.080362	 -0.064130	 -0.186926
 -0.036688	 -0.023628	  0.004778	 -0.101027	 -0.114571	 -0.090705	 -0.212836
 -0.026267	 -0.035887	 -0.000607	 -0.136820	 -0.135762	 -0.085859	 -0.201084
 -0.031968	 -0.060308	  0.036295	 -0.150947	 -0.172284	 -0.047659	 -0.234629
 -0.040806	 -0.044122	  0.028851	 -0.159373	 -0.121761	 -0.060899	 -0.249009
 -0.019678	 -0.052168	  0.032019	 -0.180437	 -0.093222	 -0.092226	 -0.254521
 -0.027565	 -0.024198	  0.014978	 -0.149047	 -0.103073	 -0.123268	 -0.257276
 -0.035991	 -0.008076	 -0.016888	 -0.099126	 -0.058664	 -0.130141	 -0.316319
 -0.010366	 -0.038357	 -0.002634	 -0.109452	 -0.087489	 -0.126879	 -0.305835
  0.031256	 -0.038927	  0.030784	 -0.114457	 -0.080964	 -0.170527	 -0.328229
  0.017762	 -0.058819	 -0.002856	 -0.121141	 -0.085240	 -0.197705	 -0.354235
  0.023749	 -0.043267	 -0.009127	 -0.132892	 -0.123820	 -0.211262	 -0.326360
  0.042215	 -0.054132	 -0.039092	 -0.087913	 -0.143934	 -0.247847	 -0.303681
  0.013327	 -0.061163	 -0.086193	 -0.068781	 -0.150713	 -0.276703	 -0.329813
  0.034233	 -0.112921	 -0.073175	 -0.038563	 -0.177320	 -0.246928	 -0.339189
  0.037179	 -0.126320	 -0.049228	 -0.059817	 -0.175039	 -0.227828	 -0.316446
  0.019251	 -0.103608	 -0.050749	 -0.102991	 -0.135540	 -0.255385	 -0.295223
 -0.009352	 -0.093156	 -0.041880	 -0.084936	 -0.155021	 -0.215506	 -0.285784
 -0.002890	 -0.091065	 -0.030666	 -0.057663	 -0.160025	 -0.209108	 -0.286576
  0.008544	 -0.085553	 -0.027689	 -0.035427	 -0.160120	 -0.228841	 -0.276820
  0.018585	 -0.069209	 -0.044572	 -0.029219	 -0.160215	 -0.237077	 -0.274856
  0.036735	 -0.044090	 -0.025852	 -0.057125	 -0.166455	 -0.205180	 -0.251828
  0.039174	 -0.048715	 -0.066776	 -0.092696	 -0.163826	 -0.200999	 -0.240647
  0.032238	 -0.043362	 -0.082646	 -0.123991	 -0.171745	 -0.242557	 -0.237384
  0.059985	 -0.071173	 -0.091420	 -0.147780	 -0.202153	 -0.205623	 -0.259050
  0.034518	 -0.089798	 -0.091388	 -0.166753	 -0.195248	 -0.196374	 -0.263136
  0.014689	 -0.098889	 -0.063419	 -0.172391	 -0.188470	 -0.223742	 -0.295604
 -0.008624	 -0.133573	 -0.043653	 -0.185473	 -0.193316	 -0.245851	 -0.298043
 -0.019267	 -0.135125	 -0.042291	 -0.188609	 -0.168134	 -0.234511	 -0.273494
 -0.046222	 -0.142252	 -0.031268	 -0.175876	 -0.113304	 -0.226054	 -0.260951
 -0.025728	 -0.161162	 -0.035576	 -0.179772	 -0.102693	 -0.171731	 -0.270263
 -0.025728	 -0.167846	 -0.017965	 -0.176889	 -0.095186	 -0.158966	 -0.232855
  0.001006	 -0.194390	 -0.008050	 -0.155952	 -0.109503	 -0.180315	 -0.233837
 -0.017651	 -0.192014	 -0.036273	 -0.134603	 -0.123124	 -0.182627	 -0.248914
 -0.041661	 -0.154669	 -0.044952	 -0.118100	 -0.104942	 -0.176957	 -0.228357
 -0.029529	 -0.149189	 -0.062373	 -0.141223	 -0.096738	 -0.118548	 -0.235896
 -0.025095	 -0.148841	 -0.042228	 -0.119303	 -0.086855	 -0.044840	 -0.225950
 -0.045747	 -0.133542	 -0.006498	 -0.100900	 -0.048496	 -0.064732	 -0.203365
 -0.024810	 -0.119573	  0.014978	 -0.069003	 -0.020527	 -0.050066	 -0.204094
  0.027011	 -0.094042	 -0.012738	 -0.048351	 -0.038424	 -0.041767	 -0.165260
  0.007689	 -0.115328	 -0.048120	 -0.084081	 -0.008681	 -0.026880	 -0.117873
  0.011490	 -0.135790	 -0.019833	 -0.066374	  0.021443	 -0.017314	 -0.106755
 -0.042928	 -0.094739	  0.000534	 -0.018449	  0.028094	 -0.004644	 -0.114452
 -0.090473	 -0.060847	  0.015358	  0.002710	  0.054258	  0.014932	 -0.088225
 -0.086735	 -0.039212	  0.005000	  0.013226	  0.039783	  0.014615	 -0.086325
 -0.069630	 -0.010641	 -0.008684	  0.006543	  0.040701	  0.018606	 -0.098551
 -0.087305	 -0.018782	  0.013552	  0.046865	  0.051122	  0.005239	 -0.084298
 -0.055630	 -0.019637	  0.028218	  0.017534	  0.061797	 -0.014843	 -0.072039
 -0.004664	 -0.046751	  0.057708	 -0.021110	  0.050932	 -0.050446	 -0.095574
 -0.010619	 -0.065946	  0.033286	 -0.033242	  0.012193	 -0.070211	 -0.118380
 -0.042453	 -0.039656	  0.050454	 -0.045658	 -0.018658	 -0.082565	 -0.090443
  0.006105	 -0.021854	  0.022358	 -0.044106	 -0.027591	 -0.113100	 -0.093103
  0.044369	 -0.010958	  0.019666	 -0.058962	 -0.030917	 -0.136064	 -0.114896
  0.049057	 -0.018750	  0.062554	 -0.076478	 -0.045741	 -0.113480	 -0.106945
  0.034423	 -0.004085	  0.076048	 -0.061749	 -0.072950	 -0.096027	 -0.130924
  0.034803	 -0.014221	  0.056314	 -0.064505	 -0.049827	 -0.115285	 -0.134123
  0.024445	 -0.025624	  0.041743	 -0.045247	 -0.025532	 -0.110724	 -0.081763
  0.008988	 -0.028823	  0.034838	 -0.027540	 -0.016599	 -0.144427	 -0.086261
 -0.034819	 -0.047987	  0.014186	 -0.031088	  0.012003	 -0.123965	 -0.070202
 -0.042104	 -0.041937	  0.055427	 -0.007585	  0.031895	 -0.135178	 -0.058292
 -0.039380	 -0.038896	  0.048712	 -0.020096	 -0.006178	 -0.099036	 -0.047586
 -0.016859	 -0.001424	 -0.019168	 -0.033147	 -0.011975	 -0.091719	 -0.095827
  0.019694	 -0.033669	 -0.040232	 -0.036694	 -0.028066	 -0.099891	 -0.099945
  0.022640	 -0.048968	 -0.001589	 -0.066564	 -0.080362	 -0.095615	 -0.092153
  0.032776	 -0.035443	  0.010987	 -0.074103	 -0.089389	 -0.108127	 -0.094845
  0.020834	 -0.027841	 -0.000512	 -0.061053	 -0.087932	 -0.086841	 -0.083664
  0.017952	 -0.041113	 -0.022336	 -0.018576	 -0.078968	 -0.090737	 -0.076410
  0.023305	 -0.049697	 -0.025472	  0.028145	 -0.066013	 -0.095045	 -0.056898
  0.023115	 -0.056444	 -0.041943	 -0.016739	 -0.060882	 -0.107082	 -0.051102
 -0.007357	 -0.070096	 -0.022336	 -0.043093	 -0.078271	 -0.074171	 -0.035264
 -0.032665	 -0.062684	 -0.000575	 -0.031563	 -0.067692	 -0.073411	 -0.022404
 -0.057214	 -0.040131	  0.012729	  0.027385	 -0.066551	 -0.088742	 -0.030069
 -0.086672	 -0.040448	  0.044277	  0.033593	 -0.047546	 -0.085321	 -0.019743
 -0.069599	 -0.060783	  0.001896	  0.038503	 -0.052044	 -0.070021	 -0.018286
 -0.053729	 -0.044185	 -0.008272	  0.002868	 -0.032025	 -0.060867	 -0.017368
 -0.092405	 -0.071331	  0.005602	 -0.009770	 -0.042035	 -0.102077	 -0.020662
 -0.049390	 -0.110482	 -0.007100	 -0.022789	 -0.044664	 -0.040088	 -0.016512
 -0.034154	 -0.104495	 -0.012231	 -0.035047	 -0.010866	 -0.018771	  0.007086
 -0.007008	 -0.096830	 -0.020562	 -0.070682	 -0.005481	 -0.005784	 -0.013757
 -0.025633	 -0.051756	 -0.032947	 -0.066849	 -0.018088	 -0.020956	 -0.032508
 -0.033552	 -0.017388	 -0.036336	 -0.054781	 -0.018310	 -0.019563	 -0.031083
 -0.055440	 -0.032497	 -0.026549	 -0.053324	 -0.011246	 -0.020766	 -0.024399
 -0.057404	 -0.084001	 -0.048500	 -0.030676	 -0.014889	 -0.024314	  0.005439
 -0.054680	 -0.115930	 -0.034277	 -0.026780	 -0.037695	 -0.022287	  0.019693
 -0.089712	 -0.123342	 -0.021671	 -0.011797	 -0.009441	  0.014203	  0.023082
 -0.077486	 -0.105604	 -0.032630	 -0.030359	 -0.063384	  0.019841	  0.001416
 -0.056295	 -0.087581	 -0.020657	 -0.085221	 -0.095439	  0.032226	  0.003697
 -0.064847	 -0.037945	  0.025431	 -0.096466	 -0.075167	  0.039924	  0.038159
 -0.037987	 -0.070571	  0.005919	 -0.087406	 -0.065221	  0.089590	  0.046015
 -0.025158	 -0.110989	 -0.004471	 -0.049016	 -0.055750	  0.088197	  0.067744
 -0.057055	  0.024119	 -0.037141	  0.004851	  0.040011	  0.021191	 -0.043693
 -0.039507	  0.009960	 -0.041069	 -0.005982	  0.064369	  0.055717	 -0.035299
  0.001481	 -0.000556	 -0.055481	  0.044635	  0.085211	  0.031929	 -0.034887
  0.020581	 -0.006764	 -0.049082	  0.067885	  0.073713	  0.003801	 -0.048824
  0.022450	 -0.067961	 -0.031883	  0.053853	  0.064654	  0.000507	 -0.036819
 -0.016542	 -0.083609	 -0.016045	  0.033676	  0.015146	  0.020906	 -0.039163
 -0.054996	 -0.090387	 -0.029602	  0.013942	 -0.003543	  0.035065	 -0.038308
 -0.030258	 -0.080884	 -0.012181	  0.028639	 -0.033698	  0.005416	 -0.060576
 -0.011158	 -0.056241	 -0.004072	  0.003584	 -0.071867	  0.009091	 -0.045530
 -0.015972	 -0.044236	 -0.000239	 -0.011272	 -0.044689	  0.012227	 -0.049743
  0.003096	 -0.010344	  0.048129	 -0.034141	 -0.029865	  0.018562	 -0.026557
  0.022482	  0.034762	  0.002485	 -0.055997	 -0.046716	  0.050142	  0.032866
  0.038129	  0.075972	 -0.013194	 -0.057011	 -0.062871	  0.044884	  0.111073
  0.024635	  0.073153	 -0.006036	 -0.027553	 -0.064201	  0.030820	  0.179871
  0.039871	  0.046862	  0.011956	  0.008620	 -0.040160	 -0.000982	  0.175437
  0.020898	  0.034509	  0.020762	 -0.003828	 -0.040160	 -0.014127	  0.129159
  0.028817	  0.047939	  0.029567	 -0.026919	 -0.004683	 -0.052961	  0.048989
  0.006486	  0.025861	  0.054749	 -0.027965	  0.020309	 -0.066296	 -0.012493
 -0.002352	  0.033780	  0.062700	 -0.017353	  0.025060	 -0.091067	 -0.095482
 -0.001085	  0.034065	  0.065677	  0.008335	  0.053979	 -0.114823	 -0.110021
  0.003255	  0.033337	  0.026717	  0.017394	  0.045586	 -0.116945	 -0.102134
 -0.007483	  0.003689	  0.014236	  0.037255	  0.037603	 -0.081184	 -0.013950
  0.022672	  0.037550	  0.001788	  0.066935	  0.042513	 -0.019290	  0.077687
  0.002304	  0.049238	  0.010974	  0.066143	  0.053853	 -0.022933	  0.147594
 -0.006945	  0.064220	  0.028269	  0.042925	  0.054011	 -0.014634	  0.157572
  0.017794	  0.065741	  0.047369	  0.065541	  0.039599	 -0.001710	  0.107082
 -0.006628	  0.065012	  0.042586	  0.029970	  0.023571	 -0.006620	  0.066727
 -0.015180	  0.046609	  0.017087	  0.028703	 -0.016466	 -0.044694	 -0.005017
 -0.004221	  0.032355	 -0.013860	  0.049893	 -0.001389	 -0.075166	 -0.053512
  0.026314	  0.044296	 -0.025864	  0.046567	 -0.028851	 -0.081976	 -0.093772
  0.010540	  0.041921	 -0.045028	  0.066111	 -0.030087	 -0.071618	 -0.085061
  0.028658	  0.039197	 -0.043698	  0.060600	 -0.004050	 -0.022933	 -0.049299
  0.042374	  0.046355	 -0.026276	  0.086035	  0.020087	  0.013177	  0.034894
  0.019726	  0.045912	 -0.021398	  0.092528	 -0.002751	  0.037218	  0.105118
  0.010160	  0.056776	  0.005082	  0.043780	  0.022684	  0.045011	  0.110883
 -0.014230	  0.053736	 -0.004737	  0.051287	  0.034024	  0.033703	  0.074298
 -0.003302	  0.049206	 -0.042399	  0.059491	  0.037255	  0.044187	  0.066220
 -0.020090	  0.037898	 -0.017439	  0.032060	  0.029209	  0.006493	  0.008761
 -0.020407	  0.052247	  0.022979	  0.044699	  0.003584	 -0.010580	 -0.066689
 -0.008560	  0.032418	  0.015282	  0.021417	  0.017078	 -0.013304	 -0.146194
 -0.008782	  0.017404	  0.015694	  0.013910	  0.033897	 -0.024422	 -0.112650
  0.015450	  0.018069	 -0.012117	 -0.006932	  0.036621	  0.007665	 -0.091238
  0.035183	 -0.007018	  0.015852	 -0.032843	  0.052491	  0.054387	 -0.019303
  0.040758	 -0.015063	  0.004734	 -0.004335	  0.078338	  0.043775	  0.080633
  0.097900	  0.007901	  0.012589	  0.009507	  0.092117	  0.016978	  0.102932
  0.140630	  0.014965	 -0.019434	  0.029970	  0.078623	  0.011055	  0.104167
  0.074461	  0.017436	 -0.019434	  0.046599	  0.081284	 -0.002059	  0.103914
  0.040125	  0.045500	 -0.042494	  0.033327	  0.062595	 -0.027938	  0.053360
  0.041930	  0.056491	 -0.037806	  0.026549	  0.056989	 -0.051441	 -0.018321
  0.085832	  0.081642	 -0.051807	 -0.019919	  0.081854	 -0.082768	 -0.080373
  0.040822	  0.082782	 -0.047340	 -0.042884	  0.078655	 -0.115647	 -0.110876
  0.008259	  0.095990	 -0.045915	 -0.013236	  0.017426	 -0.129742	 -0.076509
 -0.022244	  0.107235	 -0.014873	 -0.007027	  0.006847	 -0.104402	 -0.015090
 -0.015370	  0.127729	 -0.028430	 -0.016371	  0.011756	 -0.070066	  0.022413
 -0.027755	  0.128869	 -0.052535	 -0.026349	  0.043558	 -0.031390	  0.072682
 -0.034249	  0.109801	 -0.071509	 -0.002371	  0.062057	  0.012638	  0.106575
 -0.033204	  0.115091	 -0.082690	 -0.019095	  0.040581	  0.017865	  0.052663
 -0.039887	  0.139544	 -0.056178	 -0.022041	  0.018250	 -0.002312	 -0.009737
 -0.022466	  0.113760	 -0.042652	 -0.025684	  0.001430	 -0.004846	 -0.038276
 -0.002922	  0.108534	 -0.009457	 -0.001199	  0.016001	 -0.017295	 -0.117085
 -0.019742	  0.075655	 -0.025294	  0.029526	  0.033105	 -0.012100	 -0.191522
 -0.021864	  0.056143	 -0.005782	  0.003552	  0.035576	 -0.002502	 -0.192092
 -0.039602	  0.021744	  0.018703	 -0.001041	  0.061106	  0.025530	 -0.124718
 -0.046444	  0.000553	  0.033432	 -0.022992	  0.102538	  0.023345	 -0.088640
 -0.026488	  0.016612	  0.047686	  0.002254	  0.132122	  0.058599	 -0.009832
 -0.067255	  0.009960	  0.056650	  0.033391	  0.145141	  0.093569	  0.062609
 -0.091930	 -0.040498	  0.056301	  0.070862	  0.102950	  0.073994	  0.085416
 -0.067571	 -0.040403	  0.073121	  0.053853	  0.090786	  0.026734	  0.049844
 -0.047204	 -0.017534	  0.076225	  0.045966	  0.077641	 -0.027494	 -0.041444
 -0.054806	  0.028997	  0.067071	  0.060315	  0.077894	 -0.036712	 -0.148348
 -0.056897	  0.053989	  0.025291	  0.077039	  0.092750	 -0.083496	 -0.190191
 -0.027059	  0.030518	 -0.000968	  0.056830	  0.082456	 -0.109470	 -0.213568
 -0.016321	  0.028522	 -0.064318	  0.062849	  0.074378	 -0.107063	 -0.153163
 -0.022466	  0.040844	 -0.076070	  0.019390	  0.099085	 -0.073043	 -0.073373
 -0.039950	  0.064980	 -0.050445	 -0.009086	  0.106972	 -0.033671	 -0.030389
 -0.033267	  0.076383	 -0.024724	 -0.006552	  0.113402	  0.024010	  0.043668
 -0.019267	  0.067926	  0.006318	 -0.005348	  0.078465	  0.023313	  0.072682
  0.003635	  0.055256	  0.017467	 -0.046400	  0.081600	  0.005607	  0.053899
  0.033283	  0.038658	  0.017879	 -0.035662	  0.064496	  0.008331	 -0.017086
  0.029292	  0.043726	 -0.017249	 -0.030530	  0.035449	  0.015901	 -0.082210
  0.032649	  0.041192	 -0.045503	 -0.032526	  0.013530	 -0.007760	 -0.127728
  0.054284	  0.055066	  0.005969	 -0.048110	  0.015494	 -0.019734	 -0.151547
  0.070185	  0.047622	  0.019748	 -0.036485	  0.032979	 -0.039626	 -0.117623
  0.109494	  0.008345	  0.006571	 -0.038006	  0.045554	 -0.017960	 -0.040114
  0.118743	  0.032481	 -0.027417	 -0.011715	  0.062120	  0.000507	  0.083357
  0.141929	  0.012906	 -0.014113	  0.001240	  0.078560	  0.050522	  0.172998
  0.104806	  0.019685	  0.022852	  0.007987	  0.079922	  0.064491	  0.203976
  0.082855	  0.051265	  0.032355	 -0.005855	  0.080967	  0.028634	  0.189184
  0.115512	  0.026178	  0.036758	 -0.016055	  0.058667	 -0.002882	  0.139739
  0.112693	  0.043821	  0.007933	 -0.013964	  0.058731	 -0.045707	  0.036192
  0.070343	  0.034477	 -0.003502	 -0.003638	  0.049672	 -0.072156	 -0.048983
  0.030907	  0.030961	 -0.016489	 -0.035028	  0.074378	 -0.076718	 -0.115152
  0.003603	  0.014268	  0.018893	 -0.014756	  0.018345	 -0.112226	 -0.115723
  0.000150	  0.009644	  0.006381	 -0.008833	  0.029811	 -0.077383	 -0.086106
 -0.004157	 -0.038186	 -0.019276	 -0.034110	  0.054581	 -0.018087	 -0.004986
  0.024762	  0.005146	 -0.034670	 -0.016466	  0.059143	 -0.002882	  0.059537
  0.057039	  0.026115	 -0.022507	  0.001557	  0.034372	  0.033988	  0.081995
  0.065085	 -0.018484	 -0.005846	 -0.007186	  0.040011	  0.037504	  0.062673
  0.057261	 -0.006511	 -0.010787	 -0.031797	  0.052301	  0.026987	  0.020291
  0.030812	  0.014617	 -0.004262	 -0.028408	  0.049767	  0.008331	 -0.042711
  0.029577	  0.023771	 -0.016108	 -0.042979	  0.054961	  0.028825	 -0.123325
  0.041138	  0.033178	 -0.050286	 -0.044879	  0.034151	  0.017105	 -0.204033
  0.022830	  0.044391	 -0.062798	 -0.044626	  0.015969	  0.003389	 -0.218129
  0.031034	  0.057727	 -0.045218	 -0.041933	  0.016286	  0.015648	 -0.172897
  0.060397	  0.051550	 -0.037268	 -0.038512	  0.000923	  0.057079	 -0.120284
  0.041202	  0.047210	 -0.022539	 -0.010005	  0.001937	  0.060246	 -0.043186
  0.008196	  0.035237	 -0.041005	 -0.066260	  0.021544	  0.079030	  0.058872
  0.014753	  0.043156	 -0.032421	 -0.040033	  0.064939	  0.104814	  0.114525
 -0.018760	  0.041319	 -0.032991	 -0.030277	  0.084071	  0.077256	  0.072841
 -0.020850	  0.015472	 -0.062703	 -0.045291	  0.072890	  0.032087	 -0.006823
 -0.004411	 -0.009330	 -0.053802	 -0.028946	  0.068677	  0.017928	 -0.100043
 -0.004411	  0.005969	 -0.038535	 -0.035091	  0.087207	 -0.015838	 -0.153891
 -0.016447	  0.020191	 -0.019054	 -0.041110	  0.099814	 -0.033956	 -0.194056
 -0.011189	  0.030201	 -0.015475	 -0.061762	  0.063640	 -0.062337	 -0.197128
  0.001734	  0.041192	 -0.022158	 -0.064518	  0.065826	 -0.059740	 -0.110813
  0.010160	  0.047337	 -0.036317	 -0.068161	  0.089171	 -0.062147	 -0.012461
  0.026409	  0.048636	  0.000806	 -0.082858	  0.106656	  0.005987	  0.084149
  0.016146	  0.027160	  0.002802	 -0.084315	  0.082709	  0.020621	  0.051618
  0.008544	  0.028142	  0.026241	 -0.063536	  0.046694	 -0.000222	  0.051428
 -0.004854	  0.014648	  0.027033	  0.000828	  0.024205	 -0.014254	  0.012182
 -0.000641	 -0.005592	 -0.003597	  0.020689	  0.049767	 -0.017231	 -0.027634
 -0.026615	  0.025133	  0.019241	  0.032314	  0.070672	 -0.004181	 -0.005588
 -0.023891	  0.063903	  0.005399	  0.022811	  0.050654	 -0.006272	  0.008698
 -0.015941	  0.090669	  0.027825	  0.001398	  0.043622	 -0.003991	  0.029034
  0.014911	  0.123643	  0.029726	  0.025028	  0.060600	 -0.025689	  0.065143
  0.016463	  0.108661	  0.041256	 -0.013489	  0.044730	  0.006525	  0.041545
  0.001196	  0.105841	  0.041604	 -0.022738	  0.028608	  0.017041	  0.019278
 -0.030258	  0.111575	  0.025164	 -0.036485	  0.015336	  0.001837	  0.009458
 -0.040996	  0.127159	  0.031690	 -0.059893	  0.015747	 -0.009281	  0.015350
 -0.016954	  0.144105	  0.005779	 -0.039716	  0.036178	 -0.035318	  0.000431
  0.017699	  0.128996	 -0.021145	 -0.044404	  0.051636	 -0.017611	 -0.024213
  0.025142	  0.095547	 -0.019244	 -0.023055	  0.049545	 -0.027146	 -0.020253
  0.042627	  0.077619	 -0.017756	 -0.043897	  0.011218	 -0.030060	 -0.021298
  0.013739	  0.065075	 -0.025104	 -0.033603	 -0.028788	 -0.030123	 -0.023167
  0.004902	  0.053451	 -0.011357	 -0.030530	 -0.013141	 -0.050015	  0.013829
 -0.005456	  0.044613	 -0.022000	 -0.023118	 -0.010068	 -0.053785	 -0.005176
 -0.007230	  0.043156	 -0.032041	 -0.030277	  0.001272	 -0.076686	 -0.008438
  0.018807	  0.071474	 -0.026625	 -0.076333	  0.007480	 -0.079917	 -0.076097
  0.026378	  0.058519	 -0.042779	 -0.084727	  0.040169	 -0.097243	 -0.098333
  0.019346	  0.058360	 -0.075785	 -0.083491	  0.029938	 -0.127588	 -0.105491
 -0.002732	  0.054686	 -0.086428	 -0.102370	  0.051065	 -0.109628	 -0.077807
  0.018554	  0.055763	 -0.051902	 -0.112221	  0.054486	 -0.084415	 -0.120347
 -0.004094	  0.067863	 -0.061531	 -0.094229	  0.043685	 -0.048146	 -0.138402
  0.005377	  0.070650	 -0.054911	 -0.059323	  0.071591	 -0.063351	 -0.109388
  0.004838	  0.048953	 -0.055513	 -0.045228	  0.062247	 -0.040259	 -0.100613
 -0.003936	  0.022916	 -0.018896	 -0.008326	  0.107764	 -0.059201	 -0.083224
 -0.028421	 -0.006701	  0.004575	 -0.005538	  0.119104	 -0.069084	 -0.072739
 -0.041408	  0.009960	 -0.016615	 -0.026349	  0.085908	 -0.095881	 -0.123040
 -0.034312	  0.008630	 -0.058838	 -0.057296	  0.067537	 -0.069971	 -0.111415
 -0.009035	  0.005304	 -0.077178	 -0.057042	  0.059428	 -0.091700	 -0.091428
 -0.010809	  0.013698	 -0.073504	 -0.095655	  0.061043	 -0.059518	 -0.090129
 -0.013217	 -0.001728	 -0.035399	 -0.108483	  0.045047	 -0.095438	 -0.090984
 -0.005773	 -0.018864	 -0.034765	 -0.123624	  0.042228	 -0.104212	 -0.094088
  0.045510	 -0.027892	 -0.006131	 -0.131384	  0.031300	 -0.103483	 -0.118225
  0.018459	 -0.031598	 -0.013796	 -0.117859	  0.051287	 -0.085903	 -0.101532
  0.000214	 -0.031661	 -0.022824	 -0.103574	  0.067568	 -0.051504	 -0.071599
  0.015513	 -0.040435	 -0.036412	 -0.069998	  0.067188	 -0.045707	 -0.092695
  0.026473	 -0.036666	 -0.021525	 -0.067559	  0.074980	 -0.017548	 -0.088482
  0.075474	 -0.059187	 -0.030521	 -0.070600	  0.032694	  0.006652	 -0.067133
  0.065338	 -0.035462	 -0.017914	 -0.067812	  0.007860	 -0.000285	 -0.043946
  0.047347	 -0.003628	  0.000965	 -0.083681	  0.044699	  0.024295	 -0.020158
  0.081081	 -0.002393	  0.002422	 -0.085740	  0.053219	  0.014634	 -0.008723
  0.074746	 -0.003153	 -0.000524	 -0.062617	  0.036526	  0.016851	 -0.020823
  0.027613	 -0.011769	  0.022567	 -0.000914	  0.037002	 -0.008172	 -0.036471
  0.034328	 -0.007841	  0.027160	  0.019390	  0.011503	  0.001647	 -0.035362
  0.022101	 -0.030521	  0.007743	  0.029938	 -0.011303	 -0.005575	 -0.016642
  0.011680	 -0.042684	 -0.042747	  0.004978	 -0.032779	 -0.028698	 -0.029629
  0.032459	 -0.075151	 -0.054626	 -0.075097	 -0.018684	 -0.036173	 -0.046797
  0.009336	 -0.079459	 -0.052915	 -0.095465	  0.005675	 -0.039277	 -0.060164
 -0.016257	 -0.103311	 -0.058237	 -0.073767	  0.034594	 -0.041748	 -0.034254
 -0.059272	 -0.084400	 -0.034448	 -0.097650	  0.033802	 -0.042001	 -0.028837
 -0.058734	 -0.070527	 -0.039168	 -0.090745	  0.050178	 -0.022806	 -0.049078
 -0.032253	 -0.055893	 -0.013796	 -0.120361	  0.024870	 -0.041495	 -0.042426
 -0.021009	 -0.064192	 -0.049146	 -0.088749	  0.002317	 -0.052138	 -0.035584
  0.009811	 -0.037584	 -0.066282	 -0.076428	  0.016127	 -0.058473	 -0.062191
 -0.034344	 -0.006859	 -0.055227	 -0.094514	  0.017870	 -0.043490	 -0.061748
 -0.067666	 -0.006543	 -0.052630	 -0.081496	  0.010078	 -0.031359	 -0.048856
 -0.075902	 -0.032738	 -0.046992	 -0.074306	  0.020879	 -0.029616	 -0.029186
 -0.050308	  0.003942	 -0.069323	 -0.084537	  0.053884	 -0.085998	 -0.033018
 -0.049833	  0.008567	 -0.058173	 -0.077695	  0.061011	 -0.121158	 -0.030263
 -0.050593	 -0.025421	 -0.048481	 -0.039083	  0.035228	 -0.132561	 -0.028615
 -0.061458	 -0.016330	 -0.062228	 -0.020521	  0.004598	 -0.106587	 -0.016230
 -0.017936	 -0.022444	 -0.065142	 -0.027743	  0.014037	 -0.084731	 -0.008122
 -0.032063	 -0.026308	 -0.089849	 -0.051658	  0.014544	 -0.117262	 -0.013506
 -0.020882	 -0.011262	 -0.068214	 -0.045513	 -0.013299	 -0.097085	 -0.005239
  0.027645	 -0.008285	 -0.058553	 -0.057613	 -0.027236	 -0.109121	 -0.008597
  0.044971	 -0.009963	 -0.048037	 -0.042947	 -0.022960	 -0.112511	  0.011105
  0.035152	  0.015599	 -0.040530	 -0.027236	 -0.007724	 -0.109121	 -0.004321
  0.047030	  0.016802	 -0.018072	 -0.041237	 -0.029327	 -0.072061	 -0.011574
  0.043387	 -0.010914	 -0.043001	 -0.075541	 -0.045703	 -0.079062	 -0.019398
  0.016115	  0.016295	 -0.071033	 -0.027173	 -0.064613	 -0.036807	 -0.032765
  0.020929	  0.048573	 -0.090609	 -0.019729	 -0.069618	 -0.020842	 -0.045467
  0.009906	  0.076098	 -0.085319	 -0.040571	 -0.069966	 -0.021001	 -0.040019
  0.025269	  0.062985	 -0.070527	 -0.058880	 -0.078708	 -0.053373	 -0.047557
  0.008956	  0.029662	 -0.093776	 -0.063346	 -0.103922	 -0.046721	 -0.020380
 -0.007705	  0.049808	 -0.134574	 -0.033888	 -0.091062	 -0.047481	 -0.039892
 -0.042706	  0.071600	 -0.140149	 -0.046273	 -0.076174	 -0.026987	 -0.068083
 -0.046159	  0.057853	 -0.099003	 -0.065817	 -0.065848	 -0.029553	 -0.097763
 -0.042770	  0.026020	 -0.044711	 -0.051721	 -0.048300	 -0.017865	 -0.092568
 -0.036435	  0.025069	 -0.014145	 -0.026349	 -0.049916	 -0.007444	 -0.092663
 -0.014040	  0.053862	 -0.023647	 -0.015801	 -0.027584	 -0.018182	 -0.090857
 -0.031240	  0.042142	 -0.065807	 -0.024702	 -0.007819	 -0.033449	 -0.088070
 -0.030099	  0.039070	 -0.065395	 -0.017132	 -0.018399	 -0.008774	 -0.040304
 -0.079893	  0.042713	 -0.034322	 -0.035282	 -0.019824	  0.023725	 -0.026208
 -0.058259	 -0.005782	 -0.024027	 -0.034331	 -0.036454	 -0.005100	 -0.063110
 -0.047616	 -0.041639	 -0.030394	 -0.010163	 -0.003163	 -0.014729	 -0.051580
 -0.078974	 -0.062038	 -0.013448	 -0.002213	  0.022241	 -0.020050	 -0.083699
 -0.100767	 -0.050254	 -0.028145	 -0.003511	  0.037635	 -0.052929	 -0.101976
 -0.088350	 -0.048101	 -0.020036	  0.005358	  0.033169	 -0.076052	 -0.109578
 -0.109224	 -0.049019	 -0.025168	  0.061170	  0.028291	 -0.078365	 -0.138149
 -0.082490	 -0.029666	 -0.028874	  0.048785	  0.052744	 -0.087582	 -0.152529
 -0.100039	 -0.034607	 -0.028494	  0.004313	  0.048436	 -0.091890	 -0.107297
 -0.082649	 -0.007936	 -0.019498	 -0.037245	  0.022177	 -0.098162	 -0.100645
