:RUN-7	LEVEL SWEEP	TEMP:NaN	8/27/2019	6:06 PM	HR:-479.24:SW EAR: R	SW FREQ: 45.20	# AVERAGES: 512	REP RATE (/sec): 80	DRIVER: 	SAMPLE (µsec): 40	MASKER dB: 2147483647:NOTES-:CHAMBER-SEWELL-PXI1:CFTS Version: V2.7.2 (R850):LEVELS:20;30;40;50;60;70;80;:DATA  0.097433	 -0.058914	  0.032984	 -0.027314	 -0.028451	 -0.003597	 -0.028340
  0.072631	 -0.036298	  0.028644	 -0.021105	 -0.039537	 -0.030077	 -0.029639
  0.034811	  0.003771	 -0.012724	  0.003253	 -0.019012	 -0.043729	 -0.066920
  0.021793	  0.002314	 -0.041422	  0.018299	 -0.035926	 -0.038661	 -0.041992
  0.020367	 -0.014221	 -0.036766	  0.003855	 -0.007862	  0.000996	 -0.048739
  0.020526	 -0.021189	 -0.046648	 -0.022594	  0.009401	 -0.013448	 -0.056024
  0.028603	 -0.020271	 -0.042309	 -0.046541	  0.043832	  0.012684	 -0.037431
  0.007444	 -0.007505	 -0.009493	 -0.033744	  0.064801	  0.016549	 -0.016778
 -0.005385	  0.017170	  0.023481	  0.000972	  0.068539	  0.007426	 -0.019566
 -0.052961	  0.001712	  0.014390	 -0.005236	  0.074336	  0.016010	 -0.027200
 -0.076528	  0.010043	  0.024621	 -0.043341	  0.036325	  0.011354	 -0.026756
 -0.067563	 -0.012352	  0.019521	 -0.040554	  0.010668	 -0.003850	  0.001308
 -0.063097	 -0.032624	  0.011793	 -0.041758	 -0.002509	 -0.050825	  0.010177
 -0.042065	 -0.005763	  0.013567	 -0.032825	  0.000120	 -0.034132	  0.005204
 -0.018847	  0.005862	  0.000960	  0.011615	 -0.016509	 -0.001570	  0.009702
 -0.017231	  0.026482	  0.011413	  0.041644	 -0.046379	  0.023739	  0.023766
 -0.006462	  0.003993	  0.004951	  0.039458	 -0.039062	  0.024531	  0.052876
  0.010643	  0.038424	 -0.002905	  0.053237	 -0.020057	  0.058804	  0.088922
 -0.003041	  0.050144	  0.001403	  0.074111	 -0.032759	  0.047115	  0.084424
  0.038929	  0.049225	  0.004539	  0.068568	 -0.019962	  0.000679	  0.123005
  0.039182	  0.052963	 -0.037272	  0.025172	  0.033348	  0.017087	  0.099913
  0.005575	  0.032659	 -0.006769	  0.025964	  0.041805	  0.075180	  0.101275
  0.021634	  0.011943	  0.029119	 -0.025255	  0.044117	  0.076003	  0.106153
  0.020684	  0.024803	  0.051102	 -0.037640	  0.034551	  0.065772	  0.089682
  0.006937	  0.035003	  0.048504	 -0.024716	  0.039208	  0.042301	  0.057564
  0.007380	  0.030378	  0.021707	  0.009081	  0.034963	  0.033242	  0.037196
 -0.022901	  0.018342	 -0.010950	 -0.006915	 -0.012486	  0.042934	  0.033807
 -0.026037	  0.010423	 -0.008923	 -0.005363	 -0.006975	  0.061306	  0.037766
 -0.038042	  0.018722	 -0.012787	  0.003760	 -0.013310	  0.044930	  0.000136
 -0.057047	  0.031423	 -0.015353	 -0.036785	 -0.027659	  0.073406	 -0.016588
 -0.072156	  0.038677	  0.017874	 -0.043500	 -0.020944	  0.049840	  0.032825
 -0.027019	  0.030758	  0.029468	 -0.056645	 -0.039252	  0.025418	  0.049233
 -0.035666	  0.010518	  0.016196	 -0.062727	 -0.026075	  0.077175	  0.058229
 -0.059265	 -0.018053	 -0.019724	 -0.025128	 -0.030415	  0.079519	  0.071057
 -0.062971	 -0.063444	  0.002512	 -0.015309	 -0.046379	  0.073343	  0.094434
 -0.046119	 -0.076209	  0.003779	 -0.012490	 -0.076977	  0.080786	  0.126362
 -0.045517	 -0.044281	  0.003557	 -0.032255	 -0.038904	  0.057252	  0.158766
 -0.041368	 -0.013239	  0.026237	 -0.034409	 -0.045555	  0.068243	  0.147426
 -0.016661	 -0.000790	  0.017082	 -0.015024	 -0.043370	  0.128996	  0.126996
  0.032087	  0.025247	  0.032667	  0.020073	 -0.042736	  0.121457	  0.089397
  0.017897	  0.027432	  0.014358	 -0.012300	 -0.012170	  0.115914	  0.081162
  0.010294	  0.031202	  0.022467	 -0.004381	  0.009781	  0.110181	  0.055663
  0.008204	  0.004816	  0.020693	  0.022163	  0.035027	  0.070999	  0.033079
  0.022743	  0.009092	  0.003177	  0.033566	  0.026062	  0.034350	 -0.000244
  0.012860	  0.034559	  0.011698	  0.044209	  0.039715	  0.006824	 -0.027358
 -0.003611	  0.034781	  0.051165	  0.099578	  0.054539	 -0.003755	 -0.031381
 -0.012448	  0.054990	  0.045400	  0.129543	  0.041362	 -0.012719	 -0.045951
  0.014697	  0.066741	  0.022151	  0.097519	  0.064231	  0.006634	 -0.065242
  0.027684	  0.061357	  0.010874	  0.069740	  0.050421	 -0.039422	 -0.077785
  0.038295	  0.053723	 -0.009271	  0.057640	  0.024384	 -0.055956	 -0.088808
  0.034209	  0.037157	  0.004602	  0.047535	  0.002813	 -0.061721	 -0.066509
  0.044029	  0.028889	  0.030196	  0.019598	 -0.022876	 -0.035335	 -0.043069
  0.016661	  0.035351	  0.056392	  0.014466	 -0.043845	  0.003689	  0.006250
 -0.009788	  0.038012	  0.058450	  0.022543	 -0.072226	 -0.026213	  0.054428
 -0.000697	  0.034718	  0.022277	  0.016652	 -0.104091	 -0.028937	  0.072419
  0.014982	  0.021953	  0.047047	  0.024254	 -0.085150	 -0.019561	  0.066591
  0.014064	  0.020559	  0.028422	 -0.002575	 -0.082679	  0.031721	  0.102321
  0.012132	  0.010486	  0.001752	 -0.060066	 -0.092530	  0.059089	  0.147521
  0.026607	 -0.014632	 -0.029892	 -0.052274	 -0.115590	  0.081578	  0.139571
  0.004878	 -0.046244	 -0.008701	 -0.037576	 -0.133169	  0.038278	  0.112742
 -0.025277	 -0.069557	 -0.021720	 -0.020345	 -0.122020	  0.009200	  0.111792
 -0.020874	 -0.088721	 -0.005439	  0.010918	 -0.097915	  0.064062	  0.115941
 -0.023788	 -0.071521	  0.001562	  0.004235	 -0.066049	  0.100678	  0.120407
 -0.004403	 -0.054227	 -0.021150	  0.005914	 -0.060665	  0.082560	  0.093230
  0.009693	 -0.044281	  0.004096	 -0.000548	 -0.016224	  0.081166	  0.086008
 -0.008394	 -0.042602	  0.027472	 -0.030038	  0.005220	  0.026115	  0.025128
  0.005638	 -0.001867	  0.030893	 -0.039857	 -0.011219	  0.020635	  0.027440
  0.020019	 -0.018085	  0.040079	 -0.046604	  0.009971	  0.014965	  0.006123
  0.035033	 -0.045452	  0.068460	 -0.047998	 -0.026740	  0.013888	 -0.035245
  0.027748	 -0.049412	  0.069664	 -0.061840	 -0.031397	 -0.010249	 -0.060237
  0.025150	 -0.019415	  0.058292	 -0.052432	 -0.042578	 -0.019561	 -0.083677
  0.010168	 -0.021854	  0.066243	 -0.016829	 -0.034184	 -0.022285	 -0.082853
 -0.001109	 -0.016375	  0.076474	  0.002493	 -0.060253	 -0.019561	 -0.101953
 -0.007507	 -0.022234	  0.086958	  0.031983	 -0.031998	 -0.020575	 -0.109936
 -0.003548	  0.004848	  0.068333	 -0.009956	 -0.058131	 -0.005054	 -0.097994
  0.006874	  0.014762	  0.072356	 -0.027282	 -0.070484	 -0.042652	 -0.106293
 -0.009344	  0.035890	  0.024241	  0.004900	 -0.089552	 -0.038440	 -0.093528
 -0.036300	  0.051379	  0.020313	 -0.027789	 -0.077452	 -0.039200	 -0.088998
 -0.044472	  0.055212	  0.002100	 -0.036341	 -0.061076	  0.002390	 -0.062137
 -0.073202	  0.026957	  0.003906	 -0.044703	 -0.036940	 -0.010185	 -0.017349
 -0.059835	  0.004151	 -0.003190	 -0.073275	 -0.045239	 -0.049938	  0.009100
 -0.075070	 -0.001804	 -0.004868	 -0.079388	 -0.049832	 -0.017597	  0.009670
 -0.078143	 -0.001836	 -0.006642	 -0.059812	 -0.055375	  0.005019	  0.053572
 -0.067437	 -0.002501	 -0.013294	 -0.048568	 -0.047076	  0.035015	  0.064627
 -0.085872	 -0.005415	 -0.002715	 -0.040110	 -0.068995	  0.032576	  0.080465
 -0.059645	 -0.026194	 -0.018172	 -0.061428	 -0.060855	  0.076795	  0.077836
 -0.008172	 -0.058503	 -0.023589	 -0.043151	 -0.092403	  0.086805	  0.065387
  0.033227	 -0.054955	 -0.054599	 -0.032857	 -0.081095	  0.117403	  0.064057
  0.029521	 -0.042507	 -0.047884	  0.003253	 -0.080145	  0.108502	  0.059211
  0.023820	 -0.021062	 -0.048327	  0.020991	 -0.094050	  0.105240	  0.042613
  0.038074	 -0.013302	  0.003114	 -0.015720	 -0.111947	  0.123833	  0.045970
  0.027621	 -0.003799	 -0.017380	 -0.030640	 -0.132124	  0.087343	  0.073876
  0.039341	  0.009504	 -0.055296	 -0.031843	 -0.108843	  0.064600	  0.085311
  0.065758	 -0.009596	 -0.053648	 -0.005838	 -0.100227	  0.074388	  0.092438
  0.063129	 -0.016470	 -0.052413	  0.032838	 -0.115241	  0.074230	  0.053604
  0.023503	 -0.020714	 -0.080129	  0.037747	 -0.129210	  0.058519	  0.064849
  0.013430	 -0.042348	 -0.053490	 -0.002734	 -0.116571	  0.063238	  0.068333
  0.017865	 -0.026321	 -0.055296	 -0.004856	 -0.108114	  0.091144	  0.085596
 -0.012290	 -0.050362	 -0.058590	  0.004330	 -0.071339	  0.096656	  0.093357
 -0.032404	 -0.036425	 -0.059382	 -0.021327	 -0.048850	  0.077872	  0.073401
 -0.011213	 -0.036520	 -0.029385	 -0.068143	 -0.049737	  0.040812	  0.023544
 -0.019955	 -0.014094	 -0.036417	 -0.098266	 -0.030700	  0.071505	  0.018920
 -0.011910	 -0.015804	 -0.009461	 -0.125634	 -0.040234	  0.100773	 -0.010823
 -0.027082	 -0.000030	 -0.006991	 -0.126394	 -0.026107	  0.117498	 -0.029417
 -0.047830	  0.047483	 -0.020928	 -0.091995	 -0.020120	  0.129376	 -0.019376
 -0.039879	  0.041560	 -0.023684	 -0.091900	  0.007279	  0.104131	 -0.004678
 -0.006082	  0.013590	 -0.035657	 -0.092470	  0.005695	  0.146544	  0.032857
 -0.019512	  0.026482	 -0.026218	 -0.052971	  0.013171	  0.154970	  0.015974
 -0.006557	  0.022174	 -0.039838	 -0.064817	 -0.026804	  0.122566	  0.021675
  0.006082	 -0.006143	 -0.031412	 -0.067034	 -0.051890	  0.087470	  0.022752
  0.003516	 -0.026542	 -0.013041	 -0.030640	 -0.063199	  0.048509	  0.009734
  0.013779	  0.000002	 -0.009208	 -0.009544	 -0.056864	  0.020001	  0.029087
 -0.005955	  0.018753	  0.016449	 -0.004127	 -0.038524	  0.003974	  0.074035
  0.017136	  0.025785	  0.060129	 -0.019015	 -0.019898	  0.020096	  0.036626
  0.030028	  0.050619	  0.063519	 -0.011824	 -0.027627	  0.046767	  0.018064
  0.027082	  0.017296	  0.066908	 -0.003082	 -0.058067	  0.077587	  0.021074
 -0.004720	 -0.003483	  0.110366	  0.007181	 -0.063389	  0.077745	 -0.026883
 -0.014761	 -0.040765	  0.144132	  0.011362	 -0.101779	  0.029536	 -0.042499
 -0.041590	 -0.051027	  0.137670	  0.019027	 -0.093449	 -0.001791	 -0.080256
 -0.041336	 -0.028918	  0.116226	  0.020358	 -0.067221	  0.012019	 -0.054694
 -0.014191	 -0.034620	  0.079546	  0.047757	 -0.091010	  0.007680	 -0.069423
  0.015838	 -0.030565	  0.036721	  0.027200	 -0.071181	  0.003150	 -0.091215
  0.022331	 -0.030755	  0.000168	  0.008511	 -0.095476	 -0.002710	 -0.091817
  0.043237	 -0.034334	  0.003114	 -0.013281	 -0.095761	 -0.010565	 -0.106103
  0.022394	 -0.025307	  0.043088	  0.001067	 -0.113277	  0.014933	 -0.115574
  0.035793	 -0.028348	  0.065894	 -0.019141	 -0.093607	  0.026590	 -0.091691
  0.058378	 -0.021633	  0.064310	 -0.027947	 -0.073208	  0.022219	 -0.099261
  0.024675	 -0.048018	  0.035644	 -0.031115	 -0.048755	 -0.000461	 -0.091754
 -0.046024	 -0.096925	  0.017336	 -0.060224	 -0.033836	  0.000774	 -0.087668
 -0.014602	 -0.115392	 -0.001986	 -0.062378	 -0.022623	 -0.006859	 -0.073414
  0.024390	 -0.116469	 -0.006832	 -0.061618	 -0.027754	  0.022820	 -0.070468
  0.014919	 -0.104559	  0.004983	 -0.062758	 -0.074127	  0.002833	 -0.108922
  0.000348	 -0.071205	  0.018635	 -0.043500	 -0.053094	  0.011544	 -0.116619
  0.007032	 -0.100789	  0.018793	 -0.025445	 -0.048850	 -0.024661	 -0.123873
  0.013874	 -0.092870	  0.027599	 -0.022087	 -0.060253	 -0.037458	 -0.148928
 -0.028223	 -0.072883	  0.034472	 -0.035423	 -0.090249	 -0.036222	 -0.130905
 -0.057301	 -0.050742	  0.031843	 -0.022974	 -0.067316	 -0.016489	 -0.137715
 -0.068514	 -0.026036	  0.019268	 -0.010747	 -0.032410	 -0.021715	 -0.126850
 -0.068482	 -0.015361	  0.024590	 -0.035232	 -0.047044	 -0.054277	 -0.109619
 -0.081406	 -0.012510	  0.024811	 -0.018286	 -0.017111	 -0.046010	 -0.079147
 -0.059771	 -0.025592	  0.043056	 -0.033047	 -0.002857	 -0.053264	 -0.027453
 -0.059961	 -0.024832	  0.035613	 -0.061270	 -0.022908	 -0.047499	 -0.005312
 -0.082736	  0.008776	  0.019680	 -0.115909	 -0.047741	 -0.053359	  0.022467
 -0.053405	  0.014984	  0.015150	 -0.111348	 -0.057529	 -0.032611	  0.011761
 -0.029870	  0.025912	 -0.021276	 -0.061238	 -0.076787	 -0.068690	  0.026648
 -0.037630	  0.029618	 -0.023367	 -0.040079	 -0.107512	 -0.075753	  0.012363
 -0.042128	 -0.010008	  0.000928	 -0.044070	 -0.090091	 -0.065649	 -0.003475
 -0.066170	  0.018247	  0.027504	 -0.056487	 -0.051574	 -0.019371	 -0.057259
 -0.053183	  0.032754	  0.022594	 -0.036499	 -0.022401	 -0.022760	 -0.093369
 -0.066296	  0.051791	  0.060699	 -0.034251	 -0.038492	 -0.023964	 -0.129701
 -0.055527	  0.059995	  0.071374	 -0.074161	 -0.031777	  0.007014	 -0.163910
 -0.049889	  0.037854	  0.078248	 -0.067636	 -0.065543	  0.008060	 -0.161154
 -0.029870	  0.029681	  0.049011	 -0.079451	 -0.067095	  0.029029	 -0.137493
 -0.028064	  0.003454	  0.063297	 -0.083632	 -0.055660	  0.016897	 -0.123524
  0.001996	 -0.009628	  0.052084	 -0.068333	 -0.050940	  0.013096	 -0.103442
  0.019164	 -0.016280	  0.042138	 -0.041314	 -0.081032	  0.002358	 -0.072590
 -0.009313	 -0.056159	  0.007517	 -0.052179	 -0.071149	 -0.011357	 -0.024127
  0.009281	 -0.057933	  0.005141	 -0.033807	 -0.040519	 -0.010977	 -0.034168
  0.046911	 -0.080929	  0.028929	 -0.020092	 -0.041501	  0.021902	 -0.032331
  0.057459	 -0.059421	  0.022847	 -0.031431	 -0.017586	  0.028902	 -0.060775
  0.057839	 -0.064426	  0.041853	 -0.051704	 -0.005296	  0.036441	 -0.058178
  0.025657	 -0.047480	  0.003937	 -0.071786	 -0.021799	  0.010625	 -0.053617
 -0.017643	 -0.044217	 -0.030304	 -0.104348	 -0.030383	 -0.003280	 -0.049309
 -0.042192	 -0.051217	 -0.003697	 -0.083411	 -0.015496	 -0.014588	 -0.002144
 -0.028920	 -0.055177	 -0.007783	 -0.095827	 -0.025347	  0.007965	 -0.045920
  0.022236	 -0.019225	 -0.012059	 -0.044767	 -0.043560	 -0.022760	 -0.091152
  0.043173	  0.001269	  0.004951	 -0.066464	 -0.062914	 -0.025073	 -0.078197
  0.078745	  0.011816	 -0.003063	 -0.055853	 -0.107227	 -0.043793	 -0.058020
  0.073772	  0.002567	 -0.021561	 -0.065514	 -0.067348	 -0.029412	 -0.083392
  0.040798	 -0.025402	 -0.021498	 -0.089207	 -0.063199	 -0.019371	 -0.085672
  0.022616	 -0.052706	  0.011603	 -0.051165	 -0.050465	 -0.038091	 -0.066034
  0.011403	 -0.071109	  0.037703	 -0.039382	 -0.047899	 -0.073156	 -0.053110
 -0.000063	 -0.052326	  0.067225	 -0.035264	 -0.070357	 -0.057096	 -0.033028
  0.003928	 -0.078363	  0.056170	 -0.048916	 -0.103806	 -0.070685	 -0.021150
 -0.007792	 -0.041271	  0.068745	 -0.059021	 -0.084516	 -0.055893	 -0.075631
 -0.015394	 -0.018687	  0.071976	 -0.060636	 -0.097883	 -0.063210	 -0.093591
 -0.027843	 -0.005478	  0.088510	 -0.078913	 -0.089838	 -0.084369	 -0.089822
 -0.036395	 -0.016723	  0.118317	 -0.077614	 -0.108811	 -0.062861	 -0.104297
 -0.031105	 -0.005478	  0.102447	 -0.039667	 -0.098231	 -0.035304	 -0.080858
 -0.038517	  0.043080	  0.046636	 -0.025762	 -0.100670	 -0.028525	 -0.056436
 -0.023345	  0.014097	  0.049993	 -0.033142	 -0.100480	 -0.024851	 -0.027896
 -0.006430	 -0.023533	  0.062378	 -0.027884	 -0.096109	 -0.014968	 -0.000466
 -0.041716	 -0.034049	  0.037957	 -0.041124	 -0.084041	 -0.037109	  0.056740
 -0.048653	 -0.038516	  0.033902	 -0.021739	 -0.091295	 -0.085097	  0.037481
 -0.038137	 -0.007284	  0.047713	  0.020294	 -0.062407	 -0.078129	  0.059306
 -0.040038	  0.007635	 -0.008765	  0.027865	 -0.033139	 -0.047119	  0.044957
 -0.008996	 -0.010673	 -0.035689	  0.016747	 -0.080715	 -0.036476	  0.004729
 -0.055368	  0.003771	 -0.040883	 -0.007422	 -0.102159	 -0.031313	 -0.002588
 -0.070224	 -0.002437	 -0.038539	 -0.016386	 -0.098802	 -0.005466	 -0.000339
 -0.092809	  0.024043	 -0.023304	 -0.018888	 -0.073620	 -0.026023	  0.024051
 -0.071111	  0.030695	 -0.013738	 -0.037450	 -0.064846	 -0.004927	  0.021169
 -0.055907	  0.026102	 -0.004615	  0.001067	 -0.033899	  0.006666	  0.018381
 -0.019575	  0.008839	  0.015214	  0.017855	 -0.000576	  0.014902	  0.037608
 -0.001140	  0.027622	  0.020440	  0.031001	 -0.026677	  0.022567	  0.022942
  0.000729	  0.010708	  0.030386	  0.022005	 -0.031745	  0.000394	  0.071057
 -0.027779	  0.013400	  0.013345	  0.040883	 -0.052777	  0.011702	  0.057183
 -0.009819	  0.022364	 -0.015796	  0.042530	 -0.108304	 -0.001474	  0.061966
 -0.001204	  0.030600	 -0.001669	  0.048169	 -0.127721	  0.014078	  0.027250
 -0.009756	  0.048813	 -0.000497	  0.032299	 -0.128798	  0.019114	  0.004476
 -0.018783	  0.044220	 -0.004773	  0.014498	 -0.122716	  0.042301	  0.018318
  0.000380	  0.063067	  0.001181	  0.017539	 -0.139948	  0.026843	  0.048093
 -0.029078	  0.052519	 -0.011900	 -0.003906	 -0.138871	  0.032640	  0.066876
 -0.028539	  0.047198	 -0.017634	 -0.044798	 -0.115590	  0.014427	  0.060351
 -0.033101	  0.065791	 -0.013389	 -0.054839	 -0.136622	  0.019685	  0.066243
  0.005892	  0.045234	 -0.016398	 -0.042613	 -0.138364	  0.055003	  0.097411
 -0.001647	  0.036967	 -0.012027	 -0.042739	 -0.121386	  0.029979	  0.107199
 -0.035255	  0.031709	 -0.007624	 -0.078343	 -0.119517	  0.025323	  0.072831
 -0.034875	  0.006178	  0.030291	 -0.070487	 -0.084548	  0.009105	  0.077582
 -0.030060	 -0.027366	  0.017716	 -0.068872	 -0.058669	  0.016644	  0.090728
 -0.018245	 -0.046656	  0.026553	 -0.063170	 -0.062090	  0.021902	  0.133553
  0.017516	 -0.021158	  0.036626	 -0.073750	 -0.088792	  0.029916	  0.113344
  0.021666	 -0.015836	 -0.001606	 -0.104601	 -0.097440	  0.019400	  0.122213
 -0.016598	 -0.036267	 -0.001701	 -0.099217	 -0.109033	  0.048414	  0.087243
 -0.009819	  0.006042	 -0.043696	  0.030196	 -0.003494	 -0.009875	  0.008084
 -0.014349	 -0.003461	 -0.073059	  0.029943	  0.004742	  0.008750	  0.024713
 -0.028223	 -0.013121	 -0.057348	  0.041251	 -0.041884	  0.007072	  0.030890
 -0.050681	 -0.016923	 -0.024279	  0.013091	 -0.070709	 -0.007246	  0.058732
 -0.031454	 -0.000515	 -0.017912	 -0.006991	 -0.058862	 -0.013707	  0.049135
 -0.022870	 -0.006850	 -0.004609	 -0.025267	 -0.048948	 -0.042089	  0.024175
 -0.029300	 -0.018601	  0.040212	 -0.011774	  0.006072	 -0.048139	  0.030478
 -0.027146	 -0.021737	  0.059217	 -0.010950	  0.001258	 -0.034455	  0.001780
 -0.038074	 -0.012076	  0.059059	  0.001277	  0.024761	 -0.034645	 -0.038701
  0.004561	  0.035817	  0.065109	 -0.019946	  0.074713	 -0.012504	 -0.024162
  0.036553	  0.011585	  0.025673	 -0.035435	  0.078070	  0.005836	  0.017649
  0.024168	  0.030559	  0.027288	 -0.042974	  0.038413	  0.011981	 -0.005980
  0.034843	  0.050768	 -0.006541	 -0.054060	  0.028657	  0.024113	 -0.064896
  0.024137	  0.027201	 -0.016804	 -0.015163	  0.029068	  0.019583	 -0.101038
  0.019860	  0.014056	 -0.016677	 -0.016335	  0.003063	  0.033330	 -0.070693
  0.006335	  0.003951	 -0.007428	 -0.002588	 -0.012806	  0.012140	  0.018125
  0.016218	 -0.023353	 -0.001473	  0.038368	 -0.014168	  0.003429	  0.024935
  0.014761	 -0.011601	  0.009487	  0.051640	 -0.022087	  0.021040	  0.014038
  0.025594	 -0.009764	  0.005369	  0.018350	  0.006326	  0.021262	 -0.008198
  0.044884	 -0.041978	 -0.021587	  0.017368	 -0.022182	  0.034122	  0.010934
  0.085935	 -0.046222	 -0.013478	  0.026237	  0.013833	  0.075870	  0.015717
  0.026417	 -0.030670	 -0.026180	 -0.022385	  0.019439	  0.081952	  0.026392
  0.018340	 -0.030480	 -0.011261	 -0.010823	 -0.002575	  0.045969	 -0.020678
  0.014286	 -0.054489	 -0.010500	  0.034251	 -0.010431	  0.046507	 -0.145668
  0.041146	 -0.091169	 -0.022600	  0.057247	  0.014561	  0.055218	 -0.106264
  0.048812	 -0.074888	 -0.008220	  0.039287	  0.040788	  0.050910	 -0.040982
  0.041526	 -0.071087	 -0.020668	  0.028169	  0.047187	  0.053254	 -0.018207
  0.033132	 -0.043657	 -0.032958	  0.029341	  0.081903	  0.056485	 -0.081336
  0.033291	 -0.036054	 -0.027890	  0.062917	  0.092039	  0.025855	 -0.103445
  0.039943	 -0.031588	 -0.030519	  0.069252	  0.077310	 -0.018332	 -0.072784
  0.040101	 -0.019963	 -0.028080	  0.073433	  0.065020	 -0.009906	 -0.013994
  0.041210	 -0.021420	 -0.025863	  0.058387	  0.062549	 -0.006581	 -0.000120
  0.016535	 -0.004728	 -0.014555	  0.059971	  0.078197	  0.013121	 -0.014121
  0.030123	  0.012567	 -0.027225	  0.028327	  0.075124	 -0.024065	 -0.071802
  0.026987	 -0.013502	 -0.014682	  0.042771	  0.066952	 -0.025491	 -0.058688
 -0.009693	 -0.043181	 -0.039071	  0.036721	  0.077468	 -0.013232	  0.034564
 -0.007634	 -0.051227	 -0.027003	  0.024685	  0.090392	 -0.014531	  0.074253
  0.035603	 -0.060920	 -0.008568	 -0.002556	  0.055739	  0.000705	  0.083249
  0.041748	 -0.083631	  0.000649	  0.004032	  0.032331	 -0.003666	  0.039315
  0.047355	 -0.082047	 -0.035270	 -0.000022	  0.023652	 -0.010128	  0.007672
  0.054070	 -0.078088	 -0.044140	 -0.003887	  0.057956	 -0.026758	  0.068045
  0.022901	 -0.066399	 -0.018419	 -0.014783	  0.040060	 -0.026853	  0.108304
  0.019607	 -0.046729	  0.030234	 -0.012059	  0.068916	 -0.027645	  0.096806
  0.006588	 -0.017429	  0.036854	 -0.037526	  0.055834	 -0.032491	  0.005264
 -0.000824	  0.000689	  0.011419	 -0.066730	  0.037304	 -0.007499	 -0.086024
  0.026100	 -0.007642	 -0.013605	 -0.045318	  0.063088	  0.023353	 -0.074842
  0.064713	 -0.026900	 -0.012781	 -0.064576	  0.069740	  0.078879	  0.009477
  0.079758	 -0.032190	 -0.011451	 -0.030399	  0.076138	  0.088857	  0.061266
  0.069876	 -0.046127	 -0.027225	 -0.028530	  0.094763	  0.040394	  0.022369
  0.083971	 -0.041471	 -0.043506	 -0.050639	  0.105406	  0.031208	 -0.056883
  0.098890	 -0.011981	 -0.011514	 -0.071070	  0.113103	  0.023606	 -0.012030
  0.071966	 -0.016194	 -0.028492	 -0.042752	  0.103949	  0.044670	  0.063547
  0.064808	 -0.025000	 -0.038723	 -0.031793	  0.134484	  0.040299	  0.086892
  0.048051	 -0.052684	 -0.019243	 -0.011045	  0.100845	  0.020280	  0.059239
  0.057396	 -0.074477	 -0.038121	 -0.016493	  0.112184	 -0.021215	  0.002604
  0.084605	 -0.101242	 -0.041542	 -0.006231	  0.118520	 -0.057324	  0.005074
  0.071333	 -0.104156	  0.018831	  0.022816	  0.123651	 -0.050324	  0.011473
  0.040766	 -0.106247	  0.030424	  0.020693	  0.116587	 -0.033156	  0.036148
  0.031485	 -0.086070	  0.032673	  0.047364	  0.115130	 -0.039111	  0.030795
  0.043902	 -0.076947	  0.004070	  0.059464	  0.095587	 -0.063723	 -0.035375
  0.040481	 -0.054775	  0.007523	  0.073971	  0.087288	 -0.039903	 -0.039429
  0.018340	 -0.069884	  0.025895	  0.088764	  0.076360	  0.005076	 -0.017542
  0.036838	 -0.077771	  0.003627	  0.086578	  0.119628	  0.002795	  0.030763
  0.013399	 -0.049643	  0.012528	  0.065324	  0.108035	 -0.002209	 -0.003510
 -0.000760	 -0.043561	  0.034289	  0.074320	  0.102872	 -0.004680	 -0.069394
 -0.025435	 -0.004886	  0.058805	  0.055600	  0.097265	 -0.002906	 -0.099803
 -0.041938	 -0.005836	  0.058995	  0.075238	  0.047503	  0.026964	 -0.045986
 -0.035096	 -0.010968	  0.048859	  0.042138	  0.036195	  0.028959	  0.004283
 -0.030472	 -0.036435	  0.013446	  0.038337	  0.042562	  0.032887	  0.005423
 -0.065251	 -0.059716	 -0.014808	  0.041029	  0.043037	  0.010968	 -0.023180
 -0.043585	 -0.065386	  0.009930	  0.021549	  0.044716	 -0.023432	 -0.040411
 -0.034114	 -0.048630	  0.048036	 -0.025711	  0.016810	 -0.002146	 -0.008039
 -0.025119	 -0.019203	  0.037931	 -0.016588	  0.029702	  0.032950	  0.042166
 -0.050269	 -0.028357	  0.001536	 -0.045381	  0.023747	  0.040299	  0.069787
 -0.071206	 -0.027059	 -0.005812	 -0.048105	  0.013009	  0.010904	 -0.000247
 -0.036838	  0.003318	  0.015822	 -0.024380	  0.024095	  0.021579	 -0.041805
  0.024232	  0.003286	  0.024216	 -0.007529	  0.071165	  0.013818	 -0.052226
  0.025974	  0.007309	  0.022885	 -0.017349	  0.105438	  0.024461	 -0.000184
  0.015838	 -0.001592	 -0.024596	 -0.043132	  0.100655	  0.011189	  0.035103
  0.026005	 -0.010778	 -0.035334	 -0.023810	  0.083550	 -0.008988	  0.011283
  0.029363	 -0.032824	 -0.008536	 -0.036100	  0.071450	 -0.005852	 -0.042280
  0.053721	 -0.028009	  0.009677	 -0.026819	  0.083328	 -0.006200	 -0.030877
  0.066423	 -0.045399	 -0.013446	 -0.024222	  0.074237	  0.008053	  0.034564
  0.054577	 -0.076409	 -0.010912	 -0.022733	  0.080699	  0.048693	  0.067158
  0.086442	 -0.093894	 -0.026243	 -0.002810	  0.056119	  0.020660	  0.020215
  0.071998	 -0.058671	 -0.014840	  0.022689	  0.044621	  0.003682	 -0.075793
  0.075197	 -0.053412	  0.008315	  0.031463	  0.053744	  0.003049	 -0.121437
  0.063446	 -0.029466	  0.014808	  0.050247	  0.084120	 -0.011839	 -0.064358
  0.046183	 -0.038493	 -0.010089	  0.044418	  0.074237	 -0.017445	 -0.021565
  0.027558	 -0.023638	 -0.027193	  0.043025	  0.070088	 -0.033568	 -0.053050
  0.018182	 -0.074096	 -0.034035	  0.041853	  0.036164	 -0.045066	 -0.102970
 -0.006462	 -0.094115	 -0.010310	  0.048980	  0.027263	 -0.045256	 -0.116432
 -0.021032	 -0.052747	 -0.019211	  0.052337	  0.019629	 -0.013707	 -0.083648
 -0.004561	 -0.040362	  0.017976	  0.074288	  0.039521	  0.011918	 -0.017922
 -0.021317	 -0.063200	  0.039040	  0.066401	  0.031602	  0.014230	 -0.029515
 -0.004118	 -0.071499	  0.032103	  0.036848	  0.008638	 -0.026061	 -0.085675
  0.014444	 -0.060825	  0.020161	  0.017653	 -0.000770	 -0.051053	 -0.111142
 -0.004435	 -0.054870	  0.025578	 -0.016272	  0.001479	 -0.047917	 -0.066132
  0.014761	 -0.040964	  0.020953	 -0.010570	  0.018869	 -0.003381	  0.009477
  0.019544	 -0.025823	 -0.004355	 -0.020643	  0.020453	 -0.024319	  0.000165
  0.034019	 -0.013818	 -0.012496	  0.000200	  0.066952	 -0.028056	 -0.063249
  0.054862	 -0.029719	  0.003595	 -0.012756	  0.093464	 -0.043356	 -0.066797
  0.013684	 -0.013565	  0.003944	 -0.014973	  0.053205	 -0.046016	 -0.030149
  0.027589	 -0.010524	  0.012496	 -0.052476	  0.022163	  0.007958	  0.038555
  0.018688	 -0.036751	  0.031818	 -0.049752	  0.005344	  0.017809	  0.103014
  0.004973	 -0.051797	  0.019496	 -0.050037	 -0.008245	  0.002067	  0.075964
  0.023250	 -0.017556	 -0.008885	 -0.050608	 -0.035613	  0.020977	  0.022654
  0.039784	 -0.001180	  0.031153	 -0.051083	 -0.046762	  0.015656	 -0.016655
  0.044567	 -0.023036	  0.021903	 -0.037146	 -0.030925	  0.028864	 -0.002591
  0.050110	 -0.014484	  0.036411	 -0.031381	 -0.005204	  0.011126	  0.018631
  0.059328	 -0.018601	  0.040529	 -0.039711	 -0.008213	  0.007895	 -0.000279
  0.102596	 -0.057499	  0.028587	 -0.035087	  0.008638	 -0.050197	 -0.064421
  0.088121	 -0.098360	 -0.003595	 -0.041517	  0.008479	 -0.058243	 -0.071675
  0.087265	 -0.091011	 -0.052660	 -0.027516	  0.011204	 -0.032808	  0.005581
  0.060373	 -0.072133	 -0.026085	 -0.057576	  0.022670	 -0.018490	  0.042578
  0.034051	 -0.055535	 -0.015410	 -0.041232	  0.014910	 -0.010477	  0.026519
  0.044250	 -0.049643	  0.013668	 -0.023684	  0.030621	 -0.005377	 -0.013392
  0.034336	 -0.061648	  0.041796	 -0.007783	  0.043291	 -0.020074	 -0.055932
  0.029616	 -0.039792	  0.025578	  0.014137	  0.040535	 -0.022957	 -0.050611
  0.005290	 -0.058481	  0.011546	  0.020218	  0.034453	 -0.005535	 -0.030687
  0.014951	 -0.075965	  0.015283	  0.014485	 -0.020377	 -0.011585	 -0.019949
  0.022236	 -0.062408	  0.013003	 -0.002588	 -0.013598	 -0.041455	 -0.039144
  0.053753	 -0.051512	 -0.005686	 -0.001067	  0.001004	 -0.057895	 -0.076616
  0.063699	 -0.059779	 -0.028397	 -0.014434	 -0.011318	 -0.071262	 -0.086657
  0.081691	 -0.065956	 -0.055194	 -0.015416	 -0.013693	 -0.058876	 -0.059131
  0.074120	 -0.029086	 -0.074643	 -0.015796	 -0.052939	 -0.008956	 -0.064960
  0.065473	 -0.043086	 -0.044868	  0.014358	 -0.033680	  0.031525	 -0.104586
  0.076179	 -0.057815	 -0.022157	  0.007010	 -0.022531	  0.060983	 -0.099422
  0.024232	 -0.052114	 -0.058583	  0.005014	 -0.017431	  0.082997	 -0.092612
 -0.002439	 -0.019203	 -0.090322	  0.023766	  0.024254	  0.037733	 -0.086024
 -0.012987	 -0.052969	 -0.047402	  0.026490	  0.034643	  0.037955	 -0.049946
 -0.013715	 -0.066463	 -0.039958	  0.051577	  0.021023	  0.037860	 -0.048425
 -0.024422	 -0.072196	 -0.058172	  0.048409	  0.031983	  0.071467	 -0.032302
  0.002027	 -0.064340	 -0.032040	  0.068492	  0.025141	  0.013026	 -0.020994
  0.013557	 -0.071879	 -0.007966	  0.036436	 -0.027314	  0.010492	 -0.029325
  0.041083	 -0.067666	 -0.020161	  0.016829	 -0.039002	  0.034787	 -0.028090
  0.054513	 -0.082205	 -0.006889	  0.053794	 -0.036341	  0.045462	 -0.034456
  0.078840	 -0.082966	 -0.045565	  0.088194	 -0.031653	  0.007800	 -0.033855
  0.092619	 -0.080400	 -0.040117	  0.074035	 -0.071691	 -0.004363	 -0.047285
  0.115995	 -0.042073	 -0.020193	  0.068745	 -0.092818	  0.025633	 -0.003383
  0.108425	 -0.045209	 -0.012211	  0.074193	 -0.072609	  0.013502	 -0.002686
  0.108108	 -0.047996	  0.008283	  0.060161	 -0.080116	  0.016923	  0.020532
  0.121380	 -0.045874	  0.020225	  0.047269	 -0.056233	  0.011950	  0.005043
  0.085397	 -0.027249	 -0.015473	  0.011223	 -0.055948	 -0.013359	 -0.000405
  0.035255	 -0.060666	 -0.015030	 -0.027421	 -0.031051	 -0.006042	  0.020754
  0.009503	 -0.037828	 -0.021238	 -0.030969	 -0.054618	 -0.017857	  0.032252
 -0.028064	 -0.026837	 -0.065235	 -0.045350	 -0.060256	  0.003334	  0.064814
 -0.045074	 -0.055978	 -0.071412	 -0.067459	 -0.079641	  0.020977	  0.028514
 -0.042667	 -0.054141	 -0.073281	 -0.077880	 -0.049708	  0.055725	  0.019202
 -0.042667	 -0.002922	 -0.059249	 -0.102112	 -0.002765	  0.036973	  0.009604
 -0.002566	 -0.000166	 -0.059914	 -0.083107	 -0.015435	  0.033679	 -0.049566
  0.017073	 -0.008180	 -0.066661	 -0.051685	 -0.008720	  0.022751	 -0.075634
  0.023598	 -0.020407	 -0.068086	 -0.052476	 -0.013186	  0.036815	 -0.076996
  0.013367	 -0.060064	 -0.045438	 -0.050513	  0.008384	  0.030765	 -0.092296
  0.019734	 -0.062187	 -0.057221	 -0.044589	  0.026154	  0.020375	 -0.076395
  0.055020	 -0.058639	 -0.031374	 -0.041897	 -0.003684	  0.020280	 -0.068792
  0.011086	 -0.046254	 -0.012591	 -0.060110	  0.000054	 -0.020043	 -0.038004
 -0.002059	 -0.019900	 -0.010595	 -0.028118	 -0.009607	 -0.024794	 -0.053367
  0.009851	 -0.014515	 -0.019179	  0.024685	 -0.022626	 -0.016812	 -0.074082
  0.039341	 -0.015117	 -0.029442	 -0.016937	 -0.019933	 -0.039650	 -0.090427
  0.024453	 -0.013153	 -0.063271	 -0.017824	 -0.040332	 -0.028627	 -0.092644
 -0.011466	 -0.037258	 -0.084969	 -0.044178	 -0.079198	 -0.024667	 -0.086562
 -0.028793	 -0.050277	 -0.059787	 -0.031888	 -0.090316	 -0.030780	 -0.098409
 -0.001520	 -0.007420	 -0.031723	 -0.023240	 -0.107611	 -0.040568	 -0.114848
  0.003959	 -0.004918	 -0.000269	  0.005014	 -0.114231	 -0.013707	 -0.066195
 -0.005638	 -0.001212	  0.033275	  0.016797	 -0.114326	  0.020185	 -0.062014
 -0.029870	  0.001291	  0.036284	  0.001372	 -0.108022	  0.013945	 -0.042660
 -0.035033	  0.019757	  0.052850	  0.022436	 -0.095954	 -0.029102	 -0.027868
 -0.038739	  0.013549	  0.041257	  0.006566	 -0.084202	 -0.024667	 -0.015990
  0.000824	 -0.002320	  0.016994	 -0.002556	 -0.095764	 -0.039396	 -0.063313
  0.022743	 -0.051860	  0.001251	 -0.006896	 -0.088542	 -0.038604	 -0.030497
  0.050174	 -0.015339	  0.029696	  0.006978	 -0.069949	 -0.023749	 -0.012062
  0.027684	  0.000214	  0.026148	  0.028834	 -0.064786	 -0.019092	 -0.046968
  0.031105	 -0.048123	  0.068054	  0.030449	 -0.061111	 -0.037876	 -0.086151
  0.063034	 -0.039855	  0.095264	  0.016734	 -0.063740	 -0.023463	 -0.081779
  0.066835	 -0.071056	  0.062131	  0.003906	 -0.089144	 -0.014373	 -0.039619
  0.049635	 -0.109288	  0.070493	  0.020472	 -0.089524	 -0.011205	  0.020912
  0.010991	 -0.096839	  0.071729	  0.035644	 -0.093357	 -0.030749	  0.006817
 -0.035920	 -0.043466	  0.051488	  0.041029	 -0.030449	 -0.026821	 -0.012189
 -0.031865	 -0.052811	  0.031469	  0.044925	 -0.008498	 -0.020296	 -0.045416
 -0.030250	 -0.032697	  0.020383	  0.025255	  0.006326	  0.032285	 -0.055330
 -0.004593	 -0.028516	  0.007618	  0.020187	  0.013484	  0.027090	 -0.051973
  0.001425	 -0.035674	  0.020510	  0.020060	 -0.016512	  0.013755	 -0.064516
 -0.003801	 -0.064594	  0.017976	  0.012648	 -0.035296	  0.013913	 -0.080037
 -0.032562	 -0.042865	  0.039135	  0.020852	 -0.073179	  0.000927	 -0.107880
 -0.017548	 -0.051322	  0.045185	  0.044007	 -0.056835	  0.009701	 -0.103097
 -0.016218	 -0.051069	  0.024786	  0.046889	 -0.041504	  0.019583	 -0.057738
 -0.001457	 -0.052526	 -0.002518	  0.046160	 -0.041282	  0.026457	 -0.058150
  0.013969	 -0.047204	 -0.014618	  0.052781	 -0.071121	  0.017524	 -0.066353
 -0.008932	 -0.086228	 -0.037900	  0.048441	 -0.080148	 -0.000309	 -0.054760
 -0.030187	 -0.059431	 -0.038026	  0.031970	 -0.103556	 -0.010698	 -0.042249
 -0.063636	 -0.055915	 -0.010912	  0.003525	 -0.088700	 -0.014183	 -0.015958
 -0.083940	 -0.076155	 -0.007871	 -0.020421	 -0.072863	  0.005266	  0.014989
 -0.087044	 -0.096142	  0.015790	 -0.004805	 -0.066401	 -0.024952	  0.007925
 -0.080487	 -0.105645	  0.004830	 -0.015511	 -0.058609	 -0.014563	 -0.003826
 -0.063762	 -0.135768	 -0.020890	 -0.019376	 -0.060003	 -0.011997	  0.028039
 -0.032626	 -0.125601	  0.014713	 -0.028815	 -0.054523	 -0.015671	  0.025220
 -0.015331	 -0.124904	 -0.012401	 -0.024571	 -0.014517	 -0.006010	  0.019962
 -0.025467	 -0.068743	  0.017659	  0.007517	 -0.027504	 -0.008006	 -0.001039
 -0.058314	 -0.051924	  0.019591	 -0.005597	 -0.040681	 -0.003951	 -0.012790
 -0.026924	 -0.038842	  0.009835	 -0.042847	 -0.015087	  0.011126	 -0.027615
 -0.005828	 -0.010492	  0.015125	 -0.089822	 -0.035106	 -0.031604	 -0.041393
  0.011245	  0.018269	  0.017374	 -0.120642	 -0.050152	 -0.048234	 -0.059512
  0.025499	  0.023622	  0.021302	 -0.112438	 -0.026268	 -0.029672	 -0.050136
  0.031612	  0.015101	  0.004102	 -0.127389	  0.016588	 -0.036799	 -0.060145
  0.041938	 -0.021357	  0.024311	 -0.131443	  0.052191	 -0.025839	 -0.043832
  0.042920	 -0.031050	  0.018134	 -0.133090	  0.036132	 -0.003001	 -0.023845
  0.021634	 -0.015529	  0.055099	 -0.163055	  0.001923	 -0.018585	 -0.053937
  0.009281	 -0.008465	  0.043221	 -0.156181	 -0.022309	 -0.056469	 -0.102368
  0.019132	 -0.033330	  0.070240	 -0.124760	 -0.034916	 -0.057229	 -0.101228
 -0.006683	 -0.025950	  0.053262	 -0.085419	 -0.030196	 -0.047758	 -0.086974
 -0.008552	 -0.060096	  0.025356	 -0.042024	 -0.068238	 -0.026726	 -0.067145
  0.000697	 -0.090853	 -0.025419	 -0.008701	 -0.074320	 -0.025142	 -0.099327
