:RUN-4	LEVEL SWEEP	TEMP:NaN	8/27/2019	6:00 PM	HR:-636.36:SW EAR: R	SW FREQ: 16.00	# AVERAGES: 512	REP RATE (/sec): 80	DRIVER: 	SAMPLE (µsec): 40	MASKER dB: 2147483647:NOTES-:CHAMBER-SEWELL-PXI1:CFTS Version: V2.7.2 (R850):LEVELS:20;30;40;50;60;70;80;:DATA  0.036971	 -0.060291	  0.011942	 -0.025773	 -0.032371	 -0.039024	 -0.114259
  0.045365	 -0.014393	  0.020241	 -0.022510	 -0.024293	 -0.058219	 -0.099055
  0.039949	  0.040088	  0.021508	 -0.019216	 -0.027619	 -0.027906	 -0.065701
  0.041121	  0.030586	  0.052328	 -0.006419	 -0.013682	 -0.036712	 -0.059271
  0.004441	  0.038251	  0.006367	  0.020188	  0.004436	 -0.030915	 -0.069914
  0.036053	  0.024092	 -0.002059	  0.048506	  0.010676	 -0.062654	 -0.078656
  0.004124	  0.007589	 -0.022458	  0.055475	  0.018690	 -0.066391	 -0.089299
 -0.054063	  0.016902	 -0.038327	  0.042741	 -0.006207	 -0.050744	 -0.089901
 -0.039778	  0.005531	 -0.040386	  0.031306	 -0.007664	 -0.032562	 -0.070357
 -0.013202	 -0.031498	  0.021254	  0.018795	 -0.005700	 -0.030757	 -0.052714
  0.007102	 -0.029376	  0.041115	  0.023958	 -0.004971	 -0.042730	 -0.029211
  0.029148	 -0.024624	  0.035920	  0.007803	 -0.033004	 -0.040164	 -0.022591
  0.022939	 -0.022470	 -0.012195	 -0.011519	 -0.023945	 -0.037852	 -0.025948
 -0.013962	 -0.004162	 -0.026987	  0.010084	 -0.012035	 -0.044219	 -0.029528
 -0.008451	 -0.025448	 -0.025119	  0.005681	 -0.021759	 -0.037123	 -0.006880
 -0.031511	  0.001951	 -0.009408	 -0.024822	  0.005260	  0.029616	  0.065498
 -0.038574	 -0.006316	 -0.002217	 -0.048325	 -0.003863	  0.095723	  0.126093
 -0.028818	 -0.001755	 -0.009408	 -0.029764	  0.024043	  0.154512	  0.227486
 -0.025619	  0.013164	 -0.017675	 -0.039900	  0.050270	  0.181943	  0.245256
 -0.013234	  0.042179	 -0.004435	 -0.036289	  0.103738	  0.176178	  0.238952
  0.000386	  0.047754	 -0.007887	 -0.047945	  0.106906	  0.207758	  0.269962
 -0.020298	  0.056496	 -0.015077	 -0.044144	  0.102630	  0.204369	  0.264926
  0.003554	  0.098561	  0.019670	  0.009482	  0.121635	  0.237533	  0.255265
 -0.014469	  0.075470	  0.011466	  0.042298	  0.136712	  0.227619	  0.240536
 -0.017700	  0.027608	  0.022489	  0.041411	  0.135825	  0.196862	  0.235943
 -0.026126	  0.020925	  0.012733	  0.057692	  0.130916	  0.171458	  0.225490
 -0.034076	  0.052758	  0.038739	  0.059687	  0.131771	  0.108615	  0.236703
 -0.045194	  0.055007	  0.051852	  0.043976	  0.141020	  0.106968	  0.290456
 -0.029357	  0.030047	  0.047545	  0.030736	  0.132404	  0.131579	  0.357481
  0.009572	  0.012309	  0.086220	 -0.006831	  0.145328	  0.184255	  0.404297
  0.025853	  0.031061	  0.061767	  0.028360	  0.191606	  0.222392	  0.464956
  0.040867	  0.035875	  0.038612	  0.070805	  0.223946	  0.267973	  0.541293
  0.026360	  0.053740	  0.030947	  0.091426	  0.243933	  0.268385	  0.547660
  0.014355	  0.065967	  0.024168	  0.106567	  0.256413	  0.253054	  0.508636
 -0.044688	  0.081868	  0.044314	  0.137704	  0.264300	  0.243773	  0.464100
 -0.046936	  0.073727	  0.084193	  0.161682	  0.280296	  0.187264	  0.385324
 -0.027108	  0.069926	  0.122678	  0.182841	  0.250237	  0.109438	  0.315828
 -0.037466	  0.068153	  0.137217	  0.156265	  0.204117	  0.016661	  0.185959
 -0.048679	  0.105054	  0.154132	  0.120029	  0.114381	 -0.096515	  0.093024
 -0.042565	  0.127385	  0.155906	  0.079073	  0.077226	 -0.155906	 -0.021704
 -0.030940	  0.141829	  0.147005	  0.058040	 -0.013144	 -0.222519	 -0.132568
 -0.043421	  0.132295	  0.093949	  0.051515	 -0.104432	 -0.285806	 -0.287555
 -0.065562	  0.110693	  0.056889	  0.025763	 -0.132465	 -0.301961	 -0.368264
 -0.046303	  0.073918	  0.045517	 -0.038189	 -0.153244	 -0.310988	 -0.446692
 -0.034615	  0.043731	  0.048843	 -0.044524	 -0.216277	 -0.310671	 -0.515079
 -0.027013	  0.001539	 -0.025594	 -0.073159	 -0.240097	 -0.315961	 -0.602819
 -0.014501	 -0.046734	 -0.063984	 -0.116491	 -0.241206	 -0.343360	 -0.626702
 -0.000659	 -0.067544	 -0.064998	 -0.178163	 -0.219730	 -0.313807	 -0.607190
 -0.014343	 -0.087025	 -0.105954	 -0.202774	 -0.203449	 -0.286567	 -0.580425
 -0.014628	 -0.097414	 -0.086157	 -0.189344	 -0.198001	 -0.248778	 -0.520463
 -0.010985	 -0.122184	 -0.048210	 -0.168818	 -0.148777	 -0.175671	 -0.398165
  0.007672	 -0.135235	 -0.067057	 -0.152886	 -0.113206	 -0.139055	 -0.255214
 -0.001451	 -0.077871	 -0.080424	 -0.140311	 -0.088499	 -0.142000	 -0.077072
  0.009477	 -0.075685	 -0.099872	 -0.097010	 -0.063539	 -0.073518	  0.081494
  0.026899	 -0.091839	 -0.078808	 -0.035592	 -0.050869	  0.020336	  0.193942
  0.039632	 -0.093487	 -0.090243	  0.014613	  0.029491	  0.064016	  0.286655
  0.057529	 -0.058200	 -0.039721	  0.063457	  0.063732	  0.140417	  0.380921
  0.041564	 -0.039765	  0.019765	  0.080403	  0.134748	  0.214379	  0.467458
  0.010998	 -0.046702	  0.053436	  0.088068	  0.190465	  0.247448	  0.487762
 -0.010035	 -0.035141	  0.075356	  0.070425	  0.254576	  0.308454	  0.450575
 -0.006645	 -0.029059	  0.052391	  0.057914	  0.308456	  0.329740	  0.373636
  0.005359	 -0.000931	  0.072917	  0.060511	  0.304908	  0.323025	  0.264831
  0.009477	 -0.005714	  0.061894	  0.087562	  0.298763	  0.297336	  0.094956
 -0.008831	  0.025201	  0.067310	  0.106694	  0.321316	  0.187676	 -0.050148
 -0.027710	  0.054025	  0.088501	  0.127789	  0.247512	  0.077383	 -0.126137
 -0.008673	  0.057256	  0.085523	  0.115309	  0.197339	 -0.012448	 -0.224394
  0.008875	  0.082723	  0.061292	  0.103969	  0.129237	 -0.090591	 -0.255278
  0.027944	  0.067836	  0.050269	  0.086770	  0.062085	 -0.178395	 -0.291514
  0.027849	  0.063845	  0.046151	  0.019776	 -0.023375	 -0.196197	 -0.353756
  0.058859	  0.083547	  0.028603	 -0.022320	 -0.063381	 -0.241524	 -0.382707
  0.065353	  0.050509	 -0.005290	 -0.077498	 -0.096735	 -0.298318	 -0.362404
  0.022623	  0.053645	 -0.054703	 -0.071353	 -0.118274	 -0.267846	 -0.371684
 -0.016972	  0.073664	 -0.057617	 -0.089218	 -0.175606	 -0.233257	 -0.369214
 -0.009180	  0.045853	 -0.047323	 -0.109554	 -0.166896	 -0.174183	 -0.360915
 -0.037972	  0.034513	 -0.055844	 -0.112785	 -0.141492	 -0.135159	 -0.357621
 -0.041488	  0.000716	 -0.089926	 -0.100336	 -0.099744	 -0.141114	 -0.335480
 -0.065213	 -0.003750	 -0.104402	 -0.123934	 -0.086504	 -0.136014	 -0.348181
 -0.058688	  0.015318	 -0.107094	 -0.137998	 -0.057299	 -0.133005	 -0.320244
 -0.028216	  0.013259	 -0.072441	 -0.110948	 -0.028506	 -0.130534	 -0.299211
 -0.031321	 -0.020126	 -0.023345	 -0.072145	 -0.016881	 -0.163160	 -0.264083
 -0.037814	 -0.041317	 -0.018087	 -0.047375	 -0.030914	 -0.140670	 -0.189551
 -0.034425	 -0.044358	 -0.053563	 -0.011645	 -0.038801	 -0.137978	 -0.104947
 -0.015134	 -0.018416	 -0.051852	 -0.025234	 -0.049412	 -0.093949	 -0.061520
 -0.020361	 -0.008755	  0.012670	 -0.017094	  0.001649	 -0.054608	  0.002591
 -0.040285	  0.009617	  0.057776	 -0.050353	  0.029681	 -0.005638	  0.091915
 -0.045764	 -0.004257	  0.105796	 -0.078385	  0.035288	  0.054482	  0.177280
 -0.039936	  0.026214	  0.100094	 -0.068598	  0.074312	  0.080107	  0.226979
 -0.047412	  0.018201	  0.110262	 -0.057131	  0.104403	  0.061007	  0.232205
 -0.054317	  0.010947	  0.121443	 -0.066412	  0.109693	  0.090718	  0.261283
 -0.003668	  0.011422	  0.120113	 -0.077752	  0.087742	  0.112511	  0.275411
  0.021229	  0.024251	  0.136647	 -0.094856	  0.073267	  0.123249	  0.285262
  0.008084	  0.038885	  0.137978	 -0.090200	  0.085937	  0.091035	  0.305692
 -0.000152	  0.036382	  0.121538	 -0.067774	  0.115426	  0.092492	  0.309937
  0.014925	  0.045600	  0.098637	 -0.027071	  0.128445	  0.111655	  0.319281
  0.005676	 -0.011036	  0.101139	 -0.021211	  0.125879	  0.111624	  0.289063
  0.002034	 -0.065802	  0.119416	 -0.018329	  0.131422	  0.104909	  0.240029
 -0.010098	 -0.094373	  0.076338	 -0.000084	  0.116662	  0.099556	  0.221531
 -0.029357	 -0.081292	  0.074849	 -0.019659	  0.110675	  0.110705	  0.208734
 -0.047063	 -0.051580	  0.082007	 -0.011360	  0.088281	  0.115298	  0.162108
 -0.080417	 -0.027000	  0.038866	  0.038402	  0.053691	  0.104307	  0.163312
 -0.059131	 -0.029471	 -0.007855	  0.051578	  0.041750	  0.086030	  0.120392
 -0.032461	 -0.034729	 -0.009978	  0.091141	  0.034338	  0.086790	  0.092105
 -0.007247	 -0.004986	 -0.003674	  0.071090	  0.024582	  0.092397	  0.061697
  0.003902	  0.021685	  0.000063	  0.045529	  0.042098	  0.091130	  0.038099
 -0.020203	  0.059062	 -0.005290	  0.084077	  0.037473	  0.077066	  0.037371
 -0.025999	  0.072841	 -0.008489	  0.117368	  0.083086	  0.055273	  0.010922
 -0.003193	  0.075311	  0.038295	  0.101752	  0.085430	  0.067595	  0.027044
 -0.000627	  0.060994	  0.027779	  0.115278	  0.058221	  0.082102	  0.068571
 -0.007976	  0.082565	  0.036363	  0.113820	  0.049257	  0.100569	  0.038923
 -0.029103	  0.069800	  0.073930	  0.084711	  0.059995	  0.101488	  0.019917
 -0.023275	  0.062451	  0.076242	  0.056932	  0.058157	  0.100854	  0.010858
 -0.038764	  0.061247	  0.076876	  0.046162	  0.034971	  0.091225	  0.024289
 -0.020678	  0.065809	  0.097212	  0.049456	  0.022143	  0.082166	  0.023877
 -0.007247	  0.043002	  0.099144	 -0.006831	  0.054356	  0.081057	 -0.010301
  0.033424	  0.049939	  0.101678	  0.003654	  0.090973	  0.064713	 -0.068077
  0.015844	  0.056464	  0.070129	  0.007867	  0.110707	  0.017548	 -0.122938
  0.010586	  0.037966	  0.071998	 -0.019596	  0.079190	  0.021001	 -0.133866
 -0.005093	  0.047659	  0.058061	 -0.017980	  0.081756	 -0.023883	 -0.187112
  0.000513	  0.036161	  0.056350	 -0.038696	  0.090751	 -0.022173	 -0.229684
  0.020659	 -0.003370	  0.027019	 -0.048864	  0.067185	 -0.052454	 -0.275835
 -0.003763	 -0.024498	 -0.000697	 -0.043637	  0.035066	 -0.066993	 -0.309569
 -0.032588	 -0.040620	 -0.029141	 -0.061978	  0.020781	 -0.126860	 -0.354421
 -0.043484	 -0.070585	 -0.006303	 -0.079684	  0.009948	 -0.135982	 -0.369024
 -0.066607	 -0.086233	  0.003263	 -0.057828	  0.045551	 -0.145611	 -0.444823
 -0.037307	 -0.076540	 -0.001520	 -0.047122	  0.057112	 -0.180296	 -0.496010
 -0.034140	 -0.041887	 -0.005955	 -0.070213	  0.034939	 -0.207822	 -0.496137
 -0.054317	 -0.021362	 -0.020589	 -0.123808	  0.028826	 -0.208645	 -0.501648
 -0.078960	 -0.024371	 -0.018974	 -0.118866	  0.007445	 -0.216152	 -0.508015
 -0.057263	 -0.009642	 -0.031422	 -0.079684	 -0.016945	 -0.224103	 -0.476245
 -0.027266	  0.040500	 -0.012765	 -0.108825	 -0.028791	 -0.197781	 -0.438614
  0.020595	  0.064066	 -0.028128	 -0.157764	 -0.005447	 -0.173897	 -0.415586
  0.017174	  0.058492	 -0.015394	 -0.179366	 -0.034683	 -0.187455	 -0.374218
  0.006975	  0.051935	 -0.028001	 -0.176959	 -0.054670	 -0.191572	 -0.357336
  0.000513	  0.047500	 -0.024073	 -0.184783	 -0.056032	 -0.200030	 -0.293541
 -0.007216	  0.040088	 -0.072885	 -0.171479	 -0.057141	 -0.229994	 -0.244666
 -0.027456	  0.014178	 -0.070858	 -0.135528	 -0.065598	 -0.216469	 -0.248246
 -0.043864	 -0.010846	 -0.053975	 -0.149496	 -0.071458	 -0.212668	 -0.270418
 -0.051973	 -0.026968	 -0.115520	 -0.125613	 -0.085807	 -0.183495	 -0.282772
 -0.071897	 -0.036059	 -0.148684	 -0.104961	 -0.092110	 -0.176685	 -0.294999
 -0.053398	 -0.028267	 -0.142571	 -0.119025	 -0.087232	 -0.187803	 -0.296582
 -0.029072	 -0.070364	 -0.113809	 -0.096725	 -0.112984	 -0.178300	 -0.275740
  0.008084	 -0.085188	 -0.115837	 -0.156370	 -0.104749	 -0.202690	 -0.284419
  0.001020	 -0.092283	 -0.125529	 -0.151397	 -0.139211	 -0.219003	 -0.297913
  0.002160	 -0.107962	 -0.109755	 -0.172398	 -0.150013	 -0.225687	 -0.345362
 -0.003415	 -0.099568	 -0.131738	 -0.150763	 -0.175385	 -0.256412	 -0.358286
 -0.004048	 -0.062571	 -0.136869	 -0.130523	 -0.186724	 -0.238420	 -0.354865
 -0.023718	 -0.063617	 -0.145326	 -0.134831	 -0.165280	 -0.242475	 -0.337190
 -0.017383	 -0.082844	 -0.148494	 -0.139740	 -0.148334	 -0.247257	 -0.353218
 -0.022895	 -0.067576	 -0.159390	 -0.167995	 -0.126161	 -0.249982	 -0.378843
 -0.034837	 -0.080405	 -0.173739	 -0.157669	 -0.115265	 -0.268163	 -0.386730
 -0.048995	 -0.102419	 -0.157236	 -0.162198	 -0.097273	 -0.284919	 -0.433325
 -0.023655	 -0.128963	 -0.097433	 -0.144872	 -0.100124	 -0.282639	 -0.470480
 -0.037276	 -0.108912	 -0.033512	 -0.143351	 -0.140954	 -0.257235	 -0.494838
 -0.040158	 -0.074291	 -0.026417	 -0.153804	 -0.121252	 -0.245262	 -0.525817
 -0.055014	 -0.087943	 -0.044345	 -0.146202	 -0.108898	 -0.224039	 -0.529776
 -0.083426	 -0.092283	 -0.021064	 -0.155958	 -0.126541	 -0.208043	 -0.546184
 -0.060145	 -0.090287	 -0.028508	 -0.140184	 -0.088024	 -0.208677	 -0.521065
 -0.058340	 -0.062635	 -0.036680	 -0.147533	 -0.087866	 -0.191256	 -0.516726
 -0.063471	 -0.043376	 -0.040608	 -0.134672	 -0.071363	 -0.182291	 -0.490340
 -0.050991	 -0.045467	 -0.016344	 -0.139455	 -0.051534	 -0.198351	 -0.420401
 -0.072625	 -0.026430	  0.019322	 -0.127989	 -0.044597	 -0.211813	 -0.379192
 -0.051403	 -0.015819	 -0.002692	 -0.112183	 -0.046118	 -0.192016	 -0.393224
 -0.079055	 -0.034887	 -0.042413	 -0.092322	 -0.061924	 -0.177477	 -0.376562
 -0.048330	 -0.025321	 -0.022299	 -0.118898	 -0.048208	 -0.131453	 -0.319895
 -0.043896	 -0.018828	  0.020716	 -0.149845	 -0.050964	 -0.132656	 -0.281061
 -0.024320	 -0.014298	 -0.006874	 -0.135147	 -0.036742	 -0.160024	 -0.242798
 -0.040253	 -0.021045	  0.003738	 -0.094825	 -0.026036	 -0.153847	 -0.259427
 -0.049534	 -0.052150	  0.036142	 -0.121274	 -0.013524	 -0.149634	 -0.281251
 -0.059797	 -0.031878	  0.052074	 -0.090644	  0.021509	 -0.139688	 -0.276278
 -0.072625	 -0.033620	  0.032879	 -0.090295	 -0.012827	 -0.129552	 -0.247200
 -0.087259	 -0.050852	  0.028033	 -0.086146	 -0.043330	 -0.128823	 -0.223602
 -0.080037	 -0.033652	  0.028508	 -0.086304	 -0.063159	 -0.134113	 -0.194303
 -0.048837	 -0.036471	 -0.011878	 -0.097739	 -0.076874	 -0.077193	 -0.185180
 -0.042945	 -0.065391	 -0.008964	 -0.127419	 -0.094359	 -0.108583	 -0.185370
 -0.067082	 -0.072042	  0.023281	 -0.130428	 -0.084286	 -0.126321	 -0.172763
 -0.077028	 -0.064187	  0.044282	 -0.138252	 -0.078648	 -0.097497	 -0.151256
 -0.073290	 -0.021932	  0.025942	 -0.164004	 -0.079947	 -0.110230	 -0.116857
 -0.085200	  0.012309	  0.008742	 -0.160646	 -0.057267	 -0.123439	 -0.112169
 -0.087323	 -0.014362	 -0.008489	 -0.189186	 -0.061765	 -0.092904	 -0.084738
 -0.035787	 -0.034254	 -0.016661	 -0.160139	 -0.065250	 -0.078396	 -0.086480
 -0.032144	 -0.026905	 -0.033893	 -0.152886	 -0.096830	 -0.073360	 -0.092086
 -0.034963	 -0.027127	 -0.041495	 -0.132043	 -0.085078	 -0.059011	 -0.058194
 -0.026379	 -0.053132	 -0.003959	 -0.120228	 -0.102658	 -0.078080	 -0.060316
 -0.010510	 -0.025068	 -0.031200	 -0.075978	 -0.099301	 -0.096071	 -0.033772
  0.029528	 -0.004004	 -0.025847	 -0.077498	 -0.082639	 -0.136236	 -0.049451
  0.030066	 -0.001818	  0.004530	 -0.083833	 -0.049855	 -0.134367	 -0.025948
  0.059714	 -0.010972	  0.023091	 -0.057480	 -0.036488	 -0.125561	 -0.015115
  0.087620	 -0.011828	 -0.019259	 -0.038379	 -0.056190	 -0.114855	 -0.012613
  0.076502	 -0.025226	 -0.034368	 -0.045380	 -0.079123	 -0.145041	 -0.016541
  0.049388	 -0.030864	 -0.009344	 -0.073571	 -0.081056	 -0.141905	 -0.006310
  0.050307	 -0.028774	 -0.012924	 -0.076010	 -0.057014	 -0.144408	 -0.001844
  0.063199	 -0.046195	 -0.031580	 -0.046393	 -0.030977	 -0.112194	  0.025492
  0.006817	 -0.060576	 -0.018213	 -0.078702	 -0.022995	 -0.063667	  0.078675
  0.007830	 -0.060196	 -0.031960	 -0.134672	 -0.012859	 -0.073423	  0.104934
 -0.020012	 -0.084079	 -0.011942	 -0.138885	  0.019482	 -0.047861	  0.110762
 -0.018809	 -0.081133	 -0.007729	 -0.120894	  0.017676	 -0.017041	  0.125175
 -0.035438	 -0.085409	 -0.026386	 -0.076390	  0.029016	 -0.008869	  0.109273
 -0.026918	 -0.089052	 -0.037789	 -0.049466	  0.029555	  0.002312	  0.124414
 -0.054855	 -0.081355	 -0.032721	 -0.071290	  0.040704	 -0.003294	  0.122450
 -0.069078	 -0.070395	  0.006367	 -0.062896	  0.069466	 -0.016471	  0.120233
 -0.084852	 -0.009199	  0.050712	 -0.088300	  0.078271	 -0.037915	  0.134867
 -0.101766	 -0.013855	  0.066803	 -0.078385	  0.069497	 -0.012132	  0.118364
 -0.082730	 -0.025955	  0.063002	 -0.104866	  0.098005	 -0.011181	  0.104015
 -0.056724	 -0.002547	  0.020082	 -0.102554	  0.043523	  0.002249	  0.087196
 -0.022325	  0.013196	 -0.016566	 -0.059348	  0.048496	  0.004308	  0.078675
 -0.002623	 -0.020697	 -0.061102	 -0.025393	  0.042478	  0.047228	  0.075888
  0.013437	 -0.025163	 -0.034083	 -0.001509	  0.018500	  0.056540	  0.044846
  0.032093	 -0.036534	  0.018657	  0.003400	  0.029365	  0.075862	  0.034330
  0.032980	 -0.049775	  0.031169	 -0.000021	  0.042763	  0.052201	  0.039873
  0.039600	 -0.055381	  0.023155	 -0.013926	  0.060121	  0.053816	  0.026062
  0.027184	 -0.072549	  0.014381	 -0.015288	  0.075040	  0.065536	  0.035882
  0.034849	 -0.084554	  0.025404	  0.008183	  0.121508	  0.068735	  0.054349
  0.024301	 -0.068083	  0.047165	  0.009102	  0.099715	  0.065378	  0.066385
 -0.018388	 -0.042819	  0.034913	 -0.012627	  0.059684	  0.036962	 -0.017558
  0.019211	 -0.014089	  0.028514	  0.036564	  0.088604	  0.018907	 -0.015404
  0.038818	 -0.014216	 -0.000184	  0.049044	  0.045114	 -0.018311	 -0.018413
  0.087503	 -0.019157	  0.008654	  0.015722	  0.026298	 -0.029715	  0.026598
  0.086299	 -0.035818	 -0.008926	 -0.023239	  0.007420	 -0.027276	  0.084374
  0.068941	 -0.039208	 -0.042249	 -0.030017	  0.013597	 -0.020687	  0.062011
  0.059692	 -0.043674	 -0.027995	  0.001722	 -0.001449	 -0.007257	  0.062011
  0.017406	 -0.041140	 -0.010351	 -0.006261	  0.017936	  0.011875	  0.134009
  0.035746	 -0.034393	 -0.015515	  0.004287	 -0.002019	 -0.080617	 -0.112013
  0.023741	  0.002319	  0.014070	  0.015722	 -0.009748	 -0.000383	  0.127737
  0.004957	  0.000576	  0.000672	  0.046796	 -0.018902	  0.038261	  0.171702
 -0.028365	  0.018441	  0.008274	  0.025890	 -0.060365	 -0.079857	 -0.314102
 -0.029696	  0.023383	  0.007292	  0.006505	  0.017936	  0.134870	  0.302236
 -0.064000	  0.041944	 -0.020678	 -0.023967	 -0.024952	  0.042157	 -0.057057
 -0.050760	  0.037130	 -0.025841	 -0.069421	 -0.076425	 -0.045901	 -0.296174
 -0.061086	  0.013468	 -0.004872	  0.001436	 -0.042627	  0.116309	  0.342496
 -0.073281	  0.043908	  0.010237	 -0.020293	 -0.036609	 -0.081504	 -0.253095
 -0.042999	  0.059429	  0.008749	  0.018161	 -0.006359	 -0.063385	 -0.149992
 -0.044741	  0.040963	  0.015242	  0.009609	  0.045969	  0.120141	  0.327006
 -0.028999	  0.002952	  0.019993	 -0.045633	 -0.043102	 -0.064589	 -0.406372
 -0.031279	 -0.006044	  0.017745	 -0.034737	 -0.027328	  0.088434	  0.035974
 -0.003754	 -0.026062	  0.038682	 -0.058113	 -0.016337	  0.126413	  0.190201
 -0.007903	 -0.043294	  0.055628	 -0.077213	 -0.050419	 -0.094902	 -0.409508
 -0.031058	 -0.030592	  0.047108	 -0.034325	  0.043720	  0.123309	  0.234293
 -0.011546	 -0.026443	  0.038745	 -0.069104	  0.035294	  0.034523	 -0.012426
  0.019813	 -0.012727	  0.011948	 -0.096789	  0.024303	 -0.081219	 -0.355216
  0.027383	  0.023668	  0.029401	 -0.074711	  0.097695	  0.156283	  0.342717
 -0.002043	  0.039220	  0.022116	 -0.032013	  0.055883	 -0.033009	 -0.109068
  0.007903	  0.089838	  0.044859	 -0.031506	  0.052399	 -0.039502	 -0.154870
  0.006224	  0.100354	  0.048755	 -0.008256	  0.134628	  0.134554	  0.421811
  0.019021	  0.073240	  0.052872	 -0.003917	  0.082966	 -0.086477	 -0.283884
  0.015537	  0.074823	  0.022306	  0.019016	  0.148692	 -0.007257	 -0.010462
 -0.017152	  0.093258	  0.049863	  0.046922	  0.155375	  0.065565	  0.292005
 -0.010279	  0.098263	  0.055058	  0.022089	  0.049010	 -0.150841	 -0.391041
 -0.015917	  0.076344	  0.061900	  0.049488	  0.088192	  0.040636	  0.202934
 -0.015062	  0.023668	  0.078529	  0.058959	  0.086703	  0.088086	  0.162865
 -0.018356	 -0.011492	  0.049293	  0.008595	 -0.018807	 -0.065888	 -0.352999
 -0.053357	  0.006056	  0.058511	  0.009894	  0.032570	  0.120585	  0.349496
 -0.070335	  0.001527	  0.073335	 -0.000496	  0.020122	  0.009943	 -0.026047
 -0.069670	 -0.031194	  0.052619	  0.016704	  0.003682	 -0.061865	 -0.236561
 -0.030868	 -0.040633	  0.062027	  0.035582	  0.073020	  0.158690	  0.395995
 -0.021302	 -0.054729	  0.041659	  0.012079	  0.030068	 -0.051064	 -0.213723
  0.016804	 -0.059036	  0.034501	 -0.010885	  0.061965	  0.028821	 -0.089176
  0.010975	 -0.094038	  0.044669	  0.008722	  0.081794	  0.191347	  0.375438
  0.004165	 -0.108450	  0.008780	  0.014423	 -0.027360	 -0.049892	 -0.379100
 -0.065394	 -0.104332	  0.012962	  0.017654	 -0.030971	  0.093122	  0.046933
 -0.058837	 -0.051118	  0.036465	  0.047809	 -0.027645	  0.095498	  0.186241
 -0.028650	 -0.077820	  0.041469	  0.001595	 -0.081303	 -0.123347	 -0.399942
  0.005559	 -0.033189	  0.051320	 -0.005152	  0.017841	  0.087294	  0.252031
  0.022442	 -0.013867	  0.049895	 -0.007559	  0.008845	  0.046528	  0.025648
 -0.032578	 -0.022863	  0.034057	 -0.044619	 -0.021436	 -0.090880	 -0.334406
 -0.022917	 -0.031035	  0.018125	 -0.014623	  0.044860	  0.132051	  0.371479
 -0.036284	 -0.018334	  0.025347	 -0.011740	  0.011348	 -0.076594	 -0.149517
 -0.033275	 -0.020899	  0.001400	 -0.025266	  0.016036	 -0.099780	 -0.220280
 -0.042081	  0.005011	 -0.008451	 -0.024030	  0.050118	  0.082638	  0.370022
 -0.078571	 -0.019822	 -0.004935	 -0.023809	  0.003397	 -0.118659	 -0.276567
 -0.060104	 -0.007532	 -0.022261	  0.005586	  0.033077	 -0.039471	  0.005154
 -0.049271	  0.003617	  0.005106	  0.028741	  0.052145	  0.052800	  0.294539
 -0.035239	 -0.003320	  0.021482	 -0.013134	 -0.008069	 -0.168231	 -0.386195
 -0.045121	  0.016858	  0.056578	  0.005206	  0.040141	  0.012065	  0.196251
 -0.021967	  0.019518	  0.031587	  0.040904	  0.077739	  0.009088	  0.143258
  0.014111	  0.025727	  0.010934	  0.009989	  0.030733	 -0.127116	 -0.384041
  0.054656	  0.045460	  0.001939	  0.037230	  0.134375	  0.083113	  0.288964
  0.033940	  0.044067	 -0.026728	  0.018541	  0.067730	 -0.014130	 -0.068872
  0.022600	  0.046727	  0.010491	 -0.007179	  0.018380	 -0.103328	 -0.251543
  0.014206	  0.081887	  0.022971	 -0.031506	  0.077802	  0.084190	  0.417439
  0.009708	  0.065733	  0.038207	 -0.022003	  0.043973	 -0.096835	 -0.203808
  0.002613	  0.048565	  0.065321	 -0.046805	  0.041376	 -0.054073	 -0.132476
 -0.032958	  0.047994	  0.104281	 -0.004138	  0.074128	  0.092837	  0.336287
 -0.031279	  0.068837	  0.070135	 -0.042370	  0.014547	 -0.118596	 -0.371529
 -0.021618	  0.049927	  0.048153	  0.009134	  0.029213	  0.072565	  0.048200
 -0.015442	  0.019233	  0.039981	  0.001785	  0.043657	  0.129327	  0.192291
 -0.032736	  0.003776	  0.037573	 -0.020451	 -0.019884	 -0.048308	 -0.392878
 -0.026591	 -0.003573	  0.025062	  0.011478	  0.040837	  0.143106	  0.278005
 -0.027130	 -0.021945	  0.019708	  0.026238	  0.005931	  0.113078	  0.098659
 -0.006826	 -0.034013	  0.029908	  0.041854	 -0.033536	 -0.021416	 -0.282933
  0.013731	 -0.042217	  0.060284	  0.105807	  0.061806	  0.207312	  0.357763
 -0.003500	 -0.086626	  0.053221	  0.063362	  0.011823	  0.024894	 -0.184328
 -0.031628	 -0.083490	  0.053981	  0.052022	 -0.002716	  0.026921	 -0.239063
 -0.027700	 -0.088368	  0.066398	  0.060669	  0.057562	  0.214882	  0.343668
 -0.005179	 -0.049375	  0.033392	  0.038940	  0.013438	  0.029645	 -0.304061
 -0.010405	 -0.037592	  0.019138	  0.042424	  0.006121	  0.089796	 -0.008625
  0.004387	 -0.015958	  0.011980	  0.029342	  0.040299	  0.184252	  0.301508
  0.009994	 -0.011555	 -0.016750	 -0.015288	 -0.023305	 -0.073205	 -0.371909
  0.034289	  0.010871	  0.008780	 -0.039678	  0.013280	  0.086375	  0.228148
  0.044836	 -0.011238	  0.013658	 -0.074363	 -0.023939	  0.094738	  0.200939
  0.066376	 -0.028787	 -0.011238	 -0.076675	 -0.070945	 -0.022049	 -0.348976
  0.053642	 -0.021089	 -0.010700	 -0.052538	  0.007547	  0.196099	  0.323712
  0.045217	 -0.004840	  0.038302	 -0.061186	  0.012140	  0.080864	 -0.071976
 -0.019560	  0.010649	 -0.030244	 -0.045791	 -0.000309	  0.010671	 -0.280209
 -0.061118	 -0.026569	 -0.045258	  0.006536	  0.052241	  0.187768	  0.385384
 -0.084399	  0.006436	 -0.095748	 -0.023397	  0.007832	 -0.010931	 -0.247077
 -0.074833	  0.006658	 -0.079499	 -0.042339	  0.043150	  0.017197	 -0.121959
 -0.064633	  0.010934	 -0.046525	 -0.041040	  0.123067	  0.154572	  0.315128
 -0.069068	 -0.012379	 -0.050928	 -0.065462	  0.045430	 -0.072065	 -0.370579
 -0.079743	 -0.003478	 -0.022832	 -0.040153	  0.075554	  0.098222	  0.091564
 -0.066091	 -0.007849	 -0.048489	 -0.034578	  0.103364	  0.130436	  0.193622
 -0.056715	 -0.006044	 -0.034900	 -0.038823	  0.064562	 -0.083309	 -0.395793
 -0.041225	  0.030446	 -0.013234	  0.007613	  0.151258	  0.104430	  0.256529
 -0.045692	  0.057497	  0.017808	 -0.018392	  0.127881	  0.021473	  0.041073
 -0.026623	  0.032157	  0.044130	 -0.055009	  0.068110	 -0.075675	 -0.341976
  0.009550	  0.015179	  0.033265	 -0.031918	  0.112265	  0.116594	  0.330459
  0.019306	  0.019962	  0.019550	 -0.032266	  0.058164	 -0.028891	 -0.165766
  0.011197	  0.014324	 -0.001609	 -0.016650	  0.023669	 -0.063544	 -0.193799
  0.000016	  0.052967	 -0.015198	 -0.019406	  0.087717	  0.110924	  0.371193
 -0.036886	  0.016002	 -0.040760	 -0.008795	  0.024936	 -0.071463	 -0.324872
 -0.059312	 -0.007817	 -0.019379	 -0.011550	  0.073653	  0.028346	 -0.016259
 -0.051868	  0.017649	 -0.045606	 -0.029827	  0.113849	  0.119381	  0.261122
 -0.027985	  0.012676	 -0.080924	 -0.053077	 -0.008196	 -0.152615	 -0.405010
 -0.036316	 -0.001356	 -0.062046	  0.003590	  0.069123	  0.029170	  0.115415
 -0.036569	 -0.006360	 -0.032429	 -0.012026	  0.079640	  0.008771	  0.057576
  0.008885	  0.008147	 -0.044909	 -0.081141	  0.001782	 -0.126356	 -0.497122
  0.036031	 -0.002686	 -0.019569	 -0.059032	  0.072259	  0.075669	  0.229668
 -0.007871	 -0.031321	 -0.048679	 -0.078005	  0.079893	 -0.042955	 -0.118602
 -0.044425	 -0.026411	 -0.026949	 -0.094318	  0.037702	 -0.104278	 -0.341343
 -0.019243	  0.006468	 -0.025429	 -0.058367	  0.083346	  0.117481	  0.279177
 -0.017216	 -0.001197	 -0.039271	 -0.075440	  0.054743	 -0.019072	 -0.235072
  0.033497	  0.002287	 -0.027995	 -0.080793	  0.038747	  0.017957	 -0.104855
  0.020225	  0.044890	 -0.011017	 -0.032393	  0.036593	  0.059071	  0.129479
  0.006161	  0.037795	 -0.027995	 -0.048769	 -0.060967	 -0.044950	 -0.101972
  0.008030	 -0.001894	 -0.035248	 -0.051715	 -0.046016	  0.000314	  0.013548
 -0.025419	 -0.033918	 -0.058055	 -0.040850	 -0.049216	  0.018305	  0.012661
 -0.048542	 -0.038543	 -0.084820	  0.000740	 -0.086276	  0.007472	 -0.032477
 -0.051583	 -0.025936	 -0.062774	  0.002260	 -0.092991	  0.038514	 -0.025033
 -0.033180	 -0.025492	 -0.063756	 -0.001921	 -0.090679	  0.026572	 -0.023703
 -0.025388	 -0.017637	 -0.060842	  0.020157	 -0.082823	  0.075764	 -0.014897
 -0.015093	 -0.009528	 -0.057864	  0.055823	 -0.090837	  0.062017	 -0.006851
 -0.026433	  0.025030	 -0.054539	  0.064502	 -0.099928	  0.021568	 -0.038495
 -0.025578	  0.039505	 -0.047475	  0.060036	 -0.078262	  0.018369	 -0.083442
 -0.075023	  0.046696	 -0.017668	  0.068081	 -0.034677	 -0.032850	 -0.046319
 -0.073217	  0.053411	  0.011758	  0.053669	  0.006343	 -0.046408	 -0.024241
 -0.099571	  0.078244	 -0.024542	  0.048854	  0.015751	 -0.015999	  0.008701
 -0.052755	  0.063325	 -0.026062	  0.044610	 -0.004870	  0.022391	  0.005122
 -0.064665	  0.056483	 -0.055077	  0.039954	  0.041598	  0.025274	  0.039205
 -0.030836	  0.053253	 -0.019696	  0.033365	  0.048598	  0.045546	  0.048485
 -0.017057	  0.005740	 -0.011904	  0.022754	  0.052684	  0.051216	  0.071133
 -0.032768	 -0.027266	 -0.022705	  0.009925	  0.083377	  0.016563	  0.082853
 -0.027763	 -0.044783	 -0.026601	 -0.020483	  0.101084	 -0.004121	  0.066192
 -0.028239	 -0.025112	 -0.011428	 -0.016872	  0.060381	 -0.018216	  0.083930
 -0.034890	 -0.009718	  0.011600	  0.003780	  0.078753	 -0.030158	  0.074554
 -0.016645	 -0.001324	  0.012993	 -0.018329	  0.090884	 -0.032882	  0.085894
 -0.026496	 -0.016782	  0.014260	 -0.101160	  0.110903	 -0.021479	  0.047947
 -0.016962	  0.012233	 -0.013424	 -0.101128	  0.087780	 -0.022524	  0.044906
  0.003817	  0.012138	 -0.003731	 -0.081838	  0.034281	 -0.003614	  0.053142
 -0.014238	  0.029654	 -0.017225	 -0.112151	  0.042104	 -0.025343	  0.071957
 -0.042999	  0.055501	 -0.053905	 -0.079304	  0.038937	 -0.028764	  0.090962
 -0.047149	  0.033487	 -0.040760	 -0.071068	  0.024145	 -0.005641	  0.087985
 -0.064317	  0.024776	 -0.018650	 -0.056276	  0.036910	  0.006427	  0.045856
 -0.059755	  0.000133	 -0.052986	 -0.005785	  0.058069	 -0.013148	  0.030557
 -0.032610	 -0.009021	 -0.074051	  0.008152	  0.092278	 -0.007320	 -0.003367
 -0.055574	 -0.048140	 -0.069014	 -0.018424	  0.069979	  0.022233	  0.022955
 -0.062860	 -0.072150	 -0.071738	 -0.005722	  0.046476	 -0.029525	  0.059350
 -0.053547	 -0.065783	 -0.070598	 -0.017885	  0.030290	 -0.041054	  0.027643
 -0.067453	 -0.069743	 -0.052353	 -0.021940	  0.048788	 -0.038330	  0.015100
 -0.071222	 -0.042407	 -0.043547	 -0.032139	  0.043276	 -0.036050	  0.019376
 -0.073281	 -0.041362	 -0.019632	 -0.002111	  0.009542	 -0.020687	  0.023304
 -0.077810	 -0.070661	 -0.006044	  0.031908	 -0.013898	  0.013269	 -0.015435
 -0.067009	 -0.077281	  0.056103	  0.022152	  0.020027	  0.026002	 -0.049423
 -0.033750	 -0.064548	  0.076692	 -0.016428	  0.003587	  0.051311	 -0.058704
 -0.003532	 -0.063851	  0.047931	 -0.017220	 -0.004332	  0.027776	 -0.056740
 -0.019464	 -0.061792	  0.039442	 -0.047122	  0.000008	  0.024070	 -0.032888
 -0.049113	 -0.045289	  0.028197	 -0.029225	  0.004633	 -0.021321	 -0.049898
 -0.037995	 -0.010447	  0.000703	  0.000581	 -0.013581	  0.007789	 -0.063455
 -0.067072	 -0.014058	  0.012138	 -0.019469	 -0.013612	  0.017197	 -0.061840
 -0.071634	 -0.002686	  0.038872	 -0.006451	 -0.019219	  0.011558	 -0.057152
 -0.071380	 -0.008989	  0.034216	 -0.009935	 -0.000309	 -0.027212	 -0.048346
 -0.075340	 -0.006044	  0.014038	 -0.025361	 -0.009368	 -0.014320	 -0.047427
 -0.042809	 -0.019221	  0.027501	 -0.041737	  0.011126	 -0.015239	 -0.070455
 -0.050411	 -0.030940	  0.048311	 -0.033090	  0.005488	 -0.035194	 -0.090886
 -0.091621	 -0.039968	  0.035578	  0.002545	  0.012140	 -0.026009	 -0.064976
 -0.097259	 -0.042375	  0.012613	  0.002323	  0.053222	 -0.034466	 -0.056708
 -0.096119	 -0.057421	 -0.035945	  0.018953	  0.072354	 -0.029936	 -0.026332
 -0.073154	 -0.050611	 -0.041552	  0.037420	  0.099373	 -0.036937	 -0.009544
 -0.121174	 -0.052353	 -0.018809	  0.028139	  0.152968	 -0.051792	 -0.005363
 -0.129663	 -0.028977	 -0.015895	 -0.007876	  0.115211	 -0.045331	  0.007054
 -0.123645	 -0.045764	 -0.014089	  0.002608	  0.095002	 -0.038679	  0.018172
 -0.108124	 -0.055077	  0.001083	  0.022215	  0.062345	 -0.041276	  0.026534
 -0.114079	 -0.047443	 -0.023528	  0.021962	  0.063295	 -0.035860	  0.030969
 -0.094282	 -0.007786	 -0.016497	  0.004826	  0.048344	 -0.060440	  0.023304
 -0.087598	 -0.010193	 -0.025176	 -0.004392	  0.004316	 -0.051000	  0.061092
 -0.075783	  0.005454	  0.027532	 -0.039583	  0.011063	 -0.048055	  0.029512
 -0.077145	  0.002445	  0.020184	 -0.052633	  0.027502	 -0.025597	  0.028498
 -0.075973	 -0.024067	  0.039854	 -0.064448	  0.044892	 -0.020085	  0.046775
 -0.038248	 -0.042755	  0.044098	 -0.056371	  0.031462	 -0.020529	  0.033218
 -0.026085	 -0.067494	  0.073715	 -0.051430	  0.003207	 -0.025217	  0.018679
 -0.024913	 -0.039715	  0.097250	 -0.017854	 -0.002653	 -0.002062	  0.003665
 -0.019021	 -0.022325	  0.085973	 -0.029510	 -0.010001	 -0.023094	 -0.015657
 -0.008283	 -0.006709	  0.052556	 -0.064892	 -0.009178	 -0.033927	 -0.059781
 -0.011609	  0.001812	 -0.019442	 -0.053774	 -0.016146	  0.001137	 -0.039192
 -0.018831	  0.007830	 -0.026854	 -0.036669	 -0.024667	 -0.076056	 -0.049106
 -0.018989	  0.040772	 -0.022895	 -0.028338	 -0.018807	 -0.124487	 -0.019173
 -0.044741	  0.025568	 -0.013424	 -0.009808	 -0.021848	 -0.108745	 -0.013250
 -0.034225	  0.011188	 -0.028565	  0.003432	 -0.015513	 -0.132374	 -0.037798
 -0.043854	  0.025948	 -0.039144	 -0.003442	 -0.021848	 -0.102219	 -0.002480
 -0.035587	  0.036591	 -0.051688	 -0.017727	 -0.021626	 -0.091925	 -0.011793
 -0.044013	  0.034976	 -0.028216	  0.000835	 -0.024826	 -0.064843	 -0.039319
 -0.050380	  0.092277	 -0.002211	  0.004224	 -0.032744	 -0.045647	 -0.035834
 -0.050728	  0.087240	  0.034849	 -0.020736	 -0.077185	 -0.010456	 -0.019046
 -0.051108	  0.020500	  0.063737	 -0.040407	 -0.078579	  0.038989	 -0.034884
 -0.076100	  0.041659	  0.028704	 -0.078639	 -0.024224	  0.013205	 -0.016512
 -0.085793	  0.044637	  0.025030	 -0.124695	  0.012456	  0.004811	 -0.021010
 -0.096372	  0.017618	 -0.000754	 -0.087286	  0.010524	  0.034016	 -0.052971
 -0.066122	 -0.003415	 -0.012220	 -0.074743	  0.017176	  0.051121	 -0.065672
 -0.092064	  0.005106	 -0.016370	 -0.074077	  0.011411	  0.066832	 -0.065767
 -0.097322	 -0.010383	 -0.001704	 -0.050574	  0.014927	  0.091507	 -0.045844
 -0.099476	  0.011980	 -0.045543	 -0.042402	 -0.019472	  0.097937	 -0.047491
 -0.059027	 -0.008198	 -0.003193	 -0.050068	  0.000198	  0.091285	 -0.021517
 -0.085476	 -0.028058	  0.009065	 -0.093178	  0.014103	  0.080579	 -0.029943
 -0.061022	 -0.054158	  0.034184	 -0.095395	  0.012425	  0.065470	 -0.041631
 -0.038311	 -0.053113	  0.043782	 -0.130966	  0.012425	  0.045356	  0.003538
 -0.045787	 -0.073956	  0.074158	 -0.134102	  0.007515	  0.040795	 -0.007548
 -0.039832	 -0.064104	  0.068330	 -0.107970	  0.012615	  0.044564	 -0.037228
 -0.010469	 -0.058213	  0.051447	 -0.070498	  0.041059	  0.022581	 -0.035518
