:RUN-4	LEVEL SWEEP	TEMP:NaN	8/27/2019	6:44 PM	HR:-636.36:SW EAR: R	SW FREQ: 16.00	# AVERAGES: 512	REP RATE (/sec): 80	DRIVER: 	SAMPLE (µsec): 40	MASKER dB: 2147483647:NOTES-:CHAMBER-SEWELL-PXI1:CFTS Version: V2.7.2 (R850):LEVELS:20;30;40;50;60;70;80;:DATA  0.000242	 -0.059200	  0.087066	 -0.018826	 -0.050388	 -0.037562	 -0.019016
 -0.001405	 -0.071838	  0.045983	 -0.038433	 -0.030210	 -0.021313	 -0.021930
  0.050859	 -0.080802	  0.059540	 -0.042044	 -0.016432	  0.003457	 -0.040175
  0.018487	 -0.063602	  0.073509	 -0.039098	 -0.026441	 -0.004715	 -0.086231
  0.008636	 -0.031547	  0.068377	 -0.064439	 -0.035595	 -0.045703	 -0.066656
  0.036574	  0.042858	  0.044779	 -0.033017	 -0.014278	 -0.073482	 -0.069412
  0.026628	  0.043967	  0.049721	 -0.031085	 -0.016527	 -0.089921	 -0.103874
  0.008921	  0.055845	  0.019407	 -0.018890	 -0.024287	 -0.053780	 -0.124432
 -0.009577	  0.023283	 -0.012014	  0.001129	 -0.043292	 -0.067939	 -0.121708
 -0.009355	  0.015839	 -0.020282	 -0.001912	 -0.003825	 -0.048585	 -0.129405
 -0.040809	  0.004119	 -0.009829	  0.010695	  0.020914	 -0.072817	 -0.135106
 -0.051388	  0.010835	 -0.009512	 -0.000645	  0.001845	 -0.059165	 -0.116133
 -0.014107	  0.004690	 -0.025065	  0.015383	 -0.002684	 -0.072975	 -0.082937
 -0.023673	 -0.000093	 -0.035644	  0.086526	 -0.005757	 -0.028693	 -0.025921
 -0.043850	 -0.009596	 -0.071754	  0.066159	  0.027122	  0.015526	  0.023587
 -0.019016	 -0.004021	 -0.101814	  0.030936	  0.013628	  0.061328	  0.112595
 -0.003020	 -0.007727	 -0.075555	  0.009175	  0.016131	  0.080840	  0.201000
  0.033375	  0.018563	 -0.048568	  0.020103	  0.042643	  0.142132	  0.233879
  0.024696	  0.053121	 -0.023449	  0.018012	  0.058386	  0.184197	  0.260898
  0.007781	  0.055307	 -0.014897	  0.030271	  0.089047	  0.189170	  0.310977
 -0.018636	  0.042351	 -0.004349	  0.041420	  0.104030	  0.205578	  0.346200
 -0.006188	  0.049700	  0.028973	  0.069390	  0.101591	  0.222112	  0.367486
  0.007528	  0.023821	  0.025457	  0.116681	  0.109319	  0.196898	  0.340467
  0.033977	  0.031265	  0.038033	  0.117251	  0.127818	  0.189391	  0.338186
  0.021908	  0.054166	  0.030050	  0.094001	  0.127026	  0.179667	  0.303185
  0.008763	  0.057904	  0.027073	  0.095712	  0.133678	  0.144476	  0.362354
 -0.003844	  0.028763	  0.042879	  0.094571	  0.153792	  0.133104	  0.394663
 -0.025573	  0.020020	  0.066509	  0.052063	  0.147298	  0.147453	  0.473852
 -0.034696	  0.030885	  0.077500	  0.047217	  0.153348	  0.173364	  0.510595
 -0.039764	  0.030917	  0.092989	  0.066982	  0.202160	  0.224709	  0.557316
 -0.026808	  0.045076	  0.079781	  0.071670	  0.204187	  0.286413	  0.632830
 -0.040334	  0.069877	  0.065907	  0.110029	  0.221925	  0.340134	  0.679773
 -0.073213	  0.075389	  0.099261	  0.142306	  0.284959	  0.389421	  0.704670
 -0.076159	  0.082262	  0.084849	  0.163148	  0.319390	  0.400571	  0.717023
 -0.080435	  0.077511	  0.107401	  0.168185	  0.333169	  0.381502	  0.668180
 -0.034157	  0.086475	  0.146647	  0.191308	  0.313847	  0.337347	  0.595041
 -0.014898	  0.049668	  0.181458	  0.192543	  0.272954	  0.268200	  0.470241
  0.018076	  0.093792	  0.167775	  0.180475	  0.254646	  0.164716	  0.288614
  0.038728	  0.099779	  0.155516	  0.144808	  0.167444	  0.045364	  0.062484
  0.064860	  0.130852	  0.159254	  0.118486	  0.073526	 -0.098442	 -0.131052
  0.066127	  0.137631	  0.147344	  0.084657	 -0.009305	 -0.263597	 -0.299153
  0.045506	  0.140545	  0.116176	  0.047248	 -0.089063	 -0.404806	 -0.420057
  0.047565	  0.103517	  0.072685	 -0.053922	 -0.179021	 -0.473129	 -0.532378
  0.048927	  0.096168	  0.038729	 -0.123545	 -0.265685	 -0.532141	 -0.631870
  0.028307	  0.050872	 -0.013567	 -0.195923	 -0.320926	 -0.567585	 -0.680967
 -0.033334	  0.029175	 -0.088479	 -0.262980	 -0.406545	 -0.568029	 -0.667220
 -0.032637	  0.005355	 -0.118380	 -0.293324	 -0.441102	 -0.513927	 -0.687397
 -0.063298	 -0.015298	 -0.143404	 -0.323891	 -0.422129	 -0.471071	 -0.654803
 -0.073941	 -0.022931	 -0.131715	 -0.320249	 -0.360520	 -0.467048	 -0.552745
 -0.067701	 -0.024895	 -0.105298	 -0.288351	 -0.304043	 -0.437368	 -0.424745
 -0.079706	 -0.064331	 -0.104823	 -0.273496	 -0.246869	 -0.324382	 -0.270075
 -0.096811	 -0.077920	 -0.100642	 -0.234915	 -0.190931	 -0.211270	 -0.091869
 -0.094499	 -0.091223	 -0.089397	 -0.175017	 -0.111394	 -0.058468	  0.114273
 -0.095607	 -0.067182	 -0.084614	 -0.125699	 -0.064135	  0.033929	  0.342557
 -0.069792	 -0.039086	 -0.038653	 -0.033017	  0.000863	  0.132154	  0.547813
 -0.074226	  0.010296	  0.000212	  0.058620	  0.057910	  0.233515	  0.705050
 -0.041696	  0.036903	  0.011172	  0.125265	  0.145018	  0.343333	  0.760386
 -0.031243	  0.082738	  0.038698	  0.163845	  0.223794	  0.466836	  0.794216
 -0.024116	  0.105734	  0.094225	  0.193113	  0.310521	  0.530091	  0.729535
  0.003473	  0.107603	  0.122732	  0.221716	  0.359523	  0.547956	  0.610531
  0.005817	  0.152708	  0.155960	  0.223648	  0.406212	  0.487519	  0.460801
  0.000749	  0.122870	  0.171132	  0.237490	  0.403868	  0.447989	  0.250541
 -0.003210	  0.133576	  0.163942	  0.243445	  0.348880	  0.361452	  0.104327
 -0.047936	  0.151220	  0.158114	  0.252505	  0.304756	  0.232216	 -0.035804
 -0.033397	  0.133703	  0.169517	  0.238726	  0.239347	  0.051097	 -0.132319
 -0.003210	  0.153215	  0.141421	  0.241038	  0.111062	 -0.072278	 -0.208276
  0.018424	  0.119956	  0.126660	  0.200684	 -0.021088	 -0.160399	 -0.252463
  0.035465	  0.084796	  0.135656	  0.111454	 -0.087353	 -0.171232	 -0.235739
  0.021116	  0.049257	  0.138222	  0.045981	 -0.118363	 -0.201387	 -0.196588
 -0.035709	  0.045044	  0.088998	  0.050384	 -0.171862	 -0.162648	 -0.171913
 -0.026682	  0.024075	  0.099831	  0.058842	 -0.217095	 -0.142059	 -0.148283
 -0.019301	  0.006400	  0.066984	  0.007686	 -0.244399	 -0.114438	 -0.116893
  0.000464	  0.012355	  0.051875	 -0.017211	 -0.242055	 -0.097619	 -0.087245
  0.043226	  0.035858	  0.062961	 -0.028677	 -0.203094	 -0.072025	 -0.068968
  0.012659	  0.022016	  0.045603	 -0.014835	 -0.164704	 -0.017923	 -0.097666
 -0.000740	  0.038107	  0.031824	  0.018582	 -0.088778	  0.030318	 -0.099788
 -0.007296	  0.056004	  0.017634	  0.013483	 -0.031319	  0.070071	 -0.070520
 -0.028804	  0.065918	 -0.009322	  0.009270	  0.024208	  0.058953	 -0.082018
 -0.061398	  0.076212	  0.008131	 -0.011319	  0.052082	  0.041721	 -0.096684
 -0.043628	  0.054388	  0.042942	 -0.021962	  0.026108	 -0.003828	 -0.111381
 -0.023514	  0.001712	  0.101668	 -0.027949	  0.042991	 -0.065658	 -0.076665
 -0.004889	  0.011595	  0.110316	 -0.012523	  0.022149	 -0.152100	 -0.063647
 -0.011066	  0.026134	  0.117791	  0.027071	  0.016162	 -0.201070	 -0.061905
 -0.032510	  0.026197	  0.115764	  0.000812	  0.034566	 -0.251307	 -0.034379
 -0.045592	  0.020686	  0.114243	 -0.034506	  0.016891	 -0.229388	  0.000147
 -0.036248	  0.040229	  0.086464	 -0.043026	 -0.006264	 -0.212727	  0.049212
 -0.035424	  0.089801	  0.097709	 -0.084299	 -0.006992	 -0.210003	  0.066222
 -0.026745	  0.077321	  0.097392	 -0.091014	 -0.010065	 -0.191916	  0.090137
 -0.012238	  0.078176	  0.075061	 -0.071977	  0.019615	 -0.173734	  0.107907
 -0.045022	  0.078018	  0.066382	 -0.062538	  0.087400	 -0.119950	  0.118011
 -0.091299	  0.074185	  0.078324	 -0.043755	  0.074065	 -0.083333	  0.131853
 -0.047239	  0.056764	  0.036639	 -0.013505	  0.073463	 -0.034585	  0.115857
 -0.054841	  0.050809	  0.019693	 -0.003907	  0.072418	  0.030033	  0.107780
 -0.032922	  0.072000	 -0.000390	 -0.029374	  0.025760	  0.064337	  0.102870
 -0.003875	  0.065189	  0.044146	 -0.044198	  0.013438	  0.107732	  0.128306
 -0.008373	  0.038550	  0.043481	  0.000686	  0.064467	  0.119389	  0.135908
 -0.004066	  0.047103	  0.049689	  0.023714	  0.056928	  0.115905	  0.196788
  0.020198	  0.051126	  0.014403	  0.049276	  0.064626	  0.136905	  0.229096
  0.021813	  0.055845	  0.023335	  0.055928	  0.081128	  0.153250	  0.279429
 -0.006600	  0.039976	  0.016525	  0.039203	  0.058576	  0.130855	  0.306353
 -0.001563	  0.043745	  0.048010	  0.055832	  0.077993	  0.145394	  0.305972
 -0.003147	  0.035193	  0.093813	  0.100431	  0.094780	  0.158065	  0.301950
  0.003125	  0.037632	  0.100338	  0.122984	  0.085341	  0.196994	  0.334860
  0.026723	  0.032786	  0.100433	  0.119912	  0.089237	  0.220908	  0.335811
  0.038189	  0.003834	  0.078609	  0.102839	  0.090979	  0.217107	  0.312466
  0.031728	  0.021224	  0.061947	  0.081489	  0.083599	  0.201840	  0.272523
 -0.010179	  0.041370	  0.053553	  0.074901	  0.053539	  0.149607	  0.238346
 -0.013853	  0.040958	  0.045730	  0.077372	  0.069757	  0.164115	  0.181647
 -0.020505	  0.091828	  0.033123	  0.100241	  0.090314	  0.179730	  0.170655
 -0.018066	  0.090403	 -0.002132	  0.083105	  0.132537	  0.181251	  0.132930
 -0.019650	  0.098892	 -0.016101	  0.064923	  0.145714	  0.201143	  0.086082
 -0.030008	  0.089833	  0.015892	  0.029479	  0.118980	  0.176848	  0.079019
 -0.021012	  0.136047	  0.044114	  0.040027	  0.086070	  0.116000	  0.045126
 -0.002038	  0.137346	  0.052888	  0.024442	  0.064024	  0.124425	  0.020578
 -0.007138	  0.103897	  0.069454	  0.018234	  0.069440	  0.107384	 -0.019998
 -0.048379	  0.114698	  0.064640	  0.008541	  0.053729	  0.092560	 -0.071851
 -0.055094	  0.134653	  0.063373	  0.007116	 -0.009621	  0.051794	 -0.096051
 -0.021835	  0.095028	  0.046363	  0.014306	 -0.043862	  0.037572	 -0.148948
 -0.017686	  0.093444	  0.016462	  0.020515	 -0.054379	  0.038364	 -0.164153
 -0.024211	  0.048623	 -0.003652	 -0.002577	 -0.094543	  0.018662	 -0.158419
  0.009998	  0.035731	 -0.024938	 -0.033492	 -0.068221	 -0.002909	 -0.173528
 -0.003432	  0.033292	 -0.034441	 -0.043311	 -0.052161	  0.002095	 -0.201118
  0.000717	  0.012355	 -0.010779	 -0.032003	 -0.039871	  0.011756	 -0.249359
  0.027198	 -0.008139	 -0.011919	 -0.077996	 -0.057673	  0.005833	 -0.234472
  0.034262	 -0.027303	 -0.003842	 -0.072896	 -0.065845	 -0.018937	 -0.229404
  0.002713	 -0.024832	 -0.034662	 -0.023261	 -0.072117	 -0.026349	 -0.217620
 -0.024496	 -0.026416	 -0.044862	 -0.017433	 -0.049216	 -0.021946	 -0.219679
 -0.016451	  0.007287	 -0.068713	 -0.031591	 -0.049437	 -0.055300	 -0.212204
 -0.017749	 -0.009596	 -0.042423	 -0.024369	 -0.071008	 -0.045449	 -0.205235
 -0.036881	 -0.044597	 -0.021802	 -0.042424	 -0.020866	 -0.058816	 -0.157026
 -0.046257	 -0.050869	 -0.007865	 -0.066181	 -0.018585	 -0.062364	 -0.144957
 -0.048886	 -0.068290	  0.007656	 -0.083222	 -0.029007	 -0.109180	 -0.135233
 -0.072896	 -0.058059	 -0.028644	 -0.050280	 -0.076836	 -0.099329	 -0.159876
 -0.072896	 -0.073453	 -0.028359	 -0.064217	 -0.094701	 -0.100248	 -0.180750
 -0.064217	 -0.059200	 -0.051514	 -0.078281	 -0.114910	 -0.075034	 -0.187941
 -0.045719	 -0.060625	 -0.052622	 -0.031908	 -0.116336	 -0.093152	 -0.257056
 -0.059751	 -0.061639	 -0.034472	 -0.040746	 -0.124666	 -0.103700	 -0.274351
 -0.077964	 -0.038864	 -0.027219	 -0.071534	 -0.140060	 -0.127520	 -0.323036
 -0.068842	 -0.023850	 -0.025571	 -0.072611	 -0.156310	 -0.127647	 -0.358196
 -0.090698	 -0.044914	 -0.021454	 -0.064977	 -0.168125	 -0.156820	 -0.410745
 -0.124305	 -0.054195	 -0.025540	 -0.068493	 -0.195175	 -0.201450	 -0.417365
 -0.118825	 -0.078078	 -0.059401	 -0.106028	 -0.214972	 -0.229705	 -0.489173
 -0.136912	 -0.091223	 -0.049961	 -0.106313	 -0.235340	 -0.267398	 -0.526423
 -0.087055	 -0.074340	 -0.033395	 -0.144165	 -0.261852	 -0.287385	 -0.505581
 -0.124432	 -0.086282	 -0.020345	 -0.132129	 -0.281142	 -0.333251	 -0.513943
 -0.155125	 -0.098319	 -0.036183	 -0.132572	 -0.268124	 -0.349406	 -0.484738
 -0.129025	 -0.086725	 -0.081225	 -0.108784	 -0.252508	 -0.355107	 -0.493069
 -0.106979	 -0.047828	 -0.099027	 -0.091014	 -0.219629	 -0.370375	 -0.515432
 -0.109354	 -0.078110	 -0.094465	 -0.105585	 -0.222511	 -0.367334	 -0.467475
 -0.094308	 -0.076558	 -0.077044	 -0.131210	 -0.207592	 -0.375253	 -0.505802
 -0.103779	 -0.072377	 -0.054871	 -0.167795	 -0.218013	 -0.371863	 -0.538270
 -0.108214	 -0.074467	 -0.079356	 -0.207199	 -0.239933	 -0.366922	 -0.558067
 -0.111033	 -0.065946	 -0.051007	 -0.244101	 -0.221751	 -0.320739	 -0.564624
 -0.099155	 -0.070824	 -0.059876	 -0.220250	 -0.208194	 -0.343704	 -0.567664
 -0.114011	 -0.081151	 -0.094370	 -0.180560	 -0.196062	 -0.336197	 -0.573651
 -0.123703	 -0.070318	 -0.093515	 -0.192724	 -0.144115	 -0.334201	 -0.586796
 -0.116956	 -0.042000	 -0.069062	 -0.200547	 -0.143069	 -0.360840	 -0.516160
 -0.069317	 -0.021189	 -0.081700	 -0.189556	 -0.131793	 -0.317857	 -0.510776
 -0.018668	  0.000160	 -0.084488	 -0.145971	 -0.115037	 -0.254601	 -0.465702
 -0.027315	 -0.002374	 -0.090347	 -0.096843	 -0.164925	 -0.225302	 -0.435578
 -0.043406	 -0.002089	 -0.073433	 -0.050090	 -0.167618	 -0.215324	 -0.414704
 -0.066656	  0.003423	 -0.080275	 -0.028709	 -0.142974	 -0.183332	 -0.340901
 -0.047397	 -0.004845	 -0.052717	  0.001446	 -0.133377	 -0.163788	 -0.261776
 -0.026175	  0.007730	 -0.020535	 -0.002482	 -0.117793	 -0.148331	 -0.198742
 -0.012871	  0.042827	  0.021086	  0.037017	 -0.086054	 -0.101705	 -0.173085
  0.000052	  0.065855	  0.063943	  0.039266	 -0.082570	 -0.083238	 -0.120599
  0.029510	  0.052899	  0.085324	  0.035750	 -0.050736	 -0.002244	 -0.109671
  0.032393	  0.048338	  0.081301	  0.038506	 -0.023432	  0.036621	 -0.135138
  0.017885	  0.014287	  0.080699	  0.022415	 -0.022387	  0.037920	 -0.147238
 -0.003527	  0.041211	  0.071577	  0.036954	 -0.026916	  0.011313	 -0.157279
 -0.016862	  0.051252	  0.068853	 -0.007962	 -0.063311	 -0.009023	 -0.185027
 -0.009925	  0.028636	  0.060142	 -0.047746	 -0.074049	  0.021291	 -0.135930
 -0.019206	 -0.024642	  0.024412	 -0.052022	 -0.083615	  0.028418	 -0.150152
 -0.013726	 -0.023058	  0.017539	 -0.078059	 -0.096253	  0.006562	 -0.140016
 -0.048918	 -0.023311	 -0.006978	 -0.076665	 -0.085262	 -0.003416	 -0.181226
 -0.068873	  0.002631	 -0.057912	 -0.051990	 -0.060112	 -0.004525	 -0.179895
 -0.084426	 -0.011433	 -0.049423	 -0.027537	 -0.049849	 -0.003289	 -0.192375
 -0.111096	 -0.040701	 -0.062125	 -0.046384	 -0.036134	 -0.036580	 -0.191298
 -0.074733	 -0.051059	 -0.066844	 -0.052370	 -0.036609	 -0.029770	 -0.200579
 -0.064850	 -0.045452	 -0.069473	 -0.043438	 -0.025807	 -0.065975	 -0.166370
 -0.067701	 -0.024198	 -0.074542	 -0.072484	 -0.039460	 -0.111366	 -0.141441
 -0.069190	 -0.007347	 -0.078121	 -0.057977	 -0.026409	 -0.082224	 -0.103399
 -0.052307	 -0.031737	 -0.051545	 -0.068303	 -0.008481	 -0.074274	 -0.074416
 -0.047429	 -0.027461	 -0.008562	 -0.069032	  0.003619	 -0.028978	 -0.047366
 -0.033999	 -0.020524	  0.001606	 -0.032288	  0.030004	 -0.006267	 -0.022944
 -0.009039	 -0.017578	  0.007909	  0.015193	 -0.023020	 -0.017258	  0.013989
  0.013007	 -0.003768	  0.002810	  0.014306	 -0.026283	 -0.006552	  0.069643
 -0.012650	  0.000033	  0.028118	  0.021813	 -0.034106	 -0.038322	  0.116047
 -0.024654	 -0.003514	  0.027833	  0.033090	 -0.007087	 -0.028788	  0.158904
 -0.000201	 -0.004021	  0.003190	  0.037809	 -0.019441	 -0.020236	  0.158746
 -0.018351	 -0.025877	  0.010633	  0.026850	  0.000736	 -0.027268	  0.124600
 -0.054841	 -0.008646	 -0.002163	  0.010790	  0.018633	 -0.038639	  0.147437
 -0.071154	  0.002314	  0.010570	 -0.029089	  0.012171	 -0.046653	  0.155230
 -0.059687	  0.016061	  0.022195	 -0.009609	  0.022497	 -0.032969	  0.129066
 -0.053289	  0.008934	  0.028055	  0.014053	  0.003112	 -0.020394	  0.119088
 -0.072833	  0.014382	  0.072622	  0.014465	  0.019108	 -0.011620	  0.119500
 -0.052465	  0.006653	  0.062264	  0.032963	  0.035674	 -0.023783	  0.134134
 -0.038307	  0.019894	  0.047947	  0.008731	  0.023004	 -0.027774	  0.107780
 -0.065991	 -0.004686	  0.021941	  0.020419	  0.028801	 -0.040951	  0.104169
 -0.034157	  0.008966	  0.036512	  0.003030	  0.020755	 -0.057739	  0.113355
 -0.038338	  0.023631	  0.033693	 -0.014772	  0.011601	 -0.046146	  0.118740
 -0.045497	 -0.001455	  0.050798	 -0.019080	  0.019171	 -0.008009	  0.127545
 -0.075588	  0.020052	  0.074301	  0.002776	  0.035833	  0.002507	  0.169452
 -0.063108	 -0.007569	  0.024761	 -0.017052	  0.028737	 -0.018810	  0.177846
 -0.084172	 -0.023533	  0.007941	 -0.033017	  0.045557	 -0.011335	  0.179905
 -0.095132	 -0.030407	 -0.008150	 -0.015912	  0.065607	 -0.024512	  0.181013
 -0.131242	 -0.071616	 -0.012014	  0.017157	  0.056865	 -0.016942	  0.185099
 -0.128359	 -0.063634	  0.000561	  0.037017	  0.043847	 -0.008104	  0.211137
 -0.128581	 -0.019162	  0.031983	  0.038981	  0.046381	  0.010331	  0.204105
 -0.109671	 -0.008361	  0.035720	  0.037081	  0.041534	  0.003394	  0.191815
 -0.132541	 -0.038389	  0.040630	  0.031411	  0.047172	  0.014670	  0.216521
 -0.138306	 -0.031642	  0.057323	  0.035085	  0.015751	  0.044002	  0.230744
 -0.145084	 -0.039719	  0.096283	  0.031189	  0.018506	  0.038078	  0.243160
  0.033235	  0.022000	 -0.012813	  0.074578	  0.041734	 -0.006606	 -0.016286
  0.020565	 -0.016169	 -0.010754	  0.017784	  0.040815	 -0.008728	 -0.022494
  0.018285	 -0.002137	 -0.030329	  0.023296	  0.025643	 -0.000746	 -0.016856
  0.011633	 -0.000458	 -0.043158	  0.023517	  0.004040	  0.005209	 -0.012802
  0.029276	 -0.013761	 -0.049556	 -0.006067	 -0.013983	  0.056396	  0.008864
  0.024715	 -0.052310	 -0.029189	 -0.000366	 -0.040179	 -0.015665	 -0.059839
  0.031557	 -0.033400	  0.026370	  0.010689	 -0.005304	 -0.000176	 -0.004471
 -0.004458	 -0.002643	  0.011831	  0.019019	  0.041164	  0.039703	  0.157738
 -0.013644	 -0.015187	 -0.023329	  0.013951	  0.032358	 -0.102107	 -0.345139
 -0.012155	 -0.012938	  0.009962	 -0.003027	  0.062069	  0.072266	  0.200152
 -0.000531	  0.012909	  0.014523	 -0.013733	  0.025168	  0.088388	  0.239366
  0.001053	  0.011769	 -0.035967	 -0.064603	 -0.057315	 -0.234035	 -0.630090
 -0.003033	  0.037299	  0.009867	 -0.023489	  0.076513	  0.194849	  0.674426
 -0.037939	  0.004515	  0.045280	 -0.023806	 -0.012019	 -0.059250	 -0.065446
 -0.042152	  0.008506	  0.028809	 -0.039041	 -0.085886	 -0.195011	 -0.457175
 -0.012694	  0.003248	  0.050696	  0.039830	  0.032390	  0.243439	  0.832264
 -0.008608	  0.007208	  0.040212	 -0.013860	 -0.094787	 -0.129886	 -0.426354
 -0.022830	  0.018294	  0.002518	 -0.016679	 -0.048953	 -0.032231	 -0.141340
 -0.003761	  0.009520	  0.002106	  0.001883	  0.066314	  0.252276	  0.744460
 -0.008513	  0.013733	 -0.007079	 -0.019878	 -0.089782	 -0.168087	 -0.658978
 -0.018649	  0.021873	  0.023804	  0.006349	 -0.016010	  0.167925	  0.237243
 -0.030527	  0.015095	 -0.000459	  0.009358	  0.029824	  0.236027	  0.482537
 -0.029418	 -0.032196	 -0.026718	 -0.020385	 -0.108344	 -0.176005	 -0.744660
 -0.028437	 -0.027223	 -0.039990	  0.007806	  0.023552	  0.249172	  0.546743
 -0.015545	  0.008031	 -0.022632	 -0.040403	 -0.040147	  0.067894	  0.061572
  0.051132	 -0.002612	  0.009360	 -0.037426	 -0.104194	 -0.174833	 -0.649285
  0.058544	  0.021715	  0.033972	  0.041065	  0.071065	  0.255729	  0.775154
  0.052716	  0.058775	  0.019211	  0.037138	 -0.012653	 -0.100206	 -0.303137
  0.065893	  0.059250	 -0.004957	  0.044645	  0.014113	 -0.099193	 -0.376307
  0.046191	  0.034512	 -0.003785	  0.081832	  0.167390	  0.306726	  0.763465
  0.059019	  0.028082	 -0.032008	  0.025513	  0.056146	 -0.129253	 -0.567658
  0.090726	  0.030774	 -0.051457	  0.037074	  0.159091	  0.068085	  0.082890
  0.123352	  0.021968	 -0.042746	  0.036789	  0.188295	  0.252118	  0.643796
  0.107039	  0.019529	 -0.080154	 -0.015285	  0.048892	 -0.194060	 -0.737754
  0.090029	  0.013194	 -0.074073	 -0.000302	  0.158774	  0.183129	  0.390710
  0.100767	 -0.011671	 -0.071254	 -0.021208	  0.139832	  0.137200	  0.269869
  0.082522	  0.017027	 -0.096626	 -0.057160	  0.031724	 -0.174073	 -0.739813
  0.039855	  0.045947	 -0.098779	  0.011164	  0.144615	  0.226144	  0.710726
  0.049231	  0.045408	 -0.073091	 -0.004167	  0.097324	 -0.028842	 -0.050400
  0.042358	  0.023647	 -0.043823	 -0.018706	  0.017471	 -0.153453	 -0.425309
  0.031968	  0.055259	 -0.019813	  0.019241	  0.139262	  0.257946	  0.873410
  0.015972	  0.056336	  0.012813	  0.000458	 -0.004924	 -0.108220	 -0.387679
  0.001687	  0.059092	  0.027858	  0.040432	  0.026751	 -0.011706	 -0.098103
 -0.026346	  0.028684	  0.072837	  0.060197	  0.088328	  0.230072	  0.761026
 -0.017382	  0.021905	  0.045375	  0.031088	 -0.065297	 -0.195739	 -0.644091
  0.003207	  0.008760	  0.052438	  0.030233	  0.021588	  0.128426	  0.279372
  0.040457	  0.042082	  0.041479	  0.005272	  0.056970	  0.231244	  0.474206
  0.033235	  0.077939	  0.029886	 -0.042462	 -0.092189	 -0.165046	 -0.757488
 -0.000467	  0.083925	  0.080344	  0.020160	  0.058490	  0.229217	  0.543354
 -0.001069	  0.113827	  0.088010	 -0.006036	  0.009932	  0.061116	  0.058056
  0.022339	  0.090989	  0.083924	 -0.026213	 -0.060926	 -0.195866	 -0.662906
  0.011379	  0.060802	  0.048637	  0.021744	  0.125895	  0.223674	  0.724853
  0.014642	  0.035209	  0.025229	 -0.030362	  0.032295	 -0.076418	 -0.339311
  0.039950	  0.037648	  0.024121	 -0.023679	  0.025896	 -0.082468	 -0.363606
  0.014325	  0.022032	  0.025039	 -0.010945	  0.126750	  0.251231	  0.811232
 -0.005440	  0.022570	  0.023424	 -0.040942	  0.002741	 -0.160865	 -0.586093
  0.003841	  0.029856	  0.047560	 -0.004262	  0.081866	  0.043663	  0.017480
  0.014357	  0.056495	  0.043664	 -0.011230	  0.168182	  0.236344	  0.582314
  0.005266	  0.026720	  0.036918	 -0.050191	  0.012276	 -0.205305	 -0.751850
  0.020629	  0.026371	  0.063081	  0.029726	  0.110374	  0.152943	  0.414213
  0.026140	  0.028399	  0.057475	  0.006064	  0.115949	  0.142870	  0.314975
  0.017968	  0.065205	  0.025514	 -0.029317	  0.039675	 -0.175467	 -0.712002
  0.032887	  0.106130	  0.018958	  0.018956	  0.206984	  0.246131	  0.686526
  0.023954	  0.067011	 -0.005749	 -0.019181	  0.114080	 -0.026150	 -0.090533
  0.040964	  0.048481	 -0.001124	 -0.024471	  0.069450	 -0.141258	 -0.501520
  0.038525	  0.020923	  0.012654	  0.055066	  0.152249	  0.277712	  0.783547
  0.017398	  0.033910	 -0.004830	  0.044423	 -0.012336	 -0.112338	 -0.492049
 -0.007562	  0.071794	 -0.018704	  0.032291	  0.042462	  0.015947	 -0.212546
 -0.000752	  0.068563	 -0.051552	  0.052659	  0.129538	  0.305079	  0.662326
  0.022877	  0.076957	 -0.052502	  0.000616	 -0.004227	 -0.146579	 -0.732496
  0.015877	  0.120605	 -0.028935	  0.076985	  0.061151	  0.129186	  0.187798
  0.027946	  0.138027	 -0.002487	  0.087660	  0.083830	  0.234031	  0.407973
  0.027439	  0.088930	 -0.022410	  0.011196	 -0.051297	 -0.114555	 -0.803797
  0.024715	  0.063400	 -0.015758	  0.061433	  0.064635	  0.280626	  0.547060
  0.057245	  0.079269	  0.010912	  0.041952	  0.008760	  0.064664	  0.070283
  0.062662	  0.075151	  0.021207	  0.030201	 -0.033400	 -0.172173	 -0.662399
  0.054711	  0.072522	  0.003088	  0.090606	  0.125103	  0.291966	  0.725043
  0.048978	  0.073377	 -0.031850	  0.061179	 -0.002517	 -0.050793	 -0.283721
  0.066241	  0.070938	 -0.037456	  0.056618	 -0.024183	 -0.047435	 -0.320306
  0.090409	  0.063685	  0.022949	  0.070555	  0.075595	  0.330831	  0.793462
  0.102604	  0.095772	 -0.004355	 -0.000619	 -0.059374	 -0.158109	 -0.583527
  0.096586	  0.104071	  0.028239	  0.005621	  0.023425	  0.040210	  0.047160
  0.094020	  0.079079	  0.036094	  0.006571	  0.100872	  0.216325	  0.635212
  0.081128	  0.034860	  0.023361	 -0.049019	  0.016140	 -0.205083	 -0.727492
  0.072608	  0.023711	  0.057507	 -0.015538	  0.123076	  0.140494	  0.432648
  0.070169	  0.024629	  0.030171	  0.019653	  0.113668	  0.106538	  0.300721
  0.055218	  0.059187	  0.018673	 -0.021493	  0.011769	 -0.233338	 -0.700504
  0.040774	  0.049748	  0.017786	  0.025513	  0.166820	  0.204890	  0.685702
  0.066051	  0.060169	  0.025356	 -0.010058	  0.063146	 -0.011579	 -0.068328
  0.025918	  0.073187	  0.010152	 -0.012909	  0.038059	 -0.147909	 -0.501932
  0.009606	  0.091591	  0.022917	  0.012906	  0.172585	  0.260449	  0.813639
  0.034154	  0.086079	  0.012401	 -0.001760	  0.046422	 -0.133370	 -0.427812
  0.046887	  0.079301	 -0.029316	  0.025133	  0.083704	 -0.040118	 -0.108176
  0.057784	  0.069260	  0.014143	  0.047242	  0.179838	  0.263046	  0.779715
  0.067128	  0.034512	 -0.002898	 -0.004515	  0.015728	 -0.182182	 -0.595469
  0.073336	  0.029792	  0.003912	  0.003879	  0.125673	  0.096181	  0.330907
  0.071562	  0.031059	  0.008790	  0.020508	  0.190228	  0.175369	  0.544652
  0.084169	  0.012783	  0.000744	 -0.003407	  0.028779	 -0.176132	 -0.673707
  0.078753	  0.004642	  0.030139	  0.043663	  0.182055	  0.279866	  0.650163
  0.076314	  0.036666	  0.022885	  0.000584	  0.124153	  0.137992	  0.153240
  0.054806	  0.034607	  0.051837	 -0.070337	  0.042082	 -0.119813	 -0.561038
  0.035104	  0.048607	  0.072109	 -0.026815	  0.155797	  0.332573	  0.831441
  0.061648	  0.046865	  0.065710	 -0.021810	  0.038281	  0.006413	 -0.181694
  0.069662	  0.088518	  0.047307	  0.015789	  0.012593	 -0.030616	 -0.223252
  0.053001	  0.094727	  0.069131	  0.034445	  0.103912	  0.285187	  0.878383
  0.070676	  0.102550	  0.047719	 -0.024851	 -0.027255	 -0.153073	 -0.511118
  0.090156	  0.075373	  0.033307	  0.017847	  0.035811	  0.067926	  0.118049
  0.089206	  0.084844	  0.018388	  0.047876	  0.119180	  0.245878	  0.664765
  0.079450	  0.079966	 -0.026591	  0.029757	 -0.024594	 -0.202486	 -0.707821
  0.077264	  0.087853	 -0.015790	  0.055509	  0.107270	  0.138150	  0.441771
  0.073780	  0.094758	 -0.004545	  0.054559	  0.082690	  0.113570	  0.301861
  0.073431	  0.105148	 -0.001505	  0.057252	 -0.008662	 -0.181169	 -0.726795
  0.063549	  0.123551	  0.015568	  0.109674	  0.130235	  0.243882	  0.676232
  0.033489	  0.118641	  0.039230	  0.064695	  0.040467	 -0.046770	 -0.118470
  0.053476	  0.086776	  0.035397	  0.018956	 -0.005051	 -0.127986	 -0.518688
  0.070200	  0.147624	  0.059154	  0.032070	  0.109614	  0.248254	  0.657195
  0.072418	  0.179300	  0.069733	 -0.009583	 -0.006698	 -0.100903	 -0.382389
  0.078563	  0.182436	  0.061529	  0.002295	  0.013860	  0.017911	 -0.051382
  0.060159	  0.150317	  0.052850	  0.043790	  0.097546	  0.146924	  0.310540
  0.059843	  0.105623	  0.019243	  0.013413	  0.061119	  0.006476	 -0.201555
  0.092785	  0.092478	  0.050411	  0.051487	  0.074328	  0.065424	  0.064043
  0.081255	  0.104039	  0.074104	  0.035776	  0.076323	  0.021522	  0.036454
  0.090663	  0.116614	  0.079901	  0.051265	  0.093808	  0.022440	 -0.008240
  0.107007	  0.113732	  0.087250	  0.056143	  0.040150	  0.072709	  0.063726
  0.076440	  0.104198	  0.103182	  0.018734	  0.027163	  0.064347	  0.048839
  0.098296	  0.083482	  0.100173	  0.067863	  0.024376	  0.065424	  0.032367
  0.062092	  0.109392	  0.067611	  0.061908	  0.022950	  0.043980	  0.073640
  0.069377	  0.095138	  0.020573	  0.066437	  0.052630	  0.015630	  0.100248
  0.059462	  0.066979	  0.000871	  0.049459	  0.054562	 -0.020511	  0.132620
  0.042865	  0.042494	 -0.010120	  0.105208	  0.047309	 -0.029887	  0.129769
  0.042865	  0.051997	 -0.025071	  0.077080	  0.056178	 -0.044268	  0.100343
  0.052336	  0.098243	  0.033782	  0.094628	  0.042146	 -0.027797	  0.067495
  0.051892	  0.088645	  0.050633	  0.100267	  0.097261	 -0.033213	  0.060653
  0.038525	  0.077052	  0.053072	  0.108185	  0.131597	 -0.017597	  0.054413
  0.063042	  0.056463	  0.028777	  0.114140	  0.109107	 -0.005434	  0.058056
  0.066779	  0.063463	 -0.008441	  0.110719	  0.134352	 -0.022475	  0.062871
  0.082459	  0.069988	 -0.023614	  0.098398	  0.146041	  0.012083	  0.070283
  0.067603	  0.081740	 -0.038976	  0.069890	  0.143253	  0.011639	  0.083618
  0.077106	  0.095170	 -0.009518	  0.072234	  0.093428	  0.007711	  0.118208
  0.087812	  0.110913	  0.017786	  0.044518	  0.102582	  0.006793	  0.072563
  0.099437	  0.111261	  0.025419	  0.016992	  0.082753	  0.014553	  0.044594
  0.121831	  0.094537	  0.040339	 -0.024914	  0.097229	  0.007901	  0.048427
  0.114894	  0.077717	  0.028048	 -0.004737	  0.090039	  0.008598	  0.034870
  0.110080	  0.057350	  0.033338	  0.006254	  0.086649	  0.013001	 -0.006435
  0.116541	  0.014683	  0.060326	  0.036726	  0.104039	  0.029282	  0.001104
  0.156041	  0.000936	  0.062099	  0.032672	  0.066631	  0.046640	  0.027774
  0.108908	  0.000746	  0.051140	  0.038278	  0.048671	  0.042459	  0.063536
  0.095794	  0.013923	  0.043981	  0.022599	  0.018199	  0.062415	  0.038893
  0.041661	  0.000366	  0.052977	  0.069542	 -0.000458	  0.085791	  0.046051
  0.043973	 -0.002960	  0.054624	  0.040242	 -0.032862	  0.108724	  0.042313
  0.035516	  0.031503	  0.059565	  0.033305	 -0.027128	  0.104701	  0.051151
  0.045399	  0.058173	  0.047751	  0.024056	 -0.040115	  0.093298	  0.036485
  0.076726	  0.068088	  0.002487	  0.038088	 -0.014331	  0.112050	  0.040255
  0.073906	  0.075120	  0.010975	  0.033178	  0.020701	  0.094027	  0.072627
  0.139633	  0.087093	 -0.015220	  0.050821	  0.057540	  0.058835	  0.057391
  0.170801	  0.084812	 -0.025641	  0.036187	  0.046580	  0.029472	  0.020553
  0.161267	  0.097672	  0.030678	  0.070935	  0.024439	  0.024563	  0.009086
  0.122940	  0.129126	  0.028302	  0.054496	  0.028747	  0.011481	  0.014914
  0.110681	  0.094283	  0.028745	  0.050125	  0.034227	  0.007205	  0.007471
  0.133773	  0.111831	  0.071349	  0.038310	  0.065744	  0.001091	  0.009339
  0.138714	  0.100967	  0.085412	  0.037486	  0.087631	 -0.008506	  0.044341
  0.136750	  0.046422	  0.051013	  0.035934	  0.084464	  0.010245	  0.060115
  0.158353	  0.078065	  0.071285	  0.049491	  0.111039	  0.005272	  0.070124
  0.150687	  0.110279	  0.060832	  0.051392	  0.096912	  0.028079	  0.085265
  0.110270	  0.083419	  0.050506	  0.058645	  0.110026	  0.028142	  0.086532
  0.080558	  0.086364	  0.057190	  0.056080	  0.096089	  0.021712	  0.077188
  0.067761	  0.098623	  0.056461	  0.041921	  0.092003	  0.017499	  0.106678
  0.076726	  0.130298	  0.073788	  0.039862	  0.089342	  0.021142	  0.104524
  0.111252	  0.146864	  0.061529	  0.040179	  0.089500	  0.022504	  0.112696
  0.111062	  0.153833	  0.050886	  0.049840	  0.048227	  0.029219	  0.076618
  0.110333	  0.147213	  0.031564	  0.074736	  0.018041	  0.060387	  0.063504
  0.126582	  0.112813	  0.017216	  0.082972	  0.010914	  0.097669	  0.063631
  0.130542	  0.163557	  0.027225	  0.040052	  0.001728	  0.102642	  0.093437
  0.099468	  0.156969	  0.007491	  0.002548	  0.068214	  0.115946	  0.060812
  0.060983	  0.136063	  0.016170	 -0.016077	  0.083767	  0.107552	  0.047667
  0.065101	  0.090926	  0.018451	  0.005874	  0.058047	  0.080786	  0.042218
  0.099532	  0.072997	  0.034605	  0.027984	  0.076292	  0.069035	  0.040761
  0.102002	  0.085604	  0.042746	  0.003942	  0.076640	  0.071537	  0.055079
  0.077486	  0.078794	  0.029094	  0.001503	  0.067106	  0.088737	  0.023942
  0.028706	  0.094410	  0.010057	 -0.004895	  0.061816	  0.091936	  0.029200
  0.027439	  0.092604	  0.022917	  0.046134	  0.091306	  0.086836	  0.051784
  0.025316	  0.094505	  0.045628	  0.074134	  0.077305	  0.092918	  0.077473
 -0.001449	  0.064350	  0.043189	  0.088578	  0.074518	  0.078379	  0.071296
  0.002162	  0.093460	  0.048352	  0.080818	  0.013891	  0.110498	  0.072247
  0.023321	  0.096849	  0.058520	  0.078854	  0.020638	  0.077460	  0.063853
  0.009447	  0.076672	  0.046769	  0.065012	  0.050476	  0.078822	  0.056631
  0.011348	  0.034797	  0.024628	  0.065836	  0.054752	  0.069066	  0.043485
  0.052399	  0.022950	  0.032071	  0.050030	  0.037996	  0.042871	  0.054794
  0.031208	  0.017819	  0.049904	  0.049649	  0.037331	  0.008820	  0.034236
  0.013787	  0.038345	  0.094377	  0.049364	  0.060961	 -0.005307	  0.037879
  0.022877	  0.068373	  0.087566	  0.071600	  0.065554	 -0.003343	  0.019887
  0.030733	  0.049621	  0.085286	  0.058899	  0.065902	  0.043441	  0.048997
  0.040837	  0.044996	  0.057031	  0.060514	  0.026498	  0.041446	  0.045703
  0.050657	  0.078129	  0.055226	  0.041984	  0.043159	  0.072234	  0.077378
  0.030891	  0.120795	  0.013826	  0.059754	  0.068816	  0.078537	  0.074939
  0.053476	  0.129158	  0.014048	  0.077840	  0.065110	  0.079963	  0.067242
  0.060793	  0.081138	  0.004387	  0.071949	  0.039295	  0.091873	  0.093342
  0.101559	  0.073726	  0.035682	  0.086361	  0.071920	  0.075845	  0.102845
  0.061268	  0.089500	  0.058267	  0.090764	  0.090767	  0.067799	  0.068446
  0.050973	  0.122411	  0.057380	  0.071600	  0.059155	  0.059881	  0.058183
  0.022909	  0.099193	  0.069575	  0.057600	  0.043666	  0.070143	  0.034806
  0.040204	  0.083862	  0.052850	  0.071981	  0.054657	  0.080470	  0.056409
  0.025000	  0.061214	  0.040243	  0.069827	  0.054467	  0.077682	  0.079690
  0.031462	  0.058680	  0.053864	  0.094913	  0.056811	  0.078664	  0.062934
  0.042516	  0.080283	  0.074168	  0.037454	  0.070653	  0.060609	  0.030404
  0.035421	  0.138470	  0.096721	 -0.000809	  0.087410	  0.050853	  0.053305
  0.047521	  0.098338	  0.108567	  0.006349	  0.111293	  0.068750	  0.036232
  0.057309	  0.129443	  0.097766	  0.014046	  0.104293	  0.060799	  0.039716
  0.036751	  0.116329	  0.103911	 -0.017819	  0.141226	  0.085569	  0.016466
  0.057499	  0.096215	  0.071982	  0.037676	  0.133339	  0.099095	  0.056377
  0.062377	  0.102170	  0.057570	  0.058297	  0.134479	  0.090732	  0.057581
  0.084803	  0.096500	  0.051520	  0.032640	  0.142525	  0.080406	  0.063821
  0.053761	  0.096469	  0.062606	  0.031278	  0.131533	  0.039830	  0.083967
