:RUN-7	LEVEL SWEEP	TEMP:NaN	8/27/2019	6:50 PM	HR:-489.79:SW EAR: R	SW FREQ: 45.20	# AVERAGES: 512	REP RATE (/sec): 80	DRIVER: 	SAMPLE (µsec): 40	MASKER dB: 2147483647:NOTES-:CHAMBER-SEWELL-PXI1:CFTS Version: V2.7.2 (R850):LEVELS:20;30;40;50;60;70;80;:DATA -0.073441	 -0.028639	 -0.046365	  0.079207	 -0.042877	 -0.010717	 -0.004602
 -0.022634	 -0.047264	 -0.035373	  0.073727	 -0.037778	  0.000369	 -0.023924
  0.027889	 -0.009602	 -0.060650	  0.070655	 -0.066159	  0.005659	 -0.062568
  0.015250	  0.003765	 -0.066542	  0.036636	 -0.062548	  0.033691	 -0.053953
  0.007426	 -0.013435	 -0.022292	  0.029477	 -0.050574	  0.045253	 -0.049550
 -0.015602	 -0.042291	  0.000356	 -0.001026	 -0.027927	  0.075788	  0.007561
 -0.035050	 -0.038395	 -0.014404	  0.019753	 -0.053615	  0.067299	  0.022195
 -0.037901	 -0.031585	 -0.041772	  0.031124	 -0.020895	  0.063086	  0.023018
 -0.012244	  0.017132	 -0.024287	  0.001001	 -0.002238	  0.050163	  0.039490
  0.011006	  0.005475	  0.009511	 -0.021552	  0.020410	  0.041167	  0.030430
 -0.006828	  0.020267	  0.054331	 -0.005366	  0.014962	  0.011550	 -0.009765
 -0.009013	  0.018747	  0.023353	 -0.048888	 -0.027293	 -0.038623	 -0.022404
 -0.000461	  0.024670	 -0.016432	 -0.052752	 -0.027261	 -0.066466	  0.005850
 -0.005371	  0.031069	  0.024335	 -0.054621	  0.035171	 -0.057660	 -0.005458
  0.000901	  0.009308	  0.039602	 -0.056902	  0.040967	 -0.049076	 -0.000421
 -0.008665	  0.008833	  0.060856	 -0.054177	  0.049013	 -0.053226	 -0.001213
  0.008028	  0.004778	  0.037670	 -0.046892	  0.037388	 -0.032890	  0.007593
  0.025355	  0.032589	  0.039222	 -0.022565	  0.063742	 -0.024211	  0.029449
  0.048509	  0.027394	  0.032412	  0.004834	  0.089209	 -0.037071	  0.030430
  0.082845	  0.007186	  0.006470	  0.018327	  0.068303	 -0.024084	  0.037842
  0.091873	 -0.016413	  0.036371	  0.049718	  0.071597	  0.012564	  0.003601
  0.074103	 -0.019643	  0.024430	  0.112846	  0.057217	  0.010759	  0.035752
  0.059754	 -0.048278	  0.020724	  0.125960	  0.037483	 -0.002767	  0.021118
  0.056111	 -0.077039	 -0.001259	  0.132992	 -0.005785	 -0.020030	 -0.037450
  0.059500	 -0.052237	  0.017841	  0.134892	 -0.006831	  0.007718	 -0.033680
  0.082085	 -0.041119	  0.012963	  0.109964	  0.000011	  0.010030	 -0.007453
  0.048129	 -0.030160	  0.002289	  0.088361	 -0.017474	  0.060109	 -0.010051
  0.049491	 -0.035925	 -0.021120	  0.064447	 -0.000907	  0.074489	 -0.024526
  0.012209	 -0.023286	 -0.011078	  0.060234	 -0.008858	  0.061376	 -0.027947
  0.016042	 -0.000226	  0.001782	  0.085986	 -0.010062	  0.043859	  0.037526
  0.017942	  0.037119	 -0.036735	  0.064795	 -0.036447	  0.029194	  0.104836
  0.021617	  0.050961	 -0.044623	  0.019943	 -0.051176	  0.024379	  0.124031
  0.043441	  0.031005	 -0.032681	 -0.020570	 -0.028465	  0.039836	  0.136701
  0.067103	  0.029675	 -0.023178	 -0.068811	 -0.025202	  0.076516	  0.162865
  0.040432	  0.016213	 -0.002780	 -0.065010	 -0.011550	  0.115540	  0.185766
  0.034794	  0.030087	  0.022656	 -0.047431	 -0.040723	  0.185353	  0.184056
  0.057505	  0.019761	  0.013090	 -0.029281	 -0.056339	  0.166728	  0.169105
  0.077365	  0.000375	 -0.014436	 -0.070173	 -0.031759	  0.144523	  0.096917
  0.037011	  0.010448	 -0.027169	 -0.103844	  0.004667	  0.135686	  0.069930
  0.029536	  0.057328	 -0.022608	 -0.091301	  0.008152	  0.092354	  0.049626
  0.065455	  0.080102	  0.004601	 -0.046987	 -0.017157	  0.060299	  0.020991
  0.098366	  0.057834	 -0.016495	 -0.043661	 -0.009523	  0.044303	 -0.028106
  0.101660	  0.056441	 -0.029038	 -0.019936	  0.031116	  0.041294	 -0.043943
  0.067894	  0.075826	 -0.060080	 -0.007266	  0.031116	  0.005817	 -0.071089
  0.073659	  0.083491	 -0.061189	  0.012404	  0.029342	 -0.013568	 -0.099090
  0.082212	  0.016751	 -0.039079	  0.016744	  0.015849	 -0.054619	 -0.115973
  0.072424	  0.012824	  0.006121	  0.007051	 -0.010062	 -0.103019	 -0.122118
  0.048699	 -0.017965	  0.002669	  0.019594	 -0.015320	 -0.094815	 -0.136087
  0.043504	 -0.014480	 -0.004015	  0.012436	 -0.015732	 -0.073466	 -0.123512
  0.014205	  0.006394	 -0.016780	  0.029699	  0.011478	 -0.074195	 -0.097126
  0.027572	 -0.017870	 -0.012726	 -0.000741	  0.029121	 -0.076950	 -0.076284
  0.032608	  0.017702	  0.025412	 -0.011986	  0.000835	 -0.084838	  0.008226
  0.067134	  0.009466	  0.027660	 -0.002832	 -0.027927	 -0.035456	  0.072432
  0.048477	  0.022675	  0.027946	 -0.029502	 -0.044461	  0.010695	  0.127072
  0.027287	  0.028123	  0.047616	 -0.016674	 -0.053457	  0.001921	  0.159349
  0.054781	  0.050074	  0.058227	 -0.041064	 -0.049117	  0.018456	  0.176200
  0.064125	  0.060717	  0.035263	 -0.037231	 -0.014053	  0.060679	  0.209143
  0.069985	  0.046178	  0.017524	 -0.022249	 -0.015858	  0.063023	  0.195776
  0.095547	  0.056662	 -0.001988	  0.042686	  0.018921	  0.064385	  0.193273
  0.107742	  0.042884	 -0.021816	  0.056623	  0.047524	  0.043194	  0.176992
  0.059310	 -0.023888	 -0.030844	  0.042971	  0.077236	  0.064797	  0.169802
  0.062858	 -0.047391	 -0.049437	  0.036351	  0.084774	  0.045760	  0.150100
  0.036853	 -0.033771	 -0.047885	  0.036002	  0.122658	  0.068819	  0.130271
  0.016612	 -0.007955	 -0.039586	  0.029635	  0.116291	  0.073349	  0.102555
 -0.006923	  0.015801	 -0.012757	  0.008761	  0.102069	  0.052253	  0.090614
  0.027445	  0.004715	 -0.032111	 -0.004986	  0.120536	  0.058525	  0.047535
  0.064980	  0.001104	 -0.027074	  0.005911	  0.080656	  0.058145	  0.030145
  0.092031	  0.020806	 -0.051401	 -0.013158	  0.046637	  0.073412	 -0.002037
  0.072361	  0.043422	 -0.043862	 -0.001438	 -0.007053	  0.027895	 -0.045844
  0.052437	  0.027394	 -0.022006	 -0.000013	  0.005649	 -0.042994	 -0.089524
  0.045152	  0.003670	 -0.011997	 -0.013633	  0.027189	 -0.060701	 -0.110810
  0.072329	  0.015199	 -0.029482	 -0.025511	  0.017623	 -0.089906	 -0.103176
  0.076035	  0.009656	 -0.032238	 -0.010022	  0.007138	 -0.074797	 -0.128421
  0.100742	 -0.007100	 -0.053460	  0.006734	 -0.011297	 -0.065452	 -0.132571
  0.092918	 -0.006752	 -0.063343	  0.049084	 -0.006324	 -0.052275	 -0.113154
  0.116326	  0.012095	 -0.032586	  0.048165	 -0.037271	 -0.042393	 -0.079198
  0.102896	  0.019507	 -0.023305	  0.067202	 -0.043226	 -0.051420	 -0.010526
  0.128331	 -0.001082	  0.001528	  0.064098	 -0.051936	 -0.042266	 -0.023006
  0.161305	 -0.030540	  0.019678	  0.060075	 -0.054851	 -0.021424	 -0.042454
  0.124847	 -0.038427	  0.026298	  0.077402	 -0.058271	  0.005057	 -0.037545
  0.091873	 -0.028639	  0.027755	  0.069546	 -0.041357	  0.032963	  0.009778
  0.086710	 -0.039441	  0.010683	  0.066569	 -0.017442	  0.035877	  0.039711
  0.111986	 -0.011345	  0.023194	  0.045093	 -0.028687	  0.044461	  0.058210
  0.106190	  0.024227	  0.003556	 -0.008185	 -0.026343	  0.080064	  0.075219
  0.120602	  0.030213	 -0.009811	  0.016363	 -0.026279	  0.097042	  0.071672
  0.114489	 -0.000670	 -0.010255	 -0.003687	  0.008595	  0.115350	  0.085989
  0.072456	  0.002941	  0.011063	  0.028083	  0.026713	  0.106481	  0.095587
  0.061338	  0.022897	  0.013185	  0.043256	  0.050660	  0.107843	  0.108478
  0.031278	  0.032621	  0.038050	  0.026500	  0.072167	  0.078639	  0.107718
  0.040812	  0.036549	  0.034154	  0.042274	  0.055094	  0.094350	  0.094256
  0.053134	  0.059481	  0.028167	  0.013956	  0.045148	  0.088490	  0.075219
  0.034572	  0.060020	  0.035484	  0.028749	  0.036976	  0.091562	  0.053902
  0.021712	  0.075002	  0.009257	  0.050573	  0.023989	  0.077340	  0.036417
  0.038341	  0.062966	 -0.000309	  0.024694	  0.019872	  0.058620	 -0.000770
  0.033337	  0.069649	  0.010302	  0.029224	  0.061271	  0.031379	 -0.009734
  0.042301	  0.073672	 -0.018237	  0.059600	  0.058167	  0.025836	 -0.032097
  0.037740	  0.080197	 -0.043736	  0.040278	  0.029342	  0.022858	 -0.008847
  0.043219	  0.062047	 -0.015798	  0.023490	  0.022152	  0.017474	 -0.004507
  0.071284	  0.038671	  0.002542	  0.038441	  0.031496	  0.045475	 -0.002987
  0.043346	  0.040540	 -0.046016	  0.055419	  0.060511	  0.100083	  0.021118
  0.010277	  0.018082	 -0.031509	  0.053804	  0.056171	  0.103345	  0.014910
  0.005019	  0.001231	  0.002890	  0.070877	  0.049203	  0.098182	  0.021751
  0.030011	  0.012697	 -0.015006	  0.073379	  0.042013	  0.051081	 -0.001815
  0.048319	  0.002339	 -0.030527	  0.050066	  0.063615	  0.059222	  0.017159
  0.046324	  0.006299	  0.009004	  0.020735	  0.060099	  0.045380	  0.024032
  0.060863	 -0.015906	  0.050815	  0.021748	  0.026492	  0.069896	  0.036892
  0.046894	 -0.051699	  0.013597	  0.026310	  0.022912	  0.107495	  0.066319
  0.032101	 -0.047739	  0.008529	  0.048641	  0.018668	  0.109079	  0.079686
  0.019463	 -0.016444	 -0.006581	  0.037016	  0.041347	  0.125582	  0.102523
  0.041984	  0.003733	 -0.024731	  0.033912	  0.076855	  0.112595	  0.061567
  0.050093	 -0.005168	 -0.001861	  0.029762	  0.086865	  0.113038	  0.073351
  0.013761	 -0.007258	  0.005709	  0.030047	  0.085915	  0.077372	  0.104392
  0.029599	 -0.012421	  0.007895	  0.041767	  0.076190	  0.076041	  0.061251
  0.004322	 -0.015082	 -0.002526	  0.046423	  0.061430	  0.068851	  0.072400
  0.032830	  0.006710	  0.010746	  0.064763	  0.063393	  0.084720	  0.040915
  0.023011	  0.012570	  0.007958	  0.052695	  0.090602	  0.079937	  0.032806
  0.049016	  0.031290	  0.010651	  0.072080	  0.084236	  0.068724	  0.011805
  0.052437	  0.037055	  0.017683	  0.092099	  0.081670	  0.080444	 -0.017146
  0.039133	  0.018874	 -0.020834	  0.097547	  0.056963	  0.062548	  0.007529
  0.047781	  0.025304	  0.018506	  0.087696	  0.043565	  0.050004	 -0.029879
  0.032703	  0.011683	  0.032285	  0.085384	  0.029849	  0.047850	 -0.036056
  0.073311	  0.012792	  0.021389	  0.076166	  0.019903	  0.065177	 -0.062283
  0.074198	  0.023308	 -0.011617	  0.028907	  0.017401	  0.029700	 -0.064374
  0.014236	  0.014376	 -0.029323	  0.001318	 -0.003378	  0.031442	 -0.094687
  0.008978	 -0.002190	 -0.034708	 -0.036123	 -0.014781	 -0.006948	 -0.103873
  0.041921	 -0.021607	 -0.023939	  0.010472	 -0.010537	 -0.019080	 -0.097506
  0.073564	 -0.002000	 -0.031826	  0.054627	 -0.045126	  0.009492	 -0.089841
  0.087533	 -0.016064	 -0.038541	  0.041577	 -0.011360	 -0.002830	 -0.092121
  0.096117	 -0.053853	 -0.037274	  0.028939	  0.002513	  0.009206	 -0.077456
  0.098841	 -0.025725	 -0.050609	  0.023269	  0.008088	  0.006261	 -0.108497
  0.060514	 -0.027689	 -0.051686	  0.046898	  0.002197	  0.000401	 -0.141471
  0.056618	 -0.013182	 -0.061601	  0.037079	  0.002355	 -0.019301	 -0.149295
  0.042142	 -0.026549	 -0.037876	  0.013164	 -0.021972	 -0.051325	 -0.133426
  0.040559	 -0.003742	 -0.056026	  0.017314	 -0.031633	 -0.104730	 -0.145938
  0.067609	 -0.007258	 -0.044686	 -0.003814	 -0.058113	 -0.112458	 -0.162345
  0.071695	 -0.008367	 -0.032903	 -0.028204	 -0.078354	 -0.077426	 -0.138209
  0.064125	 -0.005865	 -0.050578	 -0.042679	 -0.065652	 -0.084267	 -0.098963
  0.045785	  0.005602	 -0.048012	 -0.008977	 -0.037809	 -0.063869	 -0.093863
  0.039577	  0.012982	 -0.069995	  0.025043	 -0.010949	 -0.051262	 -0.099312
  0.019590	 -0.019327	 -0.059510	  0.042337	 -0.018772	 -0.066339	 -0.111665
  0.012589	 -0.030508	 -0.064800	  0.043002	 -0.026184	 -0.070964	 -0.126616
  0.034065	 -0.055595	 -0.070660	  0.037839	 -0.038791	 -0.071882	 -0.122878
  0.058645	 -0.030635	 -0.035088	  0.038441	 -0.051145	 -0.056456	 -0.057564
  0.074800	 -0.056102	 -0.040125	  0.029730	 -0.049497	 -0.055253	 -0.038717
  0.046925	 -0.065668	 -0.052922	 -0.016389	 -0.033375	 -0.052687	 -0.063930
  0.048604	 -0.041594	 -0.042627	 -0.015755	 -0.024284	 -0.092123	 -0.061586
  0.053894	 -0.069722	 -0.035120	 -0.028109	 -0.041832	 -0.079738	 -0.089049
  0.062256	 -0.021164	 -0.069456	 -0.033050	 -0.023144	 -0.057470	 -0.129878
  0.041256	 -0.001398	 -0.065117	 -0.027190	 -0.022605	 -0.045782	 -0.145209
  0.033590	  0.020172	 -0.078864	 -0.006411	 -0.014813	 -0.054683	 -0.194084
  0.038785	  0.008104	 -0.074112	  0.011866	  0.013283	 -0.098141	 -0.200451
  0.020065	  0.003733	 -0.086022	 -0.030231	  0.038655	 -0.100802	 -0.184518
  0.016612	 -0.010648	 -0.064135	 -0.024941	  0.035266	 -0.098616	 -0.189681
 -0.001221	 -0.048025	 -0.065750	 -0.016357	  0.028931	 -0.098173	 -0.151069
 -0.021842	 -0.076089	 -0.039428	  0.007431	  0.040365	 -0.083254	 -0.183346
  0.010657	 -0.063482	 -0.040156	  0.028210	  0.034917	 -0.041727	 -0.157246
  0.030264	 -0.045744	 -0.032206	  0.009553	  0.008468	 -0.064470	 -0.139761
  0.063587	 -0.052522	 -0.037527	 -0.009325	  0.011066	 -0.078154	 -0.166305
  0.044835	 -0.055500	 -0.014531	 -0.005714	  0.016419	 -0.068556	 -0.185468
  0.007553	 -0.042386	 -0.006422	  0.009015	 -0.030936	 -0.050913	 -0.233425
  0.000458	 -0.027626	  0.009796	 -0.018796	 -0.052285	 -0.039162	 -0.210207
 -0.030584	 -0.045174	  0.001117	 -0.029407	 -0.064131	 -0.026397	 -0.188224
 -0.085161	 -0.053156	  0.000705	 -0.039765	 -0.042275	 -0.024053	 -0.181319
 -0.079713	 -0.030508	 -0.003381	 -0.017529	 -0.025393	 -0.057628	 -0.182143
 -0.038123	 -0.025567	 -0.027201	 -0.037485	 -0.023302	 -0.038877	 -0.210397
 -0.009108	 -0.013055	 -0.017192	 -0.053164	 -0.014750	 -0.053954	 -0.202193
 -0.005022	 -0.003711	 -0.050641	 -0.036661	 -0.013958	 -0.058199	 -0.183853
  0.000553	 -0.005453	 -0.034233	 -0.024181	 -0.034863	 -0.008532	 -0.190537
  0.002485	 -0.036685	 -0.036070	 -0.026208	 -0.052475	 -0.030514	 -0.181446
 -0.009393	 -0.056260	 -0.049374	 -0.044485	 -0.083168	 -0.046162	 -0.166685
 -0.006289	 -0.034974	 -0.052035	 -0.046829	 -0.115002	  0.007623	 -0.112584
 -0.003090	 -0.049292	 -0.049184	 -0.051960	 -0.121590	 -0.005269	 -0.081605
  0.000173	 -0.043337	 -0.026948	 -0.068526	 -0.163940	 -0.047461	 -0.084551
 -0.006954	 -0.024775	 -0.089538	 -0.049426	 -0.148736	 -0.074923	 -0.080148
 -0.040784	 -0.043938	 -0.069171	 -0.040082	 -0.123998	 -0.080498	 -0.103113
 -0.034100	 -0.064717	 -0.084533	 -0.004986	 -0.120609	 -0.050438	 -0.043120
 -0.019751	 -0.054866	 -0.081841	  0.007304	 -0.137301	 -0.001943	 -0.039350
 -0.029254	 -0.066048	 -0.102398	  0.013576	 -0.141831	  0.001763	 -0.051577
 -0.025516	 -0.068740	 -0.102683	  0.003915	 -0.095870	 -0.002735	 -0.034187
 -0.027353	 -0.038870	 -0.058433	  0.020196	 -0.043384	 -0.038275	 -0.021454
 -0.007524	 -0.070862	 -0.066542	  0.012277	 -0.075028	 -0.026112	 -0.021612
 -0.018801	 -0.065668	 -0.061379	  0.008255	 -0.113196	 -0.022881	 -0.011444
 -0.063716	 -0.044920	 -0.036672	 -0.009959	 -0.126373	 -0.062158	 -0.028612
 -0.056653	 -0.073428	 -0.033156	 -0.018353	 -0.156433	 -0.051388	  0.004773
 -0.017977	 -0.086447	 -0.081334	 -0.026303	 -0.162832	 -0.039320	 -0.025762
 -0.039548	 -0.062183	 -0.063564	  0.021273	 -0.173918	 -0.005681	 -0.069347
 -0.030362	 -0.029589	 -0.055804	  0.007716	 -0.163687	  0.006356	 -0.059306
 -0.042906	 -0.067346	 -0.086624	  0.005404	 -0.148546	 -0.010749	 -0.037862
 -0.040372	 -0.069405	 -0.080099	  0.003662	 -0.142274	 -0.007708	 -0.046319
 -0.041069	 -0.056514	 -0.091660	 -0.000044	 -0.137365	 -0.009799	 -0.034599
 -0.038281	 -0.024870	 -0.100244	  0.006164	 -0.125011	 -0.036945	  0.002873
 -0.043888	 -0.011440	 -0.085040	  0.009427	 -0.120704	 -0.014867	  0.010950
 -0.096627	 -0.022779	 -0.064420	 -0.013823	 -0.121844	 -0.003844	 -0.014010
 -0.117279	 -0.037223	 -0.100118	 -0.025100	 -0.117694	 -0.021392	 -0.008562
 -0.120257	 -0.050083	 -0.069583	 -0.034602	 -0.103377	 -0.050026	  0.027643
 -0.091432	 -0.049038	 -0.087669	 -0.022882	 -0.104264	 -0.073276	  0.000846
 -0.060422	 -0.040359	 -0.081873	 -0.030896	 -0.101477	 -0.064502	 -0.014897
 -0.054182	 -0.010141	 -0.022038	 -0.018828	 -0.102680	 -0.076475	  0.026915
 -0.015507	 -0.022653	 -0.038604	 -0.016040	 -0.081268	 -0.064597	  0.033535
 -0.006067	 -0.001050	 -0.009305	 -0.018226	 -0.084562	 -0.026618	  0.073351
 -0.018199	  0.004113	 -0.003286	 -0.022027	 -0.048959	 -0.009324	  0.068282
 -0.049653	 -0.000353	 -0.032903	 -0.064757	 -0.012311	 -0.010052	  0.016525
 -0.052820	 -0.061043	 -0.043704	 -0.044136	 -0.009935	  0.008003	  0.020865
 -0.057096	 -0.075550	 -0.034360	 -0.060703	 -0.033818	  0.048420	  0.059635
 -0.057128	 -0.099877	 -0.029735	 -0.096274	 -0.080824	  0.052095	  0.040313
 -0.041702	 -0.131584	 -0.053048	 -0.084301	 -0.091182	  0.036004	  0.007054
  0.027350	 -0.146028	 -0.037939	 -0.103718	 -0.075249	  0.017537	  0.010728
  0.016612	 -0.168106	 -0.034011	 -0.060766	 -0.056909	  0.021750	  0.019376
  0.000996	 -0.154834	 -0.037464	 -0.032100	 -0.065905	  0.018741	  0.045761
  0.040559	 -0.150716	 -0.055170	 -0.000329	 -0.058493	  0.008098	  0.073477
  0.034857	 -0.163893	 -0.056754	 -0.015565	 -0.094983	  0.031759	  0.073129
  0.018671	 -0.145870	 -0.072085	  0.005816	 -0.091372	  0.028465	  0.047630
  0.009453	 -0.126136	 -0.061981	 -0.000805	 -0.105975	  0.045506	  0.035340
  0.023460	  0.022931	  0.009853	  0.016706	 -0.045079	 -0.000717	  0.040199
  0.025614	  0.017800	  0.004626	 -0.008603	 -0.017426	  0.011889	  0.042163
  0.021528	 -0.003581	 -0.044597	 -0.043161	 -0.024838	  0.001341	  0.006623
  0.010220	  0.011623	 -0.020524	 -0.042337	 -0.013435	 -0.003188	 -0.016310
 -0.003369	  0.015899	 -0.048873	 -0.039993	 -0.030033	 -0.016967	 -0.032559
 -0.019491	 -0.005545	 -0.059041	 -0.016078	 -0.043305	 -0.020578	 -0.028029
 -0.025193	  0.016406	 -0.035982	 -0.020640	 -0.047074	 -0.017284	 -0.048808
 -0.012206	  0.004211	 -0.018940	 -0.042844	 -0.042988	 -0.023840	 -0.047858
 -0.004857	  0.004971	 -0.010768	 -0.024377	 -0.041563	 -0.037778	 -0.020047
  0.001414	  0.004338	  0.023346	 -0.029002	 -0.021196	 -0.025044	  0.028163
  0.016460	  0.007157	  0.002662	 -0.013829	  0.008072	 -0.009238	  0.050430
  0.019279	  0.011718	 -0.010515	  0.004606	  0.003385	  0.006916	  0.002569
  0.051588	  0.027334	 -0.024262	  0.053892	  0.009498	 -0.007876	 -0.063633
  0.026279	  0.025434	 -0.011433	  0.051390	  0.028091	  0.031465	 -0.061637
 -0.008183	  0.008297	  0.016885	  0.030738	  0.072848	  0.049488	  0.049448
 -0.024021	 -0.019799	  0.037062	  0.007805	  0.074306	  0.031971	  0.149764
 -0.019618	 -0.030695	  0.036682	  0.041254	  0.042662	  0.020758	  0.074947
 -0.043723	 -0.046786	  0.038804	  0.042331	  0.038798	 -0.007813	 -0.049347
 -0.035836	 -0.040958	  0.050872	  0.034064	  0.024924	 -0.006672	 -0.085362
  0.000654	 -0.030758	  0.064144	 -0.001920	  0.024354	  0.023166	  0.009284
 -0.002672	 -0.031170	  0.048116	 -0.042749	  0.013711	  0.043470	  0.091925
  0.002871	  0.019384	  0.068230	 -0.036192	  0.045703	  0.038813	  0.059774
 -0.029976	  0.025465	  0.033989	 -0.054374	  0.047572	  0.002482	 -0.048048
 -0.041727	  0.103703	 -0.034810	 -0.066474	  0.019951	 -0.039615	 -0.104462
 -0.052022	  0.093599	 -0.053276	 -0.039296	  0.045829	 -0.032393	 -0.060402
 -0.043755	  0.077540	 -0.031230	  0.005968	  0.044816	 -0.004740	  0.066743
 -0.030831	  0.046624	 -0.000917	  0.041761	  0.027584	 -0.023207	  0.067693
 -0.030356	  0.019764	  0.029143	  0.046734	 -0.002982	 -0.098848	 -0.024450
 -0.003400	 -0.010359	  0.018595	  0.012176	  0.000027	 -0.154469	 -0.090968
 -0.005839	 -0.026514	  0.029301	  0.033493	  0.021376	 -0.120799	 -0.031260
 -0.007043	 -0.030790	  0.016124	  0.024846	  0.029707	 -0.059570	  0.049543
 -0.008944	 -0.048370	  0.000318	  0.017878	  0.069586	 -0.061534	  0.051254
 -0.016641	 -0.049764	 -0.024547	  0.038371	  0.090713	 -0.104739	 -0.042442
 -0.013631	 -0.046596	 -0.057172	  0.056648	  0.077188	 -0.118803	 -0.136644
  0.016713	 -0.034464	 -0.038927	  0.075337	  0.074939	 -0.088458	 -0.118304
  0.038316	 -0.034844	 -0.054163	  0.071187	  0.087768	 -0.017315	 -0.014789
  0.031126	 -0.016156	 -0.065313	  0.048222	  0.119791	  0.013093	  0.070797
 -0.001088	 -0.021414	 -0.039371	  0.063078	  0.130561	 -0.003537	  0.041688
  0.016840	  0.002279	 -0.005415	  0.073183	  0.070378	 -0.033406	 -0.056696
  0.030207	  0.004433	  0.008332	  0.098650	  0.024322	 -0.013514	 -0.037659
  0.028180	 -0.001554	  0.050239	  0.092536	  0.066228	  0.005047	  0.044000
  0.010347	 -0.005133	  0.073805	  0.110560	  0.095148	  0.036058	  0.109695
  0.025044	 -0.011721	  0.092810	  0.098428	  0.115452	  0.010749	  0.075485
  0.022890	 -0.017866	  0.084828	  0.061431	  0.080989	 -0.037524	 -0.013871
 -0.015754	 -0.054166	  0.089421	  0.038593	  0.040381	 -0.045126	 -0.012097
 -0.022722	 -0.025374	  0.073963	  0.019366	  0.023403	 -0.002301	  0.086318
 -0.017686	 -0.006115	  0.064302	  0.015692	  0.045006	  0.060796	  0.174122
  0.006039	 -0.020559	  0.066171	  0.049965	  0.054572	  0.011731	  0.154959
  0.038601	 -0.025183	  0.054863	  0.047747	  0.027489	 -0.002966	  0.021954
  0.025836	  0.004116	  0.041971	  0.076730	  0.022326	 -0.021750	 -0.056189
  0.012722	 -0.004436	  0.054388	  0.034887	  0.057454	 -0.008161	  0.023443
 -0.005238	 -0.039881	  0.095503	  0.017244	  0.064201	  0.054081	  0.140895
  0.000971	 -0.025437	  0.077796	  0.019683	  0.075731	  0.037451	  0.145741
 -0.004256	 -0.028446	  0.056542	 -0.006037	  0.043676	  0.016007	  0.044539
 -0.019935	 -0.015713	  0.015396	 -0.004612	 -0.005421	 -0.012089	 -0.061162
 -0.018098	 -0.004341	  0.019355	  0.010656	  0.008484	 -0.035085	 -0.020744
 -0.017623	  0.014221	  0.019324	  0.048824	 -0.004851	  0.027727	  0.100382
 -0.010052	  0.001646	  0.007224	  0.021805	  0.005887	  0.015184	  0.148529
  0.030144	 -0.021066	  0.032564	 -0.025644	  0.007091	 -0.028180	  0.080142
  0.046140	 -0.014065	  0.052456	 -0.065872	  0.017575	 -0.048991	 -0.010070
  0.020515	 -0.009631	  0.047483	 -0.072809	  0.047096	 -0.001921	  0.006497
  0.028813	 -0.025722	  0.043017	 -0.072334	  0.062997	 -0.023872	  0.116410
  0.029605	 -0.005006	  0.060470	 -0.005594	  0.062364	  0.044673	  0.170955
  0.044588	 -0.010676	  0.070162	  0.000836	  0.065246	  0.042868	  0.097373
  0.039615	  0.001360	  0.068357	 -0.011359	  0.048490	 -0.002238	  0.001365
  0.019818	 -0.040514	  0.080425	 -0.022065	  0.018810	 -0.007559	 -0.032591
 -0.009482	 -0.041845	  0.084385	 -0.026880	  0.016118	  0.016387	  0.059870
 -0.027474	 -0.018405	  0.058664	 -0.002743	  0.033476	  0.068968	  0.120433
 -0.013695	 -0.025627	  0.059741	 -0.002300	  0.003606	  0.076349	  0.073458
  0.030175	 -0.020559	  0.044600	 -0.013418	 -0.019232	  0.027695	 -0.032369
  0.044683	 -0.023061	  0.005640	 -0.030459	 -0.024807	  0.007075	 -0.104399
  0.050258	 -0.028003	  0.037252	  0.008470	  0.014217	  0.049139	  0.017330
  0.024062	 -0.024993	  0.045519	  0.027570	  0.047255	  0.084901	  0.106115
  0.042561	  0.002976	  0.008586	  0.054589	  0.038829	  0.062443	  0.060725
  0.027451	 -0.045329	  0.004468	  0.051960	  0.018905	  0.008785	 -0.009056
  0.029700	 -0.028319	  0.041560	  0.081323	  0.007914	 -0.033660	 -0.069429
  0.003030	 -0.008807	  0.041908	  0.068115	  0.022421	  0.006600	  0.027941
  0.002175	 -0.001775	  0.048813	  0.077934	  0.039494	  0.052750	  0.113654
 -0.016799	  0.024959	  0.030030	  0.074988	  0.055142	  0.052180	  0.104468
 -0.014740	  0.004085	  0.053058	  0.063427	  0.043676	  0.013093	  0.002632
 -0.025478	 -0.012482	  0.021572	  0.030421	 -0.016191	 -0.019754	 -0.048175
 -0.015437	 -0.037854	  0.021604	  0.020222	 -0.013055	 -0.033628	 -0.009373
 -0.018604	 -0.067533	  0.048053	  0.007741	  0.007692	 -0.029035	  0.070639
 -0.038908	 -0.051791	  0.047483	  0.006728	 -0.022336	 -0.014211	  0.098608
 -0.035899	 -0.042193	 -0.019922	  0.004669	 -0.030128	 -0.005532	 -0.000789
 -0.023831	 -0.055655	 -0.042475	 -0.016142	 -0.028513	 -0.004518	 -0.100249
 -0.021075	 -0.039184	 -0.026606	 -0.011676	 -0.014132	  0.013726	 -0.057963
 -0.022817	 -0.033799	  0.010930	  0.020285	  0.044721	  0.042963	  0.071558
  0.018456	 -0.058854	  0.006020	  0.043376	  0.031322	  0.014898	  0.144348
  0.040407	 -0.054610	  0.044759	  0.074481	 -0.006657	  0.002672	  0.057842
  0.037778	 -0.062655	  0.039532	  0.074798	  0.005253	 -0.000527	 -0.065470
  0.019533	 -0.102345	  0.023663	  0.027000	  0.029263	  0.015849	 -0.113711
  0.024664	 -0.097118	  0.039564	 -0.003377	  0.062586	  0.053511	 -0.001644
 -0.005079	 -0.090150	  0.049130	  0.001913	  0.064043	  0.062285	  0.102061
 -0.019713	 -0.106842	  0.059171	  0.036028	  0.044246	  0.039479	  0.053629
  0.006989	 -0.098195	  0.050650	  0.061463	  0.006109	 -0.013261	 -0.026826
  0.016048	 -0.102756	  0.029460	  0.071789	 -0.030635	 -0.025044	 -0.069904
  0.010949	 -0.105259	  0.036048	  0.065707	 -0.023254	 -0.041832	 -0.032622
  0.023049	 -0.088344	  0.017645	  0.057978	 -0.020562	 -0.032013	  0.068042
  0.031284	 -0.063289	  0.021604	  0.043281	  0.022643	 -0.031506	  0.064906
  0.026660	 -0.024613	  0.000065	  0.023737	  0.031164	 -0.049909	 -0.025876
  0.019628	  0.012827	 -0.013112	  0.047209	  0.012285	 -0.050068	 -0.108358
 -0.032352	 -0.019482	 -0.012954	  0.054843	  0.013711	 -0.011265	 -0.049695
 -0.004414	 -0.034274	 -0.019542	  0.050091	  0.015294	  0.017274	  0.038014
  0.002713	 -0.030822	 -0.007569	  0.083350	  0.008294	  0.041252	  0.079096
 -0.018668	 -0.027052	 -0.004465	  0.107360	 -0.006942	  0.006029	 -0.015169
 -0.035677	 -0.010264	  0.017866	  0.103813	  0.014693	 -0.041769	 -0.116562
 -0.083159	 -0.026831	  0.053660	  0.060893	  0.023435	 -0.011234	 -0.059610
 -0.077045	 -0.042605	  0.039374	  0.067386	  0.029200	  0.038212	  0.083468
 -0.071439	 -0.022935	 -0.007600	  0.072961	  0.020426	  0.083190	  0.138108
 -0.059972	 -0.059900	 -0.016533	  0.035996	 -0.004724	  0.076982	  0.099717
 -0.053416	 -0.072696	 -0.008202	 -0.003567	  0.014281	  0.042646	  0.018945
 -0.075082	 -0.062719	  0.036808	  0.009864	  0.013172	  0.052465	  0.058412
 -0.084394	 -0.079507	  0.069592	  0.019968	  0.018430	  0.068018	  0.113084
 -0.060764	 -0.083371	  0.069244	 -0.001349	  0.023562	  0.101752	  0.141909
 -0.034347	 -0.076117	  0.044094	  0.003560	  0.021883	  0.089430	  0.066648
 -0.043628	 -0.050809	  0.028984	  0.005017	 -0.027689	  0.068525	 -0.008391
 -0.019935	  0.009628	  0.063574	 -0.007463	 -0.034879	  0.076634	 -0.000789
 -0.032162	  0.022425	  0.048877	  0.029597	 -0.026200	  0.089969	  0.037443
 -0.018573	  0.000854	  0.068769	  0.061811	 -0.023571	  0.088639	  0.057177
 -0.006663	 -0.004468	  0.056954	  0.091238	 -0.009349	  0.078756	  0.025850
 -0.006029	 -0.034021	  0.024898	  0.065866	 -0.050590	  0.057375	 -0.007536
  0.012849	 -0.049922	  0.014255	  0.023421	 -0.042260	  0.055221	 -0.019572
  0.024664	 -0.056954	  0.037790	  0.014330	 -0.041943	  0.020600	 -0.018464
  0.004582	 -0.084163	  0.011246	  0.014963	 -0.023318	  0.038592	 -0.006490
 -0.020695	 -0.089833	  0.029048	  0.026652	 -0.026612	  0.036659	 -0.022043
 -0.017242	 -0.041781	  0.048782	  0.029882	 -0.037635	  0.025890	  0.014194
 -0.015627	 -0.015364	  0.031233	  0.041286	 -0.042070	  0.020917	  0.030792
 -0.007170	 -0.033261	  0.025849	  0.039924	 -0.054106	  0.035931	  0.043430
  0.008351	 -0.037569	 -0.011243	  0.057630	 -0.057210	  0.049456	  0.055657
  0.018614	 -0.035668	 -0.017135	  0.060988	 -0.050622	  0.029786	  0.075010
  0.033850	 -0.012102	  0.033767	  0.038371	 -0.038744	  0.005079	  0.053059
  0.009872	 -0.027496	  0.064714	  0.058042	 -0.031205	  0.000740	  0.096423
  0.005881	 -0.020274	  0.044284	  0.036851	 -0.029019	 -0.020736	  0.127750
  0.008795	 -0.040451	  0.026545	  0.041381	 -0.012548	 -0.007749	  0.085241
  0.021306	 -0.053470	  0.057904	  0.036249	 -0.012580	 -0.017695	  0.052679
  0.015193	 -0.040958	  0.052836	  0.010370	  0.000819	 -0.005912	  0.041244
  0.028845	 -0.019609	  0.072570	  0.027729	  0.010416	  0.015120	  0.068644
  0.050004	 -0.033197	  0.109186	  0.028172	  0.012317	 -0.000084	  0.093414
  0.032995	 -0.033071	  0.123219	  0.047747	  0.046811	  0.032795	  0.089549
 -0.027093	 -0.028414	  0.096390	  0.030421	  0.052513	  0.032415	  0.083404
 -0.050977	 -0.050587	  0.059805	  0.033747	  0.024195	  0.044420	  0.059521
 -0.100200	 -0.041591	  0.059329	  0.038593	  0.034078	  0.043248	  0.028226
 -0.092978	 -0.063511	  0.064366	  0.048444	  0.035218	  0.046669	  0.024393
 -0.057185	 -0.079792	  0.071208	  0.040082	  0.022516	 -0.009682	  0.020402
 -0.027632	 -0.085303	  0.075357	  0.048571	  0.028313	 -0.039108	 -0.020459
  0.013578	 -0.098353	  0.056764	  0.053259	  0.053843	 -0.017980	 -0.037849
  0.011107	 -0.063162	  0.095471	  0.061178	  0.075953	  0.031338	 -0.028251
  0.012279	 -0.052012	  0.062117	  0.071345	  0.071930	  0.035551	 -0.017482
 -0.014138	 -0.038107	  0.062180	  0.039290	  0.054318	  0.018985	 -0.028093
 -0.009957	 -0.039976	  0.041021	  0.024434	 -0.006023	  0.023229	 -0.019382
  0.015858	 -0.041243	  0.023030	  0.019841	 -0.011440	  0.016641	 -0.048238
  0.013166	 -0.046564	  0.028636	 -0.006227	 -0.001272	  0.011224	 -0.048713
 -0.003971	 -0.002346	  0.003454	  0.031308	 -0.009634	  0.046954	 -0.025432
  0.005944	 -0.032184	  0.006273	  0.020190	  0.011493	  0.084046	 -0.013174
  0.025393	 -0.027369	  0.019609	  0.011511	  0.008769	  0.075018	 -0.023690
  0.057290	 -0.006147	  0.004499	  0.024909	  0.019190	  0.051642	 -0.025084
  0.025171	  0.021854	  0.015079	  0.041381	  0.022041	 -0.002206	 -0.002974
  0.040248	  0.007157	  0.041370	  0.072676	  0.043802	 -0.040122	 -0.021694
  0.049909	 -0.035795	  0.051822	  0.060481	  0.067274	 -0.062516	 -0.002689
  0.031728	 -0.041179	  0.038772	  0.065549	  0.084062	 -0.033850	  0.036937
  0.024379	 -0.004309	  0.019894	  0.033462	  0.051119	 -0.058778	  0.054358
  0.017252	 -0.002979	  0.010676	  0.043566	  0.055490	  0.000455	  0.074060
 -0.006188	 -0.013083	  0.010898	  0.073848	  0.054889	 -0.011899	  0.069879
 -0.001278	 -0.013083	  0.023758	  0.077015	  0.038861	  0.003622	  0.065444
 -0.024718	  0.033131	  0.059995	  0.006791	  0.030562	 -0.002966	  0.082201
 -0.019111	  0.036583	  0.041306	  0.010497	  0.013996	 -0.001193	  0.051000
 -0.030831	  0.015836	  0.016346	 -0.007748	  0.001516	 -0.006324	  0.036525
 -0.038972	  0.021538	  0.045487	  0.009484	  0.002719	  0.003939	  0.073110
 -0.048823	 -0.005766	  0.083941	  0.040874	 -0.015937	  0.038338	  0.084260
 -0.020948	  0.010831	  0.114983	  0.092821	  0.008421	  0.049298	  0.084576
 -0.033587	 -0.003866	  0.099209	  0.074260	 -0.005896	  0.042298	  0.077481
 -0.077394	 -0.010138	  0.089263	  0.075115	 -0.005231	  0.060986	  0.100002
 -0.069443	 -0.022111	  0.082674	  0.050883	  0.032336	  0.046637	  0.085463
 -0.072674	  0.011813	  0.090055	  0.048698	  0.056124	  0.018383	  0.064969
 -0.055348	  0.000537	  0.065760	  0.038371	  0.030372	  0.043628	  0.059648
 -0.030166	 -0.021351	  0.088471	  0.060354	  0.027046	  0.046194	  0.041561
 -0.051959	 -0.019038	  0.080013	  0.066056	  0.067875	  0.065167	  0.001017
 -0.048854	 -0.049732	  0.034749	  0.070395	  0.055744	  0.063964	 -0.011242
 -0.047841	 -0.037283	  0.057904	  0.061970	  0.054508	  0.067004	  0.009791
 -0.023958	 -0.022396	  0.082801	  0.076477	  0.071708	  0.013346	  0.032692
 -0.028456	 -0.022143	  0.087014	  0.060861	  0.072690	 -0.004012	  0.011058
 -0.053986	 -0.033958	  0.058633	  0.066658	  0.065722	 -0.012881	  0.033167
 -0.043818	 -0.039722	  0.069371	  0.060354	  0.036865	  0.002640	  0.027909
 -0.032130	 -0.034559	  0.085873	  0.063110	  0.071138	  0.019713	  0.021447
 -0.044325	 -0.025247	  0.072918	  0.049806	  0.099582	  0.033397	  0.029620
 -0.002387	 -0.037949	  0.086444	  0.037453	  0.108737	  0.021867	  0.051887
 -0.006124	 -0.042447	  0.059171	  0.048318	  0.105062	  0.030483	  0.049195
 -0.018541	 -0.011816	  0.025912	  0.045435	  0.098664	  0.036945	  0.004374
  0.019216	 -0.035985	 -0.009976	  0.061621	  0.097492	  0.059181	 -0.045483
  0.030492	 -0.071239	 -0.011782	  0.036091	  0.055680	  0.043438	 -0.071171
  0.025139	 -0.047356	  0.015776	 -0.013418	  0.046495	  0.052085	 -0.055935
  0.012627	  0.017705	  0.048243	  0.003687	  0.050296	  0.035487	 -0.021283
 -0.008342	 -0.017391	  0.064429	  0.025986	  0.057233	  0.035361	 -0.022930
 -0.036659	 -0.030315	  0.064873	  0.043978	  0.064898	  0.059941	  0.016316
 -0.050723	 -0.015332	  0.088851	  0.050123	  0.053368	  0.100929	 -0.016753
 -0.027569	  0.000885	  0.113273	  0.004099	  0.061984	  0.072833	 -0.018812
  0.011677	  0.017800	  0.115015	  0.042077	  0.059513	  0.062506	 -0.020206
  0.068091	  0.003071	  0.115933	  0.081355	  0.072247	  0.034410	 -0.021948
  0.069865	  0.002311	  0.132373	  0.143787	  0.073640	  0.045782	  0.004121
  0.036384	 -0.010644	  0.121857	  0.116039	  0.092962	  0.051990	  0.022809
 -0.004572	 -0.003771	  0.091607	  0.094659	  0.090967	  0.070964	  0.046946
  0.005564	 -0.022459	  0.090435	  0.100202	  0.132683	  0.087118	  0.065223
  0.011107	 -0.008839	  0.093000	  0.105365	  0.137688	  0.072738	  0.073078
  0.013926	  0.027017	  0.057587	  0.116800	  0.111397	  0.090602	  0.054896
  0.017569	  0.033764	  0.077923	  0.089432	  0.098696	  0.087055	  0.051159
  0.034167	  0.046878	  0.097910	  0.099790	  0.119760	  0.067258	  0.060281
  0.009365	  0.040131	  0.103548	  0.097826	  0.113266	  0.043470	  0.056829
  0.010537	  0.032054	  0.094331	  0.102102	  0.092297	  0.054208	  0.075802
  0.021908	  0.019447	  0.086253	  0.092061	  0.086532	  0.037800	  0.062784
  0.029320	  0.006207	  0.124200	  0.070997	  0.071962	  0.055760	  0.079033
 -0.003210	 -0.002821	  0.121857	  0.079074	  0.047635	  0.043786	  0.047833
  0.016967	 -0.015016	  0.119291	  0.073214	  0.070536	  0.028456	  0.045489
