:RUN-6	LEVEL SWEEP	TEMP:NaN	8/27/2019	6:48 PM	HR:-575.98:SW EAR: R	SW FREQ: 32.00	# AVERAGES: 512	REP RATE (/sec): 80	DRIVER: 	SAMPLE (µsec): 40	MASKER dB: 2147483647:NOTES-:CHAMBER-SEWELL-PXI1:CFTS Version: V2.7.2 (R850):LEVELS:20;30;40;50;60;70;80;:DATA  0.008673	  0.032839	 -0.019968	  0.023926	 -0.056708	 -0.018229	 -0.061000
  0.006772	  0.058306	 -0.034856	  0.015880	 -0.050468	 -0.065679	 -0.050421
 -0.028831	  0.091692	 -0.037548	  0.026935	 -0.042644	 -0.052850	 -0.037434
 -0.032188	  0.061189	 -0.012239	  0.017591	 -0.031907	 -0.029696	 -0.023433
 -0.043180	  0.005092	  0.011644	 -0.019596	 -0.035391	 -0.030994	 -0.014913
 -0.056103	  0.013074	  0.033848	 -0.050321	 -0.033300	 -0.041289	 -0.031004
 -0.069470	 -0.007072	  0.015667	 -0.049371	 -0.036151	 -0.026877	 -0.035565
 -0.099372	 -0.029656	  0.012531	 -0.058335	 -0.026458	 -0.044203	 -0.043706
 -0.050782	 -0.019773	 -0.002673	 -0.047470	 -0.017748	 -0.054086	 -0.050991
 -0.041469	 -0.026267	 -0.034095	 -0.023650	 -0.021485	 -0.064032	 -0.064136
  0.008483	 -0.002859	 -0.004922	 -0.019913	 -0.011444	 -0.053420	 -0.073449
  0.004967	 -0.009384	  0.012594	 -0.024506	 -0.001308	 -0.039958	 -0.046335
  0.031827	 -0.033647	  0.006512	 -0.018329	  0.035847	 -0.035809	 -0.039271
  0.034646	 -0.051132	  0.003852	 -0.003030	  0.026851	 -0.003595	 -0.017130
  0.046493	 -0.033774	  0.009522	  0.005364	  0.052381	  0.001758	  0.046632
  0.054919	 -0.030701	  0.019246	  0.024021	  0.050418	  0.045153	  0.085973
  0.054792	 -0.014769	  0.021020	  0.015849	  0.047440	  0.110943	  0.109951
  0.056376	 -0.005741	 -0.015122	  0.024433	  0.047694	  0.118830	  0.121988
  0.062933	 -0.007515	 -0.020443	  0.064977	  0.059889	  0.135333	  0.109286
  0.050516	  0.010097	  0.035432	  0.095544	  0.044494	  0.148700	  0.114956
  0.027076	  0.015988	  0.069546	  0.088607	  0.069106	  0.156935	  0.138269
  0.024384	 -0.021864	  0.111326	  0.103146	  0.084437	  0.152311	  0.136939
  0.017447	 -0.045050	  0.094538	  0.086326	  0.109682	  0.178094	  0.136083
 -0.010871	 -0.051607	  0.062419	  0.065611	  0.132267	  0.176542	  0.129273
 -0.016573	 -0.025285	  0.036509	  0.061113	  0.116492	  0.162954	  0.102698
 -0.020469	 -0.071024	  0.008571	  0.053162	  0.090772	  0.174515	  0.133644
  0.011048	 -0.064816	  0.023459	  0.023673	  0.099261	  0.177841	  0.147613
  0.008229	 -0.061046	  0.046962	  0.047777	  0.095872	  0.201883	  0.187271
 -0.020215	 -0.036118	  0.014843	  0.062126	  0.105976	  0.211797	  0.218439
 -0.050560	  0.012631	  0.006893	  0.069443	  0.130271	  0.254020	  0.252775
 -0.044098	  0.031541	 -0.014837	  0.052085	  0.144620	  0.300298	  0.325248
 -0.012676	  0.026156	 -0.010149	  0.070109	  0.156213	  0.297352	  0.323855
 -0.001970	  0.017699	  0.026531	  0.105933	  0.158050	  0.290447	  0.315112
  0.016718	 -0.016257	  0.058967	  0.130577	  0.155770	  0.275433	  0.307859
  0.009370	 -0.041978	  0.098783	  0.140713	  0.158684	  0.245088	  0.269912
  0.015325	 -0.000071	  0.091719	  0.105300	  0.132932	  0.171094	  0.196045
  0.019221	  0.018395	  0.106448	  0.127441	  0.134104	  0.076068	  0.067095
  0.015800	  0.023875	  0.092479	  0.112300	  0.076233	  0.037203	 -0.072182
  0.028121	  0.042975	  0.066442	  0.043470	  0.033915	 -0.015980	 -0.172941
  0.053050	  0.033758	  0.069736	  0.037420	  0.014434	 -0.041289	 -0.246174
  0.048489	  0.032301	  0.048387	  0.020505	  0.014434	 -0.076417	 -0.346300
  0.004840	  0.001481	  0.048862	 -0.002776	 -0.025445	 -0.102359	 -0.410126
  0.028723	  0.018332	  0.019309	 -0.019533	 -0.069505	 -0.114522	 -0.460236
  0.033760	  0.048424	  0.022635	 -0.058937	 -0.089302	 -0.145374	 -0.452634
  0.065150	  0.017287	 -0.012239	 -0.060520	 -0.143657	 -0.173026	 -0.444493
  0.041837	 -0.027027	 -0.009705	 -0.054090	 -0.158925	 -0.174642	 -0.411171
  0.023718	 -0.053951	 -0.011828	 -0.060045	 -0.119901	 -0.146673	 -0.344083
  0.023243	 -0.051037	 -0.025828	 -0.063213	 -0.116258	 -0.138089	 -0.282442
 -0.008654	 -0.044037	 -0.023484	 -0.058367	 -0.081573	 -0.095073	 -0.163628
 -0.005803	 -0.025633	 -0.011067	 -0.046140	 -0.004222	 -0.020225	 -0.059068
  0.013551	 -0.057087	  0.005119	 -0.052317	  0.035530	  0.085096	  0.019170
  0.010003	 -0.032855	 -0.005176	 -0.042529	  0.041232	  0.133717	  0.088824
  0.008229	 -0.021610	 -0.043059	 -0.022922	  0.070151	  0.191208	  0.176850
  0.022927	 -0.037860	 -0.009610	  0.003115	  0.060110	  0.226368	  0.220942
  0.061666	 -0.020819	  0.013513	  0.022342	  0.056911	  0.230802	  0.169596
  0.025366	 -0.034027	  0.064795	  0.045814	  0.078387	  0.202421	  0.155025
  0.020614	 -0.038303	  0.077782	  0.058991	  0.072274	  0.183986	  0.126391
  0.030940	 -0.039000	  0.048514	  0.087657	  0.072780	  0.163460	  0.145111
  0.018809	  0.003920	  0.033500	  0.108024	  0.033661	  0.152406	  0.162216
  0.024954	  0.018585	  0.036699	  0.116038	  0.021530	  0.183321	  0.171370
  0.036674	  0.003065	  0.057003	  0.118825	  0.012344	  0.156967	  0.141785
  0.019854	  0.014088	  0.065840	  0.109069	  0.028625	  0.111323	  0.097535
 -0.017396	  0.020613	  0.088647	  0.050407	  0.045033	  0.088010	  0.042166
 -0.001305	  0.007784	  0.085732	  0.051103	  0.058400	  0.088960	 -0.032461
 -0.004568	  0.016938	  0.032676	  0.037103	  0.051051	  0.105748	 -0.081177
 -0.015591	 -0.008497	  0.004897	  0.030514	  0.056436	  0.095612	 -0.128279
  0.017478	 -0.019615	 -0.004764	  0.058104	  0.035815	  0.039071	 -0.180004
  0.007089	  0.005345	 -0.038783	  0.082209	  0.017475	 -0.021017	 -0.230020
 -0.002097	 -0.006565	 -0.071757	  0.098838	 -0.037640	 -0.050095	 -0.247441
 -0.003111	 -0.021420	 -0.075115	  0.069443	 -0.021865	 -0.068244	 -0.250735
 -0.012962	 -0.019900	 -0.071599	  0.065642	  0.004140	 -0.118798	 -0.253491
 -0.034311	  0.019409	 -0.061431	  0.062000	 -0.026743	 -0.113002	 -0.281841
 -0.030668	  0.066352	 -0.051168	  0.083095	 -0.050088	 -0.105843	 -0.263786
 -0.015527	  0.053143	 -0.085251	  0.055855	 -0.049486	 -0.078666	 -0.267808
 -0.029781	  0.028500	 -0.088925	  0.047809	 -0.038115	 -0.090481	 -0.159416
 -0.058289	  0.042405	 -0.028837	  0.033080	 -0.047934	 -0.063398	 -0.083046
 -0.041469	  0.073067	 -0.014710	  0.032953	 -0.001815	 -0.027003	 -0.017542
 -0.055850	  0.057198	  0.017852	  0.027030	 -0.004919	 -0.026465	  0.019328
 -0.036940	  0.030400	  0.030396	 -0.024632	  0.004140	  0.028777	  0.039220
 -0.045397	  0.024255	  0.065302	  0.014772	 -0.004032	  0.047497	  0.020310
 -0.047678	  0.046048	  0.065397	  0.012745	  0.011109	  0.064855	  0.044669
 -0.048818	  0.087606	  0.068089	  0.031370	  0.040693	  0.081136	  0.085846
 -0.027374	  0.089950	  0.071035	 -0.003061	  0.064228	  0.097639	  0.121259
 -0.020595	  0.065623	  0.070085	 -0.001889	  0.072084	  0.106698	  0.089869
  0.006107	  0.094670	  0.073157	  0.008944	  0.098881	  0.080915	  0.089267
 -0.007292	  0.109969	  0.093398	  0.006948	  0.092609	  0.067326	  0.088792
 -0.006531	  0.086972	  0.110756	  0.016577	  0.105976	  0.081326	  0.116667
  0.001831	  0.070375	  0.115285	  0.015659	  0.114940	  0.104418	  0.148342
 -0.011916	  0.008418	  0.112150	  0.035234	  0.076106	  0.109517	  0.128260
 -0.003617	 -0.032507	  0.121652	  0.056108	  0.048612	  0.126400	  0.113151
 -0.018536	 -0.046381	  0.126087	  0.062221	  0.079559	  0.187249	  0.086258
  0.003415	 -0.027534	  0.118516	  0.061620	  0.095935	  0.193964	  0.070864
  0.028090	 -0.030986	  0.116806	  0.034379	  0.099356	  0.197543	  0.076534
  0.047982	 -0.018886	  0.100651	  0.066117	  0.120578	  0.176954	  0.059746
  0.026474	  0.000341	  0.097167	  0.058389	  0.127990	  0.184968	  0.070991
 -0.005328	  0.029577	  0.085922	  0.068430	  0.097265	  0.181167	  0.078846
 -0.029021	  0.025522	  0.046518	  0.071946	  0.078165	  0.186140	  0.075710
 -0.059651	  0.033410	  0.074836	  0.089114	  0.054124	  0.164664	  0.084548
 -0.032030	  0.016717	  0.071225	  0.071502	  0.049879	  0.152786	  0.111725
 -0.011885	  0.011997	  0.081520	  0.116956	  0.067110	  0.159913	  0.114259
 -0.015591	  0.015323	  0.065619	  0.131875	  0.028498	  0.150664	  0.077928
 -0.011061	  0.026378	  0.055799	  0.149107	  0.017950	  0.131944	  0.093670
 -0.027310	  0.006581	  0.028970	  0.145781	  0.047947	  0.153641	  0.076977
 -0.020310	  0.015576	  0.023839	  0.130989	  0.040693	  0.180755	  0.095951
  0.006709	  0.015545	 -0.020792	  0.129183	  0.062771	  0.177746	  0.098548
  0.035882	  0.031129	  0.009775	  0.120156	  0.089948	  0.188484	  0.115906
  0.030972	  0.028943	  0.043319	  0.126934	  0.107338	  0.195864	  0.075267
  0.019442	  0.025427	  0.046645	  0.105490	  0.110031	  0.203371	  0.083154
  0.029230	  0.002463	  0.006766	  0.096843	  0.128497	  0.220666	  0.079100
  0.016782	 -0.001212	 -0.017086	  0.110305	  0.124221	  0.184334	  0.038112
  0.019569	 -0.000958	 -0.005556	  0.083476	  0.113768	  0.171949	  0.046822
  0.021501	 -0.021832	  0.002933	  0.113060	  0.133660	  0.176606	  0.062185
  0.017098	 -0.004189	  0.007051	  0.128233	  0.121465	  0.182877	  0.040519
  0.008641	  0.013327	  0.033056	  0.118540	  0.124253	  0.167293	  0.025822
 -0.001527	  0.032713	  0.055007	  0.100644	  0.129859	  0.136188	 -0.015895
 -0.020469	  0.016907	  0.042559	  0.111191	  0.114180	  0.151962	 -0.027805
 -0.030351	 -0.027851	  0.053455	  0.107042	  0.115130	  0.133464	 -0.044973
  0.002876	 -0.008370	  0.074234	  0.098870	  0.114243	  0.133971	 -0.072498
 -0.016002	 -0.003429	  0.128779	  0.095702	  0.116904	  0.105906	 -0.098694
 -0.052777	  0.009590	  0.168753	  0.109228	  0.087921	  0.075815	 -0.113835
 -0.044003	  0.047885	  0.126594	  0.103716	  0.097170	  0.009613	 -0.091599
 -0.005391	  0.047505	  0.113765	  0.087467	  0.048866	 -0.030487	 -0.096065
 -0.003142	  0.012916	  0.099131	  0.037451	  0.056531	 -0.028999	 -0.116147
  0.032556	  0.033600	  0.071574	  0.036628	  0.053997	 -0.016962	 -0.101925
  0.019379	  0.029038	  0.069451	  0.004161	  0.040440	 -0.006699	 -0.112093
  0.013329	  0.018522	  0.074899	  0.033777	 -0.007010	  0.013826	 -0.157578
  0.020868	  0.022798	  0.104041	  0.039922	 -0.003209	 -0.009138	 -0.172529
  0.012664	  0.048234	  0.091592	  0.023546	 -0.016259	 -0.031818	 -0.203603
  0.000374	  0.036957	  0.057795	  0.008912	 -0.030830	 -0.053927	 -0.225332
  0.016338	  0.008766	  0.033880	 -0.000337	 -0.056265	 -0.081706	 -0.266668
  0.005220	 -0.000483	  0.037966	 -0.043511	 -0.092723	 -0.087186	 -0.337051
 -0.011093	  0.023717	  0.048704	 -0.082630	 -0.137449	 -0.114554	 -0.373034
  0.003541	 -0.010619	  0.037523	 -0.094888	 -0.134186	 -0.154211	 -0.415542
 -0.027786	  0.000562	  0.038663	 -0.089757	 -0.132602	 -0.175339	 -0.458969
 -0.046569	 -0.035453	  0.030586	 -0.108065	 -0.156802	 -0.214711	 -0.492006
 -0.023478	 -0.015497	  0.001856	 -0.104961	 -0.166685	 -0.226938	 -0.491531
 -0.037542	 -0.005488	  0.030491	 -0.097961	 -0.197758	 -0.231309	 -0.459919
 -0.026740	 -0.027375	  0.014241	 -0.066634	 -0.193957	 -0.252563	 -0.461440
 -0.048818	 -0.052716	  0.009363	 -0.069896	 -0.179799	 -0.245436	 -0.423303
 -0.063990	 -0.064816	 -0.021964	 -0.050796	 -0.200926	 -0.237771	 -0.409017
 -0.101779	 -0.074888	 -0.029978	 -0.054122	 -0.224651	 -0.232544	 -0.415289
 -0.086860	 -0.078784	 -0.072137	 -0.115065	 -0.220438	 -0.224784	 -0.426312
 -0.067855	 -0.070454	 -0.070712	 -0.136446	 -0.222053	 -0.228078	 -0.447914
 -0.071719	 -0.028167	 -0.047969	 -0.111898	 -0.229687	 -0.237612	 -0.479051
 -0.079480	 -0.033901	 -0.043059	 -0.112120	 -0.197727	 -0.226653	 -0.488427
 -0.114829	 -0.019837	 -0.047082	 -0.085576	 -0.173083	 -0.182117	 -0.456182
 -0.111250	  0.000055	 -0.075812	 -0.060679	 -0.172925	 -0.156460	 -0.450955
 -0.153061	 -0.000420	 -0.083255	 -0.041769	 -0.170898	 -0.134699	 -0.398913
 -0.116286	  0.005345	 -0.080310	 -0.043954	 -0.154902	 -0.113572	 -0.397709
 -0.126644	 -0.019108	 -0.061273	 -0.062801	 -0.133553	 -0.116011	 -0.378482
 -0.119327	 -0.035484	 -0.061083	 -0.038696	 -0.113249	 -0.130677	 -0.350924
 -0.143717	  0.010920	 -0.082875	 -0.037714	 -0.098488	 -0.133622	 -0.370246
 -0.126137	  0.012250	 -0.061653	 -0.040628	 -0.085153	 -0.111956	 -0.341770
 -0.097281	  0.013011	 -0.055761	 -0.026976	 -0.054048	 -0.067136	 -0.282569
 -0.100766	  0.031731	 -0.040747	  0.014138	 -0.048188	 -0.035587	 -0.275062
 -0.112517	  0.023749	 -0.021964	  0.051800	 -0.022277	 -0.030646	 -0.250640
 -0.088951	 -0.028389	 -0.012841	  0.045497	 -0.027979	 -0.002550	 -0.242880
 -0.071498	 -0.045399	 -0.029787	  0.023482	 -0.051957	  0.055764	 -0.209336
 -0.092562	 -0.041218	 -0.043915	  0.058167	 -0.059971	  0.049208	 -0.229988
 -0.071434	 -0.034851	 -0.001058	  0.067448	 -0.065862	  0.057918	 -0.240599
 -0.076185	 -0.038525	  0.011961	  0.044293	 -0.068460	  0.045533	 -0.232395
 -0.047393	 -0.032158	  0.010694	  0.025636	 -0.075460	 -0.006256	 -0.222513
 -0.037352	 -0.077232	  0.001254	  0.053669	 -0.042930	 -0.025261	 -0.215512
 -0.030605	 -0.062535	 -0.003940	  0.037261	 -0.042264	 -0.041384	 -0.232332
 -0.037922	 -0.077549	 -0.009895	  0.035234	 -0.034852	 -0.016994	 -0.258559
 -0.037257	 -0.056548	  0.016807	  0.035456	 -0.032730	 -0.001600	 -0.267777
 -0.035863	 -0.065227	  0.013133	  0.032447	 -0.025001	 -0.003880	 -0.251242
 -0.060475	 -0.057245	  0.060075	  0.017591	 -0.016734	 -0.032483	 -0.259731
 -0.065289	 -0.030796	  0.025898	  0.012364	 -0.002258	 -0.013193	 -0.271198
 -0.088539	 -0.037543	 -0.010814	 -0.054851	  0.004393	  0.027827	 -0.275125
 -0.087874	 -0.056612	 -0.013950	 -0.035275	  0.023430	  0.021523	 -0.278451
 -0.084928	 -0.050150	 -0.011574	  0.000771	 -0.005869	 -0.011894	 -0.251306
 -0.043623	 -0.067318	  0.014970	 -0.020134	 -0.015879	 -0.031533	 -0.233631
 -0.059683	 -0.067730	 -0.018511	 -0.021465	 -0.015087	 -0.037298	 -0.200498
 -0.035166	 -0.065829	 -0.037548	 -0.061819	 -0.010779	 -0.074833	 -0.192611
 -0.044352	 -0.077707	 -0.041096	 -0.075249	 -0.001277	 -0.100902	 -0.172878
 -0.023129	 -0.093418	 -0.050630	 -0.066000	 -0.027757	 -0.114902	 -0.177470
 -0.019993	 -0.070169	 -0.050503	 -0.009206	 -0.075872	 -0.078824	 -0.130338
  0.008609	 -0.083314	 -0.049996	  0.011002	 -0.112457	 -0.072996	 -0.099169
  0.000817	 -0.060951	 -0.077110	 -0.019026	 -0.143752	 -0.061213	 -0.121278
  0.009750	 -0.051449	 -0.090667	 -0.030175	 -0.147078	 -0.068878	 -0.149533
  0.018587	 -0.061110	 -0.061336	  0.001341	 -0.119045	 -0.092983	 -0.140410
 -0.008400	 -0.024715	 -0.023041	 -0.009080	 -0.112489	 -0.111101	 -0.101988
 -0.019708	 -0.049485	 -0.014172	  0.006378	 -0.128928	 -0.093743	 -0.092897
 -0.030510	 -0.058702	 -0.021362	 -0.017347	 -0.135358	 -0.110436	 -0.085200
 -0.026867	 -0.065512	  0.018739	 -0.081394	 -0.125380	 -0.118418	 -0.119093
 -0.030605	 -0.096681	  0.009743	 -0.104612	 -0.103113	 -0.107522	 -0.150198
 -0.016192	 -0.080527	 -0.005968	 -0.068218	 -0.110493	 -0.107902	 -0.164262
 -0.025157	 -0.087210	 -0.048983	 -0.072145	 -0.110651	 -0.091557	 -0.141076
 -0.045967	 -0.127723	 -0.006158	 -0.078480	 -0.153381	 -0.086711	 -0.089096
 -0.054013	 -0.120374	  0.023775	 -0.076580	 -0.167952	 -0.084336	 -0.092105
 -0.054931	 -0.098423	 -0.012271	 -0.086304	 -0.164975	 -0.103562	 -0.103857
 -0.057434	 -0.094305	 -0.009642	 -0.050131	 -0.152906	 -0.104481	 -0.072213
 -0.056103	 -0.089522	  0.024156	 -0.025361	 -0.162821	 -0.086933	 -0.075951
 -0.042135	 -0.071721	  0.007146	 -0.047122	 -0.134028	 -0.079394	 -0.060557
 -0.041564	 -0.076947	 -0.005207	 -0.059729	 -0.128833	 -0.048542	 -0.044719
 -0.042800	 -0.055250	 -0.009484	 -0.065684	 -0.106502	 -0.038881	 -0.022135
 -0.052207	 -0.054521	 -0.000139	 -0.050859	 -0.090031	 -0.041986	 -0.026981
 -0.060379	 -0.071657	  0.005531	 -0.048072	 -0.073148	 -0.005654	  0.001717
 -0.101747	 -0.055915	  0.005689	 -0.049497	 -0.062790	  0.018609	 -0.004998
 -0.096014	 -0.049326	  0.011422	 -0.029542	 -0.070709	  0.049113	  0.034279
 -0.098675	 -0.067160	  0.005657	 -0.003632	 -0.052400	  0.064158	  0.047646
 -0.101842	 -0.063992	 -0.015850	 -0.042212	 -0.040617	  0.073534	  0.045555
 -0.058637	 -0.056390	 -0.016547	 -0.026786	 -0.056550	  0.082150	  0.090091
 -0.044605	 -0.060349	  0.009205	 -0.038823	 -0.040364	  0.059502	  0.065353
 -0.043750	 -0.059843	  0.006037	 -0.046045	 -0.043785	  0.051298	  0.076597
 -0.054298	 -0.064721	  0.017187	 -0.062294	 -0.061935	  0.042461	  0.072258
 -0.024301	 -0.045304	  0.004422	 -0.053964	 -0.047206	  0.053167	  0.074507
  0.020107	 -0.072956	 -0.006474	 -0.047629	 -0.070709	  0.015283	  0.076661
  0.012822	 -0.118600	 -0.027032	 -0.029035	 -0.053889	  0.031438	  0.050940
 -0.006025	 -0.110681	 -0.059024	 -0.036954	 -0.066908	  0.057887	  0.010142
 -0.005169	 -0.123067	 -0.031371	 -0.010537	 -0.058482	  0.058805	 -0.000057
 -0.015496	 -0.126076	 -0.059372	  0.009514	 -0.054396	  0.087155	  0.001527
  0.042366	 -0.013293	 -0.015302	  0.011253	  0.000662	 -0.091776	  0.013649
  0.039578	 -0.005944	 -0.028036	  0.004221	 -0.008239	 -0.119017	  0.031514
  0.035017	 -0.027420	 -0.004374	  0.017429	 -0.025185	 -0.083635	  0.017830
  0.008156	 -0.017505	  0.008391	  0.031335	 -0.020972	 -0.033937	 -0.020054
 -0.021270	 -0.035782	  0.001992	  0.002384	 -0.004691	 -0.023136	 -0.001587
 -0.030456	 -0.029890	  0.008359	  0.028484	  0.023753	  0.002996	 -0.028131
 -0.026655	 -0.028497	  0.006142	 -0.022513	  0.056189	  0.027862	 -0.010709
 -0.024564	 -0.051715	 -0.017393	 -0.009558	  0.074941	  0.043668	  0.006174
 -0.027985	 -0.089788	 -0.031140	 -0.019789	  0.045451	 -0.000234	 -0.059711
 -0.042429	 -0.037683	 -0.036398	 -0.014658	 -0.005736	 -0.008533	 -0.034529
 -0.019971	  0.009482	 -0.031362	 -0.012694	  0.006332	  0.062641	  0.145323
 -0.029442	  0.038813	  0.011875	 -0.024445	  0.012730	  0.066601	  0.098697
  0.007491	  0.072769	  0.029803	 -0.007372	 -0.020180	 -0.011226	 -0.106401
  0.011197	  0.078851	  0.027079	  0.007547	  0.022138	 -0.011828	 -0.017678
  0.016519	  0.060669	  0.005128	 -0.008449	  0.026382	  0.088678	  0.079343
  0.010374	  0.037388	  0.013332	 -0.003350	 -0.010171	  0.040215	 -0.100572
  0.008600	  0.011889	  0.006680	 -0.003540	 -0.052109	  0.029034	 -0.134370
  0.026655	  0.005142	  0.013871	 -0.015798	 -0.037538	  0.035020	  0.084443
  0.004070	  0.028582	  0.008042	  0.023226	 -0.027624	  0.031504	  0.094104
  0.012749	 -0.006071	  0.023310	  0.016289	 -0.056132	 -0.044897	 -0.057335
  0.033212	  0.022691	  0.039749	  0.023733	 -0.043810	 -0.015122	  0.025717
  0.002455	  0.022025	  0.034840	  0.033964	  0.000599	 -0.003339	  0.182193
  0.020541	  0.024559	 -0.007225	  0.032919	 -0.000383	 -0.060988	  0.019604
  0.027510	  0.037388	  0.003798	 -0.001608	  0.024672	 -0.093898	 -0.115555
  0.009138	  0.043248	  0.021283	  0.021642	  0.041333	 -0.052372	  0.069524
 -0.003373	  0.025636	  0.025400	  0.014325	  0.020364	 -0.066087	  0.113014
 -0.015758	  0.047176	  0.022106	  0.036276	  0.011115	 -0.141506	 -0.076436
 -0.038026	  0.031940	  0.038071	  0.074192	  0.001137	 -0.118415	 -0.018660
 -0.048986	  0.010242	  0.036867	  0.034756	  0.032401	 -0.025955	  0.180958
 -0.034859	  0.029976	  0.012319	  0.033964	  0.018115	 -0.044168	  0.019160
 -0.033718	  0.036153	 -0.004659	  0.062155	  0.006807	 -0.096464	 -0.134148
 -0.031311	  0.029881	  0.004336	  0.104251	  0.034111	 -0.051263	  0.020934
  0.004292	  0.028836	  0.009975	  0.081413	  0.049252	 -0.032575	  0.090303
  0.011324	  0.030483	  0.005413	  0.079513	  0.054700	 -0.078884	 -0.094396
  0.020890	  0.078059	  0.028251	  0.092246	  0.064646	 -0.069572	 -0.118279
  0.040909	  0.050597	  0.003196	  0.133171	  0.029201	  0.007209	  0.091919
  0.059122	  0.019713	 -0.011533	  0.119012	  0.007250	 -0.019651	  0.015613
  0.041827	  0.021645	 -0.022334	  0.082015	  0.001834	 -0.096907	 -0.156733
  0.026908	  0.043090	  0.004336	  0.074128	  0.030532	 -0.081355	 -0.010108
  0.029347	  0.035076	  0.016056	  0.076631	  0.042537	 -0.014362	  0.126286
  0.034669	  0.014930	  0.030183	  0.042801	  0.039623	 -0.054177	 -0.051697
  0.040117	  0.011921	  0.036423	  0.021357	  0.030468	 -0.092346	 -0.087395
  0.046895	  0.026048	 -0.001872	  0.060349	  0.058121	 -0.034760	  0.102847
  0.010310	  0.030356	 -0.037317	  0.072956	  0.045039	 -0.000615	  0.113933
  0.017437	  0.004097	 -0.073268	  0.033996	  0.040161	 -0.060322	 -0.092939
 -0.019053	 -0.001509	 -0.044444	  0.027439	  0.020459	 -0.025195	  0.015391
 -0.030392	  0.015975	 -0.028131	  0.043086	  0.013871	  0.034070	  0.164202
 -0.028714	 -0.018994	  0.003418	  0.052652	  0.042600	 -0.010244	  0.033763
 -0.023487	  0.014550	  0.024260	  0.046286	 -0.010646	 -0.035711	 -0.085241
 -0.000048	  0.003749	  0.013934	  0.049516	 -0.019008	 -0.009769	  0.090588
 -0.018704	  0.009862	 -0.008080	  0.060001	 -0.037032	 -0.046037	  0.113394
 -0.043791	  0.015532	 -0.004311	  0.051797	 -0.069277	 -0.107202	 -0.097785
 -0.021618	  0.041221	  0.020142	  0.015339	 -0.032629	 -0.078156	 -0.022049
  0.014238	  0.052846	  0.030468	 -0.016146	  0.005413	 -0.013918	  0.161731
  0.018261	  0.058104	  0.024450	 -0.017382	 -0.020782	 -0.051042	  0.012319
  0.017374	  0.024306	  0.050329	  0.001275	 -0.039787	 -0.094500	 -0.119768
  0.036759	  0.022311	  0.049062	  0.017493	 -0.018597	 -0.039765	  0.031957
  0.035492	  0.062221	  0.059198	  0.009606	 -0.017646	 -0.018099	  0.079058
  0.031343	  0.089177	  0.051976	  0.027185	 -0.057082	 -0.097383	 -0.129302
  0.044456	  0.094847	  0.052831	  0.031905	 -0.052489	 -0.122406	 -0.110455
  0.049461	  0.071154	  0.047225	  0.008148	 -0.017140	 -0.045435	  0.084158
  0.023266	  0.067036	  0.059420	  0.029118	 -0.009854	 -0.072517	  0.048777
 -0.032103	  0.026682	  0.028188	  0.039634	 -0.016569	 -0.088102	 -0.127718
 -0.013098	  0.006568	  0.010703	  0.048946	 -0.008904	 -0.006506	  0.002721
  0.011894	  0.045687	 -0.008841	  0.098233	 -0.038742	  0.044428	  0.084000
 -0.002487	  0.056361	 -0.002727	  0.083979	 -0.048181	 -0.014868	 -0.101206
  0.053389	  0.016419	 -0.026832	  0.073495	 -0.077291	 -0.059689	 -0.148054
  0.057887	  0.018193	 -0.045204	  0.044005	 -0.056797	 -0.006696	  0.046465
  0.044900	  0.029913	 -0.058286	  0.032063	 -0.052236	  0.031124	  0.031831
  0.022537	  0.014994	 -0.052838	  0.077169	 -0.061928	 -0.016294	 -0.105704
  0.057982	  0.017971	 -0.045711	  0.068870	 -0.068105	 -0.020095	 -0.020529
  0.048796	  0.042456	 -0.014637	  0.070549	 -0.016633	  0.030111	  0.154794
  0.060927	  0.032953	  0.003228	  0.076440	 -0.021226	 -0.013348	  0.024355
  0.040212	  0.044388	 -0.019388	  0.031081	 -0.040833	 -0.061178	 -0.074504
  0.065996	  0.048633	 -0.037507	  0.007388	  0.000124	  0.008983	  0.096797
  0.068466	  0.067416	 -0.019927	  0.011348	 -0.014637	  0.041704	  0.117417
  0.063620	  0.076792	 -0.001112	  0.047141	 -0.034149	 -0.011036	 -0.067567
  0.061022	  0.085249	 -0.001429	  0.045145	 -0.042765	 -0.015692	 -0.057431
  0.003722	  0.084172	 -0.007257	  0.046697	 -0.016348	  0.086176	  0.130341
 -0.004799	  0.101784	 -0.026959	  0.056833	 -0.029271	  0.045726	 -0.023886
  0.002677	  0.109069	 -0.039091	  0.046634	  0.004178	 -0.014393	 -0.169815
 -0.018546	  0.052941	 -0.015176	  0.050435	  0.021283	 -0.002293	  0.035505
 -0.014333	  0.024623	 -0.008936	  0.078721	  0.005350	  0.026436	  0.122169
 -0.019021	  0.027790	 -0.015397	  0.083061	 -0.009727	 -0.031403	 -0.097817
 -0.030773	  0.021614	  0.013459	  0.064182	  0.018844	 -0.032100	 -0.115206
 -0.048923	 -0.009333	  0.044279	  0.046919	  0.018273	  0.048451	  0.100344
 -0.022949	 -0.007939	  0.060307	  0.066304	  0.043170	  0.024124	  0.058469
  0.023424	 -0.014211	  0.053623	  0.030733	  0.016405	 -0.063902	 -0.093319
  0.039768	  0.030641	  0.031862	  0.039412	 -0.021796	 -0.002927	  0.053021
  0.055986	 -0.011487	  0.043392	  0.085310	 -0.003741	  0.049052	  0.172089
  0.066027	 -0.013641	 -0.013940	  0.072861	 -0.003709	  0.002141	 -0.003361
  0.028112	 -0.022542	  0.030310	  0.030004	  0.017355	 -0.002863	 -0.086350
 -0.015949	 -0.007369	  0.036455	  0.023353	  0.022803	  0.059315	  0.116277
  0.014713	 -0.005722	  0.073895	  0.040774	  0.021156	  0.067424	  0.126413
  0.044330	 -0.014560	  0.078267	  0.037163	  0.016341	 -0.037263	 -0.067915
  0.063461	 -0.011107	  0.080135	  0.060001	  0.014061	 -0.001280	  0.012160
  0.076892	 -0.002681	  0.105919	  0.053444	  0.022708	  0.023839	  0.171962
  0.076037	 -0.004994	  0.082353	  0.032475	  0.025590	 -0.041286	  0.012097
  0.058235	 -0.023714	  0.102878	  0.064404	  0.039084	 -0.023072	 -0.100731
  0.059692	 -0.037492	  0.107535	  0.082554	  0.064868	  0.019214	  0.070063
  0.057823	 -0.048927	  0.059641	  0.058449	  0.047035	  0.010789	  0.082701
  0.048479	 -0.065113	  0.039243	  0.040901	  0.006585	 -0.023516	 -0.129238
  0.045977	 -0.035053	  0.035283	  0.029149	  0.002943	 -0.002515	 -0.084228
  0.037709	 -0.023207	  0.041048	  0.078278	  0.019762	  0.053614	  0.099204
  0.008410	  0.003875	  0.020617	  0.066019	 -0.011691	  0.012848	 -0.027751
  0.023012	 -0.014496	  0.021029	  0.076694	 -0.033484	 -0.037358	 -0.161801
  0.028935	  0.000613	  0.034998	  0.117238	 -0.015651	  0.015762	  0.020871
  0.001251	  0.037388	  0.010766	  0.115686	 -0.028289	  0.067487	  0.118779
  0.021428	  0.016324	 -0.007700	  0.103935	 -0.020275	 -0.021013	 -0.076024
  0.028492	  0.012269	 -0.014004	  0.092817	 -0.007700	 -0.016484	 -0.113654
  0.029316	 -0.004455	 -0.014384	  0.077137	  0.025305	  0.068628	  0.073769
  0.045818	  0.019840	  0.001010	  0.059716	 -0.001619	  0.046487	  0.022676
  0.069353	  0.026713	  0.030278	  0.039095	 -0.032185	 -0.003560	 -0.121256
  0.073059	  0.028646	  0.055334	  0.045620	 -0.001397	  0.026088	  0.015391
  0.049904	  0.020220	  0.051184	  0.047679	  0.008708	  0.048704	  0.125970
  0.000871	 -0.012437	 -0.016443	  0.053793	 -0.020719	  0.005309	 -0.055023
  0.015695	 -0.003410	 -0.057557	  0.070802	 -0.015841	 -0.040177	 -0.082581
  0.041067	 -0.025361	 -0.081124	  0.063327	 -0.028828	  0.018296	  0.042125
  0.030741	 -0.010537	 -0.073838	  0.054394	 -0.027561	  0.016268	  0.005920
  0.028745	 -0.024506	 -0.042353	  0.053476	  0.007187	 -0.019525	 -0.039122
  0.042524	 -0.047280	 -0.006148	  0.053222	  0.032781	 -0.019335	 -0.035765
  0.052058	 -0.031252	  0.017957	  0.089047	  0.009499	 -0.016547	  0.002784
  0.107902	 -0.034673	  0.043424	  0.118347	  0.011590	 -0.000488	  0.007979
  0.080503	 -0.023619	  0.042410	  0.125442	  0.020649	  0.023395	  0.020364
  0.060927	 -0.025202	  0.080959	  0.125284	  0.012667	  0.017630	  0.022043
  0.031311	 -0.016397	  0.076778	  0.076916	  0.016848	  0.001920	  0.028061
  0.014650	 -0.025804	  0.104905	  0.073748	  0.005192	 -0.006474	  0.011780
  0.011577	 -0.033501	  0.094231	  0.051860	 -0.014701	 -0.013063	  0.021884
  0.016645	 -0.039076	  0.080199	  0.060286	 -0.035289	 -0.031878	  0.025242
  0.009423	 -0.051746	  0.078900	  0.053064	 -0.067250	 -0.052942	 -0.003044
 -0.003468	 -0.067647	  0.042442	  0.041503	 -0.083436	 -0.055001	 -0.015334
  0.008536	 -0.046362	  0.021314	  0.051290	 -0.054738	 -0.072422	 -0.022239
 -0.013953	 -0.026469	 -0.001524	  0.032380	 -0.026896	 -0.096939	  0.026667
 -0.034510	 -0.055326	  0.042568	  0.042136	  0.000725	 -0.057123	  0.003703
 -0.022252	 -0.085576	  0.029360	  0.051955	  0.013142	 -0.001280	  0.002087
 -0.007396	 -0.099386	  0.036360	  0.042643	  0.001232	  0.013924	 -0.012958
 -0.010690	 -0.095522	 -0.000763	  0.033869	 -0.035986	  0.055482	 -0.014922
 -0.018514	 -0.132360	 -0.015556	  0.008750	 -0.006782	  0.084719	 -0.025882
 -0.004292	 -0.111708	 -0.035511	 -0.002811	 -0.025375	  0.056243	 -0.010678
  0.018799	 -0.068376	 -0.026547	 -0.006581	 -0.025343	  0.030016	 -0.015017
  0.057792	 -0.088965	 -0.033611	  0.038367	 -0.027656	  0.029857	  0.012414
  0.063715	 -0.095015	 -0.022556	  0.049770	 -0.010709	 -0.011796	  0.033066
  0.082593	 -0.089155	 -0.033167	  0.041819	 -0.052743	 -0.014393	  0.027871
  0.066566	 -0.076390	 -0.068454	  0.056168	 -0.045552	 -0.047937	  0.047922
  0.064190	 -0.074141	 -0.052584	  0.102383	 -0.038489	 -0.047937	  0.101326
  0.048099	 -0.086684	 -0.040959	  0.093133	 -0.037348	 -0.011574	  0.131798
  0.083607	 -0.120260	 -0.032692	  0.067983	 -0.019135	 -0.017212	  0.084570
  0.075371	 -0.106418	 -0.030633	  0.048820	 -0.000193	 -0.017878	  0.107218
  0.088263	 -0.042180	 -0.028828	  0.042199	 -0.007954	 -0.015122	  0.107218
  0.088358	 -0.033185	 -0.000288	  0.012330	  0.018654	 -0.014963	  0.103829
  0.074073	 -0.016999	 -0.003582	  0.013692	  0.045039	 -0.029122	  0.097874
  0.049239	 -0.025202	 -0.021637	  0.058069	  0.032116	 -0.015217	  0.064931
  0.030773	 -0.027673	 -0.019800	  0.026140	  0.025876	 -0.014203	  0.063569
  0.035619	 -0.014623	  0.019921	  0.016226	  0.010735	 -0.014108	  0.019192
  0.034225	 -0.033533	  0.002436	  0.022877	 -0.039977	  0.000969	  0.034428
  0.063398	 -0.042212	  0.009119	  0.020755	 -0.033009	  0.003947	  0.034523
  0.051678	 -0.028148	  0.017798	 -0.022608	 -0.014954	 -0.010339	  0.059071
  0.041130	 -0.012912	  0.014536	 -0.049564	 -0.014289	 -0.027158	  0.092489
  0.062828	 -0.028813	  0.032211	 -0.029704	  0.020396	 -0.044421	  0.085710
  0.069068	 -0.034547	  0.003544	 -0.043672	  0.030532	 -0.048571	  0.049125
  0.086996	 -0.028085	  0.027206	 -0.045351	  0.019065	 -0.036059	  0.082923
  0.073851	 -0.015256	  0.020111	 -0.032649	  0.009024	 -0.055603	  0.061574
  0.068751	 -0.037017	 -0.022144	  0.007863	 -0.006402	 -0.060798	  0.061035
  0.052692	 -0.030175	 -0.023791	  0.023448	  0.008961	 -0.043535	  0.062841
  0.045312	 -0.009396	 -0.036461	  0.066399	  0.020301	 -0.029534	  0.084063
  0.066376	 -0.036859	 -0.027561	  0.013090	 -0.034022	  0.004929	  0.070855
  0.063652	 -0.042307	  0.001961	  0.028009	 -0.042321	 -0.024276	  0.093217
  0.058552	 -0.052380	 -0.033769	  0.045272	 -0.051032	 -0.044326	  0.076683
  0.045438	 -0.035877	 -0.048498	  0.082047	 -0.088884	 -0.051137	  0.094928
  0.035112	 -0.014306	 -0.050874	  0.098772	 -0.078685	 -0.052119	  0.105697
  0.033940	 -0.067267	 -0.064652	  0.096618	 -0.056797	 -0.056838	  0.067782
  0.027763	 -0.081775	 -0.053915	  0.084644	 -0.039914	 -0.028489	  0.052863
  0.025229	 -0.048832	 -0.001080	  0.067983	 -0.074567	 -0.049458	  0.037469
  0.036854	 -0.060901	  0.004463	  0.057594	 -0.094237	 -0.049268	  0.040383
  0.053515	 -0.069706	  0.000630	  0.036941	 -0.100572	 -0.000266	  0.017608
  0.074231	 -0.033818	 -0.046439	  0.063295	 -0.055720	  0.000399	 -0.002949
  0.058013	 -0.060552	 -0.033611	  0.095414	 -0.049068	 -0.008597	 -0.000953
  0.019464	 -0.042561	 -0.036778	  0.071119	 -0.024963	  0.032740	  0.024133
  0.043253	 -0.009270	 -0.023158	  0.032222	 -0.016316	  0.029952	  0.011780
  0.041922	 -0.046710	 -0.049322	  0.015560	 -0.015619	  0.051365	  0.016151
  0.023107	 -0.010537	 -0.076119	  0.032222	  0.010386	  0.038061	  0.025717
 -0.019496	 -0.026406	 -0.071304	  0.028389	  0.030690	  0.025106	  0.028948
 -0.004102	 -0.009460	 -0.077988	  0.031715	  0.054732	  0.005974	  0.040193
 -0.026686	  0.011573	 -0.065128	  0.080432	  0.025242	 -0.009167	  0.021409
 -0.045217	  0.012681	 -0.070164	  0.104600	  0.026414	 -0.040937	 -0.003836
 -0.018197	 -0.008066	 -0.056227	  0.112582	  0.023278	 -0.011923	 -0.000605
 -0.005084	  0.002450	 -0.034688	  0.132886	  0.038324	  0.003408	  0.001612
 -0.005369	  0.024686	 -0.027086	  0.092880	  0.001676	  0.020450	 -0.012705
 -0.019021	  0.039035	 -0.012958	  0.076979	  0.009246	  0.009427	  0.010101
 -0.013034	  0.014613	 -0.008460	  0.059051	 -0.001175	 -0.001691	  0.040161
 -0.009994	 -0.032139	  0.021029	  0.029086	 -0.041339	  0.023934	  0.037976
  0.005369	 -0.019754	  0.037120	 -0.005345	 -0.050715	  0.021305	  0.000694
 -0.002708	  0.001025	  0.029360	  0.005551	 -0.063417	  0.043002	  0.001359
  0.036759	 -0.037144	  0.025400	  0.002320	 -0.074092	  0.024377	  0.041206
  0.061181	 -0.049117	 -0.020434	  0.033710	 -0.053091	  0.017979	  0.092077
  0.067136	 -0.068598	  0.019350	  0.053729	 -0.024583	 -0.020158	  0.080547
  0.038976	 -0.048737	  0.061194	  0.043086	 -0.020624	 -0.024498	  0.054478
  0.018292	 -0.034958	  0.028473	  0.055756	  0.012255	  0.017250	  0.059135
  0.003405	 -0.047534	  0.057963	  0.057150	 -0.004691	  0.035274	  0.073515
  0.020636	 -0.021148	  0.061669	  0.071943	 -0.019864	  0.054532	  0.063949
 -0.021840	  0.012871	  0.059546	  0.073843	 -0.046851	  0.067171	  0.047541
 -0.022664	  0.006251	  0.070759	  0.035389	 -0.025122	  0.058397	  0.045894
 -0.000048	 -0.008826	  0.080864	  0.013470	 -0.032534	  0.038314	  0.019350
 -0.018863	  0.003210	  0.042854	  0.043847	 -0.026800	  0.039455	  0.039179
  0.003025	  0.031116	  0.002024	  0.068427	 -0.005103	 -0.004035	  0.002404
  0.027003	  0.060701	  0.008549	  0.088635	  0.026129	 -0.020285	  0.004463
  0.055543	  0.015089	  0.036233	  0.084613	  0.055809	  0.021051	  0.014441
  0.020985	  0.006505	  0.040700	  0.056897	  0.052926	 -0.000171	  0.036962
  0.018071	  0.019143	  0.010355	  0.038462	  0.068004	 -0.004479	  0.029930
  0.022695	  0.015057	 -0.030095	  0.046476	  0.042062	 -0.016642	  0.012635
  0.034827	  0.010306	 -0.019832	  0.054648	  0.009975	 -0.054494	  0.027396
  0.027257	  0.042836	 -0.023665	  0.075363	  0.003133	 -0.056426	  0.035315
  0.023899	  0.055094	 -0.019167	  0.063739	  0.011210	 -0.053544	  0.029677
