:RUN-3	LEVEL SWEEP	TEMP:NaN	8/27/2019	12:56 PM	HR:-636.36:SW EAR: R	SW FREQ: 11.30	# AVERAGES: 512	REP RATE (/sec): 80	DRIVER: 	SAMPLE (µsec): 40	MASKER dB: 2147483647:NOTES-:CHAMBER-SEWELL-PXI1:CFTS Version: V2.7.2 (R850):LEVELS:20;30;40;50;60;70;80;:DATA  0.012583	  0.013877	  0.057790	 -0.005624	  0.060717	 -0.012562	 -0.017382
  0.001655	  0.040548	  0.060134	  0.011164	  0.048902	 -0.018137	 -0.025364
  0.028769	  0.043747	  0.039292	  0.008852	  0.055649	 -0.021590	 -0.032681
  0.045240	  0.007922	  0.018228	 -0.007113	  0.069111	 -0.032866	 -0.022608
  0.059177	  0.002189	  0.006603	  0.010087	  0.075256	 -0.029255	 -0.040885
  0.023099	  0.020212	 -0.029222	 -0.004800	  0.043580	 -0.054754	 -0.011870
  0.029434	  0.010456	 -0.025421	  0.013381	  0.033856	 -0.063370	 -0.021056
  0.032697	  0.017013	 -0.033657	  0.034572	  0.002276	 -0.058713	 -0.045605
  0.019520	  0.009664	 -0.001379	  0.018291	 -0.024521	 -0.058460	 -0.031984
 -0.004553	 -0.023088	  0.018576	 -0.001823	 -0.030793	 -0.053265	 -0.067556
 -0.039396	 -0.060180	 -0.009172	  0.038595	 -0.021005	 -0.034197	 -0.071293
 -0.036767	 -0.061099	 -0.051490	  0.028142	 -0.026517	 -0.015793	 -0.074176
 -0.038383	 -0.051057	 -0.021937	 -0.005877	 -0.034404	 -0.005119	 -0.075474
 -0.040663	 -0.046560	 -0.017439	 -0.015095	 -0.016318	 -0.013798	 -0.051274
  0.013470	 -0.034650	 -0.042589	  0.000553	 -0.023666	  0.012239	 -0.008703
  0.016099	 -0.015866	 -0.033942	 -0.018864	 -0.016254	  0.011257	  0.024778
 -0.046998	 -0.008296	 -0.002393	 -0.031724	 -0.034784	  0.034539	  0.071816
 -0.036419	  0.046661	  0.001851	 -0.025928	 -0.055310	  0.086645	  0.134881
 -0.033790	  0.053218	  0.012589	 -0.016013	 -0.056672	  0.148855	  0.164023
 -0.004775	  0.035289	  0.053577	 -0.030774	 -0.049101	  0.178345	  0.202413
 -0.018934	  0.000352	  0.036504	 -0.017249	 -0.043273	  0.208595	  0.219074
 -0.006264	  0.023094	  0.065424	 -0.011484	 -0.013118	  0.255981	  0.219043
  0.014198	  0.049923	  0.118385	 -0.023647	 -0.014829	  0.247999	  0.182268
 -0.015101	  0.025058	  0.146259	  0.005779	  0.017892	  0.269126	  0.124080
 -0.019251	  0.029905	  0.148603	 -0.015950	  0.008738	  0.282810	  0.109731
 -0.045098	  0.033516	  0.138689	  0.052595	  0.029390	  0.244895	  0.118537
 -0.039713	  0.031900	  0.146291	  0.085664	  0.046938	  0.246478	  0.121134
 -0.004838	  0.039914	  0.150377	  0.131245	  0.086786	  0.242772	  0.102129
  0.013026	 -0.006332	  0.139069	  0.150155	  0.102021	  0.237546	  0.134691
  0.060444	 -0.028980	  0.134033	  0.135109	  0.118683	  0.242994	  0.176534
  0.062693	  0.013434	  0.087026	  0.076193	  0.131353	  0.251578	  0.227152
  0.035231	  0.022968	  0.056206	  0.043188	  0.141045	  0.280656	  0.312897
  0.052557	  0.020149	  0.066057	  0.025640	  0.155046	  0.301530	  0.373967
  0.054965	  0.052014	  0.077334	  0.036726	  0.163408	  0.362252	  0.478115
  0.066019	  0.026800	  0.069415	  0.065804	  0.203794	  0.390791	  0.609599
  0.060856	  0.058951	  0.048858	  0.063808	  0.210256	  0.408941	  0.675769
  0.044733	  0.093319	  0.063207	  0.130073	  0.243610	  0.475016	  0.709377
  0.082332	  0.126546	  0.044011	  0.132259	  0.267493	  0.499944	  0.690625
  0.063327	  0.113306	  0.037486	  0.178853	  0.309273	  0.476346	  0.654040
  0.034091	  0.074979	  0.010752	  0.233683	  0.298503	  0.454395	  0.566426
  0.016226	  0.043462	  0.020952	  0.265548	  0.275000	  0.406597	  0.416317
  0.010587	  0.016189	  0.038943	  0.294215	  0.274177	  0.277837	  0.247044
  0.033805	  0.031362	  0.076225	  0.289622	  0.252733	  0.177394	  0.115559
  0.000831	  0.053661	  0.124277	  0.251358	  0.194735	  0.065771	 -0.067999
 -0.015798	  0.049670	  0.147051	  0.213538	  0.107850	 -0.038251	 -0.230588
 -0.036197	  0.118469	  0.136567	  0.145942	  0.027078	 -0.140024	 -0.382630
 -0.038668	  0.132786	  0.122154	  0.063270	 -0.035449	 -0.265363	 -0.522540
  0.015339	  0.119451	  0.127666	 -0.040277	 -0.089614	 -0.338248	 -0.644838
  0.020882	  0.117265	  0.092728	 -0.123805	 -0.159046	 -0.390924	 -0.742683
  0.018760	  0.123600	  0.015218	 -0.217817	 -0.216125	 -0.410183	 -0.767073
 -0.006961	  0.083151	 -0.035082	 -0.286679	 -0.233072	 -0.424437	 -0.779807
 -0.018966	  0.076436	 -0.051585	 -0.333147	 -0.267598	 -0.375942	 -0.766186
 -0.001322	  0.047516	 -0.088772	 -0.382750	 -0.290657	 -0.306826	 -0.690514
  0.027154	  0.029778	 -0.121967	 -0.385601	 -0.285273	 -0.231977	 -0.568532
  0.050878	  0.013370	 -0.152281	 -0.400425	 -0.245742	 -0.131060	 -0.400178
  0.062187	 -0.026731	 -0.146801	 -0.374831	 -0.191925	 -0.062673	 -0.182157
  0.069535	 -0.031070	 -0.162132	 -0.333242	 -0.110868	  0.031213	  0.048851
  0.087273	 -0.040066	 -0.152629	 -0.261497	 -0.038649	  0.084079	  0.299973
  0.057942	 -0.074275	 -0.127225	 -0.150950	  0.049567	  0.139732	  0.508523
  0.072133	 -0.069841	 -0.106985	 -0.066282	  0.092170	  0.228202	  0.679665
  0.049295	 -0.047795	 -0.048006	  0.062130	  0.171992	  0.320630	  0.757745
  0.040046	 -0.049315	  0.002453	  0.114330	  0.228564	  0.402131	  0.749129
  0.028136	 -0.021188	  0.059437	  0.146101	  0.265434	  0.510745	  0.663416
  0.033584	 -0.013712	  0.108059	  0.172645	  0.290363	  0.577865	  0.600128
  0.046602	  0.012230	  0.121521	  0.195451	  0.323305	  0.574318	  0.434593
  0.067381	  0.009696	  0.117656	  0.201754	  0.375791	  0.555693	  0.264212
  0.091676	  0.047896	  0.144454	  0.165328	  0.366447	  0.422751	  0.070549
  0.079006	  0.108491	  0.135204	  0.149617	  0.330369	  0.257438	 -0.155518
  0.089871	  0.143619	  0.142521	  0.169477	  0.240601	  0.107075	 -0.346235
  0.104885	  0.170511	  0.139386	  0.204700	  0.162870	 -0.036794	 -0.444238
  0.117333	  0.144316	  0.162604	  0.197985	  0.105791	 -0.166853	 -0.496946
  0.138334	  0.145425	  0.164568	  0.146196	  0.039716	 -0.235810	 -0.485448
  0.166177	  0.116283	  0.167925	  0.064442	 -0.007227	 -0.232072	 -0.478764
  0.168362	  0.095726	  0.173658	 -0.027005	 -0.057432	 -0.254847	 -0.446931
  0.154425	  0.068137	  0.149237	 -0.071414	 -0.042355	 -0.186682	 -0.382598
  0.147932	  0.095884	  0.135268	 -0.137552	 -0.064306	 -0.138377	 -0.293020
  0.135547	  0.093699	  0.077682	 -0.169670	 -0.057432	 -0.073221	 -0.229543
  0.177675	  0.069309	  0.004607	 -0.122949	 -0.030381	 -0.001983	 -0.178071
  0.151353	  0.050399	 -0.024597	 -0.109297	 -0.008652	  0.038942	 -0.177025
  0.114134	  0.051476	 -0.050508	 -0.116076	  0.033983	  0.085663	 -0.150260
  0.096681	  0.029525	 -0.040023	 -0.084812	  0.034426	  0.095292	 -0.163785
  0.056675	  0.024298	 -0.033181	 -0.032326	  0.046780	  0.036819	 -0.204298
  0.065481	  0.032375	 -0.011421	 -0.021747	  0.066007	  0.000393	 -0.256119
  0.059146	  0.030221	  0.000553	  0.008852	  0.073989	 -0.018422	 -0.270024
  0.069947	  0.016158	  0.031595	  0.024278	  0.054794	 -0.066601	 -0.252349
  0.036910	  0.029398	  0.070238	  0.025006	  0.010860	 -0.153644	 -0.311582
  0.066051	  0.048023	  0.075275	  0.000268	 -0.001620	 -0.199954	 -0.351240
  0.031176	  0.035860	  0.122503	  0.013761	 -0.035164	 -0.218104	 -0.352095
  0.039539	  0.031774	  0.122946	 -0.054879	 -0.070799	 -0.266060	 -0.338728
  0.041598	  0.020529	  0.124878	 -0.064477	 -0.105547	 -0.297830	 -0.334515
  0.042041	  0.037443	  0.134888	 -0.118325	 -0.122968	 -0.282911	 -0.322859
  0.045652	  0.044887	  0.124720	 -0.103691	 -0.138394	 -0.260105	 -0.305184
  0.076440	  0.039471	  0.078031	 -0.104768	 -0.160979	 -0.259250	 -0.320610
  0.104410	  0.053313	  0.015630	 -0.111736	 -0.185939	 -0.259313	 -0.300908
  0.103840	  0.037000	 -0.002868	 -0.135461	 -0.191704	 -0.239136	 -0.263689
  0.078911	  0.029113	 -0.031439	 -0.147941	 -0.192749	 -0.198116	 -0.234833
  0.107134	 -0.003133	 -0.055956	 -0.130330	 -0.200826	 -0.171699	 -0.204076
  0.079450	 -0.027649	 -0.036412	 -0.123234	 -0.202188	 -0.082026	 -0.207085
  0.056327	 -0.040478	 -0.043318	 -0.129158	 -0.209632	 -0.057573	 -0.165401
  0.054426	 -0.033034	 -0.083640	 -0.130013	 -0.168359	 -0.001413	 -0.131318
  0.069409	 -0.045768	 -0.081550	 -0.122569	 -0.139218	  0.041191	 -0.067587
  0.058861	 -0.023373	 -0.047340	 -0.091021	 -0.097185	  0.050947	 -0.002716
  0.064467	 -0.052831	 -0.030838	 -0.048607	 -0.027436	  0.082400	  0.044417
  0.047806	 -0.066293	  0.001630	 -0.006479	  0.002434	  0.127126	  0.072703
  0.040932	 -0.098697	  0.069098	  0.010911	  0.000946	  0.181987	  0.097790
  0.041978	 -0.084285	  0.066532	  0.042903	  0.004652	  0.193359	  0.115243
  0.042960	 -0.095530	  0.065899	  0.065329	  0.021629	  0.207581	  0.147583
  0.050973	 -0.096923	  0.112842	  0.064949	  0.009720	  0.219966	  0.213626
  0.018633	 -0.044279	  0.133652	  0.079678	  0.007407	  0.222437	  0.284832
 -0.004078	 -0.032116	  0.164124	  0.073058	 -0.003932	  0.259782	  0.347835
 -0.019979	  0.006528	  0.159246	  0.085791	  0.001547	  0.311064	  0.350495
  0.010144	  0.021131	  0.169414	  0.086583	  0.038449	  0.305616	  0.410837
  0.043276	  0.057019	  0.159468	  0.042427	  0.069839	  0.319648	  0.399877
  0.088477	  0.082992	  0.130422	  0.018069	  0.060020	  0.327472	  0.401397
  0.087717	  0.079382	  0.126525	  0.006254	  0.078677	  0.298616	  0.349862
  0.081825	  0.074599	  0.085157	  0.000109	  0.079785	  0.287498	  0.302032
  0.089269	  0.100636	  0.093900	  0.017436	  0.088845	  0.277964	  0.254867
  0.059304	  0.104753	  0.079424	  0.031309	  0.078645	  0.291140	  0.193101
  0.039095	  0.121478	  0.074610	  0.040305	  0.088084	  0.258135	  0.124460
  0.050562	  0.110360	  0.114045	  0.043980	  0.079152	  0.232700	  0.020407
  0.052336	  0.079223	  0.107140	  0.001091	  0.067780	  0.218192	 -0.097045
  0.038113	  0.024108	  0.116579	 -0.017439	  0.036549	  0.162190	 -0.207117
  0.036846	  0.074313	  0.116833	 -0.035715	  0.010258	  0.144357	 -0.307211
  0.049200	  0.071938	  0.075180	 -0.049431	 -0.029019	  0.092220	 -0.391626
  0.049611	  0.050335	  0.078537	 -0.063495	 -0.063134	  0.061304	 -0.537871
  0.050182	  0.013338	  0.065677	 -0.070052	 -0.086795	  0.001280	 -0.663495
  0.076631	 -0.013332	  0.044613	 -0.077590	 -0.098420	 -0.077750	 -0.742303
  0.090283	 -0.042220	  0.027920	 -0.099351	 -0.125249	 -0.130268	 -0.784209
  0.094527	 -0.043012	  0.056491	 -0.131343	 -0.159268	 -0.189849	 -0.851425
  0.109034	  0.004216	  0.044930	 -0.182372	 -0.163133	 -0.230520	 -0.856429
  0.127438	  0.004754	  0.005938	 -0.195106	 -0.149417	 -0.250317	 -0.841669
  0.117333	  0.031615	 -0.027512	 -0.185666	 -0.124172	 -0.278603	 -0.813921
  0.131809	  0.052996	 -0.096532	 -0.174168	 -0.160187	 -0.295455	 -0.761055
  0.137732	  0.038647	 -0.155163	 -0.205717	 -0.190532	 -0.299066	 -0.711926
  0.099152	  0.041276	 -0.159376	 -0.222853	 -0.168898	 -0.307871	 -0.657730
  0.095509	  0.035670	 -0.141289	 -0.224405	 -0.173871	 -0.262386	 -0.579840
  0.063580	  0.020402	 -0.137267	 -0.210785	 -0.189740	 -0.208221	 -0.569166
  0.056865	 -0.005445	 -0.127162	 -0.239609	 -0.168644	 -0.125390	 -0.525581
  0.053349	 -0.020744	 -0.100555	 -0.200617	 -0.160599	 -0.081425	 -0.439075
  0.069155	 -0.026319	 -0.095930	 -0.173693	 -0.121701	 -0.026088	 -0.366222
  0.080748	 -0.042695	 -0.085636	 -0.139009	 -0.087745	 -0.023047	 -0.318551
  0.051100	 -0.060053	 -0.064350	 -0.153263	 -0.074347	  0.015597	 -0.317442
  0.003556	 -0.096036	 -0.073599	 -0.154276	 -0.034182	  0.088133	 -0.290455
  0.003587	 -0.095118	 -0.073758	 -0.149335	 -0.018566	  0.087817	 -0.280097
  0.002003	 -0.086407	 -0.020131	 -0.109646	 -0.022304	  0.066341	 -0.264196
  0.006691	 -0.110765	 -0.005497	 -0.076133	 -0.031363	  0.082052	 -0.280097
  0.042104	 -0.066547	  0.015218	 -0.054119	 -0.038459	  0.070680	 -0.299514
  0.105962	 -0.043234	  0.032545	 -0.074138	 -0.034943	  0.063743	 -0.289251
  0.086323	 -0.026889	  0.085126	 -0.072427	 -0.039789	 -0.007970	 -0.312881
  0.049358	 -0.042885	  0.080089	 -0.108062	 -0.033612	 -0.020291	 -0.329574
  0.014262	 -0.047541	  0.121331	 -0.123678	 -0.037065	 -0.040944	 -0.381141
  0.026362	 -0.031767	  0.158929	 -0.113035	 -0.042576	 -0.028527	 -0.422446
  0.035611	 -0.017450	  0.172075	 -0.128429	 -0.027626	 -0.061437	 -0.453044
  0.037036	 -0.001866	  0.145879	 -0.155797	 -0.031268	 -0.101412	 -0.517725
 -0.015006	 -0.016880	  0.098968	 -0.155797	 -0.041753	 -0.107208	 -0.573094
  0.008275	 -0.024514	  0.095420	 -0.133402	 -0.036621	 -0.141639	 -0.636729
 -0.008449	 -0.016975	  0.080438	 -0.148765	 -0.053821	 -0.120955	 -0.687378
 -0.031066	 -0.013269	  0.063872	 -0.157064	 -0.054233	 -0.125485	 -0.701885
 -0.044021	 -0.065660	  0.050695	 -0.149937	 -0.059428	 -0.147531	 -0.725642
 -0.022893	 -0.034998	 -0.018389	 -0.153611	 -0.051540	 -0.144395	 -0.752249
 -0.017825	 -0.040383	 -0.039833	 -0.165363	 -0.069880	 -0.139834	 -0.747371
 -0.011015	 -0.020427	 -0.044395	 -0.144710	 -0.071021	 -0.150445	 -0.772870
 -0.003983	 -0.034935	 -0.056685	 -0.171159	 -0.118217	 -0.128241	 -0.767041
 -0.003350	 -0.026953	 -0.032326	 -0.182531	 -0.147485	 -0.100937	 -0.720827
 -0.029767	 -0.008993	 -0.042747	 -0.167738	 -0.164241	 -0.119562	 -0.712402
 -0.075348	 -0.012889	 -0.035715	 -0.188391	 -0.180807	 -0.131503	 -0.703216
 -0.065560	  0.011881	 -0.006448	 -0.214839	 -0.209569	 -0.119720	 -0.691686
 -0.037496	 -0.009119	  0.039925	 -0.207459	 -0.167567	 -0.127385	 -0.696944
 -0.005694	 -0.003988	  0.046862	 -0.196689	 -0.153757	 -0.117281	 -0.652123
  0.039095	  0.005673	  0.071695	 -0.227098	 -0.146028	 -0.086366	 -0.596026
  0.054173	  0.022588	  0.112525	 -0.191051	 -0.176531	 -0.078194	 -0.513100
  0.024778	  0.020719	  0.123833	 -0.194694	 -0.202252	 -0.095995	 -0.498973
  0.010081	  0.005926	  0.105588	 -0.194187	 -0.208967	 -0.103787	 -0.507336
  0.014103	  0.017963	  0.052785	 -0.172616	 -0.175581	 -0.090674	 -0.521526
  0.043530	  0.044824	  0.043568	 -0.132072	 -0.187079	 -0.102235	 -0.508888
  0.020565	  0.047643	  0.059500	 -0.131502	 -0.181029	 -0.109616	 -0.508603
 -0.018395	  0.061200	  0.018418	 -0.139135	 -0.145743	 -0.149083	 -0.526594
 -0.035532	  0.046059	  0.018386	 -0.134067	 -0.120561	 -0.136160	 -0.566347
 -0.024255	  0.019008	  0.017911	 -0.098369	 -0.100257	 -0.148038	 -0.559948
 -0.014436	 -0.009848	  0.001756	 -0.111578	 -0.097850	 -0.217153	 -0.609425
 -0.010192	 -0.004178	 -0.008918	 -0.101790	 -0.086130	 -0.257634	 -0.612941
 -0.001227	 -0.001549	  0.002865	 -0.095614	 -0.089899	 -0.221398	 -0.608126
  0.030131	 -0.041143	  0.069288	 -0.112972	 -0.106085	 -0.221715	 -0.573790
  0.010778	 -0.042062	  0.079994	 -0.139072	 -0.132629	 -0.251679	 -0.536762
 -0.021024	 -0.057266	  0.078189	 -0.129760	 -0.156956	 -0.266028	 -0.505340
  0.021674	 -0.082226	  0.076890	 -0.123488	 -0.150558	 -0.266852	 -0.439392
  0.003144	 -0.129295	  0.084587	 -0.123393	 -0.144032	 -0.284780	 -0.398119
 -0.009558	 -0.137373	  0.130485	 -0.137235	 -0.174504	 -0.295360	 -0.384372
 -0.039713	 -0.125621	  0.120856	 -0.146674	 -0.174567	 -0.262132	 -0.325044
 -0.041233	 -0.081846	  0.087280	 -0.135936	 -0.163196	 -0.201569	 -0.318519
 -0.040980	 -0.025559	  0.072487	 -0.113320	 -0.166522	 -0.184876	 -0.290486
 -0.028785	  0.016316	  0.045943	 -0.092034	 -0.165096	 -0.165427	 -0.266635
  0.018285	  0.054865	  0.046735	 -0.121429	 -0.160662	 -0.155798	 -0.233154
  0.009067	  0.023791	  0.054116	 -0.117184	 -0.149987	 -0.129761	 -0.230208
  0.012361	  0.009379	  0.032513	 -0.107460	 -0.158761	 -0.103534	 -0.224950
  0.039190	  0.011153	  0.030993	 -0.119750	 -0.148404	 -0.114304	 -0.207814
  0.042358	  0.019579	  0.025069	 -0.108632	 -0.145078	 -0.105846	 -0.199863
  0.051955	  0.040231	  0.015503	 -0.131787	 -0.138299	 -0.102869	 -0.236575
  0.052462	  0.073617	  0.002612	 -0.131312	 -0.122525	 -0.108982	 -0.217982
  0.019995	  0.082264	  0.008725	 -0.160041	 -0.105927	 -0.126182	 -0.188524
  0.037797	  0.085938	 -0.002868	 -0.152724	 -0.119072	 -0.135273	 -0.189410
 -0.007372	  0.051951	  0.012621	 -0.122823	 -0.103836	 -0.074203	 -0.171070
 -0.011775	  0.010551	  0.012178	 -0.121651	 -0.063482	 -0.056464	 -0.148296
 -0.001766	  0.034244	 -0.004895	 -0.113193	 -0.038110	 -0.068374	 -0.117571
  0.012836	  0.032724	 -0.025041	 -0.104293	 -0.055722	 -0.078035	 -0.138857
  0.027660	  0.027909	  0.003942	 -0.085446	 -0.025852	 -0.040658	 -0.123399
 -0.007784	  0.047801	  0.025735	 -0.070273	 -0.021544	 -0.000653	 -0.095430
 -0.012979	  0.045616	  0.013096	 -0.040435	 -0.051255	  0.021805	 -0.056342
 -0.003096	  0.038267	  0.014585	 -0.047245	 -0.039441	  0.030136	 -0.004807
  0.010778	  0.024647	  0.010150	 -0.047752	 -0.021069	  0.038245	  0.016257
  0.027407	  0.020972	  0.066216	 -0.063938	 -0.023730	  0.037295	  0.076219
  0.033014	  0.018185	  0.073026	 -0.071952	 -0.022304	  0.064947	  0.114261
  0.041978	  0.014701	  0.100203	 -0.064730	 -0.014607	  0.060893	  0.110713
 -0.064717	  0.072875	 -0.031351	  0.000423	 -0.042500	 -0.055552	 -0.045136
 -0.057400	  0.076170	 -0.029197	  0.011256	 -0.057926	 -0.067399	 -0.037914
 -0.056323	  0.073034	 -0.042754	  0.023324	 -0.074746	 -0.043167	 -0.043900
 -0.075709	  0.095872	 -0.043229	  0.014138	 -0.066162	  0.002255	 -0.038642
 -0.045427	  0.089061	  0.000641	  0.046859	 -0.060587	  0.015812	 -0.027334
 -0.038870	  0.033535	  0.008719	  0.036469	 -0.063248	 -0.016085	 -0.010990
 -0.031332	  0.033091	  0.048249	 -0.007876	 -0.034518	 -0.006329	  0.043112
 -0.018883	 -0.000200	  0.037670	 -0.012849	 -0.028151	  0.026835	 -0.016913
  0.032494	 -0.036563	  0.021420	 -0.025773	 -0.000657	  0.065226	  0.092240
  0.050106	 -0.033712	  0.005963	 -0.037524	  0.010049	  0.035008	 -0.042602
  0.004873	 -0.030513	 -0.007974	 -0.065588	  0.025412	  0.060094	  0.043618
 -0.003964	 -0.043088	 -0.013739	 -0.065398	  0.011284	  0.039220	 -0.035411
  0.018937	 -0.040966	  0.010366	 -0.007876	 -0.013137	  0.028292	 -0.045262
  0.000249	 -0.055220	  0.023669	  0.028012	  0.023131	  0.049642	  0.050650
  0.004208	 -0.062948	  0.030068	  0.029596	  0.033394	 -0.025809	 -0.113744
  0.008738	 -0.026680	  0.010524	  0.039954	  0.035104	  0.057845	  0.157555
  0.039083	 -0.019807	  0.007927	  0.006441	  0.027027	 -0.065276	 -0.161194
  0.077093	 -0.037830	  0.013755	  0.026682	  0.086703	  0.012550	  0.226670
  0.070980	 -0.037735	 -0.006802	 -0.028465	  0.075015	 -0.146397	 -0.199553
  0.085867	 -0.048378	 -0.043926	 -0.011804	  0.114514	  0.033234	  0.204751
  0.090016	 -0.040301	 -0.062709	  0.001278	  0.088477	 -0.077155	 -0.156411
  0.042377	 -0.007548	 -0.066795	  0.045750	  0.143339	 -0.007912	  0.106779
  0.049345	 -0.005806	 -0.118616	  0.014708	  0.135863	 -0.062964	 -0.011592
  0.045766	  0.007529	 -0.114182	 -0.023270	  0.093577	 -0.090490	  0.020305
  0.038639	 -0.024938	 -0.111204	  0.002894	  0.083662	 -0.026443	  0.114096
  0.024259	 -0.049011	 -0.082665	  0.010622	  0.072893	 -0.095970	 -0.159895
  0.044594	 -0.016607	 -0.074492	  0.031781	  0.095192	  0.002667	  0.135445
  0.041395	 -0.021137	 -0.075284	  0.042709	  0.059526	 -0.136483	 -0.305095
  0.015675	 -0.007073	 -0.076140	  0.066751	  0.108908	  0.012930	  0.173899
  0.041490	  0.003285	 -0.050641	  0.073625	  0.084518	 -0.136831	 -0.261605
  0.047350	 -0.009100	 -0.048804	  0.039162	  0.113342	  0.052872	  0.138011
  0.052640	 -0.019395	  0.000325	  0.025288	  0.098075	 -0.019664	 -0.144755
  0.047857	 -0.043943	  0.012836	  0.045053	  0.079703	  0.055818	  0.066456
  0.032462	 -0.017779	 -0.001291	  0.035804	  0.055947	  0.020310	 -0.004940
  0.023182	 -0.000991	  0.000546	  0.002102	  0.003841	  0.004504	 -0.068132
  0.035820	  0.013104	  0.014515	  0.041537	  0.035643	  0.049515	  0.109598
  0.033254	  0.007688	  0.014927	  0.043628	  0.036625	 -0.092201	 -0.235948
  0.046336	  0.002398	  0.008275	  0.059117	  0.048408	  0.027247	  0.180266
  0.086881	  0.009240	  0.039570	  0.033682	 -0.028658	 -0.086942	 -0.256062
  0.099836	 -0.009702	  0.059779	  0.063869	  0.028167	  0.071086	  0.184732
  0.088369	 -0.015562	  0.044702	  0.045243	  0.002827	 -0.122165	 -0.236075
  0.081528	 -0.004317	  0.004474	  0.061049	  0.036656	  0.007228	  0.103485
  0.076935	  0.000276	  0.000768	  0.025668	  0.043973	 -0.077567	 -0.152737
  0.096985	 -0.010684	 -0.033600	  0.008627	  0.052937	 -0.005537	 -0.021379
  0.090745	  0.004330	 -0.065307	  0.013505	  0.054299	  0.010871	 -0.004686
  0.089225	  0.028530	 -0.100118	  0.000011	  0.058354	  0.008052	 -0.135189
  0.098157	  0.015923	 -0.126440	  0.035677	  0.082680	  0.103996	  0.107856
  0.074876	  0.008606	 -0.111679	 -0.020546	  0.073431	 -0.006329	 -0.256759
  0.076364	 -0.029879	 -0.109747	 -0.031918	  0.095667	  0.121038	  0.188248
  0.072912	 -0.047744	 -0.085009	 -0.074679	  0.071467	 -0.053240	 -0.224861
  0.039146	 -0.047839	 -0.088176	 -0.037429	  0.115338	  0.100259	  0.189008
  0.062554	 -0.048916	 -0.083647	 -0.022954	  0.099563	 -0.022483	 -0.179629
  0.098252	 -0.061301	 -0.091439	 -0.002048	  0.134850	  0.112200	  0.100412
  0.080482	 -0.044133	 -0.070026	  0.005998	  0.108116	  0.061678	 -0.078775
  0.078740	  0.007434	 -0.074556	 -0.002745	  0.113057	  0.039189	 -0.050235
  0.076681	  0.009018	 -0.049247	  0.017654	  0.116573	  0.026550	  0.051791
  0.049504	  0.034263	 -0.038224	  0.013061	  0.111853	 -0.039905	 -0.188593
  0.059957	 -0.016164	 -0.063945	  0.018288	  0.130225	  0.025568	  0.099082
  0.046843	 -0.015720	 -0.076551	  0.025256	  0.072101	 -0.104015	 -0.287927
  0.051151	 -0.013123	 -0.036355	  0.029723	  0.082459	  0.039252	  0.153278
  0.030277	  0.000941	 -0.021721	 -0.002079	  0.054394	 -0.167208	 -0.288751
  0.040096	 -0.004381	  0.003587	 -0.008478	  0.069345	 -0.021660	  0.130757
  0.051373	  0.023113	 -0.015450	 -0.041515	  0.005805	 -0.109305	 -0.223626
  0.044467	  0.029765	  0.011823	 -0.054312	 -0.015070	 -0.012347	  0.005260
  0.018145	  0.053617	  0.030353	 -0.069453	 -0.002843	 -0.047570	 -0.085522
  0.018145	  0.096315	 -0.020518	 -0.035972	 -0.011490	 -0.044466	 -0.107599
  0.041807	  0.105818	 -0.055677	 -0.003980	  0.005456	  0.008210	  0.078081
  0.075446	  0.094510	 -0.086529	  0.007740	 -0.009463	 -0.082033	 -0.195689
  0.038544	  0.095998	 -0.057736	  0.055031	  0.037733	  0.059461	  0.197434
  0.019286	  0.060300	 -0.058908	  0.062000	  0.038937	 -0.072562	 -0.239242
  0.007977	  0.062232	 -0.035944	  0.062887	  0.112107	  0.059081	  0.174438
 -0.007765	  0.085704	 -0.020359	  0.037578	  0.095382	 -0.058530	 -0.257265
 -0.002539	  0.096727	 -0.023844	  0.046922	  0.107292	  0.063927	  0.106716
  0.012190	  0.097265	 -0.041233	  0.076159	  0.101559	 -0.012442	 -0.194358
  0.017132	  0.081903	 -0.031319	  0.063045	  0.125696	  0.040772	 -0.064014
  0.017797	  0.055486	 -0.035468	  0.062855	  0.137194	  0.034342	 -0.090431
  0.010797	  0.020865	 -0.042627	  0.069570	  0.142737	  0.027215	 -0.194643
  0.000724	  0.031444	 -0.075538	  0.066878	  0.139126	  0.097376	  0.059805
  0.002149	 -0.000580	 -0.097014	  0.037071	  0.109541	  0.006531	 -0.264836
  0.028281	 -0.017304	 -0.090679	  0.072484	  0.097061	  0.153093	  0.124486
  0.034585	 -0.014929	 -0.079560	  0.048126	  0.079070	 -0.013646	 -0.312539
  0.052861	 -0.056455	 -0.064546	  0.094974	  0.100609	  0.102286	  0.162052
  0.118809	 -0.062061	 -0.064578	  0.043153	  0.070802	 -0.058688	 -0.248270
  0.127488	 -0.078279	 -0.048614	  0.022691	  0.096079	  0.025758	  0.072253
  0.106108	 -0.051228	 -0.055519	  0.017908	  0.130352	 -0.072023	 -0.147510
  0.058373	 -0.014422	 -0.053112	  0.034664	  0.134565	 -0.043579	 -0.071806
  0.018905	 -0.023291	 -0.033378	  0.009419	  0.138176	 -0.010066	  0.000033
  0.010892	 -0.032160	 -0.058496	 -0.004138	  0.105328	 -0.082064	 -0.195498
  0.005380	  0.023430	 -0.043672	  0.025858	  0.110935	  0.020057	  0.097562
 -0.018978	  0.025869	 -0.022165	  0.021139	  0.075554	 -0.111111	 -0.262365
 -0.026137	 -0.000485	 -0.035849	  0.013220	  0.068775	  0.017903	  0.155116
 -0.049957	 -0.014517	  0.017398	 -0.020863	  0.021167	 -0.144655	 -0.322928
 -0.055088	 -0.004983	 -0.009526	 -0.030112	  0.020565	 -0.006455	  0.118341
 -0.054423	 -0.040997	  0.001687	 -0.004962	  0.005044	 -0.131573	 -0.219825
 -0.066713	 -0.008720	 -0.006169	 -0.018044	  0.046159	 -0.051149	  0.026831
 -0.068075	 -0.003177	 -0.016051	 -0.040280	  0.057214	 -0.129862	 -0.084508
 -0.075519	  0.012597	 -0.019346	 -0.017410	  0.040837	 -0.128849	 -0.093156
 -0.101556	  0.026534	 -0.008861	 -0.016333	  0.032760	 -0.050579	  0.057397
 -0.113212	  0.024856	 -0.004047	 -0.021496	 -0.004648	 -0.101450	 -0.201453
 -0.092750	  0.032173	  0.014864	 -0.023555	 -0.000626	  0.046252	  0.135002
 -0.128511	  0.035213	 -0.000024	 -0.040692	 -0.032301	 -0.068001	 -0.270949
 -0.122778	  0.020231	 -0.009906	 -0.029225	  0.015687	  0.128323	  0.183148
 -0.064147	 -0.021200	 -0.029957	 -0.021528	  0.019235	 -0.031922	 -0.242505
 -0.013277	 -0.017494	  0.003524	 -0.034135	  0.050245	  0.095919	  0.154355
  0.013299	 -0.049708	  0.015814	 -0.060710	  0.047236	 -0.029642	 -0.129392
 -0.005485	 -0.033585	  0.050435	 -0.046963	  0.045304	  0.013405	  0.070638
  0.007027	 -0.046541	  0.035168	 -0.032836	  0.045557	 -0.031289	 -0.001867
  0.014851	 -0.019617	  0.021040	 -0.001288	  0.047648	 -0.056344	 -0.119921
  0.011778	  0.006421	 -0.012377	 -0.006514	  0.066051	 -0.000595	  0.047198
  0.007692	 -0.003589	 -0.021436	 -0.034483	  0.057372	 -0.067462	 -0.281560
  0.016371	 -0.021897	 -0.013644	 -0.056529	  0.076979	  0.062122	  0.141875
  0.031861	 -0.056962	 -0.025269	 -0.060869	  0.053254	 -0.066417	 -0.294642
 -0.011408	 -0.042549	 -0.035215	 -0.051556	  0.113659	  0.039094	  0.166487
 -0.008652	  0.015606	 -0.016875	 -0.006292	  0.110301	 -0.106708	 -0.247889
  0.004525	  0.064133	 -0.009938	  0.026175	  0.139601	  0.019582	  0.091955
  0.024417	  0.106039	 -0.010382	  0.016039	  0.124492	 -0.048615	 -0.161574
  0.053717	  0.093559	 -0.027676	  0.024623	  0.093703	 -0.008483	 -0.037185
  0.034711	  0.119090	 -0.015165	  0.009609	  0.093387	 -0.021343	 -0.061068
 -0.016413	  0.127895	 -0.006802	  0.015500	  0.082680	 -0.043009	 -0.080295
 -0.021227	  0.110569	 -0.006771	 -0.004518	  0.072798	 -0.009845	  0.000318
 -0.037952	  0.123334	 -0.021088	 -0.027705	  0.065671	 -0.011872	 -0.096545
 -0.064717	  0.101732	 -0.001196	 -0.041864	  0.068965	  0.031840	  0.045456
 -0.065098	  0.052540	 -0.047125	 -0.033153	  0.055408	 -0.006962	 -0.095690
 -0.043305	  0.033756	 -0.037907	 -0.010822	  0.078594	  0.032949	  0.038329
 -0.012231	  0.039268	 -0.023970	  0.014708	  0.120311	 -0.014691	 -0.052611
 -0.020594	  0.059413	 -0.028595	  0.034442	  0.102668	 -0.044624	 -0.027588
 -0.051921	  0.096410	 -0.051686	  0.062443	  0.055376	 -0.049027	 -0.015171
 -0.037192	  0.091215	 -0.055266	  0.048221	  0.077011	 -0.012030	 -0.015646
 -0.046821	  0.118234	 -0.032269	  0.064629	  0.077201	  0.006690	  0.025278
 -0.044033	  0.089061	 -0.015133	  0.072136	  0.053951	  0.005803	 -0.024769
 -0.033549	  0.065907	 -0.054569	  0.052180	  0.054236	  0.016668	 -0.009311
 -0.037635	  0.064323	 -0.032903	  0.042741	  0.013977	  0.008147	 -0.033701
 -0.034056	  0.079749	 -0.031287	  0.009514	  0.032127	 -0.025999	 -0.057236
 -0.031173	  0.066920	 -0.071230	  0.008373	  0.025348	 -0.050009	 -0.059675
 -0.035228	  0.078292	 -0.038193	 -0.000021	  0.023986	 -0.032778	 -0.064014
 -0.017268	  0.075409	 -0.046777	 -0.002460	  0.005139	 -0.014089	 -0.049539
 -0.012136	  0.083265	 -0.062456	 -0.016587	  0.004601	 -0.001609	 -0.082956
  0.012444	  0.119121	 -0.052035	 -0.010505	  0.029498	  0.003744	 -0.058566
 -0.010901	  0.103822	 -0.082506	 -0.015415	  0.032032	  0.034596	 -0.088309
 -0.075424	  0.082980	 -0.116145	 -0.039235	  0.054268	  0.040202	 -0.104970
 -0.082139	  0.087953	 -0.141327	 -0.046425	  0.060856	  0.022147	 -0.088341
 -0.055785	  0.056278	 -0.145065	 -0.042877	  0.061711	  0.015432	 -0.116057
 -0.072921	  0.063373	 -0.155518	 -0.057765	  0.096364	 -0.015483	 -0.115740
 -0.051160	  0.064418	 -0.117349	 -0.079050	  0.088477	 -0.006360	 -0.122107
 -0.033739	  0.068187	 -0.076203	 -0.089535	  0.040077	  0.026075	 -0.151818
  0.006425	  0.020960	 -0.057198	 -0.063371	  0.031652	  0.042483	 -0.182480
  0.002054	 -0.007105	 -0.073796	 -0.043131	  0.049833	  0.052967	 -0.208422
 -0.001050	 -0.035929	 -0.040568	 -0.083548	  0.035611	  0.073461	 -0.206712
 -0.009159	 -0.019331	 -0.002178	 -0.068724	  0.037860	  0.113626	 -0.200503
  0.024449	  0.006294	 -0.006200	 -0.066602	  0.072798	  0.121133	 -0.187548
  0.025779	 -0.008118	 -0.042374	 -0.099830	  0.062630	  0.096616	 -0.159230
  0.019127	  0.053268	 -0.042912	 -0.124916	  0.053064	  0.081919	 -0.145040
  0.054287	  0.097614	 -0.022101	 -0.101730	  0.057055	  0.056357	 -0.162461
  0.048807	  0.100465	 -0.005915	 -0.088110	  0.059811	  0.067126	 -0.147384
  0.062966	  0.081523	 -0.043451	 -0.060299	  0.062187	  0.036496	 -0.106269
  0.096066	  0.087066	 -0.031414	 -0.045190	  0.093418	 -0.014089	 -0.094581
  0.117732	  0.075093	 -0.045826	 -0.037746	  0.106627	 -0.029325	 -0.074024
  0.104365	  0.043196	 -0.069424	 -0.000306	  0.125220	 -0.025366	 -0.015931
  0.093881	  0.073541	 -0.058718	  0.000866	  0.110650	 -0.061285	  0.002124
  0.065658	  0.070816	 -0.035690	 -0.006862	  0.100102	 -0.068349	  0.012070
  0.018272	  0.072907	 -0.000119	 -0.031664	  0.059209	 -0.068919	  0.001237
 -0.007734	  0.050354	 -0.013993	 -0.041294	  0.040837	 -0.070725	 -0.016216
 -0.021671	  0.031729	 -0.034645	 -0.065018	  0.014674	 -0.071707	 -0.033321
 -0.033771	  0.026915	 -0.039491	 -0.090327	  0.010556	 -0.086911	 -0.034746
 -0.069437	  0.032648	 -0.065117	 -0.059887	 -0.032047	 -0.060684	 -0.023913
 -0.047233	  0.016652	 -0.061759	 -0.032900	 -0.021816	 -0.017130	 -0.030122
 -0.035925	 -0.004191	 -0.054284	 -0.039900	 -0.018079	  0.015749	 -0.035950
 -0.062405	 -0.032667	 -0.093054	 -0.030936	 -0.009273	 -0.006044	 -0.031832
 -0.053979	 -0.049328	 -0.058750	 -0.028655	 -0.003001	 -0.027741	 -0.039846
 -0.066840	 -0.020789	 -0.028278	 -0.004265	  0.000356	 -0.042629	 -0.039117
 -0.100732	 -0.018445	 -0.064040	  0.026207	  0.023194	 -0.026791	 -0.042602
 -0.098008	 -0.017716	 -0.089982	  0.028075	  0.032887	 -0.044593	 -0.005922
 -0.060695	 -0.007105	 -0.051718	 -0.001383	  0.043276	 -0.066258	 -0.011307
 -0.024553	  0.016525	 -0.064040	  0.017211	  0.044987	 -0.051308	 -0.003831
  0.000122	  0.012851	 -0.018395	 -0.013198	  0.036086	 -0.005664	  0.019704
 -0.013023	  0.003000	  0.022497	  0.016514	  0.023511	  0.032315	  0.030885
 -0.003774	  0.045761	  0.036846	  0.031560	  0.034724	  0.074570	  0.017075
  0.024639	  0.056848	  0.035864	  0.019460	  0.021642	  0.055058	 -0.021854
 -0.009001	  0.035752	  0.039254	  0.022279	  0.012931	  0.043687	 -0.010071
  0.022421	  0.016145	  0.061300	  0.037515	 -0.017604	  0.075489	  0.013495
  0.032557	  0.023589	  0.072291	  0.041284	 -0.011712	  0.063389	 -0.033923
  0.054825	  0.051178	  0.059938	  0.009197	 -0.025427	  0.020184	 -0.062114
  0.080165	  0.067522	  0.084486	 -0.031538	 -0.020264	  0.027659	 -0.038864
  0.070251	  0.085926	  0.085436	 -0.043701	 -0.010635	 -0.012252	 -0.027999
  0.076523	  0.090233	  0.093957	 -0.027166	 -0.004997	  0.016794	 -0.048398
  0.088179	  0.084215	  0.082776	  0.011097	 -0.001576	  0.023066	 -0.067530
  0.089985	  0.084785	  0.113722	 -0.015732	 -0.010192	  0.021292	 -0.081436
  0.054097	  0.055106	  0.078024	  0.006916	 -0.012852	 -0.014311	 -0.057236
  0.030467	  0.079274	  0.086830	  0.021360	 -0.008228	 -0.013899	 -0.019130
  0.081021	  0.052033	  0.081952	  0.020885	  0.008655	 -0.013646	 -0.008868
  0.042757	  0.028182	  0.060508	  0.039384	  0.022877	  0.012423	 -0.002374
  0.022390	  0.038318	  0.029909	  0.034125	  0.020312	  0.020342	 -0.028443
  0.017892	  0.054440	  0.058449	  0.020188	  0.002890	  0.020215	 -0.028665
 -0.002792	  0.045350	  0.098772	  0.035266	 -0.002780	 -0.025841	 -0.051819
  0.017923	  0.059825	  0.112392	  0.041696	  0.002954	 -0.023433	 -0.079440
 -0.021766	  0.032268	  0.091740	  0.047587	  0.004379	 -0.017225	 -0.064838
 -0.040834	  0.014973	  0.050847	  0.064724	 -0.004775	  0.003522	 -0.066327
 -0.048278	  0.000466	  0.039064	  0.030546	 -0.013201	  0.001875	 -0.068829
 -0.067663	 -0.003525	  0.005646	  0.033682	 -0.003445	  0.012423	 -0.070001
 -0.048563	  0.018552	 -0.016812	  0.002418	  0.005488	 -0.010858	 -0.048778
 -0.076627	  0.013611	 -0.044939	 -0.002365	  0.009764	 -0.024067	 -0.036868
 -0.075044	  0.017127	 -0.043957	 -0.023460	  0.029054	 -0.020709	 -0.044122
 -0.063609	  0.035213	 -0.033568	 -0.002333	  0.001053	 -0.041995	 -0.050172
 -0.063989	  0.035784	 -0.004522	  0.040017	 -0.037559	 -0.047127	 -0.081214
 -0.038110	  0.030272	 -0.027265	  0.046067	 -0.013803	 -0.051783	 -0.071648
 -0.004408	  0.006389	 -0.038446	  0.040841	  0.026267	 -0.037402	 -0.095468
  0.014249	 -0.017178	 -0.044274	  0.047397	  0.035833	 -0.036547	 -0.104559
  0.041300	 -0.037481	 -0.054442	  0.015342	  0.037733	 -0.003193	 -0.112731
  0.053843	 -0.049645	 -0.068918	 -0.000147	  0.065006	 -0.023243	 -0.109152
  0.057771	 -0.016132	 -0.077216	  0.009102	  0.049928	 -0.057453	 -0.090178
  0.055712	 -0.010621	 -0.083488	  0.002228	  0.037575	 -0.063661	 -0.057014
  0.064296	 -0.007010	 -0.057863	 -0.003188	  0.036530	 -0.058941	 -0.049127
  0.094799	 -0.017716	 -0.026568	 -0.004835	  0.025665	 -0.009528	 -0.026764
