:RUN-6	LEVEL SWEEP	TEMP:NaN	8/27/2019	1:01 PM	HR:-569.11:SW EAR: R	SW FREQ: 32.00	# AVERAGES: 512	REP RATE (/sec): 80	DRIVER: 	SAMPLE (µsec): 40	MASKER dB: 2147483647:NOTES-:CHAMBER-SEWELL-PXI1:CFTS Version: V2.7.2 (R850):LEVELS:20;30;40;50;60;70;80;:DATA -0.024491	  0.001158	 -0.012911	 -0.045562	  0.012474	 -0.054713	  0.019879
 -0.018030	 -0.023391	 -0.060487	 -0.104921	  0.028501	 -0.051704	  0.004992
  0.010098	 -0.033843	 -0.092416	 -0.082464	  0.022768	 -0.023354	 -0.000456
  0.019569	 -0.011132	 -0.096945	 -0.066467	  0.037276	 -0.027219	 -0.008122
 -0.002129	 -0.030676	 -0.062388	 -0.056490	  0.037434	  0.004330	  0.002648
 -0.007735	 -0.063428	 -0.055926	 -0.013285	  0.050041	  0.005407	 -0.015312
  0.017954	 -0.080723	 -0.086714	  0.005721	  0.007374	  0.004235	  0.019119
  0.021184	 -0.077650	 -0.028210	  0.036319	  0.015420	 -0.007422	  0.015857
  0.004523	 -0.044803	 -0.002015	  0.037142	 -0.003934	 -0.025096	 -0.026937
  0.032999	 -0.022187	  0.041507	  0.053740	 -0.021355	  0.011742	 -0.015977
  0.067589	  0.009330	  0.044897	  0.023459	 -0.045239	  0.030684	 -0.003972
  0.046271	  0.032390	  0.057947	  0.042432	 -0.040741	  0.044589	 -0.004352
  0.028787	  0.002488	  0.064852	  0.026436	 -0.032885	  0.021561	 -0.015375
  0.003351	  0.015855	  0.097319	  0.005119	 -0.042958	 -0.003937	 -0.001786
 -0.025252	  0.019308	  0.074291	  0.024092	 -0.031587	 -0.020567	 -0.003402
 -0.037510	  0.036032	  0.065295	  0.020640	 -0.003586	 -0.036373	  0.014653
 -0.036021	  0.038408	  0.047431	  0.028432	 -0.008400	 -0.005046	  0.012277
 -0.039727	  0.070147	  0.034729	  0.026816	  0.003098	  0.021530	  0.010504
 -0.017808	  0.082848	 -0.002141	  0.022413	 -0.000608	  0.053173	  0.015888
 -0.043623	  0.079871	 -0.028115	  0.016427	  0.016908	  0.058178	 -0.020126
 -0.028324	  0.063020	 -0.012182	  0.029540	  0.042502	  0.021150	 -0.012651
 -0.042926	  0.114682	 -0.007589	  0.026595	  0.071897	  0.022702	  0.001444
 -0.063452	  0.135049	 -0.011010	  0.020830	  0.066385	  0.028752	  0.041419
 -0.060284	  0.117438	 -0.030807	  0.039993	  0.054349	  0.061156	  0.064478
 -0.033772	  0.127162	 -0.038568	  0.073981	  0.071960	  0.034612	  0.107272
 -0.032410	  0.113605	 -0.036857	  0.080981	  0.067906	  0.030906	  0.133784
 -0.035831	  0.095360	  0.017434	  0.074424	  0.066037	  0.054662	  0.148450
 -0.029971	  0.107270	  0.012778	  0.077687	  0.058086	  0.092863	  0.168532
 -0.048406	  0.102835	  0.044643	  0.045473	  0.057326	  0.098691	  0.184591
 -0.048026	  0.070083	  0.034602	  0.018137	  0.046430	  0.139140	  0.203026
 -0.049768	  0.066504	  0.035616	  0.017979	  0.058815	  0.142118	  0.222696
 -0.006722	  0.071033	  0.055191	  0.004802	  0.085865	  0.182377	  0.241512
 -0.012613	  0.087980	  0.009990	  0.022730	  0.135786	  0.208731	  0.277875
 -0.015432	  0.097324	 -0.032328	  0.014875	  0.157293	  0.201921	  0.289405
 -0.003554	  0.079111	 -0.040848	 -0.004574	  0.193625	  0.197454	  0.293491
  0.010225	  0.059567	 -0.025866	  0.001001	  0.235056	  0.174712	  0.273535
 -0.016002	  0.064033	 -0.024536	  0.024536	  0.211585	  0.130588	  0.223045
 -0.018631	  0.051141	 -0.020386	  0.059822	  0.179371	  0.085957	  0.216298
 -0.014640	  0.048322	 -0.001001	  0.084877	  0.188303	  0.018742	  0.169165
  0.027805	  0.054911	 -0.025581	  0.040183	  0.151528	 -0.038305	  0.083769
  0.028470	  0.060961	 -0.030617	  0.026056	  0.081494	 -0.075523	  0.029477
  0.006139	  0.055323	 -0.009933	  0.011929	  0.061792	 -0.134313	 -0.031751
 -0.020849	  0.051807	 -0.017599	 -0.036154	  0.010890	 -0.170391	 -0.086486
  0.000786	  0.063716	 -0.035179	 -0.039100	 -0.037161	 -0.226615	 -0.127759
  0.026759	  0.049906	 -0.014368	 -0.084396	 -0.034152	 -0.243973	 -0.171534
  0.019157	  0.035557	  0.007646	 -0.085314	 -0.070199	 -0.279607	 -0.196653
  0.042724	 -0.010467	  0.015819	 -0.116388	 -0.123350	 -0.325188	 -0.221677
  0.066860	  0.011199	  0.026081	 -0.149362	 -0.177895	 -0.320944	 -0.217559
  0.050738	  0.011801	  0.023357	 -0.187626	 -0.180049	 -0.282458	 -0.197793
  0.034488	  0.007176	  0.057883	 -0.199472	 -0.175171	 -0.249009	 -0.147144
  0.024225	 -0.007426	  0.074671	 -0.200612	 -0.129685	 -0.170866	 -0.075242
  0.020741	 -0.040084	  0.059499	 -0.190856	 -0.096363	 -0.068365	  0.015128
  0.003193	 -0.044043	  0.056426	 -0.198142	 -0.043053	 -0.023069	  0.084655
 -0.016731	 -0.046482	  0.086360	 -0.186073	  0.032651	  0.042974	  0.132517
 -0.015401	 -0.060958	  0.056553	 -0.146163	  0.102463	  0.121560	  0.207049
 -0.029338	 -0.046197	  0.023547	 -0.086835	  0.145954	  0.199608	  0.247720
 -0.037827	 -0.021807	  0.008438	 -0.045688	  0.172086	  0.272810	  0.283608
 -0.026487	 -0.033875	 -0.010313	  0.009046	  0.189507	  0.326658	  0.304419
 -0.008527	 -0.012209	 -0.013069	  0.001223	  0.148171	  0.303567	  0.285319
  0.039176	  0.026498	 -0.019816	  0.017250	  0.115609	  0.249655	  0.278857
  0.065847	  0.024566	 -0.058682	  0.016110	  0.083775	  0.205753	  0.249969
  0.037972	  0.059060	 -0.063211	  0.005594	  0.006139	  0.167141	  0.197736
  0.026474	  0.091147	 -0.063116	  0.005309	 -0.000481	  0.154946	  0.184844
  0.014501	  0.100460	 -0.043921	  0.007399	  0.010003	  0.102840	  0.140436
  0.026791	  0.082848	 -0.047785	  0.014526	 -0.000228	  0.085007	  0.078700
  0.008261	  0.095138	 -0.012626	 -0.019683	 -0.010016	  0.090804	  0.021432
  0.013551	  0.072142	 -0.022445	 -0.010180	 -0.023288	  0.042530	 -0.073119
  0.012410	  0.057128	 -0.008761	 -0.003244	  0.012886	 -0.053604	 -0.151579
  0.038828	  0.049336	  0.000931	 -0.006443	 -0.011948	 -0.115308	 -0.191585
  0.054570	  0.053675	 -0.025803	 -0.060924	 -0.018156	 -0.151259	 -0.248189
  0.051561	  0.055291	 -0.007938	 -0.081703	 -0.043053	 -0.176029	 -0.270488
  0.058403	  0.033181	 -0.038188	 -0.085504	 -0.098770	 -0.204917	 -0.304983
  0.046461	  0.037426	 -0.055894	 -0.088735	 -0.106815	 -0.234945	 -0.319427
  0.012410	  0.070210	 -0.090325	 -0.124148	 -0.090914	 -0.287241	 -0.309259
 -0.002477	  0.067327	 -0.063275	 -0.111605	 -0.091516	 -0.283630	 -0.243849
  0.002844	  0.026403	 -0.084560	 -0.102134	 -0.132092	 -0.250149	 -0.186707
 -0.011663	  0.025896	 -0.100683	 -0.079739	 -0.188823	 -0.231714	 -0.136407
 -0.013247	  0.044648	 -0.107525	 -0.087627	 -0.165985	 -0.189174	 -0.093645
  0.000025	  0.022285	 -0.115412	 -0.120411	 -0.174284	 -0.156834	 -0.045023
 -0.012486	  0.051775	 -0.115412	 -0.140303	 -0.147106	 -0.111095	 -0.005081
 -0.011473	  0.089342	 -0.092828	 -0.130737	 -0.106150	 -0.062505	  0.012056
 -0.021260	  0.080663	 -0.118548	 -0.117877	 -0.089141	 -0.035898	  0.024441
 -0.030098	  0.089975	 -0.145219	 -0.136121	 -0.064054	 -0.030735	  0.030744
 -0.036528	  0.048956	 -0.152061	 -0.109166	 -0.026202	 -0.007517	  0.047849
 -0.040582	  0.024629	 -0.117408	 -0.114551	 -0.011885	  0.029163	  0.028178
 -0.046822	 -0.011924	 -0.120797	 -0.094247	 -0.005518	  0.037177	  0.035875
 -0.062660	 -0.013508	 -0.101222	 -0.045182	  0.005410	  0.021878	  0.029129
 -0.065606	 -0.019653	 -0.095837	 -0.008217	  0.067747	  0.035530	  0.035907
 -0.073556	 -0.038278	 -0.095077	 -0.014267	  0.119948	 -0.029658	  0.013671
 -0.091390	 -0.087090	 -0.064510	 -0.024434	  0.122419	 -0.092058	 -0.008723
 -0.059017	 -0.101692	 -0.042242	 -0.057060	  0.121722	 -0.109163	  0.011580
 -0.028482	 -0.062446	 -0.025011	 -0.015407	  0.089635	 -0.114611	  0.011232
 -0.013753	 -0.016897	 -0.015635	 -0.016832	  0.062236	 -0.095289	  0.027070
 -0.015971	  0.005244	  0.001058	 -0.023801	  0.024384	 -0.061618	  0.049591
 -0.030415	  0.011991	  0.032068	 -0.016959	  0.014564	 -0.059432	  0.070908
 -0.060253	  0.033688	  0.019810	  0.026278	  0.034235	 -0.029373	  0.064795
 -0.061203	  0.050064	 -0.006893	  0.058080	  0.034361	 -0.003209	  0.065270
 -0.045144	  0.076292	 -0.024757	  0.082818	  0.064928	 -0.031590	  0.029097
 -0.046284	  0.053612	 -0.031409	  0.081995	  0.077630	  0.006262	  0.043984
 -0.012867	  0.010565	 -0.047500	  0.063370	  0.102463	  0.041390	  0.030206
 -0.019423	  0.001855	 -0.061026	  0.088045	  0.141171	  0.024919	  0.020165
 -0.011504	 -0.021110	 -0.059315	  0.071732	  0.096825	  0.032173	  0.013323
 -0.011346	 -0.021427	 -0.056306	  0.053804	  0.121754	  0.056373	  0.029540
 -0.018315	 -0.001630	 -0.080854	  0.063908	  0.125966	  0.072052	  0.067582
 -0.030890	  0.000302	 -0.092321	  0.079999	  0.109717	  0.125868	  0.096027
 -0.008717	  0.028842	 -0.076357	  0.059252	  0.062109	  0.157639	  0.126942
 -0.005486	  0.017027	 -0.091086	  0.062546	  0.039936	  0.095397	  0.148323
 -0.007007	  0.026435	 -0.088647	  0.063971	  0.015451	  0.041865	  0.135336
  0.014216	  0.066947	 -0.100050	  0.094316	  0.036072	  0.056309	  0.171668
 -0.021894	  0.072396	 -0.073284	  0.111358	  0.034678	  0.078894	  0.163970
 -0.061456	  0.064255	 -0.026848	  0.088900	  0.036674	  0.063975	  0.170844
 -0.084548	  0.064572	  0.009103	  0.089312	  0.029737	  0.051748	  0.185858
 -0.055311	  0.069703	 -0.017282	  0.109552	  0.036135	  0.030019	  0.191084
 -0.022813	  0.072364	 -0.020323	  0.088742	  0.063946	  0.006674	  0.174835
  0.004777	  0.047815	 -0.006132	  0.072334	  0.060684	 -0.004983	  0.151015
  0.010795	  0.035969	  0.006569	  0.040215	  0.071548	  0.014846	  0.124978
  0.042280	  0.001443	 -0.012816	  0.042211	  0.108925	  0.019059	  0.112055
  0.036895	 -0.044011	  0.032131	  0.027386	  0.092010	  0.038888	  0.108792
  0.025334	 -0.042396	  0.012524	  0.018169	  0.117762	  0.030652	  0.075945
  0.012790	 -0.049143	  0.009040	  0.023490	  0.098599	  0.010285	  0.063401
 -0.012581	 -0.061939	  0.034602	  0.027513	  0.068412	 -0.003589	  0.035400
 -0.023414	 -0.080470	  0.036186	  0.008730	  0.044497	 -0.019490	  0.022604
 -0.032600	 -0.105778	  0.028615	 -0.036724	  0.075444	 -0.020567	  0.014748
 -0.056864	 -0.116009	 -0.035685	 -0.026683	  0.053588	 -0.034377	  0.013544
 -0.089204	 -0.109769	 -0.005784	 -0.012303	  0.025397	 -0.060098	 -0.039987
 -0.082647	 -0.086520	 -0.000146	 -0.027792	  0.012347	 -0.097126	 -0.077649
 -0.074412	 -0.048953	  0.007203	 -0.020126	 -0.012835	 -0.121991	 -0.089495
 -0.062217	 -0.025671	  0.029186	 -0.081355	  0.016338	 -0.120281	 -0.084998
 -0.069470	 -0.018608	 -0.000019	 -0.082464	  0.011080	 -0.143087	 -0.093170
 -0.075299	 -0.027762	 -0.003820	 -0.067988	 -0.023256	 -0.151037	 -0.121456
 -0.059144	 -0.019748	  0.020253	 -0.079169	 -0.020437	 -0.148883	 -0.127601
 -0.060475	  0.023457	  0.037865	 -0.111827	 -0.018695	 -0.144291	 -0.134189
 -0.024966	  0.069988	  0.012683	 -0.113664	 -0.068995	 -0.135326	 -0.159403
 -0.004726	  0.063716	  0.005271	 -0.097921	 -0.115209	 -0.118127	 -0.149900
  0.003921	  0.047594	 -0.024979	 -0.112650	 -0.150527	 -0.086388	 -0.149995
  0.000184	  0.008126	 -0.038473	 -0.097446	 -0.134816	 -0.108371	 -0.178408
 -0.001305	  0.019593	 -0.011105	 -0.120316	 -0.141437	 -0.136372	 -0.197160
  0.018302	  0.045978	 -0.013354	 -0.134823	 -0.148500	 -0.151703	 -0.230704
  0.016528	  0.052820	 -0.046487	 -0.151864	 -0.124775	 -0.183124	 -0.255442
  0.024859	  0.019719	 -0.066759	 -0.143945	 -0.156926	 -0.230796	 -0.251166
  0.005505	 -0.031056	 -0.066220	 -0.155538	 -0.160188	 -0.266019	 -0.230229
 -0.028292	 -0.038120	 -0.079714	 -0.120569	 -0.171687	 -0.293070	 -0.234537
 -0.006436	 -0.017879	 -0.060392	 -0.134253	 -0.143591	 -0.287843	 -0.244990
  0.025841	 -0.013223	 -0.062388	 -0.132004	 -0.114861	 -0.304916	 -0.248157
  0.011555	 -0.022916	 -0.074456	 -0.154810	 -0.090028	 -0.311663	 -0.254651
 -0.005613	 -0.033020	 -0.077148	 -0.156869	 -0.125916	 -0.326487	 -0.252053
 -0.053443	 -0.008630	 -0.093176	 -0.173023	 -0.146505	 -0.343116	 -0.257660
 -0.103680	 -0.000046	 -0.086398	 -0.144927	 -0.141405	 -0.350560	 -0.236532
 -0.089869	 -0.002295	 -0.052885	 -0.147113	 -0.163071	 -0.350624	 -0.214296
 -0.090186	 -0.011164	 -0.073601	 -0.121139	 -0.182044	 -0.351796	 -0.219618
 -0.101716	  0.021715	 -0.069641	 -0.130072	 -0.193669	 -0.312075	 -0.225509
 -0.081602	  0.035525	 -0.121842	 -0.131339	 -0.188886	 -0.304346	 -0.213663
 -0.061330	  0.056463	 -0.144047	 -0.106093	 -0.167664	 -0.279544	 -0.189336
 -0.042420	  0.039485	 -0.172396	 -0.113347	 -0.192212	 -0.270485	 -0.187911
 -0.022781	  0.050223	 -0.168183	 -0.100550	 -0.174474	 -0.250815	 -0.187721
 -0.015591	  0.059155	 -0.156432	 -0.074101	 -0.166428	 -0.232886	 -0.193010
 -0.039252	  0.035114	 -0.113512	 -0.034792	 -0.147360	 -0.212044	 -0.213884
 -0.005898	  0.045598	 -0.119878	 -0.032955	 -0.124300	 -0.201655	 -0.221677
  0.002591	  0.014050	 -0.057605	 -0.033050	 -0.087399	 -0.189523	 -0.231939
  0.024859	 -0.011892	 -0.034545	 -0.034729	 -0.074317	 -0.193197	 -0.225066
  0.009908	 -0.017436	 -0.038093	 -0.067956	 -0.059936	 -0.173083	 -0.228138
  0.015134	 -0.083352	 -0.030839	 -0.079929	 -0.046696	 -0.164943	 -0.274923
  0.017573	 -0.041572	 -0.033975	 -0.055444	 -0.040329	 -0.160413	 -0.325762
 -0.004409	 -0.055034	 -0.054215	 -0.050091	 -0.032252	 -0.138114	 -0.333142
 -0.004631	 -0.047020	 -0.039613	 -0.035204	 -0.033709	 -0.109638	 -0.328359
 -0.009541	 -0.078886	 -0.063971	 -0.052847	 -0.023066	 -0.119996	 -0.343341
 -0.040931	 -0.053260	 -0.064542	 -0.070173	 -0.040107	 -0.111095	 -0.345210
 -0.096521	 -0.069161	 -0.055894	 -0.084586	 -0.023604	 -0.121769	 -0.354301
 -0.106815	 -0.076573	 -0.017092	 -0.065834	 -0.035198	 -0.147300	 -0.360414
 -0.101589	 -0.093995	 -0.031314	 -0.045974	 -0.081824	 -0.148503	 -0.347459
 -0.064181	 -0.136472	 -0.065397	 -0.058865	 -0.080303	 -0.168395	 -0.390791
 -0.067633	 -0.123991	 -0.083895	 -0.061019	 -0.123065	 -0.169124	 -0.387592
 -0.049673	 -0.114647	 -0.086714	 -0.107709	 -0.108684	 -0.210080	 -0.396841
 -0.054076	 -0.075718	 -0.095362	 -0.112207	 -0.136179	 -0.238905	 -0.400705
 -0.032062	 -0.056713	 -0.082121	 -0.112428	 -0.132346	 -0.251765	 -0.383917
 -0.032505	 -0.057347	 -0.050953	 -0.105713	 -0.120974	 -0.259240	 -0.359527
  0.001736	 -0.012779	 -0.044428	 -0.108406	 -0.102128	 -0.237701	 -0.327092
  0.026696	  0.015982	 -0.009237	 -0.120125	 -0.116952	 -0.236117	 -0.304001
  0.047222	  0.003027	 -0.011644	 -0.119872	 -0.082077	 -0.224492	 -0.283190
  0.076743	 -0.000933	 -0.014495	 -0.115501	 -0.078973	 -0.213723	 -0.282335
  0.050389	  0.030331	 -0.012372	 -0.110211	 -0.066208	 -0.203903	 -0.271977
  0.064833	  0.039073	 -0.034133	 -0.076699	 -0.069850	 -0.226393	 -0.253067
  0.047760	  0.044996	 -0.040532	 -0.078789	 -0.088792	 -0.221642	 -0.245243
  0.045131	  0.052567	 -0.029509	 -0.079011	 -0.118535	 -0.239190	 -0.242709
 -0.002604	  0.052440	  0.013221	 -0.110179	 -0.145586	 -0.251416	 -0.214930
 -0.020342	  0.078382	  0.034507	 -0.139352	 -0.137319	 -0.219108	 -0.208658
 -0.038270	  0.076482	  0.054241	 -0.130357	 -0.162247	 -0.198012	 -0.198839
 -0.031872	  0.085667	  0.049965	 -0.134379	 -0.134658	 -0.205171	 -0.171408
 -0.015971	  0.089659	  0.031308	 -0.123325	 -0.114132	 -0.252969	 -0.139891
 -0.005645	  0.081708	 -0.003820	 -0.087215	 -0.083819	 -0.277485	 -0.103813
  0.018777	  0.068753	  0.013031	 -0.062476	 -0.050592	 -0.274666	 -0.112840
  0.046588	  0.051110	  0.022059	 -0.075083	 -0.038872	 -0.267983	 -0.106663
  0.017320	  0.024629	  0.000393	 -0.085409	 -0.062185	 -0.226488	 -0.108025
  0.026569	  0.003597	 -0.046930	 -0.109609	 -0.059398	 -0.213058	 -0.086265
 -0.015179	  0.019276	 -0.078352	 -0.118415	 -0.057434	 -0.192627	 -0.054431
 -0.011283	 -0.001503	 -0.099796	 -0.114741	 -0.109413	 -0.196048	 -0.039829
 -0.066144	 -0.044201	 -0.091561	 -0.091998	 -0.066524	 -0.224112	 -0.032036
 -0.089046	 -0.031721	 -0.064573	 -0.103844	 -0.093037	 -0.222592	 -0.012905
 -0.074000	  0.002425	 -0.060931	 -0.060608	 -0.072163	 -0.217651	 -0.021140
 -0.075013	 -0.010182	 -0.069673	 -0.104541	 -0.085941	 -0.210334	 -0.006126
 -0.037003	  0.000683	 -0.078225	 -0.122786	 -0.101557	 -0.186292	  0.025359
 -0.028039	  0.021303	 -0.078637	 -0.131972	 -0.101114	 -0.166210	  0.037808
 -0.022211	  0.006891	 -0.094095	 -0.133334	 -0.069755	 -0.137322	  0.046360
 -0.008527	 -0.016739	 -0.080126	 -0.127728	 -0.047583	 -0.111507	  0.072524
 -0.007608	  0.018896	 -0.092638	 -0.126682	 -0.002097	 -0.061333	  0.072714
 -0.015971	  0.047784	 -0.101823	 -0.130958	 -0.018410	 -0.010937	  0.054596
 -0.044542	  0.048956	 -0.087443	 -0.162634	 -0.045207	 -0.002607	  0.033658
 -0.055375	  0.063020	 -0.083293	 -0.148285	 -0.039315	 -0.007136	  0.032961
 -0.077231	  0.081423	 -0.082406	 -0.098016	 -0.010364	 -0.001752	  0.036319
 -0.077452	  0.099795	 -0.081139	 -0.074228	 -0.017713	 -0.017938	  0.032866
 -0.077009	  0.073441	 -0.067171	 -0.043186	 -0.026930	 -0.014834	 -0.005049
 -0.039822	  0.038946	 -0.059347	 -0.015850	  0.002306	 -0.023608	  0.001666
 -0.014197	 -0.004354	 -0.049179	  0.011992	  0.004618	 -0.049391	  0.013988
 -0.047513	 -0.053457	 -0.094054	  0.023456	  0.033592	  0.056841	  0.052999
 -0.019322	 -0.082250	 -0.060541	  0.038660	  0.065837	  0.042873	  0.047044
 -0.031612	 -0.056719	 -0.052432	  0.042746	  0.052312	  0.072172	  0.026392
 -0.036902	 -0.008224	 -0.038843	  0.048352	  0.057760	  0.067548	  0.016129
 -0.037060	  0.004984	 -0.053699	  0.033623	  0.048542	  0.065710	 -0.005537
 -0.015236	  0.063140	 -0.077962	  0.014808	 -0.015505	  0.044298	 -0.009496
  0.009249	  0.050850	 -0.026268	 -0.003500	 -0.039040	  0.034637	 -0.049249
 -0.011340	  0.050185	  0.035277	 -0.036506	 -0.062543	 -0.005971	 -0.046683
  0.015141	  0.032922	  0.038983	 -0.013383	 -0.053072	 -0.009772	 -0.042344
  0.021508	  0.008595	  0.049499	 -0.004957	 -0.006826	 -0.020446	 -0.056914
  0.038992	 -0.006957	  0.060744	  0.027162	  0.009075	 -0.065235	 -0.052321
  0.045993	 -0.004930	  0.030335	  0.025736	  0.018958	 -0.070335	 -0.039715
  0.002661	  0.008120	  0.050418	 -0.009392	  0.003500	 -0.030899	 -0.029895
 -0.041526	 -0.003030	  0.044621	 -0.003912	  0.002613	 -0.015980	  0.007260
 -0.044155	  0.002894	  0.026091	 -0.023266	 -0.003690	 -0.024564	  0.024586
 -0.004023	 -0.000781	  0.027485	 -0.038755	  0.003215	 -0.040560	  0.025980
  0.018815	 -0.006071	 -0.002163	 -0.040085	 -0.041954	 -0.053705	  0.014609
  0.034558	  0.001405	  0.013706	 -0.023646	 -0.028492	 -0.041130	  0.006943
  0.027272	 -0.002935	  0.008891	 -0.029442	  0.000744	 -0.024184	  0.043813
  0.074500	  0.002260	  0.019914	 -0.027700	 -0.045026	  0.018704	  0.066398
  0.057237	  0.008912	  0.048897	 -0.020795	 -0.013985	  0.039388	  0.047266
  0.054482	  0.015785	  0.027833	 -0.011957	 -0.007966	  0.038533	  0.048311
  0.044599	 -0.011107	  0.037589	  0.002170	 -0.028619	  0.051171	  0.021324
  0.023693	  0.020948	  0.012661	  0.019686	 -0.024184	  0.017247	 -0.007944
 -0.011688	  0.002608	 -0.021390	  0.029220	 -0.008917	  0.007301	 -0.012917
  0.003928	 -0.007971	 -0.034377	  0.038945	 -0.007333	  0.032293	  0.001432
  0.012037	  0.015405	 -0.059654	 -0.000554	 -0.030107	  0.046167	 -0.021089
  0.053183	  0.014645	 -0.048853	 -0.036379	  0.003057	  0.001441	 -0.066829
  0.083845	  0.019270	 -0.047713	 -0.013985	  0.033655	  0.042112	 -0.029420
  0.093981	  0.030736	 -0.020123	 -0.009392	  0.044045	  0.075150	 -0.016306
  0.047386	 -0.008383	 -0.018603	 -0.039008	  0.035967	  0.038153	 -0.032746
  0.020747	 -0.016143	 -0.069473	 -0.043063	  0.043379	  0.018419	 -0.031796
  0.020874	 -0.040628	 -0.050120	 -0.039262	  0.016012	  0.003215	 -0.045796
 -0.011086	 -0.051050	 -0.029911	 -0.041035	 -0.000934	 -0.011197	 -0.036610
 -0.036965	 -0.066095	 -0.060224	 -0.045660	 -0.032451	 -0.013573	 -0.038543
 -0.039848	 -0.071892	 -0.076790	 -0.038945	 -0.051013	 -0.028144	 -0.001292
 -0.075070	 -0.111581	 -0.093642	 -0.010849	 -0.060294	 -0.008917	  0.002445
 -0.081627	 -0.133215	 -0.065102	 -0.032895	 -0.067041	 -0.013510	  0.006912
 -0.083528	 -0.120513	 -0.059337	 -0.036031	 -0.071792	 -0.040877	 -0.008293
 -0.098225	 -0.113672	 -0.050848	 -0.047592	 -0.059407	 -0.024501	  0.005708
 -0.096673	 -0.087539	 -0.019078	 -0.054181	 -0.060072	  0.004292	  0.020025
 -0.127620	 -0.093114	 -0.001942	 -0.063176	 -0.054181	 -0.014903	  0.014609
 -0.130787	 -0.063054	 -0.003462	 -0.038660	 -0.034257	 -0.033560	  0.047994
 -0.121126	 -0.020483	  0.017032	 -0.001061	 -0.049493	 -0.035936	  0.049737
 -0.119036	 -0.022320	 -0.009417	  0.002550	 -0.042873	 -0.039483	  0.027564
 -0.098700	 -0.031601	 -0.035866	  0.029125	 -0.045407	 -0.036791	  0.031967
 -0.067975	 -0.058113	 -0.053477	  0.045058	 -0.051868	 -0.025356	  0.040202
 -0.082039	 -0.049878	 -0.087053	  0.046040	 -0.005306	  0.009550	  0.018473
 -0.091890	 -0.031094	 -0.093768	  0.039071	 -0.024247	 -0.011514	 -0.007627
 -0.066391	 -0.023999	 -0.127281	  0.052122	 -0.017532	 -0.045343	 -0.002781
 -0.108266	 -0.017569	 -0.095289	  0.067516	  0.009328	 -0.014080	  0.017681
 -0.095343	 -0.001699	 -0.111158	  0.050221	 -0.011894	 -0.010912	  0.036781
 -0.092365	 -0.004835	 -0.087687	  0.055353	 -0.057855	 -0.032451	  0.004821
 -0.094361	 -0.020641	 -0.108751	  0.036633	 -0.016297	 -0.001568	  0.046031
 -0.049572	 -0.026691	 -0.130638	  0.038913	 -0.011039	  0.008283	  0.048406
  0.004023	 -0.013007	 -0.106375	  0.003975	 -0.018102	 -0.002487	  0.045619
  0.028666	 -0.014718	 -0.104126	  0.000523	 -0.009708	 -0.057443	  0.017523
 -0.010991	 -0.044905	 -0.132064	  0.010722	 -0.003754	 -0.050728	  0.056642
 -0.028825	 -0.054597	 -0.160667	  0.014872	 -0.048194	 -0.056715	  0.080810
 -0.029775	 -0.068408	 -0.150246	  0.016265	 -0.065172	 -0.041384	  0.060348
 -0.024707	 -0.016618	 -0.145336	  0.037551	 -0.049619	 -0.037013	  0.060601
 -0.049730	 -0.011392	 -0.123955	  0.013161	 -0.030329	 -0.042366	  0.072036
 -0.028920	 -0.033850	 -0.116448	  0.031628	  0.004229	 -0.022569	  0.049388
 -0.002059	 -0.040628	 -0.107642	  0.025103	  0.025039	 -0.013605	  0.054520
  0.018974	 -0.071227	 -0.059749	  0.014111	  0.021903	 -0.027510	  0.067348
  0.004371	 -0.089852	 -0.056011	  0.030202	 -0.022347	 -0.017596	  0.040044
 -0.006810	 -0.075915	 -0.017304	  0.041162	 -0.031755	 -0.023551	  0.005676
 -0.008457	 -0.079652	  0.002841	  0.012433	  0.013858	 -0.006668	  0.043655
 -0.015426	 -0.093083	  0.008036	  0.038375	  0.013478	  0.012528	  0.073398
 -0.007665	 -0.120545	  0.006642	  0.030139	  0.004482	  0.003627	  0.070389
  0.058821	 -0.131283	 -0.019648	 -0.000269	  0.005242	 -0.018483	  0.022686
  0.064586	 -0.134514	 -0.040396	 -0.027700	 -0.013414	 -0.032800	  0.030383
  0.047956	 -0.144650	 -0.084266	 -0.013573	 -0.070683	 -0.044520	  0.005740
  0.005670	 -0.127450	 -0.089049	  0.002645	 -0.066819	 -0.026813	 -0.038194
  0.013399	 -0.151365	 -0.104253	  0.019940	 -0.035429	 -0.019338	 -0.019537
 -0.021064	 -0.185891	 -0.051989	  0.025103	 -0.003025	 -0.011387	 -0.006677
 -0.035761	 -0.177909	 -0.044862	  0.014682	 -0.000523	  0.004830	 -0.010161
 -0.032721	 -0.185511	 -0.068745	  0.029664	  0.001283	 -0.009708	 -0.025556
 -0.036363	 -0.150415	 -0.053256	  0.017532	  0.017184	 -0.029696	  0.005771
 -0.026702	 -0.120038	 -0.050532	  0.013731	  0.003690	 -0.045280	  0.020057
 -0.003579	 -0.118391	 -0.068301	  0.022917	 -0.008251	 -0.076195	 -0.001134
 -0.003611	 -0.100020	 -0.061333	  0.022094	 -0.044013	 -0.036918	  0.013405
  0.013462	 -0.082408	 -0.105235	 -0.004957	 -0.040339	 -0.015220	  0.052524
  0.044599	 -0.117093	 -0.113344	  0.010912	  0.006066	 -0.002265	  0.008622
  0.046753	 -0.101065	 -0.094275	 -0.030076	 -0.010595	  0.018324	 -0.010415
  0.075672	 -0.091626	 -0.094370	  0.019686	 -0.032610	  0.058013	 -0.022863
  0.041020	 -0.095933	 -0.066053	  0.027447	 -0.037709	  0.061403	 -0.010225
  0.055749	 -0.101255	 -0.074858	  0.034764	 -0.007871	  0.055543	 -0.020488
  0.049382	 -0.091942	 -0.070614	  0.053864	  0.004419	  0.066439	 -0.005917
  0.021413	 -0.098816	 -0.080148	  0.042556	 -0.003437	  0.102485	  0.003491
  0.033956	 -0.088141	 -0.067953	  0.021777	 -0.009645	  0.079933	 -0.020741
  0.043142	 -0.087730	 -0.049708	  0.021999	 -0.031976	  0.020383	 -0.012220
  0.026892	 -0.077150	 -0.039192	  0.028999	  0.016139	  0.035587	  0.016731
  0.039499	 -0.037397	 -0.061016	  0.055986	  0.031248	  0.033085	  0.036845
  0.066423	 -0.028877	 -0.101212	  0.053642	  0.017437	  0.021967	  0.024713
  0.094551	 -0.004962	 -0.114801	  0.051520	  0.016455	  0.006858	  0.009731
  0.073518	 -0.037492	 -0.119394	  0.031945	  0.034257	  0.026370	  0.026550
  0.034716	 -0.048959	 -0.101466	  0.017342	  0.056588	  0.065330	  0.032379
  0.015331	 -0.050353	 -0.076885	  0.074294	  0.014048	  0.063968	  0.017554
 -0.000982	 -0.083833	 -0.081193	  0.061751	  0.001695	  0.081928	  0.046474
 -0.010453	 -0.090960	 -0.096873	  0.061403	 -0.004260	  0.075086	  0.074000
 -0.011783	 -0.081933	 -0.077297	  0.052945	  0.013921	  0.060991	  0.038524
 -0.016059	 -0.056909	 -0.041979	  0.045660	  0.025166	  0.025388	  0.010332
  0.005987	 -0.061249	 -0.030798	  0.049176	  0.012971	  0.028017	  0.025758
  0.015394	 -0.084594	 -0.008689	  0.044108	 -0.016075	  0.030202	  0.031333
 -0.001457	 -0.108825	  0.012914	  0.016519	 -0.056461	  0.066977	  0.015559
  0.011657	 -0.106640	 -0.020630	  0.022220	 -0.044235	  0.090386	  0.032062
 -0.008806	 -0.110472	 -0.038653	 -0.018989	 -0.089118	  0.080503	  0.059112
 -0.016978	 -0.123238	 -0.040554	 -0.018863	 -0.093078	  0.089625	  0.071941
  0.012037	 -0.107463	 -0.044450	 -0.032483	 -0.091684	  0.073503	  0.068425
  0.029616	 -0.100083	 -0.076695	 -0.036126	 -0.028112	  0.070493	  0.070167
 -0.011530	 -0.095712	 -0.077171	 -0.032990	 -0.010215	  0.055226	  0.094494
  0.004466	 -0.094445	 -0.080877	 -0.036379	  0.002075	  0.057633	  0.079891
  0.008584	 -0.078544	 -0.065482	 -0.029632	  0.012908	  0.057475	  0.054393
 -0.016978	 -0.080666	 -0.111285	 -0.008156	  0.008378	  0.055004	  0.053506
 -0.043142	 -0.070086	 -0.096302	  0.019464	 -0.005274	  0.046325	  0.043813
 -0.004435	 -0.051968	 -0.064564	  0.043443	 -0.001029	  0.039578	  0.036591
  0.006208	 -0.034198	 -0.068967	  0.073534	  0.009360	  0.033623	  0.003491
  0.012955	 -0.041072	 -0.109733	  0.062796	  0.006731	  0.044393	  0.034437
  0.019734	 -0.056054	 -0.114357	  0.049493	 -0.006414	  0.035809	  0.010364
 -0.011340	 -0.031728	 -0.128009	  0.091462	 -0.017279	  0.016487	  0.006373
 -0.021729	 -0.003822	 -0.105013	  0.106698	 -0.034795	 -0.011894	  0.038872
  0.006905	 -0.008605	 -0.097316	  0.079236	 -0.050855	 -0.017976	  0.021070
  0.014127	 -0.002681	 -0.107262	  0.101820	 -0.029125	 -0.013288	  0.031523
  0.039499	  0.020347	 -0.123607	  0.135079	 -0.033687	 -0.045217	  0.048818
  0.098384	  0.028646	 -0.144069	  0.124468	  0.004767	 -0.062036	  0.060633
  0.109216	  0.021170	 -0.139444	  0.113065	  0.003152	 -0.047687	  0.047899
  0.110198	 -0.014211	 -0.111633	  0.118798	 -0.014175	  0.007745	  0.047519
  0.106366	 -0.042877	 -0.104158	  0.096721	  0.006794	  0.059819	  0.038777
  0.116438	 -0.075978	 -0.094909	  0.075340	  0.028524	  0.101282	  0.032727
  0.088881	 -0.100970	 -0.084393	  0.067516	  0.005876	  0.104323	  0.027976
  0.110800	 -0.072399	 -0.095099	  0.023709	 -0.030709	  0.126400	  0.030320
  0.085175	 -0.070530	 -0.076189	  0.003627	 -0.010944	  0.142460	  0.020564
  0.087994	 -0.049751	 -0.041282	 -0.001536	 -0.013319	  0.151360	  0.031587
  0.067310	 -0.052443	 -0.024716	  0.002867	 -0.012274	  0.145342	  0.053728
  0.038739	 -0.069991	 -0.046065	 -0.016455	  0.004197	  0.134826	  0.047678
  0.008869	 -0.106291	 -0.011856	 -0.032040	  0.023234	  0.128238	  0.057814
 -0.014602	 -0.097707	 -0.022911	 -0.031596	 -0.022220	  0.076987	  0.045745
 -0.006050	 -0.124315	 -0.003779	 -0.022410	 -0.043411	  0.095422	  0.021957
  0.023060	 -0.132962	 -0.027852	 -0.008853	 -0.024121	  0.095897	  0.015591
  0.019290	 -0.141546	 -0.068175	  0.029347	 -0.043728	  0.074484	  0.009351
  0.042445	 -0.136129	 -0.064944	  0.057792	 -0.064095	  0.070430	 -0.013836
  0.025847	 -0.154153	 -0.072546	  0.051710	 -0.053927	  0.109866	 -0.010415
  0.047101	 -0.165587	 -0.048948	  0.070620	 -0.072457	  0.117626	 -0.002306
  0.067215	 -0.151524	 -0.049550	  0.073344	 -0.066439	  0.100997	  0.018885
  0.066011	 -0.130586	 -0.042676	  0.090354	 -0.076543	  0.131785	  0.005961
  0.069686	 -0.160298	 -0.033807	  0.120635	 -0.085159	  0.121871	 -0.002243
  0.069369	 -0.185860	 -0.038242	  0.091716	 -0.054212	  0.125133	 -0.006265
  0.081849	 -0.166633	 -0.066243	  0.095295	 -0.048131	  0.165741	  0.001590
  0.052264	 -0.186081	 -0.073908	  0.089594	 -0.062986	  0.156714	 -0.002148
  0.034209	 -0.206354	 -0.063107	  0.066977	 -0.077462	  0.159628	  0.001083
  0.022648	 -0.165366	 -0.064437	  0.075023	 -0.129695	  0.132894	  0.000703
  0.019670	 -0.172493	 -0.057057	  0.036537	 -0.131912	  0.143885	 -0.018365
  0.009566	 -0.123269	 -0.027567	  0.024786	 -0.108187	  0.136093	 -0.044054
 -0.035920	 -0.104169	 -0.008784	 -0.015885	 -0.075371	  0.114205	 -0.043484
 -0.040639	 -0.086938	  0.017032	 -0.015980	 -0.110721	  0.119147	 -0.035850
 -0.000507	 -0.059729	  0.022195	 -0.009233	 -0.102485	  0.141446	 -0.023022
  0.014349	 -0.026311	 -0.007802	  0.006034	 -0.064855	  0.128586	 -0.035882
  0.037472	  0.001627	 -0.002734	  0.045850	 -0.039483	  0.092444	  0.000291
  0.024707	  0.026872	 -0.014010	  0.054497	 -0.024881	  0.090290	  0.009826
 -0.027874	  0.013790	 -0.002353	  0.045850	  0.012306	  0.040465	  0.028039
 -0.065410	  0.005713	 -0.003399	  0.030963	 -0.015125	  0.043728	  0.019265
 -0.064428	 -0.013261	  0.002081	  0.008632	 -0.008125	  0.059154	  0.012962
 -0.048527	 -0.033501	  0.016620	 -0.018388	  0.001916	  0.091843	 -0.016718
 -0.031137	 -0.053805	 -0.005901	 -0.051710	 -0.000554	  0.119622	 -0.022135
  0.006398	 -0.028718	  0.013959	 -0.068403	  0.017121	  0.133907	 -0.024320
  0.013335	 -0.025329	  0.012312	 -0.022759	  0.019908	  0.128681	 -0.014913
  0.002597	 -0.003093	 -0.003747	 -0.026275	  0.010817	  0.152596	 -0.046873
  0.005670	  0.044673	 -0.028422	 -0.004165	  0.011704	  0.158297	 -0.050136
  0.029141	  0.044673	 -0.043658	  0.017279	  0.010057	  0.127636	 -0.042058
  0.052613	 -0.002745	 -0.077867	  0.002043	 -0.024533	  0.117500	 -0.027995
  0.047196	 -0.015415	 -0.121073	 -0.025641	 -0.012496	  0.153261	 -0.040633
  0.044947	 -0.016333	 -0.080116	 -0.047054	  0.045533	  0.153229	 -0.056407
  0.061640	 -0.011994	 -0.094149	 -0.042049	  0.065615	  0.149808	 -0.079720
  0.058948	  0.009609	 -0.094402	 -0.029411	  0.027510	  0.126495	 -0.089033
  0.090623	 -0.004328	 -0.101814	  0.011324	  0.019940	  0.124595	 -0.064326
  0.095723	 -0.020641	 -0.097253	  0.043284	  0.017881	  0.088042	 -0.059638
  0.106556	 -0.004043	 -0.081383	  0.054561	  0.051773	  0.085254	 -0.032936
  0.081406	 -0.033533	 -0.067383	  0.073439	  0.055036	  0.083512	 -0.045131
  0.029585	 -0.046805	 -0.069410	  0.062670	  0.045850	  0.050950	 -0.038574
 -0.002471	 -0.041262	 -0.067858	  0.065489	  0.063113	  0.008885	 -0.017637
 -0.021222	 -0.042972	 -0.054586	  0.045280	  0.032800	  0.031501	 -0.012537
 -0.029806	 -0.071322	 -0.030133	  0.020763	  0.011324	  0.052407	 -0.028660
 -0.017485	 -0.092956	 -0.037418	 -0.001061	  0.007238	  0.049303	 -0.048679
 -0.012829	 -0.094286	 -0.033459	  0.016044	 -0.006383	  0.050696	 -0.021089
 -0.011118	 -0.087286	  0.013611	  0.010120	 -0.034922	  0.011736	 -0.015578
  0.005543	 -0.107938	  0.048675	 -0.005401	 -0.045723	  0.025103	  0.007355
  0.015236	 -0.099576	  0.051431	  0.015157	 -0.069955	  0.016234	 -0.003668
 -0.001615	 -0.088553	  0.040947	  0.008030	 -0.102010	  0.009360	 -0.011238
 -0.004846	 -0.076802	  0.009113	  0.016139	 -0.097988	 -0.001536	  0.006405
  0.006145	 -0.049973	 -0.026427	  0.021808	 -0.089784	 -0.007586	  0.023098
  0.000824	 -0.025741	 -0.043500	  0.040750	 -0.107015	 -0.005464	  0.024270
 -0.019449	 -0.016745	  0.014846	  0.069321	 -0.095802	 -0.011672	  0.046411
 -0.010263	 -0.009460	  0.047979	  0.044995	 -0.102644	  0.003532	  0.057339
  0.003294	  0.008944	  0.049309	  0.059819	 -0.106698	  0.022505	  0.031840
  0.007254	 -0.006324	  0.027865	  0.092444	 -0.067769	  0.016424	  0.050687
 -0.015743	  0.002672	  0.042435	  0.094282	 -0.047751	  0.039103	  0.068108
 -0.014761	 -0.030334	  0.072780	  0.114237	 -0.040560	  0.053167	  0.063610
  0.017453	 -0.009238	  0.068124	  0.103499	 -0.064792	  0.106508	  0.049166
 -0.004593	  0.020790	  0.056974	  0.069195	 -0.069068	  0.069100	  0.038397
  0.023408	  0.070109	  0.058558	  0.066027	 -0.060167	  0.108219	  0.030795
  0.008552	  0.052972	  0.026534	  0.076037	 -0.033940	  0.135523	  0.007133
  0.016408	  0.021772	  0.028372	  0.070367	 -0.020510	  0.143188	 -0.013012
  0.012924	  0.005047	  0.022702	  0.057982	 -0.036221	  0.166850	 -0.021501
  0.029870	  0.017433	  0.023747	  0.036981	 -0.034130	  0.177999	 -0.026252
  0.035191	  0.036058	  0.004108	  0.030234	 -0.050886	  0.155795	 -0.026189
  0.035191	  0.047429	  0.027548	 -0.008663	 -0.060389	  0.119907	 -0.052385
  0.010928	  0.040714	  0.032964	  0.001505	 -0.046705	  0.093015	 -0.015261
  0.003136	  0.037958	  0.031191	 -0.037044	 -0.066154	  0.095865	  0.019075
  0.013747	  0.061208	  0.035689	 -0.028017	 -0.040117	  0.073788	  0.005866
 -0.013937	  0.031116	  0.053142	 -0.030297	 -0.035587	  0.051108	  0.009762
  0.002787	  0.011002	  0.053427	 -0.021587	 -0.057982	  0.048036	  0.012803
  0.013462	  0.018573	  0.010317	 -0.011482	 -0.077652	  0.030931	  0.052366
