:RUN-5	LEVEL SWEEP	TEMP:NaN	8/27/2019	1:00 PM	HR:-636.36:SW EAR: R	SW FREQ: 22.60	# AVERAGES: 512	REP RATE (/sec): 80	DRIVER: 	SAMPLE (µsec): 40	MASKER dB: 2147483647:NOTES-:CHAMBER-SEWELL-PXI1:CFTS Version: V2.7.2 (R850):LEVELS:20;30;40;50;60;70;80;:DATA -0.029518	  0.018677	 -0.010573	 -0.008885	 -0.062625	  0.040437	 -0.036397
 -0.044342	  0.027451	 -0.030529	 -0.049493	 -0.021764	  0.028558	 -0.031360
 -0.063062	  0.052697	 -0.011967	 -0.024628	 -0.006908	  0.037871	 -0.045741
 -0.057044	  0.059412	 -0.039429	 -0.001853	 -0.004311	  0.035464	 -0.058126
 -0.022518	  0.036416	 -0.012727	  0.014998	 -0.002981	  0.018106	 -0.071176
  0.023316	  0.017569	 -0.003225	  0.006636	 -0.032755	  0.018676	 -0.061673
  0.010361	  0.014021	  0.009414	  0.006478	 -0.037919	 -0.017592	 -0.057619
  0.033167	  0.028497	 -0.006836	  0.000143	 -0.014796	 -0.005334	 -0.063606
  0.026769	  0.026438	 -0.013994	  0.026940	 -0.062625	 -0.011669	 -0.080584
  0.030697	 -0.006663	 -0.019601	  0.016360	 -0.033389	 -0.034254	 -0.079918
  0.035511	 -0.014423	  0.006310	 -0.015252	 -0.013655	 -0.032005	 -0.069877
  0.011090	 -0.017401	  0.006341	 -0.038976	 -0.020655	 -0.020570	 -0.073552
 -0.005857	  0.000971	  0.034406	 -0.032895	 -0.001524	 -0.040019	 -0.056859
 -0.017703	  0.019786	  0.023573	 -0.028650	  0.004907	 -0.036724	 -0.045709
 -0.000599	 -0.005586	 -0.003858	 -0.013985	  0.034238	 -0.034539	 -0.001997
 -0.019129	 -0.013346	 -0.010542	  0.006034	  0.024387	 -0.020031	  0.073010
 -0.006142	 -0.047587	  0.022242	  0.035112	  0.039401	 -0.019841	  0.111971
  0.026991	 -0.053099	  0.022781	  0.034352	  0.066230	 -0.007805	  0.196100
  0.026357	 -0.078217	  0.019898	  0.045375	  0.082479	  0.029445	  0.217006
  0.041656	 -0.065611	  0.018315	  0.022189	  0.064266	  0.071827	  0.236106
  0.036842	 -0.038877	  0.029369	  0.005084	  0.066578	  0.102045	  0.237500
  0.055467	 -0.039637	  0.053759	 -0.030234	  0.098380	  0.132675	  0.210608
  0.044507	 -0.058832	  0.062375	 -0.043348	  0.104114	  0.134069	  0.199299
  0.082232	 -0.050692	  0.037478	 -0.048701	  0.138006	  0.143255	  0.190969
  0.073553	 -0.041601	  0.041184	 -0.065710	  0.160591	  0.136698	  0.153307
  0.057240	 -0.063900	  0.014038	 -0.064317	  0.153590	  0.106163	  0.136709
  0.016538	 -0.082145	  0.009604	 -0.075752	  0.159704	  0.105878	  0.177285
 -0.005603	 -0.088670	 -0.033538	 -0.065584	  0.158785	  0.088425	  0.233065
 -0.002214	 -0.108974	 -0.016908	 -0.057697	  0.174655	  0.091054	  0.303099
 -0.022296	 -0.083254	  0.012581	 -0.065172	  0.143644	  0.155545	  0.384632
 -0.015106	 -0.033492	  0.019772	 -0.046167	  0.169713	  0.253358	  0.457738
  0.006085	 -0.029532	 -0.016718	 -0.013129	  0.201198	  0.337710	  0.521089
 -0.026129	 -0.031528	 -0.030149	  0.025134	  0.194357	  0.379236	  0.562013
 -0.036645	 -0.000581	 -0.063313	  0.033370	  0.211810	  0.429378	  0.575190
 -0.019477	 -0.002577	 -0.083015	  0.057095	  0.263916	  0.465614	  0.546619
 -0.026034	  0.006989	 -0.093848	  0.094757	  0.262965	  0.454496	  0.502686
 -0.008739	  0.012501	 -0.100119	  0.093680	  0.255933	  0.394282	  0.398601
 -0.004178	  0.038126	 -0.075793	  0.104639	  0.258974	  0.284210	  0.203449
  0.012958	  0.030999	 -0.015895	  0.110563	  0.187451	  0.136445	  0.055177
  0.015714	  0.043162	  0.017111	  0.060357	  0.107851	 -0.029344	 -0.053438
  0.009062	  0.032741	 -0.012347	 -0.008315	  0.022961	 -0.159339	 -0.192239
 -0.017735	  0.058176	  0.037953	 -0.020890	 -0.135193	 -0.257375	 -0.332307
 -0.019984	  0.055769	  0.040646	 -0.077525	 -0.216662	 -0.321422	 -0.424641
  0.027054	  0.018962	 -0.005537	 -0.163872	 -0.330820	 -0.348631	 -0.531608
  0.028669	  0.014306	  0.008907	 -0.221141	 -0.366201	 -0.382239	 -0.605127
 -0.006047	  0.013736	  0.012233	 -0.245785	 -0.360817	 -0.413819	 -0.612412
 -0.032432	 -0.013917	 -0.034203	 -0.248287	 -0.361070	 -0.433869	 -0.597873
 -0.064108	  0.006197	 -0.058530	 -0.237232	 -0.329997	 -0.415941	 -0.545387
 -0.064614	 -0.018636	 -0.096857	 -0.233273	 -0.321888	 -0.361016	 -0.436646
 -0.025464	  0.005881	 -0.102907	 -0.204512	 -0.267311	 -0.303304	 -0.288690
 -0.031514	  0.006736	 -0.081336	 -0.200172	 -0.221065	 -0.216672	 -0.103897
 -0.061384	  0.023175	 -0.069648	 -0.200362	 -0.162149	 -0.104826	  0.062716
 -0.075669	 -0.016577	 -0.110604	 -0.200362	 -0.109030	  0.020861	  0.241269
 -0.079882	 -0.025415	 -0.095368	 -0.194439	 -0.028891	  0.128589	  0.395940
 -0.086756	 -0.011002	 -0.091345	 -0.134668	  0.051596	  0.213922	  0.513614
 -0.074244	 -0.012650	 -0.068032	 -0.070113	  0.100281	  0.291178	  0.600752
 -0.072597	 -0.006916	 -0.072847	 -0.002138	  0.134173	  0.292097	  0.640948
 -0.077411	 -0.030356	 -0.079499	  0.075435	  0.206045	  0.292572	  0.662836
 -0.087231	 -0.051832	 -0.046081	  0.109359	  0.219063	  0.294663	  0.629133
 -0.061890	 -0.067828	 -0.026759	  0.118101	  0.223941	  0.314333	  0.552384
 -0.038007	 -0.088354	 -0.007057	  0.108092	  0.196732	  0.316709	  0.505061
 -0.040224	 -0.087245	  0.001748	  0.104798	  0.192234	  0.293427	  0.395623
 -0.033921	 -0.086611	  0.047234	  0.087788	  0.173926	  0.260707	  0.283556
 -0.026066	 -0.059086	  0.052619	  0.104386	  0.169270	  0.261784	  0.093789
 -0.057773	 -0.067226	  0.045270	  0.075910	  0.102783	  0.210850	 -0.082611
 -0.082986	 -0.074828	 -0.020931	  0.015442	  0.090271	  0.129888	 -0.217548
 -0.078045	 -0.067099	 -0.039715	  0.000428	  0.066800	  0.030871	 -0.335126
 -0.045578	 -0.030514	 -0.037877	 -0.014998	  0.041523	 -0.070078	 -0.397907
 -0.036075	 -0.027854	 -0.028818	 -0.029632	  0.012287	 -0.115786	 -0.448809
  0.007890	 -0.022722	 -0.002971	 -0.045882	 -0.030982	 -0.167322	 -0.462334
  0.011090	 -0.037546	 -0.007596	 -0.056810	 -0.092115	 -0.219966	 -0.451882
  0.003487	 -0.054778	 -0.030180	 -0.043253	 -0.171050	 -0.231021	 -0.398097
 -0.023943	 -0.103938	 -0.026189	 -0.009455	 -0.227464	 -0.228455	 -0.331579
 -0.033256	 -0.090824	 -0.072752	 -0.072457	 -0.216599	 -0.219079	 -0.268418
  0.001492	 -0.098521	 -0.103509	 -0.084684	 -0.232848	 -0.169539	 -0.213208
  0.018058	 -0.077584	 -0.075286	 -0.087186	 -0.203802	 -0.131972	 -0.158220
 -0.016151	 -0.068651	 -0.088748	 -0.141288	 -0.200856	 -0.124592	 -0.082547
 -0.034618	 -0.086485	 -0.097617	 -0.163397	 -0.146818	 -0.069857	 -0.031360
 -0.069081	 -0.108119	 -0.060779	 -0.165868	 -0.098957	 -0.029597	 -0.044379
 -0.071900	 -0.088670	 -0.069268	 -0.122853	 -0.060503	 -0.014710	 -0.007255
 -0.038451	 -0.083792	 -0.083807	 -0.127287	 -0.045742	 -0.025226	  0.020492
 -0.025210	 -0.063393	 -0.103509	 -0.143030	 -0.014891	 -0.025290	  0.028981
 -0.038894	 -0.037863	 -0.047855	 -0.109739	  0.005603	 -0.073436	  0.006112
  0.003709	  0.006862	  0.003332	 -0.127921	 -0.033896	 -0.074545	 -0.009473
 -0.002911	 -0.016704	 -0.012917	 -0.095549	 -0.010836	 -0.107139	  0.008709
 -0.037215	 -0.008848	  0.007830	 -0.084652	 -0.000795	 -0.069413	  0.033004
 -0.061415	 -0.000043	  0.022496	 -0.088580	  0.008929	 -0.037199	  0.037090
 -0.069176	  0.023334	 -0.005188	 -0.126844	 -0.028226	 -0.049236	  0.041366
 -0.092742	  0.024442	 -0.037466	 -0.115821	 -0.064019	 -0.038783	  0.028665
 -0.074814	  0.004740	 -0.056091	 -0.096024	 -0.089137	 -0.007045	  0.033954
 -0.057614	  0.006704	 -0.015451	 -0.092729	 -0.121573	  0.006386	  0.035316
 -0.068416	 -0.037293	  0.017713	 -0.105273	 -0.122745	  0.024599	  0.088341
 -0.082163	 -0.078407	 -0.005759	 -0.104639	 -0.085463	  0.084529	  0.130121
 -0.068922	 -0.059117	  0.013848	 -0.100585	 -0.040516	  0.135209	  0.157266
 -0.075574	 -0.061746	  0.016541	 -0.087725	 -0.023633	  0.159029	  0.207915
 -0.057266	 -0.061239	  0.003301	 -0.095929	 -0.002474	  0.205402	  0.218051
 -0.049505	 -0.044357	 -0.010827	 -0.108282	  0.005603	  0.226561	  0.267433
 -0.031577	 -0.036533	 -0.007501	 -0.097544	  0.028315	  0.253770	  0.296068
 -0.003069	 -0.065136	 -0.029673	 -0.085634	  0.059071	  0.266440	  0.296796
 -0.004558	 -0.061271	 -0.015261	 -0.074960	  0.085045	  0.259218	  0.302878
  0.039882	 -0.054683	 -0.044117	 -0.046990	  0.065691	  0.246548	  0.291886
  0.055087	 -0.046574	 -0.062806	 -0.028080	  0.078678	  0.204515	  0.309086
  0.052584	 -0.044293	 -0.089223	 -0.025039	  0.074687	  0.184718	  0.310987
  0.018913	 -0.038877	 -0.081051	 -0.016170	  0.064995	  0.205592	  0.321598
  0.035289	 -0.016641	 -0.112251	 -0.043569	  0.054573	  0.179586	  0.313394
  0.054231	  0.021591	 -0.129324	 -0.035556	  0.087041	  0.165713	  0.322295
  0.064114	  0.015066	 -0.110160	 -0.031058	  0.124481	  0.147943	  0.334426
  0.028796	  0.016999	 -0.067779	 -0.035619	  0.132621	  0.124471	  0.344943
  0.010583	 -0.024084	 -0.029737	 -0.019940	  0.118051	  0.098593	  0.349472
 -0.020744	 -0.044008	  0.003554	 -0.010469	  0.107091	  0.087094	  0.316530
 -0.059990	 -0.001246	  0.038143	 -0.046990	  0.105349	  0.141418	  0.289004
 -0.068099	  0.003378	  0.040234	 -0.046103	  0.048175	  0.133024	  0.279945
 -0.068194	 -0.031053	 -0.017510	 -0.049461	  0.030944	  0.123141	  0.256632
 -0.090905	 -0.051388	 -0.026348	 -0.027763	  0.034681	  0.076990	  0.203766
 -0.098792	 -0.083064	 -0.023022	 -0.004767	 -0.003361	  0.058967	  0.153022
 -0.133540	 -0.110019	 -0.013487	  0.008632	  0.002911	  0.046898	  0.114568
 -0.153052	 -0.122119	  0.027754	 -0.020098	 -0.008682	 -0.013665	  0.074942
 -0.135726	 -0.106408	  0.018315	 -0.007776	 -0.059141	 -0.064694	  0.035095
 -0.106869	 -0.071439	 -0.010098	  0.020953	 -0.064621	 -0.093360	 -0.001047
 -0.087706	 -0.067701	 -0.013551	  0.039167	 -0.118881	 -0.110369	 -0.085968
 -0.035790	 -0.057787	  0.011061	  0.055891	 -0.132121	 -0.128963	 -0.126608
 -0.019889	 -0.071946	 -0.023148	  0.037424	 -0.168104	 -0.128519	 -0.154926
 -0.032496	 -0.082620	 -0.002464	  0.041384	 -0.193951	 -0.128709	 -0.185651
 -0.048080	 -0.085693	  0.015781	 -0.003025	 -0.225310	 -0.091871	 -0.214443
 -0.065945	 -0.072231	 -0.000120	 -0.006731	 -0.233640	 -0.112397	 -0.158378
 -0.068225	 -0.034157	 -0.036484	  0.001441	 -0.208490	 -0.148316	 -0.162781
 -0.054447	 -0.030895	 -0.024479	 -0.019021	 -0.170163	 -0.144262	 -0.157555
 -0.063411	 -0.028931	 -0.048774	  0.003817	 -0.175073	 -0.108311	 -0.157460
 -0.071140	 -0.019080	 -0.036959	 -0.015125	 -0.167090	 -0.096306	 -0.172569
 -0.078362	  0.001414	 -0.032493	  0.001061	 -0.190815	 -0.100138	 -0.142002
 -0.107851	 -0.013568	 -0.045701	 -0.021999	 -0.204562	 -0.123293	 -0.107381
 -0.123309	 -0.023261	 -0.048235	 -0.063937	 -0.182991	 -0.103052	 -0.109376
 -0.103258	 -0.021455	 -0.074051	 -0.129631	 -0.185779	 -0.090762	 -0.102535
 -0.067845	  0.018836	 -0.080196	 -0.113065	 -0.183340	 -0.089749	 -0.103802
 -0.060782	 -0.012966	 -0.098346	 -0.114807	 -0.147198	 -0.101500	 -0.093190
 -0.055207	  0.002935	 -0.107120	 -0.123391	 -0.102283	 -0.114170	 -0.122522
 -0.015391	  0.004423	 -0.093087	 -0.129378	 -0.074440	 -0.070807	 -0.145075
  0.001080	 -0.012016	 -0.060367	 -0.085666	 -0.063639	 -0.051105	 -0.174659
 -0.016690	 -0.011129	 -0.039334	 -0.033307	 -0.048181	 -0.069857	 -0.178239
 -0.015233	 -0.010591	 -0.051339	 -0.049239	 -0.034086	 -0.063205	 -0.198828
 -0.031894	 -0.005903	 -0.024732	 -0.052375	 -0.036271	 -0.043693	 -0.233670
 -0.021029	  0.011740	 -0.067082	 -0.089340	 -0.082106	 -0.048603	 -0.269780
  0.004723	 -0.003749	 -0.094101	 -0.063018	 -0.099400	 -0.082622	 -0.302533
 -0.021029	  0.001288	 -0.095431	 -0.025008	 -0.132311	 -0.085409	 -0.341683
 -0.013586	  0.011012	 -0.067177	 -0.036379	 -0.135605	 -0.111351	 -0.353498
 -0.006965	 -0.039764	 -0.057579	 -0.096657	 -0.135478	 -0.190286	 -0.359485
 -0.031482	 -0.064344	 -0.083933	 -0.111608	 -0.151126	 -0.212301	 -0.317166
 -0.035568	 -0.039890	 -0.066987	 -0.142618	 -0.129745	 -0.217179	 -0.306935
 -0.024133	 -0.030958	 -0.067620	 -0.158836	 -0.119989	 -0.231844	 -0.300727
 -0.050962	  0.009682	 -0.040665	 -0.194534	 -0.110328	 -0.240745	 -0.278269
 -0.042949	  0.031506	 -0.070440	 -0.207933	 -0.116410	 -0.231084	 -0.274341
 -0.054858	  0.065525	 -0.063724	 -0.223105	 -0.135827	 -0.222183	 -0.280296
 -0.048745	  0.040818	 -0.061412	 -0.227508	 -0.118596	 -0.195734	 -0.317262
 -0.032084	  0.020610	 -0.054855	 -0.216327	 -0.142289	 -0.163236	 -0.337534
 -0.024609	 -0.008057	 -0.033474	 -0.248097	 -0.188218	 -0.107804	 -0.325941
 -0.037912	 -0.026713	 -0.043325	 -0.242459	 -0.204626	 -0.116103	 -0.319130
 -0.043265	 -0.032858	 -0.044688	 -0.238848	 -0.166584	 -0.093296	 -0.309818
 -0.070031	 -0.058642	 -0.039144	 -0.239196	 -0.143017	 -0.094627	 -0.281468
 -0.098285	 -0.046479	 -0.073164	 -0.203181	 -0.126736	 -0.107487	 -0.273613
 -0.116214	 -0.050407	 -0.122039	 -0.151646	 -0.078811	 -0.092600	 -0.241779
 -0.105761	 -0.059624	 -0.134107	 -0.080344	 -0.056829	 -0.068621	 -0.250395
 -0.125970	 -0.052339	 -0.094354	 -0.054086	 -0.051982	 -0.067703	 -0.251187
 -0.115105	 -0.061873	 -0.102495	 -0.078064	 -0.049163	 -0.037611	 -0.219828
 -0.064931	 -0.077616	 -0.087956	 -0.064570	 -0.049765	 -0.028742	 -0.192081
 -0.072723	 -0.088005	 -0.113486	 -0.037614	 -0.033927	 -0.041476	 -0.174628
 -0.084918	 -0.087815	 -0.112188	 -0.048701	 -0.000162	 -0.055033	 -0.195058
 -0.049220	 -0.116513	 -0.110984	 -0.054244	  0.026066	 -0.014742	 -0.229489
 -0.080262	 -0.099028	 -0.062362	 -0.045502	  0.012287	 -0.014932	 -0.240037
 -0.089923	 -0.087973	 -0.075159	 -0.029949	 -0.021131	 -0.030548	 -0.232023
 -0.068194	 -0.096652	 -0.055552	 -0.026085	 -0.052584	 -0.051738	 -0.235381
 -0.074434	 -0.120821	 -0.037085	 -0.060611	 -0.060091	 -0.052625	 -0.217738
 -0.072882	 -0.099820	 -0.052543	 -0.073471	 -0.050367	 -0.092505	 -0.212828
 -0.042188	 -0.124337	 -0.050833	 -0.002613	 -0.072445	 -0.094532	 -0.253657
 -0.041840	 -0.084204	 -0.024510	  0.029316	 -0.085463	 -0.119555	 -0.260816
 -0.031450	 -0.050343	 -0.035787	  0.018989	 -0.059806	 -0.117781	 -0.241051
 -0.019319	 -0.072674	 -0.079024	 -0.028524	 -0.068834	 -0.115501	 -0.194361
 -0.011305	 -0.070045	 -0.073164	 -0.021555	 -0.105830	 -0.125130	 -0.179221
  0.005166	 -0.090571	 -0.050547	 -0.033592	 -0.091862	 -0.123483	 -0.157238
 -0.009911	 -0.070235	 -0.037149	 -0.074136	 -0.057969	 -0.140809	 -0.173551
 -0.050107	 -0.064692	 -0.082603	 -0.119273	 -0.050715	 -0.118447	 -0.158378
 -0.079819	 -0.027125	 -0.097174	 -0.110816	 -0.064146	 -0.127728	 -0.176528
 -0.109435	 -0.052719	 -0.139333	 -0.123328	 -0.062277	 -0.144674	 -0.159582
 -0.115105	 -0.060194	 -0.157325	 -0.154465	 -0.062213	 -0.120252	 -0.204466
 -0.102657	 -0.039700	 -0.165561	 -0.140147	 -0.058602	 -0.115152	 -0.262210
 -0.070918	 -0.033334	 -0.107848	 -0.152754	 -0.075169	 -0.134094	 -0.311085
 -0.072438	 -0.035361	 -0.069964	 -0.135364	 -0.103106	 -0.156425	 -0.333479
 -0.088118	 -0.029152	 -0.070630	 -0.128554	 -0.133895	 -0.187562	 -0.347606
 -0.082796	 -0.028582	 -0.052448	 -0.152311	 -0.137886	 -0.172516	 -0.341588
 -0.087421	 -0.048063	 -0.035787	 -0.147084	 -0.155941	 -0.134284	 -0.296831
 -0.096638	 -0.052497	 -0.059923	 -0.132450	 -0.128447	 -0.135551	 -0.280265
 -0.055935	 -0.049583	 -0.046683	 -0.100490	 -0.188091	 -0.112935	 -0.271807
 -0.034903	 -0.058515	 -0.016592	 -0.138595	 -0.229998	 -0.130483	 -0.261038
 -0.014726	 -0.048569	 -0.043104	 -0.147654	 -0.216346	 -0.174892	 -0.233955
  0.008777	 -0.039764	 -0.066227	 -0.144835	 -0.216156	 -0.190920	 -0.238295
  0.011248	 -0.013378	 -0.077788	 -0.166185	 -0.194933	 -0.214233	 -0.221602
 -0.002436	 -0.026998	 -0.078200	 -0.159659	 -0.151031	 -0.188607	 -0.190434
  0.001080	 -0.016356	 -0.094766	 -0.162035	 -0.177797	 -0.164946	 -0.129142
 -0.006965	 -0.032637	 -0.096033	 -0.137613	 -0.184639	 -0.163996	 -0.089263
 -0.011368	 -0.012428	 -0.109083	 -0.112970	 -0.157144	 -0.124275	 -0.111467
 -0.013174	 -0.003559	 -0.108482	 -0.089118	 -0.132438	 -0.107487	 -0.080932
 -0.030310	  0.001794	 -0.092359	 -0.079838	 -0.113306	 -0.115342	 -0.051601
 -0.013079	  0.009048	 -0.111111	 -0.087630	 -0.113242	 -0.097763	 -0.040736
 -0.013871	  0.008668	 -0.124731	 -0.111798	 -0.119863	 -0.062508	 -0.030600
 -0.010798	  0.014211	 -0.165941	 -0.117595	 -0.122523	 -0.008153	 -0.002472
 -0.065818	  0.033945	 -0.178009	 -0.113889	 -0.085210	  0.034925	  0.031389
 -0.131766	  0.039266	 -0.154284	 -0.113984	 -0.073965	  0.020735	  0.034810
 -0.148332	  0.024284	 -0.125175	 -0.122378	 -0.070132	  0.028210	  0.051281
 -0.116974	  0.007179	 -0.121817	 -0.106952	 -0.110677	 -0.000108	  0.086599
 -0.112349	 -0.033555	 -0.128849	 -0.078412	 -0.106971	  0.015413	  0.123849
 -0.089796	 -0.025763	 -0.077820	 -0.045533	 -0.065666	  0.033500	  0.158090
 -0.110765	 -0.027062	 -0.078137	 -0.009708	 -0.053091	  0.064320	  0.205223
 -0.133160	 -0.062982	 -0.085137	 -0.005401	 -0.058444	  0.078004	  0.206648
 -0.097272	 -0.071376	 -0.113581	 -0.025514	 -0.028764	  0.095330	  0.179217
 -0.051089	 -0.026042	 -0.040728	  0.046955	 -0.096344	  0.060525	 -0.021097
 -0.041396	 -0.024110	  0.003744	  0.064187	 -0.087981	  0.033569	 -0.026197
 -0.061890	 -0.031617	 -0.015768	  0.043820	 -0.027830	  0.077852	  0.005288
 -0.038197	 -0.053789	 -0.033538	  0.013696	 -0.015477	  0.071897	  0.015773
 -0.030215	  0.009878	 -0.004745	  0.016547	 -0.013956	  0.088114	  0.030217
 -0.004590	 -0.000670	  0.002857	  0.024149	  0.000424	  0.051181	  0.023121
 -0.030342	 -0.011630	 -0.031637	 -0.002173	 -0.016649	  0.040823	  0.009058
  0.015777	 -0.025979	 -0.048710	 -0.026246	 -0.025834	 -0.000260	  0.028665
  0.025217	 -0.033359	 -0.042755	 -0.025169	  0.012936	 -0.017998	  0.050204
  0.066585	  0.001326	 -0.047918	 -0.015287	  0.013665	 -0.042483	  0.023628
  0.076657	  0.018462	 -0.051403	  0.003655	  0.023579	 -0.062090	  0.036330
  0.080934	  0.035757	 -0.046303	  0.039417	  0.043503	 -0.037225	  0.015868
  0.053915	  0.024987	  0.009636	  0.027760	  0.032797	 -0.007640	  0.006080
  0.039787	  0.024607	 -0.016845	 -0.000114	  0.032321	 -0.010681	 -0.005513
 -0.010830	  0.018240	  0.016984	 -0.004073	  0.042648	 -0.034596	 -0.031487
 -0.004907	  0.018145	  0.057750	 -0.056274	  0.024054	 -0.070262	 -0.045044
  0.016063	  0.000629	  0.076280	 -0.068248	  0.014235	 -0.063737	 -0.078240
 -0.025559	  0.025209	  0.057814	 -0.046708	 -0.020196	 -0.045492	 -0.048592
 -0.030627	  0.014978	  0.091421	 -0.016744	  0.019176	 -0.026994	 -0.006970
 -0.045293	  0.014978	  0.063864	 -0.019151	  0.044928	 -0.004504	  0.018909
 -0.048904	 -0.005168	  0.062122	 -0.039106	  0.046607	  0.000754	  0.050267
 -0.043265	  0.015611	  0.056990	 -0.045030	  0.002832	 -0.025188	  0.030090
 -0.018495	  0.015928	  0.062882	 -0.065555	 -0.027418	  0.000025	 -0.009853
 -0.035948	  0.010638	  0.049008	 -0.069388	 -0.067773	 -0.035641	 -0.014636
 -0.048428	  0.023847	  0.037130	 -0.060044	 -0.066917	 -0.037257	 -0.049320
 -0.049664	  0.019982	  0.028736	 -0.053392	 -0.057383	 -0.030605	 -0.069149
 -0.051659	  0.029168	  0.059524	 -0.078194	 -0.022382	 -0.046601	 -0.094077
 -0.060243	  0.058626	  0.049261	 -0.076135	  0.004511	 -0.061203	 -0.100951
 -0.043297	  0.065373	  0.036433	 -0.080601	 -0.008761	 -0.032980	 -0.073045
 -0.058058	  0.033634	  0.035894	 -0.072429	 -0.017599	 -0.030003	 -0.054166
 -0.105286	  0.021059	  0.076217	 -0.083705	  0.002642	 -0.011695	 -0.005260
 -0.120141	  0.012349	  0.072226	 -0.072650	  0.001628	 -0.001020	 -0.001142
 -0.113204	  0.046463	  0.021482	 -0.076705	  0.004035	  0.037339	 -0.006653
 -0.097303	  0.073419	  0.028989	 -0.072967	 -0.010313	  0.029515	 -0.074882
 -0.094389	  0.093849	  0.016256	 -0.065714	 -0.011676	  0.047823	 -0.102630
 -0.091443	  0.075731	  0.014102	 -0.056813	 -0.031314	  0.057548	 -0.139595
 -0.103353	  0.085677	  0.003712	 -0.050921	 -0.042211	  0.064421	 -0.161641
 -0.101960	  0.079627	 -0.015039	 -0.051428	 -0.073506	  0.048742	 -0.148686
 -0.068099	  0.049757	 -0.013741	 -0.051713	 -0.064953	  0.047127	 -0.108173
 -0.060085	  0.058816	 -0.016275	 -0.071764	 -0.074044	  0.076648	 -0.108395
 -0.027586	  0.075763	 -0.007722	 -0.063401	 -0.083103	  0.094576	 -0.055497
 -0.014409	  0.074591	 -0.027741	 -0.059505	 -0.109616	  0.074779	 -0.034971
 -0.005825	  0.072183	 -0.052543	 -0.039930	 -0.115887	  0.100880	  0.009976
  0.017266	  0.060210	 -0.000912	 -0.006417	 -0.097642	  0.100594	  0.017040
  0.034973	  0.051309	  0.012138	  0.004606	 -0.101982	  0.076426	 -0.002694
  0.033959	  0.046811	  0.011346	 -0.037269	 -0.049971	  0.047063	 -0.028414
  0.030506	  0.018525	  0.003427	 -0.003978	 -0.063591	  0.009338	 -0.053470
 -0.010735	  0.024385	  0.013880	  0.023991	 -0.067551	  0.001863	 -0.070416
 -0.028853	 -0.026549	  0.077801	  0.014837	 -0.035622	 -0.048121	 -0.066900
 -0.014156	 -0.021291	  0.096964	 -0.010757	 -0.002205	 -0.078719	 -0.029365
 -0.000694	 -0.037540	  0.065828	 -0.004770	 -0.010820	 -0.084960	  0.003958
 -0.012128	 -0.018883	  0.057560	 -0.012182	  0.009262	 -0.080810	  0.007949
 -0.024197	 -0.018218	  0.002794	 -0.028653	  0.038118	 -0.060031	  0.051883
 -0.043107	 -0.046187	  0.004092	 -0.018359	  0.023167	 -0.059176	 -0.001300
 -0.076461	 -0.057749	 -0.014564	 -0.029857	  0.059562	 -0.054425	 -0.036175
 -0.098412	 -0.026517	 -0.007786	 -0.053994	  0.056426	 -0.043813	 -0.062180
 -0.115390	 -0.022494	 -0.032619	 -0.061216	  0.047431	 -0.032632	 -0.112132
 -0.106268	 -0.028513	 -0.004935	 -0.077909	 -0.031853	 -0.067000	 -0.147704
 -0.066990	 -0.037698	 -0.014976	 -0.091181	 -0.046265	 -0.070991	 -0.149731
 -0.024165	 -0.037033	  0.004409	 -0.066094	 -0.035685	 -0.068678	 -0.091100
 -0.015930	 -0.038870	  0.017079	 -0.080474	 -0.025201	 -0.033614	 -0.028193
 -0.009531	 -0.033644	  0.026329	 -0.056971	  0.008692	 -0.041754	  0.022456
 -0.025717	 -0.036051	  0.038048	 -0.039075	  0.007615	 -0.097155	  0.032782
 -0.064805	 -0.055215	  0.032410	 -0.043953	 -0.003883	 -0.113942	  0.053846
 -0.078457	 -0.037762	  0.022147	 -0.044745	 -0.039455	 -0.112359	  0.052484
 -0.117734	 -0.017553	 -0.021755	 -0.035717	 -0.039676	 -0.122115	  0.021823
 -0.115010	 -0.000448	 -0.005378	  0.018384	 -0.069546	 -0.129463	 -0.021192
 -0.087674	 -0.002380	  0.008812	  0.031213	 -0.072777	 -0.120689	 -0.041908
 -0.053782	 -0.037540	  0.017618	  0.017529	 -0.091054	 -0.121164	 -0.028953
 -0.043265	 -0.074663	 -0.007026	 -0.009807	 -0.078637	 -0.117332	  0.004655
 -0.048555	 -0.068709	 -0.001007	 -0.014906	 -0.060772	 -0.090598	  0.040131
 -0.057424	 -0.055468	 -0.026886	 -0.047279	 -0.036256	 -0.075805	  0.070033
 -0.092204	 -0.022969	 -0.078263	 -0.052125	 -0.022540	 -0.067982	  0.141999
 -0.048618	 -0.008969	 -0.051973	 -0.040373	 -0.006164	 -0.046569	  0.149728
 -0.046686	 -0.036558	 -0.026474	 -0.063940	  0.025416	 -0.002984	  0.118591
 -0.059261	 -0.100637	 -0.019727	 -0.064162	  0.032987	 -0.015591	  0.068290
 -0.065280	 -0.114701	 -0.030845	 -0.044269	  0.004194	 -0.020627	  0.031262
 -0.026921	 -0.074125	  0.007165	 -0.047184	  0.015344	 -0.017649	  0.008772
  0.014764	 -0.060726	  0.003586	 -0.059030	  0.035711	 -0.038714	  0.009818
  0.016316	 -0.054581	  0.021957	 -0.035337	  0.053576	 -0.072543	 -0.006273
 -0.005477	 -0.069469	  0.021609	 -0.015762	  0.055476	 -0.085720	 -0.014826
  0.002442	 -0.032345	  0.036370	 -0.018517	  0.073658	 -0.108969	  0.016850
  0.021131	 -0.029494	  0.061425	 -0.023807	  0.054938	 -0.086987	  0.049982
  0.034656	 -0.028734	  0.052682	 -0.046677	  0.050978	 -0.086638	  0.025592
  0.006180	 -0.040074	  0.072226	 -0.017282	  0.036218	 -0.074507	  0.004370
 -0.023880	 -0.011123	  0.066113	  0.017687	  0.028520	 -0.062945	 -0.038931
 -0.014377	  0.004461	  0.055501	  0.024909	  0.032353	 -0.057085	 -0.070321
 -0.013776	 -0.041341	  0.073620	  0.013126	  0.017561	 -0.089521	 -0.089801
 -0.022391	 -0.046884	  0.064782	  0.005397	  0.014710	 -0.085466	 -0.103010
 -0.024102	 -0.026295	  0.060094	  0.055159	  0.023294	 -0.055945	 -0.102535
 -0.031735	 -0.003996	  0.130192	  0.029122	  0.023484	 -0.000513	 -0.082738
 -0.020681	  0.014091	  0.174886	  0.015312	  0.035109	  0.009021	 -0.027559
  0.012768	  0.024797	  0.110997	  0.000741	 -0.014336	  0.030434	  0.020809
  0.010234	  0.030277	  0.099308	  0.014742	 -0.023871	  0.006044	  0.089640
  0.005800	  0.066418	  0.072099	  0.062191	 -0.028970	 -0.019043	  0.103925
  0.014922	  0.083143	  0.024713	  0.052340	 -0.016744	 -0.024111	  0.095246
  0.008112	  0.053843	  0.018315	  0.027190	 -0.034640	 -0.028926	  0.093060
  0.008112	  0.056346	  0.052049	 -0.022572	 -0.034862	 -0.053981	  0.044787
 -0.028885	  0.088559	  0.027342	 -0.048862	 -0.039138	 -0.072923	  0.025877
 -0.030057	  0.072532	  0.043021	 -0.059600	 -0.044333	 -0.104535	  0.013460
 -0.063981	  0.067400	  0.061108	 -0.027513	 -0.036952	 -0.127341	 -0.012735
 -0.061700	  0.040350	  0.067696	  0.001596	  0.008597	 -0.128133	 -0.012197
 -0.075606	  0.074179	  0.067887	  0.003750	  0.016579	 -0.129495	  0.028538
 -0.065691	  0.080292	  0.036211	  0.006728	 -0.007684	 -0.111028	  0.039339
 -0.082004	  0.071296	  0.046252	  0.009674	  0.012113	 -0.124934	  0.044122
 -0.089796	  0.067970	  0.046601	  0.005778	 -0.012056	 -0.108969	  0.031230
 -0.118811	  0.071138	  0.054425	  0.035299	 -0.045631	 -0.105073	  0.008392
 -0.132463	  0.043169	  0.082362	  0.061463	 -0.033120	 -0.141025	 -0.018468
 -0.128314	  0.024892	  0.093797	  0.061368	 -0.037428	 -0.187556	 -0.046374
 -0.146844	  0.011050	  0.074887	  0.069445	 -0.024061	 -0.177832	 -0.064302
 -0.148586	 -0.055912	  0.052081	  0.065929	  0.012461	 -0.198896	 -0.111594
 -0.124893	 -0.054898	  0.019138	  0.081513	  0.036376	 -0.224331	 -0.080679
 -0.107186	 -0.093700	  0.020310	  0.081893	  0.014013	 -0.199244	 -0.047863
 -0.096068	 -0.091293	  0.021102	  0.066974	  0.013696	 -0.177420	 -0.044410
 -0.067465	 -0.092117	  0.012835	  0.047462	  0.026208	 -0.148690	 -0.010201
 -0.039369	 -0.091705	  0.041248	  0.050661	  0.025638	 -0.162532	 -0.050555
 -0.012699	 -0.078401	  0.060760	  0.028330	  0.036028	 -0.170515	 -0.074470
 -0.012794	 -0.064654	  0.039854	  0.005809	  0.054051	 -0.164211	 -0.070986
  0.003392	 -0.072700	  0.004789	 -0.008540	  0.066182	 -0.172542	 -0.073298
 -0.006839	 -0.076437	  0.006468	  0.000678	  0.078948	 -0.191832	 -0.063701
 -0.048999	 -0.063926	 -0.016116	  0.005683	  0.080785	 -0.139093	 -0.062212
 -0.037976	 -0.029875	  0.053886	  0.028964	  0.057218	 -0.076376	 -0.028003
 -0.004020	  0.012602	  0.065891	  0.046164	  0.062033	 -0.078973	 -0.000192
 -0.018400	  0.002814	  0.122400	  0.053322	  0.061589	 -0.070072	 -0.002821
 -0.022265	 -0.015462	  0.106499	  0.035236	  0.032607	 -0.093258	 -0.003074
 -0.050582	 -0.026865	  0.068678	  0.004954	 -0.021558	 -0.092245	  0.018307
 -0.062587	  0.005095	  0.089996	 -0.003408	 -0.031314	 -0.076154	  0.037344
 -0.049632	  0.031892	  0.059746	 -0.012943	 -0.034703	 -0.075742	  0.033194
 -0.026636	  0.028756	  0.054646	 -0.015287	 -0.012911	 -0.034659	  0.069146
 -0.030564	  0.018462	  0.040234	 -0.000938	 -0.012816	 -0.084231	  0.114536
 -0.031102	  0.052640	  0.050909	 -0.002458	 -0.012056	 -0.087557	  0.089164
 -0.002214	  0.039083	  0.079670	  0.024086	 -0.015825	 -0.145871	  0.073485
  0.014859	  0.027965	  0.060443	  0.025100	  0.001596	 -0.159175	  0.024832
  0.000605	  0.007566	  0.057782	  0.021520	  0.010687	 -0.142387	  0.002913
 -0.019002	 -0.002444	  0.110141	  0.028457	  0.037516	 -0.125060	 -0.024677
 -0.028061	 -0.042608	  0.092435	  0.074671	  0.034602	 -0.155976	 -0.023726
 -0.049885	 -0.036495	  0.095001	  0.067228	  0.006443	 -0.136115	 -0.049003
 -0.115200	 -0.015811	  0.054108	  0.114361	  0.045182	 -0.117047	 -0.074977
 -0.121250	 -0.002444	  0.057972	  0.097731	  0.073119	 -0.117300	 -0.074629
 -0.094136	  0.012222	  0.067760	  0.105491	  0.073531	 -0.130794	 -0.051506
 -0.059040	  0.017290	  0.067443	  0.108437	  0.065200	 -0.084168	 -0.077543
 -0.050392	  0.020806	  0.054678	  0.124687	  0.045720	 -0.066144	 -0.061198
 -0.036804	  0.019381	  0.039189	  0.106917	  0.056300	 -0.037003	  0.008804
 -0.023468	  0.015421	  0.078213	  0.096654	  0.045498	 -0.051637	  0.027936
  0.014701	  0.033001	  0.064909	  0.096432	  0.032892	 -0.032917	  0.078205
  0.017013	  0.004461	  0.041944	  0.081577	  0.053671	 -0.051669	  0.059548
  0.014225	 -0.010046	  0.030415	  0.081767	  0.027127	 -0.041881	 -0.006337
  0.055118	 -0.023920	  0.034691	  0.082559	  0.032733	 -0.052461	 -0.001047
  0.060851	 -0.003837	  0.023794	  0.068115	  0.003529	 -0.049958	  0.024103
  0.092748	  0.025652	 -0.010953	  0.093360	 -0.016332	 -0.052524	  0.024895
  0.074408	  0.004715	 -0.022737	  0.089907	 -0.024567	 -0.021831	 -0.003359
  0.078780	  0.018272	 -0.005885	  0.058200	 -0.027957	 -0.079195	  0.025022
  0.073173	  0.015104	 -0.024035	  0.026430	 -0.021748	 -0.088856	  0.021823
  0.103835	  0.009656	 -0.021723	  0.016832	 -0.040817	 -0.074602	  0.012700
  0.114858	 -0.014449	 -0.023022	  0.038847	 -0.069641	 -0.069850	  0.013967
  0.085970	  0.001421	 -0.017288	  0.028204	 -0.076483	 -0.076756	  0.030217
  0.042036	  0.024544	 -0.034678	  0.006855	 -0.092036	 -0.073968	  0.020397
  0.035543	  0.036770	 -0.064168	  0.003149	 -0.076388	 -0.050655	  0.019859
  0.028194	  0.013077	 -0.045860	 -0.008476	 -0.069293	 -0.047994	  0.011940
  0.026167	 -0.003964	 -0.002686	 -0.042337	 -0.046392	 -0.009477	  0.042063
  0.011533	 -0.009444	 -0.010890	 -0.072904	 -0.001033	 -0.042958	  0.064363
  0.008619	 -0.018820	  0.013785	 -0.033151	  0.012746	 -0.072511	  0.046846
 -0.002753	 -0.006625	  0.009446	 -0.033183	 -0.014083	 -0.081063	  0.057046
 -0.015613	 -0.001208	 -0.028596	 -0.030839	 -0.017789	 -0.115590	  0.086060
 -0.050836	  0.027046	 -0.024479	 -0.050193	  0.012873	 -0.092023	  0.092870
 -0.067972	  0.024575	  0.001463	 -0.022952	  0.005081	 -0.081760	  0.074974
 -0.091127	  0.015136	  0.020532	 -0.039011	 -0.003788	 -0.071814	  0.057838
 -0.128757	  0.002213	  0.020310	 -0.032486	  0.007836	 -0.062565	  0.076938
 -0.097683	  0.000154	  0.006626	 -0.022192	  0.037453	 -0.076344	  0.049855
 -0.053782	 -0.051984	 -0.002464	 -0.045822	  0.060861	 -0.075425	  0.019827
 -0.024292	 -0.081980	 -0.010035	 -0.067361	  0.045879	 -0.054139	 -0.044505
 -0.014758	 -0.081822	 -0.015039	 -0.048419	  0.043630	  0.009433	 -0.052329
 -0.015739	 -0.060536	 -0.029103	 -0.053962	  0.047399	  0.014691	 -0.069656
 -0.002404	 -0.042576	 -0.036800	 -0.041989	  0.012081	 -0.001653	 -0.104752
 -0.001454	 -0.036970	 -0.002021	  0.021869	  0.022724	 -0.068868	 -0.112797
 -0.015043	 -0.054170	  0.010744	  0.015217	  0.014583	 -0.058606	 -0.095819
 -0.044532	 -0.042798	 -0.016275	  0.019271	  0.027000	 -0.045302	 -0.072126
 -0.063157	 -0.037920	 -0.046366	  0.037580	  0.007456	 -0.092308	 -0.078398
 -0.052324	 -0.035766	 -0.071928	  0.042458	  0.036661	 -0.074665	 -0.072791
 -0.041460	 -0.027246	 -0.064928	  0.010497	  0.064250	 -0.044067	 -0.077384
  0.000415	 -0.028829	 -0.037117	  0.020158	  0.082939	 -0.036686	 -0.081787
 -0.001074	 -0.021671	 -0.044117	  0.001565	  0.068463	 -0.018030	 -0.063004
 -0.030690	 -0.012865	 -0.084282	  0.004067	  0.071250	  0.006455	 -0.036492
 -0.014187	 -0.046029	 -0.090807	  0.022312	  0.071884	 -0.006246	  0.003008
 -0.036107	 -0.057971	 -0.071865	  0.042458	  0.054431	 -0.016889	 -0.015016
 -0.015201	 -0.019010	 -0.036642	  0.031466	  0.014457	  0.000120	 -0.039311
 -0.015106	  0.001199	 -0.032112	  0.016040	 -0.000811	 -0.002192	 -0.044189
 -0.030120	  0.047762	 -0.045353	  0.023009	 -0.012024	 -0.010523	 -0.035446
 -0.012319	  0.108863	 -0.044212	  0.036471	  0.018321	 -0.036971	 -0.056890
 -0.033573	  0.125271	 -0.067082	  0.044707	  0.010085	 -0.031713	 -0.007635
 -0.033478	  0.106963	 -0.086087	  0.015407	 -0.034862	 -0.076185	  0.023882
 -0.030817	  0.083650	 -0.063344	  0.018099	 -0.048134	 -0.070104	  0.018940
 -0.007726	  0.084600	 -0.041837	  0.054272	 -0.093398	 -0.059841	  0.046213
  0.010393	  0.090492	 -0.071485	  0.043218	 -0.077877	 -0.049388	  0.049159
  0.011723	  0.058024	 -0.082223	  0.024023	 -0.076420	 -0.059081	  0.025054
  0.009506	  0.067907	 -0.061285	  0.019018	 -0.058365	 -0.031682	  0.021949
  0.005610	  0.058214	 -0.059543	 -0.028337	 -0.030839	 -0.009414	  0.012922
 -0.016056	  0.029960	 -0.047443	 -0.037237	 -0.042432	  0.001229	  0.025117
 -0.033953	 -0.015399	 -0.040285	 -0.045156	 -0.017029	  0.034045	  0.002596
 -0.000345	 -0.071528	 -0.050136	 -0.067171	 -0.013734	  0.015420	  0.016153
  0.026230	 -0.086320	 -0.063218	 -0.045663	 -0.025898	  0.028596	  0.013999
  0.020972	 -0.086035	 -0.075888	 -0.027101	 -0.023174	  0.019506	 -0.013527
  0.025565	 -0.057464	 -0.073544	 -0.004960	 -0.021305	  0.005093	 -0.022523
  0.020149	 -0.045269	 -0.060842	 -0.002331	 -0.031694	 -0.005169	 -0.000033
  0.016316	 -0.041499	 -0.083870	 -0.010852	 -0.038029	 -0.003649	 -0.008554
 -0.016690	 -0.005136	 -0.054760	 -0.026658	 -0.080696	 -0.027976	 -0.020781
 -0.038641	  0.026761	 -0.018872	 -0.045695	 -0.101697	 -0.015242	 -0.007034
 -0.044216	  0.005348	 -0.003921	 -0.027988	 -0.094348	 -0.030256	  0.007189
 -0.056252	  0.030942	  0.014387	 -0.038409	 -0.067456	 -0.058574	  0.013967
 -0.045039	  0.035377	  0.024491	 -0.055831	 -0.057953	 -0.084009	  0.014252
 -0.023437	  0.069491	  0.039189	 -0.098244	 -0.082882	 -0.074222	  0.052136
 -0.049252	  0.090397	  0.059429	 -0.101222	 -0.061691	 -0.075235	  0.060593
 -0.067275	  0.085677	  0.106309	 -0.136160	 -0.034925	 -0.060316	  0.047923
