:RUN-7	LEVEL SWEEP	TEMP:NaN	8/27/2019	1:03 PM	HR:-481.42:SW EAR: R	SW FREQ: 45.20	# AVERAGES: 512	REP RATE (/sec): 80	DRIVER: 	SAMPLE (µsec): 40	MASKER dB: 2147483647:NOTES-:CHAMBER-SEWELL-PXI1:CFTS Version: V2.7.2 (R850):LEVELS:20;30;40;50;60;70;80;:DATA -0.054022	  0.061718	 -0.012415	  0.023609	  0.023394	 -0.043099	  0.011479
 -0.063525	  0.065170	 -0.009659	  0.006473	  0.049811	 -0.047724	  0.034602
 -0.051710	  0.069510	  0.013875	  0.037451	  0.060454	 -0.079526	  0.053512
 -0.034098	  0.025259	  0.035921	  0.040777	  0.091844	 -0.067172	  0.048001
 -0.014682	  0.045373	  0.034306	  0.011224	  0.098718	 -0.082281	  0.055444
  0.002962	  0.065329	  0.013970	  0.015722	  0.101600	 -0.068344	  0.060386
  0.012052	  0.072424	  0.032469	  0.011541	  0.101220	 -0.016650	  0.033779
 -0.016614	  0.049998	  0.028129	 -0.034388	  0.080631	  0.025130	  0.005588
  0.006097	 -0.014651	  0.005862	 -0.041389	  0.033688	  0.025953	 -0.012848
  0.037551	 -0.022095	  0.007160	 -0.010252	  0.020480	  0.037483	 -0.027323
  0.047307	 -0.017692	  0.015586	 -0.016523	  0.028177	  0.054429	 -0.065777
  0.053167	 -0.013384	  0.000255	 -0.015256	 -0.010182	  0.029849	 -0.050858
  0.063620	 -0.008982	 -0.027239	 -0.004170	 -0.034129	  0.019681	 -0.011676
  0.053072	 -0.042051	 -0.031515	  0.001785	 -0.038848	  0.025795	  0.022946
  0.038121	 -0.048386	 -0.037407	 -0.012627	 -0.055794	  0.023261	  0.015597
  0.015758	 -0.047055	 -0.004686	 -0.045696	 -0.080913	  0.040429	 -0.023047
 -0.001251	 -0.061499	 -0.015804	 -0.016143	 -0.098176	  0.017496	 -0.035844
 -0.028745	 -0.067201	 -0.023660	 -0.008066	 -0.121552	  0.035044	 -0.047342
 -0.029474	 -0.085794	 -0.007727	  0.016989	 -0.122471	  0.044737	 -0.030839
 -0.035587	 -0.025991	 -0.017420	  0.038940	 -0.127951	  0.025510	 -0.035780
 -0.044583	 -0.022349	 -0.021569	  0.032415	 -0.103307	 -0.001098	 -0.007906
 -0.070367	 -0.015285	 -0.027968	  0.028075	 -0.068781	 -0.001288	  0.016484
 -0.099065	  0.006349	 -0.035443	  0.052465	 -0.016232	 -0.008763	  0.053671
 -0.132197	 -0.005972	 -0.030755	  0.051578	  0.003818	 -0.020578	  0.042521
 -0.102676	  0.049459	 -0.002057	  0.022786	 -0.030011	 -0.024126	  0.034159
 -0.104259	  0.059754	 -0.012003	 -0.025424	 -0.048509	  0.020695	  0.029724
 -0.084557	  0.088135	 -0.036013	 -0.030524	 -0.057315	  0.019428	  0.033684
 -0.051171	  0.117340	 -0.021094	 -0.034135	 -0.069700	 -0.011867	  0.020348
 -0.049778	  0.127159	 -0.003863	 -0.020166	 -0.100868	 -0.010790	 -0.014653
 -0.070810	  0.137263	 -0.027968	 -0.034420	 -0.101185	 -0.039868	 -0.042686
 -0.104354	  0.104860	 -0.012574	 -0.034768	 -0.108597	 -0.056434	 -0.035020
 -0.083417	  0.097289	  0.012102	 -0.019564	 -0.132797	 -0.067172	 -0.061976
 -0.089910	  0.133716	  0.050270	 -0.006862	 -0.124878	 -0.039235	 -0.044586
 -0.078127	  0.124815	  0.031740	 -0.034103	 -0.111163	 -0.026976	 -0.041102
 -0.077367	  0.124467	  0.050397	 -0.025963	 -0.148603	 -0.013134	 -0.023110
 -0.083132	  0.148413	  0.038202	 -0.060742	 -0.151359	 -0.016460	 -0.020513
 -0.078381	  0.108344	  0.023378	 -0.058462	 -0.126304	  0.002545	  0.005081
 -0.036221	  0.065582	  0.057967	 -0.031728	 -0.114077	 -0.018392	  0.004416
 -0.024976	  0.044328	  0.066045	 -0.003885	 -0.078981	 -0.039646	  0.012778
 -0.007491	  0.014427	  0.084670	 -0.011234	 -0.033970	 -0.073602	  0.021995
  0.003310	  0.018988	  0.063922	  0.022311	 -0.061053	 -0.091245	  0.026335
 -0.046769	 -0.000017	  0.057841	  0.011192	 -0.080343	 -0.049878	  0.036281
 -0.062606	 -0.032041	  0.035225	  0.029691	 -0.088515	 -0.012026	  0.024941
 -0.059439	  0.004259	  0.021319	 -0.016428	 -0.061654	  0.006346	  0.010117
 -0.113160	  0.020033	  0.007160	  0.012016	 -0.034160	 -0.016555	 -0.016902
 -0.102929	  0.005082	  0.028288	  0.006378	 -0.053134	 -0.024569	 -0.015888
 -0.083385	  0.003118	  0.034401	  0.007898	 -0.059279	 -0.060457	  0.026145
 -0.013098	  0.011322	  0.028066	  0.040302	 -0.102991	 -0.060679	  0.023864
  0.002106	 -0.048956	  0.020274	  0.068556	 -0.109199	 -0.063054	 -0.003218
 -0.023741	 -0.045503	  0.044379	  0.046415	 -0.102104	 -0.062516	 -0.033658
 -0.016550	 -0.022760	  0.006495	  0.034062	 -0.061148	 -0.036827	 -0.036762
 -0.013826	 -0.013099	 -0.009944	  0.037261	 -0.058043	 -0.046805	 -0.046233
 -0.031913	 -0.016267	 -0.022678	  0.057217	 -0.061084	 -0.064733	 -0.039075
 -0.044615	  0.013033	 -0.038484	  0.063678	 -0.063207	 -0.063878	 -0.042654
 -0.069480	  0.022029	 -0.038927	  0.029311	 -0.068560	 -0.051968	 -0.033848
 -0.065077	  0.045088	 -0.058724	  0.036659	 -0.071632	 -0.054756	 -0.030142
 -0.046420	  0.068528	 -0.087422	  0.052782	 -0.068655	 -0.057385	 -0.031631
 -0.078191	  0.074198	 -0.113998	  0.029121	 -0.034509	 -0.057004	  0.004257
 -0.093110	  0.064378	 -0.107916	  0.022691	 -0.007775	 -0.071892	  0.031181
 -0.114047	  0.060799	 -0.101581	  0.035392	 -0.012748	 -0.037841	  0.064440
 -0.068783	  0.016010	 -0.100314	  0.009640	 -0.024594	  0.006980	  0.066943
 -0.038343	  0.028554	 -0.116564	 -0.002016	 -0.023581	 -0.032931	  0.071504
 -0.037361	  0.044328	 -0.091033	  0.003052	 -0.016897	 -0.057638	  0.073784
 -0.033148	  0.043504	 -0.042792	  0.045275	 -0.016612	 -0.020831	  0.062635
 -0.044266	  0.007521	 -0.045928	  0.035709	  0.028620	 -0.029067	  0.070395
 -0.077779	  0.014427	 -0.043330	  0.050375	  0.039928	 -0.037271	  0.061273
 -0.089625	 -0.020321	 -0.031104	  0.020537	  0.036507	 -0.032203	  0.030801
 -0.045121	  0.004766	 -0.020904	  0.026808	 -0.000901	  0.009039	 -0.005150
 -0.047465	 -0.017375	  0.003327	  0.037198	 -0.022219	  0.033809	  0.001248
 -0.055701	 -0.036539	 -0.001994	  0.029564	 -0.046260	  0.061366	  0.021140
 -0.104323	 -0.029317	  0.004911	  0.035424	 -0.073818	  0.020695	  0.027412
 -0.134129	 -0.023204	  0.004943	  0.044325	 -0.064062	  0.012491	 -0.007906
 -0.130613	  0.001028	  0.005513	  0.039035	 -0.025069	  0.015152	 -0.083927
 -0.143283	  0.032925	  0.011912	 -0.011962	 -0.035079	  0.018034	 -0.093620
 -0.152913	  0.038912	 -0.018940	  0.001310	 -0.052437	 -0.006229	 -0.091371
 -0.141383	 -0.008285	 -0.005890	  0.038085	 -0.060609	 -0.020293	 -0.082755
 -0.079584	 -0.017946	  0.010835	  0.047207	 -0.069763	 -0.034610	 -0.083927
 -0.078951	  0.023739	  0.039944	  0.013822	 -0.072709	 -0.061281	 -0.066601
 -0.073281	  0.030739	  0.056099	  0.015310	 -0.062573	 -0.078544	 -0.060836
 -0.083765	  0.032323	  0.062117	 -0.009872	 -0.082338	 -0.069833	 -0.031251
 -0.062638	  0.040147	  0.048496	 -0.001478	 -0.092665	 -0.044081	 -0.020608
 -0.058964	  0.050093	  0.064588	 -0.017474	 -0.093678	 -0.018392	  0.002895
 -0.046990	  0.026717	  0.061388	 -0.052412	 -0.075116	 -0.003315	  0.025701
 -0.051362	  0.023802	  0.037917	 -0.108033	 -0.082814	  0.014455	  0.051548
 -0.052502	  0.043536	  0.005196	 -0.124790	 -0.097986	  0.036374	  0.017941
 -0.059185	  0.045057	  0.009377	 -0.120925	 -0.117973	  0.041221	  0.019493
 -0.059154	  0.037898	  0.003708	 -0.116776	 -0.089497	  0.029818	  0.016832
 -0.073629	  0.032893	  0.019830	 -0.101350	 -0.083890	  0.026935	 -0.002331
 -0.087281	  0.023961	 -0.003768	 -0.099576	 -0.099918	  0.011002	  0.003054
 -0.067231	  0.051930	 -0.006270	 -0.112563	 -0.114235	  0.006821	 -0.001920
 -0.079299	  0.085569	  0.028288	 -0.090359	 -0.134666	  0.029944	  0.009325
 -0.105875	  0.089940	  0.025310	 -0.115794	 -0.089940	  0.066022	  0.027317
 -0.146419	  0.068275	 -0.015139	 -0.080856	 -0.081135	  0.073213	 -0.013196
 -0.102771	  0.044011	 -0.049254	 -0.095458	 -0.070017	  0.087657	 -0.022825
 -0.053420	  0.032038	 -0.039371	 -0.089282	 -0.054084	  0.078978	 -0.035590
 -0.048131	  0.042934	 -0.027429	 -0.042719	 -0.071062	  0.069443	 -0.035147
 -0.020700	  0.035839	 -0.027493	  0.010337	 -0.098334	  0.048411	 -0.056338
 -0.023962	  0.035807	 -0.045548	  0.031750	 -0.132575	  0.015120	 -0.037776
 -0.043791	  0.046767	 -0.029551	  0.016736	 -0.163522	  0.000455	 -0.012848
 -0.050665	  0.053546	 -0.017293	  0.022374	 -0.213379	 -0.014623	 -0.003123
 -0.061181	  0.064822	  0.005386	  0.057312	 -0.182116	 -0.039868	 -0.042749
 -0.041447	  0.047717	  0.004595	  0.067511	 -0.153513	 -0.064321	 -0.029604
 -0.053959	  0.010847	  0.019070	  0.051357	 -0.145436	 -0.052285	 -0.016142
 -0.051868	  0.019748	  0.031930	  0.048411	 -0.140653	 -0.059222	 -0.010377
 -0.027985	 -0.004579	  0.036967	  0.044642	 -0.135490	 -0.035053	  0.010022
 -0.036157	 -0.014651	  0.035415	  0.047017	 -0.081008	 -0.070435	  0.009135
 -0.047402	  0.030644	  0.045962	  0.055253	 -0.046165	 -0.057385	  0.016516
 -0.060864	  0.027382	  0.040641	  0.049393	 -0.044423	 -0.022510	  0.037738
 -0.056778	  0.045183	  0.027116	  0.063773	 -0.046165	 -0.003663	  0.039100
 -0.039388	  0.058487	  0.035225	  0.073783	 -0.030264	 -0.023967	  0.087246
 -0.046357	  0.011988	  0.048465	  0.054081	 -0.018544	 -0.044239	  0.087595
 -0.096467	 -0.006384	  0.052361	  0.051072	 -0.035902	 -0.034768	  0.099125
 -0.123993	 -0.000556	  0.073203	  0.025985	 -0.046260	 -0.022985	  0.063965
 -0.110563	 -0.011484	  0.082389	  0.039479	 -0.021585	 -0.024886	  0.067386
 -0.115409	 -0.039833	  0.074312	  0.028867	 -0.060324	 -0.026945	  0.105143
 -0.084874	 -0.034544	  0.062592	  0.066276	 -0.065329	  0.003971	  0.088260
 -0.049619	 -0.035494	  0.040198	  0.074068	 -0.069066	  0.013695	  0.040937
 -0.054086	  0.000299	  0.025025	  0.047524	 -0.072329	  0.020853	  0.022851
 -0.036854	 -0.010724	 -0.016818	  0.024306	 -0.064378	  0.000011	  0.030896
 -0.043949	 -0.019086	 -0.015773	  0.009957	 -0.046862	  0.003464	  0.028172
 -0.068308	 -0.039041	 -0.000569	  0.005586	 -0.055763	  0.005903	  0.056046
 -0.035904	 -0.021082	  0.001807	  0.006790	 -0.038721	  0.037356	  0.026525
 -0.056144	  0.005557	 -0.022171	  0.031971	 -0.043346	  0.030198	  0.009262
 -0.078476	  0.024214	 -0.023850	  0.001468	 -0.068971	  0.018573	 -0.045346
 -0.094345	  0.020223	 -0.025212	 -0.012627	 -0.079614	 -0.040280	 -0.062483
 -0.101218	  0.022504	 -0.019732	 -0.025994	 -0.078981	 -0.044208	 -0.044618
 -0.091589	  0.034034	 -0.015931	 -0.014686	 -0.122566	 -0.052570	 -0.028083
 -0.083290	  0.028902	 -0.040891	  0.002387	 -0.122851	 -0.060235	 -0.045631
 -0.097259	  0.036282	 -0.046783	 -0.012849	 -0.131213	 -0.069516	 -0.081076
 -0.084304	  0.022916	 -0.043013	 -0.051556	 -0.108312	 -0.071100	 -0.065967
 -0.044741	  0.035015	 -0.007315	 -0.024632	 -0.142015	 -0.039805	 -0.087855
 -0.057633	 -0.011642	 -0.011592	 -0.038918	 -0.108787	 -0.009555	 -0.086271
 -0.048352	 -0.030394	 -0.016881	 -0.050004	 -0.113602	 -0.005120	 -0.103376
 -0.040719	 -0.050666	 -0.009089	 -0.049783	 -0.124815	 -0.031633	 -0.094601
 -0.017184	 -0.036666	 -0.019986	 -0.032361	 -0.137960	 -0.016080	 -0.124123
 -0.024247	 -0.030996	 -0.002501	 -0.033280	 -0.102389	 -0.003885	 -0.096755
 -0.000459	 -0.027290	  0.015459	 -0.017315	 -0.094533	 -0.002111	 -0.055546
  0.004735	 -0.037964	 -0.026257	 -0.016143	 -0.106823	  0.013758	 -0.035970
 -0.032578	 -0.045662	 -0.046846	  0.008532	 -0.085854	  0.022374	 -0.029921
 -0.033307	 -0.043444	 -0.033511	 -0.007021	 -0.056460	  0.044293	 -0.019911
 -0.030392	 -0.043064	 -0.059865	  0.018921	 -0.040305	  0.049171	 -0.013893
 -0.064475	 -0.010249	 -0.106047	  0.004857	 -0.066057	  0.020663	 -0.010472
 -0.057063	  0.005082	 -0.093187	  0.007011	 -0.065741	 -0.015732	  0.020000
 -0.059724	  0.050821	 -0.109595	 -0.002998	 -0.057410	 -0.032773	  0.027253
 -0.069670	  0.047971	 -0.088689	 -0.021180	 -0.015377	 -0.038253	  0.023706
 -0.090861	  0.013666	 -0.064236	 -0.017537	 -0.014585	 -0.020261	  0.025701
 -0.112558	  0.035586	 -0.042348	 -0.014496	 -0.012431	 -0.016048	  0.028996
 -0.140781	  0.015662	 -0.026764	  0.001785	 -0.014553	  0.009292	  0.025416
 -0.176226	  0.045247	 -0.016153	  0.025795	 -0.053229	  0.000866	  0.066784
 -0.177524	  0.073343	 -0.046688	  0.034949	 -0.065044	 -0.039995	  0.048159
 -0.116328	  0.066881	 -0.024293	  0.003084	 -0.045310	 -0.084404	 -0.006196
 -0.100838	  0.015250	 -0.008899	  0.004097	 -0.075623	 -0.079842	 -0.025739
 -0.101599	  0.028237	  0.031328	  0.006124	 -0.104099	 -0.075123	  0.006981
 -0.091462	  0.015535	  0.034718	  0.013980	 -0.097986	 -0.055199	  0.034317
 -0.112748	  0.007173	  0.029903	 -0.017759	 -0.126969	 -0.049181	  0.038276
 -0.096024	 -0.004864	  0.021287	 -0.016523	 -0.120856	  0.004256	  0.011067
 -0.083734	 -0.000651	  0.045804	 -0.001288	 -0.133589	  0.028614	  0.000678
 -0.075815	 -0.013511	  0.052551	 -0.019881	 -0.161242	  0.043248	 -0.002585
 -0.070715	 -0.023711	  0.063004	  0.007138	 -0.101312	  0.053352	 -0.039170
 -0.041796	 -0.005307	  0.055782	 -0.039773	 -0.085601	  0.069950	 -0.059917
 -0.035270	  0.033780	  0.029016	 -0.045538	 -0.116864	  0.084362	 -0.058080
 -0.022854	  0.009897	  0.025690	 -0.045760	 -0.143123	  0.090032	 -0.055799
 -0.022854	 -0.010249	  0.001015	 -0.047565	 -0.141635	  0.081258	 -0.042464
 -0.023772	 -0.055798	 -0.023090	 -0.024601	 -0.133811	  0.077774	 -0.063908
 -0.006858	 -0.077717	  0.000477	 -0.003125	 -0.095167	  0.049203	 -0.039138
 -0.015220	 -0.057857	  0.061768	  0.031180	 -0.084809	  0.022215	 -0.007431
 -0.041732	 -0.035050	  0.058538	  0.032415	 -0.098018	  0.025636	 -0.024314
 -0.025039	 -0.018674	  0.010993	  0.039384	 -0.092665	 -0.003093	 -0.000494
 -0.028682	  0.001915	  0.016885	  0.022057	 -0.083447	 -0.002175	 -0.003725
 -0.067136	  0.012368	  0.021224	  0.037325	 -0.072487	 -0.021813	 -0.023395
 -0.058679	 -0.000461	  0.008681	  0.018731	 -0.084682	 -0.033311	  0.001375
 -0.066312	 -0.027765	 -0.002057	  0.034347	 -0.097226	 -0.060235	  0.003687
 -0.045185	 -0.041449	 -0.006333	  0.046320	 -0.120064	 -0.096535	  0.012429
 -0.051773	 -0.015633	  0.004214	  0.039130	 -0.118702	 -0.089947	 -0.005214
 -0.053547	  0.020065	 -0.014537	  0.034442	 -0.150029	 -0.091182	 -0.018771
 -0.043791	  0.027825	 -0.007189	  0.027695	 -0.136788	 -0.061217	 -0.003852
 -0.059629	  0.041541	 -0.004370	  0.074258	 -0.159531	 -0.078702	  0.006411
 -0.054371	  0.036726	  0.020274	  0.081448	 -0.152341	 -0.043637	  0.006348
 -0.047751	  0.009390	  0.025912	  0.039574	 -0.158581	 -0.030397	 -0.034165
 -0.028777	  0.002200	  0.024962	  0.021994	 -0.156585	 -0.037936	 -0.047215
 -0.005401	 -0.001221	 -0.002754	  0.011066	 -0.155635	 -0.048009	 -0.042781
  0.002170	  0.020477	 -0.003071	 -0.020293	 -0.127159	 -0.089472	 -0.050636
 -0.005559	 -0.012878	 -0.009216	 -0.059190	 -0.119177	 -0.085132	 -0.053012
 -0.002423	 -0.031439	  0.012925	 -0.043036	 -0.110403	 -0.094793	 -0.047342
  0.035777	 -0.013733	 -0.016311	 -0.059855	 -0.110118	 -0.096187	 -0.053899
  0.024849	 -0.028018	 -0.034208	 -0.082978	 -0.093583	 -0.094381	 -0.081805
  0.024469	 -0.020670	 -0.036045	 -0.076738	 -0.065075	 -0.119341	 -0.081520
 -0.000618	 -0.021018	 -0.028823	 -0.100685	 -0.032323	 -0.149401	 -0.062198
 -0.005211	 -0.014493	 -0.024578	 -0.089947	 -0.011449	 -0.142053	 -0.037681
  0.011577	 -0.007049	 -0.052801	 -0.095078	 -0.008218	 -0.122256	 -0.026024
 -0.015252	  0.009263	 -0.030502	 -0.077879	  0.022380	 -0.073761	 -0.005182
 -0.063271	  0.015599	 -0.030153	 -0.060014	  0.059345	 -0.042339	  0.039702
 -0.105178	 -0.001506	 -0.027271	 -0.055452	  0.069957	 -0.043511	  0.039829
 -0.134636	  0.008757	 -0.029393	 -0.061122	  0.068404	 -0.024126	  0.039955
 -0.153895	  0.023612	 -0.013112	 -0.010695	  0.077622	  0.012998	  0.074766
 -0.128428	  0.052469	 -0.016438	 -0.048484	  0.032073	  0.001975	  0.066182
 -0.091304	  0.072804	 -0.014126	 -0.059982	 -0.007046	  0.023958	  0.040367
 -0.088453	  0.067958	 -0.023787	 -0.106133	 -0.026178	  0.029089	  0.041824
 -0.077367	  0.082782	 -0.015456	 -0.127577	 -0.055003	  0.008278	  0.023959
 -0.068498	  0.069922	 -0.017768	 -0.107400	 -0.076732	 -0.009903	  0.023104
 -0.068276	  0.076225	  0.004721	 -0.066729	 -0.116738	 -0.022067	  0.042268
 -0.064919	  0.052152	  0.030758	 -0.039425	 -0.108629	 -0.017125	 -0.002680
 -0.069321	  0.035744	  0.032722	 -0.036574	 -0.095674	 -0.002428	  0.016927
 -0.079331	  0.047971	 -0.018053	 -0.038094	 -0.118765	  0.017337	  0.006094
 -0.079711	  0.025291	 -0.037597	 -0.065240	 -0.135870	  0.027695	 -0.000336
 -0.095992	 -0.031249	 -0.050679	 -0.044208	 -0.140304	  0.009957	  0.013221
 -0.138912	 -0.035209	 -0.033131	 -0.012152	 -0.141856	 -0.002840	  0.027190
 -0.130518	 -0.024851	 -0.010578	 -0.024157	 -0.123928	  0.006536	  0.005904
 -0.123296	 -0.012402	 -0.023882	 -0.032614	 -0.078411	  0.042741	  0.017022
 -0.119622	  0.014743	 -0.026289	 -0.033406	 -0.041351	  0.013410	  0.008723
 -0.097386	  0.004290	 -0.031262	 -0.008383	 -0.039862	  0.004129	  0.017181
 -0.110911	  0.007521	 -0.059960	 -0.017125	 -0.079709	 -0.024917	  0.027000
 -0.084589	 -0.011959	 -0.055589	  0.006061	 -0.098715	 -0.016143	  0.001818
 -0.030263	 -0.018788	 -0.093789	 -0.005193	  0.078259	 -0.042865	 -0.035467
 -0.050915	 -0.031237	 -0.060562	 -0.004085	  0.066095	 -0.011696	 -0.023177
  0.000367	 -0.015494	 -0.055715	 -0.025814	  0.070340	 -0.018348	 -0.002239
  0.019563	 -0.010078	 -0.037154	 -0.029900	  0.031411	 -0.043815	  0.014612
  0.067804	  0.005475	 -0.037375	 -0.025117	  0.013894	 -0.025982	  0.051640
  0.057636	  0.027014	 -0.023945	 -0.022203	  0.000432	 -0.006850	  0.048726
  0.044174	 -0.002380	 -0.016470	 -0.018909	  0.030334	 -0.031683	 -0.003728
  0.025074	 -0.001620	  0.008839	 -0.016945	  0.038443	 -0.023163	 -0.050544
  0.044808	 -0.020214	  0.004183	 -0.024705	  0.027230	  0.001164	 -0.064418
  0.048387	  0.011620	  0.014160	  0.018215	 -0.004857	  0.013581	 -0.027833
  0.041229	  0.027173	  0.034686	  0.029745	 -0.043913	  0.014056	 -0.018774
 -0.000171	  0.004240	  0.024233	  0.003708	 -0.057185	  0.028437	 -0.039965
 -0.011638	 -0.000226	  0.029998	  0.006558	 -0.041791	  0.026441	 -0.022448
 -0.020475	 -0.001240	  0.015459	  0.013020	 -0.018129	  0.004870	 -0.004868
 -0.048159	  0.025494	  0.011848	  0.007984	 -0.024623	  0.015703	  0.018445
 -0.052784	  0.016435	  0.041338	  0.013559	 -0.043660	 -0.007610	  0.006851
 -0.040145	  0.002244	  0.066456	  0.017771	 -0.037040	  0.005884	  0.013503
 -0.022027	 -0.008209	  0.037188	  0.030790	 -0.050153	  0.017097	  0.038115
 -0.027887	 -0.012485	  0.017835	  0.017645	 -0.023704	  0.037116	  0.065641
 -0.044580	  0.002276	  0.018785	  0.013875	 -0.011383	  0.047663	  0.035929
 -0.057883	 -0.028671	  0.057080	  0.025595	  0.001351	  0.012821	  0.034219
 -0.066246	 -0.041626	  0.070828	  0.040514	 -0.006314	 -0.012900	 -0.007466
 -0.021710	 -0.000670	  0.036682	  0.033609	  0.001003	 -0.014737	 -0.031983
 -0.008027	  0.038069	  0.026165	  0.066868	  0.062358	  0.019694	 -0.023430
 -0.038118	  0.030087	 -0.008297	  0.071588	  0.101382	  0.026663	 -0.026915
 -0.009040	  0.000660	  0.000698	  0.036682	  0.123364	  0.029672	  0.011603
 -0.037611	 -0.015304	  0.013305	  0.012830	  0.104422	  0.031446	  0.012078
 -0.020063	 -0.021512	  0.005101	 -0.010103	  0.125993	  0.035373	 -0.006516
 -0.009800	 -0.020245	 -0.000854	 -0.009881	  0.151207	  0.020549	 -0.014593
  0.012816	 -0.019517	 -0.005827	 -0.010768	  0.108952	  0.028975	  0.006281
 -0.005461	  0.026571	 -0.014569	 -0.032276	  0.080191	 -0.012551	  0.013503
 -0.036661	  0.063473	 -0.003704	 -0.044502	  0.039836	 -0.013470	  0.019046
 -0.007045	  0.062712	  0.002789	 -0.024452	  0.023809	 -0.006945	  0.012553
 -0.014773	  0.068572	 -0.017578	 -0.033448	  0.025044	 -0.009511	  0.009449
 -0.000076	  0.012602	 -0.039149	 -0.005795	  0.055959	  0.006295	  0.043278
 -0.039480	  0.013426	 -0.058883	 -0.029742	  0.074299	 -0.011664	  0.027250
 -0.044485	  0.013837	 -0.102531	 -0.047543	  0.057543	 -0.028769	  0.024209
 -0.021203	  0.011493	 -0.070159	 -0.054702	  0.011614	 -0.019678	  0.002955
  0.003725	  0.002086	 -0.062145	 -0.042127	 -0.053511	  0.029387	  0.004349
  0.002458	 -0.019137	 -0.065060	 -0.043394	 -0.055950	  0.068221	 -0.027295
 -0.003339	 -0.034024	 -0.057109	 -0.069969	 -0.042994	  0.081049	 -0.045951
 -0.031625	 -0.059428	 -0.058439	 -0.104147	 -0.037578	  0.074587	 -0.063183
  0.003028	 -0.106149	 -0.061670	 -0.104590	 -0.018573	  0.083678	 -0.069898
 -0.002927	 -0.110963	 -0.021918	 -0.089386	  0.016904	  0.103634	 -0.083455
  0.002965	 -0.068202	 -0.037154	 -0.056190	  0.034388	  0.116716	 -0.053205
  0.024916	 -0.068392	 -0.025592	 -0.014316	  0.011107	  0.123399	 -0.023304
  0.029825	 -0.040834	 -0.035760	  0.018627	  0.059887	  0.122290	 -0.054060
  0.026183	 -0.035735	 -0.020366	  0.022143	  0.082186	  0.130494	 -0.055517
 -0.011067	 -0.050083	 -0.001677	  0.026957	  0.109871	  0.133123	 -0.063024
  0.008698	 -0.071401	  0.021097	  0.061642	  0.141546	  0.131065	 -0.031824
 -0.001026	 -0.073682	  0.010581	  0.056700	  0.150383	  0.090108	  0.026712
  0.011327	 -0.050970	  0.018025	  0.047166	  0.159126	  0.049786	  0.058102
  0.030491	 -0.031712	  0.035256	  0.035003	  0.157732	  0.054537	  0.017178
 -0.008818	 -0.013498	  0.020147	  0.032279	  0.169547	  0.091692	 -0.001162
 -0.055349	 -0.061392	 -0.005320	  0.035288	  0.177624	  0.107530	  0.012585
 -0.065200	 -0.104660	 -0.027841	  0.023315	  0.162705	  0.169550	  0.012109
 -0.071124	 -0.085591	 -0.043932	  0.012513	  0.148705	  0.160713	  0.017653
 -0.029471	 -0.073016	 -0.050109	 -0.023248	  0.129763	  0.116811	 -0.000181
 -0.028615	 -0.090564	 -0.066770	 -0.035380	  0.131410	  0.118458	 -0.031539
 -0.052784	 -0.046187	 -0.087802	 -0.010831	  0.136193	  0.125395	 -0.068473
 -0.050028	 -0.019200	 -0.082418	 -0.013334	  0.101793	  0.115037	 -0.056911
 -0.068368	 -0.052396	 -0.071616	 -0.012827	  0.067331	  0.113580	 -0.052983
 -0.046860	 -0.088189	 -0.091318	 -0.041335	  0.088395	  0.113326	 -0.103537
 -0.005524	 -0.069437	 -0.088499	 -0.036045	  0.111106	  0.101036	 -0.112533
  0.016110	 -0.060758	 -0.118116	 -0.030850	  0.090517	  0.090520	 -0.084057
  0.004073	 -0.036495	 -0.100631	 -0.023597	  0.105183	  0.071103	 -0.048834
 -0.014615	 -0.051287	 -0.060277	 -0.041271	  0.150478	  0.104679	 -0.027991
  0.000114	 -0.050527	 -0.038737	 -0.056602	  0.106101	  0.085927	 -0.063563
 -0.000710	 -0.065763	 -0.037122	 -0.070096	  0.080539	  0.069709	 -0.103981
 -0.040557	 -0.083089	 -0.043900	 -0.042317	  0.126247	  0.060650	 -0.112470
 -0.059024	 -0.105135	 -0.039593	 -0.039054	  0.130808	  0.055139	 -0.102143
 -0.060703	 -0.095728	 -0.030312	 -0.027619	  0.132645	  0.041360	 -0.061377
 -0.067449	 -0.128765	 -0.038674	 -0.043615	  0.101001	  0.028310	 -0.038191
 -0.055096	 -0.128036	 -0.045833	 -0.016881	  0.101572	  0.030685	 -0.068156
 -0.014108	 -0.116348	 -0.071616	 -0.020017	  0.100938	  0.011300	 -0.119945
 -0.029566	 -0.123570	 -0.055462	 -0.005732	  0.105879	  0.004965	 -0.062803
 -0.023896	 -0.099782	 -0.066992	 -0.012257	  0.082598	  0.020866	  0.017241
 -0.031181	 -0.087872	 -0.030027	 -0.002564	  0.086304	 -0.000610	 -0.007117
 -0.043440	 -0.073143	 -0.017040	  0.010961	  0.125265	 -0.022307	 -0.046015
 -0.040430	 -0.073333	 -0.016216	  0.026324	  0.130460	 -0.047172	 -0.062359
 -0.028679	 -0.074758	 -0.027429	  0.030537	  0.177846	 -0.039665	 -0.046775
 -0.044136	 -0.087555	 -0.043647	  0.069085	  0.179556	 -0.005614	 -0.063690
 -0.029439	 -0.072858	 -0.032339	  0.098892	  0.179810	  0.012250	 -0.075283
 -0.030579	 -0.094904	  0.001712	  0.088756	  0.127070	  0.029387	 -0.102840
 -0.048064	 -0.104502	 -0.022266	  0.075801	  0.084720	  0.055614	 -0.117379
 -0.045562	 -0.127561	 -0.029742	  0.035700	  0.071068	  0.062107	 -0.128687
 -0.006189	 -0.157653	 -0.002026	  0.028826	  0.074584	  0.088715	 -0.072432
  0.015255	 -0.148910	  0.048053	  0.009219	  0.062516	  0.108448	 -0.054535
  0.004770	 -0.126928	  0.081470	  0.006178	  0.041484	  0.080036	 -0.060237
 -0.003877	 -0.106307	  0.102091	 -0.003388	  0.053520	  0.041075	 -0.094035
 -0.012968	 -0.085718	  0.073805	 -0.010451	  0.070403	  0.060334	 -0.104456
 -0.033082	 -0.076596	  0.089263	 -0.014917	  0.089472	  0.091850	 -0.040345
 -0.045942	 -0.086225	  0.077701	  0.013115	  0.108604	  0.079022	 -0.029290
 -0.059246	 -0.055120	  0.075072	 -0.015298	  0.112816	  0.041835	 -0.076740
 -0.036946	 -0.060631	  0.068167	 -0.015076	  0.099101	  0.003698	 -0.078482
 -0.016452	 -0.112579	  0.050587	 -0.032624	  0.071607	  0.042247	 -0.078799
 -0.014742	 -0.113212	  0.043492	 -0.029235	  0.055547	  0.060555	 -0.079464
 -0.025416	 -0.096900	  0.021509	 -0.011687	  0.030492	  0.041899	 -0.073826
 -0.012429	 -0.108366	  0.027369	 -0.023280	  0.010315	  0.024382	 -0.056436
 -0.021900	 -0.094112	  0.024740	 -0.033859	  0.034325	 -0.022434	 -0.060585
 -0.057377	 -0.082962	  0.025374	 -0.036742	  0.044176	 -0.077264	 -0.079939
 -0.083826	 -0.057052	  0.031994	  0.007540	  0.058778	 -0.097980	 -0.062423
 -0.073024	 -0.039187	  0.000223	  0.014065	  0.107970	 -0.039887	 -0.033123
 -0.092029	 -0.084958	 -0.025497	  0.011753	  0.137016	 -0.017683	 -0.060047
 -0.125605	 -0.061075	 -0.028760	  0.007857	  0.114052	 -0.004728	 -0.077468
 -0.121804	 -0.051636	 -0.054828	 -0.014284	  0.126532	 -0.040426	 -0.138855
 -0.120316	 -0.035101	 -0.075196	 -0.017832	  0.143890	 -0.015909	 -0.113990
 -0.130420	 -0.018598	 -0.108011	 -0.034271	  0.116237	 -0.015877	 -0.092071
 -0.108469	 -0.014354	 -0.073644	 -0.032941	  0.138188	 -0.022941	 -0.089822
 -0.097731	 -0.015811	 -0.093156	 -0.037122	  0.173031	 -0.022466	 -0.106926
 -0.109007	 -0.005485	 -0.093726	 -0.037312	  0.183927	 -0.047109	 -0.134389
 -0.095514	 -0.027087	 -0.077159	 -0.019415	  0.206417	 -0.040679	 -0.122796
 -0.077681	 -0.069215	 -0.047511	 -0.008646	  0.190421	 -0.028642	 -0.105311
 -0.060956	 -0.048215	 -0.038389	  0.009346	  0.180000	 -0.038652	 -0.104741
 -0.042236	 -0.060663	 -0.036520	 -0.017420	  0.174203	 -0.056548	 -0.090297
  0.000843	 -0.082677	 -0.045579	 -0.026511	  0.174837	 -0.039824	 -0.109714
 -0.017497	 -0.091863	 -0.037059	 -0.022013	  0.184656	 -0.073051	 -0.115162
 -0.005936	 -0.076152	 -0.047606	 -0.008646	  0.145284	 -0.078626	 -0.110126
  0.042337	 -0.099592	 -0.035792	 -0.006650	  0.143668	 -0.068553	 -0.121655
  0.033531	 -0.138743	 -0.005035	 -0.000093	  0.138758	 -0.024176	 -0.108478
  0.001254	 -0.133294	  0.000540	 -0.000093	  0.143985	 -0.021357	 -0.090994
  0.019468	 -0.104312	  0.012165	  0.015364	  0.147723	 -0.047933	 -0.097139
  0.034450	 -0.086732	 -0.024737	 -0.012352	  0.130871	 -0.074287	 -0.092292
 -0.006760	 -0.098167	 -0.042063	 -0.029805	  0.126342	 -0.103586	 -0.068853
 -0.012176	 -0.075804	 -0.018148	 -0.042317	  0.125835	 -0.111442	 -0.059508
 -0.029692	 -0.068075	 -0.007410	 -0.039022	  0.106006	 -0.084518	 -0.052476
 -0.038942	 -0.021576	  0.012038	 -0.036203	  0.092766	 -0.096744	 -0.066287
 -0.030643	 -0.041848	 -0.001709	 -0.011148	  0.073792	 -0.082744	 -0.064893
 -0.057662	 -0.059618	  0.010264	 -0.000474	  0.052126	 -0.038874	 -0.070690
 -0.042996	 -0.050559	 -0.020936	  0.012893	  0.066095	 -0.015307	 -0.090614
 -0.038910	 -0.047708	 -0.050362	  0.020305	  0.059760	  0.003318	 -0.141009
 -0.032607	 -0.060156	 -0.062811	 -0.010325	  0.082408	 -0.019900	 -0.140375
 -0.015914	 -0.049323	 -0.066327	 -0.039339	  0.121495	 -0.002098	 -0.160584
 -0.002958	 -0.035196	 -0.053846	 -0.057236	  0.159189	  0.003191	 -0.168725
  0.029192	 -0.035513	 -0.048462	 -0.075734	  0.190833	  0.009178	 -0.136036
  0.024536	 -0.019327	 -0.003609	 -0.064173	  0.216838	  0.031256	 -0.143321
  0.015318	 -0.041341	  0.019799	 -0.039466	  0.217535	  0.027898	 -0.142656
  0.009553	 -0.058857	  0.028953	 -0.024483	  0.216458	  0.007848	 -0.175408
  0.015382	 -0.074537	  0.033641	 -0.015456	  0.238377	  0.001132	 -0.161883
  0.022699	 -0.064274	  0.037157	  0.007319	  0.229445	  0.009305	 -0.150100
  0.043414	 -0.060790	  0.025944	 -0.008171	  0.222793	  0.014309	 -0.161186
  0.011042	 -0.046916	  0.029935	 -0.027493	  0.195711	  0.029957	 -0.137493
 -0.053322	 -0.076057	  0.006812	 -0.027746	  0.166696	  0.047790	 -0.105628
 -0.056173	 -0.082329	 -0.046023	 -0.010071	  0.155578	  0.047980	 -0.072907
 -0.067133	 -0.047359	 -0.054322	 -0.021791	  0.149908	  0.020708	 -0.067396
 -0.085346	 -0.067790	 -0.049887	 -0.054195	  0.163560	  0.002780	 -0.033598
 -0.067133	 -0.061011	 -0.069811	 -0.041842	  0.167678	 -0.026140	 -0.011425
 -0.089020	 -0.051794	 -0.069114	 -0.035696	  0.189882	 -0.047996	  0.008625
 -0.113189	 -0.052427	 -0.063191	 -0.032782	  0.178764	 -0.042421	  0.020345
 -0.147556	 -0.009317	 -0.078458	 -0.031294	  0.160044	 -0.062883	  0.014643
 -0.114741	 -0.008304	 -0.034334	 -0.061005	  0.126183	 -0.082966	  0.004951
 -0.106347	 -0.019580	 -0.047511	 -0.057141	  0.138568	 -0.096142	 -0.047789
 -0.087595	 -0.053663	 -0.059295	 -0.037945	  0.150447	 -0.059494	 -0.045286
 -0.087848	 -0.064717	 -0.035633	 -0.027746	  0.150225	 -0.031905	 -0.038159
 -0.079866	 -0.088917	 -0.067625	 -0.022044	  0.134546	 -0.022909	 -0.069486
 -0.063458	 -0.089234	 -0.068956	 -0.031959	  0.133817	 -0.001085	 -0.111709
 -0.038498	 -0.056640	 -0.107916	 -0.001836	  0.119183	  0.020043	 -0.120008
 -0.009547	 -0.038269	 -0.118337	  0.032342	  0.110346	  0.022830	 -0.139108
  0.026341	 -0.037952	 -0.102753	  0.030283	  0.161533	 -0.012425	 -0.122035
 -0.008850	 -0.047739	 -0.098255	  0.006685	  0.176927	 -0.048661	 -0.085894
  0.011485	 -0.055468	 -0.072757	  0.003581	  0.188805	 -0.076060	 -0.069549
 -0.028932	 -0.048943	 -0.031800	 -0.020841	  0.179461	 -0.083694	 -0.084817
 -0.039258	 -0.040454	  0.017455	 -0.035570	  0.139645	 -0.122243	 -0.130715
 -0.003434	 -0.041721	  0.020210	 -0.014696	  0.125233	 -0.123067	 -0.136131
  0.035590	 -0.073333	 -0.003546	 -0.039529	  0.119151	 -0.167475	 -0.103442
  0.004929	 -0.075075	 -0.022266	 -0.027651	  0.091245	 -0.158733	 -0.045508
 -0.029756	 -0.056640	 -0.016501	 -0.038135	  0.057765	 -0.139158	 -0.055486
 -0.033272	 -0.070482	 -0.021728	 -0.019510	  0.053489	 -0.135135	 -0.041422
 -0.004796	 -0.071116	 -0.003546	 -0.031452	  0.035972	 -0.151321	 -0.060807
  0.004897	 -0.082709	 -0.017958	 -0.023977	  0.038759	 -0.177421	 -0.039426
  0.015698	 -0.034214	 -0.045769	  0.024075	  0.046837	 -0.164720	 -0.040757
  0.009078	 -0.023635	 -0.049095	  0.016948	  0.063181	 -0.155597	 -0.031602
 -0.030548	 -0.024015	 -0.031072	 -0.011433	  0.085069	 -0.136529	 -0.027548
 -0.022312	 -0.035639	  0.003106	 -0.030090	  0.103852	 -0.122971	 -0.029163
 -0.043281	 -0.063419	  0.014129	 -0.058091	  0.096725	 -0.108052	 -0.047979
 -0.074766	 -0.070736	  0.005513	 -0.110133	  0.115350	 -0.124524	 -0.073034
 -0.094278	 -0.081727	 -0.019415	 -0.139465	  0.085892	 -0.122116	 -0.078102
 -0.085726	 -0.052649	 -0.028348	 -0.106871	  0.084974	 -0.107387	 -0.080763
 -0.048444	 -0.049577	 -0.002184	 -0.099649	  0.107368	 -0.106120	 -0.095682
 -0.024023	 -0.029273	  0.004151	 -0.107219	  0.137238	 -0.080463	 -0.129004
 -0.045562	 -0.026169	 -0.015139	 -0.135125	  0.127609	 -0.120691	 -0.092197
 -0.056300	 -0.024173	 -0.006714	 -0.138673	  0.129034	 -0.162597	 -0.092134
 -0.035901	 -0.051952	  0.006590	 -0.122392	  0.121305	 -0.154330	 -0.094446
 -0.017561	 -0.047264	 -0.013017	 -0.070761	  0.132360	 -0.091645	 -0.077817
 -0.003624	 -0.011376	 -0.020777	 -0.085490	  0.123269	 -0.028104	 -0.057386
 -0.048127	 -0.013182	 -0.007379	 -0.073644	  0.082598	 -0.033647	 -0.057164
 -0.037991	  0.020838	  0.027654	 -0.044914	  0.082028	 -0.027059	 -0.028118
 -0.038688	 -0.012707	  0.064524	 -0.026796	  0.078860	  0.009906	  0.001847
 -0.043788	 -0.036083	  0.062560	 -0.025497	  0.082060	  0.058623	 -0.027865
 -0.027950	 -0.018947	  0.072538	 -0.048430	  0.035307	  0.005820	 -0.028118
 -0.009230	  0.016118	  0.087932	 -0.077983	  0.049497	 -0.019488	 -0.036417
 -0.038815	  0.011177	  0.026704	 -0.065883	  0.081521	 -0.006818	 -0.049752
 -0.034665	  0.017575	 -0.000062	 -0.071014	  0.081426	  0.011268	 -0.068377
 -0.068811	  0.053812	 -0.006745	 -0.048937	  0.115540	  0.054537	 -0.076486
 -0.018068	  0.071708	 -0.008266	 -0.013777	  0.115065	  0.049279	 -0.053332
 -0.002737	  0.062554	  0.005133	 -0.031800	  0.102585	  0.064040	 -0.056911
 -0.035109	  0.112918	 -0.001804	 -0.008456	  0.121242	  0.039840	 -0.040281
 -0.052974	  0.151213	 -0.018624	 -0.034841	  0.123459	  0.045795	 -0.047757
 -0.025226	  0.164010	 -0.028918	 -0.024673	  0.101160	  0.053745	 -0.058146
 -0.028711	  0.136959	 -0.001265	 -0.025339	  0.092101	  0.041138	 -0.059825
 -0.018733	  0.131036	 -0.025149	 -0.066833	  0.100368	  0.050958	 -0.061947
  0.002616	  0.137878	 -0.013049	 -0.047005	  0.089092	  0.044813	 -0.049499
  0.025328	  0.100881	  0.021858	 -0.013809	  0.073792	  0.001924	 -0.017475
  0.067266	  0.073450	 -0.002247	 -0.023755	  0.078385	  0.003761	 -0.015511
  0.081710	  0.048870	 -0.001519	 -0.010483	  0.030872	 -0.045874	 -0.026313
  0.077402	  0.066640	 -0.018655	 -0.029551	  0.007813	 -0.040869	 -0.013896
  0.075026	  0.044943	 -0.025117	 -0.060847	  0.009618	 -0.039982	 -0.010823
  0.104389	  0.055174	 -0.013650	 -0.108391	  0.027927	 -0.032063	 -0.034833
  0.087221	  0.001357	 -0.002627	 -0.111274	  0.042085	 -0.018411	 -0.089727
  0.042622	  0.005760	 -0.028918	 -0.087549	  0.035434	  0.009020	 -0.095492
 -0.003687	 -0.016286	 -0.024262	 -0.105857	  0.053647	 -0.017683	 -0.073921
  0.011485	 -0.030666	 -0.015709	 -0.078110	  0.048452	 -0.045272	 -0.069169
  0.016902	 -0.025883	 -0.040099	 -0.061068	  0.060996	 -0.080210	 -0.074966
