:RUN-4	LEVEL SWEEP	TEMP:NaN	8/27/2019	12:58 PM	HR:-636.36:SW EAR: R	SW FREQ: 16.00	# AVERAGES: 512	REP RATE (/sec): 80	DRIVER: 	SAMPLE (µsec): 40	MASKER dB: 2147483647:NOTES-:CHAMBER-SEWELL-PXI1:CFTS Version: V2.7.2 (R850):LEVELS:20;30;40;50;60;70;80;:DATA  0.013817	 -0.090550	 -0.014422	  0.041020	  0.043462	 -0.086941	 -0.023834
  0.028989	 -0.112216	 -0.004634	  0.020145	  0.031457	 -0.056944	 -0.035015
  0.010966	 -0.068346	  0.008860	  0.001267	  0.012040	 -0.053713	 -0.007458
 -0.014533	 -0.057608	  0.009556	  0.035065	  0.022873	 -0.026061	  0.043603
  0.021451	 -0.029829	 -0.051735	  0.039309	  0.019674	  0.001940	  0.012909
  0.050877	 -0.026471	 -0.067320	  0.045929	  0.052964	 -0.027676	 -0.014965
  0.041216	 -0.048580	 -0.042264	  0.025404	  0.065698	 -0.035975	 -0.055478
  0.038840	  0.000611	 -0.032698	  0.021032	  0.042606	 -0.059478	 -0.063872
  0.038492	  0.049645	 -0.055156	  0.025974	  0.049068	 -0.066637	 -0.057030
  0.036591	  0.045147	 -0.048251	  0.043934	  0.007415	 -0.020993	 -0.026463
  0.019455	  0.054776	 -0.011983	  0.011561	 -0.044564	 -0.003191	 -0.050726
 -0.004555	  0.041536	 -0.020313	 -0.001362	 -0.033541	 -0.016115	 -0.087945
 -0.062299	  0.045559	  0.006579	 -0.002027	 -0.005572	 -0.009210	 -0.112240
 -0.068761	  0.064057	  0.016430	 -0.008837	 -0.008549	 -0.007784	 -0.101914
 -0.052986	  0.069632	  0.032933	 -0.023155	 -0.024925	  0.009701	 -0.056840
 -0.054380	  0.059337	  0.033250	 -0.052518	 -0.053211	  0.035833	 -0.014395
 -0.025461	  0.040807	  0.058495	 -0.046309	 -0.059736	  0.067223	  0.052915
 -0.023243	 -0.000751	  0.046775	 -0.047070	 -0.062904	  0.100894	  0.131090
  0.003681	 -0.005977	  0.056689	 -0.067183	 -0.052895	  0.120881	  0.207712
  0.001844	 -0.030779	  0.079210	 -0.062179	 -0.001359	  0.134248	  0.259945
  0.009572	 -0.024729	  0.091215	 -0.059074	  0.032565	  0.137162	  0.302168
  0.012803	 -0.026788	  0.065242	 -0.017390	  0.050494	  0.134533	  0.347179
  0.029464	 -0.017634	  0.043132	 -0.016091	  0.067883	  0.133108	  0.327540
  0.038935	 -0.051241	  0.015987	 -0.007887	  0.076689	  0.127628	  0.317816
  0.046062	 -0.027675	 -0.003620	  0.021286	  0.083183	  0.135610	  0.337803
  0.009319	 -0.003760	  0.012090	  0.022933	  0.079635	  0.121419	  0.306413
 -0.028121	  0.007960	  0.022733	  0.017390	  0.093730	  0.114166	  0.260452
 -0.008831	 -0.022100	  0.034453	 -0.015584	  0.098735	  0.127216	  0.253230
  0.021926	 -0.015131	  0.013928	 -0.037979	  0.137252	  0.110143	  0.234161
  0.042926	  0.004096	  0.033725	 -0.030788	  0.153058	  0.119899	  0.300616
  0.048375	  0.013947	  0.046743	 -0.110167	  0.124867	  0.185974	  0.362478
  0.058574	  0.001118	  0.022068	 -0.096135	  0.117075	  0.225695	  0.417910
  0.062375	 -0.012376	  0.027928	 -0.048432	  0.127338	  0.266777	  0.510117
  0.063515	  0.002037	  0.009746	 -0.011720	  0.175453	  0.315652	  0.606726
  0.051542	 -0.017000	 -0.003620	  0.005226	  0.275293	  0.374220	  0.645434
  0.043180	  0.009100	 -0.007548	  0.036395	  0.304530	  0.451159	  0.644072
  0.049990	  0.004824	  0.000307	  0.082704	  0.349445	  0.514858	  0.614170
  0.063737	 -0.004710	  0.041485	  0.110135	  0.353500	  0.492242	  0.567797
  0.026835	  0.010811	  0.077753	  0.141842	  0.324548	  0.430602	  0.475939
  0.028958	  0.009037	  0.068789	  0.120746	  0.295439	  0.352174	  0.338627
  0.047203	  0.006820	  0.075536	  0.079347	  0.267818	  0.228989	  0.180662
  0.046157	  0.028771	  0.068092	  0.096736	  0.166774	  0.081413	  0.019688
  0.049737	 -0.006959	  0.052160	  0.060246	  0.079255	  0.002098	 -0.105968
  0.051352	  0.024558	  0.031697	  0.037535	 -0.010133	 -0.113200	 -0.226746
  0.045429	  0.006820	  0.015290	  0.024327	 -0.073515	 -0.216398	 -0.337135
  0.063864	  0.010747	 -0.003969	 -0.040133	 -0.193660	 -0.336162	 -0.449392
  0.041406	  0.039287	 -0.019680	 -0.116787	 -0.235091	 -0.426722	 -0.565419
  0.045872	  0.034472	 -0.075112	 -0.190970	 -0.282065	 -0.490928	 -0.632063
  0.052144	  0.023006	 -0.106534	 -0.190337	 -0.305315	 -0.528020	 -0.658607
  0.054995	  0.026173	 -0.126236	 -0.164680	 -0.300184	 -0.546074	 -0.636751
  0.036021	  0.026838	 -0.157721	 -0.194486	 -0.299614	 -0.510566	 -0.552147
  0.014862	  0.015594	 -0.178437	 -0.241873	 -0.282984	 -0.483674	 -0.420536
  0.006848	 -0.004330	 -0.182459	 -0.241303	 -0.254096	 -0.414749	 -0.266150
  0.004884	  0.027060	 -0.198202	 -0.246877	 -0.232620	 -0.326058	 -0.108724
 -0.018999	  0.024716	 -0.195605	 -0.231642	 -0.144848	 -0.190646	  0.030172
 -0.004302	  0.014422	 -0.151417	 -0.176178	 -0.055049	 -0.068632	  0.233686
 -0.012949	  0.037165	 -0.105932	 -0.143933	  0.014574	 -0.010825	  0.411987
 -0.016053	  0.024399	 -0.059021	 -0.048653	  0.055182	  0.071404	  0.553702
  0.008242	  0.009195	 -0.042264	  0.038486	  0.088821	  0.159145	  0.719807
  0.013785	 -0.012851	  0.001004	  0.109407	  0.155751	  0.244700	  0.779769
  0.037352	 -0.012281	  0.050544	  0.155526	  0.231993	  0.326707	  0.812489
  0.044542	  0.004444	  0.095682	  0.202120	  0.255718	  0.382107	  0.767922
  0.033582	  0.016892	  0.129352	  0.192047	  0.273773	  0.400764	  0.673213
  0.070167	  0.020757	  0.155295	  0.164743	  0.298480	  0.413402	  0.539131
  0.094494	  0.014200	  0.139615	  0.113049	  0.297371	  0.374283	  0.329726
  0.088159	  0.027757	  0.113990	  0.127715	  0.231676	  0.282172	  0.091749
  0.060823	  0.049645	  0.081935	  0.107158	  0.188503	  0.158543	 -0.119842
  0.031111	  0.039730	  0.058178	  0.095754	  0.154959	  0.015497	 -0.274322
  0.031745	  0.034504	  0.064450	  0.078840	  0.123157	 -0.144115	 -0.380245
  0.045745	  0.048916	  0.059287	  0.074817	  0.038615	 -0.305691	 -0.433016
  0.046537	  0.092723	  0.069613	  0.046784	 -0.040921	 -0.369865	 -0.455252
  0.064117	  0.090918	  0.055454	 -0.012733	 -0.121155	 -0.406038	 -0.430957
  0.050940	  0.085184	 -0.001277	 -0.052074	 -0.179976	 -0.390200	 -0.355475
  0.038555	  0.065514	 -0.013883	 -0.069179	 -0.203162	 -0.369200	 -0.316134
  0.048786	  0.062283	 -0.036151	 -0.127081	 -0.185582	 -0.337651	 -0.262001
  0.028102	  0.071057	 -0.059464	 -0.156698	 -0.155776	 -0.277468	 -0.231149
  0.054678	  0.048409	 -0.069410	 -0.209469	 -0.139780	 -0.206895	 -0.226968
  0.054298	  0.035232	 -0.028074	 -0.250583	 -0.106172	 -0.129734	 -0.212872
  0.063040	  0.020345	 -0.016797	 -0.250172	 -0.068859	 -0.095081	 -0.191967
  0.044890	  0.015689	  0.000687	 -0.219035	 -0.023627	 -0.117349	 -0.185980
  0.061742	  0.025508	  0.002049	 -0.222709	  0.016031	 -0.094575	 -0.150060
  0.046854	  0.022087	 -0.014422	 -0.190495	  0.020972	 -0.109620	 -0.124308
  0.034881	  0.025571	 -0.030608	 -0.174594	  0.013529	 -0.142151	 -0.147399
  0.066049	  0.038368	 -0.018920	 -0.164490	  0.033389	 -0.162391	 -0.166056
  0.060665	  0.004602	 -0.041314	 -0.141589	  0.055055	 -0.178229	 -0.162129
  0.072574	 -0.027960	 -0.030988	 -0.108678	  0.034878	 -0.187732	 -0.165739
  0.044162	 -0.017760	 -0.022911	 -0.123660	  0.013243	 -0.212914	 -0.138277
  0.032949	  0.004317	  0.015068	 -0.113619	 -0.070791	 -0.260395	 -0.109136
  0.001653	 -0.053015	  0.020865	 -0.068387	 -0.119096	 -0.288301	 -0.085253
 -0.011745	 -0.097931	 -0.015815	 -0.037694	 -0.124227	 -0.289663	 -0.049269
 -0.030465	 -0.076170	 -0.057912	 -0.033766	 -0.112856	 -0.260427	 -0.016105
 -0.030085	 -0.037811	 -0.077899	 -0.052929	 -0.138133	 -0.246141	 -0.022124
 -0.059702	 -0.008575	 -0.048853	 -0.041685	 -0.119730	 -0.237304	 -0.011829
 -0.076965	  0.013662	 -0.025350	 -0.069622	 -0.104874	 -0.203316	  0.021747
 -0.043579	  0.014105	 -0.026078	 -0.088342	 -0.078710	 -0.159857	  0.060644
  0.004029	  0.020693	  0.002461	 -0.047386	 -0.065818	 -0.124666	  0.065174
 -0.022230	  0.011666	  0.008828	 -0.060753	 -0.069524	 -0.096032	  0.121651
 -0.010890	  0.003937	  0.033788	 -0.040798	 -0.060782	 -0.054949	  0.176037
 -0.022071	  0.009290	  0.057513	 -0.027462	 -0.006237	 -0.018079	  0.215980
 -0.048552	  0.017621	  0.045064	 -0.016535	  0.018597	  0.014705	  0.240116
 -0.067937	  0.024431	  0.080097	 -0.019100	  0.017678	  0.069409	  0.281611
 -0.067652	  0.074763	  0.102587	 -0.007190	  0.038742	  0.083789	  0.329092
 -0.035280	  0.103239	  0.088301	  0.012733	  0.041086	  0.121926	  0.331056
 -0.049375	  0.080591	  0.067427	  0.017548	  0.066743	  0.144131	  0.364569
 -0.085169	  0.067034	  0.060332	  0.015109	  0.103075	  0.157878	  0.389814
 -0.077820	  0.057975	  0.042340	  0.024010	  0.128225	  0.173969	  0.427539
 -0.036895	  0.045875	  0.009493	  0.032689	  0.161516	  0.190091	  0.474324
 -0.014438	  0.071026	 -0.031907	  0.023440	  0.198006	  0.192087	  0.471726
 -0.036642	  0.096999	 -0.039635	  0.006683	  0.178177	  0.212549	  0.485758
 -0.032524	  0.090949	 -0.069632	  0.010516	  0.224328	  0.227088	  0.440273
 -0.034551	  0.075714	 -0.034219	  0.006557	  0.224676	  0.236623	  0.465201
 -0.037339	  0.039952	 -0.037070	  0.043015	  0.219386	  0.251637	  0.453133
 -0.010953	  0.047237	 -0.015942	  0.049635	  0.213907	  0.251447	  0.423833
 -0.025967	  0.025920	 -0.053572	  0.005955	  0.228921	  0.196300	  0.341857
 -0.037339	  0.013186	 -0.069125	 -0.015426	  0.223346	  0.172290	  0.247370
 -0.023972	 -0.019883	 -0.072609	 -0.010231	  0.239025	  0.155502	  0.148100
 -0.000405	  0.002385	 -0.061016	 -0.019860	  0.233799	  0.092436	  0.093460
 -0.015768	  0.003779	 -0.038812	  0.009091	  0.214192	  0.079101	  0.026118
 -0.004713	  0.006123	 -0.008815	  0.020779	  0.179159	  0.054204	 -0.066659
 -0.021089	  0.003462	 -0.033807	 -0.014444	  0.146375	 -0.023495	 -0.130738
  0.016034	  0.033047	 -0.046160	 -0.023313	  0.094427	 -0.078769	 -0.160323
  0.012740	  0.018476	 -0.064912	 -0.018340	  0.019293	 -0.149753	 -0.153671
  0.021577	  0.041979	 -0.066876	 -0.038264	 -0.051754	 -0.227104	 -0.220253
  0.044859	  0.014834	 -0.060889	 -0.058124	 -0.080420	 -0.277373	 -0.278694
  0.032093	  0.052844	 -0.028010	 -0.103198	 -0.107091	 -0.292260	 -0.298522
  0.014450	  0.053224	 -0.032984	 -0.123534	 -0.133825	 -0.273667	 -0.314899
  0.033550	  0.050437	 -0.055346	 -0.162304	 -0.118653	 -0.286400	 -0.323039
  0.033519	  0.066686	 -0.055378	 -0.187581	 -0.124734	 -0.311550	 -0.293328
  0.044383	  0.107389	 -0.040269	 -0.228442	 -0.159767	 -0.302808	 -0.297572
  0.063040	  0.098108	 -0.007453	 -0.198826	 -0.133825	 -0.264703	 -0.255666
  0.022908	  0.091234	 -0.026743	 -0.195722	 -0.147255	 -0.254123	 -0.194342
  0.026835	  0.079515	 -0.061935	 -0.180834	 -0.137309	 -0.259318	 -0.131625
  0.033075	  0.057405	 -0.062347	 -0.192269	 -0.143644	 -0.260902	 -0.109738
  0.042039	  0.042074	 -0.089397	 -0.198034	 -0.116087	 -0.202112	 -0.101344
  0.011790	  0.021264	 -0.103651	 -0.206428	 -0.088371	 -0.182315	 -0.071410
  0.013532	  0.030798	 -0.107072	 -0.208899	 -0.057678	 -0.178419	 -0.070397
 -0.035217	  0.012648	 -0.060953	 -0.186631	 -0.054605	 -0.160206	 -0.023961
 -0.066734	  0.002195	 -0.046192	 -0.148526	 -0.029075	 -0.132173	 -0.030359
 -0.054950	 -0.011520	 -0.078121	 -0.167024	 -0.021251	 -0.131793	 -0.058170
 -0.066607	 -0.015828	 -0.063107	 -0.131421	  0.007890	 -0.100498	 -0.083669
 -0.038543	  0.009069	 -0.045907	 -0.105099	  0.044000	 -0.105819	 -0.111005
  0.008527	  0.032825	 -0.036975	 -0.106049	  0.046503	 -0.132997	 -0.149807
  0.020912	  0.026648	 -0.044292	 -0.116248	  0.022936	 -0.141961	 -0.200677
  0.013753	  0.024241	 -0.046572	 -0.114823	  0.040769	 -0.150767	 -0.252878
  0.002635	  0.032413	 -0.025445	 -0.115805	 -0.004811	 -0.201986	 -0.304572
  0.005169	  0.022847	 -0.013725	 -0.144503	 -0.022075	 -0.226819	 -0.336058
  0.017713	  0.026965	 -0.008340	 -0.170825	 -0.050709	 -0.253870	 -0.385725
 -0.006962	  0.025286	 -0.024780	 -0.191351	 -0.107788	 -0.300464	 -0.417748
 -0.028628	 -0.000466	 -0.053066	 -0.192808	 -0.156188	 -0.325139	 -0.426269
 -0.007532	 -0.024317	 -0.067858	 -0.135095	 -0.193755	 -0.337746	 -0.445623
  0.006943	  0.003240	 -0.059021	 -0.157648	 -0.221787	 -0.340692	 -0.470203
  0.028831	  0.028486	 -0.086737	 -0.188183	 -0.213140	 -0.291532	 -0.476696
  0.007925	  0.008942	 -0.128643	 -0.205731	 -0.196257	 -0.282853	 -0.503208
  0.001242	  0.005078	 -0.150594	 -0.201518	 -0.206013	 -0.352918	 -0.512172
  0.013943	 -0.011489	 -0.120946	 -0.217926	 -0.271328	 -0.345443	 -0.545115
  0.042831	 -0.026661	 -0.099913	 -0.185617	 -0.229865	 -0.325393	 -0.606438
  0.024586	 -0.042911	 -0.095606	 -0.147829	 -0.217226	 -0.337081	 -0.628294
  0.009034	 -0.026534	 -0.067066	 -0.114538	 -0.206298	 -0.359127	 -0.627661
  0.000545	 -0.012502	 -0.046414	 -0.121126	 -0.173007	 -0.362928	 -0.651005
  0.024523	  0.012426	 -0.047396	 -0.111244	 -0.147730	 -0.346013	 -0.625095
  0.042673	  0.014295	 -0.039604	 -0.112637	 -0.159609	 -0.329764	 -0.650372
  0.019993	  0.006630	 -0.048948	 -0.111687	 -0.150296	 -0.310220	 -0.660983
  0.016604	 -0.008099	 -0.053066	 -0.117674	 -0.165849	 -0.231792	 -0.659114
  0.033614	 -0.048770	 -0.061998	 -0.098700	 -0.155459	 -0.239331	 -0.657372
  0.032949	 -0.053997	 -0.073148	 -0.037852	 -0.100408	 -0.178356	 -0.667096
  0.028007	 -0.053553	 -0.056613	 -0.060405	 -0.070728	 -0.173129	 -0.671879
  0.038682	 -0.041453	 -0.031146	 -0.075102	 -0.032876	 -0.168726	 -0.638810
  0.038840	 -0.005850	 -0.053889	 -0.033227	 -0.022550	 -0.180510	 -0.618380
  0.008559	  0.028771	 -0.078057	 -0.017231	 -0.022360	 -0.214687	 -0.614800
 -0.009021	 -0.005724	 -0.090791	  0.017358	 -0.038577	 -0.202999	 -0.599343
  0.020342	 -0.071482	 -0.086261	  0.050490	 -0.028726	 -0.195207	 -0.566781
  0.048184	 -0.040313	 -0.066401	  0.043490	 -0.029487	 -0.233598	 -0.522847
  0.056293	 -0.052096	 -0.076537	  0.052993	 -0.027079	 -0.256594	 -0.493959
  0.057592	 -0.055581	 -0.062061	  0.035983	 -0.029803	 -0.285007	 -0.501434
  0.026804	 -0.065305	 -0.062790	 -0.020336	 -0.050202	 -0.288301	 -0.491108
  0.026519	 -0.062359	 -0.022562	 -0.047260	 -0.052388	 -0.318582	 -0.486705
  0.064814	 -0.055391	 -0.017304	 -0.065536	 -0.080674	 -0.355706	 -0.470804
  0.071656	 -0.029670	 -0.012838	 -0.080835	 -0.081466	 -0.377784	 -0.401752
  0.049515	 -0.003190	  0.016240	 -0.108836	 -0.078837	 -0.382345	 -0.349045
  0.007133	  0.000453	  0.031032	 -0.110800	 -0.061352	 -0.375915	 -0.338307
 -0.006075	 -0.012756	  0.004932	 -0.132530	 -0.064805	 -0.346203	 -0.358515
 -0.064833	 -0.019629	 -0.012901	 -0.129172	 -0.060338	 -0.332963	 -0.392947
 -0.026411	 -0.030304	  0.011964	 -0.140638	 -0.078615	 -0.344683	 -0.337198
  0.007640	 -0.027010	  0.020960	 -0.160150	 -0.133667	 -0.317759	 -0.320157
  0.024396	 -0.055486	  0.008194	 -0.140670	 -0.163315	 -0.295238	 -0.330705
  0.009636	 -0.047187	  0.004362	 -0.131262	 -0.142536	 -0.280984	 -0.335234
 -0.041330	 -0.018394	  0.027801	 -0.096831	 -0.176745	 -0.255992	 -0.347873
 -0.030465	  0.016386	  0.007149	 -0.095786	 -0.217416	 -0.264259	 -0.321234
 -0.069078	  0.012078	 -0.036436	 -0.121443	 -0.202402	 -0.254091	 -0.277142
 -0.063313	 -0.012882	 -0.034251	 -0.152770	 -0.159324	 -0.259255	 -0.253100
 -0.049502	 -0.022512	 -0.052242	 -0.140923	 -0.149251	 -0.298627	 -0.195641
 -0.045733	 -0.005344	 -0.002417	 -0.142159	 -0.136201	 -0.284690	 -0.150630
 -0.051054	 -0.031571	 -0.032508	 -0.112289	 -0.155618	 -0.318139	 -0.131657
 -0.033253	 -0.006231	 -0.047839	 -0.122298	 -0.126793	 -0.305120	 -0.140526
 -0.018017	  0.018888	 -0.038558	 -0.149761	 -0.105444	 -0.269992	 -0.096085
 -0.031384	  0.007517	 -0.059622	 -0.134557	 -0.118938	 -0.233471	 -0.082497
 -0.026443	  0.022024	 -0.123036	 -0.099872	 -0.118558	 -0.225869	 -0.067008
 -0.052100	  0.028771	 -0.155092	 -0.049192	 -0.112856	 -0.203696	 -0.063555
 -0.095368	  0.012933	 -0.150721	 -0.022870	 -0.106584	 -0.192040	 -0.052279
 -0.143483	 -0.016303	 -0.179767	 -0.029711	 -0.129486	 -0.156531	 -0.029314
 -0.143673	 -0.021276	 -0.186609	 -0.052898	 -0.076746	 -0.131603	  0.018769
 -0.105663	 -0.012566	 -0.169377	 -0.065631	 -0.045039	 -0.114752	  0.033847
 -0.098789	 -0.029670	 -0.151481	 -0.066170	 -0.032654	 -0.106801	  0.096120
 -0.086531	 -0.002271	 -0.122561	 -0.037187	 -0.020776	 -0.077343	  0.099161
 -0.077915	 -0.003792	 -0.100040	 -0.052803	 -0.000282	 -0.063691	  0.120542
 -0.072403	 -0.010348	 -0.088320	 -0.051884	  0.026515	 -0.058750	  0.147624
 -0.060715	  0.007580	 -0.109099	 -0.039562	  0.035163	  0.003144	  0.166028
 -0.036547	 -0.014434	 -0.118729	 -0.039087	  0.082739	  0.050087	  0.185603
 -0.014691	 -0.011394	 -0.097443	 -0.070256	  0.095789	  0.068427	  0.184811
  0.005296	 -0.023589	 -0.046667	 -0.093886	  0.062182	  0.059938	  0.242239
 -0.023972	 -0.036037	 -0.040427	 -0.115552	  0.040928	  0.059716	  0.203341
 -0.005347	 -0.002049	 -0.007770	 -0.123597	  0.037760	  0.070581	  0.183829
 -0.023750	  0.035518	  0.002588	 -0.092777	  0.053598	  0.074033	  0.211735
  0.041637	  0.000336	 -0.050167	 -0.054041	 -0.041191	 -0.074936	 -0.034053
  0.070050	 -0.004035	 -0.000342	 -0.074408	 -0.026398	 -0.094416	 -0.042890
  0.092698	 -0.008375	  0.027849	 -0.033294	 -0.044231	 -0.070723	 -0.031994
  0.091526	 -0.012018	  0.032283	 -0.030665	 -0.045942	 -0.058528	 -0.016853
  0.086901	 -0.015724	  0.037763	 -0.015271	 -0.036218	 -0.028880	 -0.021572
  0.076607	  0.009300	  0.059049	 -0.031013	 -0.031625	  0.031778	 -0.020559
  0.051235	 -0.003244	  0.019803	 -0.028479	  0.002205	  0.039950	 -0.032247
  0.037963	 -0.011511	  0.007577	 -0.037412	  0.024282	  0.011759	 -0.020052
  0.026655	  0.001223	 -0.001071	 -0.039376	  0.052980	  0.023986	 -0.005988
 -0.016867	  0.012879	 -0.035153	 -0.022809	  0.073981	  0.058354	  0.032434
 -0.038881	  0.023079	 -0.057611	 -0.004184	  0.042591	  0.025855	 -0.041496
 -0.058267	  0.019468	 -0.036357	 -0.030285	  0.047785	  0.026488	  0.045009
 -0.026433	 -0.004891	  0.000545	 -0.020370	  0.040975	  0.032697	  0.050869
 -0.024913	 -0.006538	 -0.017352	  0.005635	  0.007273	  0.009352	 -0.018627
 -0.054561	 -0.018764	 -0.005600	  0.029455	 -0.029376	  0.003144	  0.105762
 -0.057982	 -0.010054	  0.004029	  0.038736	 -0.045879	 -0.001956	  0.012954
 -0.058710	 -0.021932	  0.008305	  0.086692	 -0.042268	 -0.024794	 -0.003423
 -0.080249	  0.012341	 -0.000437	  0.072628	  0.009173	  0.038145	  0.132465
 -0.082340	  0.022889	 -0.001672	  0.090842	 -0.002103	  0.001117	 -0.047293
 -0.076068	  0.015572	  0.008559	  0.097620	  0.043984	  0.051607	 -0.042447
 -0.060801	  0.012816	  0.009097	  0.122834	  0.058207	  0.060096	  0.027271
 -0.027985	  0.021653	  0.034437	  0.137404	  0.035907	  0.002922	 -0.119861
 -0.033433	  0.055261	  0.033931	  0.159989	  0.019278	  0.041534	  0.014886
  0.005812	  0.058967	  0.001653	  0.132970	 -0.005049	  0.007420	 -0.014731
 -0.009297	  0.057890	 -0.002053	  0.114503	 -0.041951	 -0.068728	 -0.131644
  0.006984	  0.075850	  0.042926	  0.125336	  0.002585	 -0.038826	 -0.019989
  0.012559	  0.063560	  0.049261	  0.109657	  0.040057	 -0.073701	 -0.094014
  0.017849	  0.077338	  0.040329	  0.142251	  0.046835	 -0.094733	 -0.174976
 -0.020066	  0.041545	  0.003839	  0.135757	  0.040690	 -0.047758	 -0.024011
 -0.018197	  0.028337	 -0.024890	  0.169428	  0.032740	 -0.064040	 -0.135255
 -0.023519	  0.034007	 -0.004016	  0.178044	  0.026024	 -0.060239	 -0.124517
 -0.031755	  0.010599	 -0.009750	  0.152799	  0.009173	 -0.023052	  0.026447
  0.001631	  0.016300	 -0.010858	  0.138988	 -0.011099	 -0.070090	 -0.077036
 -0.002106	  0.029699	  0.008464	  0.112032	  0.018897	 -0.042627	 -0.006147
 -0.034985	  0.028590	  0.024681	  0.102752	  0.016237	 -0.024921	  0.023058
  0.010500	  0.040437	  0.001052	  0.110670	  0.034830	 -0.112059	 -0.063130
  0.029854	  0.065112	  0.024175	  0.144563	  0.043446	 -0.066162	  0.057426
  0.048162	  0.055894	  0.037922	  0.138418	  0.015001	 -0.076868	  0.036267
  0.043316	  0.035052	  0.023256	  0.138133	 -0.010592	 -0.127168	 -0.037220
  0.069511	  0.017947	  0.038175	  0.116847	  0.030681	 -0.079212	  0.127967
  0.079521	  0.056908	  0.035609	  0.066135	  0.041830	 -0.067904	  0.061353
  0.088042	  0.089375	  0.041659	  0.062239	  0.053867	 -0.065592	 -0.001554
  0.069068	  0.082090	  0.026677	  0.057488	  0.064668	  0.013407	  0.105477
  0.039135	  0.047722	 -0.023750	  0.037310	  0.074551	 -0.035437	 -0.045519
  0.029854	  0.032961	 -0.024067	  0.010038	  0.071605	 -0.016051	 -0.047768
  0.010089	 -0.003465	 -0.019569	  0.032749	  0.074044	  0.021104	  0.002406
  0.011197	  0.003915	 -0.065181	  0.055809	  0.056369	 -0.033219	 -0.153342
  0.028207	 -0.003434	 -0.051561	  0.018052	  0.053170	 -0.008481	 -0.034813
 -0.000111	  0.025898	 -0.016021	 -0.016981	  0.048165	 -0.028215	 -0.029618
  0.019084	  0.016395	  0.006531	 -0.020465	  0.014843	 -0.048360	 -0.194520
  0.000428	  0.017440	 -0.009053	 -0.025375	  0.041450	  0.003175	 -0.061452
 -0.002423	  0.034957	 -0.015008	 -0.003139	  0.059664	 -0.022640	 -0.131676
 -0.001758	  0.024599	  0.012455	 -0.003456	  0.027735	 -0.028532	 -0.195217
 -0.050538	  0.022730	  0.004251	 -0.035511	  0.001951	  0.024936	 -0.061673
 -0.044963	  0.025961	  0.001463	 -0.039724	 -0.036471	 -0.014816	 -0.184795
 -0.048574	  0.063116	  0.011124	 -0.017900	 -0.059246	 -0.034075	 -0.134083
 -0.001093	  0.062863	  0.015369	  0.019097	 -0.026050	 -0.004522	 -0.003993
  0.019116	  0.025201	  0.007989	  0.019604	 -0.054304	 -0.052985	 -0.134115
  0.024533	 -0.001216	 -0.041393	  0.047573	 -0.019208	 -0.013517	 -0.007034
  0.046990	 -0.029914	 -0.061602	  0.065850	 -0.014172	 -0.008228	  0.036837
  0.067896	 -0.033462	 -0.053493	  0.081561	 -0.051517	 -0.048677	 -0.083561
  0.074453	 -0.025543	 -0.025904	  0.079692	 -0.044897	 -0.035215	  0.001804
  0.111640	 -0.044200	 -0.049502	  0.061003	 -0.038055	 -0.098091	 -0.027654
  0.102422	 -0.065676	 -0.084313	  0.055429	 -0.022090	 -0.106421	 -0.081027
  0.088612	 -0.048096	 -0.068381	  0.059293	 -0.002483	 -0.044179	  0.049380
  0.076955	 -0.018764	 -0.042882	  0.055460	 -0.021298	 -0.100751	 -0.067723
  0.067991	 -0.032226	 -0.001261	  0.052134	  0.000146	 -0.099326	 -0.084765
  0.080851	 -0.038086	 -0.044783	  0.026351	  0.006069	 -0.075759	  0.040131
  0.081421	 -0.044897	 -0.045543	  0.024767	  0.016332	 -0.115132	 -0.093792
  0.053991	 -0.010846	 -0.045384	  0.033668	  0.008951	 -0.086212	 -0.031455
  0.048954	  0.010345	 -0.036008	  0.030278	  0.008033	 -0.067777	  0.063761
  0.034225	  0.008793	 -0.028248	  0.049885	 -0.040209	 -0.110856	 -0.084258
  0.030868	  0.016237	 -0.023085	  0.041903	 -0.061589	 -0.064990	 -0.012767
  0.015188	 -0.000519	 -0.030560	  0.054573	 -0.046195	 -0.083013	 -0.029998
 -0.004926	 -0.010656	 -0.032302	  0.073389	 -0.063078	 -0.116526	 -0.142857
  0.029189	 -0.019683	 -0.040031	  0.066198	 -0.012936	 -0.057103	  0.002279
  0.038786	 -0.031878	 -0.040031	  0.039464	 -0.013411	 -0.090552	 -0.066520
  0.050380	 -0.023896	 -0.071105	  0.038641	 -0.018068	 -0.111141	 -0.095376
  0.037266	 -0.016801	 -0.083078	  0.018780	  0.002395	 -0.046333	  0.066422
 -0.008315	 -0.019936	 -0.105758	  0.030659	 -0.046132	 -0.053523	 -0.045044
 -0.015980	 -0.001691	 -0.137971	  0.074434	 -0.045118	 -0.026694	 -0.045044
 -0.004514	  0.025043	 -0.120867	  0.088719	 -0.061273	 -0.021658	  0.044376
  0.005622	  0.035495	 -0.085232	  0.082828	 -0.110084	 -0.092896	 -0.103960
  0.006699	  0.064890	 -0.088304	  0.088941	 -0.084712	 -0.035468	 -0.017391
  0.024374	  0.061026	 -0.068951	  0.086375	 -0.067038	 -0.045224	 -0.003454
  0.031913	  0.041007	 -0.081431	  0.066768	 -0.054716	 -0.093751	 -0.123504
  0.046388	  0.074836	 -0.071580	  0.082574	 -0.018448	 -0.023527	  0.042190
  0.064507	  0.063528	 -0.059575	  0.072407	 -0.012334	 -0.045668	  0.012859
  0.086236	  0.054596	 -0.054729	  0.027238	 -0.031245	 -0.068442	 -0.050365
  0.070747	  0.050478	 -0.085517	  0.016563	  0.016585	 -0.022672	  0.075322
  0.108472	  0.013893	 -0.083458	  0.022645	  0.008761	 -0.036197	 -0.012387
  0.110879	  0.016522	 -0.055235	  0.010260	  0.004770	 -0.008925	 -0.015237
  0.118133	  0.031441	 -0.060779	 -0.006940	  0.020703	  0.027977	  0.141334
  0.087503	  0.038916	 -0.054760	 -0.031837	  0.014716	 -0.054854	 -0.004690
  0.089910	  0.042591	 -0.041362	 -0.052204	 -0.008027	 -0.092547	  0.052833
  0.090956	  0.029540	 -0.056217	 -0.087839	 -0.003307	 -0.049564	  0.159420
  0.085983	  0.028052	 -0.025334	 -0.054896	 -0.027348	 -0.078198	  0.005890
  0.050760	  0.040975	 -0.037941	 -0.041403	 -0.047874	 -0.004047	  0.115518
  0.028048	  0.018327	 -0.053683	 -0.024583	 -0.093867	 -0.021405	  0.122519
 -0.008758	 -0.007425	 -0.043135	 -0.051349	 -0.119524	 -0.068316	  0.005827
 -0.015473	 -0.025638	 -0.042439	 -0.057272	 -0.132162	 -0.006897	  0.146718
  0.002803	 -0.038657	 -0.062014	 -0.043525	 -0.109388	 -0.059985	  0.052991
  0.008125	  0.005847	 -0.065023	  0.003639	 -0.128393	 -0.030464	 -0.007382
  0.003025	  0.031156	 -0.044973	  0.035948	 -0.101405	  0.019995	  0.130469
 -0.015410	  0.081520	 -0.015261	  0.048904	 -0.091364	 -0.009336	 -0.015522
 -0.043538	  0.122571	 -0.033950	  0.084412	 -0.127221	 -0.013074	 -0.001427
 -0.005781	  0.134544	 -0.057991	  0.093471	 -0.114329	  0.020977	  0.081847
  0.033592	  0.112625	 -0.016592	  0.082891	 -0.118827	 -0.022450	 -0.038075
  0.011451	  0.129603	 -0.051561	  0.114408	 -0.055349	  0.010429	  0.023090
 -0.020161	  0.123173	 -0.018904	  0.125906	 -0.061083	  0.010461	  0.074404
 -0.027130	  0.104896	 -0.002939	  0.163251	 -0.074038	  0.004601	 -0.064049
 -0.014777	  0.081235	  0.023858	  0.182035	 -0.099093	  0.004981	  0.068766
  0.003754	  0.069261	  0.007862	  0.148301	 -0.156774	 -0.027074	  0.063159
 -0.015378	  0.046423	  0.027817	  0.107978	 -0.152149	 -0.057641	 -0.026609
 -0.021745	  0.055229	  0.028482	  0.128535	 -0.118067	 -0.024699	  0.135030
 -0.039927	  0.018359	 -0.019727	  0.141015	 -0.139701	 -0.074302	  0.029678
 -0.071159	  0.023585	 -0.030877	  0.114028	 -0.118510	 -0.064135	 -0.019894
 -0.068783	  0.046328	 -0.048774	  0.129612	 -0.091554	 -0.025839	  0.072725
 -0.057538	  0.009141	 -0.039239	  0.109498	 -0.112523	 -0.051496	 -0.011943
 -0.030583	 -0.000488	 -0.052955	  0.112919	 -0.109197	 -0.072180	  0.016280
 -0.039388	 -0.061241	 -0.085327	  0.089353	 -0.076318	 -0.051750	  0.021854
 -0.017659	 -0.086201	 -0.053842	  0.100788	 -0.059087	 -0.013961	  0.011465
  0.011894	 -0.065739	 -0.058973	  0.082258	 -0.041381	  0.019805	  0.049222
 -0.015378	 -0.035046	 -0.051910	  0.089258	 -0.027412	  0.006026	  0.012700
 -0.025990	 -0.018004	 -0.057358	  0.061542	 -0.028932	  0.014452	 -0.011056
 -0.018166	 -0.052530	 -0.068476	  0.098095	 -0.050598	  0.027914	  0.001139
 -0.002106	 -0.061336	 -0.033063	  0.107851	 -0.085409	  0.007705	  0.021126
  0.018578	 -0.033937	 -0.068127	  0.136612	 -0.093455	 -0.009273	  0.061670
  0.010120	 -0.037706	 -0.075254	  0.126856	 -0.071029	 -0.022893	  0.057299
  0.012369	 -0.007013	 -0.086214	  0.127965	 -0.022597	 -0.033695	  0.047448
 -0.003373	 -0.024529	 -0.096952	  0.123341	 -0.049458	 -0.022038	 -0.003042
 -0.010089	 -0.011099	 -0.064865	  0.122327	 -0.014742	 -0.029007	 -0.034401
 -0.015568	 -0.036249	 -0.086372	  0.102340	 -0.037168	 -0.029197	  0.023977
  0.012654	 -0.033905	 -0.081241	  0.115897	 -0.045087	 -0.060429	  0.027619
  0.021745	 -0.014868	 -0.112853	  0.078235	 -0.019778	 -0.067302	  0.028665
  0.017406	 -0.017814	 -0.101513	  0.074497	 -0.043313	 -0.059605	  0.016565
  0.056335	 -0.017592	 -0.108988	  0.094674	 -0.061146	 -0.081746	 -0.011246
  0.079362	 -0.016199	 -0.101576	  0.068669	 -0.088197	 -0.085579	 -0.008839
  0.092286	 -0.054874	 -0.079214	  0.036423	 -0.108627	 -0.078103	 -0.002060
  0.112748	 -0.059499	 -0.083395	 -0.013814	 -0.096591	 -0.039079	  0.037375
  0.106730	 -0.077237	 -0.071136	 -0.016126	 -0.109197	 -0.050926	  0.051661
  0.092413	 -0.043788	 -0.024764	  0.004653	 -0.100804	 -0.051750	  0.059928
  0.103151	  0.002680	 -0.025809	  0.012635	 -0.130072	 -0.023717	  0.028823
  0.127477	  0.019974	 -0.019917	  0.038451	 -0.112492	 -0.029862	  0.009881
  0.160071	  0.022508	 -0.026918	  0.087452	 -0.115057	 -0.014436	  0.034588
  0.150505	  0.053614	 -0.032809	  0.093597	 -0.083667	  0.003239	  0.020461
  0.126685	  0.064827	  0.006341	  0.129232	 -0.115089	  0.038905	  0.021411
  0.115757	  0.069483	 -0.004460	  0.129105	 -0.119334	  0.020058	  0.007125
  0.084272	  0.078700	 -0.027551	  0.126191	 -0.114329	  0.003302	 -0.002852
  0.048036	  0.113638	 -0.053937	  0.115865	 -0.096971	 -0.014563	  0.005098
  0.030519	  0.116743	 -0.037307	  0.081719	 -0.117211	 -0.027201	 -0.023156
  0.033718	  0.098719	 -0.022135	  0.052831	 -0.094944	 -0.022893	 -0.013369
  0.029601	  0.084117	 -0.018555	  0.019826	 -0.090034	 -0.004585	  0.011433
  0.020953	  0.065745	 -0.033665	 -0.007510	 -0.082749	 -0.013454	 -0.003106
  0.009518	  0.095488	 -0.043357	 -0.019040	 -0.051643	  0.007325	 -0.020971
  0.002993	  0.103946	 -0.089793	  0.007757	 -0.053132	  0.008053	 -0.015142
  0.018578	  0.100556	 -0.060715	  0.047510	 -0.033969	 -0.022450	  0.008994
 -0.008378	  0.093683	 -0.054095	  0.051913	 -0.022154	 -0.011300	  0.007981
 -0.012876	  0.112340	 -0.058023	  0.071741	 -0.035552	  0.004284	  0.054448
 -0.046990	  0.148038	 -0.100563	  0.072438	 -0.051390	  0.001497	  0.079979
 -0.017881	  0.115634	 -0.085739	  0.067053	 -0.075051	  0.035801	  0.086187
 -0.001410	  0.074836	 -0.087227	  0.062936	 -0.066499	  0.018285	  0.110102
 -0.006129	  0.070687	 -0.078929	  0.097240	 -0.080468	  0.005361	  0.120966
  0.002645	  0.034513	 -0.062014	  0.088403	 -0.089274	 -0.015545	  0.100282
  0.000396	  0.046075	 -0.039271	  0.085774	 -0.107582	 -0.022418	  0.105636
  0.014206	  0.028020	 -0.014818	  0.110290	 -0.090699	  0.020248	  0.123595
  0.057697	  0.021432	 -0.034013	  0.084380	 -0.080025	 -0.002970	  0.129424
  0.036442	  0.044808	 -0.074241	  0.081086	 -0.089907	 -0.000119	  0.110070
  0.003500	  0.051238	 -0.053240	  0.069968	 -0.104224	  0.012583	  0.113143
  0.006319	  0.071922	 -0.038036	  0.072945	 -0.099093	  0.000261	  0.088563
  0.012559	  0.059315	 -0.023433	  0.064900	 -0.128013	 -0.025459	  0.069811
 -0.020731	  0.072112	 -0.009845	  0.058660	 -0.081260	 -0.005314	  0.063761
  0.029822	  0.075343	 -0.033348	  0.062144	 -0.041222	 -0.001196	  0.056412
  0.042714	  0.025613	 -0.000184	  0.079343	 -0.053449	  0.035959	  0.041208
  0.066851	  0.011137	 -0.023022	  0.043487	 -0.046227	  0.045019	  0.005288
  0.063335	  0.015540	 -0.044497	  0.037912	 -0.047209	  0.051164	  0.027873
  0.072426	  0.018707	 -0.057358	  0.021346	 -0.054336	  0.014927	  0.035792
  0.084589	 -0.006823	 -0.042122	 -0.006497	 -0.034919	 -0.019631	  0.044344
  0.092223	 -0.018163	 -0.029642	  0.008834	 -0.026968	 -0.024255	  0.041240
  0.056303	 -0.043344	 -0.032017	  0.021694	 -0.014932	 -0.005155	  0.031769
  0.039420	 -0.039765	 -0.052733	  0.041270	 -0.039417	 -0.035120	  0.032402
  0.042682	 -0.024213	 -0.036167	  0.040700	 -0.073278	 -0.041012	  0.027936
  0.021302	 -0.020823	 -0.066037	  0.043360	 -0.056458	 -0.025427	  0.051186
  0.035017	 -0.003465	 -0.064706	  0.065723	 -0.018131	 -0.028848	  0.007094
  0.017501	  0.001824	 -0.068096	  0.080579	  0.013734	 -0.038826	  0.011560
  0.011102	  0.013418	 -0.053113	  0.079787	  0.050478	 -0.026156	 -0.016029
  0.008283	  0.018961	 -0.070345	  0.049917	  0.036224	  0.003714	  0.035950
 -0.012654	  0.020418	 -0.085929	  0.041840	  0.027355	  0.015782	  0.043837
 -0.004640	  0.006481	 -0.070408	  0.068954	  0.021653	 -0.003635	  0.044027
 -0.003627	  0.016047	 -0.045163	  0.086977	 -0.013000	 -0.002336	  0.068132
  0.024311	  0.000716	 -0.041995	  0.107376	 -0.023896	  0.000166	  0.059833
 -0.019369	  0.030237	 -0.020551	  0.092964	 -0.009959	  0.047553	  0.031610
 -0.036031	  0.032391	  0.007703	  0.041935	  0.012246	  0.063200	  0.037724
  0.010469	  0.038346	  0.019550	 -0.002537	 -0.002135	  0.039095	  0.017958
  0.027985	  0.050224	  0.046506	 -0.007447	  0.010155	  0.038050	 -0.006337
  0.028048	  0.088456	  0.018726	 -0.011691	  0.015477	  0.046571	 -0.039691
  0.016582	  0.059125	 -0.012315	  0.009816	  0.038663	  0.037068	 -0.059044
  0.031089	  0.065048	 -0.018714	  0.018432	  0.050066	  0.051512	 -0.051917
  0.066312	  0.077402	 -0.005917	  0.027079	  0.037016	  0.043023	 -0.016124
  0.061339	  0.085036	  0.002604	  0.010228	  0.027988	  0.032855	 -0.055750
  0.075973	  0.068849	  0.008559	  0.002816	  0.003313	  0.025221	 -0.045867
  0.093395	  0.054627	 -0.003288	  0.009531	 -0.000963	  0.030353	 -0.023695
  0.083670	  0.015477	 -0.028406	  0.011843	  0.011802	  0.042485	 -0.006717
  0.027827	  0.040278	 -0.020519	  0.057361	  0.022540	  0.041218	  0.017800
  0.027637	  0.009237	 -0.025302	  0.048840	 -0.023737	  0.027882	  0.019289
  0.038026	 -0.026715	  0.008590	  0.027143	 -0.017846	  0.020534	  0.030660
  0.018419	 -0.032036	  0.031143	  0.011083	 -0.040557	  0.020977	  0.037470
  0.016360	 -0.028014	  0.017016	  0.020237	 -0.074260	  0.032760	  0.041968
  0.016424	 -0.001406	  0.019360	  0.044057	 -0.075907	 -0.006105	 -0.003486
  0.008980	 -0.003655	 -0.042502	  0.079977	 -0.076952	 -0.026124	  0.004971
  0.019940	 -0.003940	 -0.050833	  0.060402	 -0.089147	 -0.036735	  0.022330
  0.049271	  0.004073	 -0.029959	  0.079534	 -0.084712	 -0.015165	  0.010166
  0.047022	 -0.005746	 -0.014976	  0.103322	 -0.081988	 -0.013106	  0.029330
