:RUN-7	LEVEL SWEEP	TEMP:NaN	8/27/2019	12:17 PM	HR:-471.44:SW EAR: R	SW FREQ: 45.20	# AVERAGES: 512	REP RATE (/sec): 80	DRIVER: 	SAMPLE (µsec): 40	MASKER dB: 2147483647:NOTES-:CHAMBER-SEWELL-PXI1:CFTS Version: V2.7.2 (R850):LEVELS:20;30;40;50;60;70;80;:DATA  0.008727	 -0.063015	  0.028313	 -0.012581	 -0.002010	  0.030923	  0.052846
 -0.003310	 -0.052942	  0.036675	 -0.011821	  0.015222	  0.004379	  0.042519
 -0.004799	 -0.063458	  0.049060	 -0.028863	 -0.010087	 -0.012726	  0.020822
  0.003975	 -0.008692	  0.032272	 -0.039854	  0.004104	 -0.031224	  0.034189
 -0.019560	  0.032550	  0.024860	 -0.035958	  0.002266	 -0.041613	  0.011763
  0.007238	  0.041007	  0.019127	 -0.023414	 -0.002707	 -0.051655	  0.003305
  0.001885	  0.002078	  0.017955	 -0.009256	 -0.010562	 -0.047885	  0.005016
 -0.012401	 -0.014805	  0.017353	  0.010478	 -0.016454	 -0.084027	 -0.014750
 -0.009202	 -0.020760	  0.015991	 -0.004979	  0.022824	 -0.066637	 -0.029890
  0.014333	 -0.000615	 -0.010426	 -0.041533	 -0.006096	 -0.034391	 -0.016999
 -0.002930	  0.005214	 -0.039377	 -0.043402	  0.013036	 -0.035785	 -0.023239
 -0.010912	  0.041799	 -0.032472	  0.001863	  0.009267	  0.003904	 -0.018677
  0.003373	  0.031758	  0.006995	  0.019252	  0.000017	  0.005393	 -0.006387
 -0.004577	 -0.004859	  0.018557	  0.005252	  0.001538	  0.030321	 -0.032424
 -0.016487	  0.017630	 -0.011091	  0.014343	  0.009678	  0.024841	 -0.028750
 -0.010247	 -0.006569	 -0.048911	  0.043896	  0.023235	  0.037638	 -0.013546
  0.036126	 -0.016009	 -0.023349	  0.045448	  0.020068	  0.055313	 -0.000844
  0.018483	  0.021970	 -0.025440	  0.044814	 -0.013856	  0.082966	  0.023292
 -0.000618	  0.028844	 -0.032345	  0.041045	 -0.028680	  0.073970	 -0.004265
  0.000903	  0.028875	 -0.043748	  0.025271	 -0.030803	  0.056295	 -0.003980
  0.051235	  0.004263	 -0.043147	 -0.022623	 -0.015789	  0.044828	 -0.006482
  0.030297	  0.015698	 -0.050337	 -0.053379	 -0.032893	  0.022973	  0.029881
  0.009804	 -0.002357	 -0.037983	 -0.033487	 -0.031816	  0.038842	  0.086231
 -0.007935	 -0.028425	 -0.037033	 -0.019170	 -0.033875	  0.060951	  0.072801
  0.005274	 -0.089432	 -0.071686	  0.005125	 -0.064252	  0.010714	  0.072262
 -0.004545	 -0.076794	 -0.123253	 -0.002097	 -0.065075	 -0.010318	  0.106947
  0.002043	 -0.042901	 -0.107574	 -0.033107	 -0.042142	 -0.016653	  0.072231
 -0.007523	 -0.056933	 -0.082424	 -0.017016	 -0.073279	 -0.056881	  0.063710
 -0.033307	 -0.068621	 -0.056260	 -0.000101	 -0.049269	 -0.049501	  0.074100
 -0.036189	 -0.062540	 -0.083818	  0.022198	 -0.039355	 -0.014436	  0.050153
 -0.012179	 -0.091998	 -0.075424	 -0.016414	  0.013289	  0.026964	  0.102417
  0.000808	 -0.063870	 -0.048088	 -0.009382	  0.068721	  0.047236	  0.130070
  0.001315	 -0.062191	 -0.058066	  0.010732	  0.082595	  0.077106	  0.114201
 -0.001251	 -0.035077	 -0.051224	  0.024415	  0.095392	  0.098962	  0.159655
 -0.014586	  0.007368	 -0.011313	  0.041615	  0.084907	  0.090409	  0.173497
 -0.032800	  0.000748	  0.039779	  0.069616	  0.067613	  0.085151	  0.186832
 -0.018799	 -0.005999	 -0.006942	  0.085802	  0.074138	  0.104188	  0.164944
  0.032198	 -0.005873	  0.036454	  0.042122	  0.082848	  0.120849	  0.141441
  0.033402	 -0.018099	  0.020648	  0.000342	  0.091337	  0.121736	  0.110336
  0.023899	 -0.016737	  0.023055	 -0.031080	  0.097767	  0.101527	  0.067606
  0.062511	  0.017377	  0.002624	 -0.022939	  0.102645	  0.065417	  0.008057
  0.046008	  0.002110	  0.004050	 -0.019518	  0.085002	  0.057435	 -0.072652
  0.066027	 -0.028267	  0.016530	 -0.024935	  0.068943	  0.020914	 -0.135401
  0.054086	 -0.057788	  0.031354	 -0.030130	  0.064793	  0.013026	 -0.154279
  0.079331	 -0.108722	  0.040445	  0.003921	  0.080124	 -0.033726	 -0.177434
  0.100363	 -0.091839	  0.028661	  0.015008	  0.033403	 -0.089602	 -0.195521
  0.122378	 -0.064219	  0.035820	 -0.014514	 -0.030233	 -0.092009	 -0.227924
  0.110056	 -0.100297	  0.060875	 -0.014038	 -0.071474	 -0.088841	 -0.235812
  0.122916	 -0.094722	  0.051531	 -0.018885	 -0.099348	 -0.097362	 -0.205625
  0.107173	 -0.009579	  0.053622	 -0.017206	 -0.105461	 -0.065782	 -0.160361
  0.095454	  0.005467	  0.012000	 -0.019075	 -0.068148	 -0.076836	 -0.093368
  0.076765	  0.015635	 -0.003584	  0.048837	 -0.088230	 -0.088461	 -0.010252
  0.051393	  0.039201	  0.005982	  0.059417	 -0.093045	 -0.035152	  0.042298
  0.017121	  0.009553	 -0.004439	  0.083585	 -0.071537	  0.026710	  0.084014
  0.011546	  0.036509	 -0.005263	  0.058973	 -0.034160	  0.057245	  0.103019
 -0.006414	  0.029857	  0.002973	  0.045511	  0.029761	  0.119804	  0.143849
 -0.000839	  0.057288	 -0.007132	 -0.006151	  0.025928	  0.147140	  0.200674
  0.028619	  0.053170	 -0.031142	  0.003003	  0.029475	  0.162186	  0.233236
  0.043633	  0.052093	 -0.038522	 -0.024365	  0.007398	  0.156737	  0.241504
  0.057221	  0.022033	 -0.004661	 -0.041754	  0.023235	  0.155977	  0.225919
  0.004926	 -0.011923	 -0.020974	 -0.080145	  0.014145	  0.109826	  0.193230
 -0.020827	  0.004422	 -0.008969	 -0.081665	  0.008696	  0.077486	  0.150817
  0.009645	  0.009933	 -0.014544	 -0.077389	 -0.022694	  0.079735	  0.128518
 -0.022284	  0.009268	 -0.002254	 -0.083249	  0.017122	  0.059653	  0.143025
 -0.019243	  0.024694	  0.009656	 -0.072543	  0.034639	  0.033045	  0.121264
 -0.003880	  0.020956	  0.005475	 -0.015464	  0.020511	  0.027122	  0.047017
 -0.001441	  0.003440	 -0.002380	 -0.005708	  0.016869	  0.023669	  0.011763
 -0.014080	 -0.017244	 -0.013910	 -0.003364	  0.017502	  0.011918	 -0.014813
 -0.003563	 -0.050915	 -0.030698	  0.014818	  0.000239	 -0.011522	 -0.062769
 -0.025103	 -0.072232	 -0.060631	  0.014818	 -0.021902	 -0.024604	 -0.117061
 -0.034415	 -0.049648	 -0.027594	  0.042312	 -0.001408	 -0.022165	 -0.155800
 -0.023677	 -0.071947	  0.003860	  0.031891	 -0.008915	 -0.057641	 -0.145664
 -0.011039	 -0.078948	  0.028725	  0.014596	 -0.020413	 -0.035183	 -0.148229
 -0.014333	 -0.076002	  0.003511	 -0.001432	 -0.012241	 -0.042089	 -0.128464
  0.023329	 -0.095102	 -0.012643	  0.012442	 -0.038183	 -0.054315	 -0.094476
  0.004070	 -0.082464	 -0.021829	  0.037909	 -0.036821	 -0.051401	 -0.094223
  0.007713	 -0.105396	 -0.003552	  0.052290	 -0.049174	 -0.022830	 -0.108730
  0.039388	 -0.099441	  0.001389	  0.042724	 -0.046989	 -0.004585	 -0.045570
  0.046927	 -0.062888	  0.005887	  0.065910	 -0.048066	  0.005805	 -0.036289
  0.080059	 -0.054241	  0.007851	  0.043040	 -0.063302	  0.027502	 -0.001984
  0.091748	 -0.015724	  0.019032	  0.067589	 -0.026368	  0.031842	  0.013758
  0.070525	 -0.048413	  0.055997	  0.039334	 -0.002358	  0.011791	  0.012079
  0.089942	 -0.079328	  0.043105	  0.055932	 -0.006128	  0.036181	  0.028709
  0.087408	 -0.063363	  0.027616	  0.116654	 -0.027128	  0.052114	  0.043026
  0.059882	 -0.080215	  0.004620	  0.102558	 -0.026336	  0.078563	  0.051737
  0.034479	 -0.071852	  0.008928	  0.094798	  0.024566	  0.097568	  0.100358
  0.001283	 -0.064662	  0.033666	  0.076109	  0.027955	  0.114958	  0.128550
 -0.030678	 -0.055951	  0.027331	  0.052765	  0.038566	  0.115876	  0.175999
 -0.004609	 -0.068811	  0.026888	  0.025049	  0.035525	  0.096396	  0.195226
 -0.009740	 -0.030548	  0.059862	  0.001831	  0.027258	  0.092912	  0.162600
 -0.022442	 -0.044833	  0.081749	 -0.015496	  0.052092	  0.110967	  0.148853
 -0.006097	 -0.014963	  0.067274	 -0.017713	  0.047119	  0.102478	  0.109069
  0.005432	  0.003978	  0.065025	 -0.033139	  0.050761	  0.106310	  0.053732
 -0.019464	  0.014400	  0.060685	  0.004555	  0.075151	  0.102414	  0.053764
  0.006794	  0.007083	  0.047572	  0.037909	  0.110944	  0.122401	  0.010907
  0.022410	  0.010282	  0.027584	  0.063946	  0.118515	  0.112930	  0.032098
  0.040750	 -0.025163	  0.038037	  0.066543	  0.097767	  0.097948	  0.056932
  0.030329	  0.008350	  0.019190	  0.056597	  0.089469	  0.032665	  0.051959
  0.031596	  0.010599	  0.021439	  0.059227	  0.066155	 -0.001798	  0.059149
  0.049619	  0.017821	  0.013774	  0.059797	  0.069735	 -0.013803	  0.043280
  0.051457	  0.023459	 -0.028861	  0.062172	  0.049716	  0.015560	  0.055443
  0.026877	  0.007178	 -0.076849	  0.063946	  0.054689	  0.014547	  0.074955
  0.014618	 -0.013000	 -0.056197	  0.071421	  0.107017	  0.053729	  0.081702
 -0.001695	 -0.023611	 -0.058984	  0.046145	  0.141194	  0.112012	  0.138527
  0.036823	 -0.017592	 -0.046726	  0.005093	  0.158046	  0.106722	  0.181226
  0.035429	 -0.004321	 -0.002159	  0.003858	  0.167992	  0.110175	  0.172103
  0.033813	 -0.015248	 -0.032535	  0.023275	  0.143982	  0.110460	  0.174162
  0.012179	 -0.044263	 -0.022843	 -0.032790	  0.111831	  0.112455	  0.165610
  0.002075	 -0.050820	  0.003004	 -0.032790	  0.126592	  0.087305	  0.162854
 -0.005781	 -0.016706	 -0.022241	 -0.046886	  0.120225	  0.084739	  0.150469
 -0.001029	  0.001444	 -0.021576	 -0.028039	  0.114619	  0.131270	  0.129183
 -0.008061	 -0.000456	  0.001674	 -0.020184	  0.098749	  0.105043	  0.124242
 -0.018863	  0.021146	  0.024068	 -0.019613	  0.055924	  0.111948	  0.140903
  0.000143	  0.009553	  0.041870	  0.003890	  0.064002	  0.125379	  0.111540
  0.013003	 -0.010307	  0.012159	  0.003858	  0.046327	  0.124365	  0.114011
  0.032578	 -0.012398	  0.011208	  0.000057	  0.022919	  0.108623	  0.092630
  0.022284	 -0.024751	  0.004113	  0.021881	 -0.002833	  0.072829	  0.088607
 -0.016740	 -0.016135	  0.044467	 -0.007070	 -0.030898	  0.071182	  0.062031
 -0.055986	 -0.005778	  0.062301	  0.007532	 -0.029662	  0.067793	  0.057692
 -0.081516	  0.024441	  0.048490	  0.049946	 -0.039038	  0.014737	  0.037230
 -0.047941	  0.011295	 -0.005896	  0.091472	 -0.004702	 -0.013264	 -0.016365
 -0.038311	 -0.029502	 -0.017901	  0.103224	 -0.025228	 -0.024255	 -0.040502
 -0.009962	 -0.033082	  0.006299	  0.093309	 -0.016739	 -0.060460	 -0.088680
 -0.012496	 -0.045847	 -0.001303	  0.109273	 -0.002422	 -0.081651	 -0.135179
  0.020763	 -0.054082	 -0.003046	  0.102970	  0.005339	 -0.085294	 -0.144903
  0.007365	  0.001286	  0.024480	  0.083458	 -0.005621	 -0.070311	 -0.151365
 -0.008822	 -0.008090	  0.049250	  0.082476	  0.026466	 -0.113010	 -0.175153
  0.005971	 -0.006126	  0.073292	  0.054222	  0.029856	 -0.089316	 -0.169705
  0.034574	  0.003915	  0.062586	  0.045701	  0.025104	 -0.066732	 -0.159696
  0.067896	 -0.003149	  0.050169	  0.038859	  0.030172	 -0.064831	 -0.159791
  0.061688	 -0.009990	  0.038259	  0.021596	  0.062893	 -0.094194	 -0.177624
  0.043284	 -0.037295	  0.039368	  0.028216	  0.082025	 -0.129101	 -0.193303
  0.002518	  0.001381	  0.064993	  0.001261	  0.067011	 -0.143545	 -0.204738
 -0.033623	  0.034767	  0.053717	 -0.016921	  0.000841	 -0.162740	 -0.189091
 -0.050380	  0.042591	  0.073450	  0.014754	 -0.022314	 -0.184754	 -0.179746
  0.001600	  0.005055	  0.112094	  0.009116	 -0.018006	 -0.195714	 -0.207494
  0.017691	  0.014146	  0.108198	 -0.003396	 -0.052469	 -0.208416	 -0.220544
  0.015727	  0.018612	  0.086786	 -0.025473	 -0.051487	 -0.176455	 -0.231124
  0.022030	  0.043192	  0.080862	 -0.015844	 -0.070619	 -0.149848	 -0.205150
  0.025609	  0.058713	  0.046558	 -0.020722	 -0.027635	 -0.148803	 -0.172081
  0.002011	  0.012404	  0.039399	 -0.021039	 -0.013286	 -0.169265	 -0.131917
 -0.005021	 -0.048032	  0.019856	 -0.010998	  0.049304	 -0.189157	 -0.107146
  0.003468	 -0.055476	  0.000787	 -0.037763	  0.040910	 -0.180003	 -0.119848
 -0.006193	 -0.089876	  0.021281	 -0.066778	  0.000778	 -0.182664	 -0.146012
 -0.022727	 -0.102672	  0.025621	 -0.037478	 -0.013001	 -0.144748	 -0.161596
 -0.005717	 -0.075400	  0.038988	 -0.022844	 -0.033368	 -0.116114	 -0.154754
  0.003975	 -0.043788	  0.069301	 -0.009382	 -0.059596	 -0.133377	 -0.165461
  0.000428	 -0.050345	  0.074907	  0.014469	 -0.090226	 -0.138413	 -0.188742
 -0.016804	 -0.030674	  0.055712	 -0.010776	 -0.093805	 -0.162645	 -0.197294
 -0.045565	  0.005372	  0.026317	 -0.006943	 -0.096846	 -0.197646	 -0.210946
 -0.039040	 -0.018068	  0.006045	 -0.004504	 -0.081927	 -0.216334	 -0.215064
  0.020953	 -0.011733	 -0.004788	 -0.021957	 -0.067324	 -0.237937	 -0.196091
  0.026528	 -0.037738	  0.008833	 -0.021641	 -0.034635	 -0.244050	 -0.216490
  0.028492	 -0.074228	  0.041458	 -0.017713	 -0.068306	 -0.240344	 -0.262165
 -0.000048	 -0.082559	  0.024829	 -0.040266	 -0.072139	 -0.217158	 -0.281424
 -0.011704	 -0.083445	  0.053875	 -0.033741	 -0.067451	 -0.225615	 -0.282913
 -0.016994	 -0.082685	  0.050169	 -0.057814	 -0.042649	 -0.239584	 -0.319434
 -0.023424	 -0.077807	  0.055490	 -0.016509	 -0.060863	 -0.229923	 -0.346073
 -0.024628	 -0.061558	  0.074432	 -0.048818	 -0.076098	 -0.205945	 -0.390450
  0.010342	 -0.068051	  0.090618	 -0.019360	 -0.088864	 -0.185324	 -0.369291
  0.023772	 -0.070807	  0.059260	  0.019917	 -0.084524	 -0.165559	 -0.359852
  0.062955	 -0.066404	  0.028630	  0.042882	 -0.077175	 -0.136133	 -0.366504
  0.033212	 -0.038371	  0.004905	  0.028628	 -0.061211	 -0.156627	 -0.358522
  0.069702	  0.004168	 -0.006593	  0.028628	 -0.074641	 -0.148518	 -0.398274
  0.069638	 -0.023389	  0.009688	  0.090078	 -0.073343	 -0.113168	 -0.367676
  0.047719	  0.008065	  0.010416	  0.111617	 -0.023232	 -0.111901	 -0.291560
  0.046103	  0.041925	  0.023023	  0.089952	  0.013258	 -0.082886	 -0.228463
  0.018609	  0.089787	  0.041522	  0.058403	 -0.022789	 -0.092421	 -0.216268
 -0.003152	  0.080221	  0.030847	  0.030497	 -0.038595	 -0.105566	 -0.204421
 -0.010754	  0.048039	  0.014851	  0.005664	 -0.044075	 -0.123748	 -0.206164
 -0.004767	  0.041989	  0.034616	 -0.016319	 -0.043188	 -0.118014	 -0.173348
 -0.044773	  0.059093	  0.025209	 -0.016319	 -0.031278	 -0.133757	 -0.132645
 -0.053959	  0.064352	  0.018240	 -0.050465	 -0.040147	 -0.137019	 -0.132613
 -0.032483	  0.017504	  0.032399	 -0.043623	 -0.078411	 -0.156975	 -0.135939
 -0.035334	 -0.003117	 -0.019390	 -0.036338	 -0.080913	 -0.128911	 -0.127767
 -0.021333	 -0.029946	 -0.022969	 -0.030700	 -0.058930	 -0.085484	 -0.094381
  0.001029	 -0.046892	  0.018937	 -0.036116	 -0.046830	 -0.124634	 -0.084309
  0.035904	 -0.040177	  0.000755	 -0.025157	 -0.052120	 -0.125838	 -0.118328
  0.044298	 -0.053734	  0.004937	 -0.015844	 -0.045152	 -0.130273	 -0.149211
  0.030551	 -0.072106	  0.021978	 -0.017206	 -0.018703	 -0.118299	 -0.143922
  0.022347	 -0.042584	  0.043676	 -0.051004	  0.028905	 -0.100530	 -0.096915
  0.045692	 -0.023928	  0.051373	 -0.054044	  0.024629	 -0.055899	 -0.047850
  0.024596	 -0.036534	  0.071011	 -0.057497	  0.010945	 -0.042057	  0.008152
  0.010659	 -0.033937	  0.076554	 -0.058162	 -0.017214	 -0.027866	 -0.034610
  0.005812	 -0.010085	  0.091917	 -0.002984	 -0.068211	 -0.021405	 -0.022225
 -0.006193	 -0.051707	  0.117732	  0.004397	 -0.095294	 -0.074334	 -0.008034
 -0.001156	 -0.072803	  0.117162	  0.001007	 -0.139607	 -0.071863	 -0.052633
  0.005496	 -0.067228	  0.111714	  0.030212	 -0.155540	 -0.041455	 -0.053172
 -0.006034	 -0.058992	  0.104429	  0.022958	 -0.141761	 -0.062202	 -0.085512
  0.002233	 -0.061146	  0.101705	  0.039081	 -0.122693	 -0.073986	 -0.102332
  0.013256	 -0.029819	  0.077536	  0.019981	 -0.138372	 -0.056374	 -0.080032
  0.015062	 -0.036693	  0.038259	  0.001387	 -0.144675	 -0.068252	 -0.090295
  0.024976	  0.003440	  0.046210	  0.031827	 -0.119272	 -0.091027	 -0.052475
  0.002518	 -0.001216	  0.026951	  0.052163	 -0.087882	 -0.057419	 -0.059824
  0.025134	 -0.027507	 -0.005168	  0.013741	 -0.073533	 -0.040346	 -0.048547
 -0.008315	 -0.053481	 -0.023001	 -0.065162	 -0.093266	 -0.036704	 -0.039646
 -0.014016	 -0.073183	  0.001927	 -0.102666	 -0.082718	 -0.043356	 -0.041959
  0.030487	 -0.061494	 -0.011249	 -0.111218	 -0.043188	 -0.043989	 -0.031189
  0.038596	 -0.049648	 -0.037255	 -0.072099	 -0.017151	 -0.037971	  0.015374
  0.054719	 -0.071250	 -0.019929	 -0.044637	  0.021525	 -0.036102	  0.046162
  0.064348	 -0.066087	 -0.002982	 -0.031207	  0.028810	  0.008624	  0.078059
  0.013731	 -0.066436	 -0.026612	 -0.021292	  0.037426	  0.037226	  0.096843
 -0.021302	 -0.025004	 -0.035988	  0.032461	  0.047720	  0.047584	  0.120757
 -0.002645	 -0.024023	 -0.022906	  0.061032	  0.077337	  0.050213	  0.123862
 -0.005496	 -0.009895	 -0.031205	  0.065118	  0.088867	  0.042643	  0.133808
 -0.006478	 -0.000266	 -0.061392	  0.039588	  0.095899	  0.045177	  0.161524
 -0.032610	 -0.055476	 -0.032757	  0.016560	  0.124311	  0.054489	  0.187402
 -0.024944	 -0.059309	 -0.019897	  0.037497	  0.143570	  0.105392	  0.207706
 -0.025198	 -0.038910	 -0.003806	  0.008451	  0.152946	  0.121926	  0.208688
 -0.011039	 -0.056141	  0.036137	  0.013899	  0.135683	  0.123827	  0.197285
 -0.026972	 -0.069857	  0.045101	  0.026696	  0.136791	  0.142008	  0.195828
 -0.005116	 -0.080151	  0.052069	  0.004080	  0.100587	  0.161679	  0.197887
 -0.012211	 -0.068083	  0.100374	 -0.008464	  0.106478	  0.196427	  0.190982
 -0.042147	  0.062837	 -0.044147	  0.024780	 -0.003426	 -0.043701	 -0.032998
 -0.059062	  0.052828	 -0.063786	  0.016291	 -0.009191	 -0.018614	 -0.008798
 -0.087791	  0.037751	 -0.087004	 -0.005565	  0.004398	 -0.024886	  0.026330
 -0.097199	 -0.030066	 -0.082253	 -0.003887	  0.027838	 -0.013736	  0.015370
 -0.075311	 -0.062185	 -0.015481	  0.022119	  0.012317	 -0.031664	  0.035896
 -0.058207	 -0.022813	 -0.003666	  0.030671	  0.009118	 -0.075028	  0.062662
 -0.022382	 -0.048184	 -0.023844	  0.008277	  0.008864	 -0.093621	  0.088129
 -0.036921	 -0.058099	 -0.017667	 -0.001764	 -0.005390	 -0.107970	  0.101939
 -0.053043	 -0.035736	  0.015814	  0.008245	  0.019444	 -0.117821	  0.049041
 -0.029952	 -0.029274	  0.018601	  0.001086	  0.026381	 -0.073096	 -0.032966
  0.014108	 -0.031365	  0.019488	  0.011571	  0.015294	 -0.014116	 -0.070755
  0.067133	  0.005410	  0.024493	  0.009069	  0.007471	  0.034379	 -0.016020
  0.074830	  0.014818	  0.025253	 -0.019914	  0.020331	  0.062411	  0.048915
  0.076699	  0.005569	  0.039475	 -0.025869	  0.003670	  0.061620	  0.032443
  0.062191	  0.005505	  0.005456	 -0.025584	 -0.017711	  0.020663	 -0.115797
  0.044865	  0.009180	  0.018190	 -0.047852	 -0.042608	  0.039288	 -0.151844
  0.051707	  0.011143	  0.028927	 -0.007973	 -0.036780	  0.075778	 -0.078072
  0.050281	  0.025999	  0.040711	 -0.005502	 -0.019390	  0.105458	  0.032982
  0.067101	  0.040728	  0.077771	  0.006250	 -0.006213	  0.115468	  0.049643
  0.053100	  0.045955	  0.023669	  0.005553	 -0.014417	  0.099186	 -0.036102
  0.040779	  0.047507	 -0.025206	 -0.021371	 -0.000036	  0.081322	 -0.105312
  0.032638	  0.034045	 -0.052351	 -0.025838	 -0.034626	  0.084172	 -0.029545
  0.024941	  0.034995	 -0.075031	 -0.050988	 -0.013657	  0.092376	  0.088445
  0.056363	  0.035280	 -0.085167	 -0.037431	  0.021154	  0.050185	  0.131270
  0.033082	  0.063851	 -0.092896	 -0.044304	  0.023340	  0.001532	  0.023353
 -0.066886	  0.062426	 -0.110190	 -0.068631	 -0.008906	 -0.008098	 -0.049406
 -0.066189	  0.028533	 -0.119661	 -0.078102	 -0.042481	  0.013061	  0.014579
 -0.055039	  0.035850	 -0.099263	 -0.055042	  0.017733	  0.056773	  0.160063
 -0.059980	  0.019854	 -0.106675	 -0.046553	  0.027996	  0.068968	  0.186290
 -0.074963	  0.032778	 -0.084819	 -0.041739	 -0.000860	  0.064755	  0.079925
 -0.077687	  0.055837	 -0.065528	 -0.034295	 -0.021132	  0.007455	 -0.031382
 -0.067107	  0.043040	 -0.021088	 -0.036575	 -0.027024	  0.010686	 -0.018934
 -0.029477	  0.048964	  0.017714	 -0.001891	 -0.029114	  0.027885	  0.060856
 -0.070180	  0.044973	  0.047109	 -0.030906	 -0.004598	  0.072991	  0.130320
 -0.076103	  0.046176	  0.021072	 -0.050956	 -0.021544	  0.047017	  0.070676
 -0.046107	  0.043927	  0.028326	 -0.027010	 -0.035354	  0.018003	 -0.013486
 -0.071510	  0.034900	  0.034946	 -0.031349	 -0.017870	  0.012016	 -0.064641
 -0.074868	  0.020456	  0.008022	  0.009354	 -0.024870	  0.028424	  0.032982
 -0.082406	  0.020139	 -0.022735	  0.018951	 -0.010363	  0.051293	  0.147393
 -0.043953	  0.000469	 -0.018681	  0.040617	 -0.024268	  0.085820	  0.105423
 -0.022192	  0.010193	 -0.021943	 -0.014466	 -0.056640	  0.034125	 -0.025459
 -0.010757	  0.024130	 -0.008481	 -0.045571	 -0.030381	  0.043628	 -0.117698
  0.015660	  0.051910	 -0.040853	 -0.060744	  0.002973	  0.050692	 -0.025237
  0.009547	  0.067494	 -0.035088	 -0.066382	  0.019539	  0.083476	  0.086513
 -0.011264	  0.080101	 -0.020423	 -0.030177	  0.003955	  0.050913	  0.090156
 -0.003282	  0.077218	  0.019932	 -0.043797	  0.009941	  0.026080	  0.011759
  0.023991	  0.077535	 -0.002558	 -0.042467	 -0.007132	  0.024813	 -0.085009
  0.025733	  0.039113	 -0.024065	 -0.078038	 -0.037477	  0.026397	 -0.034740
  0.038783	  0.018080	  0.005678	 -0.096125	 -0.009349	  0.035234	  0.074128
  0.041032	  0.008071	  0.019995	 -0.099768	 -0.049101	  0.019428	  0.112170
 -0.016047	  0.034900	  0.080558	 -0.071798	 -0.100922	 -0.017030	  0.046824
 -0.021495	  0.046778	  0.096839	 -0.049942	 -0.084514	 -0.036764	 -0.052953
  0.018004	  0.056027	  0.081635	 -0.058305	 -0.064116	 -0.030651	  0.004411
  0.059436	  0.058941	  0.072734	 -0.031096	 -0.070799	 -0.004518	  0.121071
  0.060132	  0.078485	  0.085531	 -0.039236	 -0.047233	  0.013283	  0.125632
  0.035331	  0.087481	  0.082554	 -0.062771	 -0.033169	  0.002735	  0.032982
  0.031846	  0.042565	  0.077898	 -0.041010	 -0.009697	 -0.053108	 -0.057229
  0.040462	  0.083046	  0.006565	 -0.034073	  0.003099	 -0.010505	 -0.019662
  0.049901	  0.078232	 -0.042247	 -0.025141	 -0.007765	  0.041442	  0.101876
  0.049109	  0.068634	  0.007642	 -0.023652	  0.024227	  0.050311	  0.119614
  0.061241	  0.080734	  0.031873	 -0.020168	 -0.006213	  0.049203	  0.080970
  0.040874	  0.080101	 -0.003255	 -0.028910	 -0.003362	  0.002292	  0.003777
  0.005461	  0.106518	 -0.002684	 -0.048010	 -0.039694	 -0.001794	 -0.059827
  0.005144	  0.124224	  0.001497	 -0.042340	 -0.059998	  0.022406	  0.030194
  0.003117	  0.144338	  0.015814	 -0.024856	 -0.055658	  0.100454	  0.094717
  0.004796	  0.123179	  0.015624	 -0.048105	 -0.037413	  0.096114	  0.071911
  0.016104	  0.159891	  0.042548	 -0.005154	 -0.048215	  0.028170	 -0.030495
  0.014045	  0.141677	  0.059336	 -0.013199	 -0.058224	  0.035741	 -0.052636
  0.017973	  0.100468	  0.072829	 -0.012185	 -0.063007	  0.048981	  0.005773
 -0.000146	  0.088399	  0.086101	 -0.023209	 -0.045744	  0.052687	  0.143117
 -0.013196	  0.077028	  0.098170	 -0.045064	 -0.035956	  0.049361	  0.170453
 -0.021907	  0.086151	  0.095034	 -0.094193	 -0.055310	  0.047904	  0.093545
 -0.029477	  0.082761	  0.087780	 -0.053332	 -0.040898	  0.032288	 -0.073289
  0.031973	  0.057706	  0.054141	 -0.064481	 -0.052301	  0.072643	 -0.059922
  0.060829	  0.071485	  0.054078	 -0.064862	 -0.025788	  0.113377	  0.072639
  0.071282	  0.079625	  0.042358	 -0.053268	 -0.025187	  0.122183	  0.101844
  0.073721	  0.089381	  0.027185	 -0.071323	 -0.067568	  0.077204	  0.055535
  0.038625	  0.090712	  0.023574	 -0.051495	 -0.096361	  0.014677	 -0.020676
  0.072327	  0.118333	  0.037955	 -0.035594	 -0.077102	 -0.009080	  0.011854
  0.108627	  0.148773	  0.075015	 -0.027295	 -0.075867	  0.002418	  0.098867
  0.108722	  0.127487	  0.112867	  0.010114	 -0.061867	  0.016007	  0.135008
  0.101374	  0.057611	  0.104093	 -0.011299	 -0.082899	  0.020473	  0.035579
  0.066753	  0.036072	  0.080812	  0.000295	 -0.071528	 -0.009745	 -0.101733
  0.025638	  0.055330	  0.080717	 -0.008416	 -0.053948	  0.007645	 -0.103190
  0.023452	  0.085295	  0.072418	 -0.006104	 -0.039345	  0.033714	  0.013597
  0.028457	  0.078200	  0.052652	 -0.050861	 -0.038617	  0.063615	  0.106817
  0.059119	  0.104332	  0.070676	 -0.076138	 -0.068740	  0.067511	  0.071404
  0.076382	  0.104744	  0.085690	 -0.095872	 -0.077514	  0.028772	 -0.047252
  0.052150	  0.088019	  0.086133	 -0.075378	 -0.052491	 -0.009143	 -0.057609
  0.057345	  0.090807	  0.111378	 -0.086369	 -0.043907	 -0.017695	  0.027280
  0.073531	  0.105916	  0.109319	 -0.062771	 -0.027689	  0.022406	  0.148090
  0.092726	  0.115577	  0.096428	 -0.025457	 -0.027847	 -0.007369	  0.168236
  0.089876	  0.090300	  0.083789	 -0.013262	 -0.050875	 -0.031157	  0.037575
  0.044326	  0.109273	  0.053919	  0.011444	 -0.042830	 -0.070403	 -0.017572
 -0.005055	  0.142184	  0.056707	 -0.015955	 -0.050495	 -0.030524	  0.009827
  0.008153	  0.139935	  0.069155	  0.004254	 -0.052744	 -0.007053	  0.110967
  0.022565	  0.114690	  0.101907	 -0.002208	 -0.054360	 -0.021401	  0.101211
  0.021837	  0.128690	  0.093577	  0.015214	 -0.055943	 -0.095300	  0.025855
 -0.028780	  0.157800	  0.034629	  0.038242	 -0.068107	 -0.101952	 -0.061094
 -0.061437	  0.156723	  0.021262	  0.049898	 -0.043812	 -0.070435	 -0.024826
 -0.054912	  0.154126	 -0.034170	  0.053414	 -0.022399	 -0.053805	  0.085405
 -0.038061	  0.125745	 -0.028500	  0.032635	  0.012222	 -0.009840	  0.096808
 -0.031314	  0.106518	  0.023891	  0.012173	  0.003416	  0.006283	  0.023353
 -0.027101	  0.061127	  0.034914	 -0.004108	 -0.009792	 -0.026913	 -0.064641
 -0.040152	  0.052448	  0.043625	 -0.003855	  0.015041	 -0.017315	 -0.013264
 -0.032613	  0.088209	  0.076282	 -0.008384	  0.003321	  0.001341	  0.124650
 -0.011485	  0.085834	  0.039570	 -0.020199	 -0.013340	 -0.008256	  0.230351
 -0.020513	  0.086087	  0.028294	 -0.009430	 -0.017109	  0.026872	  0.196141
 -0.039423	  0.093024	  0.053698	 -0.009873	 -0.034721	 -0.014750	  0.078594
 -0.027323	  0.092042	  0.100862	  0.022341	 -0.069659	 -0.052792	  0.036308
  0.013791	  0.072055	  0.090061	  0.034662	 -0.044794	 -0.033311	  0.134058
  0.072454	  0.062046	  0.065924	  0.044988	  0.005348	 -0.000876	  0.202667
  0.043598	  0.059385	  0.036751	  0.046509	  0.031892	 -0.001509	  0.149325
  0.026430	  0.021184	  0.062662	  0.029594	  0.025526	 -0.034198	  0.057689
  0.011606	  0.046176	  0.028832	  0.053699	 -0.033010	 -0.066570	 -0.028595
 -0.010884	  0.076458	  0.016669	  0.070931	 -0.023666	 -0.023397	 -0.005694
  0.004479	  0.080069	  0.014832	  0.062283	 -0.041183	  0.012269	  0.062567
  0.010370	  0.056756	  0.022244	  0.047586	 -0.037825	  0.026080	  0.056897
  0.017117	  0.083015	  0.011253	  0.040522	 -0.060346	  0.000201	  0.016764
  0.000519	  0.066860	  0.013026	  0.054048	 -0.038554	 -0.043923	 -0.023717
  0.000646	  0.079245	  0.045050	  0.056360	 -0.019548	 -0.055452	  0.017524
 -0.012214	  0.076775	  0.047806	  0.052210	  0.004398	 -0.054280	  0.060856
 -0.034925	  0.057041	  0.047869	  0.040649	  0.026761	 -0.036511	  0.048028
 -0.054627	  0.069046	  0.052684	  0.037671	  0.071233	 -0.050796	  0.031366
  0.000171	  0.020012	  0.074508	  0.030354	  0.078107	 -0.029985	 -0.003635
  0.001280	  0.041552	  0.080685	  0.031748	  0.042187	 -0.017727	  0.005044
  0.017909	  0.051244	  0.089807	  0.042613	  0.034743	 -0.006957	  0.007547
 -0.007716	  0.048077	  0.095414	  0.058450	  0.012792	 -0.010505	  0.004696
  0.006506	  0.038099	  0.085215	  0.040174	  0.035535	 -0.054819	  0.023448
  0.025828	  0.064295	  0.075142	  0.027187	  0.062396	 -0.059950	  0.018221
  0.020633	  0.085327	  0.047901	  0.035518	  0.054635	 -0.038633	 -0.010952
  0.013443	  0.114405	  0.030955	  0.056392	  0.005095	 -0.037429	  0.030575
 -0.007051	  0.078010	  0.029466	  0.075428	 -0.018408	 -0.032805	  0.080907
  0.014077	  0.046271	  0.055123	  0.061048	  0.030910	 -0.042497	  0.070834
 -0.018391	  0.067462	  0.066178	  0.079546	  0.025874	 -0.047090	  0.087020
 -0.038314	  0.047602	  0.039254	  0.076125	  0.033096	 -0.062928	  0.070802
 -0.057003	  0.032366	  0.042833	  0.080085	  0.036707	 -0.041167	  0.054711
 -0.094506	  0.069268	  0.039855	  0.087022	  0.028250	 -0.040882	  0.036023
 -0.116141	  0.058498	  0.032665	  0.091963	  0.017353	 -0.068566	  0.041344
 -0.045220	  0.113233	  0.011791	  0.122245	  0.031195	 -0.068534	  0.062250
 -0.017440	  0.147379	  0.019837	  0.117176	  0.049916	 -0.072019	  0.090314
  0.000044	  0.128057	  0.013723	  0.119109	  0.067400	 -0.100716	  0.094939
 -0.032898	  0.098567	  0.039000	  0.142327	  0.083776	 -0.097137	  0.087242
 -0.000241	  0.086277	  0.053096	  0.119457	  0.088623	 -0.110694	  0.099025
 -0.014431	  0.095400	  0.053824	  0.102257	  0.105252	 -0.104581	  0.072228
 -0.020291	  0.097015	  0.055345	  0.095225	  0.103320	 -0.058208	  0.064562
  0.004099	  0.116464	  0.035801	  0.102859	  0.083935	 -0.040312	  0.046571
  0.004416	  0.114405	  0.032032	  0.078121	  0.071170	 -0.049212	  0.064847
 -0.036636	  0.066797	  0.004918	  0.056550	  0.093501	 -0.090549	  0.045905
 -0.039993	  0.023022	 -0.011237	  0.077867	  0.101356	 -0.123713	  0.018696
 -0.030301	  0.028026	 -0.006486	  0.064152	  0.097080	 -0.090264	  0.049485
  0.005619	  0.059195	 -0.041202	  0.069949	  0.080641	 -0.067077	  0.054775
  0.024624	  0.077978	 -0.058560	  0.076537	  0.061255	 -0.079146	  0.030955
  0.003719	  0.072023	 -0.033410	  0.081795	  0.045259	 -0.094571	  0.032602
 -0.040088	  0.046398	 -0.036292	  0.074637	  0.029517	 -0.088426	  0.002130
 -0.047374	  0.045828	  0.001560	  0.078121	  0.053907	 -0.085797	  0.011918
 -0.033722	  0.061475	  0.033520	  0.076917	  0.066798	 -0.068344	 -0.010667
  0.011669	  0.081748	  0.068046	  0.091171	  0.096478	 -0.067299	 -0.016463
 -0.005752	  0.100911	  0.066146	  0.102511	  0.133317	 -0.013736	 -0.007372
 -0.021020	  0.091947	  0.027470	  0.125634	  0.128660	  0.001753	  0.013026
 -0.059854	  0.079689	  0.052050	  0.121769	  0.103669	  0.006124	  0.030701
 -0.036002	  0.073956	  0.063042	  0.119901	  0.045069	 -0.011709	  0.083092
 -0.002268	  0.094956	  0.025380	  0.077962	  0.066482	  0.007138	  0.077644
  0.008818	  0.098219	  0.029149	  0.086071	  0.043359	 -0.003632	  0.076662
  0.014140	  0.042534	  0.010714	  0.096841	  0.017353	  0.012713	  0.092880
  0.013823	  0.019569	 -0.033029	  0.084804	 -0.003679	  0.018414	  0.064087
  0.018733	  0.027266	 -0.057546	  0.115403	  0.001642	  0.042614	  0.041218
  0.005999	  0.040031	 -0.084660	  0.143277	  0.021344	  0.029976	  0.044290
  0.040367	  0.074747	 -0.066827	  0.184106	  0.013394	  0.006505	  0.079576
  0.007425	  0.095083	 -0.064008	  0.198867	 -0.013498	 -0.002935	  0.085310
 -0.020925	  0.052290	 -0.016875	  0.163898	  0.004366	 -0.018044	  0.033805
 -0.014051	  0.018334	  0.014198	  0.179735	  0.047952	  0.002387	  0.022624
  0.008185	 -0.012201	 -0.037369	  0.169726	  0.049725	  0.041126	  0.041027
  0.004004	 -0.008559	 -0.040125	  0.125570	  0.101610	 -0.002016	  0.014325
 -0.010440	 -0.011378	 -0.018300	  0.109733	  0.107976	  0.006156	 -0.004807
 -0.045410	  0.001197	 -0.010160	  0.105172	  0.113488	  0.026080	 -0.047568
 -0.045917	  0.031511	 -0.009178	  0.084741	  0.116149	  0.019681	 -0.047252
 -0.059062	  0.057738	 -0.020898	  0.111475	  0.077093	  0.039003	 -0.026663
 -0.063528	  0.059258	 -0.020454	  0.105583	  0.057391	  0.024116	 -0.007499
 -0.059284	  0.069901	 -0.010128	  0.110620	  0.045006	  0.040144	 -0.004933
 -0.086936	  0.060462	 -0.007056	  0.134091	  0.022295	 -0.006704	  0.043530
 -0.071954	  0.047443	 -0.001132	  0.123448	 -0.010109	 -0.031379	  0.058005
 -0.079682	  0.071200	 -0.018681	  0.084393	 -0.027594	 -0.062516	  0.058069
 -0.113195	  0.083933	 -0.032839	  0.028486	 -0.012421	 -0.011835	  0.091645
 -0.142495	  0.082571	 -0.015766	  0.028866	 -0.019010	 -0.011455	  0.095921
 -0.151965	  0.081874	  0.004031	  0.045495	 -0.035576	 -0.012121	  0.067223
 -0.117661	  0.094735	 -0.000657	  0.036531	 -0.035925	  0.008722	  0.062725
 -0.110756	  0.084092	 -0.005852	  0.030956	 -0.029494	  0.030388	  0.037543
 -0.108095	  0.098219	  0.043371	  0.046636	 -0.018630	  0.015469	  0.061078
 -0.104262	  0.109875	  0.011443	  0.012965	  0.032304	  0.042519	  0.080178
 -0.087284	  0.132967	  0.026235	  0.007105	  0.069016	  0.023704	  0.107356
 -0.051080	  0.102210	  0.018570	  0.047174	  0.082414	  0.009165	  0.108686
 -0.009870	  0.108513	  0.028611	  0.066084	  0.066007	  0.029089	  0.055155
  0.009547	  0.134329	  0.060603	  0.110240	  0.093279	  0.030388	  0.047426
  0.011131	  0.142564	  0.055091	  0.136245	  0.114470	  0.011921	  0.045462
  0.011954	  0.087956	  0.060951	  0.137860	  0.115642	  0.014360	  0.061141
  0.046734	  0.069014	  0.058512	  0.135707	  0.117447	  0.020632	  0.080368
  0.049363	  0.074811	  0.078784	  0.147300	  0.140127	  0.017591	  0.059589
  0.019145	  0.051561	  0.091803	  0.125856	  0.135756	  0.000676	  0.048249
  0.065295	  0.015705	  0.076124	  0.123923	  0.089035	  0.026428	  0.042738
  0.078092	 -0.002319	  0.050562	  0.100040	  0.094293	  0.057407	  0.042009
  0.055223	 -0.027374	  0.020914	  0.083347	  0.100628	  0.053447	  0.015814
  0.063015	 -0.030985	 -0.000372	  0.083252	  0.109845	  0.036438	  0.020597
  0.036123	 -0.028799	  0.003461	  0.068872	  0.132366	  0.061746	 -0.007784
  0.040620	 -0.034311	 -0.001544	  0.086958	  0.140095	  0.045497	 -0.006454
 -0.018264	 -0.046601	 -0.020454	  0.057754	  0.158530	  0.025668	  0.019108
 -0.012974	 -0.010713	 -0.037052	  0.039097	  0.150010	  0.033143	  0.040172
 -0.040722	  0.020361	 -0.059415	  0.033364	  0.110099	  0.062950	  0.044068
 -0.073284	  0.038416	 -0.061886	  0.017811	  0.072848	  0.043438	  0.055250
 -0.103661	  0.037972	 -0.008069	  0.001593	  0.042535	  0.029881	  0.048408
 -0.137458	  0.042249	  0.009701	  0.049613	  0.045038	  0.036659	  0.030163
 -0.102235	  0.059195	  0.009637	  0.064627	  0.037277	  0.046067	  0.019678
 -0.069990	  0.028501	  0.023543	  0.057025	  0.045766	  0.033302	 -0.013644
