:RUN-1	LEVEL SWEEP	TEMP:NaN	8/27/2019	12:06 PM	HR:-636.36:SW EAR: R	SW FREQ: 5.66	# AVERAGES: 512	REP RATE (/sec): 80	DRIVER: 	SAMPLE (µsec): 40	MASKER dB: 2147483647:NOTES-:CHAMBER-SEWELL-PXI1:CFTS Version: V2.7.2 (R850):LEVELS:20;30;40;50;60;70;80;:DATA -0.006215	  0.010728	 -0.025142	  0.013582	 -0.014618	  0.007445	 -0.014567
 -0.028989	  0.047187	 -0.006676	  0.008989	 -0.018292	  0.036935	  0.001270
  0.001324	  0.057006	 -0.013391	  0.007437	  0.007650	  0.040419	  0.013275
  0.039081	  0.081396	 -0.025807	 -0.021324	  0.025736	  0.020084	  0.011185
  0.056597	  0.066889	 -0.025871	 -0.017079	  0.030329	  0.024202	  0.040769
  0.056946	  0.070056	 -0.005820	 -0.039030	  0.024184	  0.018120	  0.019483
  0.061032	  0.073129	  0.007610	 -0.045745	  0.016424	  0.031645	  0.015334
  0.076458	  0.084912	  0.037670	 -0.033044	 -0.004926	  0.001364	  0.002315
  0.019981	  0.055676	  0.028706	 -0.026645	 -0.042302	 -0.029615	 -0.040161
 -0.004726	  0.035467	  0.021579	 -0.047076	 -0.062036	 -0.014094	 -0.035410
  0.016718	  0.007054	  0.029023	 -0.025790	 -0.038501	  0.001744	 -0.046655
 -0.022939	 -0.013186	  0.001275	 -0.030890	  0.006541	  0.004246	 -0.082384
 -0.036718	 -0.061681	 -0.007119	 -0.028894	  0.030551	  0.022048	 -0.088909
 -0.031650	 -0.097760	  0.010271	 -0.012803	  0.038438	 -0.014126	 -0.045102
 -0.011663	 -0.078723	 -0.019346	  0.026031	  0.040750	 -0.013619	 -0.020047
 -0.008115	 -0.045970	 -0.030907	  0.043832	  0.014935	  0.000192	  0.014669
 -0.028166	 -0.071026	  0.006375	  0.032651	  0.020130	 -0.000379	  0.008809
 -0.042483	 -0.080338	  0.000895	  0.061412	 -0.023646	 -0.026701	  0.032819
 -0.049356	 -0.079990	 -0.002780	  0.081843	 -0.038596	 -0.043394	  0.075010
 -0.057117	 -0.060826	  0.019457	  0.052543	 -0.012749	 -0.066517	  0.138298
 -0.042356	 -0.023069	  0.044227	  0.039873	 -0.058995	 -0.064806	  0.156257
 -0.043877	  0.000307	  0.036308	  0.049090	 -0.065900	 -0.036583	  0.197087
  0.001514	 -0.005648	 -0.001988	  0.020171	 -0.067041	  0.012957	  0.227432
  0.029452	 -0.013376	  0.020914	  0.008103	 -0.040719	 -0.014062	  0.226577
  0.023845	 -0.031210	  0.026108	  0.005410	 -0.036537	 -0.017483	  0.227495
  0.054127	 -0.018920	  0.018190	  0.033474	 -0.027130	 -0.016501	  0.256130
  0.072498	  0.031729	  0.040806	  0.041647	 -0.051045	 -0.006555	  0.236174
  0.074969	  0.006579	  0.003492	  0.054887	 -0.054117	  0.008237	  0.204499
  0.056344	  0.064450	 -0.018237	  0.057453	 -0.052977	  0.015396	  0.149986
  0.043801	  0.063119	 -0.003318	  0.075666	 -0.021618	  0.002314	  0.126356
  0.027583	  0.058907	  0.033077	  0.086657	 -0.007333	  0.022935	  0.110898
  0.036325	  0.038856	  0.043815	  0.105187	  0.005147	  0.011278	  0.116822
  0.040633	  0.058812	  0.062693	  0.086911	 -0.024564	 -0.006270	  0.109346
  0.099454	  0.079401	  0.064055	  0.062933	 -0.024374	  0.008586	  0.110012
  0.092707	  0.085260	  0.028421	  0.070123	  0.009994	  0.046026	  0.117867
  0.069616	  0.087953	  0.019520	  0.071802	  0.020161	  0.054198	  0.137062
  0.040918	  0.081491	  0.028041	  0.074146	  0.076955	  0.105354	  0.177448
  0.002464	  0.026059	 -0.003761	  0.027139	  0.071855	  0.076846	  0.174407
 -0.005486	  0.001923	  0.012710	  0.075634	  0.072869	  0.095819	  0.205988
 -0.044890	  0.000529	  0.056010	  0.080829	  0.095644	  0.098195	  0.201300
 -0.086575	  0.022923	  0.022086	  0.071960	  0.125038	  0.125689	  0.194331
 -0.107861	  0.000592	  0.027375	  0.064516	  0.111069	  0.162052	  0.162751
 -0.124047	 -0.029816	  0.025316	  0.082445	  0.099413	  0.130250	  0.110708
 -0.076946	 -0.063994	  0.000800	  0.077503	  0.113413	  0.145898	  0.068422
 -0.033012	 -0.032413	  0.014357	  0.099137	  0.128871	  0.150143	 -0.022930
 -0.037257	 -0.002353	  0.030955	  0.099011	  0.109929	  0.077258	 -0.080896
 -0.022337	 -0.037608	  0.021104	  0.093372	  0.108662	  0.025975	 -0.122359
  0.013519	 -0.037006	  0.028199	  0.084884	  0.078412	 -0.014981	 -0.148079
  0.038543	 -0.024495	  0.011316	  0.049692	  0.041067	 -0.048145	 -0.148586
  0.039176	 -0.053826	  0.006976	  0.037972	 -0.010184	 -0.099364	 -0.178234
  0.041172	 -0.051070	  0.020122	  0.041678	 -0.060072	 -0.102246	 -0.197873
  0.014944	 -0.024906	  0.035326	  0.028660	 -0.086870	 -0.094739	 -0.181718
 -0.006817	 -0.003525	  0.016447	  0.038479	 -0.105051	 -0.124039	 -0.169175
  0.008229	  0.011204	  0.015117	  0.040190	 -0.111323	 -0.157900	 -0.152608
  0.023338	  0.042024	  0.009384	  0.013361	 -0.145184	 -0.168511	 -0.118589
  0.011999	  0.037019	 -0.002653	 -0.052081	 -0.151709	 -0.169113	 -0.065470
  0.011207	  0.068251	  0.005361	 -0.089838	 -0.154528	 -0.143836	 -0.002658
  0.033348	  0.091849	 -0.004300	 -0.064339	 -0.145342	 -0.137501	  0.047263
  0.018112	  0.104171	  0.003461	 -0.068298	 -0.128206	 -0.115613	  0.068517
  0.014533	  0.098564	  0.009637	 -0.068773	 -0.117405	 -0.080074	  0.073046
  0.002496	  0.122764	  0.005013	 -0.054044	 -0.063557	 -0.058281	  0.088916
  0.002243	  0.092261	  0.017778	 -0.050053	 -0.039990	 -0.047955	  0.125818
  0.006994	  0.057323	  0.063992	 -0.038428	 -0.051140	 -0.037787	  0.105039
  0.019316	  0.055549	  0.028674	 -0.083376	 -0.029759	 -0.001551	  0.108491
 -0.018441	  0.056594	  0.016923	 -0.098010	 -0.025641	  0.016663	  0.088789
 -0.051162	  0.050576	  0.049802	 -0.071909	 -0.034162	  0.022048	  0.051856
  0.000532	  0.053142	  0.038462	 -0.020088	 -0.049651	  0.040356	  0.018185
  0.007026	  0.052413	  0.019583	  0.054982	 -0.042397	  0.017391	  0.041498
 -0.001400	  0.018299	  0.026520	  0.096888	 -0.052787	  0.019545	  0.074440
 -0.000925	 -0.019965	  0.021706	  0.083110	 -0.043506	  0.051506	  0.061010
 -0.034913	 -0.056518	 -0.005440	  0.111301	 -0.005749	  0.056352	  0.072571
  0.008483	 -0.059464	 -0.025902	  0.132903	  0.010817	  0.045234	  0.096138
  0.036895	 -0.040174	 -0.032934	  0.118934	  0.022030	  0.048750	  0.049290
  0.020709	 -0.055188	 -0.006676	  0.092201	  0.051963	  0.046153	  0.045299
  0.017954	 -0.065419	 -0.005599	  0.080196	  0.038786	  0.006590	  0.030348
  0.058371	 -0.020852	 -0.010857	  0.048805	  0.028999	 -0.010673	  0.046059
  0.049217	 -0.022721	  0.031588	  0.033855	  0.016994	 -0.005985	  0.070386
  0.021723	 -0.030988	  0.061806	  0.043769	 -0.023772	 -0.023755	  0.089676
  0.030022	 -0.015815	  0.075965	  0.028470	 -0.015663	 -0.022108	  0.067725
  0.003478	 -0.014295	  0.054489	 -0.001368	 -0.054086	 -0.026447	  0.100921
  0.000976	  0.013262	  0.044638	 -0.029623	 -0.050696	 -0.018750	  0.106274
  0.018809	  0.005312	  0.022719	  0.009750	 -0.055923	  0.001997	  0.158411
  0.029800	 -0.033522	  0.003429	  0.026854	 -0.060674	  0.051981	  0.181281
  0.001894	 -0.017431	  0.013945	  0.049249	 -0.080154	  0.068199	  0.160724
  0.007912	 -0.022436	  0.011759	  0.044941	 -0.071760	  0.077258	  0.114921
  0.009781	 -0.046889	 -0.005028	  0.032398	 -0.024976	  0.103168	  0.075010
  0.009813	 -0.028486	 -0.047473	  0.052448	 -0.003437	  0.119608	  0.045140
  0.026252	 -0.037323	 -0.031731	  0.077788	 -0.025736	  0.112037	  0.003012
  0.013899	 -0.019807	 -0.008829	  0.056091	 -0.038280	  0.113621	 -0.017482
 -0.000640	 -0.024558	 -0.019853	  0.039746	 -0.003278	  0.066520	 -0.039876
 -0.014704	 -0.028232	 -0.034772	  0.030054	  0.034035	  0.020432	 -0.051311
 -0.007260	 -0.061650	 -0.005820	  0.037751	  0.069828	  0.006115	 -0.074751
  0.033791	 -0.073275	 -0.011744	  0.066829	  0.021745	 -0.026669	 -0.094136
  0.041457	 -0.071279	 -0.011775	  0.045226	 -0.013193	 -0.064616	 -0.100756
  0.012379	 -0.042835	 -0.005694	  0.027203	 -0.029379	 -0.112287	 -0.112603
  0.007247	 -0.002765	  0.004379	  0.016718	 -0.073217	 -0.129044	 -0.149758
  0.012157	  0.011299	  0.014262	  0.011523	 -0.090797	 -0.089988	 -0.144468
 -0.003111	  0.013041	  0.037100	  0.004302	 -0.066471	 -0.124767	 -0.111969
  0.005822	  0.025584	  0.065671	  0.020868	 -0.055733	 -0.182195	 -0.105032
  0.025936	  0.021910	  0.066209	  0.006741	 -0.078571	 -0.207725	 -0.066040
  0.057041	  0.011394	  0.069345	  0.016021	 -0.116581	 -0.226920	 -0.064013
  0.047570	  0.003158	  0.023068	  0.009243	 -0.167863	 -0.210893	 -0.052229
  0.026506	  0.025996	  0.012425	  0.001736	 -0.207521	 -0.180294	 -0.014726
  0.014754	  0.041612	  0.034629	  0.007532	 -0.176986	 -0.154511	 -0.012350
  0.024320	  0.028847	  0.044163	  0.024352	 -0.158234	 -0.125844	 -0.014979
  0.013107	 -0.021707	  0.041788	  0.006265	 -0.100427	 -0.073612	 -0.000314
 -0.033741	 -0.028739	  0.010081	 -0.027184	 -0.070462	 -0.068702	  0.038869
 -0.027564	 -0.039129	  0.043593	 -0.010269	 -0.103752	 -0.016881	  0.043303
 -0.022749	 -0.013155	  0.043435	  0.010098	 -0.118925	  0.006083	  0.041434
 -0.003871	  0.004837	  0.082934	 -0.005201	 -0.106096	  0.066076	  0.001239
  0.022578	 -0.032160	  0.102541	 -0.030098	 -0.097386	  0.048877	 -0.044374
  0.041267	 -0.042581	  0.096142	 -0.005074	 -0.093648	  0.026704	 -0.036677
  0.050231	 -0.025286	  0.102921	 -0.033550	 -0.091557	  0.026672	 -0.072312
  0.017352	  0.015638	  0.103935	 -0.022147	 -0.081200	  0.037030	 -0.055999
 -0.020754	 -0.020598	  0.104378	 -0.024808	 -0.091272	  0.051822	 -0.029582
  0.020456	 -0.029246	  0.089649	 -0.003744	 -0.057285	  0.070954	 -0.040446
  0.062267	 -0.024843	  0.105645	  0.013994	 -0.051108	  0.099557	 -0.042062
  0.036800	 -0.011444	  0.109193	  0.019886	 -0.048447	  0.079728	 -0.008644
  0.042882	 -0.017938	  0.097536	  0.033569	 -0.007903	  0.100697	 -0.015201
  0.052005	 -0.023544	  0.074477	  0.065086	  0.019464	  0.108204	 -0.021029
  0.071453	 -0.000263	 -0.001227	  0.102337	  0.036062	  0.073932	  0.010583
  0.064516	 -0.007485	  0.009352	  0.062426	  0.039642	  0.068167	  0.056575
  0.072023	 -0.012806	  0.010682	  0.063439	  0.022189	  0.067692	  0.053123
  0.086467	 -0.020757	 -0.002748	  0.032873	  0.008948	  0.084258	  0.083943
  0.043009	  0.023462	 -0.008449	  0.043072	  0.016962	  0.063606	  0.124867
  0.052195	  0.033345	 -0.005694	  0.068634	  0.059851	  0.049098	  0.142891
  0.082983	  0.033471	  0.025348	  0.083015	  0.063176	  0.003423	  0.143429
  0.069521	  0.043006	  0.035421	  0.086182	  0.060041	 -0.014221	  0.127275
  0.074051	 -0.027124	  0.036593	  0.112378	  0.039737	 -0.046941	  0.100572
  0.051561	 -0.014137	  0.040584	  0.118681	  0.033307	 -0.043869	  0.060725
  0.032999	  0.015828	  0.026108	  0.106264	  0.038691	 -0.030312	  0.064938
 -0.023446	  0.002239	  0.029371	  0.101228	 -0.008346	 -0.076589	  0.073902
 -0.027912	 -0.013915	  0.019837	  0.120677	  0.001821	 -0.073865	  0.021606
 -0.037447	 -0.027789	  0.017968	  0.122957	 -0.034795	 -0.036837	 -0.045134
 -0.013437	 -0.052654	 -0.003413	  0.111871	 -0.059154	 -0.075259	 -0.064139
 -0.023953	 -0.036499	  0.013407	  0.104554	 -0.091209	 -0.085458	 -0.106204
 -0.041279	 -0.065419	  0.044068	  0.114151	 -0.109676	 -0.080390	 -0.106838
 -0.015115	 -0.080560	  0.035896	  0.091060	 -0.099445	 -0.039878	 -0.104905
 -0.016477	 -0.050025	  0.047838	  0.041457	 -0.097607	 -0.037945	 -0.093819
 -0.010428	 -0.078564	  0.044227	  0.029262	 -0.102390	 -0.015139	 -0.096448
  0.018999	 -0.065577	  0.028737	 -0.001495	 -0.112400	 -0.030850	 -0.071741
  0.012886	 -0.072926	  0.012551	  0.014374	 -0.103816	 -0.030723	 -0.062366
  0.007342	 -0.052495	  0.026774	  0.029420	 -0.099381	 -0.039688	 -0.037405
 -0.030605	 -0.029563	  0.025412	  0.026411	 -0.102327	 -0.020841	 -0.024767
  0.012949	 -0.035961	  0.062820	  0.003795	 -0.090132	 -0.026036	 -0.025020
  0.021628	 -0.065767	  0.071151	 -0.012613	 -0.066217	  0.007857	 -0.051659
  0.013361	 -0.090664	  0.046634	  0.028280	 -0.056936	  0.033577	 -0.019667
  0.042692	 -0.082872	  0.073811	  0.018650	 -0.009994	  0.083054	  0.018660
  0.036135	 -0.044228	  0.099215	 -0.001622	 -0.006097	  0.097467	  0.061295
  0.044497	 -0.033015	  0.103491	 -0.046031	  0.025419	  0.112892	  0.079001
  0.058308	 -0.018318	  0.129021	 -0.047266	 -0.027383	  0.111815	  0.047548
  0.037909	  0.000592	  0.138049	  0.001609	 -0.031438	  0.114793	  0.041466
  0.011682	 -0.014422	  0.112139	  0.034076	 -0.026908	  0.108521	  0.020782
 -0.012518	 -0.003114	  0.131397	  0.089635	 -0.024818	  0.071461	 -0.004590
 -0.026265	 -0.013028	  0.162059	  0.121152	 -0.063240	  0.023030	 -0.020744
 -0.048406	 -0.052400	  0.165005	  0.127930	 -0.070715	 -0.023185	 -0.074877
 -0.034754	 -0.020282	  0.169598	  0.076711	 -0.058932	 -0.050109	 -0.129486
 -0.044985	 -0.051133	  0.135293	  0.064136	 -0.085761	 -0.112826	 -0.154414
 -0.029401	 -0.001562	  0.122496	  0.073449	 -0.103911	 -0.121505	 -0.144911
 -0.022527	 -0.005901	  0.139949	  0.078675	 -0.099096	 -0.152230	 -0.173356
 -0.015084	  0.000117	  0.132474	  0.078358	 -0.124880	 -0.128600	 -0.147826
 -0.004251	  0.000086	  0.103206	  0.090363	 -0.163714	 -0.092744	 -0.136327
 -0.018980	 -0.004792	  0.067160	  0.090237	 -0.160135	 -0.103672	 -0.105317
 -0.024871	 -0.028644	  0.034154	  0.105314	 -0.173438	 -0.088309	 -0.078267
  0.013551	 -0.049201	 -0.014183	  0.088621	 -0.169289	 -0.077159	 -0.027903
 -0.017554	 -0.068333	 -0.025427	  0.077503	 -0.142460	 -0.068164	  0.013370
  0.047095	 -0.064405	 -0.033124	  0.062996	 -0.147274	 -0.053245	  0.017266
  0.038574	 -0.058387	 -0.044433	  0.034013	 -0.119400	 -0.059041	  0.063069
  0.037212	 -0.086135	 -0.042722	  0.048774	 -0.124880	 -0.073548	  0.050620
  0.050706	 -0.106217	 -0.022893	  0.050389	 -0.128238	 -0.036203	  0.042100
  0.003225	 -0.085343	  0.021357	  0.021470	 -0.102169	 -0.029076	  0.052457
  0.006867	 -0.071976	 -0.009400	  0.064643	 -0.071444	 -0.027904	  0.057969
 -0.035324	 -0.025952	 -0.032333	  0.075729	 -0.065425	 -0.093156	  0.065444
 -0.030985	  0.005977	 -0.041708	  0.063566	 -0.038153	 -0.120396	  0.067598
 -0.021070	  0.009746	 -0.044844	  0.068286	 -0.031121	 -0.150868	  0.040358
  0.004713	  0.000086	 -0.060682	  0.075159	 -0.036728	 -0.139433	  0.044349
 -0.035419	  0.006927	  0.007072	  0.067335	 -0.014175	 -0.126731	  0.053344
 -0.027469	 -0.010019	  0.030606	  0.083521	 -0.004672	 -0.125084	  0.056005
 -0.011853	 -0.005616	  0.018221	  0.059417	 -0.007238	 -0.125464	  0.032375
  0.052290	 -0.004381	 -0.006581	  0.034456	 -0.020795	 -0.131514	  0.038552
  0.043104	  0.003918	  0.023923	  0.023465	 -0.036411	 -0.142126	  0.077354
  0.048900	  0.003633	  0.009162	  0.038416	 -0.023677	 -0.109848	  0.069911
  0.063186	  0.010443	 -0.023622	 -0.005676	 -0.002708	 -0.082449	  0.106781
  0.036420	  0.004964	 -0.042500	 -0.054076	 -0.007491	 -0.050932	  0.137632
  0.024859	  0.002208	 -0.059478	 -0.050719	 -0.054973	 -0.022203	  0.130442
  0.035058	  0.020484	 -0.076108	 -0.016097	 -0.065647	  0.016916	  0.114604
  0.060398	  0.027833	 -0.078325	 -0.006373	 -0.049461	  0.032152	  0.101237
  0.085580	  0.034802	 -0.085674	 -0.030700	 -0.048764	  0.014224	  0.080173
  0.049946	  0.023620	 -0.069013	 -0.049832	 -0.046769	  0.023410	  0.066553
  0.041552	  0.033091	 -0.054030	 -0.034184	 -0.010405	  0.013242	  0.057494
  0.037180	  0.040820	 -0.074176	 -0.040582	 -0.012654	  0.001174	  0.029271
  0.023782	  0.066350	 -0.080131	 -0.049832	 -0.008030	  0.008205	  0.029271
 -0.015781	  0.084944	 -0.072782	 -0.057054	  0.008473	 -0.008076	 -0.004938
 -0.013817	  0.042182	 -0.039745	 -0.026012	 -0.003120	 -0.037850	 -0.047637
 -0.013405	  0.064165	 -0.033980	 -0.031808	 -0.042968	 -0.056095	 -0.077791
 -0.049293	  0.054472	 -0.018490	 -0.018030	 -0.094757	 -0.090210	 -0.074719
 -0.070642	  0.018394	 -0.030052	 -0.024238	 -0.113413	 -0.098255	 -0.071741
 -0.027786	  0.013357	 -0.000087	  0.025841	 -0.084874	 -0.095690	 -0.106838
  0.001672	  0.001859	  0.002637	  0.018144	 -0.089340	 -0.070159	 -0.144088
  0.033696	 -0.024399	  0.001877	 -0.008780	 -0.115789	 -0.100061	 -0.136106
  0.033633	  0.004298	  0.009637	  0.033411	 -0.113128	 -0.111337	 -0.168541
 -0.002540	  0.012407	  0.000135	  0.068476	 -0.114015	 -0.072060	 -0.144975
 -0.082774	  0.040693	 -0.013517	  0.085454	 -0.107554	 -0.120301	 -0.133698
 -0.104757	  0.036195	 -0.013834	  0.068381	 -0.152406	 -0.147447	 -0.124671
 -0.059239	  0.051241	 -0.029799	 -0.004156	 -0.137012	 -0.118876	 -0.109467
 -0.039949	  0.051241	 -0.054252	  0.020614	 -0.148193	 -0.100346	 -0.101263
  0.017732	  0.041834	 -0.085072	  0.029420	 -0.095865	 -0.059675	 -0.091602
  0.044307	  0.027896	 -0.032554	  0.039936	 -0.092793	 -0.037090	 -0.075891
  0.036864	  0.038666	  0.019203	 -0.006848	 -0.091462	 -0.051376	 -0.092140
  0.087259	  0.019312	  0.041344	  0.026062	 -0.104196	 -0.026954	 -0.060338
  0.098694	  0.012217	  0.068173	  0.027139	 -0.069131	 -0.010926	 -0.022296
  0.089413	  0.019439	  0.100545	  0.038067	 -0.072236	  0.024993	  0.003899
  0.049597	  0.023209	  0.104125	  0.056946	 -0.048732	  0.049605	  0.055372
 -0.019689	  0.015071	 -0.029599	  0.008134	  0.093502	 -0.030299	 -0.013997
  0.016262	  0.016306	 -0.004924	  0.003858	  0.082986	 -0.025579	  0.001143
  0.030168	  0.011175	  0.010027	  0.004967	  0.092394	  0.002232	 -0.011432
  0.022882	  0.009465	  0.010660	  0.041140	  0.072280	 -0.001950	 -0.008644
 -0.002996	 -0.012708	  0.044806	  0.010098	  0.050456	 -0.020511	  0.009727
 -0.025391	 -0.005993	  0.029380	 -0.017681	  0.038799	 -0.014240	 -0.000915
 -0.003313	 -0.012676	  0.000999	 -0.024776	  0.017925	  0.014680	 -0.016595
 -0.007399	 -0.035356	 -0.008852	 -0.048058	  0.001961	  0.015060	  0.016633
  0.005619	 -0.014165	  0.015190	 -0.010491	  0.025781	  0.010816	  0.053534
  0.012208	  0.000279	  0.028208	 -0.011916	  0.023215	 -0.001094	  0.021606
 -0.020196	 -0.011409	 -0.004575	 -0.008939	  0.005318	 -0.000841	 -0.030247
  0.004321	 -0.023731	 -0.013508	  0.022008	 -0.051571	  0.027002	  0.001112
  0.019493	  0.000691	 -0.028110	  0.003478	 -0.073553	  0.061084	  0.084925
  0.033177	 -0.014799	 -0.043726	  0.026854	 -0.064399	  0.054496	  0.048973
  0.025100	 -0.029781	 -0.036979	  0.016845	 -0.101871	 -0.027923	 -0.099996
  0.010909	 -0.016604	 -0.044233	 -0.029021	 -0.082517	 -0.015127	 -0.111146
 -0.018707	  0.017890	 -0.007585	 -0.006626	 -0.036398	  0.028649	  0.040421
 -0.023459	  0.015103	  0.031914	  0.015229	 -0.005546	  0.046735	  0.158126
 -0.028939	  0.038257	  0.034639	 -0.001083	 -0.038552	 -0.011452	  0.029715
 -0.030047	  0.052986	  0.016267	  0.005980	 -0.050209	 -0.111736	 -0.172944
 -0.024979	  0.052416	  0.028747	  0.021818	 -0.028226	 -0.070748	 -0.083778
  0.017149	  0.035755	  0.039580	  0.022927	  0.007757	 -0.015158	  0.177955
  0.067798	  0.016243	  0.045186	 -0.006120	  0.018400	 -0.026181	  0.173077
  0.104858	  0.038606	  0.044901	  0.010573	 -0.020909	 -0.077464	 -0.027839
  0.159561	  0.047760	  0.029697	  0.047285	 -0.033072	 -0.061373	 -0.104145
  0.161462	  0.038701	  0.007461	  0.106138	  0.036709	  0.028744	  0.034783
  0.184585	  0.029167	  0.032801	  0.094861	  0.050994	  0.084049	  0.160977
  0.145624	  0.017447	  0.043888	  0.106581	  0.049759	  0.028269	  0.026674
  0.142203	 -0.013247	  0.060105	  0.104459	  0.006300	 -0.034322	 -0.148206
  0.142900	  0.000057	  0.067296	  0.093531	  0.030817	  0.012209	 -0.043930
  0.146511	 -0.018600	  0.090007	  0.081082	  0.061954	  0.065772	  0.120211
  0.133271	 -0.032885	  0.077242	  0.042280	  0.075004	  0.009770	  0.062720
  0.110718	 -0.011980	  0.025484	  0.051181	  0.050171	 -0.030838	 -0.127015
  0.081228	  0.002591	 -0.013698	  0.092327	  0.012033	 -0.014841	 -0.084982
  0.053132	  0.030687	 -0.018798	  0.065118	  0.044627	  0.032798	  0.108048
  0.021615	  0.044402	 -0.028142	  0.046145	  0.047446	  0.028934	  0.102156
 -0.019943	  0.068666	 -0.016200	  0.013202	  0.031134	 -0.028113	 -0.130372
 -0.050288	  0.061000	 -0.011639	  0.012569	  0.047700	 -0.068088	 -0.218430
 -0.052600	  0.057073	 -0.026336	  0.056566	  0.056379	 -0.005592	 -0.063949
 -0.033785	  0.060113	  0.025009	  0.053778	  0.069144	  0.039672	  0.127623
 -0.023712	  0.050452	  0.030616	  0.023117	  0.091950	 -0.012086	  0.025058
 -0.002933	  0.037054	  0.019244	  0.011175	  0.089004	 -0.046548	 -0.126508
  0.003814	 -0.002984	  0.036697	 -0.010618	  0.091348	 -0.017661	 -0.052610
  0.013918	 -0.018916	  0.028652	 -0.032474	  0.080896	  0.046894	  0.121193
  0.013380	 -0.017428	  0.013765	 -0.046886	  0.079945	  0.059057	  0.112007
 -0.021527	  0.014976	  0.019719	 -0.080082	  0.072407	  0.017341	 -0.073864
 -0.029984	  0.008229	  0.002266	 -0.094589	  0.020459	  0.014712	 -0.125843
 -0.039613	  0.024795	  0.013986	 -0.062027	  0.000979	  0.058962	  0.058698
 -0.041957	  0.013741	  0.011674	 -0.073335	 -0.020719	  0.085918	  0.177417
 -0.032518	 -0.011283	  0.009805	 -0.079543	 -0.017488	  0.032735	  0.039629
 -0.006322	 -0.044764	  0.044553	 -0.061393	 -0.019357	  0.004512	 -0.126350
 -0.032486	  0.006170	  0.043096	 -0.069470	 -0.006053	  0.035586	  0.002632
 -0.045695	  0.007532	  0.063368	 -0.087525	  0.022771	  0.095104	  0.218848
 -0.038251	  0.041140	  0.065965	 -0.120087	  0.024545	  0.091398	  0.173457
 -0.022382	  0.054602	  0.060359	 -0.080398	 -0.023950	  0.018386	 -0.028251
 -0.020101	  0.019506	  0.051807	 -0.076851	 -0.046503	 -0.007873	 -0.035758
  0.006284	  0.031542	  0.028969	 -0.081919	 -0.013085	  0.035522	  0.163828
  0.049394	  0.052670	  0.059535	 -0.049895	 -0.007257	  0.013540	  0.215649
  0.030041	  0.081843	  0.104356	 -0.034532	 -0.004881	 -0.040150	  0.063322
  0.023737	  0.099232	  0.101473	 -0.004599	  0.008644	 -0.110216	 -0.076018
 -0.017630	  0.100689	  0.072712	  0.022040	  0.020681	 -0.110849	  0.036588
 -0.009775	  0.107690	  0.065459	  0.020773	  0.044754	 -0.050730	  0.196580
  0.021457	  0.123876	  0.036286	  0.007754	 -0.000478	 -0.064002	  0.070702
  0.014520	  0.121468	  0.030552	  0.010066	 -0.011850	 -0.095297	 -0.116214
  0.025163	  0.123654	  0.036856	  0.034013	 -0.011723	 -0.041480	 -0.061099
  0.045340	  0.093499	  0.043444	  0.033950	  0.000345	  0.012051	  0.134655
  0.077269	  0.088399	  0.053264	  0.059163	 -0.011850	  0.038215	  0.137854
  0.083129	  0.070756	  0.052947	  0.007532	 -0.042797	 -0.015855	 -0.074941
  0.061653	  0.060272	  0.041765	 -0.008844	 -0.067250	 -0.039865	 -0.148301
  0.042553	  0.080481	  0.053422	  0.011967	 -0.077608	  0.006983	  0.008936
  0.033208	  0.059131	  0.042304	 -0.005835	 -0.077544	  0.029314	  0.123885
  0.010782	  0.046366	  0.017154	  0.012347	 -0.103170	 -0.000809	  0.020941
 -0.003060	  0.039493	 -0.007110	  0.013139	 -0.057811	 -0.044046	 -0.123024
 -0.049844	  0.048805	 -0.001883	  0.013899	 -0.037253	 -0.021430	  0.010519
 -0.040880	  0.039334	  0.053612	  0.009180	 -0.026167	  0.044233	  0.193096
 -0.029477	  0.028216	  0.074011	 -0.026392	 -0.002569	  0.062636	  0.187838
  0.017624	 -0.019898	  0.091496	 -0.052746	  0.019445	  0.053577	 -0.001771
 -0.014811	 -0.009477	  0.114302	 -0.060443	  0.043740	  0.059754	 -0.038292
 -0.002205	 -0.010649	  0.082658	 -0.056610	  0.039686	  0.093013	  0.149954
  0.025100	  0.019379	  0.054847	 -0.062945	  0.018178	  0.089497	  0.252836
  0.018289	  0.031099	  0.026055	 -0.037415	 -0.011565	  0.025355	  0.101206
  0.011226	  0.047918	  0.040308	 -0.046759	 -0.023633	 -0.035937	 -0.036835
 -0.029224	  0.054950	  0.056621	 -0.004568	  0.022233	  0.000109	  0.098292
  0.003687	  0.025999	  0.045471	  0.003446	  0.051026	  0.039323	  0.237061
  0.020665	  0.041710	  0.048544	 -0.012328	  0.041745	  0.012589	  0.173330
  0.022470	  0.051023	  0.068309	 -0.017840	  0.037089	 -0.054689	 -0.025781
  0.033715	  0.004555	  0.074961	 -0.009572	  0.084031	 -0.083165	 -0.028410
  0.037865	 -0.010998	  0.043761	 -0.043592	  0.078837	 -0.023711	  0.192051
  0.016262	  0.004618	  0.032390	 -0.081127	  0.036582	 -0.005276	  0.252392
 -0.017979	 -0.014070	  0.047784	 -0.070231	 -0.000447	 -0.080631	  0.048181
  0.008438	 -0.000640	  0.027290	 -0.047171	 -0.001904	 -0.102329	 -0.098064
  0.009230	 -0.002762	  0.014683	 -0.025157	  0.036677	 -0.029792	  0.022873
  0.002958	  0.034266	 -0.003277	  0.009496	  0.045926	  0.034034	  0.143682
 -0.001856	  0.042914	  0.002837	  0.003858	  0.037532	  0.028775	  0.025628
 -0.011739	  0.068317	  0.009805	 -0.015115	 -0.014384	  0.013223	 -0.184379
 -0.024029	  0.072403	  0.009742	  0.031226	 -0.014954	  0.027698	 -0.113585
 -0.033943	  0.091599	 -0.000268	  0.050547	 -0.008270	  0.110656	  0.105640
 -0.067963	  0.050199	  0.000081	  0.010320	 -0.014352	  0.121362	  0.123062
 -0.034703	  0.020741	  0.032896	  0.028470	 -0.018882	  0.028332	 -0.060623
 -0.048229	  0.000786	  0.033498	  0.060905	  0.001042	  0.015979	 -0.166894
 -0.003313	 -0.010998	  0.070970	  0.079879	  0.059261	  0.061464	  0.019357
 -0.020703	  0.004333	  0.033308	  0.069489	  0.061510	  0.128679	  0.146121
  0.002325	 -0.023573	  0.000049	  0.052543	  0.041745	  0.083384	 -0.008201
  0.040050	 -0.067190	  0.012497	  0.028691	  0.000060	  0.049935	 -0.197207
  0.051390	 -0.060443	  0.046612	  0.013139	 -0.022493	  0.090764	 -0.066420
  0.060449	 -0.054868	  0.076798	  0.023877	  0.005540	  0.115629	  0.126324
  0.094754	 -0.047139	  0.051870	  0.019822	  0.007250	  0.090954	  0.095441
  0.111066	 -0.050877	  0.035145	 -0.026867	  0.008866	  0.046735	 -0.085552
  0.135140	 -0.053474	  0.018833	 -0.058257	 -0.016569	  0.030042	 -0.124861
  0.135710	 -0.052207	  0.035462	 -0.047266	  0.023817	  0.078759	  0.063132
  0.121487	 -0.033899	  0.010914	 -0.055945	  0.034681	  0.064220	  0.135415
  0.112618	 -0.008970	  0.014778	 -0.071339	  0.029170	  0.039640	 -0.026287
  0.110496	 -0.006880	  0.010787	 -0.051605	 -0.014605	  0.028142	 -0.139020
  0.113917	  0.044941	  0.018136	 -0.052872	 -0.025597	  0.073849	 -0.019826
  0.103496	  0.070978	  0.030299	 -0.051922	  0.017735	  0.095927	  0.159773
  0.105238	  0.085707	  0.061689	 -0.064434	 -0.017076	  0.066786	  0.089359
  0.133302	  0.056027	  0.069260	 -0.056768	 -0.042511	  0.009042	 -0.094516
  0.143122	  0.081589	  0.118040	 -0.051637	 -0.015081	  0.012589	 -0.103733
  0.123926	  0.107215	  0.140276	 -0.022939	  0.015581	  0.026843	  0.008746
  0.110306	  0.118839	  0.126719	 -0.017713	 -0.002094	  0.027762	  0.081535
  0.116071	  0.119821	  0.102075	 -0.007957	 -0.047516	 -0.006511	  0.010709
  0.101089	  0.068127	  0.044173	 -0.001115	 -0.009347	 -0.053834	 -0.064044
  0.094468	  0.026316	  0.036507	  0.042470	  0.006142	 -0.045757	 -0.019477
  0.080658	  0.025271	 -0.006381	  0.059036	  0.068416	  0.016169	  0.082296
  0.099283	  0.033063	  0.005402	  0.067589	  0.107661	  0.039292	  0.112767
  0.062350	  0.026348	 -0.013698	  0.092074	  0.091697	 -0.009488	  0.079286
  0.061146	  0.027298	 -0.026748	  0.081748	  0.046496	 -0.040403	  0.053281
  0.056173	  0.051910	 -0.015662	  0.071612	  0.037722	 -0.041385	  0.071716
  0.051010	  0.033855	  0.034417	  0.082730	  0.035156	 -0.006257	  0.089993
  0.069762	  0.031637	 -0.005241	  0.037466	  0.035568	  0.004797	  0.123252
  0.054241	  0.029673	  0.007018	  0.037149	  0.053370	  0.015187	  0.119482
  0.073563	  0.039018	  0.020353	  0.056439	  0.022613	  0.025038	  0.078210
  0.038625	  0.053588	 -0.009453	  0.030845	  0.020998	  0.025038	  0.044665
  0.012873	  0.016592	 -0.039703	 -0.002920	  0.015676	  0.079424	  0.053439
  0.009199	  0.020678	 -0.037581	 -0.015907	  0.028188	  0.110688	  0.089486
  0.013696	 -0.005866	 -0.033558	 -0.033614	  0.059863	  0.156364	  0.064209
  0.014868	 -0.031238	 -0.025640	 -0.042198	  0.040763	  0.160545	  0.026452
  0.013538	 -0.047836	 -0.007711	 -0.050148	  0.054922	  0.180785	 -0.004115
 -0.007589	 -0.029844	 -0.015979	 -0.008464	 -0.007035	  0.176256	 -0.023627
  0.030136	 -0.009161	  0.008285	  0.032999	 -0.014225	  0.171568	 -0.002056
  0.031941	  0.004143	 -0.023739	  0.016750	 -0.015176	  0.149142	  0.034561
  0.035331	  0.015166	 -0.040812	  0.016908	 -0.000573	  0.126525	  0.037728
  0.060259	  0.011207	 -0.032228	  0.031701	 -0.000700	  0.109136	  0.013402
  0.046069	  0.010003	 -0.014395	  0.029959	  0.027143	  0.077112	 -0.007916
  0.024244	  0.012094	 -0.016454	 -0.020595	  0.022486	  0.036441	 -0.020269
  0.073214	  0.013646	  0.000809	 -0.021292	 -0.000922	  0.030676	 -0.054383
  0.061083	  0.008451	  0.027353	 -0.067000	  0.000694	  0.051455	 -0.060085
  0.019715	  0.030814	 -0.005716	 -0.062122	 -0.050494	  0.058994	 -0.031640
  0.033430	  0.043674	  0.023932	 -0.047614	 -0.056227	  0.062193	 -0.016943
  0.059404	  0.043864	  0.027575	 -0.037415	 -0.063354	  0.013888	 -0.061764
  0.045530	  0.036325	  0.058047	 -0.031682	 -0.044887	  0.018133	 -0.082448
  0.054209	  0.058403	  0.065174	 -0.029179	 -0.043747	 -0.004547	 -0.089099
  0.060227	  0.046240	  0.076957	 -0.007672	 -0.037443	 -0.036096	 -0.058596
  0.032480	  0.048679	  0.057508	 -0.005074	 -0.078495	 -0.029190	 -0.044057
  0.026715	  0.033886	  0.067137	 -0.013532	 -0.026325	  0.007395	 -0.070981
  0.063047	  0.030244	  0.095677	  0.004016	 -0.020180	  0.024278	 -0.046433
  0.060101	  0.012759	  0.097799	 -0.007165	 -0.020560	  0.070650	 -0.009246
  0.060766	  0.005410	  0.067549	 -0.003902	 -0.096676	  0.090986	 -0.020681
  0.049363	 -0.012676	  0.067613	  0.015610	 -0.090943	  0.089212	 -0.017260
  0.066056	 -0.028356	  0.066694	 -0.018315	 -0.094427	  0.095674	  0.032407
  0.053544	 -0.040646	  0.086079	 -0.025473	 -0.088472	  0.079709	  0.031710
 -0.010187	 -0.047012	  0.064730	 -0.007133	 -0.114446	  0.104289	  0.005198
 -0.014463	 -0.045936	  0.054974	 -0.000101	 -0.107192	  0.111670	 -0.004400
 -0.003757	 -0.010237	  0.035842	 -0.001432	 -0.095663	  0.101439	 -0.007124
  0.018701	  0.010827	  0.063970	 -0.004884	 -0.089549	  0.096814	  0.014986
  0.047082	  0.043706	  0.042969	  0.021691	 -0.065761	  0.101312	  0.006908
  0.034000	  0.034140	  0.008348	  0.041203	 -0.069626	  0.087026	 -0.012445
  0.022756	  0.040918	  0.016679	  0.054729	 -0.050240	  0.073121	 -0.017197
  0.072137	  0.052765	  0.033150	  0.107690	 -0.020941	  0.104099	 -0.009119
  0.075875	  0.013107	  0.019656	  0.123242	 -0.038615	  0.072582	 -0.050899
  0.093645	  0.046905	  0.019118	  0.151465	 -0.047263	  0.068686	 -0.051311
  0.107994	  0.069331	  0.022570	  0.104237	  0.006142	  0.083859	 -0.040351
  0.129090	  0.086531	  0.023140	  0.059892	  0.005382	  0.101027	 -0.027934
  0.144706	  0.095020	  0.041702	  0.049312	  0.001612	  0.072076	 -0.032306
  0.158738	  0.072879	  0.042811	  0.048013	  0.012065	  0.028490	 -0.009626
  0.136945	  0.088304	  0.038376	  0.031701	 -0.000193	 -0.005877	  0.010773
  0.134950	  0.046366	  0.054056	  0.006645	  0.022613	 -0.023140	  0.007352
  0.132827	  0.036642	  0.058712	 -0.002445	  0.028885	 -0.002045	  0.021226
  0.095545	  0.028058	  0.095297	  0.036484	  0.011622	 -0.035684	  0.026167
  0.095640	  0.026252	  0.106858	  0.008103	  0.023785	 -0.016520	  0.031583
  0.120981	  0.025429	  0.100745	 -0.037161	  0.027238	  0.001250	  0.012927
  0.116831	  0.013867	  0.073377	 -0.031967	  0.008613	  0.012304	  0.003709
  0.115659	  0.008451	  0.052757	 -0.028039	  0.018115	  0.019685	 -0.034301
  0.108025	  0.015958	  0.036602	 -0.058827	  0.007187	  0.037328	 -0.076049
  0.049838	  0.029673	 -0.003752	 -0.081697	  0.016025	  0.047242	 -0.093946
  0.076952	  0.024067	 -0.003594	 -0.047709	  0.052800	  0.044486	 -0.060117
  0.081577	  0.041045	 -0.027730	 -0.033044	  0.054858	  0.032291	 -0.026604
  0.114614	  0.011650	 -0.027413	 -0.009414	  0.030659	  0.078601	 -0.028853
  0.175272	 -0.024048	 -0.023549	 -0.006056	  0.036075	  0.078854	 -0.058691
  0.169792	 -0.043592	 -0.024658	 -0.024808	  0.031957	  0.086108	 -0.047858
  0.144009	 -0.060633	 -0.044043	 -0.012962	  0.011400	  0.063587	 -0.048207
  0.151326	 -0.047076	 -0.071284	 -0.015179	  0.016658	  0.074356	 -0.062397
  0.148570	 -0.005550	 -0.077492	  0.004397	  0.037976	  0.076447	 -0.079565
  0.120632	  0.017827	 -0.091144	  0.046081	  0.047415	  0.092665	 -0.107820
  0.079866	  0.042280	 -0.094122	  0.032873	  0.035442	  0.108059	 -0.092932
  0.052910	  0.040443	 -0.087185	  0.066290	  0.017545	  0.156554	 -0.058501
  0.037073	  0.015515	 -0.076827	  0.094291	 -0.006243	  0.147875	 -0.051279
  0.035774	 -0.037352	 -0.056428	  0.112504	  0.001644	  0.139481	 -0.057614
  0.039765	 -0.029781	 -0.009422	  0.092581	 -0.028353	  0.128711	 -0.056537
  0.038213	 -0.017966	  0.017756	  0.059005	 -0.032565	  0.092918	 -0.037215
  0.061019	 -0.024428	  0.045281	  0.030307	 -0.015081	  0.090764	 -0.060338
  0.044421	 -0.019930	  0.061626	  0.046620	 -0.017995	  0.103117	 -0.044627
  0.021394	  0.019316	  0.064825	  0.053335	 -0.019579	  0.109104	  0.026325
  0.009737	  0.030782	  0.080283	  0.048425	 -0.030221	  0.106982	  0.061327
  0.019588	  0.020171	  0.096564	  0.031574	 -0.016094	  0.111986	  0.075264
  0.024624	  0.025429	  0.095994	  0.061412	 -0.018597	  0.081483	  0.065793
  0.062413	  0.037054	  0.080884	  0.056534	 -0.041656	  0.042459	  0.033896
  0.044897	  0.046683	  0.049019	  0.047348	 -0.035543	  0.061939	  0.035036
  0.035869	  0.059733	  0.004800	  0.063851	 -0.013117	  0.069193	  0.053123
  0.031403	  0.049502	 -0.001946	  0.102527	  0.036107	  0.080501	  0.044760
  0.047336	  0.040950	 -0.020033	  0.087703	  0.010291	  0.066437	  0.033326
  0.049648	  0.036452	 -0.017816	  0.141899	  0.025876	  0.060672	  0.009411
  0.075780	  0.031289	 -0.044138	  0.134740	 -0.003646	  0.080216	  0.052331
