:RUN-5	LEVEL SWEEP	TEMP:NaN	8/27/2019	12:14 PM	HR:-636.36:SW EAR: R	SW FREQ: 22.60	# AVERAGES: 512	REP RATE (/sec): 80	DRIVER: 	SAMPLE (µsec): 40	MASKER dB: 2147483647:NOTES-:CHAMBER-SEWELL-PXI1:CFTS Version: V2.7.2 (R850):LEVELS:20;30;40;50;60;70;80;:DATA -0.051970	 -0.035426	 -0.081295	  0.011421	 -0.086234	 -0.017874	 -0.073618
 -0.032014	 -0.047082	 -0.049683	  0.002773	 -0.094692	 -0.068428	 -0.080207
 -0.025236	 -0.006918	 -0.067928	 -0.044201	 -0.049016	 -0.090981	 -0.087239
 -0.014656	  0.031821	 -0.062448	 -0.021205	 -0.067704	 -0.047871	 -0.080840
 -0.009937	  0.002331	 -0.024152	 -0.028554	 -0.040875	 -0.065451	 -0.100796
 -0.009145	 -0.032353	 -0.042081	 -0.036948	 -0.024848	 -0.067478	 -0.094366
  0.003811	 -0.026272	 -0.080123	 -0.012431	 -0.026051	 -0.069949	 -0.068677
 -0.023082	  0.009015	 -0.029094	 -0.014173	 -0.030676	 -0.041663	 -0.046441
 -0.048454	  0.011961	  0.013731	 -0.014458	 -0.019558	 -0.052527	 -0.047233
 -0.061377	  0.048609	  0.063208	 -0.007331	 -0.027350	 -0.056106	 -0.024807
 -0.040757	  0.047120	  0.065362	  0.000651	  0.006859	 -0.051260	 -0.042355
 -0.045001	  0.016173	  0.028524	 -0.011481	  0.011326	 -0.034631	 -0.038807
 -0.042119	  0.007304	  0.030646	  0.019656	  0.045725	 -0.027409	 -0.022368
 -0.006104	 -0.012239	  0.043759	  0.024724	  0.068975	 -0.011888	 -0.010521
  0.026205	  0.026436	  0.042334	  0.010090	  0.053865	  0.012217	  0.029200
  0.022847	  0.012436	  0.033592	 -0.000394	  0.004674	  0.045001	  0.068636
  0.073940	 -0.011954	  0.034320	  0.052155	  0.034544	  0.071038	  0.120393
  0.093578	 -0.013791	  0.047244	  0.024407	  0.076228	  0.151494	  0.179056
  0.103841	 -0.009008	  0.016424	  0.008760	  0.086111	  0.201952	  0.201640
  0.085628	 -0.018163	  0.017659	  0.036539	  0.078699	  0.221813	  0.219347
  0.068777	 -0.022344	  0.033338	  0.060232	  0.116234	  0.209839	  0.244275
  0.040681	 -0.042584	  0.016170	  0.058965	  0.142968	  0.212627	  0.187703
  0.063677	 -0.056680	  0.033623	  0.090165	  0.139009	  0.195300	  0.187608
  0.105583	 -0.090857	  0.006478	  0.103564	  0.158172	  0.152159	  0.173576
  0.099312	 -0.101469	  0.013414	  0.098464	  0.155163	  0.132108	  0.138258
  0.041282	 -0.085441	 -0.006953	  0.099953	  0.136190	  0.121972	  0.147317
  0.024019	 -0.037073	  0.004767	  0.052123	  0.142493	  0.098944	  0.170979
  0.063392	 -0.013791	  0.036601	  0.028589	  0.141004	  0.147914	  0.223718
  0.062917	 -0.021298	  0.058742	  0.034417	  0.145280	  0.220546	  0.296951
  0.028137	 -0.007868	  0.037139	  0.043666	  0.161720	  0.303947	  0.361221
  0.029309	 -0.011131	  0.057602	  0.073061	  0.181485	  0.363940	  0.483741
  0.025983	 -0.027063	  0.061308	  0.099098	  0.247592	  0.389597	  0.597740
  0.038337	 -0.018733	  0.090861	  0.144457	  0.281864	  0.404358	  0.622574
  0.047839	 -0.005397	  0.129980	  0.130520	  0.300458	  0.386841	  0.557512
  0.058419	 -0.003750	  0.182402	  0.169702	  0.292254	  0.375533	  0.474333
  0.102416	  0.000621	  0.213539	  0.179965	  0.290575	  0.317092	  0.369805
  0.063867	 -0.013411	  0.188579	  0.167770	  0.255162	  0.233849	  0.173924
  0.074478	 -0.006950	  0.188516	  0.166059	  0.173440	  0.072495	  0.011937
  0.056867	  0.007241	  0.164886	  0.120225	  0.070210	 -0.043721	 -0.106751
  0.036119	  0.005784	  0.158012	  0.073472	 -0.033780	 -0.149770	 -0.244475
 -0.013864	  0.003282	  0.117056	  0.021398	 -0.108692	 -0.282237	 -0.375579
 -0.037019	  0.059315	  0.119210	 -0.026115	 -0.198302	 -0.350148	 -0.463826
  0.006281	  0.081520	  0.074706	 -0.078886	 -0.266974	 -0.392625	 -0.599428
  0.029848	  0.066569	  0.022600	 -0.143598	 -0.279992	 -0.392277	 -0.698477
  0.032952	  0.057320	 -0.023202	 -0.143725	 -0.327094	 -0.390788	 -0.738071
  0.021010	  0.050858	 -0.053135	 -0.140558	 -0.346289	 -0.378244	 -0.710799
  0.029721	  0.039581	 -0.038470	 -0.152943	 -0.320473	 -0.369090	 -0.695151
  0.038495	  0.004263	 -0.051013	 -0.128078	 -0.309862	 -0.340899	 -0.653403
  0.004001	 -0.016674	 -0.075720	 -0.115059	 -0.284585	 -0.304758	 -0.524009
 -0.017063	 -0.011828	 -0.085761	 -0.120539	 -0.237991	 -0.211157	 -0.388281
 -0.014023	 -0.038308	 -0.076828	 -0.105905	 -0.192632	 -0.068428	 -0.265444
  0.010716	 -0.069762	 -0.101440	 -0.109516	 -0.116294	  0.059603	 -0.153377
  0.015150	 -0.054114	 -0.087725	 -0.054876	 -0.022282	  0.162548	 -0.031648
  0.008974	 -0.036756	 -0.059819	  0.008696	  0.074803	  0.215161	  0.111081
  0.019236	 -0.048539	 -0.019813	  0.071825	  0.148986	  0.239012	  0.264801
  0.018191	 -0.086866	  0.027763	  0.121746	  0.183291	  0.279969	  0.352288
  0.029119	 -0.074798	  0.029379	  0.126370	  0.224437	  0.302046	  0.413580
  0.086958	 -0.031878	  0.042429	  0.134796	  0.217690	  0.295648	  0.384217
  0.059971	 -0.031688	  0.054624	  0.135081	  0.208726	  0.285100	  0.399073
  0.032350	  0.020355	  0.065204	  0.114080	  0.179997	  0.250732	  0.366194
  0.029658	  0.030681	  0.077937	  0.096912	  0.177811	  0.269737	  0.303476
  0.019933	  0.071447	  0.085064	  0.076260	  0.184399	  0.247438	  0.238827
  0.031653	  0.081963	  0.090037	  0.040340	  0.156620	  0.190106	  0.143674
  0.054776	  0.127069	  0.060199	  0.046485	  0.145502	  0.101447	  0.002213
  0.063930	  0.129318	  0.040719	  0.050476	  0.103089	  0.019978	 -0.109791
  0.065736	  0.158997	  0.030424	  0.049716	  0.036792	 -0.005268	 -0.169499
  0.049550	  0.171889	  0.007618	  0.053802	 -0.006413	 -0.031020	 -0.243239
  0.038812	  0.139327	  0.008948	  0.048512	 -0.092031	 -0.072863	 -0.327527
  0.034060	  0.099575	 -0.031469	  0.004104	 -0.133462	 -0.125285	 -0.364714
 -0.012027	  0.053329	 -0.022949	 -0.045595	 -0.132037	 -0.134154	 -0.376434
 -0.018616	  0.039328	 -0.022030	 -0.071886	 -0.108756	 -0.152431	 -0.433038
 -0.036005	  0.043002	  0.012528	 -0.101755	 -0.090226	 -0.140236	 -0.442002
 -0.040915	  0.016173	  0.011482	 -0.096656	 -0.058645	 -0.096271	 -0.422110
 -0.058748	 -0.005651	  0.038153	 -0.071474	 -0.023866	 -0.061523	 -0.374945
 -0.053268	 -0.010402	  0.059249	 -0.061971	  0.004104	 -0.050183	 -0.334971
 -0.064893	 -0.050155	  0.081358	 -0.041446	  0.061784	 -0.035898	 -0.351537
 -0.090487	 -0.083952	  0.034574	 -0.007521	  0.075025	 -0.032160	 -0.301522
 -0.073160	 -0.078567	  0.041067	 -0.037835	  0.087410	 -0.000136	 -0.297119
 -0.046427	 -0.075527	  0.046040	 -0.064283	  0.102614	  0.045096	 -0.246819
 -0.030621	 -0.107550	  0.065140	 -0.030898	  0.096976	  0.024222	 -0.211501
 -0.026028	 -0.046734	  0.071254	  0.001221	  0.073504	 -0.003906	 -0.207573
 -0.022733	 -0.009135	  0.049239	  0.014018	  0.049273	  0.011045	 -0.166554
 -0.014276	 -0.059436	  0.013795	  0.021683	  0.039675	 -0.032793	 -0.153408
  0.012204	 -0.027634	  0.027827	  0.067486	  0.065870	 -0.066433	 -0.131869
  0.051387	 -0.015819	  0.048923	  0.078319	  0.089215	 -0.079578	 -0.103425
  0.056740	 -0.011226	  0.061022	  0.094251	  0.105781	 -0.063107	 -0.053219
  0.032192	  0.001508	  0.075815	  0.082183	  0.049273	 -0.022372	 -0.003932
  0.017463	  0.026975	  0.102581	  0.062956	  0.000873	  0.025996	  0.010606
  0.049360	  0.025074	  0.066091	  0.081613	  0.047150	  0.059793	  0.011367
  0.049201	 -0.003782	  0.071317	  0.065585	  0.075690	  0.106546	  0.019095
  0.052147	 -0.012366	  0.076290	  0.068404	  0.093555	  0.118615	  0.048300
  0.039033	 -0.032480	  0.055574	  0.031978	  0.126117	  0.168250	  0.077631
 -0.003601	  0.000557	  0.046230	  0.062164	  0.147276	  0.217790	  0.059101
 -0.032648	 -0.012144	  0.040750	  0.050730	  0.125452	  0.260330	  0.085107
 -0.008606	 -0.016991	  0.071190	  0.038471	  0.099573	  0.229320	  0.104841
 -0.032933	  0.006101	  0.014396	  0.026878	  0.095487	  0.214052	  0.144498
 -0.070816	  0.036984	 -0.001093	  0.073282	  0.099161	  0.222288	  0.171961
 -0.033598	  0.042812	  0.022125	  0.116899	  0.115949	  0.229288	  0.232904
 -0.022765	  0.015762	  0.052438	  0.117755	  0.091527	  0.229225	  0.323590
 -0.064925	  0.010345	  0.070715	  0.170114	  0.093618	  0.224347	  0.363628
 -0.065780	  0.017440	  0.104228	  0.170367	  0.102740	  0.218835	  0.392009
 -0.054915	  0.010694	  0.097132	  0.156557	  0.072649	  0.265905	  0.415259
 -0.053870	  0.010345	  0.082308	  0.151425	  0.062576	  0.268534	  0.427010
 -0.036956	 -0.002388	  0.047719	  0.148131	  0.092288	  0.274996	  0.460808
 -0.030019	 -0.048476	  0.043031	  0.138058	  0.094853	  0.302331	  0.438192
 -0.039743	 -0.044231	  0.041574	  0.144742	  0.118293	  0.327355	  0.423589
 -0.070563	 -0.048381	  0.030076	  0.111039	  0.141068	  0.298910	  0.392832
 -0.063436	 -0.047177	  0.038945	  0.115379	  0.152629	  0.240786	  0.356247
 -0.050418	 -0.017941	  0.029791	  0.136000	  0.160548	  0.166856	  0.285802
 -0.031286	  0.009300	  0.008410	  0.127416	  0.164159	  0.139299	  0.258656
 -0.065178	  0.035115	  0.012749	  0.115537	  0.123614	  0.138000	  0.227931
 -0.062423	  0.068564	  0.031818	  0.085161	  0.102012	  0.129891	  0.165911
 -0.047535	  0.069705	  0.027795	  0.088138	  0.100111	  0.128307	  0.136104
 -0.004488	  0.068089	  0.028429	  0.080916	  0.076608	  0.111139	  0.096352
  0.013535	  0.069578	  0.040529	  0.093618	  0.069957	  0.054884	  0.025304
  0.020567	  0.027862	  0.046388	  0.066916	  0.054277	  0.017697	 -0.049292
  0.018508	  0.065809	  0.067136	  0.053739	  0.011927	 -0.041599	 -0.117425
  0.012553	  0.066917	  0.068339	  0.056146	 -0.008218	 -0.114547	 -0.184387
  0.014358	  0.095805	  0.083354	  0.059124	 -0.059596	 -0.124779	 -0.216410
  0.037703	  0.073791	  0.081992	  0.059124	 -0.063175	 -0.138779	 -0.267186
  0.023956	  0.062799	  0.059059	  0.067359	 -0.066817	 -0.181509	 -0.324107
  0.006851	  0.086493	  0.064127	  0.018262	 -0.045120	 -0.159368	 -0.326387
  0.011349	  0.104167	  0.072837	 -0.016137	 -0.079709	 -0.168522	 -0.322871
  0.012965	  0.107557	  0.053135	 -0.021775	 -0.145531	 -0.204569	 -0.339944
  0.022119	  0.097072	  0.023962	 -0.004892	 -0.134191	 -0.180527	 -0.326260
  0.004761	  0.057700	  0.019750	  0.021652	 -0.138911	 -0.147965	 -0.318880
  0.001118	  0.054912	  0.005939	  0.009520	 -0.107774	 -0.096144	 -0.316346
 -0.016398	  0.031346	  0.014460	 -0.007236	 -0.099665	 -0.053224	 -0.330568
 -0.013864	  0.031251	  0.004482	 -0.002422	 -0.091968	 -0.034219	 -0.326324
 -0.020896	  0.021400	  0.030266	 -0.018449	 -0.084524	 -0.022531	 -0.316124
 -0.010127	  0.000969	  0.028175	 -0.053355	 -0.030423	 -0.001688	 -0.320179
  0.001720	  0.010313	  0.003880	 -0.105746	 -0.027477	 -0.027694	 -0.338392
  0.009797	  0.024441	 -0.008727	 -0.072867	 -0.063745	 -0.063233	 -0.331107
 -0.015828	  0.022128	 -0.011482	 -0.083099	 -0.045848	 -0.078818	 -0.359963
  0.033300	  0.003092	 -0.004799	 -0.059342	 -0.068750	 -0.128833	 -0.382009
 -0.008575	  0.009743	 -0.039927	 -0.090004	 -0.082782	 -0.185532	 -0.373362
 -0.005724	 -0.031118	 -0.031121	 -0.090035	 -0.098620	 -0.221927	 -0.376339
  0.016766	 -0.049141	 -0.023677	 -0.085221	 -0.132132	 -0.257055	 -0.362434
  0.022752	  0.019151	 -0.007428	 -0.095294	 -0.115439	 -0.254901	 -0.375009
  0.039920	  0.047975	  0.020573	 -0.126304	 -0.181545	 -0.226741	 -0.377891
  0.049455	  0.024314	  0.029220	 -0.110403	 -0.229027	 -0.177898	 -0.378145
  0.051767	  0.006829	  0.046737	 -0.114996	 -0.217972	 -0.163676	 -0.384860
  0.020250	  0.025486	  0.025071	 -0.111638	 -0.172265	 -0.143214	 -0.391828
 -0.005375	  0.019911	 -0.003310	 -0.100647	 -0.157472	 -0.119584	 -0.422363
 -0.011172	 -0.012588	 -0.022727	 -0.092886	 -0.103276	 -0.115814	 -0.437409
  0.031463	 -0.031973	 -0.032768	 -0.079393	 -0.094628	 -0.104126	 -0.466487
  0.017969	 -0.017181	 -0.016424	 -0.111765	 -0.065614	 -0.153413	 -0.500950
  0.026110	  0.030269	 -0.070842	 -0.120919	 -0.026431	 -0.174762	 -0.556413
 -0.001954	  0.061437	 -0.078602	 -0.102706	 -0.044581	 -0.162409	 -0.599840
 -0.002936	  0.070782	 -0.105938	 -0.075972	 -0.061781	 -0.186165	 -0.618244
 -0.006547	  0.025644	 -0.136188	 -0.094248	 -0.086836	 -0.197442	 -0.611212
 -0.007403	  0.029414	 -0.115631	 -0.127856	 -0.110181	 -0.208750	 -0.633511
 -0.046205	  0.013196	 -0.115251	 -0.115439	 -0.166753	 -0.248059	 -0.607822
 -0.043069	 -0.002990	 -0.136093	 -0.058835	 -0.145119	 -0.229592	 -0.610451
 -0.029512	 -0.008882	 -0.142301	 -0.025576	 -0.136313	 -0.228769	 -0.624927
 -0.035435	 -0.045688	 -0.127351	  0.003058	 -0.121394	 -0.215497	 -0.611307
 -0.010412	 -0.030421	 -0.125038	 -0.023549	 -0.135585	 -0.201338	 -0.584351
 -0.027770	 -0.022882	 -0.100332	 -0.009200	 -0.098556	 -0.204759	 -0.560214
  0.010177	 -0.012018	 -0.102454	  0.000271	 -0.068338	 -0.167635	 -0.525688
  0.024368	 -0.017276	 -0.048637	  0.004262	 -0.022124	 -0.148883	 -0.514253
  0.052464	 -0.040050	 -0.058774	  0.002108	 -0.028997	 -0.101117	 -0.505068
  0.060414	 -0.001533	 -0.031343	  0.019244	  0.006257	 -0.064342	 -0.460215
  0.068206	 -0.012905	 -0.027573	  0.050698	  0.015253	 -0.079198	 -0.433323
  0.055631	 -0.005809	  0.010500	  0.097514	 -0.024943	 -0.065736	 -0.395724
  0.044862	  0.001064	 -0.019274	  0.140783	 -0.005969	 -0.035803	 -0.333007
  0.058134	 -0.004162	 -0.020066	  0.138185	  0.011674	 -0.025730	 -0.305386
  0.026934	 -0.040905	 -0.018546	  0.090640	  0.026023	 -0.064849	 -0.273838
  0.012300	 -0.052594	  0.005369	  0.038440	  0.026245	 -0.074985	 -0.276372
  0.003684	 -0.050693	  0.008220	  0.066472	  0.048702	 -0.087338	 -0.264304
 -0.020960	 -0.024878	  0.061814	  0.082690	 -0.014363	 -0.135897	 -0.260503
  0.008087	 -0.033715	  0.048162	  0.076038	 -0.035902	 -0.168459	 -0.226198
  0.024906	 -0.002357	  0.009550	  0.048544	 -0.047654	 -0.161142	 -0.195948
  0.002987	  0.042211	 -0.003437	  0.044743	 -0.017879	 -0.176663	 -0.207605
 -0.008163	  0.063876	 -0.009138	  0.015633	 -0.058614	 -0.183473	 -0.201808
 -0.002271	  0.024726	 -0.011799	 -0.008377	 -0.109072	 -0.169092	 -0.174821
 -0.001226	  0.030871	  0.013446	 -0.030613	 -0.144359	 -0.128770	 -0.172952
 -0.026629	  0.009046	 -0.008093	 -0.042079	 -0.175115	 -0.138842	 -0.166395
 -0.047567	  0.024504	 -0.052914	 -0.020477	 -0.152404	 -0.137734	 -0.183405
 -0.029797	  0.029572	 -0.044361	 -0.009263	 -0.132480	 -0.120376	 -0.196962
 -0.017855	  0.042749	 -0.025800	  0.003913	 -0.163079	 -0.111253	 -0.204501
  0.011666	  0.033278	 -0.022284	  0.050254	 -0.173627	 -0.108783	 -0.207541
  0.002607	 -0.017022	 -0.042524	  0.056399	 -0.154463	 -0.112013	 -0.238552
 -0.031571	  0.001096	 -0.044963	  0.040150	 -0.154970	 -0.106565	 -0.248941
 -0.042277	  0.012657	 -0.053294	  0.020860	 -0.137042	 -0.098171	 -0.233167
 -0.047820	  0.033278	 -0.048036	  0.010882	 -0.108027	 -0.089841	 -0.235701
 -0.035625	  0.046962	 -0.044773	 -0.051138	 -0.083542	 -0.094782	 -0.226673
 -0.011457	  0.046613	 -0.012718	 -0.058360	 -0.063650	 -0.135421	 -0.227719
 -0.029449	  0.055324	 -0.033117	 -0.051360	 -0.059279	 -0.117430	 -0.173110
 -0.056341	  0.065112	 -0.043949	 -0.019368	 -0.072772	 -0.095035	 -0.116538
 -0.076011	  0.068374	 -0.026623	 -0.015092	 -0.084049	 -0.096081	 -0.089836
 -0.079147	  0.031061	 -0.045628	 -0.002327	 -0.068971	 -0.079926	 -0.106497
 -0.066889	  0.057858	 -0.058267	  0.004864	 -0.053229	 -0.079229	 -0.107384
 -0.069391	  0.048197	 -0.053864	  0.010724	 -0.073184	 -0.070994	 -0.119484
 -0.018679	  0.037174	  0.004957	  0.003565	 -0.082053	 -0.061871	 -0.086795
  0.026934	  0.047944	  0.034384	  0.009235	 -0.071822	 -0.056803	 -0.065288
  0.008403	  0.027640	  0.069195	  0.035969	 -0.020730	 -0.093958	 -0.073587
  0.034821	 -0.019113	  0.071887	  0.051775	 -0.011259	 -0.095035	 -0.089392
  0.047491	 -0.031118	  0.052977	  0.040625	 -0.032608	 -0.064120	 -0.075677
  0.067826	 -0.027919	  0.028239	  0.080156	 -0.029124	 -0.043721	 -0.070672
  0.044798	  0.005626	  0.014777	  0.132420	 -0.020603	 -0.008372	 -0.037920
  0.039445	  0.046803	  0.000016	  0.123741	 -0.026622	 -0.008467	  0.001262
  0.017019	  0.046962	  0.009043	  0.090102	 -0.041952	 -0.009987	  0.034110
  0.023893	  0.020830	  0.043189	  0.069735	 -0.050536	 -0.006978	  0.017923
  0.021612	  0.025328	  0.032325	  0.102519	 -0.046545	  0.028815	  0.030055
  0.055853	  0.035147	  0.020573	  0.123456	  0.002520	  0.065939	  0.030752
  0.049550	  0.031504	  0.032135	  0.101885	  0.030521	  0.096283	  0.016403
  0.057152	  0.036952	  0.012147	  0.084654	  0.057857	  0.112184	  0.008928
  0.091583	  0.024314	  0.017596	  0.073979	  0.053929	  0.125203	  0.050612
  0.111095	  0.055197	  0.064855	  0.049336	  0.057033	  0.158747	  0.050866
  0.099343	  0.044871	  0.059692	  0.012624	  0.076672	  0.161376	  0.052355
  0.094497	  0.041830	  0.070937	  0.002900	  0.082215	  0.146647	  0.062269
  0.044292	  0.042432	  0.107458	  0.017249	  0.085161	  0.161535	  0.085740
  0.012204	  0.012087	  0.088675	  0.056653	  0.053295	  0.182757	  0.091125
 -0.031688	  0.040864	  0.033807	 -0.002631	  0.035275	 -0.026728	  0.022805
 -0.018574	 -0.007662	  0.050025	  0.012605	  0.032076	  0.004948	 -0.006970
  0.002838	 -0.020332	  0.034694	  0.006619	 -0.005111	  0.007102	 -0.010328
 -0.004194	 -0.007567	  0.019648	  0.011877	 -0.018795	  0.005676	 -0.010074
  0.028907	  0.028891	  0.012141	 -0.003264	  0.022288	 -0.034076	 -0.035795
  0.031916	  0.064589	 -0.023905	  0.006270	  0.029890	 -0.056756	 -0.039184
  0.040437	  0.025058	 -0.066319	  0.024705	  0.047058	  0.012106	 -0.023315
  0.061754	 -0.013205	 -0.063563	  0.050711	  0.028687	  0.028102	  0.002722
  0.033341	 -0.010513	 -0.031444	  0.046244	  0.015922	  0.026550	  0.096386
  0.002300	  0.002696	 -0.026313	  0.046403	  0.016999	  0.051795	  0.115265
  0.000557	  0.024837	  0.013472	  0.034936	  0.022763	  0.026424	  0.037660
 -0.005588	  0.007510	  0.027124	 -0.000698	  0.008605	 -0.029040	 -0.061103
  0.016363	  0.003202	  0.017399	  0.039498	 -0.041442	 -0.090427	 -0.155907
  0.032043	  0.025217	  0.000738	  0.035063	 -0.061081	 -0.097712	 -0.218688
  0.053265	 -0.000409	 -0.008163	  0.018655	 -0.069412	 -0.115482	 -0.214063
  0.012341	 -0.048745	 -0.010697	 -0.001522	 -0.056330	 -0.033348	 -0.132056
 -0.032100	 -0.061795	 -0.027010	 -0.060596	 -0.038940	  0.016129	  0.024547
 -0.078853	 -0.044564	 -0.000782	 -0.092272	  0.002111	  0.064909	  0.165945
 -0.088862	 -0.011780	  0.020789	 -0.098860	  0.001731	  0.105548	  0.226667
 -0.056205	  0.003709	  0.028359	 -0.073742	  0.027705	  0.134278	  0.215486
 -0.019398	  0.063069	  0.046826	 -0.100982	  0.049909	  0.124649	  0.106237
 -0.003719	  0.046312	  0.026173	 -0.082547	  0.017790	  0.048818	 -0.025595
  0.016744	  0.052869	  0.031843	 -0.139721	 -0.052624	 -0.026411	 -0.185777
  0.007589	  0.076151	  0.037957	 -0.102756	 -0.031813	 -0.032683	 -0.291034
  0.005942	  0.076499	  0.028296	 -0.045709	 -0.039320	 -0.035818	 -0.335221
  0.017789	  0.050145	  0.025096	 -0.057207	  0.001699	 -0.031511	 -0.257364
  0.003947	  0.003678	  0.040364	 -0.041876	 -0.013156	  0.020279	 -0.106874
 -0.017117	  0.017393	  0.058450	 -0.008459	 -0.005016	  0.052587	  0.007696
 -0.016642	  0.040928	  0.060636	 -0.024487	  0.003442	  0.077706	  0.113681
 -0.004922	  0.052394	  0.057278	 -0.027717	  0.006957	  0.098707	  0.165344
  0.018042	  0.077323	  0.087370	 -0.043238	  0.030841	  0.035989	  0.175480
  0.008825	  0.028638	  0.078153	 -0.068389	  0.027071	 -0.023180	  0.114125
  0.005467	  0.030063	  0.070075	 -0.050270	  0.034483	 -0.075888	 -0.007762
  0.016427	  0.040294	  0.077392	 -0.054451	  0.049783	 -0.112473	 -0.127115
  0.018454	  0.058412	  0.050627	 -0.044664	  0.032266	 -0.125111	 -0.181026
  0.021843	  0.035163	  0.042043	 -0.010138	  0.064353	 -0.095178	 -0.159804
  0.016807	  0.022588	  0.067510	 -0.009346	  0.073729	 -0.064263	 -0.117929
  0.026341	  0.020497	  0.078089	 -0.010613	  0.090770	 -0.046651	  0.014601
  0.050985	  0.055150	  0.064659	 -0.017106	  0.108667	 -0.008483	  0.181878
  0.033595	  0.054516	  0.044418	 -0.042573	  0.097992	  0.050940	  0.293058
  0.033722	  0.063480	  0.067700	 -0.046501	  0.099671	  0.053411	  0.233794
  0.040658	  0.070227	  0.048504	 -0.014826	  0.084055	  0.040044	  0.068005
  0.030237	  0.054928	  0.054111	 -0.024328	  0.043574	  0.003586	 -0.086475
  0.000146	  0.034466	  0.046857	 -0.023220	 -0.007455	 -0.081969	 -0.253879
  0.002806	  0.045299	  0.020820	 -0.012513	 -0.032700	 -0.130718	 -0.293663
 -0.028140	  0.043335	  0.026363	  0.003261	 -0.007296	 -0.106708	 -0.278111
  0.029477	  0.032755	  0.055663	  0.009374	  0.015478	 -0.056629	 -0.216154
  0.031916	  0.039629	  0.092977	  0.018402	  0.047439	 -0.008483	 -0.075389
  0.039423	  0.011723	  0.080496	  0.007917	  0.069358	  0.031333	  0.059453
  0.043763	  0.015809	  0.110240	 -0.015364	  0.069706	  0.089014	  0.173199
  0.012214	  0.023158	  0.093388	 -0.046849	  0.052982	  0.095476	  0.221979
 -0.041856	  0.018058	  0.102036	 -0.062560	  0.066729	  0.077104	  0.173326
 -0.042679	 -0.008169	  0.063804	 -0.060882	  0.026818	  0.044732	  0.050837
 -0.038276	  0.005071	  0.044007	 -0.063257	  0.023112	 -0.012822	 -0.090751
 -0.018384	  0.010899	  0.060763	 -0.108078	 -0.005966	 -0.059353	 -0.200316
  0.024852	  0.006085	  0.033649	 -0.090213	 -0.037863	 -0.079530	 -0.256445
  0.026278	 -0.017070	  0.052242	 -0.072158	 -0.031686	 -0.055109	 -0.185777
  0.030839	 -0.016848	  0.069980	 -0.082357	  0.013451	 -0.006392	 -0.112892
  0.060804	 -0.002531	  0.061523	 -0.064714	  0.026723	  0.026455	  0.013080
  0.069230	  0.029113	  0.038527	 -0.066520	  0.013451	  0.068552	  0.092585
  0.044174	  0.067503	  0.023576	 -0.038329	  0.010252	  0.103901	  0.120460
  0.080443	  0.078811	  0.025255	 -0.065506	 -0.016102	  0.109540	  0.101359
  0.073347	  0.057969	  0.058862	 -0.089706	  0.007179	  0.073873	  0.046244
  0.108254	  0.080395	  0.101814	 -0.068420	  0.044651	  0.017840	 -0.059931
  0.100113	  0.069847	  0.138209	 -0.051696	  0.086051	 -0.071928	 -0.210199
  0.125485	  0.059109	  0.159780	 -0.010644	  0.060932	 -0.077471	 -0.256350
  0.130205	  0.038172	  0.169536	 -0.018468	  0.058335	 -0.085549	 -0.236268
  0.129919	  0.074218	  0.130575	  0.013809	  0.102142	 -0.024764	 -0.128857
  0.072587	  0.071969	  0.119299	 -0.002979	  0.124378	  0.013975	  0.037629
  0.043161	  0.047389	  0.106090	  0.016945	  0.127260	  0.037732	  0.172502
  0.091434	  0.039407	  0.084393	  0.030312	  0.144143	  0.035356	  0.264076
  0.090009	  0.053788	  0.084234	  0.037312	  0.168755	  0.090883	  0.277728
  0.074329	  0.025122	  0.129245	  0.009723	  0.131917	  0.072194	  0.200566
  0.068596	  0.006528	  0.105235	 -0.025659	  0.135908	  0.026297	  0.029361
  0.101063	 -0.027491	  0.068935	 -0.020654	  0.121749	 -0.071263	 -0.106019
  0.078732	 -0.022011	  0.070202	 -0.020020	  0.137238	 -0.085232	 -0.206588
  0.081139	 -0.014441	  0.023861	 -0.007509	  0.070530	 -0.095368	 -0.226322
  0.111073	 -0.028948	  0.039414	 -0.016219	  0.041547	 -0.062964	 -0.177573
  0.105118	 -0.055365	  0.037481	 -0.004721	  0.060109	 -0.016021	 -0.073932
  0.074804	 -0.064773	  0.020155	  0.004908	  0.067141	  0.022718	  0.092965
  0.068818	 -0.044057	  0.064025	  0.017578	  0.064512	  0.059778	  0.181910
  0.054691	 -0.050171	  0.087243	 -0.028288	  0.057131	  0.055977	  0.228884
  0.053329	 -0.030975	  0.125349	 -0.014667	  0.068566	  0.062945	  0.189702
  0.088298	 -0.018559	  0.117462	 -0.047483	  0.068408	  0.037668	  0.085300
  0.101443	 -0.044437	  0.114611	 -0.082072	  0.074711	  0.012170	 -0.071239
  0.125865	 -0.040034	  0.159400	 -0.095978	  0.061249	 -0.022610	 -0.220398
  0.116521	 -0.021536	  0.175396	 -0.066298	  0.021275	 -0.054665	 -0.269622
  0.135684	 -0.000820	  0.148187	 -0.043017	 -0.024084	 -0.031257	 -0.240639
  0.135336	  0.003234	  0.105298	 -0.028414	 -0.042424	 -0.015008	 -0.144156
  0.088678	 -0.037215	  0.076695	 -0.009092	 -0.016039	  0.023509	 -0.019482
  0.071669	 -0.036233	  0.060573	  0.039719	 -0.031306	  0.053696	  0.116342
  0.112656	 -0.013269	  0.058165	  0.040289	 -0.010147	  0.075837	  0.230500
  0.097579	  0.062340	  0.095511	  0.036900	  0.004170	  0.091485	  0.250867
  0.090389	  0.052236	  0.093008	  0.020967	  0.016682	  0.081190	  0.203766
  0.084719	  0.047706	  0.084741	 -0.023663	  0.007338	  0.065194	  0.092617
  0.067551	  0.053946	  0.084583	 -0.022016	  0.012247	  0.055375	 -0.064556
  0.086619	  0.044792	  0.055726	 -0.016029	 -0.001943	  0.042325	 -0.118562
  0.093556	  0.043145	  0.068745	 -0.003518	 -0.037800	  0.054329	 -0.152582
  0.082723	  0.055498	  0.056233	  0.015646	 -0.032067	  0.101146	 -0.089136
  0.078764	  0.055783	  0.057469	  0.033226	 -0.014202	  0.116540	  0.002216
  0.090325	  0.057050	  0.048599	 -0.013020	  0.005817	  0.118250	  0.161226
  0.113353	  0.051190	  0.049486	  0.011813	  0.032805	  0.098612	  0.282796
  0.098498	  0.079857	  0.058102	  0.018148	  0.075883	  0.077611	  0.342123
  0.072334	  0.073648	  0.082745	  0.029678	  0.092227	  0.061773	  0.285076
  0.071098	  0.056005	  0.088700	  0.011497	  0.066982	  0.048628	  0.132401
  0.119340	  0.047263	  0.075460	 -0.015586	  0.036004	 -0.018397	 -0.048687
  0.127480	  0.043683	  0.085881	 -0.036808	  0.014306	 -0.070661	 -0.150016
  0.126118	  0.084038	  0.082017	 -0.028921	  0.028085	 -0.081779	 -0.164428
  0.096312	  0.067155	  0.102638	 -0.000888	  0.032519	 -0.076901	 -0.104118
  0.091941	  0.051951	  0.094750	  0.002754	  0.019723	 -0.063914	 -0.017360
  0.081361	  0.098862	  0.095796	 -0.004753	  0.072684	  0.005106	  0.090970
  0.079682	  0.050969	  0.116511	  0.004908	  0.078259	  0.052239	  0.210829
  0.059030	  0.059141	  0.111538	  0.040828	  0.044493	  0.086955	  0.308864
  0.066917	  0.066838	  0.081193	  0.041968	  0.036954	  0.068583	  0.299964
  0.083674	  0.033231	  0.099692	  0.016089	  0.028275	  0.031523	  0.159990
  0.085067	  0.029144	  0.106312	  0.018402	  0.026723	  0.011885	  0.034461
  0.102204	  0.036937	  0.096271	  0.039498	  0.035750	  0.005233	 -0.071113
  0.094538	  0.065793	  0.095574	  0.049254	  0.052918	 -0.007342	 -0.093159
  0.085067	  0.081504	  0.084107	  0.054068	  0.027895	  0.015559	 -0.062655
  0.076357	  0.093192	  0.061396	  0.046466	  0.027420	  0.004283	 -0.040514
  0.093271	  0.097215	  0.116321	  0.045136	  0.058050	  0.028451	  0.011782
  0.116077	  0.090753	  0.155092	  0.039751	  0.048642	  0.026075	  0.050299
  0.131535	  0.092400	  0.170518	  0.049000	  0.033628	  0.027120	  0.051914
  0.126562	  0.099907	  0.157974	  0.016691	  0.023112	  0.027817	  0.038199
  0.094855	  0.079413	  0.143562	 -0.026419	  0.010885	  0.016382	  0.057204
  0.095678	  0.072033	  0.101719	 -0.047008	  0.032266	  0.003776	  0.040891
  0.104643	  0.064874	  0.094434	 -0.037854	  0.037746	 -0.032904	  0.054195
  0.107462	  0.057209	  0.076347	 -0.002346	  0.009935	 -0.042629	  0.067023
  0.134576	  0.047168	  0.061681	  0.017863	  0.007686	 -0.045669	  0.049159
  0.108729	  0.078178	  0.102099	  0.044090	  0.013356	 -0.025556	  0.054100
  0.103217	  0.087459	  0.100452	  0.066517	  0.034262	 -0.020994	  0.084572
  0.106321	  0.074757	  0.112900	  0.047575	  0.027641	 -0.031796	  0.108930
  0.126118	  0.073680	  0.105425	  0.033638	  0.015700	  0.006531	  0.112858
  0.140531	  0.082961	  0.102479	  0.070729	  0.007686	  0.021862	  0.140890
  0.147087	  0.072666	  0.093072	  0.066358	 -0.001468	  0.061425	  0.151850
  0.137585	  0.107066	  0.091963	  0.048873	 -0.028107	  0.085245	  0.142442
  0.145694	  0.085020	  0.094940	  0.063602	 -0.036976	  0.079195	  0.104179
  0.119783	  0.070797	  0.080908	  0.063792	 -0.039700	  0.064212	  0.064553
  0.128177	  0.095061	  0.102226	  0.055620	 -0.081543	  0.015686	  0.062240
  0.109742	  0.077449	  0.112235	  0.033923	 -0.094182	  0.001780	  0.086599
  0.097611	  0.049987	  0.090474	  0.022900	 -0.068113	 -0.019696	  0.072345
  0.106131	  0.034846	  0.101592	  0.011148	 -0.016767	 -0.029230	  0.062082
  0.101918	  0.033801	  0.128770	  0.026986	 -0.026808	 -0.029990	  0.079187
  0.104864	  0.042163	  0.127629	  0.030312	 -0.010622	 -0.034045	  0.115803
  0.084434	  0.019610	  0.123987	  0.021031	  0.012596	 -0.030972	  0.141492
  0.079556	  0.015999	  0.115086	  0.019130	 -0.030958	 -0.041963	  0.095436
  0.045346	 -0.003418	  0.110905	  0.028760	 -0.015310	 -0.069078	  0.094929
  0.061723	  0.029398	  0.081130	  0.035443	 -0.018509	 -0.073639	  0.111749
  0.081805	  0.044475	  0.103778	  0.066453	 -0.026397	 -0.069774	  0.118496
  0.040215	  0.056100	  0.107801	  0.107631	  0.028560	 -0.042597	  0.136836
  0.038251	  0.051317	  0.119679	  0.086757	  0.062801	 -0.030434	  0.141397
  0.031948	  0.041466	  0.105773	  0.102246	  0.095015	 -0.016338	  0.113586
  0.027165	  0.008587	  0.098171	  0.113586	  0.093558	  0.020374	  0.105762
  0.034482	  0.003487	  0.063899	  0.096957	  0.059507	  0.006848	  0.084255
  0.064003	  0.024710	  0.074098	  0.099554	  0.019152	 -0.033760	  0.109753
  0.067139	  0.050240	  0.023861	  0.093219	 -0.009450	  0.014292	  0.104875
  0.045536	  0.052457	  0.021295	  0.094423	 -0.000201	 -0.008736	  0.114980
  0.059347	  0.054928	  0.036309	  0.091667	  0.018899	 -0.033063	  0.099839
  0.097927	  0.057621	  0.076569	  0.079598	  0.009587	 -0.026221	  0.078173
  0.133657	  0.054136	  0.092945	  0.053878	  0.006071	 -0.015768	  0.072250
  0.140721	  0.034529	  0.109923	  0.089164	  0.000654	  0.000703	  0.102278
  0.109774	  0.044285	  0.108402	  0.102436	 -0.030103	  0.017523	  0.128252
  0.060994	  0.050525	  0.106344	  0.110704	 -0.041759	  0.044098	  0.078617
  0.043287	  0.041213	  0.102289	  0.066928	 -0.056678	  0.017649	  0.027144
  0.064763	  0.037063	  0.092596	  0.025497	 -0.060384	  0.012423	 -0.003074
  0.048767	  0.009791	  0.056202	  0.022583	 -0.077647	  0.025410	 -0.033166
  0.055197	  0.052869	  0.051070	  0.045928	 -0.047461	  0.018853	 -0.015364
  0.081741	  0.021606	  0.026965	  0.037312	 -0.038307	  0.022908	  0.017832
  0.069705	  0.025470	  0.055853	  0.045833	 -0.026808	  0.054203	  0.017927
  0.075089	  0.022081	  0.045527	  0.064078	 -0.003907	  0.074823	  0.019130
  0.067139	  0.076024	  0.037386	  0.041208	  0.037778	  0.068235	  0.077001
  0.049876	  0.094902	 -0.014403	  0.039181	 -0.026935	  0.062375	  0.088689
  0.051586	  0.150683	 -0.023525	  0.061100	 -0.043153	  0.089933	  0.105477
  0.061786	  0.148022	 -0.016620	  0.070888	 -0.059244	  0.062153	  0.125528
  0.053360	  0.145234	 -0.026629	  0.101676	 -0.070932	  0.050560	  0.115772
  0.077402	  0.142637	  0.024209	  0.086029	 -0.046922	  0.051162	  0.060688
  0.057446	  0.142795	  0.041758	  0.038959	 -0.069570	  0.043750	  0.040068
  0.038980	  0.156543	  0.038242	  0.036678	 -0.073973	  0.029338	  0.037882
  0.003662	  0.122333	  0.062505	  0.018877	 -0.062538	  0.011029	  0.048778
  0.016807	  0.086223	  0.044197	  0.004306	 -0.020537	 -0.001894	  0.020651
  0.002680	  0.062942	  0.074510	 -0.020242	  0.016618	 -0.011207	 -0.009251
  0.003250	  0.061295	  0.073845	  0.024800	  0.066570	  0.017618	  0.012067
  0.021083	  0.046534	  0.063233	  0.037502	  0.082091	 -0.000437	  0.003958
  0.040215	  0.034973	  0.069917	  0.070983	  0.067521	 -0.044814	  0.013714
  0.073886	 -0.003576	  0.056233	  0.079313	  0.068344	 -0.020456	  0.003578
  0.043129	  0.043240	  0.039730	  0.072345	  0.056149	 -0.026094	  0.028696
  0.059315	  0.052964	  0.058989	  0.051756	  0.074774	 -0.024099	  0.034556
  0.068564	  0.074915	  0.078881	  0.066041	  0.044683	 -0.031574	  0.051914
  0.041482	  0.085653	  0.093198	  0.070349	  0.018709	 -0.001958	  0.051851
  0.053297	  0.117614	  0.084931	  0.058471	 -0.012586	  0.028799	  0.042317
  0.044269	  0.086635	  0.049835	  0.055272	 -0.008658	  0.019550	  0.018433
  0.029414	  0.021257	  0.081415	  0.060182	  0.014623	  0.040963	  0.050616
  0.021463	  0.088821	  0.103493	  0.047290	  0.036669	  0.030573	  0.041810
  0.050890	  0.110107	  0.084393	  0.071680	 -0.023387	  0.010554	  0.067087
  0.051776	  0.087490	  0.046097	  0.081911	 -0.031718	  0.024238	  0.056159
  0.037554	  0.062372	  0.003367	  0.048208	 -0.045687	  0.036623	  0.063001
  0.055039	  0.105577	  0.010621	  0.044629	 -0.066751	  0.061013	  0.087612
  0.056369	  0.066521	 -0.025331	  0.044122	 -0.060479	  0.056135	  0.073834
  0.108887	  0.071494	 -0.037399	  0.044312	 -0.026523	  0.056832	  0.044312
  0.122412	  0.052584	 -0.054789	  0.026257	  0.018804	  0.044225	  0.074784
  0.095837	  0.063100	 -0.029385	  0.013967	  0.022542	  0.049451	  0.085458
  0.048704	  0.062309	 -0.050576	  0.034239	 -0.012681	  0.051289	  0.083780
  0.081488	  0.076594	 -0.043481	  0.053213	 -0.017718	  0.069882	  0.090083
  0.064193	  0.058286	 -0.025267	  0.009596	  0.031823	  0.059873	  0.096957
  0.036921	  0.031552	 -0.035625	  0.002596	  0.062326	  0.079955	  0.084223
  0.021432	  0.040896	  0.003494	  0.017832	  0.048072	  0.044415	  0.075259
  0.031188	  0.108745	 -0.006104	  0.039054	  0.012691	  0.014577	  0.046054
  0.042749	  0.134180	 -0.016937	  0.039403	  0.000211	  0.010364	  0.050489
  0.032740	  0.161642	 -0.011615	  0.013619	 -0.032858	  0.056325	  0.077730
  0.007494	  0.165887	 -0.016272	 -0.009853	 -0.044388	  0.079923	  0.071426
 -0.008375	  0.143904	 -0.003253	 -0.012735	 -0.046447	  0.066208	  0.024895
 -0.018733	  0.131392	  0.026110	  0.024040	 -0.034632	  0.079258	  0.024230
 -0.005334	  0.137474	  0.042613	  0.033036	 -0.035266	  0.051954	 -0.016568
