:RUN-1	LEVEL SWEEP	TEMP:NaN	8/27/2019	5:33 PM	HR:411.69:SW EAR: R	SW FREQ: 5.66	# AVERAGES: 512	REP RATE (/sec): 80	DRIVER: 	SAMPLE (µsec): 40	MASKER dB: 0:NOTES-:CHAMBER-SEWELL-PXI1:CFTS Version: V2.7.2 (R850):LEVELS:20;30;40;50;60;70;80;:DATA -0.097121	  0.008335	 -0.008236	  0.026208	  0.015853	  0.041336	  0.025537
 -0.084198	  0.016571	 -0.007095	  0.031213	 -0.002518	  0.028001	  0.000133
 -0.098990	  0.003647	 -0.006557	  0.006063	  0.017659	 -0.011023	 -0.007184
 -0.093257	 -0.001801	 -0.012733	 -0.013228	 -0.012971	 -0.032911	  0.002984
 -0.078971	  0.003616	 -0.006810	 -0.046835	 -0.011609	 -0.018942	 -0.002749
 -0.041119	  0.020784	  0.007380	 -0.048862	  0.008473	 -0.018308	  0.026107
 -0.004028	  0.023223	 -0.027526	 -0.019088	 -0.021587	 -0.025625	  0.028007
  0.017765	 -0.003099	 -0.017770	 -0.007843	 -0.014555	 -0.048020	  0.028071
  0.023277	 -0.028440	 -0.018720	  0.015344	  0.004482	 -0.039246	  0.025062
  0.022358	 -0.019381	 -0.021793	 -0.004073	  0.003785	 -0.023376	  0.017459
  0.035662	 -0.026634	  0.003136	  0.021932	 -0.040940	 -0.006905	  0.010047
  0.009973	 -0.029738	  0.040259	  0.010561	 -0.022949	  0.007634	  0.029401
  0.030150	 -0.030784	  0.026734	  0.011162	  0.024469	  0.029078	  0.023763
  0.017543	 -0.010131	  0.025214	 -0.004549	 -0.001758	  0.059803	 -0.003700
  0.026064	 -0.004525	  0.022584	 -0.014178	 -0.018736	  0.054545	  0.003712
  0.036929	  0.012326	  0.028508	  0.012303	 -0.001378	  0.023788	 -0.004143
  0.064835	  0.036400	 -0.002661	  0.008185	  0.022125	 -0.011593	 -0.052733
  0.065088	  0.039029	 -0.002597	  0.020665	  0.018704	 -0.005163	 -0.043991
  0.061952	 -0.001136	  0.005226	 -0.006766	  0.027225	  0.015743	 -0.044212
  0.086089	 -0.008263	 -0.026544	  0.001786	  0.006224	 -0.018815	 -0.061570
  0.103288	 -0.007249	 -0.042033	 -0.042052	  0.003437	 -0.041305	 -0.019094
  0.074907	  0.013625	  0.004878	 -0.061786	 -0.013763	 -0.078618	 -0.001546
  0.012539	 -0.006330	  0.043268	 -0.033975	 -0.047687	 -0.061070	  0.021419
 -0.025155	 -0.043612	  0.038992	 -0.008255	 -0.054022	 -0.036712	  0.070167
 -0.018471	 -0.067020	  0.031770	 -0.010789	 -0.046357	 -0.053278	  0.049388
 -0.051414	 -0.062111	  0.015838	 -0.008508	 -0.016139	 -0.047703	  0.040772
 -0.049672	 -0.075319	  0.030377	 -0.014019	 -0.060991	 -0.013019	  0.065226
 -0.018788	 -0.096098	  0.017738	 -0.023269	 -0.025261	  0.013715	  0.073556
  0.009656	 -0.132620	  0.039499	 -0.011454	  0.007745	 -0.011245	  0.050750
  0.026191	 -0.102370	 -0.007570	 -0.025233	  0.003975	 -0.004688	  0.036053
 -0.001652	 -0.081654	 -0.014602	 -0.042939	  0.011957	  0.016693	  0.002477
  0.000059	 -0.073070	  0.008014	 -0.063623	 -0.003437	  0.003104	  0.030700
 -0.031078	 -0.044911	  0.024675	 -0.047722	 -0.021333	  0.023915	  0.080525
 -0.060885	 -0.082003	  0.004213	 -0.042717	 -0.011799	  0.009693	  0.113119
 -0.070451	 -0.084790	  0.008331	 -0.062609	  0.010595	 -0.011530	  0.107449
 -0.024585	 -0.045924	  0.024833	 -0.071510	  0.024596	 -0.032182	  0.084643
 -0.024933	 -0.014788	  0.022109	 -0.087189	  0.001663	 -0.025530	  0.046316
 -0.010964	 -0.019634	  0.021571	 -0.077972	  0.037044	 -0.044852	  0.071656
 -0.016824	 -0.008453	  0.018752	 -0.094950	  0.045185	 -0.057966	  0.115590
 -0.028449	 -0.002688	  0.019259	 -0.139770	  0.037139	 -0.023218	  0.111092
 -0.021639	  0.002792	  0.012543	 -0.130775	  0.045533	  0.008362	  0.130572
 -0.052712	  0.010996	  0.011878	 -0.145060	  0.059375	  0.035001	  0.137826
 -0.094429	 -0.023720	  0.017960	 -0.134006	  0.111355	  0.048558	  0.136654
 -0.089361	 -0.042535	  0.039689	 -0.105403	  0.127572	  0.052771	  0.068710
 -0.097470	 -0.032938	  0.036395	 -0.108602	  0.132419	  0.045454	  0.016699
 -0.097406	 -0.045354	  0.053183	 -0.119435	  0.115029	  0.007729	 -0.002654
 -0.075234	 -0.063853	  0.064079	 -0.108190	  0.125418	 -0.035508	 -0.019284
 -0.062437	 -0.066450	  0.071745	 -0.070465	  0.122631	 -0.024390	 -0.045891
 -0.076311	 -0.084062	  0.085460	 -0.061279	  0.103024	 -0.040481	 -0.126283
 -0.066650	 -0.072563	  0.071079	 -0.052568	  0.093046	 -0.049065	 -0.181335
 -0.061392	 -0.036644	  0.084700	 -0.049718	  0.084937	 -0.051377	 -0.229101
 -0.073523	 -0.035250	  0.074880	 -0.016744	  0.045375	 -0.066043	 -0.256279
 -0.101841	 -0.073134	  0.064491	 -0.008033	  0.001600	 -0.092714	 -0.279497
 -0.126548	 -0.068224	  0.062432	 -0.010472	 -0.024026	 -0.093664	 -0.331824
 -0.138616	 -0.080039	  0.020336	  0.006284	 -0.041891	 -0.085207	 -0.332838
 -0.133833	 -0.089510	  0.007317	 -0.002965	 -0.065172	 -0.100442	 -0.281049
 -0.132439	 -0.073957	 -0.006525	 -0.031156	 -0.091051	 -0.119479	 -0.259826
 -0.119231	 -0.065626	  0.048146	 -0.031473	 -0.096657	 -0.131611	 -0.238762
 -0.111248	 -0.076143	  0.065790	 -0.058713	 -0.084431	 -0.165820	 -0.170090
 -0.113973	 -0.048680	  0.060817	 -0.063528	 -0.080661	 -0.161132	 -0.149089
 -0.115651	 -0.049060	  0.014000	 -0.013608	 -0.049271	 -0.097845	 -0.107658
 -0.099307	 -0.027521	  0.020019	 -0.005784	 -0.071665	 -0.055970	 -0.108102
 -0.100891	 -0.046906	  0.047260	 -0.016427	 -0.070145	 -0.061133	 -0.069141
 -0.097153	 -0.051626	  0.030440	 -0.024821	 -0.066249	 -0.017073	 -0.075254
 -0.050685	 -0.070314	  0.003516	 -0.043763	 -0.050538	 -0.024707	 -0.086436
 -0.055468	 -0.114945	  0.017390	 -0.048831	 -0.022569	 -0.004656	 -0.077693
 -0.075930	 -0.124384	 -0.009978	 -0.049052	  0.013066	 -0.009059	 -0.096603
 -0.084958	 -0.102592	 -0.010548	 -0.037713	  0.061213	  0.007285	 -0.099042
 -0.090469	 -0.051404	  0.005670	 -0.029255	  0.071222	  0.028349	 -0.129134
 -0.117520	 -0.057771	 -0.003706	 -0.017250	  0.058837	  0.052771	 -0.126600
 -0.110678	 -0.078075	 -0.018182	 -0.006702	  0.049683	  0.062305	 -0.120930
 -0.108873	 -0.056567	 -0.037218	  0.015724	  0.035682	  0.048463	 -0.100911
 -0.100257	 -0.066323	 -0.036490	  0.009389	  0.059185	  0.019987	 -0.094830
 -0.123665	 -0.033064	  0.004371	  0.008660	  0.075530	  0.070731	 -0.053335
 -0.132914	 -0.050137	  0.044631	  0.026715	  0.067453	  0.069559	 -0.022008
 -0.099940	 -0.068097	  0.085523	 -0.025328	  0.062986	  0.052771	 -0.008926
 -0.124235	 -0.105411	  0.080930	 -0.025581	  0.074896	  0.059961	  0.017143
 -0.118629	 -0.109845	  0.095469	 -0.039423	  0.088675	  0.070921	  0.000925
 -0.112896	 -0.082604	  0.116692	 -0.065207	  0.081928	  0.052201	 -0.008293
 -0.123950	 -0.065246	  0.102596	 -0.092321	  0.072426	  0.039879	 -0.027520
 -0.159458	 -0.078772	  0.075577	 -0.094601	  0.083702	  0.030155	 -0.031701
 -0.126928	 -0.064296	  0.059581	 -0.076673	  0.102802	  0.030408	 -0.062426
 -0.128511	 -0.054699	  0.045201	 -0.089502	  0.098558	  0.019512	 -0.071548
 -0.099687	 -0.061699	  0.056540	 -0.100651	  0.105590	 -0.020399	 -0.038986
 -0.095347	 -0.061984	  0.041146	 -0.079397	  0.106952	  0.004751	 -0.018650
 -0.077102	 -0.037689	  0.043110	 -0.064035	  0.108092	  0.017453	  0.007767
 -0.074758	 -0.022421	  0.047386	 -0.066981	  0.105938	  0.052233	  0.002350
 -0.084546	 -0.020236	  0.040038	 -0.034798	  0.060769	  0.033386	  0.029876
 -0.088917	 -0.010543	  0.021222	 -0.023110	  0.070810	  0.042477	  0.051574
 -0.083723	  0.002507	  0.039087	 -0.003060	  0.058964	  0.074817	  0.037700
 -0.101936	 -0.008041	  0.068419	  0.003624	  0.030424	  0.070858	  0.020912
 -0.130982	 -0.040255	  0.079537	 -0.009205	  0.008410	  0.073582	 -0.031099
 -0.120878	 -0.048237	  0.093220	 -0.057510	 -0.015093	  0.036237	 -0.058751
 -0.121828	 -0.076174	  0.065219	 -0.085321	 -0.034447	 -0.018530	 -0.055140
 -0.101968	 -0.087736	  0.031200	 -0.062451	 -0.024913	 -0.037884	 -0.048013
 -0.100035	 -0.097017	  0.057649	 -0.097991	 -0.031659	 -0.039974	 -0.059005
 -0.119041	 -0.075256	  0.079632	 -0.078954	 -0.038818	 -0.053341	 -0.096002
 -0.115651	 -0.094926	  0.111370	 -0.047754	 -0.046484	 -0.058853	 -0.123812
 -0.056830	 -0.067369	  0.073740	 -0.059727	 -0.049018	 -0.071079	 -0.151022
 -0.053948	 -0.072532	  0.067500	 -0.065207	 -0.047687	 -0.065758	 -0.166004
 -0.094841	 -0.086247	  0.064903	 -0.075945	 -0.041796	 -0.098003	 -0.155900
 -0.117584	 -0.094198	  0.081406	 -0.077180	 -0.051932	 -0.117389	 -0.179973
 -0.076121	 -0.078582	  0.108678	 -0.078035	 -0.048796	 -0.106682	 -0.172719
 -0.095633	 -0.057011	  0.106746	 -0.098593	 -0.065109	 -0.111307	 -0.168950
 -0.096551	 -0.055807	  0.068957	 -0.093683	 -0.026972	 -0.105225	 -0.126188
 -0.100162	 -0.064961	  0.081596	 -0.094697	 -0.036474	 -0.049160	 -0.121817
 -0.122905	 -0.043802	  0.081406	 -0.077782	 -0.076892	 -0.042255	 -0.135659
 -0.124077	 -0.052418	  0.084320	 -0.064827	 -0.029442	 -0.073487	 -0.147157
 -0.103393	 -0.060622	  0.017231	 -0.044745	 -0.026180	 -0.100791	 -0.093024
 -0.083216	 -0.045228	  0.010896	 -0.059537	 -0.033370	 -0.111370	 -0.061475
 -0.060600	 -0.036200	  0.014222	 -0.067266	 -0.053420	 -0.096768	 -0.069901
 -0.026359	 -0.014059	  0.058124	 -0.095647	 -0.081358	 -0.046784	 -0.081368
 -0.041088	 -0.025494	  0.078808	 -0.125390	 -0.035461	 -0.016756	 -0.079055
 -0.061550	 -0.051088	  0.077985	 -0.130458	  0.019274	 -0.006050	 -0.068001
 -0.046282	 -0.070156	  0.087297	 -0.153929	  0.038913	  0.017295	 -0.068666
 -0.029558	 -0.083713	  0.077034	 -0.114018	  0.081168	  0.012955	 -0.038384
 -0.054296	 -0.075319	  0.094963	 -0.067424	  0.110214	  0.025530	 -0.046271
 -0.063577	 -0.097397	  0.089483	 -0.064795	  0.121047	  0.006747	 -0.066670
 -0.071813	 -0.064550	  0.085397	 -0.045315	  0.076892	 -0.016218	 -0.037276
 -0.087049	 -0.090903	  0.079157	 -0.003282	  0.036474	 -0.006177	 -0.060779
 -0.089234	 -0.125398	  0.076781	  0.025416	  0.028080	  0.041210	 -0.065815
 -0.086922	 -0.096478	  0.071174	  0.029724	  0.046198	  0.040956	 -0.067969
 -0.073587	 -0.091727	  0.089388	  0.001153	  0.041289	  0.022109	 -0.059100
 -0.046662	 -0.103383	  0.075166	  0.011923	  0.022980	  0.038359	 -0.055616
 -0.070166	 -0.100628	  0.082387	  0.009959	 -0.000839	  0.096736	 -0.073290
 -0.068138	 -0.082129	  0.132720	  0.002705	 -0.023107	  0.087424	 -0.071105
 -0.059111	 -0.096763	  0.109407	  0.037168	  0.000871	  0.080614	 -0.110034
 -0.079130	 -0.076428	  0.086347	  0.033874	  0.028682	  0.075862	 -0.123622
 -0.100986	 -0.036073	  0.070573	  0.014742	  0.034162	  0.067975	 -0.086562
 -0.101524	  0.001715	  0.057649	  0.057250	  0.060959	  0.077161	 -0.078422
 -0.094619	  0.007195	  0.080107	  0.063047	  0.049144	  0.051092	 -0.066670
 -0.099529	 -0.030309	  0.078428	  0.010656	  0.007143	  0.025530	 -0.062616
 -0.082582	 -0.073704	  0.079853	  0.019715	  0.006193	  0.007064	 -0.092802
 -0.102094	 -0.064106	  0.094868	  0.018289	  0.026781	 -0.005923	 -0.109717
 -0.134561	 -0.046685	  0.111339	  0.032702	  0.025388	 -0.007634	 -0.102305
 -0.143304	 -0.045576	  0.115900	  0.024593	  0.054656	 -0.021381	 -0.103540
 -0.140833	 -0.080831	  0.105891	  0.014647	  0.042049	 -0.031675	 -0.109939
 -0.154295	 -0.071201	  0.075514	  0.022787	  0.011989	 -0.059455	 -0.107088
 -0.139693	 -0.049060	  0.042287	  0.002990	  0.011261	 -0.044440	 -0.099074
 -0.132313	 -0.009910	  0.036870	  0.000361	  0.011387	 -0.069749	 -0.062901
 -0.138648	 -0.003480	  0.004688	 -0.007273	 -0.000396	 -0.088628	 -0.043167
 -0.165793	 -0.058848	  0.041400	 -0.002458	 -0.044171	 -0.068799	 -0.050357
 -0.151730	 -0.078265	  0.079125	 -0.027767	 -0.050031	 -0.079188	 -0.071041
 -0.152775	 -0.079500	  0.073107	 -0.017821	 -0.050316	 -0.112289	 -0.082698
 -0.158318	 -0.100438	  0.074817	 -0.022287	 -0.039325	 -0.106777	 -0.047633
 -0.147042	 -0.110795	  0.062622	 -0.009933	 -0.009994	 -0.071238	 -0.069014
 -0.151191	 -0.087673	  0.041083	 -0.026500	  0.005274	 -0.047513	 -0.042977
 -0.101556	 -0.099741	  0.058631	 -0.025771	 -0.034225	 -0.007507	 -0.040348
 -0.051255	 -0.091062	  0.077605	  0.002230	 -0.021618	 -0.005258	 -0.049597
 -0.012580	 -0.071676	  0.109438	  0.013000	  0.006351	  0.018688	 -0.028438
  0.021376	 -0.079215	  0.106619	 -0.021748	 -0.003342	  0.020621	 -0.034741
  0.002308	 -0.116877	  0.099904	 -0.021812	  0.007966	  0.013620	 -0.065150
 -0.025662	 -0.116655	  0.118149	 -0.027798	 -0.002582	  0.016566	 -0.077820
 -0.005421	 -0.130529	  0.130344	 -0.049432	  0.003690	  0.017105	 -0.099834
 -0.031870	 -0.158150	  0.105605	 -0.043668	  0.024691	 -0.022141	 -0.111617
 -0.036210	 -0.172911	  0.119416	 -0.018042	  0.026053	 -0.020082	 -0.146302
 -0.068360	 -0.181812	  0.112796	 -0.036984	  0.053104	 -0.033512	 -0.195430
 -0.070387	 -0.171327	  0.092112	 -0.064162	  0.073693	 -0.040323	 -0.195019
 -0.072605	 -0.145195	  0.097275	 -0.073252	  0.071887	 -0.100759	 -0.196919
 -0.062468	 -0.076903	  0.057047	 -0.022192	  0.060104	 -0.115868	 -0.147601
 -0.077134	 -0.068921	  0.029205	 -0.035970	  0.032546	 -0.131041	 -0.114817
 -0.089456	 -0.064201	  0.011213	 -0.040088	  0.027827	 -0.150046	 -0.087956
 -0.107131	 -0.078423	  0.011435	 -0.036636	 -0.016677	 -0.154702	 -0.118428
 -0.108081	 -0.054287	  0.009883	 -0.020038	 -0.016075	 -0.153435	 -0.131193
 -0.096836	 -0.099266	 -0.015711	 -0.029445	  0.005147	 -0.127113	 -0.107405
 -0.083121	 -0.086596	  0.002787	 -0.057098	  0.006984	 -0.122172	 -0.126727
 -0.096298	 -0.083491	  0.039341	 -0.045758	 -0.003563	 -0.091003	 -0.128881
 -0.095284	 -0.086849	  0.063382	 -0.009680	 -0.004862	 -0.057649	 -0.092929
 -0.078211	 -0.078328	  0.045929	 -0.008223	 -0.046135	 -0.046499	 -0.080164
 -0.087682	 -0.055649	  0.043110	 -0.015508	 -0.047909	 -0.031422	 -0.041995
 -0.117837	 -0.065848	  0.028191	 -0.030966	 -0.049556	 -0.008457	 -0.002623
 -0.101207	 -0.114406	  0.021508	 -0.046930	 -0.070874	 -0.004086	 -0.006899
 -0.090501	 -0.111334	  0.031042	 -0.041957	 -0.074041	 -0.019765	  0.000038
 -0.104628	 -0.107058	  0.032689	 -0.034070	 -0.027193	 -0.019575	 -0.018936
 -0.159015	 -0.119126	  0.067278	  0.015312	 -0.002233	 -0.043173	 -0.020424
 -0.135638	 -0.084695	  0.090021	  0.002547	 -0.000839	 -0.067342	 -0.027266
 -0.119262	 -0.080672	  0.091985	  0.036439	  0.006193	 -0.073360	 -0.005790
 -0.116126	 -0.067780	  0.040925	  0.050693	 -0.024754	 -0.096135	 -0.024700
 -0.093510	 -0.041522	  0.013114	  0.005904	 -0.054909	 -0.082641	 -0.060303
 -0.079763	  0.019168	  0.020399	 -0.016395	 -0.045058	 -0.061704	 -0.070820
 -0.048468	  0.043970	  0.034051	 -0.033436	 -0.073946	 -0.033196	 -0.106549
 -0.023920	  0.018408	  0.023440	 -0.035812	 -0.056588	 -0.065251	 -0.126410
 -0.013815	  0.031648	  0.023503	 -0.065270	 -0.024057	 -0.073265	 -0.137971
 -0.025852	  0.049640	  0.012005	 -0.063655	 -0.025451	 -0.069211	 -0.146524
 -0.047106	  0.050527	 -0.010263	 -0.077307	 -0.031026	 -0.089704	 -0.197489
 -0.041404	  0.072858	 -0.029870	 -0.070560	 -0.032261	 -0.082102	 -0.180226
 -0.049292	  0.031300	  0.000285	 -0.067171	 -0.022917	 -0.084098	 -0.185643
 -0.017109	  0.030476	  0.017200	 -0.062008	 -0.031374	 -0.086949	 -0.142121
 -0.002222	  0.037002	  0.031929	 -0.047247	 -0.028365	 -0.066455	 -0.141677
 -0.013625	  0.023413	  0.027431	 -0.038409	 -0.003880	 -0.068609	 -0.127328
 -0.024141	 -0.014566	  0.051536	 -0.029509	 -0.023139	 -0.061165	 -0.097522
 -0.007353	 -0.024259	  0.050490	 -0.104928	 -0.045280	 -0.035635	 -0.092296
  0.001421	 -0.037721	  0.070858	 -0.118263	 -0.006351	 -0.005416	 -0.123084
 -0.020847	 -0.051974	  0.067817	 -0.137522	  0.005591	 -0.010009	 -0.135216
 -0.037983	 -0.016435	  0.060975	 -0.116394	  0.027795	 -0.003453	 -0.135754
 -0.041975	 -0.043042	  0.066106	 -0.092448	  0.006383	 -0.032784	 -0.132080
 -0.024078	 -0.043137	  0.031612	 -0.068786	  0.003880	 -0.062622	 -0.161759
 -0.019327	 -0.048490	  0.058188	 -0.099828	 -0.008473	 -0.089483	 -0.170217
 -0.024236	 -0.066957	  0.069496	 -0.124186	  0.004070	 -0.072378	 -0.191788
 -0.019010	 -0.070885	  0.067183	 -0.121430	  0.009867	 -0.062369	 -0.188620
  0.003385	 -0.056061	  0.046373	 -0.117946	  0.036442	 -0.059391	 -0.183615
  0.006774	 -0.040001	  0.022901	 -0.100905	  0.069385	 -0.079220	 -0.175823
 -0.019327	 -0.026603	  0.021539	 -0.100905	  0.046167	 -0.074532	 -0.149311
 -0.066016	 -0.052545	  0.014697	 -0.106701	  0.029601	 -0.071745	 -0.118776
 -0.066966	 -0.050042	  0.026607	 -0.121304	  0.020700	 -0.058694	 -0.106644
 -0.071179	 -0.042662	  0.048210	 -0.128652	  0.033813	 -0.085333	 -0.074589
 -0.075265	 -0.004652	  0.033417	 -0.094348	  0.018958	 -0.046468	 -0.070345
 -0.059776	 -0.025272	  0.051441	 -0.072936	  0.012369	 -0.033924	 -0.081558
 -0.059459	 -0.047001	  0.073170	 -0.077592	 -0.007776	 -0.043237	 -0.093119
 -0.093384	 -0.058436	  0.082514	 -0.063623	 -0.029696	 -0.048178	 -0.066829
 -0.111439	 -0.063314	  0.089895	 -0.039328	 -0.056778	 -0.054640	 -0.085422
 -0.119737	 -0.068477	  0.078745	 -0.014146	 -0.032356	 -0.032847	 -0.094228
 -0.107194	 -0.039083	  0.074279	 -0.022318	 -0.009487	 -0.033386	 -0.075571
 -0.040841	  0.007661	 -0.005223	 -0.014153	 -0.018083	  0.033471	 -0.045790
 -0.066434	  0.022865	  0.024615	  0.006753	 -0.043677	  0.028942	 -0.015952
 -0.055189	  0.003860	  0.030918	  0.026899	 -0.040098	  0.019312	  0.002895
 -0.067701	  0.018684	  0.000985	  0.030098	 -0.073579	 -0.007770	  0.032131
 -0.045624	  0.056726	  0.010329	  0.019740	 -0.053782	 -0.048916	 -0.009838
 -0.003654	  0.057613	  0.002347	 -0.035818	 -0.031039	 -0.091298	  0.017624
  0.049022	  0.017353	 -0.013934	 -0.067620	 -0.034555	 -0.089682	 -0.000621
  0.066254	  0.012824	  0.006021	 -0.061697	 -0.017323	 -0.053351	 -0.000748
  0.046108	  0.038101	  0.006655	 -0.072847	 -0.002658	 -0.040712	 -0.014083
  0.026374	  0.025240	  0.011185	 -0.044181	  0.023696	 -0.025730	  0.039575
  0.020166	  0.018304	 -0.000694	 -0.030085	  0.044919	  0.002018	  0.108817
  0.037809	  0.008674	 -0.002974	 -0.006994	  0.057842	 -0.000295	  0.047526
 -0.007201	 -0.016064	 -0.018083	  0.009065	  0.092590	  0.002778	 -0.037744
 -0.022659	 -0.019232	  0.003139	  0.051637	  0.049385	  0.049784	 -0.035242
 -0.012555	 -0.048658	  0.025597	  0.047266	  0.044064	  0.046427	  0.074671
 -0.011573	 -0.048531	  0.027466	  0.034659	 -0.005983	  0.033408	  0.016199
  0.008478	 -0.062088	  0.010361	  0.005581	 -0.024228	  0.030082	 -0.097009
  0.013356	 -0.048246	 -0.023342	  0.013500	 -0.000282	  0.021941	 -0.099099
  0.020166	 -0.031965	 -0.035156	  0.045049	  0.020782	  0.051653	  0.005904
  0.045696	 -0.013118	 -0.060212	  0.043148	  0.012008	  0.037938	  0.010782
  0.016713	  0.000122	 -0.112254	 -0.008736	 -0.009848	 -0.002417	 -0.089153
 -0.009577	 -0.004724	 -0.074465	 -0.008831	 -0.008486	  0.001954	 -0.095805
 -0.023356	  0.002054	 -0.084475	 -0.025999	  0.002315	  0.014561	  0.025670
 -0.008722	 -0.037508	 -0.105792	 -0.036769	  0.026832	  0.009018	  0.069033
  0.010442	 -0.025567	 -0.126445	 -0.060335	 -0.011558	 -0.022119	 -0.039867
 -0.004066	 -0.058794	 -0.114060	 -0.073765	 -0.022581	 -0.036753	 -0.167075
 -0.009165	 -0.051097	 -0.061067	 -0.046841	  0.021194	 -0.013408	 -0.094348
 -0.012745	 -0.028671	 -0.058945	 -0.023845	  0.024552	  0.022005	  0.022312
 -0.023958	  0.001516	 -0.031102	  0.025917	  0.023728	  0.045571	 -0.034640
 -0.010527	  0.032526	 -0.048333	  0.038555	 -0.005192	  0.008796	 -0.127956
 -0.002577	  0.039811	 -0.058976	  0.023129	 -0.011337	 -0.006250	 -0.127639
 -0.004604	  0.048585	 -0.071203	  0.021007	 -0.033003	  0.018299	 -0.045631
 -0.031876	  0.060463	 -0.039528	 -0.016623	 -0.011178	  0.029987	  0.012556
 -0.037166	  0.035598	 -0.031419	 -0.027139	  0.003551	 -0.001657	 -0.074646
 -0.042868	  0.025842	 -0.066705	 -0.018840	  0.015872	 -0.029277	 -0.184464
 -0.043628	  0.031702	 -0.074402	 -0.016845	 -0.003259	 -0.052274	 -0.124281
 -0.061905	  0.042884	 -0.094421	 -0.024035	 -0.028473	 -0.054744	 -0.034070
 -0.102671	  0.060907	 -0.119159	 -0.023877	 -0.050044	 -0.056328	 -0.066632
 -0.119047	  0.025082	 -0.106838	 -0.046430	 -0.066103	 -0.076727	 -0.193238
 -0.131812	  0.022738	 -0.096068	 -0.025556	 -0.058691	 -0.055726	 -0.147943
 -0.137799	  0.018335	 -0.086502	  0.016129	 -0.014821	 -0.027377	 -0.046043
 -0.143849	  0.002846	 -0.097493	  0.030098	 -0.019224	 -0.017209	 -0.023522
 -0.099788	  0.023308	 -0.128092	  0.039822	 -0.020712	 -0.095067	 -0.112751
 -0.089145	  0.048522	 -0.151975	  0.014957	 -0.021093	 -0.076157	 -0.172776
 -0.078883	  0.005158	 -0.147604	 -0.034045	  0.009284	 -0.021390	 -0.064953
 -0.064502	  0.013394	 -0.150708	 -0.051403	 -0.009436	  0.009937	  0.044612
 -0.089652	  0.034300	 -0.173831	 -0.072340	 -0.056759	 -0.003209	 -0.018137
 -0.113345	  0.005412	 -0.143676	 -0.054317	 -0.068416	 -0.046699	 -0.113543
 -0.102069	 -0.029748	 -0.127237	 -0.010605	 -0.039813	 -0.023132	 -0.074203
 -0.076127	 -0.039029	 -0.133572	  0.007672	 -0.029328	  0.027770	  0.051738
 -0.050280	 -0.001335	 -0.140604	 -0.012917	 -0.037817	  0.030145	  0.052689
 -0.049235	 -0.006593	 -0.119951	 -0.048425	 -0.065850	  0.025172	 -0.069895
 -0.062285	  0.004683	 -0.147192	 -0.071770	 -0.065596	 -0.001435	 -0.069230
 -0.047397	 -0.042228	 -0.160527	 -0.064009	 -0.023437	  0.040693	  0.053417
 -0.045465	 -0.031237	 -0.153844	 -0.041552	 -0.002911	  0.080953	  0.098586
 -0.022120	  0.009403	 -0.156726	 -0.036737	  0.010044	  0.029860	  0.007963
 -0.072928	  0.012412	 -0.171075	 -0.010763	  0.004311	 -0.006788	 -0.064700
 -0.068271	  0.004968	 -0.180451	  0.002414	  0.012515	  0.023335	 -0.011707
 -0.048189	  0.015104	 -0.211841	 -0.009116	  0.001809	  0.077500	  0.064694
 -0.045909	  0.001326	 -0.203067	  0.004821	  0.019832	  0.060395	  0.013031
 -0.054113	  0.003670	 -0.166894	  0.019518	  0.008841	 -0.001308	 -0.157889
 -0.017179	  0.028313	 -0.163473	  0.015559	 -0.021663	  0.005217	 -0.156558
 -0.004066	  0.070124	 -0.153590	  0.011695	 -0.054415	  0.010633	  0.001058
 -0.015595	  0.065722	 -0.098951	  0.024333	 -0.052356	  0.001162	  0.013886
  0.026755	  0.048047	 -0.092742	  0.000450	 -0.066927	 -0.028074	 -0.098846
  0.015573	  0.021281	 -0.103765	  0.018631	 -0.053655	 -0.098932	 -0.141037
  0.002016	  0.062966	 -0.087864	  0.013088	 -0.040256	 -0.068048	 -0.030016
 -0.015564	  0.078360	 -0.087737	  0.027089	 -0.064963	 -0.045305	  0.069793
 -0.020695	  0.046621	 -0.106299	 -0.005759	 -0.082258	 -0.056867	  0.010877
 -0.042804	  0.047603	 -0.129929	 -0.015229	 -0.103765	 -0.074510	 -0.095172
 -0.044071	  0.051816	 -0.072945	  0.001147	 -0.096385	 -0.073084	 -0.079112
 -0.069253	  0.017638	 -0.070063	 -0.012094	 -0.104114	 -0.029087	  0.052404
 -0.064882	  0.026698	 -0.105571	  0.009952	 -0.102403	  0.022575	  0.032955
 -0.092155	  0.083840	 -0.111652	 -0.024162	 -0.093787	 -0.004602	 -0.085004
 -0.090888	  0.068667	 -0.156790	 -0.045955	 -0.076144	 -0.040554	 -0.161880
 -0.101435	  0.039178	 -0.178551	 -0.088494	 -0.048048	  0.012597	 -0.082470
 -0.100010	  0.037721	 -0.185741	 -0.125491	 -0.026446	  0.028023	 -0.022318
 -0.085851	  0.040255	 -0.185899	 -0.144338	 -0.063918	  0.026313	 -0.114050
 -0.073720	  0.061224	 -0.203954	 -0.113993	 -0.098602	  0.001954	 -0.194537
 -0.091236	  0.064201	 -0.225082	 -0.047222	 -0.091507	  0.033028	 -0.164224
 -0.085123	  0.061319	 -0.239177	 -0.021375	 -0.067560	  0.078292	 -0.065587
 -0.099282	  0.050454	 -0.206837	 -0.013836	 -0.052071	  0.072907	 -0.035939
 -0.083824	  0.051563	 -0.182003	 -0.020519	 -0.066895	  0.010380	 -0.150097
 -0.071090	  0.036010	 -0.151405	 -0.010700	 -0.073230	 -0.000263	 -0.129761
 -0.045338	  0.043390	 -0.172311	  0.027659	 -0.072502	  0.068409	 -0.029540
 -0.057122	  0.044626	 -0.182573	 -0.001324	 -0.036265	  0.048105	 -0.004137
 -0.065357	  0.047857	 -0.173229	 -0.043737	 -0.013205	  0.005660	 -0.108634
 -0.096367	  0.058024	 -0.158405	 -0.050833	 -0.015613	 -0.066971	 -0.175944
 -0.097254	  0.047445	 -0.173989	 -0.049344	 -0.031039	 -0.077456	 -0.099701
 -0.043786	  0.050866	 -0.185076	 -0.075856	 -0.059927	 -0.033269	  0.023452
 -0.048696	  0.070219	 -0.176713	 -0.066512	 -0.072565	 -0.020313	 -0.009870
 -0.085091	  0.056631	 -0.177062	 -0.083712	 -0.045799	 -0.027662	 -0.117186
 -0.098173	  0.021408	 -0.163885	 -0.073544	 -0.086724	  0.017349	 -0.124883
 -0.061239	  0.000249	 -0.109910	 -0.055425	 -0.088783	  0.066540	  0.010814
 -0.048031	 -0.015811	 -0.088624	 -0.061317	 -0.087484	  0.082473	  0.035679
 -0.041284	  0.010638	 -0.058945	 -0.050104	 -0.085108	  0.049151	 -0.068374
 -0.063330	  0.027141	 -0.043234	 -0.037592	 -0.107028	  0.029068	 -0.151237
 -0.080593	  0.029643	 -0.078710	 -0.026474	 -0.099109	  0.037304	 -0.067171
 -0.107612	  0.058214	 -0.054320	 -0.047127	 -0.069207	  0.088681	  0.044485
 -0.117970	  0.050011	 -0.075574	 -0.053113	 -0.048999	  0.054979	  0.017719
 -0.113947	  0.068287	 -0.119349	 -0.024004	 -0.074592	  0.023620	 -0.078669
 -0.103938	  0.070219	 -0.181465	 -0.032904	 -0.096765	  0.036861	 -0.061247
 -0.106567	  0.088623	 -0.162935	 -0.050484	 -0.091729	  0.059287	  0.008027
 -0.090539	  0.087451	 -0.157075	 -0.048552	 -0.105317	  0.070500	  0.043788
 -0.034949	  0.092202	 -0.146210	 -0.062584	 -0.032654	  0.061567	 -0.076578
 -0.027917	  0.110225	 -0.152007	 -0.096033	 -0.039179	  0.054282	 -0.105656
 -0.060036	  0.101546	 -0.162333	 -0.076458	 -0.056284	  0.079305	 -0.023142
 -0.070837	  0.104841	 -0.140540	 -0.069901	 -0.034365	  0.073604	  0.045245
 -0.074543	  0.117416	 -0.124322	 -0.056217	 -0.024577	  0.032996	 -0.028463
 -0.074448	  0.079595	 -0.111399	 -0.083807	 -0.018083	 -0.021485	 -0.128304
 -0.055063	  0.096858	 -0.157993	 -0.056692	 -0.008866	 -0.010367	 -0.037776
 -0.085566	  0.078392	 -0.141776	 -0.061380	 -0.002911	  0.032394	  0.074481
 -0.081290	  0.105664	 -0.161383	 -0.049059	 -0.023595	  0.038603	  0.056838
 -0.075588	  0.119411	 -0.152957	 -0.074462	 -0.071361	  0.040060	 -0.019784
 -0.069443	  0.092297	 -0.135472	 -0.070250	 -0.066103	  0.064291	 -0.010757
 -0.103653	  0.122072	 -0.168224	 -0.057959	 -0.033921	  0.093908	  0.079961
 -0.136817	  0.121027	 -0.153971	 -0.035565	 -0.041365	  0.108827	  0.111985
 -0.156550	  0.113836	 -0.159260	 -0.074051	 -0.045102	  0.065147	 -0.022065
 -0.139192	  0.129199	 -0.175826	 -0.081051	 -0.005698	  0.008036	 -0.066854
 -0.106028	  0.092899	 -0.141522	 -0.080449	 -0.014441	  0.040630	  0.029502
 -0.074448	  0.103637	 -0.132241	 -0.073670	  0.009601	  0.058115	  0.069065
 -0.049330	  0.117986	 -0.152482	 -0.116115	 -0.010798	  0.040503	  0.051263
 -0.056520	  0.083080	 -0.142124	 -0.118966	 -0.006712	  0.045920	 -0.002141
 -0.029976	  0.049567	 -0.130436	 -0.158307	 -0.036487	  0.056151	  0.027697
 -0.030103	  0.046748	 -0.126001	 -0.147030	 -0.005065	  0.084374	  0.075717
 -0.043280	  0.081464	 -0.154731	 -0.160239	  0.003202	  0.064038	  0.072074
 -0.063203	  0.084062	 -0.151500	 -0.164927	 -0.006078	  0.072939	  0.047462
 -0.116608	  0.079184	 -0.153527	 -0.139904	 -0.032559	  0.029417	  0.036471
 -0.096779	  0.084062	 -0.167021	 -0.126980	 -0.018020	  0.017539	  0.039322
 -0.087435	  0.045576	 -0.174623	 -0.138827	 -0.009468	  0.025267	  0.061970
 -0.065642	  0.030657	 -0.187515	 -0.096730	 -0.061384	  0.031634	  0.066499
 -0.067765	  0.012285	 -0.157645	 -0.075571	 -0.060623	  0.058590	  0.043693
 -0.091109	 -0.025408	 -0.151912	 -0.056566	 -0.055239	  0.038286	  0.009579
 -0.098838	 -0.033232	 -0.156093	 -0.043927	 -0.047130	  0.072369	 -0.022477
 -0.109639	 -0.010489	 -0.161668	 -0.020012	 -0.019002	  0.104107	 -0.035147
 -0.111793	 -0.026105	 -0.148807	  0.022369	  0.000067	  0.110506	 -0.057668
 -0.104698	 -0.050590	 -0.146463	  0.031682	  0.040674	  0.135688	 -0.085289
 -0.081543	 -0.016571	 -0.128440	  0.027152	  0.040579	  0.095998	 -0.085542
 -0.060036	 -0.035418	 -0.122390	 -0.012030	  0.027371	  0.102143	 -0.069546
 -0.051642	 -0.020087	 -0.091634	 -0.039683	  0.019579	  0.110221	 -0.028812
 -0.054366	  0.019729	 -0.071108	 -0.077471	  0.030095	  0.076455	  0.019303
 -0.046289	  0.016561	 -0.038957	 -0.098694	  0.029144	  0.089758	  0.022185
 -0.034569	  0.029263	 -0.020744	 -0.100880	  0.018787	  0.086781	  0.037231
 -0.031876	  0.034553	 -0.036265	 -0.105061	  0.008365	  0.051336	  0.027539
 -0.040967	  0.016403	 -0.054573	 -0.117066	  0.013719	  0.050703	  0.006664
 -0.045782	  0.007186	 -0.089828	 -0.138985	 -0.017767	  0.037652	  0.012271
 -0.053606	 -0.017078	 -0.121123	 -0.112726	 -0.002119	  0.010443	  0.023421
 -0.046035	 -0.025788	 -0.114788	 -0.100785	 -0.010260	  0.013072	  0.031308
 -0.016957	 -0.020974	 -0.141364	 -0.095590	 -0.008486	  0.027928	  0.095609
 -0.025921	  0.018874	 -0.174971	 -0.063218	  0.006623	  0.025964	  0.109863
 -0.005523	  0.023688	 -0.190207	 -0.051276	  0.026642	  0.041453	  0.069223
 -0.006916	  0.011620	 -0.201357	 -0.039873	  0.000573	  0.023050	  0.065359
 -0.036343	  0.013616	 -0.210226	 -0.027108	  0.019927	  0.047282	  0.094627
 -0.081163	 -0.006023	 -0.187388	 -0.042407	  0.030443	  0.045603	  0.065897
 -0.074480	 -0.009001	 -0.173926	 -0.022705	  0.047770	  0.053870	  0.046575
 -0.071217	  0.018050	 -0.163536	 -0.031035	  0.026896	  0.092609	  0.034127
 -0.095639	  0.050897	 -0.155649	 -0.034773	  0.025628	  0.098501	  0.084016
 -0.054144	  0.031607	 -0.172152	 -0.067652	  0.004089	  0.113483	  0.057820
 -0.039700	 -0.010996	 -0.159577	 -0.058751	  0.033516	  0.096632	  0.034444
 -0.010496	 -0.024553	 -0.149948	 -0.014533	  0.056639	  0.105089	  0.030294
 -0.013822	  0.003701	 -0.121092	 -0.011587	  0.047643	  0.096252	  0.055096
 -0.010686	 -0.012231	 -0.099426	 -0.013994	  0.023411	  0.092767	  0.040906
  0.019913	 -0.043938	 -0.073927	 -0.047412	  0.029018	  0.117062	  0.059024
  0.003505	 -0.046853	 -0.048999	 -0.041710	  0.036081	  0.105026	  0.080721
  0.005500	 -0.020435	 -0.037912	 -0.045606	  0.013148	  0.083328	  0.103686
  0.015541	 -0.029431	 -0.041587	 -0.036008	  0.027529	  0.048105	  0.102356
 -0.017211	 -0.030635	 -0.072375	 -0.056724	  0.014701	  0.062549	  0.119840
 -0.026460	 -0.012770	 -0.096290	 -0.072593	 -0.032717	  0.103252	  0.128804
 -0.029596	  0.004620	 -0.101896	 -0.046430	 -0.040605	  0.113261	  0.113442
 -0.052370	  0.007724	 -0.083556	 -0.022040	 -0.047003	  0.098691	  0.109483
 -0.038877	  0.004747	 -0.065850	 -0.003478	 -0.042632	  0.070025	  0.064662
 -0.062221	  0.018969	 -0.098190	 -0.033506	 -0.027523	  0.054630	  0.056078
 -0.074575	  0.013362	 -0.118558	 -0.032714	 -0.021821	  0.076011	  0.060608
 -0.088385	 -0.014544	 -0.126476	 -0.037877	  0.020529	  0.045920	  0.043408
 -0.066308	 -0.041943	 -0.127933	 -0.035502	 -0.007092	  0.055264	 -0.000146
 -0.035266	 -0.022526	 -0.171519	 -0.048900	 -0.059863	  0.103125	  0.011574
 -0.030483	  0.013362	 -0.200280	 -0.031289	 -0.067085	  0.120167	  0.023674
 -0.022849	  0.030309	 -0.188687	 -0.020012	 -0.049315	  0.112596	  0.060069
 -0.036723	  0.031797	 -0.121155	 -0.038891	 -0.061225	  0.101510	  0.065517
 -0.026587	  0.034838	 -0.070284	 -0.032239	 -0.079882	  0.109144	  0.060196
 -0.046162	  0.030689	 -0.025971	 -0.039968	 -0.053718	  0.083930	  0.020982
 -0.088195	  0.018684	 -0.012445	 -0.033284	 -0.038831	  0.083613	 -0.008825
 -0.142645	 -0.026739	 -0.016690	 -0.010858	 -0.035251	  0.067491	 -0.009110
 -0.152781	 -0.022811	 -0.033889	 -0.008229	 -0.038672	  0.083075	  0.040620
 -0.109544	 -0.002729	 -0.024418	  0.014102	 -0.038546	  0.075314	  0.081260
 -0.095607	 -0.035830	 -0.009373	  0.006595	 -0.042188	  0.058843	  0.090161
 -0.111477	 -0.018598	  0.004248	  0.000608	 -0.020934	  0.046331	  0.080120
 -0.126111	  0.002814	 -0.042505	 -0.002844	 -0.017988	  0.027960	  0.086645
 -0.085629	  0.012000	 -0.053813	  0.004251	 -0.020554	  0.042245	  0.070110
 -0.061366	  0.016086	 -0.065406	  0.003396	  0.000257	  0.023050	  0.099346
 -0.076064	 -0.004724	 -0.092489	 -0.011017	 -0.032179	 -0.002955	  0.119017
 -0.066498	  0.020489	 -0.051786	 -0.034108	 -0.050202	 -0.000041	  0.111953
 -0.040746	  0.028883	 -0.038704	 -0.010066	 -0.060877	  0.000656	  0.101120
 -0.033429	  0.032051	 -0.070633	 -0.012917	 -0.019477	  0.007086	  0.066879
 -0.026935	  0.013552	 -0.058026	 -0.008894	  0.000953	  0.012502	  0.060829
 -0.032827	  0.024195	 -0.060687	 -0.031067	  0.011343	  0.045698	  0.080595
 -0.022532	  0.019222	 -0.057678	 -0.012094	  0.013085	  0.020801	  0.074165
 -0.042108	  0.025145	 -0.062904	  0.005898	  0.017836	  0.027770	  0.053987
 -0.063425	  0.039558	 -0.068384	  0.030066	  0.035131	  0.044558	  0.059657
 -0.080878	  0.017385	 -0.056949	  0.002984	  0.061010	  0.048612	  0.058454
 -0.079643	  0.008769	 -0.042030	  0.012170	  0.045711	  0.062929	  0.047241
 -0.079294	  0.005380	 -0.041238	  0.013437	  0.059394	  0.062359	  0.053956
 -0.048506	 -0.011440	 -0.045261	  0.000196	  0.057652	  0.054694	  0.036376
 -0.040207	 -0.012231	 -0.069397	 -0.025872	  0.045774	  0.047789	  0.018701
 -0.069538	 -0.019232	 -0.071235	 -0.059987	  0.030538	  0.041960	  0.009103
 -0.091046	 -0.010014	 -0.081371	 -0.078675	  0.017235	  0.040472	  0.017086
 -0.079991	  0.003986	 -0.108073	 -0.077820	  0.029936	  0.062803	  0.024371
 -0.073751	 -0.015367	 -0.100693	 -0.083902	  0.042036	  0.069454	  0.042299
 -0.127029	 -0.032789	 -0.074782	 -0.121247	  0.053566	  0.077120	  0.064694
 -0.111350	 -0.015589	 -0.065945	 -0.136609	  0.069974	  0.037716	  0.042394
 -0.100390	 -0.040739	 -0.069968	 -0.115989	  0.040421	 -0.005046	  0.040209
 -0.076634	 -0.005865	 -0.062302	 -0.050706	  0.011121	 -0.000168	  0.018543
 -0.026650	 -0.005928	 -0.027934	 -0.074336	  0.015429	  0.003728	 -0.011074
