:RUN-2	LEVEL SWEEP	TEMP:NaN	8/27/2019	5:35 PM	HR:330.03:SW EAR: R	SW FREQ: 8.00	# AVERAGES: 512	REP RATE (/sec): 80	DRIVER: 	SAMPLE (µsec): 40	MASKER dB: 0:NOTES-:CHAMBER-SEWELL-PXI1:CFTS Version: V2.7.2 (R850):LEVELS:20;30;40;50;60;70;80;:DATA  0.012252	 -0.029159	 -0.003315	  0.049432	  0.002648	  0.046224	  0.075805
 -0.023066	 -0.021873	 -0.013451	  0.053392	  0.007874	  0.056265	  0.046601
 -0.012011	 -0.010439	  0.009134	  0.042971	 -0.029882	  0.023766	  0.014704
 -0.010142	 -0.017344	 -0.000686	  0.036446	  0.010947	  0.027504	 -0.006487
  0.010795	 -0.031503	 -0.033628	  0.034450	  0.000209	  0.000548	 -0.009370
  0.015039	 -0.057445	 -0.026121	  0.000906	 -0.019303	 -0.034960	 -0.009433
  0.000374	 -0.056209	 -0.046362	  0.004675	 -0.021172	 -0.000307	  0.028704
 -0.027469	 -0.020891	 -0.000781	  0.006734	  0.018517	 -0.002936	  0.021609
  0.007311	 -0.008760	  0.017844	  0.027513	  0.014305	 -0.029385	  0.022369
  0.021628	 -0.000619	 -0.002301	  0.010377	 -0.002293	 -0.037557	  0.006056
  0.051751	  0.001598	 -0.005437	 -0.002673	 -0.025416	 -0.000592	 -0.005949
  0.041362	 -0.003565	 -0.027832	 -0.015819	 -0.018258	 -0.005660	 -0.024605
  0.036959	  0.005367	  0.004002	 -0.007868	 -0.022217	  0.013186	 -0.034710
  0.017067	  0.043251	  0.008817	 -0.022914	 -0.035267	  0.033775	 -0.042660
 -0.046759	  0.042237	  0.020917	 -0.031213	 -0.035742	  0.032033	 -0.048045
 -0.013342	  0.065360	  0.026270	 -0.076065	 -0.022407	 -0.002651	 -0.034583
 -0.012771	  0.056808	  0.026587	 -0.028330	  0.024821	 -0.016778	 -0.037085
 -0.023604	  0.023866	  0.008057	 -0.042458	  0.055926	 -0.014339	 -0.038067
 -0.019012	  0.018418	  0.015849	 -0.018479	  0.050003	 -0.045761	  0.002129
 -0.026360	  0.000901	  0.022437	 -0.021077	  0.046708	 -0.042372	  0.073018
 -0.022306	  0.010625	  0.010686	 -0.047431	  0.043097	 -0.014624	  0.083122
 -0.003902	  0.027730	  0.019396	 -0.046322	  0.027925	 -0.000751	  0.131332
  0.041932	  0.014553	  0.010654	 -0.080975	  0.009870	  0.033617	  0.175963
  0.027583	  0.002485	 -0.028307	 -0.098713	  0.015603	  0.049296	  0.202253
  0.025271	 -0.025801	  0.003527	 -0.055730	  0.020988	  0.065197	  0.179732
  0.010003	 -0.096310	  0.013251	  0.000177	  0.085511	  0.090474	  0.191959
  0.035913	 -0.112591	  0.022817	  0.005562	  0.105973	  0.085089	  0.195950
  0.035280	 -0.106637	  0.019270	  0.041387	  0.122032	  0.070487	  0.168456
  0.066100	 -0.061309	  0.024116	  0.024536	  0.138250	  0.069157	  0.133644
  0.066100	 -0.013194	  0.007772	  0.034735	  0.147531	  0.041251	  0.115558
  0.088685	  0.032513	  0.030293	 -0.002167	  0.163400	  0.038622	  0.105644
  0.071802	  0.007014	  0.037768	 -0.035394	  0.159504	  0.050025	  0.059144
  0.066892	 -0.025263	  0.019270	 -0.026842	  0.154024	  0.084614	  0.077231
  0.066924	 -0.037964	  0.035519	  0.005435	  0.174993	  0.107959	  0.079796
  0.021121	 -0.039295	  0.010242	  0.027830	  0.158047	  0.091234	  0.071529
  0.018492	 -0.077717	 -0.034262	  0.022794	  0.141703	  0.086705	  0.133264
  0.042565	 -0.072617	 -0.037461	 -0.004859	  0.144522	  0.136815	  0.207448
  0.040696	 -0.051902	 -0.030651	 -0.007836	  0.127702	  0.186862	  0.243146
  0.031764	 -0.043096	  0.001405	 -0.026905	  0.121716	  0.249579	  0.269753
  0.028501	 -0.045060	 -0.015922	 -0.013918	  0.125643	  0.268743	  0.305927
  0.041583	 -0.067422	 -0.043701	 -0.009642	  0.137110	  0.279481	  0.294270
 -0.005391	 -0.035747	 -0.010505	 -0.007836	  0.173346	  0.324872	  0.258984
 -0.023414	 -0.039485	 -0.001066	  0.013893	  0.208031	  0.309097	  0.193194
  0.009465	 -0.039675	  0.001722	  0.047785	  0.203470	  0.216922	  0.081190
  0.018936	 -0.062259	  0.036406	  0.062483	  0.198148	  0.155757	 -0.028153
 -0.004536	 -0.056811	  0.062633	  0.036477	  0.149400	  0.070836	 -0.128469
 -0.019107	 -0.037268	  0.091363	  0.038853	  0.094031	 -0.020484	 -0.253396
 -0.039157	 -0.040847	  0.124115	  0.055419	  0.018612	 -0.095777	 -0.309050
 -0.014672	 -0.004357	  0.142898	  0.052758	 -0.052657	 -0.165589	 -0.392482
  0.004555	 -0.001284	  0.133269	  0.006988	 -0.131655	 -0.250574	 -0.453743
  0.043104	  0.023454	  0.164596	 -0.009325	 -0.178123	 -0.289123	 -0.462453
  0.034488	  0.009263	  0.192090	 -0.028552	 -0.198585	 -0.352410	 -0.491626
  0.012284	  0.003055	  0.138274	 -0.055571	 -0.213346	 -0.326975	 -0.521654
 -0.030225	 -0.023014	  0.072833	 -0.070332	 -0.237894	 -0.331663	 -0.516460
 -0.039379	 -0.007049	  0.020157	 -0.103369	 -0.227822	 -0.334197	 -0.481078
 -0.020152	 -0.017692	 -0.009777	 -0.106885	 -0.181417	 -0.327957	 -0.436923
 -0.009857	 -0.019973	 -0.024696	 -0.144515	 -0.174607	 -0.255325	 -0.317539
 -0.026930	 -0.026941	 -0.074046	 -0.162064	 -0.172770	 -0.193843	 -0.208164
 -0.029274	 -0.041385	 -0.061502	 -0.158421	 -0.141696	 -0.150195	 -0.096698
 -0.025473	 -0.015633	 -0.059507	 -0.135235	 -0.109292	 -0.075568	 -0.027931
 -0.053379	 -0.052884	 -0.057004	 -0.103528	 -0.047589	 -0.001416	  0.044162
 -0.055818	 -0.112401	 -0.041230	 -0.043566	 -0.012905	  0.076062	  0.067665
 -0.032125	 -0.115221	 -0.039741	 -0.007805	 -0.003244	  0.116701	  0.138364
 -0.034691	 -0.135968	 -0.052918	 -0.018796	  0.033531	  0.136435	  0.198706
 -0.004314	 -0.138027	 -0.037968	 -0.002103	  0.061659	  0.116163	  0.279668
  0.032081	 -0.125927	 -0.076960	  0.019151	  0.074171	  0.079610	  0.337412
  0.028755	 -0.122759	 -0.064195	  0.011549	  0.078700	  0.083474	  0.403296
  0.037941	 -0.115981	 -0.014591	  0.035590	  0.094570	  0.131906	  0.419958
  0.046841	 -0.096690	  0.024369	  0.037206	  0.099511	  0.162947	  0.400826
  0.049027	 -0.086871	  0.041727	  0.056306	  0.074709	  0.151101	  0.390721
  0.041203	 -0.040372	  0.043248	  0.043541	  0.083008	  0.135263	  0.345806
  0.016021	 -0.014588	  0.064724	  0.035432	  0.078447	  0.128104	  0.277387
 -0.031650	  0.016137	  0.058864	  0.066949	  0.105434	  0.109511	  0.228702
 -0.029496	  0.017847	  0.065516	  0.034102	  0.145662	  0.104791	  0.128513
 -0.012486	  0.025640	  0.092756	  0.045061	  0.145852	  0.097379	  0.020659
 -0.005771	  0.023359	  0.101816	  0.053012	  0.175754	  0.085565	 -0.067462
 -0.015274	  0.011671	  0.058769	  0.088076	  0.197926	  0.075650	 -0.142343
 -0.009731	  0.007806	  0.085123	  0.088583	  0.163115	  0.033142	 -0.192580
 -0.017364	  0.035776	  0.082652	  0.093398	  0.151617	  0.016417	 -0.211711
 -0.031935	 -0.001823	  0.084077	  0.125485	  0.129096	  0.039382	 -0.187131
 -0.014450	  0.006001	  0.102291	  0.123521	  0.116964	  0.024304	 -0.121722
 -0.035673	 -0.015380	  0.081005	  0.103407	  0.096945	  0.027377	 -0.087513
 -0.040329	 -0.038376	  0.050755	  0.100145	  0.082755	  0.078564	 -0.105409
 -0.060031	 -0.049779	  0.065484	  0.081393	  0.114557	  0.108276	 -0.072657
 -0.037193	 -0.062323	  0.085123	  0.068786	  0.153803	  0.125602	 -0.106423
  0.005093	 -0.079713	  0.080466	  0.079081	  0.141608	  0.122466	 -0.085675
  0.082064	 -0.043666	  0.084648	  0.097104	  0.109679	  0.155472	 -0.067906
  0.104522	 -0.028082	  0.090349	  0.121082	  0.138979	  0.135073	 -0.079594
  0.116432	 -0.035367	  0.066212	  0.145409	  0.151775	  0.120122	 -0.102210
  0.071580	 -0.029412	  0.065231	  0.151364	  0.133150	  0.048631	 -0.118143
  0.059607	 -0.030362	  0.070235	  0.154024	  0.082280	  0.022531	 -0.143103
  0.043674	 -0.049716	  0.037705	  0.137046	  0.058967	 -0.014529	 -0.172529
  0.060018	 -0.029824	  0.043090	  0.119942	 -0.001818	 -0.043132	 -0.175855
  0.062774	 -0.025928	  0.040049	  0.084212	 -0.016642	 -0.072305	 -0.189760
  0.011682	 -0.047942	  0.060891	  0.035622	 -0.001565	 -0.087794	 -0.211110
  0.017288	 -0.035050	  0.051040	 -0.019145	 -0.024308	 -0.112976	 -0.216526
  0.004682	 -0.019624	  0.028456	 -0.047272	 -0.068115	 -0.135688	 -0.196887
  0.022420	 -0.025643	  0.038560	 -0.092726	 -0.123388	 -0.157512	 -0.211775
 -0.001653	 -0.029792	  0.078629	 -0.080690	 -0.144515	 -0.176105	 -0.193086
 -0.021324	 -0.030426	  0.104793	 -0.064060	 -0.144009	 -0.184879	 -0.173479
  0.009370	 -0.056178	  0.053922	 -0.107329	 -0.154018	 -0.171227	 -0.159669
  0.021691	 -0.087758	  0.021170	 -0.130040	 -0.185725	 -0.137176	 -0.172719
  0.035850	 -0.070685	  0.022089	 -0.143977	 -0.202640	 -0.095523	 -0.135279
  0.039841	 -0.084179	  0.010179	 -0.145276	 -0.193517	 -0.088840	 -0.037244
  0.044212	 -0.106858	 -0.006039	 -0.140081	 -0.150629	 -0.077975	  0.009984
  0.027551	 -0.132547	 -0.039488	 -0.102166	 -0.117845	 -0.012629	  0.048058
  0.023370	 -0.098686	 -0.068471	 -0.125447	 -0.077490	  0.030006	  0.054995
  0.019411	 -0.051015	 -0.109079	 -0.109514	 -0.033177	  0.063550	  0.058289
  0.027393	 -0.000809	 -0.097327	 -0.094215	 -0.022597	  0.082619	  0.059239
  0.039651	 -0.015855	 -0.096789	 -0.069002	  0.011929	  0.095479	  0.060443
  0.023972	  0.001851	 -0.081014	 -0.066531	  0.006829	  0.091171	  0.048628
  0.050706	  0.039323	 -0.066982	 -0.047842	  0.004454	  0.104633	  0.057719
  0.042312	  0.048731	 -0.082535	 -0.005492	  0.053265	  0.126711	  0.106309
  0.041045	  0.019685	 -0.030492	 -0.000171	  0.116267	  0.128041	  0.137572
  0.029578	 -0.014240	 -0.016492	  0.023712	  0.089248	  0.147902	  0.166618
  0.002243	 -0.017122	  0.005903	  0.033912	  0.088076	  0.153603	  0.158858
 -0.009097	 -0.016805	  0.050248	  0.060487	  0.098371	  0.118919	  0.204027
  0.007786	 -0.016520	  0.054619	  0.085384	  0.097167	  0.097601	  0.209380
  0.026918	 -0.001316	  0.055823	  0.063718	  0.135811	  0.144005	  0.198896
  0.027329	  0.003499	  0.071566	  0.067076	  0.152536	  0.154490	  0.209127
  0.040728	  0.011702	  0.082874	  0.070338	  0.121874	  0.163264	  0.201936
  0.072815	  0.021047	  0.112173	  0.093366	  0.124630	  0.176726	  0.181791
  0.071295	  0.044011	  0.144609	  0.073062	  0.128684	  0.163581	  0.174031
  0.090110	  0.088293	  0.119015	  0.084434	  0.134892	  0.157879	  0.154012
  0.068096	  0.082117	  0.117400	  0.076071	  0.124883	  0.123163	  0.127214
  0.066892	  0.084904	  0.145623	  0.056369	  0.115856	  0.112013	  0.120182
  0.004967	  0.060102	  0.141663	  0.054912	  0.121716	  0.086927	  0.085561
 -0.021229	  0.014078	  0.133713	  0.086113	  0.124946	  0.061840	  0.066651
 -0.037732	  0.026146	  0.125255	  0.058302	  0.117788	  0.023829	  0.026614
 -0.062027	  0.001630	  0.117368	  0.062926	  0.066442	 -0.014181	 -0.009084
 -0.056420	 -0.003470	  0.131844	  0.025771	  0.047184	 -0.039616	 -0.011777
 -0.023161	 -0.016552	  0.119839	 -0.001628	  0.039740	 -0.047123	 -0.091472
 -0.033455	 -0.022634	  0.109861	  0.005087	 -0.007773	 -0.047187	 -0.141266
  0.005949	 -0.049653	  0.109323	 -0.001470	 -0.039037	 -0.072084	 -0.173416
 -0.004821	 -0.021557	  0.054841	 -0.018194	 -0.032100	 -0.076962	 -0.172212
  0.006487	  0.030898	  0.071629	 -0.040304	 -0.039132	 -0.130144	 -0.214309
  0.033569	  0.005431	  0.074955	 -0.079423	 -0.034634	 -0.164069	 -0.244305
  0.061380	 -0.009298	  0.073118	 -0.119492	 -0.062191	 -0.134642	 -0.253681
  0.056534	 -0.028208	  0.077679	 -0.090446	 -0.068653	 -0.083930	 -0.274143
  0.056091	 -0.028208	  0.051167	 -0.087437	 -0.105333	 -0.096093	 -0.252731
  0.009465	 -0.017439	  0.083000	 -0.045593	 -0.120569	 -0.105659	 -0.252478
 -0.013437	 -0.006416	  0.074828	 -0.047716	 -0.135741	 -0.078989	 -0.197426
 -0.028451	 -0.025041	  0.091679	 -0.071726	 -0.161240	 -0.095587	 -0.155266
 -0.017079	 -0.038028	  0.110463	 -0.055001	 -0.121678	 -0.114623	 -0.120233
  0.011270	 -0.014683	  0.125255	 -0.049394	 -0.101089	 -0.086211	 -0.090775
  0.004998	 -0.044014	  0.136563	 -0.059246	 -0.049521	 -0.044843	 -0.055679
 -0.021767	 -0.090482	  0.104413	 -0.033905	 -0.044897	 -0.000529	 -0.063978
 -0.008210	 -0.093301	  0.076887	 -0.034729	 -0.010466	  0.014010	 -0.040760
 -0.002762	 -0.073853	  0.073751	 -0.018891	  0.042274	  0.065672	 -0.022863
  0.034266	 -0.047974	  0.054049	 -0.009103	  0.086239	  0.087212	 -0.007849
  0.022451	 -0.037679	  0.039003	 -0.017339	  0.105086	  0.098266	  0.012328
  0.005569	 -0.059219	  0.017401	 -0.049616	  0.093620	  0.098203	 -0.032936
  0.016148	 -0.061309	  0.021550	 -0.024529	  0.084054	  0.106153	 -0.105663
  0.006012	 -0.051141	  0.050977	 -0.011036	  0.072144	  0.134218	 -0.185864
 -0.035609	 -0.036602	  0.061303	  0.025898	  0.071732	  0.111728	 -0.261473
 -0.040677	 -0.028779	  0.013251	  0.027355	  0.067424	  0.046224	 -0.270216
 -0.018188	 -0.014366	  0.011256	  0.000748	  0.048419	  0.004856	 -0.337748
 -0.017745	 -0.005529	  0.006505	 -0.014742	 -0.000361	 -0.006832	 -0.358685
 -0.021704	  0.012969	  0.027284	 -0.028869	 -0.006823	 -0.064450	 -0.355486
 -0.014545	  0.007205	  0.065516	  0.006132	 -0.015882	 -0.101700	 -0.371007
  0.028470	 -0.012117	  0.056235	 -0.005112	 -0.066214	 -0.135371	 -0.374237
  0.030877	 -0.028715	  0.060543	 -0.009072	 -0.095926	 -0.151240	 -0.339553
  0.021375	 -0.042526	  0.068176	 -0.037073	 -0.116895	 -0.155991	 -0.296760
  0.039746	 -0.006257	  0.047968	 -0.049553	 -0.115818	 -0.179336	 -0.318901
  0.049566	 -0.010249	  0.064154	 -0.076414	 -0.105998	 -0.177404	 -0.289633
  0.037941	 -0.019434	  0.054049	 -0.057852	 -0.134348	 -0.143986	 -0.265338
  0.024162	 -0.003723	  0.070615	 -0.089052	 -0.157882	 -0.121909	 -0.216209
  0.033538	  0.050695	  0.063330	 -0.089274	 -0.156552	 -0.116492	 -0.230083
  0.038986	  0.014838	  0.038053	 -0.071282	 -0.134886	 -0.119565	 -0.230938
  0.070820	 -0.006954	 -0.002681	 -0.077744	 -0.155158	 -0.120230	 -0.204870
  0.058593	 -0.018991	 -0.038538	 -0.066911	 -0.119999	 -0.134927	 -0.228468
  0.099993	 -0.036856	 -0.044936	 -0.079834	 -0.081165	 -0.167363	 -0.217635
  0.078770	 -0.019339	 -0.058462	 -0.063110	 -0.055793	 -0.160869	 -0.216811
  0.065910	 -0.017280	 -0.040312	 -0.048222	 -0.086676	 -0.113198	 -0.219630
  0.069141	 -0.010280	 -0.011550	 -0.041887	 -0.072391	 -0.096695	 -0.190711
  0.087734	  0.002390	  0.021487	  0.016458	 -0.037263	 -0.096283	 -0.156406
  0.095748	 -0.011357	  0.030008	  0.043953	 -0.017719	 -0.095745	 -0.138510
  0.074621	 -0.065300	  0.051674	  0.047437	  0.003408	 -0.080224	 -0.126980
  0.025492	 -0.093840	  0.023673	  0.042749	 -0.000329	 -0.060585	 -0.123052
 -0.025378	 -0.084400	 -0.001098	  0.033690	  0.018327	 -0.046997	 -0.128500
 -0.044447	 -0.094410	 -0.015193	  0.052632	  0.029129	 -0.018996	 -0.121468
 -0.015971	 -0.082880	  0.006853	  0.057066	  0.055229	  0.002955	 -0.121215
 -0.009667	 -0.065649	  0.003369	  0.042591	  0.057320	  0.028422	 -0.100531
  0.011714	 -0.062228	  0.030071	  0.020323	  0.050541	  0.027662	 -0.096255
  0.030339	 -0.046675	  0.029057	 -0.006728	  0.039486	  0.025255	 -0.094640
 -0.014229	 -0.045662	  0.026555	 -0.018828	  0.055166	  0.024495	 -0.106359
  0.000247	 -0.025168	  0.003337	 -0.055254	  0.028527	  0.017336	 -0.122957
 -0.016002	 -0.009045	 -0.008573	 -0.046354	  0.004770	  0.027599	 -0.098631
  0.031637	 -0.044014	  0.014138	 -0.068970	 -0.028140	  0.002924	 -0.092105
 -0.002002	 -0.066631	  0.029184	 -0.051517	 -0.044548	 -0.010412	 -0.077376
 -0.024080	 -0.083007	  0.003527	 -0.030484	 -0.048476	 -0.002366	 -0.071897
 -0.012233	 -0.091464	 -0.015732	 -0.007615	 -0.077490	 -0.003728	 -0.064865
  0.000976	 -0.094093	 -0.033216	 -0.006696	 -0.064377	  0.000485	 -0.061349
  0.005664	 -0.065870	 -0.032013	  0.006639	 -0.035046	 -0.026756	 -0.090775
  0.040126	 -0.074138	  0.007803	 -0.018353	 -0.016801	 -0.008575	 -0.144782
  0.026538	 -0.058173	  0.076760	  0.006069	 -0.011954	  0.012838	 -0.165814
  0.049280	 -0.053897	  0.089335	  0.029540	  0.007051	  0.007136	 -0.161189
  0.027836	 -0.077274	  0.079611	  0.029794	  0.000494	 -0.042816	 -0.188018
 -0.011061	 -0.091908	  0.073023	  0.016268	 -0.003402	 -0.115257	 -0.178769
 -0.018821	 -0.083228	  0.074163	  0.031346	  0.000367	 -0.088396	 -0.221499
 -0.026677	 -0.040752	  0.056583	  0.031663	  0.004263	 -0.051716	 -0.219314
 -0.023604	  0.012843	  0.060764	  0.033722	 -0.018163	 -0.006706	 -0.244369
 -0.024998	 -0.011547	  0.048221	  0.043097	 -0.014805	 -0.010792	 -0.220771
  0.003953	 -0.006036	  0.022247	  0.055007	 -0.037643	 -0.033155	 -0.176330
  0.016243	 -0.020100	  0.015500	 -0.008248	 -0.045435	 -0.062549	 -0.173036
  0.031922	 -0.035620	  0.024274	  0.001761	 -0.021584	 -0.041232	 -0.167176
  0.035122	 -0.017344	  0.009165	 -0.004352	 -0.041919	 -0.050956	 -0.161791
  0.057674	 -0.039580	  0.014043	 -0.012113	 -0.040177	 -0.051938	 -0.184407
  0.075603	 -0.100301	  0.005269	  0.008730	 -0.074671	 -0.059603	 -0.209589
  0.039873	 -0.092003	  0.026270	  0.032011	 -0.081292	 -0.028498	 -0.218648
  0.027488	 -0.071572	  0.013980	  0.031124	 -0.076825	 -0.039521	 -0.252478
  0.036674	 -0.047214	  0.044261	 -0.006158	 -0.043218	 -0.027010	 -0.244305
  0.019094	 -0.043793	  0.066339	 -0.010212	 -0.036154	 -0.000751	 -0.221119
  0.029091	 -0.020990	  0.013083	 -0.064494	 -0.039005	 -0.044497	  0.041229
  0.020507	 -0.022257	  0.005798	 -0.039122	 -0.069825	 -0.018999	  0.018042
 -0.005372	 -0.015446	 -0.013302	 -0.046186	 -0.063933	  0.031682	  0.000653
 -0.017504	 -0.011519	 -0.014886	 -0.054168	 -0.025004	  0.026233	  0.021400
 -0.027672	 -0.037904	 -0.013239	 -0.029366	 -0.012176	  0.017966	  0.048356
 -0.028939	 -0.052570	 -0.025687	 -0.013243	  0.018866	  0.018948	  0.030997
  0.019493	 -0.024094	 -0.013112	 -0.005420	  0.028844	  0.029781	 -0.006760
  0.008945	  0.007993	 -0.008899	  0.017608	  0.006259	  0.031207	  0.031631
 -0.012277	  0.018541	 -0.000980	  0.045166	  0.005784	  0.007672	  0.049306
  0.011733	  0.002672	  0.025754	  0.033351	  0.000146	 -0.047190	 -0.045879
  0.021964	 -0.019438	  0.040799	  0.015486	  0.013513	 -0.015990	  0.035179
  0.008850	 -0.010283	  0.046849	  0.010196	  0.036762	  0.038112	  0.068596
  0.003117	 -0.028085	  0.011215	 -0.021131	  0.016205	 -0.036674	 -0.114266
  0.001280	  0.012966	  0.024265	  0.011273	  0.011517	 -0.009243	  0.017345
 -0.004580	  0.022469	  0.010518	  0.056442	  0.044935	  0.021070	  0.135368
 -0.002395	  0.020442	  0.011183	  0.030025	 -0.001216	 -0.030465	 -0.124718
 -0.003725	  0.031338	 -0.004591	  0.044817	 -0.000995	 -0.012220	 -0.075653
 -0.002901	  0.047112	 -0.029076	  0.031324	  0.034735	  0.044700	  0.110819
 -0.025866	  0.046035	 -0.048715	 -0.006718	  0.013608	 -0.012315	 -0.098396
  0.006253	  0.033017	 -0.016976	 -0.015841	 -0.019018	 -0.039778	 -0.143248
  0.025575	  0.028297	  0.021572	 -0.042828	 -0.006284	  0.017491	  0.062356
  0.039607	  0.044832	  0.031994	 -0.064019	 -0.011954	 -0.008989	 -0.071567
  0.041349	  0.064027	  0.052329	 -0.059268	 -0.000931	 -0.049375	 -0.199630
  0.066848	  0.069697	  0.059488	 -0.058381	  0.023047	 -0.003351	  0.038505
  0.061811	  0.108689	  0.095756	 -0.039027	 -0.007551	  0.061076	 -0.037485
  0.038308	  0.062316	  0.082104	 -0.050272	 -0.049394	  0.053221	 -0.204033
  0.056046	  0.012333	  0.086475	 -0.082961	 -0.003719	  0.123793	  0.006734
  0.034951	 -0.002048	  0.065696	 -0.107636	  0.027101	  0.111472	 -0.011004
  0.004067	 -0.015890	  0.034496	 -0.128161	  0.035337	  0.058574	 -0.205015
 -0.007463	 -0.020673	  0.013844	 -0.095663	  0.069578	  0.119296	 -0.017783
 -0.000526	 -0.032424	 -0.004180	 -0.110645	  0.067012	  0.158858	  0.040595
  0.001343	 -0.035750	 -0.018560	 -0.101871	  0.007621	  0.104376	 -0.167068
  0.016579	 -0.045221	 -0.009311	 -0.073680	  0.015762	  0.097028	  0.003693
  0.006094	 -0.028022	 -0.035253	 -0.066490	  0.016078	  0.132029	  0.079176
  0.010782	 -0.048547	 -0.045452	 -0.097183	 -0.038371	  0.079891	 -0.141253
 -0.002933	 -0.063149	 -0.045864	 -0.065349	 -0.005873	  0.092403	 -0.019651
 -0.013386	 -0.040312	 -0.026764	 -0.073363	  0.012277	  0.100829	  0.089375
 -0.006956	 -0.042022	 -0.013365	 -0.090911	  0.007748	  0.016319	 -0.143850
  0.007551	 -0.040438	 -0.005320	 -0.098513	  0.019689	  0.029053	 -0.101785
  0.009610	  0.007772	  0.002567	 -0.072350	  0.034197	  0.081982	  0.055387
 -0.002141	 -0.014465	 -0.062082	 -0.090309	  0.020260	  0.012201	 -0.171534
  0.040905	 -0.019343	 -0.080644	 -0.043842	 -0.002610	 -0.011587	 -0.153036
  0.065644	 -0.019723	 -0.052199	 -0.005325	  0.026500	  0.074443	  0.071383
  0.063363	 -0.032329	 -0.042950	 -0.039281	  0.001983	  0.056895	 -0.106568
  0.079169	 -0.018107	 -0.007569	 -0.053851	  0.012056	  0.071624	 -0.147113
  0.070332	  0.023894	  0.014414	 -0.056987	  0.064162	  0.157243	  0.053487
  0.037073	  0.056488	 -0.003673	 -0.063797	  0.051555	  0.113752	 -0.048318
  0.026588	  0.045180	 -0.018180	 -0.044570	  0.062356	  0.112961	 -0.159276
  0.006221	  0.079136	 -0.030818	 -0.049575	  0.050700	  0.141152	  0.059790
  0.028362	  0.102354	 -0.006935	 -0.046819	  0.022065	  0.114766	 -0.004701
  0.036376	  0.049235	 -0.002786	 -0.016126	 -0.051897	  0.047076	 -0.138275
  0.025353	  0.042456	  0.027116	 -0.007732	 -0.036819	  0.132156	  0.077338
  0.057187	 -0.000496	  0.075927	 -0.034751	 -0.046892	  0.101652	  0.041989
  0.091966	  0.000169	  0.100191	 -0.033104	 -0.024308	  0.027215	 -0.133936
  0.092631	  0.001880	  0.111245	 -0.073997	  0.031948	  0.062248	  0.047469
  0.116166	 -0.001604	  0.080679	 -0.117804	  0.011771	  0.076534	  0.114620
  0.087183	 -0.010854	  0.088883	 -0.136619	 -0.012144	  0.020247	 -0.103654
  0.069983	 -0.042149	  0.072221	 -0.122872	  0.023269	  0.050117	 -0.004606
  0.073721	 -0.029225	  0.057651	 -0.101554	  0.014178	  0.060696	  0.066696
  0.073975	  0.000581	  0.041465	 -0.089771	  0.013133	  0.024206	 -0.166023
  0.036249	  0.046764	  0.075135	 -0.054010	  0.039486	  0.043750	 -0.080310
  0.037104	  0.062950	  0.043650	 -0.053408	  0.066632	  0.084991	  0.023839
  0.033493	  0.064565	  0.023030	 -0.084671	  0.052157	  0.012930	 -0.188322
  0.009325	  0.054714	  0.061673	 -0.096803	  0.091212	  0.028102	 -0.126461
  0.007140	  0.047397	  0.069529	 -0.089296	  0.108507	  0.082140	  0.009046
  0.002990	  0.043026	  0.057841	 -0.096993	  0.086873	  0.029306	 -0.187182
  0.013981	  0.020157	  0.049764	 -0.092115	  0.087791	  0.039189	 -0.187752
  0.034444	  0.020157	  0.071936	 -0.077449	  0.081678	  0.075900	  0.020988
  0.058612	  0.010939	  0.040894	 -0.081599	  0.042781	  0.049673	 -0.101722
  0.079169	  0.052814	  0.026324	 -0.116917	  0.028432	  0.038524	 -0.160036
  0.087880	  0.056488	  0.032279	 -0.106939	  0.036414	  0.086670	  0.083420
  0.082400	  0.059086	  0.014984	 -0.117392	  0.018486	  0.085340	 -0.035742
  0.045688	  0.078978	 -0.017230	 -0.125026	  0.028749	  0.079290	 -0.096654
  0.032195	  0.070805	  0.003169	 -0.101428	  0.053772	  0.151161	  0.081710
  0.003149	  0.063520	  0.046691	 -0.086984	  0.031599	  0.140581	  0.008255
 -0.008825	  0.058452	  0.064302	 -0.080997	  0.015065	  0.119771	 -0.102102
 -0.008128	  0.068873	  0.072316	 -0.077291	  0.048324	  0.139251	  0.114430
 -0.005119	  0.085344	  0.085873	 -0.075961	  0.092891	  0.095539	  0.083832
 -0.015477	  0.109703	  0.047420	 -0.063164	  0.148481	  0.045302	 -0.152846
 -0.000716	  0.072611	  0.073172	 -0.042290	  0.187980	  0.072258	 -0.015565
  0.011004	  0.056298	  0.076624	 -0.035131	  0.174202	  0.068900	  0.007209
 -0.011549	  0.040936	  0.077891	 -0.005198	  0.121621	  0.028324	 -0.182399
  0.018448	  0.003495	  0.069941	  0.016880	  0.151079	  0.058036	 -0.027095
  0.052214	  0.007993	  0.076878	  0.029803	  0.164572	  0.097250	  0.038473
  0.052309	  0.036945	  0.087837	  0.015169	  0.149020	  0.044130	 -0.159688
  0.068241	  0.000043	  0.094141	  0.015391	  0.141133	  0.057719	 -0.075210
  0.028901	 -0.038664	  0.080837	  0.013015	  0.136888	  0.089077	  0.016237
  0.057060	  0.002894	  0.099906	  0.012224	  0.127544	  0.033075	 -0.196843
  0.054399	  0.029437	  0.084385	  0.026477	  0.158776	  0.081095	 -0.135646
 -0.004327	  0.039067	  0.056985	  0.046876	  0.158015	  0.131997	  0.020228
 -0.009268	  0.050913	  0.046849	  0.026414	  0.107968	  0.073968	 -0.173815
 -0.008286	  0.054113	  0.057904	  0.038577	  0.073379	  0.058384	 -0.187911
 -0.018106	  0.072104	  0.070764	  0.039211	  0.060107	  0.157116	 -0.008913
 -0.057668	  0.109069	  0.102820	  0.014251	  0.011834	  0.089362	 -0.165358
 -0.040595	  0.132604	  0.136522	  0.027554	 -0.001216	  0.049483	 -0.193105
 -0.012626	  0.126047	  0.133576	  0.005287	  0.007273	  0.104060	  0.014400
  0.002262	  0.107580	  0.101933	  0.000979	 -0.021457	  0.090724	 -0.071884
 -0.032898	  0.085408	  0.105195	 -0.013814	 -0.003307	  0.090883	 -0.166783
 -0.012689	  0.042298	  0.125056	  0.014567	  0.059315	  0.187904	  0.042781
 -0.017345	  0.007835	  0.127970	  0.010038	  0.058998	  0.152206	 -0.019968
 -0.033975	  0.014392	  0.091543	  0.016816	  0.050573	  0.094716	 -0.177648
 -0.055863	  0.011509	  0.113463	 -0.000573	  0.085131	  0.103743	 -0.003117
 -0.056971	  0.036058	  0.102281	  0.006965	  0.074108	  0.124300	 -0.004637
 -0.049116	  0.053669	  0.076751	  0.007504	  0.070560	  0.077706	 -0.173182
 -0.065967	  0.081797	  0.083466	 -0.010488	  0.121811	  0.148627	  0.003852
 -0.088710	  0.083159	  0.091892	 -0.024266	  0.133372	  0.148849	  0.051301
 -0.112340	  0.071534	  0.110865	 -0.007954	  0.100240	  0.067190	 -0.148665
 -0.109204	  0.053827	  0.132784	  0.021663	  0.107747	  0.063167	 -0.005936
 -0.142146	  0.059054	  0.114064	  0.005160	  0.112941	  0.100797	  0.064257
 -0.094855	  0.030704	  0.122142	  0.006174	  0.067329	  0.060506	 -0.213093
 -0.083547	  0.036564	  0.150713	  0.015803	  0.101253	  0.078118	 -0.100170
 -0.093746	  0.054334	  0.165315	  0.008327	  0.116552	  0.115590	  0.036509
 -0.103281	  0.015279	  0.157808	  0.001137	  0.138060	  0.053284	 -0.175716
 -0.067741	  0.000296	  0.119766	  0.027048	  0.152156	  0.080145	 -0.138117
 -0.069831	 -0.004867	  0.105259	  0.042822	  0.178224	  0.171655	  0.052727
 -0.087728	  0.004034	  0.095914	  0.041301	  0.173061	  0.110268	 -0.081798
 -0.114272	  0.003210	  0.082928	  0.062302	  0.159346	  0.050560	 -0.091934
 -0.082121	  0.025225	  0.094521	  0.081751	  0.116648	  0.117617	  0.048419
 -0.089217	 -0.022858	  0.121381	  0.070094	  0.132549	  0.107006	 -0.018384
 -0.096597	 -0.014813	  0.108046	  0.049189	  0.114430	  0.087969	 -0.101469
 -0.102584	 -0.007559	  0.135762	  0.011020	  0.129064	  0.098643	 -0.049996
 -0.080506	 -0.023365	  0.162274	  0.030310	  0.086144	  0.119644	  0.025644
 -0.110724	 -0.040692	  0.157966	  0.076208	  0.081583	  0.097566	 -0.074988
 -0.105593	 -0.063498	  0.168609	  0.041080	  0.104389	  0.046442	 -0.089369
 -0.111516	 -0.050036	  0.155147	  0.038546	  0.114272	  0.071783	 -0.002832
 -0.131218	 -0.032868	  0.135604	  0.012192	  0.137427	  0.077864	 -0.032733
 -0.142526	 -0.034927	  0.118341	 -0.007954	  0.145124	  0.068552	 -0.086550
 -0.130331	 -0.021908	  0.129142	  0.004305	  0.154373	  0.055185	 -0.030199
 -0.105339	 -0.022193	  0.154387	  0.014124	  0.125422	  0.072543	 -0.010814
 -0.063116	 -0.024347	  0.145550	  0.013174	  0.136160	  0.097566	 -0.061083
 -0.079429	 -0.040470	  0.131517	  0.032021	  0.131852	  0.152586	 -0.068336
 -0.055609	 -0.016048	  0.152518	  0.017165	  0.122064	  0.125631	 -0.063142
 -0.070275	 -0.013261	  0.130124	  0.026731	  0.157540	  0.101747	 -0.068210
 -0.072365	  0.000328	  0.109376	  0.059515	  0.146232	  0.106372	 -0.025670
 -0.064637	  0.059846	  0.123440	  0.098919	  0.170020	  0.083249	 -0.022249
 -0.120607	  0.059212	  0.116852	  0.107281	  0.147911	  0.062438	  0.005911
 -0.121969	  0.020125	  0.124359	  0.087294	  0.156273	  0.041311	  0.019246
 -0.134829	 -0.002650	  0.121635	  0.067370	  0.136445	  0.056737	  0.034260
 -0.117503	  0.004034	  0.137979	  0.069746	  0.108127	  0.083756	  0.039581
 -0.091656	 -0.016365	  0.146690	  0.096448	  0.106923	  0.110173	 -0.009832
 -0.057066	  0.013346	  0.138233	  0.109087	  0.106385	  0.111757	 -0.031308
 -0.089153	  0.025446	  0.148495	  0.102276	  0.109077	  0.096869	 -0.011796
 -0.110249	  0.000676	  0.125246	  0.058374	  0.102457	  0.103078	 -0.033937
 -0.119593	 -0.024601	  0.145043	  0.072882	  0.115095	  0.095127	 -0.043186
 -0.138947	 -0.020451	  0.136015	  0.069746	  0.105656	  0.066208	 -0.062001
 -0.133372	 -0.021021	  0.133830	  0.035125	  0.086778	  0.058352	 -0.025638
 -0.127069	 -0.019723	  0.125056	  0.021504	  0.080506	  0.062375	 -0.013728
 -0.134354	 -0.017980	  0.099747	  0.008327	  0.079904	  0.041818	  0.033753
 -0.139359	 -0.015066	  0.114540	 -0.010424	  0.070370	  0.019423	  0.035749
 -0.119878	 -0.035560	  0.077353	  0.002911	  0.071637	  0.005043	  0.018011
 -0.118960	 -0.047629	  0.071239	  0.015708	  0.046582	  0.021609	  0.044079
 -0.110122	 -0.027040	  0.075167	  0.032781	  0.047912	  0.048406	  0.007684
 -0.090420	 -0.044714	  0.094647	  0.029613	  0.042527	  0.065416	  0.007114
 -0.085226	 -0.056783	  0.057556	  0.061922	  0.065840	  0.087272	  0.003187
 -0.069451	 -0.004423	  0.058823	  0.059135	  0.088108	  0.104883	  0.036161
 -0.116711	 -0.019596	  0.101426	  0.069587	  0.115032	  0.125219	  0.000748
 -0.110312	 -0.027356	  0.094046	  0.077950	  0.126562	  0.096458	 -0.001786
 -0.094158	 -0.040122	  0.096833	  0.040985	  0.104959	  0.114164	 -0.012018
 -0.090895	 -0.029922	  0.090308	  0.022170	  0.091719	  0.065859	 -0.020285
 -0.094000	 -0.010537	  0.081407	 -0.021637	  0.085384	  0.042166	 -0.036629
 -0.108760	 -0.033280	  0.074217	 -0.014130	  0.089914	  0.065384	 -0.048793
 -0.118643	 -0.037968	  0.059203	 -0.003773	  0.092574	  0.058067	  0.018517
 -0.118833	 -0.026628	  0.054927	  0.038862	  0.088013	  0.094114	  0.031916
 -0.133087	 -0.015003	  0.047325	  0.067750	  0.077180	  0.100924	  0.017630
 -0.125612	 -0.009428	  0.026704	  0.065470	  0.066664	  0.097915	  0.029984
 -0.117408	 -0.025393	  0.045487	  0.055777	  0.083864	  0.087557	  0.037808
 -0.090072	 -0.033248	  0.043745	  0.030278	  0.080664	  0.093290	  0.043858
 -0.089628	 -0.085132	  0.050777	  0.054383	  0.074203	  0.098263	  0.035369
 -0.073031	 -0.080571	  0.075294	  0.063379	  0.086239	  0.123508	  0.055482
 -0.096122	 -0.091657	  0.050777	  0.080167	  0.085859	  0.123667	  0.070845
 -0.094982	 -0.090454	  0.055402	  0.059832	  0.075153	  0.129622	  0.088552
 -0.100968	 -0.094635	  0.062624	  0.081687	  0.071288	  0.113721	  0.097991
 -0.072587	 -0.090549	  0.096104	  0.105951	  0.066822	  0.120974	  0.136255
 -0.074741	 -0.073792	  0.107413	  0.043740	  0.073442	  0.148690	  0.143381
 -0.056496	 -0.058873	  0.091005	  0.030564	  0.058270	  0.145428	  0.145187
 -0.020228	 -0.058683	  0.091100	  0.036265	  0.045125	  0.141848	  0.127734
 -0.031346	 -0.043289	  0.123694	  0.040066	  0.005372	  0.131807	  0.071764
 -0.023142	 -0.017790	  0.109440	  0.055460	  0.012246	  0.132314	  0.075121
 -0.011074	 -0.026121	  0.108046	  0.086629	  0.057668	  0.164813	  0.028368
  0.012239	  0.014170	  0.116345	  0.075289	  0.041989	  0.143812	  0.021780
 -0.010187	 -0.013958	  0.140260	  0.060275	  0.018517	  0.119359	  0.029445
 -0.035875	 -0.006862	  0.117517	  0.055334	  0.031821	  0.117870	 -0.004384
 -0.042432	  0.019175	  0.102440	  0.114471	  0.050446	  0.118630	  0.002680
 -0.053867	  0.000169	  0.098290	  0.129581	  0.050953	  0.102856	  0.022287
 -0.042020	  0.007423	  0.124454	  0.142251	  0.063021	  0.094304	  0.002743
 -0.037808	  0.018193	  0.120558	  0.085742	  0.077307	  0.097471	  0.015983
 -0.025359	  0.034506	  0.095883	  0.077316	  0.079746	  0.085371	  0.005721
 -0.024631	  0.060828	  0.092398	  0.067085	  0.086904	  0.070294	  0.002806
 -0.014748	  0.080403	  0.057841	  0.073990	  0.077370	  0.064877	  0.002363
 -0.045536	  0.037895	  0.056352	  0.110069	  0.078447	  0.098105	  0.024757
 -0.042084	  0.050787	  0.016631	  0.108802	  0.080474	  0.105010	  0.039486
 -0.042907	  0.053099	  0.034813	  0.078330	  0.065143	  0.075330	  0.009395
 -0.017219	  0.040207	  0.052488	  0.049600	  0.075089	  0.047361	  0.025834
 -0.017409	  0.019270	  0.070986	  0.029043	  0.077307	  0.025505	  0.028590
 -0.009807	  0.005554	  0.079063	  0.023753	  0.058112	  0.079036	  0.032740
 -0.000146	  0.028170	  0.090371	  0.029423	  0.033817	  0.107037	  0.047817
 -0.032074	  0.075398	  0.070701	  0.014631	  0.008983	  0.089426	  0.066062
 -0.043256	  0.087562	  0.040958	  0.046179	  0.010028	  0.059303	  0.073886
 -0.066886	  0.050882	  0.071113	  0.062746	 -0.005968	  0.091136	  0.077814
 -0.068248	  0.058420	  0.098860	  0.058945	 -0.020253	  0.112802	  0.054912
 -0.043858	  0.058515	  0.111752	  0.072565	  0.004168	  0.151573	  0.055261
 -0.031346	  0.063140	  0.106937	  0.082099	  0.025898	  0.151414	  0.094760
  0.005588	  0.059656	  0.103707	  0.062967	  0.055736	  0.163989	  0.102014
 -0.015762	  0.058009	  0.071018	  0.053591	  0.049939	  0.190470	  0.081456
 -0.057510	  0.037863	  0.078335	 -0.000288	  0.019088	  0.155247	  0.076832
 -0.071225	 -0.026881	  0.101616	 -0.030316	  0.045093	  0.130635	  0.084465
 -0.077528	 -0.013799	  0.112291	 -0.018375	  0.060170	  0.099625	  0.105118
 -0.079999	 -0.007084	  0.093222	  0.005603	  0.068501	  0.072163	  0.078827
 -0.049908	  0.010876	  0.093951	  0.010735	  0.103819	  0.072923	  0.062831
 -0.085384	  0.027093	  0.083593	 -0.023189	  0.134006	  0.058606	  0.069420
 -0.105054	  0.001785	  0.063447	 -0.016158	  0.077845	  0.020785	  0.065555
 -0.088266	  0.006758	  0.062687	 -0.047231	  0.064193	  0.048691	  0.077719
 -0.090959	  0.053321	  0.055813	 -0.037032	  0.059220	  0.073240	  0.045726
