:RUN-5	LEVEL SWEEP	TEMP:NaN	8/27/2019	5:41 PM	HR:168.10:SW EAR: R	SW FREQ: 22.60	# AVERAGES: 512	REP RATE (/sec): 80	DRIVER: 	SAMPLE (µsec): 40	MASKER dB: 0:NOTES-:CHAMBER-SEWELL-PXI1:CFTS Version: V2.7.2 (R850):LEVELS:20;30;40;50;60;70;80;:DATA  0.032949	 -0.007911	  0.040676	 -0.007857	 -0.015958	  0.063818	  0.003874
  0.006880	 -0.008829	  0.036558	 -0.012450	 -0.036040	  0.017160	 -0.032109
 -0.011175	 -0.058813	 -0.012190	  0.012985	 -0.030307	 -0.001117	 -0.022702
  0.007323	 -0.092104	 -0.031639	  0.014411	 -0.013424	  0.011649	 -0.008479
  0.035419	 -0.092801	 -0.031449	  0.014886	  0.002825	  0.027581	  0.022594
  0.018758	 -0.057895	 -0.057106	  0.060878	  0.054171	  0.013359	  0.019458
  0.047393	 -0.040948	 -0.033159	  0.050964	  0.047203	  0.018142	 -0.006484
  0.048913	 -0.015418	 -0.001231	  0.029805	  0.001242	  0.042120	 -0.017380
  0.041279	  0.013280	 -0.031417	 -0.004119	 -0.003700	  0.028880	 -0.000149
  0.017523	  0.034819	 -0.036739	  0.007442	 -0.000849	  0.019156	  0.001150
  0.008400	  0.034344	 -0.009498	  0.020271	 -0.000215	  0.005535	 -0.012756
  0.007925	  0.048186	  0.023001	  0.022995	 -0.017510	  0.004458	 -0.040567
 -0.016085	  0.056453	  0.033581	  0.000632	 -0.043516	 -0.039444	 -0.060617
 -0.017003	  0.053381	  0.035608	 -0.018563	 -0.028121	 -0.057499	 -0.045793
 -0.024162	  0.049833	  0.005675	 -0.045836	  0.011853	 -0.068965	 -0.022132
 -0.018270	  0.030955	 -0.008674	 -0.017961	  0.013468	 -0.054046	 -0.014561
 -0.044181	  0.042991	  0.008684	  0.003546	  0.032695	 -0.042294	  0.004666
 -0.056502	  0.003492	  0.021037	 -0.029016	 -0.011048	 -0.024810	  0.034187
 -0.042502	 -0.006454	  0.022906	 -0.056574	  0.003649	  0.004427	  0.079705
 -0.042882	  0.013438	  0.025377	 -0.046438	  0.033582	  0.031889	  0.118095
 -0.027456	  0.010017	  0.004661	 -0.071683	  0.077389	  0.070913	  0.113059
 -0.023497	  0.013090	 -0.011778	 -0.051727	  0.038840	  0.081873	  0.133584
 -0.035818	  0.005044	  0.033042	 -0.031360	  0.019803	  0.044242	  0.144924
 -0.031511	 -0.002811	  0.065288	 -0.018310	 -0.030022	  0.031224	  0.131969
  0.011473	 -0.021943	  0.079130	  0.004338	 -0.021406	  0.004648	  0.120154
  0.024871	 -0.039935	  0.141783	  0.019257	  0.026297	  0.022165	  0.109163
 -0.009370	 -0.068411	  0.086003	  0.003451	 -0.006044	  0.030305	  0.109606
 -0.038638	 -0.088493	  0.109221	  0.002691	 -0.006772	  0.067556	  0.099533
 -0.044751	 -0.111711	  0.062088	  0.003293	  0.014577	  0.067841	  0.149264
 -0.064073	 -0.091787	 -0.001737	 -0.027591	  0.016097	  0.072180	  0.243023
 -0.043421	 -0.078452	 -0.000946	 -0.041686	  0.015781	  0.093783	  0.295635
 -0.030592	 -0.100339	  0.028418	 -0.065665	  0.025663	  0.174143	  0.373747
 -0.007184	 -0.085135	  0.014829	 -0.021858	  0.035673	  0.235150	  0.450718
 -0.028533	 -0.052890	  0.026707	 -0.008649	  0.072036	  0.290391	  0.456039
 -0.016053	 -0.032111	  0.030857	  0.023090	  0.123603	  0.324506	  0.380113
  0.001590	  0.006058	  0.055595	  0.063001	  0.139758	  0.299450	  0.321007
 -0.029768	  0.009859	  0.030065	  0.089228	  0.174886	  0.261820	  0.256136
 -0.041330	  0.000958	  0.048975	  0.069652	  0.175931	  0.221117	  0.101402
 -0.056439	  0.005329	  0.072668	  0.070033	  0.129495	  0.122259	 -0.056974
 -0.040728	  0.018601	  0.087302	  0.110957	  0.069629	  0.036070	 -0.185164
 -0.007722	  0.025253	  0.102601	  0.084540	 -0.005759	 -0.061426	 -0.267774
 -0.000595	 -0.016938	  0.124647	  0.021443	 -0.049661	 -0.152715	 -0.346202
  0.014387	 -0.009210	  0.110900	 -0.002251	 -0.099232	 -0.254456	 -0.451395
  0.045017	 -0.012029	  0.112325	 -0.010201	 -0.133220	 -0.314037	 -0.501189
  0.052366	 -0.059890	  0.078813	 -0.029270	 -0.178041	 -0.377799	 -0.559915
  0.039727	 -0.067619	  0.051667	 -0.054990	 -0.224223	 -0.397121	 -0.609043
  0.000830	 -0.069868	  0.033169	 -0.103928	 -0.222418	 -0.427213	 -0.605749
 -0.012537	 -0.015671	  0.008779	 -0.103200	 -0.216906	 -0.422588	 -0.564413
  0.012550	 -0.033124	 -0.016023	 -0.108078	 -0.183679	 -0.400162	 -0.492858
  0.017966	 -0.019504	 -0.040445	 -0.141052	 -0.155868	 -0.325630	 -0.374900
 -0.035248	 -0.017382	 -0.077125	 -0.158441	 -0.148804	 -0.301652	 -0.279050
 -0.056502	 -0.015355	 -0.029738	 -0.175926	 -0.127550	 -0.211061	 -0.184753
 -0.061887	 -0.008703	 -0.039906	 -0.151188	 -0.124446	 -0.111568	 -0.060364
 -0.040316	  0.024018	 -0.068414	 -0.150903	 -0.079119	 -0.071214	  0.051419
 -0.053778	  0.005709	 -0.078487	 -0.142699	 -0.082540	 -0.030194	  0.137734
 -0.051308	  0.005836	 -0.081876	 -0.109535	 -0.033950	  0.047315	  0.205582
 -0.043642	  0.005646	 -0.079152	 -0.059013	  0.003111	  0.064863	  0.188446
 -0.037212	  0.046666	 -0.068794	 -0.047039	  0.037161	  0.100498	  0.199374
 -0.026062	  0.055566	 -0.056979	 -0.010961	  0.062248	  0.086434	  0.226203
  0.003459	  0.028072	 -0.054413	  0.008297	  0.105042	  0.061315	  0.194559
  0.001178	  0.049136	 -0.059703	  0.047511	  0.119486	  0.076456	  0.201084
 -0.006360	  0.067001	 -0.089763	  0.046213	  0.112865	  0.128657	  0.214293
 -0.009021	  0.019742	 -0.100564	  0.043995	  0.081950	  0.153396	  0.157087
 -0.032556	 -0.038351	 -0.086184	  0.046403	  0.075900	  0.122164	  0.133489
 -0.002844	 -0.047885	 -0.076554	  0.059105	  0.101336	  0.090488	  0.104823
  0.011980	 -0.039681	 -0.051468	  0.047416	  0.098358	  0.091787	  0.060161
  0.019962	 -0.042374	 -0.010321	  0.041366	  0.077262	  0.079624	 -0.017792
  0.015971	 -0.023875	  0.004439	  0.003958	  0.052872	  0.060872	 -0.118171
 -0.026854	 -0.013422	 -0.007534	 -0.003106	  0.068108	  0.028912	 -0.151557
 -0.012252	  0.022592	  0.002697	  0.011877	  0.029528	 -0.012171	 -0.253520
 -0.026506	  0.022244	 -0.003638	  0.035570	 -0.014881	 -0.105582	 -0.284498
  0.000735	  0.009320	 -0.020996	  0.019257	 -0.016718	 -0.140678	 -0.330776
  0.003776	 -0.001386	 -0.014851	 -0.011690	 -0.047633	 -0.148882	 -0.344935
  0.019550	 -0.019441	 -0.015706	 -0.052044	 -0.053145	 -0.151606	 -0.366252
  0.013215	 -0.006042	  0.022019	 -0.047420	 -0.050769	 -0.208527	 -0.383230
 -0.020456	  0.032380	  0.019168	 -0.043714	 -0.085169	 -0.215495	 -0.386904
 -0.023655	  0.039444	  0.008652	 -0.056320	 -0.138700	 -0.241849	 -0.305657
 -0.050199	  0.046919	  0.005358	 -0.035921	 -0.131351	 -0.222907	 -0.224885
 -0.076078	  0.068458	 -0.010892	 -0.022966	 -0.092739	 -0.140171	 -0.156023
 -0.066512	  0.072101	 -0.027489	 -0.040293	 -0.068539	 -0.109573	 -0.126882
 -0.024542	  0.035706	 -0.047983	 -0.023410	 -0.045796	 -0.093925	 -0.110284
 -0.033474	  0.016574	 -0.055712	 -0.028193	 -0.024922	 -0.044227	 -0.042530
 -0.067842	 -0.004078	 -0.057423	 -0.022839	 -0.018492	  0.023590	 -0.010855
 -0.069711	 -0.013011	 -0.067654	 -0.044379	 -0.020266	  0.046998	 -0.021308
 -0.056692	 -0.012377	 -0.059545	 -0.036840	  0.009414	  0.069836	 -0.018711
 -0.042027	 -0.007087	 -0.013964	 -0.064429	  0.055977	  0.088620	 -0.015860
 -0.043896	 -0.018997	  0.014385	 -0.041053	  0.065099	  0.093973	 -0.003887
 -0.037117	 -0.024635	  0.020372	 -0.024202	  0.070389	  0.096348	  0.004222
 -0.064960	 -0.046238	  0.024965	 -0.003454	  0.041184	  0.094131	  0.018951
 -0.084915	 -0.034803	  0.019010	  0.020239	  0.054900	  0.101765	  0.028454
 -0.069014	 -0.025522	  0.009634	  0.047923	  0.090978	  0.088715	  0.029024
 -0.078105	 -0.036007	  0.027119	  0.053181	  0.064307	  0.062583	  0.061840
 -0.072657	 -0.026663	  0.053726	  0.069399	  0.039125	  0.093656	  0.097348
 -0.023307	 -0.020328	  0.044255	  0.044692	  0.037066	  0.115132	  0.095542
  0.001748	 -0.046080	  0.026359	  0.031104	  0.028419	  0.113516	  0.096619
 -0.016116	 -0.033536	  0.066270	  0.028601	  0.049895	  0.100498	  0.106312
  0.009667	 -0.041487	  0.060378	  0.055399	  0.079638	  0.103697	  0.133648
  0.051954	 -0.021816	  0.003014	  0.026257	  0.104281	  0.134390	  0.163929
  0.087779	 -0.021911	  0.030761	  0.001170	  0.137889	  0.145667	  0.133299
  0.065986	 -0.013581	  0.043907	  0.009596	  0.145808	  0.134834	  0.148567
  0.089236	 -0.015101	  0.039662	  0.003609	  0.133961	  0.111299	  0.175554
  0.127246	 -0.048930	  0.051445	 -0.002314	  0.142989	  0.132490	  0.151608
  0.144572	 -0.068316	  0.037413	  0.002437	  0.161836	  0.178673	  0.166147
  0.116667	 -0.080226	  0.072319	 -0.011500	  0.180936	  0.202714	  0.205171
  0.093829	 -0.065560	  0.083818	  0.000315	  0.183533	  0.207845	  0.226330
  0.064276	 -0.078388	  0.072161	 -0.023853	  0.162722	  0.187257	  0.257561
  0.061837	 -0.061315	  0.061930	 -0.034749	  0.115716	  0.169962	  0.248914
  0.052904	 -0.072655	  0.016856	 -0.022396	  0.072004	  0.186528	  0.276947
  0.039062	 -0.080067	 -0.005222	  0.005320	  0.108779	  0.198026	  0.325695
  0.013690	 -0.060999	  0.029653	  0.002754	  0.115336	  0.165559	  0.334944
  0.037732	 -0.055519	  0.011028	 -0.028889	  0.101906	  0.144907	  0.273874
  0.062723	 -0.053872	 -0.002403	 -0.028066	  0.154233	  0.113928	  0.267064
  0.080905	 -0.060080	 -0.020743	 -0.023315	  0.199878	  0.111774	  0.232601
  0.105929	 -0.058275	 -0.021788	 -0.022269	  0.205231	  0.097837	  0.187622
  0.065733	 -0.012282	 -0.046843	  0.002342	  0.248753	  0.110127	  0.166875
  0.036180	  0.001687	 -0.018494	  0.033194	  0.254676	  0.145192	  0.120756
 -0.011587	  0.019805	  0.022589	  0.047575	  0.240580	  0.115100	  0.077962
 -0.022737	  0.033742	  0.037445	  0.034049	  0.225756	  0.075886	 -0.014434
 -0.009084	  0.067286	  0.070134	  0.046624	  0.194398	  0.038446	 -0.104836
  0.008274	  0.030955	  0.045966	  0.063824	  0.119106	 -0.021896	 -0.155453
  0.027596	  0.001972	  0.033897	  0.052801	  0.106372	 -0.074920	 -0.196124
  0.044288	  0.000135	 -0.002656	  0.055494	  0.074063	 -0.110206	 -0.221338
  0.048786	 -0.026979	  0.041499	  0.022551	  0.040741	 -0.144384	 -0.244587
  0.059651	 -0.017794	  0.063577	  0.020904	  0.009984	 -0.192404	 -0.273634
  0.069502	 -0.033219	  0.061550	  0.062272	  0.007703	 -0.203839	 -0.276928
  0.075647	 -0.017318	  0.016571	  0.079440	 -0.014564	 -0.203047	 -0.282281
  0.103426	  0.015529	  0.001082	  0.080961	 -0.022863	 -0.216034	 -0.278321
  0.096426	  0.040489	  0.002032	  0.048430	  0.005930	 -0.237890	 -0.278733
  0.082109	  0.044733	  0.076627	  0.010610	 -0.022451	 -0.236084	 -0.261945
  0.083661	  0.027375	  0.096931	 -0.007667	 -0.001546	 -0.224808	 -0.253583
  0.084991	  0.022181	  0.115588	 -0.009821	 -0.027520	 -0.193544	 -0.216966
  0.055597	 -0.007372	  0.132598	 -0.032627	 -0.009465	 -0.188729	 -0.223523
  0.053633	  0.009194	  0.127846	 -0.066045	 -0.056534	 -0.166810	 -0.237935
  0.051162	  0.000325	  0.137444	 -0.075927	 -0.073544	 -0.164878	 -0.209586
  0.008622	 -0.003825	  0.121416	 -0.087615	 -0.085327	 -0.158638	 -0.166983
 -0.018999	 -0.006105	  0.099877	 -0.058854	 -0.083521	 -0.114007	 -0.134547
  0.003522	  0.024810	  0.065541	 -0.051189	 -0.062964	 -0.076092	 -0.112565
  0.032347	  0.017588	  0.080112	 -0.043935	 -0.058213	 -0.032032	 -0.077247
  0.055406	  0.020280	  0.044287	 -0.044410	 -0.027773	 -0.021547	 -0.048074
  0.055597	  0.009067	  0.021481	 -0.059393	  0.007735	 -0.014610	 -0.102809
  0.074950	 -0.006264	  0.015716	 -0.091607	  0.045080	 -0.048186	 -0.131823
  0.102919	 -0.034360	  0.025345	 -0.092525	  0.031935	 -0.080717	 -0.163879
  0.075204	 -0.050261	  0.035101	 -0.107603	  0.002034	 -0.099849	 -0.165747
  0.065479	 -0.086466	  0.036241	 -0.090846	 -0.034868	 -0.131239	 -0.184626
  0.041818	 -0.079972	  0.024331	 -0.117422	 -0.028470	 -0.154583	 -0.227419
  0.058099	 -0.061189	 -0.009815	 -0.118626	 -0.069996	 -0.216572	 -0.292417
  0.035863	 -0.035025	 -0.024417	 -0.137694	 -0.095716	 -0.292403	 -0.316047
  0.045809	 -0.038636	  0.013245	 -0.103517	 -0.107785	 -0.277167	 -0.308793
  0.028926	 -0.051369	  0.012643	 -0.072506	 -0.126061	 -0.289299	 -0.314463
  0.052556	 -0.030337	  0.003109	 -0.042510	 -0.116971	 -0.261361	 -0.300019
  0.044700	 -0.035627	  0.000955	 -0.080995	 -0.113866	 -0.260696	 -0.284562
  0.064212	 -0.050514	  0.005136	 -0.099335	 -0.102780	 -0.248786	 -0.303313
  0.060189	 -0.075759	  0.018155	 -0.092779	 -0.104712	 -0.225409	 -0.236954
  0.061837	 -0.071420	 -0.030277	 -0.073552	 -0.060050	 -0.225758	 -0.232804
  0.073778	 -0.057831	 -0.047065	 -0.081977	 -0.040221	 -0.200418	 -0.203948
  0.103205	 -0.048899	 -0.057391	 -0.102345	 -0.047602	 -0.200418	 -0.196251
  0.102919	 -0.050261	 -0.053780	 -0.090941	 -0.029420	 -0.169629	 -0.215129
  0.065733	 -0.059162	 -0.011683	 -0.089136	 -0.022642	 -0.135863	 -0.208224
  0.044637	 -0.058370	 -0.000470	 -0.088724	 -0.008641	 -0.092658	 -0.207939
  0.038682	 -0.038668	  0.018820	 -0.063701	 -0.017383	 -0.054141	 -0.209649
  0.002762	 -0.034708	  0.024902	 -0.035003	 -0.030940	 -0.025316	 -0.211613
  0.028166	 -0.021024	  0.031775	 -0.019482	 -0.031764	 -0.020692	 -0.181997
  0.002604	 -0.027708	  0.004534	  0.004750	 -0.065055	 -0.026869	 -0.182789
 -0.014248	 -0.046048	  0.007512	 -0.007097	 -0.061982	 -0.028832	 -0.202459
 -0.058150	 -0.058370	 -0.016593	 -0.006938	 -0.036230	 -0.040774	 -0.187065
 -0.026252	 -0.088176	 -0.025494	 -0.000888	 -0.068032	 -0.047426	 -0.189536
 -0.017288	 -0.079560	 -0.016340	 -0.006083	 -0.072087	 -0.038905	 -0.190993
 -0.016053	 -0.096348	  0.017553	  0.014601	 -0.075634	 -0.033457	 -0.174965
 -0.001197	 -0.117666	  0.028956	  0.006840	 -0.076046	 -0.024303	 -0.154028
 -0.000374	 -0.085737	  0.023825	 -0.032184	 -0.059607	 -0.025855	 -0.118234
  0.008970	 -0.083963	 -0.000502	 -0.030948	 -0.073322	 -0.007388	 -0.075093
  0.007672	 -0.096919	 -0.030974	 -0.036016	 -0.063186	 -0.007230	 -0.056721
  0.046442	 -0.088303	 -0.024417	 -0.057334	 -0.036800	 -0.029941	 -0.052635
  0.036718	 -0.039586	 -0.026698	 -0.087520	 -0.022578	 -0.023131	 -0.070658
  0.009002	 -0.024319	 -0.062364	 -0.075896	 -0.017003	 -0.024493	 -0.039585
  0.007513	 -0.015861	 -0.087419	 -0.085652	 -0.019031	 -0.037543	 -0.050861
 -0.010383	 -0.011110	 -0.110574	 -0.123535	 -0.038067	 -0.016764	 -0.070658
  0.009097	 -0.028310	 -0.090587	 -0.137599	 -0.048267	 -0.036403	 -0.098596
  0.006912	 -0.083457	 -0.040540	 -0.095313	 -0.056217	 -0.009162	 -0.092324
  0.016002	 -0.101511	 -0.011430	 -0.075516	 -0.053113	 -0.006628	 -0.080446
  0.027342	 -0.117349	 -0.017448	 -0.051062	 -0.069679	  0.022640	 -0.094288
  0.025157	 -0.085959	 -0.007851	 -0.032627	 -0.040570	 -0.013217	 -0.073097
  0.033424	 -0.102335	 -0.027838	 -0.035953	 -0.042470	 -0.051069	 -0.076581
  0.027722	 -0.092199	 -0.049029	 -0.037378	 -0.035027	 -0.059304	 -0.037874
  0.015179	 -0.060809	  0.002507	 -0.034369	 -0.025809	 -0.066209	 -0.036924
  0.024523	 -0.016115	  0.023286	 -0.018658	  0.051067	 -0.064245	 -0.063880
  0.010206	  0.015307	  0.007005	 -0.045931	  0.047868	 -0.100134	 -0.092007
 -0.001134	  0.040647	 -0.017290	 -0.024392	  0.026265	 -0.131239	 -0.096315
 -0.007659	  0.054870	 -0.057454	 -0.009726	 -0.014691	 -0.130732	 -0.107528
  0.004631	  0.060983	 -0.082604	 -0.001649	 -0.033981	 -0.142642	 -0.125837
  0.016668	  0.049770	 -0.046241	  0.013365	 -0.043516	 -0.136370	 -0.172653
  0.029623	  0.026298	 -0.024955	  0.043013	 -0.038891	 -0.143655	 -0.224252
  0.025537	  0.033172	 -0.032241	  0.034239	 -0.029167	 -0.180114	 -0.199323
  0.018251	  0.012583	 -0.024227	  0.007347	 -0.068222	 -0.196997	 -0.248547
  0.040519	  0.016923	 -0.029548	 -0.007920	 -0.059575	 -0.192847	 -0.257131
  0.017776	 -0.015925	 -0.018969	  0.009279	 -0.065498	 -0.149072	 -0.256782
 -0.024289	 -0.023178	  0.005706	  0.026447	 -0.061032	 -0.158891	 -0.216048
 -0.025904	 -0.044084	  0.017553	 -0.016663	 -0.116527	 -0.167982	 -0.220862
 -0.012600	 -0.031636	  0.033929	 -0.029618	 -0.118428	 -0.216825	 -0.202776
 -0.010858	 -0.052668	  0.016349	 -0.042035	 -0.123559	 -0.234722	 -0.205500
  0.028324	 -0.092579	 -0.004430	 -0.025849	 -0.120613	 -0.251637	 -0.193875
  0.050782	 -0.098946	  0.003046	 -0.009694	 -0.133505	 -0.247360	 -0.197835
  0.007577	 -0.051623	 -0.009941	 -0.011056	 -0.122862	 -0.230668	 -0.182979
 -0.009306	 -0.052573	 -0.035123	 -0.004373	 -0.101165	 -0.221323	 -0.157005
  0.005328	 -0.038731	 -0.029422	 -0.034908	 -0.115830	 -0.209952	 -0.148959
  0.028007	 -0.047822	 -0.025240	 -0.063891	 -0.131003	 -0.234754	 -0.137145
 -0.005727	 -0.038858	 -0.023783	 -0.064302	 -0.124224	 -0.204852	 -0.140724
 -0.038543	 -0.027613	 -0.004271	 -0.053470	 -0.110762	 -0.203585	 -0.111107
 -0.050516	 -0.025364	 -0.028123	 -0.086348	 -0.093309	 -0.201178	 -0.089537
 -0.065625	 -0.018332	 -0.029675	 -0.104055	 -0.083363	 -0.193196	 -0.115700
 -0.064421	 -0.041677	 -0.032146	 -0.104942	 -0.063376	 -0.188508	 -0.094890
 -0.058150	 -0.003635	 -0.016751	 -0.108078	 -0.109527	 -0.195761	 -0.070595
 -0.040316	  0.003777	 -0.010385	 -0.081977	 -0.115577	 -0.145651	 -0.021878
 -0.048612	 -0.005127	 -0.040210	  0.007778	  0.028261	  0.057068	 -0.000554
 -0.048580	 -0.011367	 -0.072709	 -0.013983	  0.040994	  0.053869	  0.006034
 -0.013167	 -0.026064	 -0.058360	 -0.010721	  0.020310	  0.022605	 -0.000459
  0.007928	 -0.021661	 -0.024087	 -0.018481	  0.001844	  0.004899	 -0.026338
 -0.000276	 -0.043771	 -0.002612	 -0.000204	  0.006183	 -0.000835	  0.003025
 -0.021055	 -0.073545	 -0.025608	  0.001126	  0.027691	 -0.004287	  0.044805
 -0.011932	 -0.054445	 -0.022884	 -0.003910	  0.018568	 -0.007550	  0.029506
 -0.008701	 -0.024037	  0.014303	 -0.002833	  0.012265	 -0.018541	  0.031279
 -0.008986	 -0.006172	  0.034797	 -0.000901	  0.007703	 -0.028360	 -0.011482
  0.014200	  0.014227	  0.022887	 -0.015377	  0.010174	 -0.005586	 -0.058140
  0.033585	 -0.009878	  0.004515	 -0.053102	 -0.001419	  0.011835	 -0.022822
  0.033934	 -0.001357	  0.008316	 -0.027698	 -0.000089	  0.005247	  0.020003
  0.023608	  0.034531	  0.004325	  0.013479	  0.009762	  0.015130	  0.092001
  0.034282	  0.059206	  0.025231	  0.040340	  0.006595	  0.037239	  0.098463
  0.033775	  0.070672	 -0.010594	  0.006352	 -0.005632	  0.055104	  0.103246
  0.008118	  0.049767	  0.007303	 -0.001503	 -0.012949	  0.028338	  0.063620
  0.017811	  0.047930	  0.010280	  0.035589	 -0.022230	 -0.019776	 -0.027130
 -0.011299	  0.013498	  0.020923	  0.015190	 -0.051023	 -0.059687	 -0.084462
 -0.007941	 -0.000565	  0.040974	  0.015950	 -0.067177	 -0.074797	 -0.115156
 -0.026693	 -0.011842	  0.063210	  0.012909	 -0.029832	 -0.071914	 -0.145437
 -0.024887	 -0.029517	  0.085762	  0.015792	  0.022908	 -0.055950	 -0.121206
 -0.035752	 -0.026507	  0.051775	 -0.012779	  0.030098	 -0.016672	 -0.047719
 -0.015765	 -0.016308	  0.017280	  0.007524	  0.007640	 -0.009007	  0.035651
  0.008498	  0.013910	  0.019751	  0.000619	  0.023129	 -0.005934	  0.126717
  0.023734	  0.039377	  0.007176	  0.011737	  0.047709	  0.011962	  0.163809
  0.019458	  0.032535	  0.018896	  0.025009	  0.016541	 -0.013663	  0.147940
  0.010367	  0.014892	  0.040277	 -0.009295	 -0.017827	 -0.022374	  0.081421
 -0.024602	 -0.017480	  0.049748	 -0.043188	 -0.022737	 -0.067480	 -0.021523
 -0.006579	 -0.029738	  0.044046	 -0.058930	 -0.025461	 -0.067131	 -0.097354
  0.005394	 -0.014439	  0.027733	 -0.058202	 -0.037117	 -0.093010	 -0.137138
  0.012363	 -0.013521	  0.054056	 -0.035237	 -0.038321	 -0.085091	 -0.133306
  0.047301	 -0.037879	  0.073536	 -0.035966	 -0.005569	 -0.072262	 -0.030804
  0.061460	 -0.066640	  0.078509	 -0.069193	 -0.005949	 -0.012586	  0.038628
  0.058989	 -0.074559	  0.062766	 -0.013413	 -0.019759	  0.006926	  0.138722
  0.037070	 -0.054667	  0.053612	 -0.013223	 -0.046873	  0.022225	  0.187280
  0.044387	 -0.044182	  0.069798	  0.003185	 -0.008673	  0.038221	  0.168275
  0.022847	 -0.050771	  0.068785	  0.009900	  0.049325	  0.014655	  0.089277
 -0.038064	 -0.061889	  0.073758	  0.016679	  0.027627	 -0.015469	  0.037614
 -0.024856	 -0.032304	  0.103469	  0.068436	  0.007735	 -0.027854	 -0.054877
  0.006820	 -0.049377	  0.136158	  0.046073	  0.013057	 -0.054493	 -0.141319
  0.000231	 -0.040191	  0.091211	  0.047657	  0.009826	 -0.057343	 -0.155383
 -0.002144	 -0.068826	  0.050476	  0.023774	  0.003237	 -0.048031	 -0.110594
 -0.001669	 -0.064391	  0.016204	 -0.014300	  0.032093	  0.004804	 -0.056778
 -0.020263	 -0.072468	 -0.007268	  0.015507	  0.048596	  0.039361	  0.029569
 -0.015892	 -0.090365	 -0.014173	  0.024756	  0.065859	  0.096979	  0.076575
 -0.009335	 -0.097524	 -0.021110	  0.024756	  0.070231	  0.074553	  0.116264
  0.021580	 -0.096922	  0.017534	  0.009203	  0.091675	  0.073032	  0.119178
  0.080306	 -0.096700	  0.032548	 -0.009707	  0.130065	  0.049276	  0.012971
  0.113692	 -0.113139	  0.021303	  0.014873	  0.138903	  0.069358	 -0.048384
  0.107896	 -0.078550	  0.023869	  0.008190	  0.084358	  0.019849	 -0.093236
  0.053667	 -0.054002	  0.061436	 -0.011544	  0.034786	 -0.014962	 -0.097988
  0.064279	 -0.060907	  0.060296	 -0.018893	  0.039569	 -0.005396	 -0.091748
  0.101339	 -0.052291	  0.051078	 -0.025133	  0.026138	  0.027135	 -0.006256
  0.123226	 -0.064359	  0.047340	 -0.018513	  0.050243	  0.022637	  0.053832
  0.120154	 -0.058468	  0.075785	 -0.020381	  0.031238	  0.060045	  0.143442
  0.127439	 -0.073672	  0.052630	 -0.033527	  0.013753	  0.046710	  0.185380
  0.121991	 -0.085582	  0.032168	 -0.064220	 -0.006329	  0.053679	  0.156524
  0.089904	 -0.109877	  0.024091	 -0.074736	 -0.005854	  0.010632	  0.106382
  0.086040	 -0.091664	  0.056875	 -0.056966	 -0.010225	 -0.009704	 -0.026243
  0.063677	 -0.081464	  0.070970	 -0.079076	  0.003997	 -0.045592	 -0.129790
  0.066971	 -0.087514	  0.068975	 -0.070017	 -0.002084	 -0.058705	 -0.147781
  0.087370	 -0.083270	  0.056843	 -0.037740	 -0.002939	 -0.040270	 -0.138057
  0.123100	 -0.051911	  0.104514	  0.002045	 -0.000405	 -0.018256	 -0.099920
  0.136435	 -0.032082	  0.117945	  0.046517	  0.000703	  0.023619	 -0.026781
  0.160002	 -0.053527	  0.090957	  0.036729	  0.026012	  0.068851	  0.041352
  0.141440	 -0.078708	  0.102487	  0.018326	  0.030003	  0.093716	  0.068466
  0.127186	 -0.084822	  0.082753	  0.019371	  0.039062	  0.089915	  0.058869
  0.137702	 -0.060305	  0.079079	 -0.012083	 -0.012442	  0.094540	  0.012971
  0.122308	 -0.066513	  0.073504	 -0.059944	 -0.007786	  0.070498	  0.009043
  0.103588	 -0.069839	  0.085256	 -0.078474	 -0.035660	  0.033913	 -0.067009
  0.107516	 -0.070885	  0.109582	 -0.113000	 -0.040728	  0.013799	 -0.196434
  0.140521	 -0.081337	  0.110849	 -0.138815	 -0.034456	 -0.012998	 -0.204702
  0.140711	 -0.106868	  0.046232	 -0.142458	 -0.048520	 -0.011763	 -0.164759
  0.104411	 -0.117764	  0.035747	 -0.082782	 -0.024700	  0.030682	 -0.086996
  0.098076	 -0.105379	  0.047562	 -0.040084	  0.007577	  0.038823	  0.021587
  0.106660	 -0.128534	  0.015823	 -0.032957	  0.013088	  0.078544	  0.103119
  0.077614	 -0.129452	  0.025579	 -0.045817	  0.015559	  0.116111	  0.174737
  0.098646	 -0.103288	  0.061119	 -0.072107	 -0.017954	  0.120925	  0.153768
  0.122561	 -0.077125	  0.058997	 -0.077144	 -0.006519	  0.089947	  0.092381
  0.137069	 -0.049852	  0.054816	 -0.089909	  0.026740	  0.060932	  0.001726
  0.137290	 -0.007439	  0.033562	 -0.095072	  0.004631	  0.047629	 -0.128523
  0.125887	 -0.003828	  0.043951	 -0.121077	  0.003902	  0.052855	 -0.099540
  0.126426	 -0.033159	  0.033308	 -0.118638	  0.014640	  0.051873	 -0.064127
  0.146920	 -0.038227	  0.068183	 -0.075560	  0.049230	  0.088711	  0.005749
  0.127059	 -0.054318	  0.083133	 -0.075687	  0.105707	  0.099893	  0.081453
  0.113407	 -0.085519	  0.136316	 -0.060134	  0.106784	  0.127862	  0.144994
  0.113439	 -0.085835	  0.131217	 -0.053546	  0.129717	  0.164574	  0.200869
  0.111792	 -0.081971	  0.120352	 -0.039545	  0.129875	  0.149972	  0.230264
  0.106375	 -0.067210	  0.110818	 -0.066754	  0.127721	  0.126532	  0.166501
  0.095479	 -0.056409	  0.129696	 -0.045468	  0.101146	  0.091847	  0.073122
  0.083126	 -0.056061	  0.188739	 -0.048256	  0.086987	  0.044208	 -0.014048
  0.110525	 -0.067749	  0.191843	 -0.004797	  0.085276	  0.022573	 -0.078602
  0.089746	 -0.083998	  0.159978	  0.002235	  0.078213	  0.016397	 -0.105748
  0.094940	 -0.077283	  0.132072	 -0.007775	  0.067095	  0.001573	 -0.076765
  0.065958	 -0.086501	  0.161435	 -0.014331	  0.074728	  0.069770	  0.012369
  0.080591	 -0.039621	  0.146294	 -0.011006	  0.072194	  0.109269	  0.126274
  0.096493	 -0.057708	  0.153263	 -0.026907	  0.054108	  0.136224	  0.196561
  0.100515	 -0.090238	  0.139991	 -0.034319	  0.061203	  0.138157	  0.215883
  0.101941	 -0.095845	  0.171856	 -0.036853	  0.090503	  0.127134	  0.169859
  0.090981	 -0.141299	  0.170494	 -0.086836	  0.071561	  0.126183	  0.057221
  0.116955	 -0.152639	  0.145027	 -0.137802	  0.064782	  0.078955	 -0.056683
  0.109353	 -0.133000	  0.174295	 -0.135490	  0.068678	  0.042244	 -0.148161
  0.076189	 -0.116275	  0.168182	 -0.124783	  0.075489	  0.047185	 -0.180438
  0.048853	 -0.119063	  0.134923	 -0.067388	  0.075647	  0.061154	 -0.124500
  0.070234	 -0.141330	  0.114872	 -0.029219	  0.097313	  0.062484	 -0.049809
  0.088447	 -0.115578	  0.103216	 -0.014553	  0.096584	  0.074521	  0.031216
  0.114769	 -0.117827	  0.119972	 -0.018481	  0.147075	  0.079652	  0.108916
  0.094180	 -0.081654	  0.115569	 -0.030771	  0.142767	  0.110219	  0.172425
  0.092248	 -0.083681	  0.137900	 -0.086805	  0.119042	  0.115065	  0.147813
  0.118697	 -0.119538	  0.168783	 -0.075813	  0.125219	  0.050923	  0.080408
  0.099597	 -0.110194	  0.165553	 -0.087755	  0.137382	  0.027863	  0.020351
  0.100389	 -0.087261	  0.163525	 -0.095230	  0.146315	  0.020831	 -0.038596
  0.114706	 -0.117352	  0.190354	 -0.118670	  0.147740	  0.009618	 -0.108662
  0.076759	 -0.126316	  0.162955	 -0.113824	  0.152840	 -0.034601	 -0.105748
  0.085660	 -0.132461	  0.127447	 -0.112398	  0.158161	 -0.002989	 -0.029569
  0.040396	 -0.106519	  0.125452	 -0.110498	  0.166999	  0.052158	  0.029917
  0.047681	 -0.147000	  0.097482	 -0.096624	  0.152650	  0.073571	  0.086775
  0.091013	 -0.126411	  0.106256	 -0.084239	  0.156451	  0.105563	  0.067104
  0.107452	 -0.116687	  0.119433	 -0.117086	  0.148722	  0.063308	  0.056968
  0.107706	 -0.122864	  0.130868	 -0.062510	  0.133613	  0.064670	  0.052343
  0.097379	 -0.119728	  0.134384	 -0.070302	  0.086607	  0.088616	  0.008822
  0.095827	 -0.148426	  0.105243	 -0.059754	  0.083059	  0.087413	  0.021175
  0.074922	 -0.165911	  0.092383	 -0.048541	  0.141342	  0.089978	  0.039990
  0.093198	 -0.161033	  0.110533	 -0.030359	  0.149926	  0.108414	  0.055606
  0.063709	 -0.160747	  0.089437	 -0.002105	  0.147328	  0.125550	  0.054022
  0.059527	 -0.155869	  0.133719	  0.021652	  0.088190	  0.106450	  0.054814
  0.099977	 -0.140190	  0.136285	  0.008348	  0.091675	  0.097327	  0.078095
  0.093483	 -0.132335	  0.127225	 -0.019051	  0.101019	  0.121527	  0.091494
  0.084424	 -0.053020	  0.122379	 -0.006444	  0.104060	  0.141641	  0.070715
  0.083822	 -0.044151	  0.120320	 -0.004005	  0.125599	  0.178004	  0.066534
  0.069378	 -0.055047	  0.121175	 -0.018576	  0.172225	  0.184688	  0.046769
  0.039667	 -0.066925	  0.106003	 -0.032830	  0.151446	  0.136478	  0.040655
  0.073623	 -0.038069	  0.114429	 -0.039197	  0.088602	  0.104359	  0.060326
  0.046446	 -0.066007	  0.135746	 -0.065931	  0.099974	  0.119215	  0.071254
  0.032097	 -0.120456	  0.122443	 -0.083574	  0.111250	  0.123301	  0.065394
  0.025191	 -0.145733	  0.094632	 -0.071600	  0.077516	  0.131822	  0.050633
  0.018445	 -0.146367	  0.105845	 -0.050061	  0.083819	  0.143827	  0.024279
  0.025033	 -0.109117	  0.110279	 -0.054718	  0.058732	  0.175090	  0.025324
  0.012680	 -0.096288	  0.136348	 -0.078569	  0.076756	  0.150858	 -0.017659
  0.007168	 -0.090587	  0.158077	 -0.092158	  0.129875	  0.133659	 -0.035524
 -0.013389	 -0.072025	  0.144203	 -0.069003	  0.148342	  0.108825	 -0.049334
 -0.018489	 -0.099171	  0.127099	 -0.066374	  0.155595	  0.068693	 -0.026591
 -0.012185	 -0.117669	  0.142366	 -0.055858	  0.185877	  0.082820	 -0.022949
 -0.001828	 -0.129991	  0.121587	 -0.016675	  0.204724	  0.112120	 -0.014080
 -0.008258	 -0.130086	  0.131470	  0.020226	  0.210172	  0.076675	  0.020605
 -0.043797	 -0.133792	  0.147941	  0.018896	  0.170039	  0.082281	  0.038343
 -0.055581	 -0.135882	  0.154625	  0.015475	  0.151731	  0.062453	  0.097132
 -0.038729	 -0.170852	  0.114872	  0.037553	  0.133201	  0.094920	  0.092033
 -0.023684	 -0.156345	  0.088423	  0.027512	  0.125504	  0.099196	  0.073693
  0.004254	 -0.112443	  0.093206	 -0.004829	  0.138839	  0.078607	  0.084716
 -0.005692	 -0.123497	  0.088138	  0.016425	  0.127309	  0.070593	  0.080154
 -0.017982	 -0.112221	  0.065775	  0.005054	  0.136495	  0.035940	  0.106952
 -0.006231	 -0.145195	  0.083925	  0.013194	  0.137604	  0.021053	  0.092159
 -0.025109	 -0.126538	  0.081803	 -0.002675	  0.137921	  0.024442	  0.080218
 -0.005375	 -0.172879	  0.065649	 -0.014648	  0.131269	  0.004550	  0.073091
  0.011128	 -0.162933	  0.078889	 -0.044771	  0.130540	  0.010632	  0.089087
  0.025793	 -0.146620	  0.110628	 -0.031088	  0.137319	  0.011075	  0.103911
  0.006725	 -0.122769	  0.114207	 -0.029599	  0.151509	  0.021085	  0.114364
  0.033459	 -0.109243	  0.110216	 -0.031721	  0.149355	  0.003220	  0.087408
  0.015657	 -0.095053	  0.061277	 -0.023486	  0.134721	  0.006514	  0.077905
  0.012680	 -0.100153	  0.087125	 -0.027603	  0.139663	  0.025139	  0.057570
 -0.007909	 -0.113773	  0.098876	  0.009267	  0.115463	  0.053710	  0.031438
 -0.002810	 -0.099487	  0.082088	  0.006448	  0.128608	  0.041135	  0.023487
 -0.011552	 -0.113773	  0.080884	  0.004864	  0.093544	  0.019406	  0.021999
 -0.020738	 -0.124891	  0.069893	  0.019466	  0.066524	  0.014813	 -0.008030
 -0.020136	 -0.102053	  0.028177	 -0.005526	  0.088444	  0.020895	 -0.032926
 -0.017760	 -0.061445	  0.004452	  0.013986	  0.097566	  0.033280	 -0.021397
  0.009069	 -0.064676	  0.015412	  0.015032	  0.093575	  0.020863	  0.026243
  0.000675	 -0.060020	  0.040182	  0.000999	  0.057750	  0.049022	 -0.004007
 -0.001416	 -0.067495	  0.045693	 -0.011544	  0.054995	  0.079969	  0.019116
  0.048093	 -0.065278	  0.008000	 -0.042554	  0.009414	  0.068788	  0.022917
  0.031780	 -0.044404	  0.018326	 -0.039767	  0.015749	  0.123744	  0.010437
  0.042043	 -0.064866	  0.038566	 -0.005082	  0.024776	  0.122572	 -0.005179
  0.033269	 -0.085329	  0.036856	 -0.018988	  0.035958	  0.095553	 -0.012433
  0.004096	 -0.096478	  0.053454	 -0.007490	  0.031967	  0.074553	  0.003437
  0.023513	 -0.061667	  0.054499	  0.011832	  0.037352	  0.067014	  0.020161
  0.007960	 -0.044499	  0.056051	  0.017851	  0.053981	  0.086589	  0.032420
 -0.009810	 -0.054033	  0.042652	  0.037489	  0.071086	  0.086399	 -0.006097
 -0.036005	 -0.043295	  0.038851	  0.025738	  0.089046	  0.113070	 -0.014016
 -0.077342	 -0.044056	  0.035082	  0.023552	  0.068520	  0.146899	 -0.023931
 -0.087858	 -0.024227	  0.022792	  0.070558	  0.092688	  0.120609	 -0.036442
 -0.079907	 -0.039526	  0.033403	  0.107048	  0.068013	  0.123776	 -0.029506
 -0.080446	 -0.050581	  0.035716	  0.153389	  0.082837	  0.076041	 -0.032863
 -0.068409	 -0.057739	  0.054309	  0.159439	  0.048153	  0.061281	 -0.022220
 -0.060807	 -0.071772	  0.068531	  0.160104	  0.098231	  0.040248	 -0.035334
 -0.049309	 -0.090175	  0.089500	  0.136221	  0.091865	  0.031696	 -0.037329
 -0.068631	 -0.112348	  0.109139	  0.130931	  0.084421	  0.077530	  0.015442
 -0.102840	 -0.087261	  0.112782	  0.087030	  0.087208	  0.073412	  0.033560
 -0.067237	 -0.084062	  0.122031	  0.070907	  0.076851	  0.083612	  0.002772
 -0.059318	 -0.042282	  0.116393	  0.079617	  0.099689	  0.079177	  0.018483
 -0.067301	 -0.047603	  0.102962	  0.103501	  0.091611	  0.059665	  0.003722
 -0.073160	 -0.071265	  0.116202	  0.091211	  0.066524	  0.062263	  0.015220
 -0.053934	 -0.036200	  0.098464	  0.086364	  0.063769	  0.039931	  0.014365
 -0.039046	 -0.034996	  0.097102	  0.090197	  0.097440	  0.000622	  0.025198
 -0.030779	 -0.016276	  0.050793	  0.101220	  0.097408	 -0.006441	  0.006794
 -0.027168	 -0.020553	  0.042241	  0.081676	  0.086290	  0.020039	  0.000744
 -0.018679	 -0.039083	  0.027702	  0.089278	  0.085435	  0.019406	 -0.021935
 -0.006231	 -0.045988	  0.024724	  0.073029	  0.070484	  0.034262	 -0.030804
 -0.009842	 -0.047603	  0.004927	  0.087125	  0.014799	  0.032931	 -0.029759
  0.000580	 -0.012634	 -0.015313	  0.124691	  0.001178	  0.053869	 -0.027668
  0.022087	 -0.004778	 -0.012019	  0.156398	  0.019138	  0.059443	  0.002645
  0.041504	 -0.006584	 -0.023106	  0.140561	  0.007323	  0.066887	  0.038723
  0.040617	 -0.005127	 -0.025513	  0.134384	  0.001748	  0.068566	  0.079362
  0.009734	  0.000322	 -0.017879	  0.115981	 -0.009370	  0.024632	  0.118450
  0.001181	 -0.023150	  0.016520	  0.109266	 -0.001039	 -0.010496	  0.109264
  0.012838	  0.001082	 -0.002168	  0.097134	  0.033899	 -0.029786	  0.081611
  0.007802	  0.004408	 -0.033463	  0.094061	  0.041754	 -0.030419	  0.085064
 -0.023747	 -0.042123	 -0.032070	  0.118261	  0.053443	 -0.015532	  0.088137
 -0.025457	 -0.032082	 -0.020128	  0.116361	  0.070642	 -0.005839	  0.055036
 -0.015733	 -0.012570	 -0.033970	  0.102772	  0.036560	  0.022478	  0.038818
  0.018223	 -0.026539	 -0.029916	  0.062291	  0.021197	  0.029004	  0.049176
  0.023418	  0.017141	 -0.034667	  0.041417	  0.039917	  0.013641	  0.047687
  0.073560	  0.042988	 -0.039830	  0.052757	  0.036528	  0.013958	  0.041352
