:RUN-3	LEVEL SWEEP	TEMP:NaN	8/27/2019	5:37 PM	HR:264.36:SW EAR: R	SW FREQ: 11.30	# AVERAGES: 512	REP RATE (/sec): 80	DRIVER: 	SAMPLE (µsec): 40	MASKER dB: 0:NOTES-:CHAMBER-SEWELL-PXI1:CFTS Version: V2.7.2 (R850):LEVELS:20;30;40;50;60;70;80;:DATA -0.050924	  0.013842	  0.054409	  0.110045	  0.054725	  0.009545	 -0.014159
 -0.018204	  0.028761	  0.014561	  0.120054	  0.045698	  0.026840	 -0.035318
  0.021485	  0.017738	  0.003728	  0.096900	  0.063626	  0.016007	 -0.046024
  0.026617	 -0.019037	 -0.005616	  0.062817	  0.041865	 -0.000401	 -0.045169
  0.014960	 -0.030345	 -0.034504	  0.050242	  0.016715	 -0.038506	 -0.037694
  0.030196	 -0.051092	 -0.019078	  0.039092	  0.013421	 -0.067647	 -0.055337
  0.022024	 -0.030852	 -0.007073	  0.040137	  0.015131	 -0.061091	 -0.042065
 -0.003887	 -0.035476	  0.006136	  0.022494	 -0.024209	 -0.053774	 -0.043744
  0.026838	 -0.023313	 -0.026965	  0.026422	 -0.025476	 -0.017315	 -0.035413
  0.025160	 -0.021856	 -0.008245	  0.012738	 -0.063487	  0.005364	 -0.029933
  0.016291	 -0.006145	 -0.038368	 -0.031639	 -0.049106	 -0.018836	 -0.040228
 -0.007212	 -0.010421	 -0.026237	 -0.060210	 -0.076062	 -0.016492	 -0.001837
 -0.017760	  0.012733	 -0.000738	 -0.058436	 -0.080306	  0.009134	  0.005543
 -0.006484	  0.000443	 -0.014548	 -0.036770	 -0.056075	 -0.014876	  0.014856
 -0.008036	  0.003294	  0.007783	 -0.040856	 -0.001752	  0.012269	  0.003041
  0.005204	 -0.000729	  0.008606	 -0.071075	  0.010665	 -0.014845	  0.029046
 -0.015036	  0.017992	  0.027991	 -0.085994	  0.006801	  0.021994	  0.032309
 -0.036005	  0.030947	 -0.017304	 -0.076111	  0.026154	  0.050787	  0.056952
 -0.028435	  0.045454	  0.021055	 -0.056789	  0.027991	  0.071692	  0.101488
  0.003209	  0.058061	  0.054409	 -0.063061	  0.053680	  0.080150	  0.183685
  0.035866	  0.077636	  0.044019	 -0.049821	  0.058685	  0.092788	  0.208772
  0.030671	  0.067088	  0.054757	 -0.022200	  0.060205	  0.087910	  0.212700
  0.026047	  0.029331	  0.050386	 -0.037752	  0.058748	  0.147713	  0.217261
  0.036183	  0.033576	  0.025331	 -0.034490	  0.086654	  0.171533	  0.223691
  0.011856	  0.052518	 -0.002449	 -0.024924	  0.082600	  0.193642	  0.206048
  0.013408	  0.031549	  0.003697	  0.012516	  0.086559	  0.198584	  0.181816
  0.034979	  0.010390	  0.010887	  0.021005	  0.112533	  0.173497	  0.108836
  0.020092	  0.007634	  0.002556	  0.055817	  0.124728	  0.136468	  0.066835
  0.002702	 -0.008394	  0.029702	  0.067758	  0.153901	  0.091711	  0.042698
  0.005078	 -0.036427	  0.045033	  0.062944	  0.116144	  0.121296	  0.061418
 -0.015638	 -0.015014	  0.054789	  0.094651	  0.074079	  0.147491	  0.097433
 -0.041929	 -0.010960	  0.050323	  0.095411	  0.061346	  0.172071	  0.176051
 -0.032426	 -0.021032	  0.104329	  0.074695	  0.058780	  0.229974	  0.265471
 -0.020389	 -0.025150	  0.113451	  0.036526	  0.091120	  0.292818	  0.331134
 -0.021783	 -0.033449	  0.128846	  0.039631	  0.105438	  0.380653	  0.411272
 -0.012249	 -0.026164	  0.095618	  0.049640	  0.156815	  0.421324	  0.450360
 -0.028942	 -0.008394	  0.068156	  0.061138	  0.230967	  0.427691	  0.480800
 -0.014751	  0.002122	  0.083613	  0.098388	  0.300589	  0.452145	  0.481496
  0.020440	  0.013050	  0.104297	  0.146313	  0.343889	  0.466969	  0.379945
  0.033110	  0.016598	  0.087636	  0.170260	  0.362324	  0.447298	  0.303069
  0.015911	  0.012860	  0.106325	  0.206021	  0.338251	  0.331557	  0.188088
 -0.006294	  0.023091	  0.112913	  0.212198	  0.300304	  0.157754	  0.021286
 -0.041232	 -0.018467	  0.096980	  0.216981	  0.220292	  0.010432	 -0.140100
 -0.038634	 -0.046943	  0.110759	  0.190975	  0.122859	 -0.123111	 -0.303196
 -0.031602	 -0.003643	  0.134104	  0.136494	  0.021783	 -0.273505	 -0.465785
 -0.027231	  0.041621	  0.134927	  0.109696	 -0.063392	 -0.402329	 -0.596858
  0.010969	  0.048780	  0.151272	  0.055912	 -0.186577	 -0.472965	 -0.733062
  0.030006	  0.036047	  0.135434	  0.010173	 -0.291137	 -0.555225	 -0.787892
  0.025318	  0.044060	  0.056816	 -0.088148	 -0.345270	 -0.620097	 -0.791028
 -0.006009	  0.030503	  0.020770	 -0.129706	 -0.384358	 -0.628427	 -0.802684
  0.011793	  0.019037	 -0.011729	 -0.211618	 -0.428735	 -0.591272	 -0.812757
 -0.016810	  0.010421	 -0.043341	 -0.253778	 -0.427816	 -0.534225	 -0.768601
 -0.036797	  0.045803	 -0.059559	 -0.307594	 -0.388254	 -0.495074	 -0.714278
 -0.067174	 -0.004656	 -0.100642	 -0.291408	 -0.340931	 -0.399351	 -0.561255
 -0.039173	 -0.005955	 -0.147046	 -0.294354	 -0.294432	 -0.292922	 -0.416974
 -0.007814	 -0.032816	 -0.188794	 -0.266448	 -0.230036	 -0.215318	 -0.263444
 -0.001764	 -0.015489	 -0.190885	 -0.236927	 -0.140838	 -0.126025	 -0.144851
 -0.026439	 -0.090686	 -0.154427	 -0.180006	 -0.053667	 -0.016175	  0.007855
 -0.067396	 -0.102565	 -0.136340	 -0.114153	  0.041295	  0.066149	  0.225655
 -0.050829	 -0.120873	 -0.096176	 -0.066102	  0.113483	  0.166972	  0.388276
 -0.035150	 -0.112954	 -0.018951	 -0.007376	  0.153077	  0.278215	  0.552449
  0.000295	 -0.121190	  0.017855	  0.052807	  0.252696	  0.323701	  0.688811
  0.008055	 -0.099872	  0.052381	  0.093669	  0.334799	  0.382237	  0.766828
  0.012743	 -0.085492	  0.067364	  0.123032	  0.353234	  0.438587	  0.785041
  0.018445	 -0.066645	  0.066255	  0.196075	  0.399163	  0.500861	  0.731826
  0.023386	 -0.032055	  0.084025	  0.205261	  0.436255	  0.537573	  0.617067
  0.027884	 -0.014507	  0.079654	  0.263353	  0.450920	  0.529306	  0.478012
  0.017906	  0.013969	  0.118013	  0.267123	  0.412847	  0.440203	  0.286820
  0.041631	  0.039721	  0.148294	  0.246660	  0.353044	  0.377232	  0.096198
  0.088035	  0.048305	  0.168281	  0.224773	  0.327513	  0.255948	 -0.086094
  0.104633	  0.056287	  0.168535	  0.233262	  0.286874	  0.149994	 -0.238198
  0.120629	  0.041431	  0.133217	  0.219388	  0.249814	  0.044040	 -0.364234
  0.094719	  0.021856	  0.133534	  0.210836	  0.150417	 -0.075725	 -0.434205
  0.067890	  0.023186	  0.114370	  0.193953	  0.092767	 -0.149623	 -0.472501
  0.069980	  0.037028	  0.113958	  0.158033	 -0.006788	 -0.192828	 -0.492203
  0.048029	  0.008837	  0.063309	  0.089868	 -0.063867	 -0.203503	 -0.500787
  0.035961	 -0.012892	  0.029417	  0.046631	 -0.062030	 -0.177624	 -0.475510
  0.019902	 -0.034684	  0.046141	  0.010078	 -0.053604	 -0.132582	 -0.463980
 -0.018837	 -0.029585	  0.071102	 -0.024417	 -0.057405	 -0.109300	 -0.440984
 -0.073477	 -0.028001	  0.068061	 -0.014629	 -0.036816	 -0.088965	 -0.383620
 -0.036290	 -0.013145	  0.080066	 -0.005063	 -0.009037	 -0.101635	 -0.321093
 -0.022068	 -0.005923	  0.079369	  0.012738	 -0.004888	 -0.117853	 -0.268290
 -0.052920	 -0.010516	  0.053300	  0.023254	  0.018109	 -0.076707	 -0.213808
 -0.042625	 -0.032087	  0.059413	  0.025123	  0.038476	 -0.091562	 -0.156444
 -0.001004	 -0.015141	  0.041105	 -0.009751	  0.080256	 -0.069991	 -0.144946
  0.006059	 -0.030092	  0.058526	  0.004693	  0.095745	 -0.044144	 -0.136584
 -0.018521	 -0.039182	  0.065147	  0.007417	  0.062518	 -0.089377	 -0.140733
  0.001847	 -0.037915	  0.062423	  0.038680	  0.051970	 -0.104612	 -0.171522
 -0.000339	 -0.025530	  0.078324	  0.029336	  0.027706	 -0.150447	 -0.167816
 -0.028688	 -0.009534	  0.095523	  0.023033	 -0.026807	 -0.184878	 -0.171395
 -0.049879	 -0.002787	  0.082188	  0.039029	 -0.028771	 -0.218612	 -0.169526
 -0.057513	  0.019955	  0.082536	  0.029685	 -0.092343	 -0.233309	 -0.161259
 -0.024824	  0.008837	  0.062328	 -0.018430	 -0.161364	 -0.224725	 -0.201550
 -0.027770	  0.034526	  0.034232	 -0.038544	 -0.187686	 -0.236952	 -0.248525
 -0.055549	  0.049540	  0.019217	 -0.068826	 -0.207039	 -0.214462	 -0.304241
 -0.054852	  0.020779	  0.007434	 -0.104999	 -0.212868	 -0.187760	 -0.278964
 -0.057798	 -0.006303	 -0.025888	 -0.144688	 -0.187116	 -0.191625	 -0.226700
 -0.048992	  0.024422	 -0.058799	 -0.166861	 -0.175301	 -0.138537	 -0.196197
 -0.026408	  0.015838	 -0.048568	 -0.145448	 -0.128611	 -0.154564	 -0.158440
  0.009924	  0.000729	 -0.022467	 -0.161413	 -0.132792	 -0.131315	 -0.142159
 -0.022670	  0.001679	 -0.016987	 -0.140539	 -0.145938	 -0.122572	 -0.102913
  0.015467	 -0.025150	 -0.037006	 -0.107660	 -0.130132	 -0.106133	 -0.072980
  0.038305	 -0.050934	 -0.026490	 -0.061604	 -0.107801	 -0.043511	 -0.042382
  0.001023	 -0.036712	 -0.027314	 -0.054667	 -0.083411	 -0.049814	  0.011561
 -0.036322	 -0.034083	 -0.014548	 -0.075541	 -0.051387	 -0.012311	  0.051092
 -0.051178	 -0.069844	  0.013104	 -0.023878	 -0.007326	  0.013093	  0.085903
 -0.038634	 -0.049952	  0.006706	  0.026549	  0.027421	  0.042203	  0.141620
 -0.014466	 -0.047576	  0.010633	  0.037825	  0.011299	  0.065547	  0.191636
 -0.021276	 -0.064016	  0.043671	  0.072003	  0.044273	  0.066022	  0.251407
 -0.013357	 -0.026069	  0.071228	  0.077799	  0.108668	  0.081670	  0.263824
 -0.023494	 -0.009819	  0.097487	  0.084356	  0.144810	  0.110178	  0.290114
 -0.029544	 -0.006050	  0.106008	  0.115113	  0.162453	  0.135328	  0.330469
 -0.039078	  0.027811	  0.133407	  0.181504	  0.174997	  0.146034	  0.343836
 -0.087129	  0.008932	  0.156720	  0.254294	  0.179621	  0.140048	  0.371393
 -0.085894	 -0.023503	  0.153711	  0.264050	  0.146235	  0.177836	  0.434395
 -0.125678	 -0.030883	  0.150131	  0.271082	  0.155833	  0.208181	  0.450138
 -0.138538	 -0.036173	  0.153521	  0.306210	  0.170657	  0.199376	  0.438988
 -0.108352	 -0.026322	  0.163467	  0.274946	  0.146806	  0.191868	  0.457962
 -0.074332	 -0.017928	  0.173033	  0.193319	  0.129859	  0.202353	  0.414598
 -0.064545	  0.000158	  0.163055	  0.139186	  0.108700	  0.210684	  0.354827
 -0.083202	 -0.014412	  0.192830	  0.142702	  0.103030	  0.141505	  0.298635
 -0.108098	  0.022838	  0.154946	  0.112959	  0.087953	  0.114169	  0.205098
 -0.109619	  0.019734	  0.167426	  0.085686	  0.142339	  0.120536	  0.105796
 -0.103537	  0.037028	  0.198341	  0.060631	  0.130556	  0.116956	  0.030757
 -0.053775	  0.034399	  0.180540	  0.035925	  0.078830	  0.070267	 -0.079853
 -0.055327	  0.041653	  0.155580	  0.056799	  0.040218	  0.020188	 -0.231673
 -0.054599	  0.009788	  0.135181	  0.043558	  0.023525	 -0.028212	 -0.328600
 -0.050006	  0.007444	  0.119311	  0.032345	 -0.003525	 -0.119532	 -0.399426
  0.008815	 -0.019132	  0.085736	  0.005073	 -0.066654	 -0.187158	 -0.467813
  0.022689	 -0.018752	  0.040852	 -0.029612	 -0.112394	 -0.257889	 -0.531702
 -0.006452	 -0.000253	  0.017665	 -0.067559	 -0.153445	 -0.295773	 -0.590523
 -0.007846	 -0.020431	 -0.000580	 -0.094736	 -0.200768	 -0.336634	 -0.651593
 -0.010570	 -0.024960	 -0.015150	 -0.092931	 -0.211537	 -0.335906	 -0.688716
 -0.030906	  0.015141	 -0.035834	 -0.075319	 -0.225284	 -0.339327	 -0.704681
 -0.030621	  0.011498	 -0.058926	 -0.081337	 -0.259367	 -0.306226	 -0.720233
 -0.013484	  0.015711	 -0.087433	 -0.105632	 -0.268870	 -0.321588	 -0.687006
 -0.030906	  0.022458	 -0.109036	 -0.156408	 -0.242927	 -0.295266	 -0.656122
 -0.003887	  0.013367	 -0.103968	 -0.173037	 -0.196872	 -0.292605	 -0.637846
 -0.007688	  0.019290	 -0.078279	 -0.144625	 -0.211506	 -0.250002	 -0.590111
 -0.009271	 -0.003769	 -0.069157	 -0.166797	 -0.201908	 -0.222983	 -0.518335
 -0.027896	 -0.026924	 -0.061745	 -0.148996	 -0.177740	 -0.202901	 -0.423626
 -0.054884	 -0.012512	 -0.060034	 -0.098157	 -0.170201	 -0.165651	 -0.392299
 -0.038983	  0.004910	 -0.021929	 -0.059386	 -0.120534	 -0.094223	 -0.285901
 -0.017824	  0.022363	  0.008163	 -0.027489	 -0.070424	 -0.024316	 -0.185522
  0.016449	  0.043205	  0.007719	 -0.011082	 -0.020187	  0.007867	 -0.130977
  0.030228	  0.037789	 -0.018445	  0.033612	  0.001796	 -0.001478	 -0.094424
  0.066813	 -0.011625	 -0.023924	  0.028608	  0.010728	 -0.042751	 -0.041970
  0.057437	 -0.028508	 -0.009892	 -0.002783	 -0.000485	 -0.006641	 -0.017200
  0.003842	 -0.010136	  0.029005	 -0.030118	  0.030209	  0.020948	 -0.042160
  0.002607	 -0.037314	  0.018647	  0.010933	  0.004900	 -0.005405	 -0.062369
  0.001562	 -0.038581	  0.060554	  0.018535	  0.020991	  0.024781	 -0.138326
 -0.020326	 -0.010263	  0.088365	  0.017236	  0.025774	 -0.013609	 -0.236013
 -0.011584	 -0.002534	  0.089948	 -0.026444	 -0.002670	 -0.055547	 -0.330595
 -0.006136	 -0.018118	  0.066065	 -0.060590	 -0.010906	 -0.103694	 -0.427743
 -0.019629	 -0.004751	  0.020168	 -0.104746	 -0.075999	 -0.163814	 -0.537878
 -0.020706	 -0.008172	  0.018489	 -0.101831	 -0.094244	 -0.182059	 -0.601261
 -0.029227	 -0.007824	 -0.027820	 -0.162236	 -0.123321	 -0.263116	 -0.653873
 -0.036544	 -0.010548	 -0.055410	 -0.158942	 -0.148725	 -0.308443	 -0.676680
 -0.026819	 -0.030472	 -0.065958	 -0.167051	 -0.145748	 -0.333150	 -0.693341
 -0.025204	 -0.053816	 -0.101307	 -0.182477	 -0.200261	 -0.348988	 -0.680924
 -0.027738	 -0.058188	 -0.091108	 -0.189920	 -0.200039	 -0.329507	 -0.698314
 -0.018901	 -0.068957	 -0.090696	 -0.180228	 -0.194306	 -0.312941	 -0.669679
 -0.008131	 -0.110325	 -0.105520	 -0.175160	 -0.165956	 -0.315855	 -0.644814
  0.013693	 -0.116058	 -0.148123	 -0.220234	 -0.154458	 -0.301981	 -0.566893
  0.012014	 -0.120113	 -0.114294	 -0.211586	 -0.118824	 -0.302900	 -0.481813
 -0.014466	 -0.073803	 -0.084551	 -0.186816	 -0.107896	 -0.268057	 -0.404715
  0.006725	 -0.080455	 -0.073686	 -0.140000	 -0.128865	 -0.245219	 -0.360528
  0.027884	 -0.062052	 -0.057373	 -0.125081	 -0.122118	 -0.194887	 -0.285743
  0.045495	 -0.019797	 -0.020693	 -0.133443	 -0.081605	 -0.169167	 -0.206396
  0.041219	 -0.033703	  0.018616	 -0.115293	 -0.030608	 -0.145442	 -0.169590
  0.036088	 -0.001045	  0.026091	 -0.084980	 -0.018888	 -0.115129	 -0.125244
  0.027029	  0.010643	  0.012756	 -0.060178	 -0.002037	 -0.099101	 -0.063509
  0.032603	 -0.018815	  0.018204	 -0.054699	  0.019534	 -0.094033	 -0.056826
 -0.009937	 -0.044694	  0.024697	 -0.049725	 -0.004159	 -0.096219	 -0.036110
 -0.013167	 -0.061799	  0.039458	 -0.038037	 -0.021137	 -0.082313	 -0.032150
 -0.022195	 -0.054196	  0.029037	 -0.040825	 -0.016734	 -0.093589	 -0.044250
  0.016101	 -0.077034	  0.040313	 -0.050201	 -0.008467	 -0.095902	 -0.061735
  0.044102	 -0.045201	  0.043354	 -0.042408	 -0.007105	 -0.061597	 -0.104465
  0.031590	 -0.047291	 -0.002892	 -0.068572	 -0.048631	 -0.079209	 -0.148779
  0.019521	 -0.079252	 -0.025381	 -0.082509	 -0.027345	 -0.075503	 -0.141335
  0.009354	 -0.062527	  0.061409	 -0.057708	 -0.022024	 -0.058050	 -0.156951
 -0.024412	 -0.063509	  0.049056	 -0.031576	 -0.028137	 -0.088648	 -0.168861
 -0.042340	 -0.072822	  0.050164	 -0.057549	 -0.049486	 -0.082661	 -0.206111
 -0.049151	 -0.097465	  0.059857	 -0.094863	 -0.061618	 -0.110979	 -0.206491
 -0.028942	 -0.095849	  0.059508	 -0.099741	 -0.046129	 -0.094065	 -0.217736
 -0.033313	 -0.092397	  0.097931	 -0.087356	 -0.027789	 -0.097897	 -0.193790
 -0.050069	 -0.054545	  0.069201	 -0.092329	 -0.021485	 -0.118423	 -0.185142
 -0.031666	 -0.034399	  0.072432	 -0.111334	 -0.006471	 -0.140501	 -0.186441
 -0.020928	 -0.028698	  0.063436	 -0.087482	 -0.058514	 -0.122319	 -0.155969
 -0.033313	  0.010199	  0.045445	 -0.088908	 -0.066971	 -0.115635	 -0.152485
 -0.026883	  0.017770	  0.061124	 -0.124733	 -0.045654	 -0.110757	 -0.201645
 -0.040820	  0.023091	  0.045888	 -0.117416	 -0.053509	 -0.065430	 -0.240289
 -0.007434	 -0.007570	  0.053173	 -0.093026	 -0.089999	 -0.058620	 -0.250140
  0.003589	  0.009788	  0.080002	 -0.039494	 -0.090791	 -0.057733	 -0.299490
 -0.026344	 -0.003389	  0.053870	  0.004028	 -0.072958	 -0.085861	 -0.322360
 -0.023969	 -0.022996	  0.042689	  0.000005	 -0.084044	 -0.108192	 -0.331450
 -0.028942	  0.001964	  0.048834	 -0.001262	 -0.075460	 -0.128242	 -0.344691
 -0.016683	  0.031739	  0.028435	  0.003521	 -0.083506	 -0.144428	 -0.366515
 -0.024000	  0.047640	  0.037589	 -0.000914	 -0.044133	 -0.158112	 -0.403829
 -0.016683	  0.007222	 -0.000801	  0.006276	 -0.050120	 -0.169072	 -0.405951
 -0.019946	 -0.027811	 -0.026395	 -0.010797	 -0.051514	 -0.237015	 -0.368922
  0.003145	 -0.009978	 -0.025160	 -0.033571	 -0.077076	 -0.223458	 -0.333668
 -0.030747	 -0.026132	 -0.013852	 -0.051531	 -0.088099	 -0.213227	 -0.316753
  0.004001	  0.001774	 -0.028327	 -0.047445	 -0.086135	 -0.204200	 -0.304875
  0.016544	 -0.017928	 -0.015752	 -0.063251	 -0.084488	 -0.196439	 -0.279376
 -0.035245	 -0.055463	 -0.015182	 -0.077441	 -0.073940	 -0.188045	 -0.246751
 -0.043291	 -0.059043	  0.002334	 -0.066418	 -0.067129	 -0.145505	 -0.259326
 -0.038254	 -0.032245	 -0.007295	 -0.075509	 -0.062378	 -0.125772	 -0.268512
 -0.042784	 -0.021254	 -0.028929	 -0.128090	 -0.074763	 -0.129066	 -0.253529
 -0.022892	 -0.005226	  0.009271	 -0.153621	 -0.067383	 -0.140437	 -0.254891
 -0.036861	  0.004815	  0.001036	 -0.116275	 -0.033744	 -0.118043	 -0.231673
 -0.055327	  0.009978	  0.029005	 -0.082478	 -0.017589	 -0.109269	 -0.176463
 -0.048929	  0.023060	  0.046522	 -0.057454	  0.007593	 -0.062326	 -0.142982
 -0.064171	 -0.129197	 -0.007732	 -0.018370	 -0.000684	 -0.010087	  0.042020
 -0.025622	 -0.093563	 -0.018311	  0.000635	 -0.002996	 -0.019970	  0.036446
  0.011786	 -0.077218	 -0.008492	  0.029935	  0.012588	 -0.017499	  0.038663
  0.055752	 -0.056027	 -0.006117	  0.021636	  0.023389	 -0.053546	 -0.001090
  0.019072	 -0.027678	  0.012572	  0.027496	 -0.006449	 -0.044138	 -0.054684
  0.039186	 -0.000152	  0.016848	  0.027876	 -0.035717	 -0.005241	 -0.063585
  0.022461	  0.052334	  0.015803	  0.001110	 -0.019373	 -0.054116	 -0.017941
  0.001302	  0.079385	  0.045926	 -0.000252	 -0.032233	 -0.071379	 -0.055539
 -0.004843	  0.065321	  0.014156	  0.042320	 -0.012214	  0.046929	  0.068406
 -0.003164	  0.034342	 -0.015841	 -0.012732	 -0.067202	 -0.025988	 -0.218984
 -0.012287	  0.053538	  0.007694	 -0.025940	 -0.009110	  0.125483	  0.309202
  0.004121	  0.045017	 -0.014257	 -0.013841	 -0.051143	 -0.075782	 -0.399248
  0.029683	  0.024840	 -0.021131	  0.028921	  0.019176	  0.186585	  0.377335
  0.014035	  0.024143	 -0.074408	  0.000667	 -0.015825	 -0.061623	 -0.399153
  0.029841	  0.068742	 -0.025977	  0.018753	  0.058390	  0.108695	  0.269227
  0.009506	  0.010618	 -0.028828	 -0.019574	  0.019050	 -0.044423	 -0.209545
  0.004533	  0.010396	  0.026541	 -0.039688	 -0.013639	  0.001031	  0.001824
 -0.041523	 -0.007754	  0.037627	 -0.033289	  0.029724	  0.008601	  0.102299
 -0.064614	 -0.036832	  0.028663	 -0.024927	  0.013570	 -0.102706	 -0.232636
 -0.025052	 -0.040253	  0.015264	 -0.010736	  0.090699	  0.109171	  0.406983
 -0.017925	 -0.037085	  0.020903	 -0.018909	 -0.016173	 -0.132417	 -0.430639
 -0.048143	  0.008939	  0.021631	  0.036650	  0.082083	  0.138153	  0.460135
 -0.025210	 -0.017795	  0.025115	 -0.006524	 -0.004200	 -0.176699	 -0.467319
 -0.038704	 -0.034646	  0.023817	 -0.017705	  0.060766	  0.095392	  0.388643
 -0.068479	 -0.029325	  0.003386	 -0.040004	 -0.008286	 -0.110561	 -0.329658
 -0.099806	 -0.028628	  0.021504	 -0.030628	  0.071947	  0.062323	  0.172681
 -0.066008	 -0.022800	  0.023056	 -0.051281	  0.065739	 -0.032323	 -0.059246
 -0.050867	 -0.034425	  0.039939	 -0.051439	  0.036123	 -0.019368	 -0.060766
 -0.005983	 -0.002179	  0.025020	 -0.021949	  0.016262	  0.075563	  0.205623
  0.014004	 -0.007976	 -0.001080	 -0.044312	 -0.013323	 -0.110308	 -0.325350
  0.026737	 -0.050801	  0.021663	 -0.025719	  0.056490	  0.115822	  0.357918
  0.040294	 -0.038828	  0.005540	 -0.046371	 -0.019594	 -0.145689	 -0.523542
  0.045045	 -0.046556	 -0.002664	 -0.030850	  0.077871	  0.132484	  0.398368
  0.021986	 -0.029008	 -0.003487	 -0.052231	 -0.025486	 -0.123516	 -0.467540
 -0.008866	 -0.027741	  0.036487	 -0.020429	  0.070680	  0.130045	  0.335682
 -0.011178	 -0.045543	 -0.009347	 -0.040258	  0.024878	 -0.049935	 -0.269443
 -0.020206	 -0.036579	  0.032432	 -0.040986	  0.069128	  0.086934	  0.102457
 -0.042442	 -0.069521	  0.036804	 -0.058598	  0.071282	  0.035240	  0.037142
 -0.054573	 -0.088621	  0.054257	 -0.034873	  0.100772	 -0.034002	 -0.122438
 -0.077190	 -0.099454	  0.070981	  0.013147	  0.177109	  0.121112	  0.257444
 -0.056569	 -0.099517	  0.089036	 -0.011465	  0.092156	 -0.074895	 -0.390633
 -0.034998	 -0.078770	  0.076619	 -0.019795	  0.199282	  0.151045	  0.414174
 -0.006078	 -0.093214	  0.093692	 -0.031610	  0.086961	 -0.134951	 -0.503999
 -0.005762	 -0.092929	  0.093471	  0.041528	  0.154683	  0.188074	  0.392001
  0.015524	 -0.085865	  0.098190	  0.032786	  0.075780	 -0.100362	 -0.430892
  0.020592	 -0.068032	  0.085710	  0.020432	  0.134728	  0.079459	  0.280219
 -0.015644	 -0.059987	  0.064424	 -0.024420	  0.103971	 -0.073279	 -0.213283
 -0.052356	 -0.059417	  0.023753	 -0.017768	  0.125415	 -0.000774	 -0.034792
 -0.056791	 -0.077186	  0.048904	  0.009916	  0.086676	  0.013860	 -0.019556
 -0.053021	 -0.070091	  0.033129	 -0.000980	  0.093328	 -0.108122	 -0.339287
 -0.056696	 -0.055330	  0.015644	  0.004658	  0.180530	  0.083482	  0.237584
 -0.065406	 -0.030687	 -0.025343	 -0.004560	  0.089781	 -0.143662	 -0.506723
 -0.041048	 -0.003668	  0.007979	  0.020496	  0.178947	  0.090545	  0.383069
 -0.052103	  0.005043	 -0.002822	 -0.035792	  0.061685	 -0.199854	 -0.554109
 -0.068004	  0.008115	  0.004241	  0.006052	  0.196431	  0.090355	  0.310786
 -0.073008	  0.037447	  0.000947	 -0.007347	  0.123230	 -0.166531	 -0.451544
 -0.054478	  0.051795	  0.035790	  0.022554	  0.110496	 -0.021047	  0.140087
 -0.084285	  0.026138	  0.017323	  0.024297	  0.061589	 -0.125385	 -0.157566
 -0.091602	  0.014070	  0.003164	  0.010138	  0.053354	 -0.099253	 -0.094278
 -0.118177	  0.022052	 -0.031235	  0.040894	  0.086265	 -0.035047	  0.081456
 -0.138355	  0.021165	 -0.069372	  0.032089	  0.064155	 -0.175495	 -0.401181
 -0.111082	  0.014260	 -0.066838	  0.011690	  0.127284	 -0.007680	  0.302233
 -0.100091	 -0.029230	 -0.076974	 -0.025117	  0.047209	 -0.276540	 -0.485944
 -0.117386	 -0.025872	 -0.030950	 -0.009438	  0.123736	  0.049811	  0.433369
 -0.108136	 -0.013234	 -0.024520	 -0.036742	  0.025923	 -0.212334	 -0.449612
 -0.085837	  0.002857	  0.001802	 -0.018307	  0.114075	  0.039010	  0.404893
 -0.077348	  0.004948	  0.012699	 -0.030407	  0.045435	 -0.115344	 -0.247809
 -0.116214	 -0.009845	  0.043392	 -0.001551	  0.100043	  0.071572	  0.156305
 -0.106806	 -0.017035	  0.054162	 -0.005161	  0.098460	  0.027923	 -0.007203
 -0.057361	 -0.012822	  0.024925	  0.021604	  0.105555	 -0.042744	 -0.082749
 -0.026129	  0.009351	  0.028410	  0.060375	  0.155380	  0.046295	  0.259155
 -0.033256	  0.019202	  0.045102	  0.061262	  0.061431	 -0.132132	 -0.362727
 -0.032686	  0.019772	  0.076968	  0.068800	  0.113949	  0.100206	  0.387376
 -0.027523	  0.007925	  0.068891	  0.040831	  0.047874	 -0.180849	 -0.464848
  0.003076	  0.009477	  0.056632	  0.065094	  0.134759	  0.096184	  0.458361
  0.016918	 -0.032588	  0.055524	  0.047166	  0.061146	 -0.213696	 -0.419584
 -0.017450	 -0.051846	  0.023848	  0.044157	  0.136407	  0.001791	  0.374516
 -0.031799	 -0.048995	  0.021758	  0.027306	  0.101944	 -0.157219	 -0.109102
 -0.030310	 -0.055045	  0.023088	  0.044949	  0.149330	 -0.060007	  0.138345
 -0.012667	 -0.067906	  0.004146	  0.053153	  0.125384	 -0.045817	  0.094031
 -0.016721	 -0.056661	 -0.020782	  0.027179	  0.065739	 -0.156427	 -0.158231
 -0.005983	 -0.019221	 -0.006528	  0.003549	  0.117085	  0.027417	  0.350253
 -0.011495	 -0.012727	 -0.007510	 -0.028253	  0.040494	 -0.182369	 -0.399692
 -0.023690	 -0.038036	 -0.020465	  0.007382	  0.135298	  0.082975	  0.461655
 -0.005002	 -0.002528	 -0.023506	 -0.001139	  0.033652	 -0.247113	 -0.430480
 -0.028410	 -0.014754	  0.002024	  0.024772	  0.155443	 -0.006064	  0.479235
 -0.007504	 -0.012632	 -0.012325	  0.007224	  0.069508	 -0.270300	 -0.344418
 -0.041491	 -0.027773	  0.022265	  0.046849	  0.113822	 -0.071220	  0.256842
 -0.056347	  0.011473	 -0.002442	  0.033261	  0.038498	 -0.197953	 -0.113347
 -0.119666	 -0.003003	  0.016278	  0.045709	  0.071029	 -0.160101	  0.029160
 -0.141681	  0.003997	  0.051913	  0.089136	  0.098650	 -0.069415	  0.137522
 -0.133667	 -0.008293	  0.088118	  0.087014	  0.061558	 -0.167672	 -0.289177
 -0.104715	  0.015622	  0.116499	  0.121508	  0.126841	 -0.008820	  0.353389
 -0.075289	  0.007102	  0.111906	  0.093095	  0.032733	 -0.256648	 -0.455567
 -0.036107	  0.036433	  0.101643	  0.093159	  0.088260	  0.015887	  0.426495
 -0.015138	  0.056388	  0.093787	  0.050904	  0.011289	 -0.268653	 -0.498234
 -0.004210	  0.070421	  0.089416	  0.101489	  0.096211	 -0.027097	  0.363335
  0.002949	  0.083597	  0.062144	  0.070447	  0.031181	 -0.252752	 -0.336531
  0.011976	  0.083629	  0.075923	  0.065506	  0.075590	 -0.090954	  0.191750
 -0.010608	  0.084864	  0.085679	  0.006970	  0.059119	 -0.169699	 -0.038023
 -0.048397	  0.061805	  0.052261	  0.019482	  0.070173	 -0.170016	 -0.060924
 -0.020016	  0.079828	  0.062207	  0.039691	  0.113854	 -0.096434	  0.246295
 -0.033921	  0.068488	  0.062397	  0.024867	  0.058770	 -0.266055	 -0.284774
 -0.028631	  0.062058	  0.074180	  0.064936	  0.138782	 -0.043346	  0.435174
 -0.016436	  0.071276	  0.040066	  0.017645	  0.067228	 -0.316957	 -0.399913
 -0.020396	  0.080747	  0.072217	  0.023568	  0.143914	 -0.004639	  0.506032
 -0.013554	  0.059207	  0.076841	 -0.026036	  0.019968	 -0.221140	 -0.402638
 -0.031387	  0.048216	  0.083810	  0.019830	  0.083604	  0.031091	  0.353991
 -0.004685	  0.024238	  0.066800	 -0.024230	  0.036946	 -0.147780	 -0.207264
  0.008999	  0.007703	  0.075669	 -0.041050	  0.066372	 -0.033178	  0.144839
 -0.020206	  0.020849	  0.086914	 -0.015424	  0.043598	 -0.044581	  0.041070
 -0.046591	  0.017269	  0.106204	  0.015713	  0.004479	 -0.127381	 -0.186485
 -0.002974	  0.007735	  0.131133	  0.033514	  0.032290	  0.019466	  0.275468
  0.022144	  0.015147	  0.073230	  0.010835	 -0.004200	 -0.204003	 -0.398583
  0.015968	  0.026677	  0.047668	  0.070067	  0.087722	  0.046073	  0.389530
  0.011470	  0.031967	  0.035156	  0.042953	  0.017878	 -0.241095	 -0.462884
 -0.013110	  0.016034	  0.032084	  0.024170	  0.108912	 -0.032101	  0.304989
  0.002949	  0.022527	  0.013776	  0.016980	  0.027665	 -0.187089	 -0.260827
 -0.029296	  0.033582	  0.038419	  0.057239	  0.023009	 -0.060799	  0.076357
 -0.004431	  0.021514	  0.040731	  0.036238	 -0.006512	 -0.115692	 -0.066087
 -0.011432	  0.014862	  0.041682	  0.010930	  0.004479	 -0.114932	 -0.025606
 -0.012255	  0.039949	  0.084570	  0.041243	  0.021900	 -0.107045	  0.046645
  0.019990	  0.081063	  0.088751	  0.055212	 -0.010567	 -0.131847	 -0.069952
  0.056100	  0.071371	  0.064044	  0.043967	 -0.018549	 -0.109072	  0.016617
  0.055118	  0.055501	  0.052261	  0.050682	  0.023104	 -0.107805	  0.004454
  0.022461	  0.045841	  0.044912	  0.048243	  0.022946	 -0.102642	 -0.009389
 -0.024323	  0.023098	  0.034966	  0.044315	 -0.020798	 -0.067356	  0.015001
 -0.004020	  0.055913	  0.019414	  0.061483	 -0.061026	 -0.089687	  0.020323
  0.005578	  0.048470	 -0.000985	  0.067977	 -0.056559	 -0.131150	  0.075850
 -0.011273	  0.038777	 -0.012737	  0.062814	 -0.069546	 -0.134793	  0.055863
  0.008365	  0.048470	  0.000820	  0.026957	 -0.111231	 -0.112493	  0.031314
  0.020719	  0.074602	  0.012794	  0.028668	 -0.115792	 -0.106032	  0.091751
  0.014447	  0.079511	  0.017102	  0.010328	 -0.086334	 -0.113475	  0.049686
  0.014637	  0.068995	  0.054890	  0.016789	 -0.056496	 -0.115756	  0.031758
  0.016949	  0.082267	  0.061194	  0.021794	 -0.061754	 -0.106222	  0.045536
  0.021922	  0.077864	  0.043645	  0.009346	 -0.036857	 -0.121774	  0.089533
  0.015144	  0.044510	  0.046496	  0.014699	 -0.030997	 -0.099823	  0.099131
  0.039756	  0.006468	  0.001327	 -0.003324	  0.006063	 -0.086710	  0.075596
  0.043810	  0.020627	  0.001296	 -0.046434	  0.002262	 -0.043980	  0.085447
  0.054010	 -0.014279	 -0.004153	 -0.040606	  0.010275	 -0.064600	  0.115539
  0.036081	  0.011156	 -0.003392	 -0.011592	  0.021267	 -0.096782	  0.146327
  0.026896	 -0.000595	 -0.002632	  0.023093	  0.031593	 -0.082592	  0.133816
  0.047358	 -0.035818	  0.002784	  0.048180	  0.016769	 -0.043853	  0.091782
  0.032470	 -0.044783	  0.003608	  0.043143	 -0.004263	 -0.064980	  0.104928
  0.043810	 -0.021153	  0.015518	  0.048972	  0.029946	 -0.073659	  0.124313
  0.044159	 -0.015990	 -0.001460	  0.050524	  0.018479	 -0.076352	  0.086493
  0.022778	 -0.020994	 -0.013782	  0.067502	 -0.032961	 -0.063207	  0.048356
  0.034371	 -0.020329	  0.022043	  0.090846	 -0.047975	 -0.089560	  0.020608
  0.027846	 -0.005125	  0.041111	  0.078715	 -0.039645	 -0.072107	  0.003060
  0.056322	  0.007989	  0.001549	  0.061737	 -0.056971	 -0.046260	 -0.011067
  0.095758	  0.018568	 -0.002157	  0.051537	 -0.041830	 -0.071632	 -0.029946
  0.113527	  0.050814	 -0.004374	  0.043207	 -0.052948	 -0.044645	 -0.010180
  0.110297	  0.068235	  0.053528	  0.035826	 -0.074044	 -0.045025	 -0.002388
  0.091038	  0.079828	 -0.001397	  0.046469	 -0.085131	 -0.023866	  0.016902
  0.081852	  0.086923	  0.007694	  0.021002	 -0.075913	 -0.007965	  0.048672
  0.073870	  0.081982	  0.035537	  0.001554	 -0.038473	 -0.012716	  0.096787
  0.069340	  0.045460	  0.005635	 -0.019320	 -0.024092	 -0.013255	  0.095678
  0.072160	  0.057497	  0.006427	  0.006907	 -0.025993	 -0.012336	  0.086303
  0.080807	  0.046886	 -0.012293	  0.042066	 -0.066727	 -0.000173	  0.059505
  0.082359	  0.030320	 -0.003487	  0.038931	 -0.093049	 -0.004100	  0.050700
  0.074947	  0.012518	 -0.034529	  0.037822	 -0.087633	 -0.055383	  0.043636
  0.029746	 -0.016940	 -0.018913	  0.033134	 -0.083357	 -0.045975	  0.075438
  0.035575	 -0.014659	 -0.044444	  0.037252	 -0.113353	 -0.034762	  0.061849
  0.009189	 -0.009496	 -0.069309	  0.018912	 -0.129223	 -0.029377	  0.078004
  0.008904	 -0.003668	 -0.075580	  0.022048	 -0.094665	 -0.019843	  0.097579
 -0.023658	  0.006975	 -0.051856	  0.013939	 -0.068469	  0.010375	  0.082185
  0.014827	  0.043782	 -0.014764	  0.026419	 -0.097864	  0.029856	  0.104199
  0.046439	  0.056483	 -0.030253	  0.024613	 -0.092067	  0.028937	  0.121842
  0.019642	  0.086828	 -0.037792	 -0.006365	 -0.062831	  0.017724	  0.091846
  0.027656	  0.094019	 -0.070956	 -0.005320	 -0.039138	  0.018452	  0.068659
  0.067250	  0.082204	 -0.075517	  0.012260	 -0.012277	  0.016837	  0.084117
  0.052172	  0.041564	 -0.066173	  0.024645	 -0.024187	  0.031661	  0.084465
  0.055403	  0.063294	 -0.052362	  0.024803	 -0.055514	  0.054024	  0.075628
  0.043652	  0.043877	 -0.038330	  0.034211	 -0.053614	  0.065269	  0.050098
  0.069879	  0.012011	  0.003291	  0.030125	 -0.090294	  0.038313	  0.052727
  0.047801	  0.033741	  0.026509	  0.027337	 -0.097357	 -0.002105	  0.071732
  0.047326	  0.025600	  0.034365	  0.039627	 -0.073506	 -0.005494	  0.065524
  0.032185	  0.031016	  0.055270	  0.039247	 -0.059093	  0.026086	  0.014621
  0.004026	  0.030383	  0.071171	  0.022776	 -0.042717	  0.004104	  0.024916
  0.005388	  0.007735	  0.055587	  0.009346	 -0.068438	 -0.017847	  0.037428
  0.039502	  0.007735	  0.089606	 -0.004876	 -0.085289	 -0.033210	  0.068564
  0.032787	  0.023858	  0.074782	 -0.012764	 -0.116426	 -0.040749	  0.052600
  0.024425	  0.037035	  0.059040	 -0.025750	 -0.110154	 -0.042998	  0.080601
  0.011596	  0.006436	  0.030659	 -0.043995	 -0.089217	 -0.062130	  0.100493
 -0.000630	 -0.064991	  0.003766	 -0.042792	 -0.085637	 -0.082718	  0.056876
 -0.029772	 -0.100499	  0.015834	 -0.002659	 -0.105434	 -0.095294	  0.073031
  0.007320	 -0.101101	 -0.001365	 -0.002437	 -0.112751	 -0.063302	  0.091497
  0.020846	 -0.088685	  0.013142	 -0.017768	 -0.099765	 -0.050536	  0.087855
  0.035891	 -0.032999	  0.042790	 -0.006650	 -0.038219	 -0.027857	  0.077148
  0.047009	 -0.024637	  0.048048	  0.001617	 -0.025201	 -0.032006	  0.058270
  0.068517	 -0.045004	  0.033826	  0.026102	  0.012778	 -0.021300	  0.082406
  0.061612	 -0.065720	  0.007757	  0.037410	  0.029946	 -0.012589	  0.092859
  0.060535	 -0.067240	  0.040636	  0.047736	  0.054969	  0.003660	  0.110756
  0.066680	 -0.037909	  0.095783	  0.073393	  0.028520	  0.024502	  0.088837
  0.084006	 -0.056407	  0.072502	  0.047356	  0.020126	  0.013860	  0.088963
  0.056670	 -0.063914	  0.080515	  0.034781	  0.035774	  0.014525	  0.069673
  0.058286	 -0.061000	  0.047637	  0.067027	  0.021172	  0.010502	  0.072904
  0.091070	 -0.062014	  0.013617	  0.061483	  0.000900	  0.004389	  0.072112
  0.059426	 -0.043896	  0.018970	  0.022269	 -0.033088	 -0.000806	  0.078827
  0.065983	 -0.026601	  0.021884	  0.015396	 -0.035274	 -0.004987	  0.105910
  0.104595	 -0.012347	  0.025115	  0.006938	 -0.043383	  0.007524	  0.086619
  0.124265	  0.002572	 -0.029461	  0.001775	 -0.043287	 -0.012368	  0.072587
  0.112609	 -0.012442	  0.001105	  0.015744	 -0.043668	  0.003502	  0.081710
  0.120116	 -0.047697	 -0.001334	  0.017296	 -0.028844	  0.024756	  0.113227
  0.107509	 -0.055489	  0.025622	  0.067248	 -0.042464	  0.014778	  0.117566
  0.078463	 -0.042787	  0.015930	  0.078651	 -0.073284	  0.028367	  0.087031
  0.086762	 -0.019189	  0.006649	  0.075230	 -0.060139	 -0.012273	  0.092828
  0.066901	 -0.002401	  0.006459	  0.085462	 -0.002426	 -0.007996	  0.094221
  0.041339	 -0.017637	 -0.024171	  0.059171	  0.019398	  0.011135	  0.082280
 -0.014536	 -0.077947	 -0.036271	  0.012545	  0.009040	  0.017882	  0.050890
 -0.028061	 -0.066829	 -0.013592	  0.018088	  0.021457	 -0.002422	  0.099258
 -0.031324	 -0.061919	  0.006965	  0.039216	  0.042236	  0.017249	  0.136160
 -0.023025	 -0.081969	  0.041206	  0.019387	  0.073880	  0.018516	  0.133087
