:RUN-4	LEVEL SWEEP	TEMP:NaN	8/27/2019	5:39 PM	HR:211.82:SW EAR: R	SW FREQ: 16.00	# AVERAGES: 512	REP RATE (/sec): 80	DRIVER: 	SAMPLE (µsec): 40	MASKER dB: 0:NOTES-:CHAMBER-SEWELL-PXI1:CFTS Version: V2.7.2 (R850):LEVELS:20;30;40;50;60;70;80;:DATA  0.036140	 -0.024525	  0.010988	  0.033546	 -0.029735	 -0.053430	  0.009151
  0.054797	 -0.073558	 -0.015017	  0.048306	  0.000546	 -0.059860	  0.002436
  0.051851	 -0.060381	  0.012224	  0.043080	 -0.032238	 -0.054602	  0.018590
  0.021094	 -0.058766	  0.029487	  0.051379	 -0.034043	 -0.009021	 -0.003868
 -0.001680	 -0.046286	  0.002119	  0.021002	 -0.042279	 -0.002971	 -0.014827
  0.001107	 -0.018570	 -0.015081	 -0.018687	 -0.022228	 -0.012315	 -0.043240
 -0.002251	  0.015956	 -0.025692	 -0.025465	 -0.012029	 -0.020931	 -0.041878
  0.003419	  0.020043	  0.016088	 -0.077033	  0.012551	 -0.036230	 -0.037000
  0.033733	  0.019092	  0.029740	 -0.062652	  0.000958	 -0.042470	 -0.023981
  0.032339	 -0.003175	 -0.007542	 -0.096070	  0.027185	  0.022369	 -0.062277
 -0.006843	  0.023020	 -0.015144	 -0.078205	  0.006913	  0.053189	 -0.077988
 -0.032817	  0.072465	  0.016025	 -0.034968	 -0.004110	  0.031998	 -0.057177
 -0.034464	  0.048107	  0.019541	 -0.014664	 -0.038446	  0.019455	 -0.045362
 -0.012323	  0.036704	  0.023215	 -0.014886	 -0.032364	 -0.024257	 -0.053408
 -0.029586	  0.033124	  0.025369	  0.011595	 -0.009526	 -0.030750	 -0.045077
 -0.011848	  0.018902	  0.006617	  0.017835	  0.015529	 -0.023909	 -0.009411
 -0.028636	  0.004997	 -0.046693	  0.040451	  0.016352	 -0.001482	  0.053338
 -0.034781	 -0.012298	 -0.051824	  0.053279	  0.031050	  0.043180	  0.113996
 -0.028129	 -0.003999	 -0.027054	  0.054927	  0.050023	  0.085751	  0.127933
 -0.011120	  0.009146	  0.012635	  0.047229	  0.095889	  0.116286	  0.190049
 -0.014921	  0.010350	 -0.000383	  0.024487	  0.099278	  0.114323	  0.213203
  0.013872	  0.008006	 -0.010044	  0.011373	  0.116668	  0.156387	  0.219380
 -0.031645	 -0.026805	  0.022328	  0.012672	  0.070200	  0.182931	  0.272405
 -0.013717	 -0.045779	  0.056727	  0.007477	  0.079513	  0.177800	  0.303383
  0.013777	 -0.047458	  0.053338	  0.001839	  0.095984	  0.160727	  0.258467
  0.019986	 -0.010081	  0.056379	  0.012102	  0.085088	  0.119042	  0.267305
  0.022520	  0.038414	  0.081656	  0.030156	  0.107609	  0.098707	  0.244277
  0.021569	  0.039555	  0.080262	  0.055465	  0.093197	  0.086892	  0.218113
  0.023501	  0.038002	  0.071045	  0.053406	  0.123098	  0.085625	  0.217796
  0.043552	  0.021500	  0.102752	  0.047134	  0.107261	  0.065353	  0.243897
  0.036583	  0.013201	  0.102657	  0.050650	  0.092088	  0.082742	  0.317669
  0.026669	 -0.027312	  0.077158	  0.002377	  0.124682	  0.079606	  0.434804
  0.000347	 -0.026774	  0.064139	 -0.017452	  0.143085	  0.127309	  0.502019
 -0.017930	 -0.025728	  0.027681	 -0.014664	  0.173779	  0.195918	  0.541391
 -0.008871	 -0.030226	  0.037310	 -0.009533	  0.225093	  0.287048	  0.547631
 -0.031772	 -0.015339	  0.075796	  0.009916	  0.233993	  0.341498	  0.520264
 -0.047736	  0.042120	  0.068225	  0.040641	  0.244193	  0.355688	  0.465846
 -0.024962	  0.072275	  0.044247	  0.042351	  0.277610	  0.350589	  0.379942
  0.007315	  0.086086	  0.102942	  0.073742	  0.282710	  0.315461	  0.255268
 -0.010454	  0.084724	  0.105349	  0.116123	  0.299593	  0.260282	  0.120838
  0.007157	  0.109525	  0.113141	  0.148337	  0.293828	  0.177990	 -0.024330
  0.023692	  0.113231	  0.121250	  0.161134	  0.222844	  0.095317	 -0.202250
  0.011528	  0.071737	  0.135757	  0.140038	  0.123605	 -0.041837	 -0.331074
  0.026194	  0.075601	  0.144690	  0.103390	  0.064119	 -0.167429	 -0.417801
  0.012447	  0.058053	  0.131418	  0.062180	 -0.021500	 -0.277153	 -0.484192
 -0.003676	  0.060840	  0.099046	  0.007952	 -0.091502	 -0.348612	 -0.574593
 -0.015047	  0.061981	  0.055239	 -0.039086	 -0.161156	 -0.409777	 -0.624640
  0.028760	  0.077818	  0.020776	 -0.106808	 -0.198438	 -0.459381	 -0.605635
  0.010420	  0.084470	  0.013839	 -0.110292	 -0.261757	 -0.475757	 -0.562430
  0.023470	  0.060365	 -0.037728	 -0.132211	 -0.261092	 -0.470119	 -0.516628
  0.063983	  0.046428	 -0.082454	 -0.194865	 -0.275599	 -0.433724	 -0.435602
  0.049760	  0.022862	 -0.103391	 -0.169936	 -0.298152	 -0.406293	 -0.382736
  0.035728	  0.038256	 -0.088282	 -0.183525	 -0.270974	 -0.329734	 -0.292240
  0.014442	 -0.004918	 -0.071716	 -0.186534	 -0.235783	 -0.283963	 -0.199241
  0.013144	 -0.004601	 -0.004121	 -0.220395	 -0.153047	 -0.191629	 -0.083119
  0.015456	  0.020644	  0.006459	 -0.182828	 -0.115670	 -0.105472	  0.019445
  0.031610	  0.023463	  0.000535	 -0.123722	 -0.031731	 -0.000215	  0.117449
  0.053023	  0.010667	 -0.004216	 -0.069146	  0.006818	  0.074158	  0.161953
  0.050964	 -0.008940	  0.013617	 -0.058218	  0.084201	  0.159903	  0.225969
  0.076241	 -0.026235	  0.009309	 -0.043552	  0.109668	  0.218724	  0.359765
  0.065028	 -0.017746	  0.011147	  0.042700	  0.202255	  0.259744	  0.462361
  0.062177	 -0.006343	  0.072565	  0.062782	  0.211156	  0.313497	  0.521056
  0.066833	 -0.014262	  0.067212	  0.070004	  0.224364	  0.354611	  0.502842
  0.020714	 -0.011950	  0.044089	  0.068420	  0.282520	  0.382676	  0.462393
  0.023216	  0.005852	  0.061574	  0.063194	  0.320055	  0.403486	  0.412283
  0.020777	  0.031509	  0.093376	  0.064746	  0.307100	  0.380965	  0.344529
  0.022678	  0.027550	  0.097557	  0.076561	  0.264560	  0.309316	  0.199900
  0.020809	  0.050483	  0.079692	  0.048401	  0.257306	  0.252934	  0.026129
 -0.000065	  0.050831	  0.050107	  0.036998	  0.208812	  0.147677	 -0.119577
 -0.015332	  0.010920	  0.100661	  0.046818	  0.184422	  0.009351	 -0.225690
 -0.014984	  0.011300	  0.127142	  0.021889	  0.129465	 -0.095970	 -0.303643
 -0.031138	 -0.021230	  0.116467	  0.017391	  0.105328	 -0.191978	 -0.317833
 -0.015713	  0.000436	  0.091253	  0.044030	  0.052019	 -0.287352	 -0.256161
  0.001899	  0.048614	  0.082321	  0.046913	  0.006818	 -0.292895	 -0.248338
 -0.017676	  0.034740	  0.075416	  0.037949	 -0.059637	 -0.284248	 -0.242193
 -0.025152	  0.062646	  0.094389	  0.017645	 -0.124571	 -0.220200	 -0.218595
 -0.049320	  0.047885	  0.115295	  0.014667	 -0.135056	 -0.219915	 -0.215237
 -0.030885	  0.088176	  0.116530	 -0.018750	 -0.107973	 -0.192358	 -0.163828
  0.004908	  0.111806	  0.126951	 -0.017420	 -0.083425	 -0.169678	 -0.140958
  0.000505	  0.124983	  0.120965	 -0.035475	 -0.067049	 -0.159511	 -0.048751
 -0.001712	  0.106421	  0.100978	 -0.060403	 -0.037971	 -0.111206	 -0.008492
 -0.015111	  0.092294	  0.070918	 -0.063792	 -0.026726	 -0.037117	  0.042220
  0.002564	  0.076931	  0.041460	 -0.045009	  0.010778	 -0.020203	  0.049854
  0.037755	  0.073542	  0.017323	 -0.031705	  0.048471	  0.007862	  0.057678
  0.028570	  0.061252	  0.002119	  0.003359	  0.087495	  0.024396	  0.031007
  0.036900	  0.026758	  0.004748	  0.004373	  0.137194	  0.051637	  0.018083
  0.095056	  0.032396	  0.024165	  0.058918	  0.146950	  0.018030	  0.001010
  0.071236	  0.048994	  0.025812	  0.084765	  0.128673	 -0.000279	 -0.040326
  0.034746	  0.025396	  0.039686	  0.092272	  0.099310	  0.005169	 -0.058761
  0.040384	  0.033853	  0.048967	  0.124581	  0.058544	  0.031111	 -0.063797
  0.029551	  0.015735	  0.041555	  0.081661	  0.021072	  0.020342	 -0.048878
 -0.005038	 -0.013470	  0.037976	  0.061990	  0.052462	  0.033265	 -0.047833
  0.009754	  0.026378	  0.034871	 -0.001709	  0.042928	  0.014260	 -0.093382
  0.008931	  0.025174	  0.024260	 -0.081499	  0.064245	 -0.020709	 -0.075074
  0.003134	  0.028880	  0.007821	 -0.087644	  0.066970	 -0.018872	 -0.056068
  0.030660	  0.011237	  0.039844	 -0.073200	  0.090188	 -0.030149	 -0.050304
 -0.008681	 -0.002795	  0.021378	 -0.051629	  0.099025	 -0.041298	 -0.015651
 -0.044600	 -0.018031	  0.055777	 -0.026289	  0.094210	 -0.031574	  0.006744
 -0.046691	  0.010698	  0.070664	 -0.011718	  0.059811	 -0.017795	 -0.014447
 -0.012957	  0.052415	  0.073800	 -0.024990	  0.029751	  0.022116	  0.052831
  0.015678	  0.079592	  0.005603	 -0.027144	  0.088414	  0.043402	  0.078773
 -0.005133	  0.057609	  0.004907	 -0.016501	  0.115654	  0.077199	  0.094326
  0.010641	  0.046111	 -0.001207	  0.004595	  0.128325	  0.093765	  0.126128
  0.048367	  0.084629	 -0.016854	  0.005006	  0.124365	  0.089679	  0.137943
  0.017483	  0.072307	 -0.031013	  0.018627	  0.140298	  0.146410	  0.210194
 -0.004436	  0.078705	  0.002119	  0.036872	  0.147678	  0.163134	  0.198189
 -0.015871	  0.074968	 -0.004184	  0.036713	  0.181571	  0.212801	  0.192963
 -0.040451	  0.087131	 -0.024488	  0.009568	  0.166683	  0.245015	  0.187166
 -0.052773	  0.074239	 -0.001143	  0.033926	  0.165448	  0.231394	  0.198854
 -0.030790	  0.060935	  0.036835	  0.043080	  0.159461	  0.198706	  0.234964
 -0.008649	  0.039681	  0.070094	  0.033482	  0.140646	  0.175994	  0.233761
 -0.013622	  0.044433	  0.060307	  0.028414	  0.154140	  0.137287	  0.282256
  0.007600	  0.072497	  0.094136	 -0.006777	  0.167127	  0.096553	  0.297840
 -0.018595	  0.079180	  0.092014	 -0.014347	  0.217522	  0.077991	  0.273418
 -0.025500	  0.035912	  0.082574	 -0.008107	  0.252048	  0.070357	  0.256535
 -0.039089	  0.045636	  0.117386	 -0.009153	  0.264782	  0.068932	  0.274495
 -0.043112	  0.039713	  0.137246	  0.001870	  0.245143	  0.071402	  0.275287
 -0.020147	  0.021721	  0.104620	 -0.020492	  0.240677	  0.074792	  0.294387
 -0.004595	  0.022228	  0.098760	 -0.008392	  0.212169	  0.074792	  0.279025
 -0.007097	  0.010065	  0.116467	  0.047420	  0.203173	  0.036401	  0.210669
  0.007886	 -0.020058	  0.114725	  0.057809	  0.198074	  0.008052	  0.142789
  0.007632	  0.008513	  0.113299	  0.036175	  0.162502	 -0.023402	  0.077918
  0.009754	  0.007531	  0.114725	  0.045202	  0.143117	 -0.007247	  0.026889
  0.019447	  0.007404	  0.096765	  0.010740	  0.086767	  0.005043	 -0.055815
  0.019827	  0.009621	  0.099647	 -0.007569	  0.028864	 -0.008261	 -0.119324
  0.005161	  0.036545	  0.076113	 -0.000885	 -0.049501	 -0.017732	 -0.142700
  0.021031	  0.056913	  0.091982	 -0.015393	 -0.047410	 -0.075729	 -0.179856
  0.039339	  0.041518	  0.078900	  0.019197	 -0.085262	 -0.150990	 -0.210359
  0.047258	  0.069963	  0.058976	 -0.007189	 -0.075379	 -0.193150	 -0.284194
  0.050774	  0.077755	  0.014409	 -0.016945	 -0.077216	 -0.217540	 -0.325974
  0.034715	  0.057166	  0.003228	 -0.026986	 -0.083678	 -0.231255	 -0.329648
  0.042823	  0.026979	  0.004875	 -0.036964	 -0.105122	 -0.255835	 -0.348843
  0.070413	  0.018997	  0.013617	 -0.070223	 -0.076456	 -0.290868	 -0.369274
  0.066897	  0.010382	  0.010576	 -0.058313	 -0.118996	 -0.306769	 -0.306335
  0.071458	  0.034296	 -0.000383	 -0.032941	 -0.082570	 -0.328973	 -0.277257
  0.090146	  0.086687	 -0.004913	 -0.043172	 -0.056723	 -0.310475	 -0.242193
  0.068385	  0.083140	  0.025559	 -0.076811	 -0.058908	 -0.256057	 -0.210201
  0.006238	  0.077882	  0.040288	 -0.054290	 -0.065877	 -0.202050	 -0.206811
 -0.011912	  0.077090	  0.003481	 -0.071236	 -0.074334	 -0.155488	 -0.200888
  0.011528	  0.043451	  0.003576	 -0.051217	 -0.082380	 -0.119188	 -0.200920
 -0.031487	  0.058211	 -0.014542	 -0.091287	 -0.031224	 -0.102210	 -0.183182
 -0.006115	  0.063945	 -0.066521	 -0.106934	 -0.028088	 -0.067525	 -0.169846
 -0.019577	  0.096633	 -0.091101	 -0.118496	  0.006691	 -0.037592	 -0.166932
 -0.039976	  0.120960	 -0.109853	 -0.124134	  0.033552	 -0.073449	 -0.226608
 -0.046153	  0.101860	 -0.096803	 -0.149886	  0.045114	 -0.070978	 -0.259551
 -0.041686	  0.062424	 -0.090690	 -0.127967	 -0.002748	 -0.067462	 -0.263257
 -0.034623	  0.076013	 -0.083499	 -0.079630	 -0.007721	 -0.124826	 -0.295185
 -0.032817	  0.028817	 -0.065856	 -0.104242	 -0.031699	 -0.154981	 -0.304656
  0.010261	  0.028215	 -0.055498	 -0.129265	 -0.064071	 -0.171484	 -0.318308
  0.054923	  0.045224	 -0.073553	 -0.113016	 -0.080447	 -0.213960	 -0.294394
  0.059295	  0.013042	 -0.058096	 -0.135600	 -0.113073	 -0.247156	 -0.288755
  0.014221	 -0.000990	 -0.052394	 -0.159579	 -0.113580	 -0.271768	 -0.285556
  0.052674	 -0.012583	 -0.050905	 -0.162239	 -0.109810	 -0.259921	 -0.286760
  0.061892	 -0.019076	 -0.034434	 -0.163506	 -0.103095	 -0.244971	 -0.264239
  0.061132	 -0.027787	 -0.023633	 -0.152388	 -0.115385	 -0.232997	 -0.297878
  0.061987	 -0.061933	 -0.012388	 -0.136931	 -0.114182	 -0.185231	 -0.270225
  0.087169	 -0.053159	 -0.008809	 -0.109468	 -0.100498	 -0.174430	 -0.248053
  0.072788	  0.005314	  0.033573	 -0.091857	 -0.100815	 -0.131383	 -0.242858
  0.078807	  0.051813	  0.006015	 -0.096798	 -0.106073	 -0.118364	 -0.253406
  0.125433	  0.030685	  0.012509	 -0.093187	 -0.086941	 -0.116052	 -0.277194
  0.075227	  0.045129	  0.053306	 -0.066041	 -0.069108	 -0.103255	 -0.261578
  0.072377	  0.032776	  0.062366	 -0.048842	 -0.020454	 -0.096857	 -0.242098
  0.027398	  0.057324	  0.054637	 -0.035887	 -0.011775	 -0.079625	 -0.207255
  0.034081	  0.067207	  0.062999	 -0.050616	  0.003556	 -0.087291	 -0.204024
  0.000695	  0.078579	  0.077981	 -0.043235	 -0.021531	 -0.084757	 -0.170321
  0.035190	  0.088303	  0.084665	 -0.017356	  0.006628	 -0.110224	 -0.185557
  0.031389	  0.098407	  0.087611	  0.016124	  0.000420	 -0.105979	 -0.174059
  0.006777	  0.105281	  0.056379	  0.031645	 -0.009305	 -0.063598	 -0.159172
 -0.001269	  0.142911	  0.062207	  0.034084	  0.004728	 -0.047380	 -0.173711
  0.008297	  0.126598	  0.021916	  0.039912	  0.029846	 -0.032334	 -0.157018
 -0.006938	  0.108892	 -0.005293	  0.029175	 -0.025142	 -0.065276	 -0.126641
 -0.027527	  0.107055	  0.006712	  0.021066	 -0.076266	 -0.053905	 -0.130537
 -0.024803	  0.072782	  0.027649	  0.019514	 -0.064293	 -0.003826	 -0.102219
 -0.056257	  0.071737	  0.014663	 -0.000790	 -0.029894	 -0.007659	 -0.089328
 -0.018817	  0.087321	  0.022961	 -0.021601	 -0.005282	 -0.049122	 -0.085178
  0.028855	  0.077882	  0.046876	 -0.042000	  0.021452	 -0.069743	 -0.058666
  0.042760	  0.094226	  0.027649	 -0.013017	  0.016067	 -0.082571	 -0.053408
  0.022171	  0.105027	 -0.016094	 -0.018148	  0.010809	 -0.123907	 -0.022176
 -0.004943	  0.083520	 -0.066205	 -0.014316	 -0.033378	 -0.119790	 -0.047675
 -0.004056	  0.048550	 -0.073332	  0.002156	 -0.023052	 -0.127772	 -0.072128
 -0.021256	  0.027074	 -0.073648	 -0.027619	 -0.043419	 -0.129261	 -0.087269
 -0.034971	  0.023432	 -0.057082	 -0.039371	 -0.067144	 -0.116432	 -0.068263
 -0.044410	  0.030400	 -0.073712	 -0.030945	 -0.099896	 -0.134519	 -0.014701
 -0.040324	  0.000562	 -0.057969	 -0.048335	 -0.095303	 -0.117477	 -0.021859
 -0.027242	  0.001354	 -0.039059	 -0.040068	 -0.097996	 -0.126156	 -0.058602
 -0.020559	 -0.011126	 -0.066965	 -0.052896	 -0.096855	 -0.152257	 -0.033167
  0.017008	 -0.016384	 -0.073110	 -0.051566	 -0.081873	 -0.178674	 -0.037412
  0.045801	 -0.027439	 -0.063480	 -0.043489	 -0.067841	 -0.143261	 -0.079223
 -0.018817	 -0.049960	 -0.039629	 -0.047923	 -0.083140	 -0.131003	 -0.084545
  0.009406	 -0.075522	 -0.028067	 -0.041493	 -0.090457	 -0.137971	 -0.086603
  0.032782	 -0.053381	 -0.017044	 -0.018243	 -0.042912	 -0.129577	 -0.090563
  0.008868	 -0.031810	 -0.012800	  0.010454	 -0.035310	 -0.107056	 -0.140515
 -0.011785	 -0.023859	  0.002531	  0.006368	 -0.044464	 -0.072847	 -0.158348
 -0.020210	 -0.048503	 -0.003931	 -0.011211	 -0.041202	 -0.101323	 -0.186476
 -0.033672	 -0.093735	 -0.009474	 -0.033289	 -0.038509	 -0.131700	 -0.202377
 -0.031297	 -0.041439	  0.003798	 -0.031325	 -0.043989	 -0.130559	 -0.234337
 -0.007319	 -0.041503	  0.021568	 -0.024705	 -0.083900	 -0.102368	 -0.280615
 -0.008776	 -0.044195	  0.005762	 -0.007791	 -0.034898	 -0.093531	 -0.297751
 -0.004404	 -0.037068	 -0.008746	 -0.003894	 -0.048582	 -0.100341	 -0.299683
  0.037787	 -0.001465	 -0.006782	 -0.021031	 -0.049691	 -0.092771	 -0.278239
  0.012827	  0.039966	 -0.018470	 -0.035221	 -0.049184	 -0.075919	 -0.245423
 -0.030505	  0.091470	 -0.018945	 -0.010990	 -0.054157	 -0.094418	 -0.213685
 -0.019957	  0.072022	  0.007441	 -0.024737	 -0.017033	 -0.100373	 -0.204372
  0.000632	  0.059098	  0.035346	 -0.021062	 -0.012219	 -0.105663	 -0.193603
 -0.004056	  0.064578	  0.034903	 -0.053561	  0.018063	 -0.088716	 -0.160819
 -0.044252	  0.082601	  0.051406	 -0.033036	  0.053888	 -0.071612	 -0.108238
 -0.031487	  0.086814	  0.023342	 -0.026701	  0.079133	 -0.047032	 -0.081694
 -0.010835	  0.119756	  0.010450	 -0.025940	  0.093640	 -0.012189	 -0.075866
  0.015899	  0.107150	 -0.002601	 -0.040574	  0.078784	 -0.033126	 -0.059933
  0.040321	  0.083742	 -0.006212	 -0.082639	  0.051322	 -0.031130	 -0.078685
  0.022361	  0.047853	 -0.005705	 -0.086852	  0.068078	 -0.037687	 -0.063100
 -0.010708	  0.041677	  0.033604	 -0.082386	  0.071753	 -0.008451	 -0.045362
 -0.042415	  0.057419	  0.065343	 -0.032086	  0.109066	  0.053284	 -0.046629
  0.030432	 -0.093118	  0.007412	 -0.035715	  0.071619	  0.094589	  0.041685
  0.008544	 -0.096095	 -0.004340	 -0.023299	  0.080679	  0.084928	  0.008679
  0.013517	 -0.072909	  0.003959	 -0.015158	  0.064493	  0.016066	 -0.011340
  0.020201	 -0.073194	  0.060120	  0.010499	  0.063511	 -0.003478	 -0.027779
  0.019282	 -0.075094	  0.067722	  0.020793	  0.049067	 -0.003256	 -0.005163
  0.054569	 -0.024129	  0.059455	  0.027287	  0.004436	 -0.008736	  0.011530
  0.077121	  0.004633	  0.010009	  0.057885	 -0.007220	 -0.011143	  0.055273
  0.069614	 -0.009083	 -0.009281	  0.064093	 -0.031040	  0.016192	  0.091383
  0.042089	  0.007388	 -0.050554	  0.014870	 -0.031547	 -0.001134	 -0.043395
  0.011047	  0.016923	 -0.021888	  0.014838	 -0.026162	  0.061171	  0.065029
 -0.026425	  0.036656	 -0.008141	  0.041446	 -0.043204	  0.015907	  0.081817
 -0.025475	  0.027692	 -0.033037	  0.021522	 -0.061449	 -0.058815	 -0.178142
 -0.029403	  0.072386	 -0.013494	  0.031880	 -0.038642	  0.038745	  0.157838
 -0.049897	  0.084169	 -0.017231	  0.029504	 -0.025909	 -0.031447	  0.018340
 -0.032380	  0.057594	 -0.033132	 -0.022190	 -0.049824	 -0.085517	 -0.156603
 -0.006786	  0.017651	 -0.033259	 -0.023299	  0.010391	  0.013310	  0.143172
 -0.029403	  0.014642	 -0.024928	 -0.032801	 -0.007094	 -0.077028	 -0.130787
 -0.056960	  0.039095	 -0.020937	 -0.080473	  0.002789	 -0.059417	 -0.062717
 -0.069504	  0.042199	  0.017643	 -0.064762	  0.010549	  0.041564	  0.142729
 -0.020185	  0.022592	  0.043902	 -0.036919	 -0.035443	 -0.042502	 -0.201550
  0.027645	  0.006755	  0.075736	 -0.022665	  0.028509	  0.065511	  0.013874
  0.034898	  0.016511	  0.026671	 -0.014176	  0.013020	  0.073303	  0.114950
 -0.014927	  0.017746	  0.000190	 -0.027512	 -0.027936	 -0.056312	 -0.178427
  0.018966	  0.029751	 -0.029521	 -0.028018	 -0.005383	  0.063230	  0.084415
  0.061030	  0.025095	 -0.068830	  0.005494	 -0.001012	  0.010237	  0.039309
  0.014784	  0.026805	 -0.108931	  0.017721	  0.018563	 -0.041520	 -0.139308
 -0.017841	 -0.016368	 -0.105067	  0.072202	  0.048370	  0.042356	  0.188500
 -0.002954	 -0.016938	 -0.112226	  0.086298	  0.016029	 -0.029959	 -0.058884
 -0.007167	 -0.019631	 -0.086790	  0.036219	 -0.046181	 -0.038574	 -0.105384
 -0.006248	 -0.034170	 -0.065283	 -0.009077	 -0.040923	  0.036243	  0.170952
 -0.016701	 -0.056849	 -0.056445	 -0.049526	 -0.054575	 -0.054950	 -0.135000
 -0.035738	 -0.042627	 -0.035825	 -0.049019	 -0.042253	  0.012993	 -0.048717
 -0.061300	 -0.045319	 -0.026734	 -0.020321	 -0.034176	  0.043592	  0.123850
 -0.106374	 -0.031351	 -0.022141	 -0.036856	 -0.096355	 -0.087924	 -0.205034
 -0.096998	 -0.024952	  0.023978	 -0.006764	 -0.071014	 -0.020868	  0.026037
 -0.080938	 -0.064166	  0.026291	 -0.007524	 -0.057489	 -0.017605	 -0.005258
 -0.038620	 -0.090457	  0.016059	  0.019843	 -0.079852	 -0.083807	 -0.286978
 -0.078246	 -0.071008	  0.017485	  0.020350	 -0.055050	 -0.001609	  0.032816
 -0.090821	 -0.060935	  0.007697	  0.007838	 -0.076241	 -0.066892	 -0.127208
 -0.043593	 -0.060080	 -0.013462	  0.023866	 -0.074879	 -0.123971	 -0.238008
 -0.024588	 -0.023685	 -0.011181	  0.048668	 -0.039656	  0.017871	  0.103483
 -0.066589	  0.002257	  0.005860	  0.040685	 -0.035443	 -0.078675	 -0.162368
 -0.035168	 -0.002621	 -0.001045	  0.058867	 -0.047195	 -0.099327	 -0.128063
 -0.009162	 -0.030559	  0.003643	  0.057252	 -0.026796	  0.015939	  0.098985
 -0.000990	 -0.021436	 -0.012480	  0.032513	 -0.073263	 -0.127930	 -0.218528
 -0.054870	 -0.002558	 -0.022363	  0.056650	 -0.060150	 -0.065720	 -0.014096
 -0.055788	 -0.002748	 -0.037599	  0.024119	 -0.026162	 -0.025524	  0.061989
 -0.049041	 -0.028722	 -0.019607	  0.032355	 -0.025560	 -0.097807	 -0.228031
 -0.033742	 -0.041202	 -0.045042	  0.046355	  0.000572	  0.023288	  0.067690
 -0.049516	 -0.060492	 -0.071586	  0.014743	 -0.009659	 -0.004016	 -0.024358
 -0.043403	 -0.044084	 -0.066138	 -0.013384	 -0.036773	 -0.062204	 -0.211559
  0.034106	 -0.028310	 -0.054830	  0.010277	  0.017201	  0.054678	  0.163698
  0.029767	 -0.017414	 -0.063161	 -0.041005	  0.023663	 -0.006487	 -0.046468
  0.022798	 -0.020993	 -0.064776	 -0.023742	  0.017676	 -0.024827	 -0.099049
  0.019662	 -0.050134	 -0.088596	  0.024626	  0.026039	  0.035704	  0.153530
  0.036672	 -0.050673	 -0.079917	  0.035459	 -0.009944	 -0.026696	 -0.140480
  0.039903	 -0.025681	 -0.088247	  0.063967	 -0.022488	  0.029148	  0.016883
  0.009178	 -0.026758	 -0.069876	  0.042776	  0.020242	  0.056578	  0.128602
  0.009400	 -0.053207	 -0.034241	 -0.005972	  0.013685	 -0.068444	 -0.265471
  0.039935	 -0.031477	 -0.019100	 -0.022729	  0.058728	 -0.008229	  0.012258
 -0.027851	 -0.011205	 -0.043110	 -0.018072	  0.059836	 -0.011935	  0.027874
 -0.045905	 -0.026219	 -0.071333	 -0.015285	  0.051316	 -0.120233	 -0.219288
 -0.017493	 -0.033631	 -0.066043	  0.019178	  0.040958	  0.004441	  0.097687
  0.004933	 -0.003381	 -0.074722	 -0.036064	  0.005165	 -0.030972	 -0.034621
 -0.013407	  0.016257	 -0.082007	 -0.082152	 -0.022488	 -0.071105	 -0.152707
  0.001386	  0.004537	 -0.064459	 -0.100365	  0.029618	 -0.007469	  0.125878
 -0.014642	 -0.012662	 -0.088469	 -0.073726	  0.008301	 -0.098947	 -0.188025
 -0.057625	 -0.040220	 -0.084225	 -0.055639	  0.012830	 -0.074494	 -0.143172
 -0.092373	  0.018665	 -0.080107	 -0.036571	  0.052266	  0.036021	  0.080139
 -0.115813	  0.032792	 -0.064966	 -0.063178	  0.004690	 -0.026284	 -0.241303
 -0.108876	  0.001687	 -0.019227	 -0.053137	  0.032849	  0.001939	 -0.042287
 -0.106532	 -0.013803	 -0.039848	 -0.059092	  0.048750	  0.006531	  0.085618
 -0.087305	  0.006153	 -0.073360	 -0.076862	  0.046501	 -0.117731	 -0.227872
 -0.077359	 -0.004332	 -0.071396	 -0.056875	  0.084923	 -0.045226	  0.069337
 -0.074255	 -0.034677	 -0.025087	 -0.038471	  0.120590	 -0.089096	 -0.041906
 -0.058290	 -0.049596	 -0.015933	 -0.028177	  0.125214	 -0.098029	 -0.226352
 -0.043371	 -0.058338	 -0.016503	 -0.008031	  0.159138	  0.046442	  0.160974
 -0.076631	 -0.059225	 -0.031485	 -0.023394	  0.123630	 -0.054349	 -0.010991
 -0.098930	 -0.057768	 -0.029806	 -0.036191	  0.103326	 -0.076268	 -0.079727
 -0.075522	 -0.071578	 -0.014571	 -0.050825	  0.154989	  0.023098	  0.208360
 -0.075649	 -0.056184	 -0.011435	 -0.060612	  0.147323	 -0.066765	 -0.096641
 -0.069282	 -0.081588	 -0.004751	 -0.063241	  0.159582	 -0.051593	  0.023883
 -0.033932	 -0.118489	 -0.001077	 -0.060612	  0.157808	 -0.006297	  0.146625
 -0.012425	 -0.109335	 -0.043395	 -0.073599	  0.136586	 -0.131541	 -0.174088
  0.018174	 -0.030337	 -0.039277	 -0.055386	  0.159772	 -0.032207	  0.056572
 -0.008719	 -0.015735	 -0.021698	 -0.098971	  0.123314	 -0.049249	  0.050237
  0.012250	 -0.048487	 -0.020336	 -0.152882	  0.063827	 -0.106359	 -0.176717
  0.018142	 -0.084027	  0.006398	 -0.174865	  0.102883	  0.016794	  0.145200
 -0.021832	 -0.050292	  0.029901	 -0.162734	  0.085367	 -0.018619	 -0.006715
 -0.014737	 -0.070850	  0.011498	 -0.131755	  0.068104	 -0.055774	 -0.121728
  0.006486	 -0.085737	 -0.011942	 -0.087378	  0.111024	  0.012391	  0.192776
  0.034993	 -0.049247	 -0.006652	 -0.083482	  0.142034	 -0.057421	 -0.068197
  0.018617	 -0.031002	 -0.030915	 -0.102329	  0.149604	 -0.024542	 -0.013525
 -0.003239	 -0.015608	 -0.032404	 -0.088550	  0.170161	  0.031397	  0.189450
 -0.000990	 -0.012472	 -0.038581	 -0.124280	  0.152360	 -0.075096	 -0.117927
  0.035405	 -0.008196	 -0.025625	 -0.142398	  0.168293	 -0.006741	  0.120398
 -0.035548	  0.043466	  0.015521	 -0.112782	  0.177193	  0.014862	  0.219985
 -0.046634	  0.034629	  0.012607	 -0.109551	  0.150523	 -0.095716	 -0.099777
 -0.006470	 -0.002970	 -0.017295	 -0.039738	  0.170351	  0.003269	  0.145675
  0.009653	 -0.048297	 -0.011561	 -0.025136	  0.157966	 -0.012949	  0.023598
 -0.009606	 -0.068189	 -0.008552	 -0.027797	  0.117042	 -0.114943	 -0.184350
 -0.042073	 -0.032079	 -0.018878	 -0.043318	  0.157079	 -0.036610	  0.130281
 -0.022307	 -0.039903	 -0.006240	 -0.052250	  0.133703	 -0.093911	 -0.113556
 -0.031588	 -0.055107	 -0.010675	 -0.098591	  0.111372	 -0.097617	 -0.138801
 -0.050562	 -0.048170	  0.027494	 -0.096120	  0.157396	 -0.008578	  0.161576
 -0.068680	 -0.065972	  0.033006	 -0.103089	  0.128477	 -0.108102	 -0.121380
 -0.030385	 -0.064261	  0.027462	 -0.078224	  0.153057	 -0.082888	  0.006810
 -0.008592	 -0.074777	  0.017485	 -0.123234	  0.168894	 -0.027298	  0.174024
 -0.014579	 -0.063596	 -0.018150	 -0.121492	  0.138391	 -0.116115	 -0.151566
 -0.012551	 -0.068411	 -0.056889	 -0.088708	  0.203927	 -0.056439	  0.077890
  0.000214	 -0.053682	 -0.035540	 -0.107428	  0.189293	 -0.014786	  0.097972
 -0.015719	 -0.029862	 -0.027019	 -0.132199	  0.154134	 -0.099866	 -0.097623
 -0.005583	 -0.031382	  0.012702	 -0.111958	  0.173836	 -0.000786	  0.222171
 -0.013026	 -0.076773	  0.013114	 -0.130805	  0.134780	 -0.042914	  0.054640
 -0.006881	 -0.074936	  0.024833	 -0.136348	  0.137251	 -0.070756	 -0.048273
 -0.032063	 -0.095366	  0.026386	 -0.119782	  0.151061	  0.019043	  0.250267
 -0.036276	 -0.106358	  0.005258	 -0.106098	  0.143079	 -0.069774	  0.033196
 -0.057784	 -0.116114	  0.030535	 -0.144679	  0.163383	 -0.097047	  0.066233
 -0.024493	 -0.119535	  0.093791	 -0.107555	  0.179474	 -0.056629	  0.165535
 -0.028326	 -0.114213	  0.089768	 -0.072079	  0.162306	 -0.080386	  0.091225
 -0.017714	 -0.087194	  0.121475	 -0.055798	  0.147704	 -0.056471	  0.126036
 -0.015751	 -0.107720	  0.148494	 -0.053612	  0.106494	 -0.044529	  0.118054
  0.018110	 -0.109335	  0.113809	 -0.107745	  0.090150	 -0.052131	  0.111307
  0.061189	 -0.106611	  0.071586	 -0.123710	  0.069656	 -0.023117	  0.114190
  0.052700	 -0.117191	  0.028096	 -0.135809	  0.096390	 -0.026157	  0.095533
  0.041518	 -0.134929	  0.034083	 -0.179806	  0.097340	 -0.038479	  0.070509
  0.076583	 -0.130019	  0.030187	 -0.126149	  0.147957	 -0.008863	  0.102406
  0.062329	 -0.119946	 -0.012797	 -0.119180	  0.176180	 -0.035660	  0.126194
  0.056437	 -0.093909	 -0.005860	 -0.108822	  0.163003	 -0.066163	  0.077129
  0.046967	 -0.114562	 -0.002661	 -0.098369	  0.167501	 -0.054127	  0.085523
  0.051243	 -0.119946	 -0.008077	 -0.062101	  0.171365	 -0.074304	  0.118782
  0.056754	 -0.093941	 -0.005036	 -0.053770	  0.180076	 -0.076395	  0.096926
  0.048297	 -0.083805	  0.036268	 -0.093808	  0.201203	 -0.079309	  0.101519
  0.063913	 -0.054537	  0.063002	 -0.087030	  0.203135	 -0.065245	  0.108836
  0.126567	 -0.040758	  0.060848	 -0.124691	  0.195533	 -0.047095	  0.121760
  0.136639	 -0.011680	  0.054988	 -0.099890	  0.213271	 -0.103920	  0.113556
  0.100371	 -0.003761	  0.052898	 -0.062640	  0.210832	 -0.097395	  0.105004
  0.115702	 -0.021056	  0.045581	 -0.032770	  0.211149	 -0.083363	  0.105986
  0.124729	  0.025221	  0.022838	 -0.075246	  0.187108	 -0.076965	  0.112859
  0.082475	  0.028262	  0.062780	 -0.102931	  0.177732	 -0.085327	  0.086790
  0.029007	  0.021927	  0.074437	 -0.084147	  0.187013	 -0.078612	  0.073043
  0.013644	  0.003967	  0.080107	 -0.088455	  0.207190	 -0.054697	  0.063066
  0.054030	 -0.036957	  0.079727	 -0.061879	  0.196547	 -0.067335	  0.074785
  0.048202	 -0.025364	  0.044757	 -0.069735	  0.194013	 -0.062014	  0.065980
  0.021056	 -0.032047	  0.055273	 -0.098781	  0.174913	 -0.097680	  0.070731
  0.028056	 -0.054189	  0.044662	 -0.122854	  0.175071	 -0.123559	  0.124991
 -0.002827	 -0.032744	  0.039182	 -0.132040	  0.191574	 -0.136894	  0.122520
  0.000879	 -0.017097	  0.006779	 -0.101410	  0.189262	 -0.145193	  0.146688
  0.005314	 -0.015355	  0.022268	 -0.076703	  0.186981	 -0.117287	  0.109343
  0.044147	 -0.043831	  0.028413	 -0.085414	  0.167057	 -0.081969	  0.085935
  0.051179	 -0.069488	  0.045074	 -0.120542	  0.180044	 -0.068729	  0.040576
  0.010920	 -0.047410	  0.034684	 -0.109931	  0.161799	 -0.084788	  0.042888
  0.041392	 -0.054695	  0.072980	 -0.104799	  0.156699	 -0.061032	  0.072853
  0.059732	 -0.067460	  0.087170	 -0.094790	  0.171650	 -0.025556	  0.103166
  0.093878	 -0.070153	  0.074659	 -0.072205	  0.199714	 -0.029990	  0.101646
  0.062994	 -0.037781	  0.091668	 -0.061246	  0.193696	 -0.060652	  0.095469
  0.024065	 -0.028627	  0.084225	 -0.085858	  0.161957	 -0.032239	  0.098637
  0.026979	 -0.052827	  0.087139	 -0.077812	  0.122743	  0.005423	  0.107759
  0.035025	 -0.100213	  0.076052	 -0.097197	  0.134970	  0.000576	  0.147068
  0.032238	 -0.074587	  0.064174	 -0.129696	  0.142699	 -0.030560	  0.126258
  0.015925	 -0.091819	  0.072220	 -0.176417	  0.118341	 -0.045828	  0.098098
  0.026378	 -0.118299	  0.032182	 -0.135144	  0.119481	 -0.050262	  0.062210
  0.021500	 -0.120865	  0.001901	 -0.109899	  0.102503	 -0.048489	  0.095976
  0.008101	 -0.115354	 -0.012733	 -0.153389	  0.102820	 -0.078327	  0.118149
  0.032934	 -0.113992	 -0.015679	 -0.177938	  0.099779	 -0.068254	  0.084256
  0.012947	 -0.121562	 -0.005638	 -0.193237	  0.085937	 -0.087576	  0.053183
  0.003381	 -0.141232	 -0.003643	 -0.165648	  0.061420	 -0.077060	  0.054291
  0.008481	 -0.110539	 -0.019417	 -0.122633	  0.064746	 -0.094228	  0.098700
  0.025649	 -0.099769	 -0.020557	 -0.121461	  0.089611	 -0.112853	  0.089926
  0.024762	 -0.090932	 -0.007127	 -0.129760	  0.105417	 -0.097744	  0.072853
  0.054885	 -0.095145	  0.040608	 -0.106098	  0.107698	 -0.091599	  0.067817
  0.048107	 -0.091914	  0.016439	 -0.075310	  0.068610	 -0.090490	  0.070953
  0.069773	 -0.107118	  0.048780	 -0.075468	  0.052456	 -0.075128	  0.072600
  0.100720	 -0.076235	  0.112067	 -0.081835	  0.071588	 -0.118048	  0.136679
  0.119851	 -0.024287	  0.106366	 -0.090165	  0.057492	 -0.093246	  0.137344
  0.079909	 -0.025174	  0.101329	 -0.060391	  0.035763	 -0.085739	  0.112226
  0.018364	 -0.047663	  0.064238	 -0.025009	  0.032025	 -0.092612	  0.056160
 -0.009384	 -0.002146	  0.048432	 -0.041417	  0.059393	 -0.108355	  0.035508
 -0.004633	  0.027027	  0.027462	 -0.031249	  0.058854	 -0.098282	  0.036300
 -0.053729	  0.002194	  0.013557	  0.009992	  0.059044	 -0.102337	 -0.014697
 -0.054901	  0.007388	  0.032436	  0.034129	  0.029555	 -0.100404	 -0.005385
 -0.070454	 -0.003286	  0.067247	  0.033527	  0.045931	 -0.110445	  0.017168
 -0.091993	  0.009954	  0.062337	  0.052532	  0.077860	 -0.094006	  0.020937
 -0.101781	 -0.000562	  0.067627	  0.028807	  0.093285	 -0.065118	  0.061545
 -0.095541	  0.008909	  0.082609	 -0.014176	  0.068737	 -0.068349	  0.082958
 -0.068712	  0.005488	  0.059518	 -0.049811	  0.035098	 -0.022040	  0.049350
 -0.063327	  0.027597	  0.033227	 -0.049114	  0.027274	 -0.030339	  0.027431
 -0.057974	 -0.010192	  0.067057	 -0.023996	  0.003676	 -0.034963	  0.019575
 -0.068300	 -0.005599	  0.056952	 -0.009298	  0.037664	 -0.043357	  0.009946
 -0.077961	 -0.013296	  0.026829	  0.012589	  0.034591	 -0.014596	  0.011625
 -0.077201	  0.011759	  0.022965	  0.009168	  0.003074	 -0.023623	  0.019639
 -0.063675	 -0.005440	  0.004149	 -0.034607	 -0.029995	 -0.048869	  0.002249
 -0.042263	 -0.005219	  0.003453	 -0.000239	 -0.027619	 -0.074146	 -0.003611
 -0.035104	 -0.033980	  0.009534	  0.039703	 -0.010926	 -0.092296	  0.015204
 -0.016004	 -0.059637	  0.025594	  0.040052	 -0.002659	 -0.064643	  0.044029
 -0.018570	 -0.073415	  0.025689	  0.026875	  0.021002	 -0.092517	  0.047798
  0.003571	 -0.089443	  0.040481	  0.071759	  0.000350	 -0.099929	  0.063984
 -0.017651	 -0.055202	  0.030123	  0.060229	 -0.034334	 -0.049344	  0.069654
 -0.029054	  0.001972	  0.018023	  0.058170	 -0.019574	 -0.018714	  0.037060
 -0.049580	  0.010144	  0.018213	  0.073026	 -0.016628	 -0.031859	  0.053880
 -0.041914	  0.010081	  0.010390	  0.083795	 -0.019099	 -0.033569	  0.058188
 -0.012520	  0.008624	  0.010801	  0.039735	 -0.006207	 -0.039841	  0.071238
 -0.027059	  0.022244	  0.036807	  0.023074	 -0.036805	 -0.054222	  0.058188
 -0.062028	  0.021230	  0.022711	  0.025355	 -0.024072	 -0.048679	  0.020050
 -0.071024	 -0.011364	  0.048622	  0.020033	 -0.039719	 -0.072340	  0.038200
 -0.049706	 -0.035025	  0.033829	  0.024911	 -0.017642	 -0.087861	  0.039024
 -0.048915	 -0.034803	  0.027494	  0.036187	 -0.037122	 -0.078802	  0.046499
 -0.026615	 -0.001988	  0.045137	  0.034477	 -0.064553	 -0.032493	  0.041558
 -0.002985	 -0.006042	  0.071871	  0.027255	 -0.053055	 -0.029167	  0.051092
 -0.008339	 -0.003160	  0.061482	  0.032893	 -0.040479	 -0.029262	  0.006747
 -0.042073	 -0.019219	  0.026449	  0.015187	 -0.037660	  0.000481	 -0.036775
 -0.064562	  0.006723	  0.050871	 -0.003533	 -0.058313	 -0.003921	 -0.058948
 -0.038683	 -0.007056	  0.047450	 -0.009298	 -0.047860	 -0.014026	 -0.057934
