:RUN-7	LEVEL SWEEP	TEMP:NaN	8/27/2019	5:45 PM	HR:113.65:SW EAR: R	SW FREQ: 45.20	# AVERAGES: 512	REP RATE (/sec): 80	DRIVER: 	SAMPLE (µsec): 40	MASKER dB: 0:NOTES-:CHAMBER-SEWELL-PXI1:CFTS Version: V2.7.2 (R850):LEVELS:20;30;40;50;60;70;80;:DATA -0.021287	  0.121212	 -0.001017	  0.015610	 -0.006257	  0.008980	 -0.023087
 -0.022428	  0.087763	  0.009468	  0.015420	 -0.010470	 -0.004165	 -0.010416
 -0.069687	  0.055612	 -0.020022	  0.034583	 -0.014145	 -0.011292	  0.045871
 -0.022935	  0.038666	 -0.017995	  0.030655	 -0.019910	  0.031311	  0.059998
 -0.016916	  0.045825	 -0.030443	  0.046240	 -0.026751	  0.023614	  0.036843
 -0.020432	  0.007117	  0.007409	  0.035723	 -0.018928	  0.006763	  0.061930
 -0.014351	 -0.025160	  0.027491	 -0.019392	  0.039038	 -0.000713	  0.046282
 -0.017486	 -0.064374	  0.032021	 -0.052461	  0.012621	  0.021112	  0.027721
 -0.035605	 -0.072039	  0.014251	 -0.050307	  0.006539	  0.027478	  0.014607
 -0.001839	 -0.059211	  0.013554	 -0.038238	  0.025164	  0.011229	  0.008082
  0.034429	 -0.037070	 -0.002157	 -0.044637	  0.024784	 -0.001156	 -0.005507
  0.037122	 -0.037355	  0.008486	 -0.023763	 -0.005117	 -0.011641	  0.004756
  0.038326	 -0.011476	  0.000440	  0.000786	  0.001661	 -0.024247	 -0.013647
  0.024135	 -0.016291	  0.017038	 -0.009572	 -0.016204	 -0.036601	 -0.035313
  0.020049	 -0.015879	 -0.016949	  0.016750	  0.000933	 -0.018007	 -0.028915
  0.046720	  0.004583	 -0.012452	  0.011872	  0.002865	  0.023551	 -0.016308
  0.021601	 -0.015245	  0.007314	 -0.012803	 -0.001855	  0.003120	 -0.031100
  0.025719	 -0.010716	  0.018939	  0.002781	 -0.020670	 -0.005242	 -0.040983
  0.009279	 -0.013630	 -0.008619	  0.018682	  0.011576	 -0.018863	 -0.032621
 -0.014414	  0.017665	 -0.046756	  0.022071	  0.015123	 -0.025229	 -0.068192
 -0.031297	  0.041073	 -0.066680	  0.020298	  0.026526	 -0.031121	 -0.076681
 -0.028319	  0.052191	 -0.066870	 -0.003681	  0.029789	 -0.040402	 -0.038544
 -0.068769	  0.040218	 -0.029810	  0.019379	  0.038943	 -0.078761	 -0.028091
 -0.060406	  0.050766	 -0.016886	  0.019569	  0.019685	 -0.059154	 -0.031766
 -0.081375	  0.080224	  0.000757	  0.020107	 -0.010755	 -0.020256	 -0.053432
 -0.094584	  0.105248	  0.001644	  0.056059	 -0.035335	 -0.036094	 -0.062111
 -0.073995	  0.085609	  0.002753	  0.065086	 -0.002868	 -0.019940	 -0.094071
 -0.057809	  0.064608	 -0.002030	  0.037371	  0.010816	  0.009328	 -0.089763
 -0.045519	  0.037652	 -0.019135	  0.043262	  0.024531	  0.016075	 -0.091188
 -0.017740	  0.012407	 -0.026135	  0.008609	  0.038088	  0.048827	 -0.062966
 -0.023758	  0.035530	 -0.041593	  0.004872	  0.069161	  0.034415	 -0.052893
 -0.005988	  0.065242	 -0.028321	 -0.008654	  0.106918	  0.040592	 -0.014629
 -0.041971	  0.068631	 -0.028669	  0.009306	  0.100868	  0.092381	 -0.005285
 -0.029016	  0.056214	 -0.050114	 -0.004694	  0.084809	  0.117183	 -0.014439
 -0.008744	  0.055961	 -0.051222	 -0.006785	  0.100267	  0.158931	  0.005200
 -0.037125	  0.069898	 -0.031995	 -0.021989	  0.122249	  0.176574	  0.009159
 -0.049288	  0.072844	 -0.030633	  0.011872	  0.123770	  0.148510	  0.037002
 -0.044790	  0.055992	 -0.041498	  0.036959	  0.123960	  0.099476	  0.053853
 -0.035731	  0.063911	 -0.075549	  0.043927	  0.143757	  0.077272	  0.049165
 -0.052899	  0.045286	 -0.071969	  0.059448	  0.103276	  0.032483	 -0.004525
 -0.028541	  0.040186	 -0.072540	  0.043484	  0.049079	  0.028429	  0.002285
 -0.015744	  0.073129	 -0.059901	  0.040031	  0.029504	 -0.013541	  0.004946
 -0.030695	  0.103062	 -0.065919	  0.066670	  0.033305	 -0.020573	 -0.043866
 -0.055497	  0.078355	 -0.026262	  0.044149	  0.018924	  0.002898	 -0.060495
 -0.089389	 -0.002227	 -0.014067	 -0.004568	  0.032862	 -0.004704	 -0.088148
 -0.085778	 -0.009069	  0.014092	 -0.026550	  0.031151	  0.002867	 -0.111334
 -0.076371	 -0.030640	  0.005413	 -0.036655	  0.068750	 -0.000459	 -0.086374
 -0.067343	 -0.023164	  0.012414	 -0.030636	  0.097194	  0.008315	 -0.104746
 -0.036523	 -0.015689	  0.021663	 -0.035863	  0.096592	 -0.015410	 -0.130593
 -0.031994	  0.007181	  0.026731	 -0.007007	  0.085791	 -0.027478	 -0.133918
 -0.010518	 -0.003779	  0.020966	  0.018429	  0.070460	 -0.030266	 -0.089763
 -0.004151	  0.015068	  0.032622	  0.014184	  0.080723	 -0.006383	 -0.075858
 -0.025215	  0.080953	  0.048904	  0.017320	  0.076035	 -0.002740	 -0.081686
  0.032592	  0.082410	  0.038989	  0.023148	  0.047876	 -0.003310	 -0.107596
  0.037312	  0.051970	  0.043677	  0.019601	  0.041636	 -0.022727	 -0.081971
  0.035950	  0.045888	  0.042410	  0.019411	  0.028395	 -0.062480	 -0.048585
  0.021284	  0.059350	  0.030564	  0.003225	  0.025196	 -0.050950	 -0.056726
 -0.046849	  0.075663	  0.000504	  0.005093	  0.026653	 -0.061244	 -0.031829
 -0.049257	  0.051843	 -0.014447	  0.004935	  0.032767	 -0.053801	 -0.015263
 -0.047008	  0.074301	 -0.010646	  0.014723	 -0.004262	 -0.006066	 -0.007154
 -0.030600	  0.053237	 -0.012832	  0.031606	 -0.006638	  0.016329	 -0.034331
 -0.018690	  0.049277	 -0.019547	  0.056946	  0.001091	  0.045248	 -0.012000
  0.000252	  0.031761	  0.008803	  0.059322	  0.007711	  0.039800	  0.012010
 -0.019989	  0.068346	 -0.005736	  0.076616	 -0.000968	  0.063652	  0.024331
 -0.044505	  0.101858	 -0.018216	  0.054475	  0.015979	  0.022062	  0.002349
 -0.037315	  0.104519	 -0.035194	  0.044751	  0.016200	 -0.004450	  0.024553
 -0.019007	  0.088016	 -0.044317	  0.052923	  0.021205	  0.029822	  0.011851
 -0.022174	  0.077373	 -0.035004	  0.032144	  0.011006	  0.046198	 -0.017417
 -0.002187	  0.082885	 -0.015492	  0.021311	  0.032862	  0.103531	 -0.047001
  0.013334	  0.084088	  0.000947	  0.011682	  0.028142	  0.085761	 -0.029137
  0.019004	  0.082473	  0.005762	  0.006931	  0.023707	  0.076353	 -0.002656
  0.008804	  0.050829	 -0.002854	  0.035818	  0.031943	  0.070874	 -0.005538
 -0.010866	  0.053237	 -0.000098	  0.034108	  0.043219	  0.045026	 -0.061889
 -0.010613	  0.030747	 -0.011786	  0.044244	  0.089909	  0.007523	 -0.062459
 -0.016124	  0.027770	 -0.005800	  0.065467	  0.095357	  0.010184	 -0.084853
  0.003388	  0.016018	  0.004590	  0.061697	  0.071537	  0.013731	 -0.076681
 -0.005608	  0.035720	  0.024102	  0.074399	  0.074388	  0.018926	 -0.065943
 -0.017581	  0.080604	  0.031514	  0.046018	  0.074958	  0.025768	 -0.081084
 -0.031107	  0.088396	  0.034206	  0.039841	  0.080850	  0.044551	 -0.104967
 -0.033039	  0.072305	  0.011305	  0.035723	  0.072582	  0.034257	 -0.069744
 -0.045677	  0.090519	 -0.013624	  0.060462	  0.074515	  0.054434	 -0.105062
 -0.071461	  0.082125	 -0.022746	  0.057991	  0.054939	 -0.000808	 -0.105157
 -0.063827	  0.059128	 -0.024647	  0.058593	  0.042396	 -0.013921	 -0.078202
 -0.054071	  0.043291	 -0.033547	  0.018904	  0.056016	 -0.032166	 -0.095655
 -0.043523	  0.033091	 -0.026832	  0.004302	  0.060577	 -0.025926	 -0.055110
 -0.067502	  0.026344	  0.001549	  0.004650	  0.037264	 -0.015949	 -0.023878
 -0.081566	  0.041263	  0.022233	  0.012537	  0.059786	  0.013446	 -0.030499
 -0.062180	  0.013072	  0.010291	  0.022737	  0.075085	  0.008410	 -0.039336
 -0.047958	  0.041644	  0.004621	  0.046461	  0.052215	  0.006921	 -0.068161
 -0.038044	  0.064101	  0.014346	  0.047602	  0.024499	  0.023867	 -0.039399
 -0.041465	  0.066509	  0.020649	  0.031606	  0.024563	  0.040877	 -0.038861
 -0.025278	  0.091564	  0.037057	  0.060303	  0.011607	  0.046642	 -0.023657
 -0.029206	  0.095206	  0.048682	  0.032651	  0.000331	  0.077494	 -0.033064
  0.022520	  0.066224	  0.056886	  0.019157	 -0.005149	  0.080313	 -0.021915
  0.027017	  0.067617	  0.042157	  0.033284	 -0.012846	  0.084684	 -0.034015
  0.027398	  0.047789	  0.055175	  0.066322	 -0.005434	  0.062416	 -0.010195
  0.058693	  0.063024	  0.017228	  0.050833	  0.012399	 -0.002740	 -0.021756
  0.029140	  0.050069	  0.022138	  0.052005	  0.023549	 -0.018134	 -0.034015
 -0.002219	  0.049277	  0.017387	  0.077250	  0.052088	 -0.042302	 -0.071962
  0.008139	  0.033123	  0.035220	  0.092391	  0.024721	 -0.024976	 -0.061984
  0.013809	  0.022132	  0.056664	  0.075413	  0.023264	 -0.041954	 -0.066862
 -0.000350	  0.016145	  0.054225	  0.070376	  0.050315	 -0.057887	 -0.061192
  0.004401	 -0.004159	  0.037120	  0.093056	  0.020286	 -0.071855	 -0.055744
  0.020746	 -0.014802	  0.035315	  0.087798	  0.019114	 -0.078824	 -0.063029
  0.024198	 -0.036975	  0.041777	  0.069109	  0.068560	 -0.057412	 -0.028915
  0.039529	 -0.038305	  0.049410	  0.067779	  0.121616	 -0.046864	 -0.012792
  0.026194	 -0.026902	  0.043835	  0.061761	  0.093330	 -0.041289	  0.029178
  0.020524	 -0.028042	  0.011527	  0.076173	  0.073184	 -0.012496	  0.050400
  0.020872	 -0.023386	 -0.027181	  0.086721	  0.086868	 -0.006002	  0.051667
 -0.037505	 -0.002924	 -0.063607	  0.066227	  0.074673	  0.014840	  0.081505
 -0.028193	  0.010728	 -0.060788	  0.065562	  0.046830	  0.071317	  0.092718
 -0.011721	 -0.023639	 -0.062372	  0.040190	  0.031024	  0.083829	  0.089994
 -0.013527	 -0.049170	 -0.063829	  0.025872	  0.039862	  0.109517	  0.101683
 -0.006622	 -0.043025	 -0.063956	  0.011365	  0.055985	  0.131183	  0.093890
  0.036393	 -0.010652	 -0.043113	  0.020361	  0.056935	  0.154876	  0.052396
  0.024198	  0.018077	 -0.040358	 -0.002952	  0.062193	  0.143822	  0.049038
  0.022963	  0.003031	 -0.059711	  0.016560	  0.047179	  0.107078	  0.046536
 -0.002029	 -0.021707	 -0.037158	  0.049059	  0.063143	  0.082657	  0.067441
 -0.025627	 -0.011349	 -0.038267	  0.069268	  0.079741	  0.056683	  0.032219
 -0.058823	 -0.011349	 -0.033801	  0.077947	  0.090542	  0.019686	  0.052269
 -0.031107	  0.013136	 -0.036018	  0.049027	  0.058550	  0.007935	  0.065066
 -0.040451	 -0.000706	 -0.037475	  0.077471	  0.022947	  0.002708	  0.035291
 -0.042922	 -0.024590	 -0.024520	  0.059575	 -0.004357	  0.024533	  0.020467
 -0.037347	 -0.000231	 -0.011913	  0.042407	  0.008852	  0.029252	  0.017870
 -0.049193	  0.018742	 -0.037158	  0.022325	  0.063872	 -0.015790	  0.020277
 -0.084005	  0.029100	 -0.011786	  0.021216	  0.103402	 -0.015600	 -0.000217
 -0.106177	  0.024317	  0.001549	  0.033158	  0.084049	 -0.040370	  0.024426
 -0.080742	 -0.000010	  0.035568	  0.046430	  0.081071	 -0.022537	  0.017490
 -0.066615	  0.016113	  0.031514	  0.073164	  0.073976	 -0.030804	  0.010394
 -0.071176	  0.038286	  0.025147	  0.063471	  0.100203	 -0.071000	  0.002634
 -0.060375	  0.071165	  0.021504	  0.057326	  0.114394	 -0.026211	 -0.013426
 -0.065443	  0.074301	  0.007852	  0.021691	  0.107520	  0.042556	  0.004408
 -0.071271	  0.114940	 -0.011913	  0.009560	  0.133146	  0.091177	  0.013530
 -0.037980	  0.108035	  0.007219	  0.021786	  0.154843	  0.111703	  0.037033
 -0.052519	  0.081428	  0.001834	  0.005885	  0.139037	  0.112812	  0.029653
 -0.063289	  0.058051	 -0.000890	 -0.003174	  0.106792	  0.111291	 -0.012285
 -0.033039	  0.053522	 -0.011406	  0.015926	  0.076605	  0.135048	  0.007670
 -0.020052	  0.034865	 -0.017995	  0.027044	  0.032672	  0.152342	  0.021481
 -0.021224	  0.046427	 -0.009696	  0.066734	  0.035966	  0.153103	  0.024616
  0.019035	  0.063278	  0.000599	  0.074969	  0.039798	  0.091589	 -0.011493
  0.012922	  0.056531	  0.029708	  0.069394	  0.012178	  0.094155	 -0.018842
  0.015013	  0.056404	  0.026541	  0.058878	  0.019843	  0.063873	  0.006910
  0.020967	  0.062581	  0.028156	  0.047982	  0.023802	  0.042239	  0.003869
 -0.002060	  0.039521	  0.021948	  0.044466	  0.014870	  0.043633	 -0.009244
 -0.010454	  0.025362	  0.022803	  0.054063	  0.032386	  0.080756	 -0.063187
  0.012067	  0.010950	  0.052388	  0.051149	  0.073089	  0.085571	 -0.126190
  0.024737	  0.022702	  0.052166	  0.085865	  0.085918	  0.064855	 -0.153209
  0.021728	  0.061504	  0.048048	  0.089065	  0.106380	  0.066977	 -0.183839
 -0.004658	  0.088396	  0.061130	  0.101608	  0.089972	  0.037804	 -0.127203
 -0.052804	  0.099799	  0.052768	  0.105187	  0.070492	  0.023962	 -0.108230
 -0.062529	  0.085102	  0.036613	  0.106011	  0.049586	  0.011261	 -0.096985
 -0.055275	  0.098976	  0.051786	  0.083680	  0.058392	 -0.004229	 -0.079975
 -0.052298	  0.082061	  0.060465	  0.085359	  0.071886	 -0.032546	 -0.067717
 -0.037157	  0.028815	  0.044374	  0.071675	  0.046355	  0.004324	 -0.089256
 -0.033672	  0.046427	  0.027903	  0.095210	  0.069035	 -0.005084	 -0.081591
 -0.051252	  0.022195	  0.013649	  0.048267	  0.090067	 -0.033117	 -0.085930
 -0.048085	  0.006009	 -0.011596	  0.022578	  0.081515	 -0.041922	 -0.119696
 -0.073267	  0.018140	 -0.001112	 -0.016604	  0.030328	 -0.045945	 -0.124574
 -0.058918	  0.036829	  0.019604	 -0.028229	 -0.004452	 -0.034320	 -0.134774
 -0.046976	  0.050101	  0.003576	 -0.014419	 -0.026213	 -0.075625	 -0.149503
 -0.037917	  0.085482	 -0.017900	 -0.004694	 -0.005719	 -0.079489	 -0.116275
 -0.012577	  0.073319	 -0.026642	  0.021691	  0.016105	 -0.098241	 -0.118936
  0.006999	  0.059255	 -0.053724	 -0.000133	  0.019241	 -0.099318	 -0.061287
 -0.006653	  0.058622	 -0.035986	 -0.003776	  0.052532	 -0.058552	 -0.025937
  0.001360	  0.083803	 -0.025153	  0.005917	  0.080184	 -0.069353	 -0.045196
 -0.008554	  0.073382	 -0.010804	  0.017162	  0.057378	 -0.047941	 -0.054413
 -0.000540	  0.058336	 -0.025122	  0.031035	  0.037391	 -0.060674	 -0.057296
  0.028791	  0.072369	 -0.018913	  0.018745	  0.066881	 -0.077842	 -0.079215
  0.007157	  0.067079	 -0.026484	  0.029103	  0.063872	 -0.041669	 -0.069269
 -0.049035	  0.032901	 -0.038172	  0.004935	  0.052152	 -0.031628	 -0.064898
 -0.064112	  0.008353	 -0.014289	 -0.020120	  0.058867	 -0.012971	 -0.081084
 -0.058348	  0.016873	  0.000630	  0.005157	  0.047432	  0.002233	 -0.056377
 -0.064778	  0.031349	  0.005540	  0.022863	  0.047971	  0.035049	 -0.075889
 -0.074153	  0.033820	 -0.004849	  0.052765	  0.025703	  0.008853	 -0.065088
 -0.032912	  0.025996	 -0.008270	  0.046841	  0.010119	  0.033623	 -0.028376
 -0.021509	  0.006231	 -0.008112	  0.047475	  0.046229	  0.026116	 -0.049029
 -0.035003	  0.012439	 -0.008049	  0.039619	  0.094818	  0.048067	 -0.035883
 -0.039532	  0.031602	 -0.003836	  0.049027	  0.123263	  0.030266	 -0.002751
 -0.083403	  0.062739	 -0.000067	  0.053873	  0.121394	  0.014745	 -0.033191
 -0.082294	  0.023304	 -0.001365	  0.046588	  0.120032	  0.064127	 -0.069871
 -0.097783	  0.006040	  0.008042	  0.035787	  0.107932	  0.055416	 -0.083903
 -0.081756	 -0.014073	 -0.021574	  0.048235	  0.062700	  0.044710	 -0.090903
 -0.070638	 -0.044767	 -0.036366	  0.039588	  0.085443	  0.059059	 -0.065120
 -0.083593	 -0.065071	 -0.022493	  0.013139	  0.084777	  0.064380	 -0.092265
 -0.083181	 -0.038875	 -0.014479	  0.013867	  0.082845	  0.016899	 -0.097143
 -0.044252	 -0.054269	 -0.009062	  0.026854	  0.051962	 -0.006731	 -0.068921
 -0.033704	 -0.074985	 -0.031552	  0.053335	  0.025196	 -0.008473	 -0.048015
 -0.018278	 -0.046604	 -0.026135	  0.029990	  0.010657	 -0.006889	 -0.081211
 -0.030188	 -0.026870	 -0.034814	  0.037117	 -0.015380	  0.001758	 -0.099424
 -0.043840	 -0.042676	 -0.004659	  0.047158	 -0.024502	 -0.035461	 -0.124384
 -0.073868	 -0.058799	  0.014726	  0.023687	 -0.048671	 -0.039420	 -0.109814
 -0.059266	 -0.052686	  0.034966	  0.012664	 -0.031629	 -0.057031	 -0.130403
 -0.058791	 -0.049803	  0.050329	  0.016465	 -0.026561	 -0.013795	 -0.133443
 -0.054420	 -0.039920	  0.060782	  0.001958	 -0.000144	 -0.045597	 -0.129294
 -0.070479	 -0.042011	  0.049474	  0.013994	  0.036694	 -0.110563	 -0.138480
 -0.091005	 -0.060984	  0.041396	 -0.001558	  0.059786	 -0.051773	 -0.107280
 -0.088471	 -0.018064	  0.040256	  0.009876	  0.057663	 -0.024786	 -0.101736
 -0.050777	  0.006452	  0.001834	  0.004365	  0.063523	 -0.055511	 -0.087958
 -0.057207	  0.031602	  0.014282	  0.011460	  0.054622	 -0.074991	 -0.113710
 -0.075547	  0.035372	 -0.000035	  0.010066	  0.030264	 -0.063240	 -0.122009
 -0.097213	  0.017317	 -0.003297	  0.010320	  0.024436	 -0.031343	 -0.132113
 -0.090023	  0.018869	  0.021980	  0.018144	  0.042142	 -0.057412	 -0.129674
 -0.091955	  0.027231	  0.027079	  0.007596	  0.065044	 -0.046895	 -0.150611
 -0.052899	  0.043196	  0.021283	  0.009211	  0.063745	  0.007618	 -0.165119
 -0.023283	  0.041073	 -0.010424	  0.029357	  0.051043	  0.085603	 -0.129769
 -0.012070	  0.045730	  0.000440	  0.015926	  0.034382	  0.111893	 -0.151688
 -0.014477	  0.063848	 -0.005673	  0.006075	  0.050758	  0.114744	 -0.149471
 -0.033261	  0.058907	  0.014156	 -0.028989	  0.022820	  0.093648	 -0.169553
 -0.054198	  0.062201	  0.007757	 -0.032347	  0.022029	  0.092444	 -0.139715
 -0.020559	  0.080541	  0.021599	 -0.023319	  0.042332	  0.059977	 -0.131923
 -0.035256	  0.046427	  0.029265	 -0.030446	  0.061559	  0.026085	 -0.091537
 -0.047641	  0.047567	  0.042822	 -0.007672	  0.062668	  0.003690	 -0.068256
 -0.090688	  0.070278	  0.051184	 -0.029591	  0.067419	 -0.009075	 -0.079247
  0.029102	 -0.003168	 -0.012436	  0.055460	 -0.050280	 -0.028932	 -0.026723
  0.025807	  0.027367	 -0.027545	  0.066800	 -0.028202	 -0.041951	 -0.036542
  0.035817	  0.038992	 -0.032708	  0.072470	 -0.028329	 -0.020570	 -0.052158
  0.035500	  0.054291	 -0.033785	  0.047637	 -0.057787	 -0.049490	 -0.028402
  0.026504	  0.090401	  0.006221	 -0.000447	 -0.093010	 -0.030896	  0.003495
  0.014246	  0.056572	  0.000361	 -0.016918	 -0.047809	 -0.012714	  0.033017
 -0.035801	  0.029300	 -0.017187	 -0.003804	 -0.042044	  0.010345	  0.025098
 -0.045145	  0.012132	 -0.019943	 -0.027687	 -0.060669	 -0.009769	 -0.002966
 -0.012266	 -0.003516	  0.010497	 -0.032882	 -0.041474	 -0.005619	 -0.028687
  0.012060	 -0.004941	  0.035521	 -0.023665	 -0.042804	  0.030016	  0.009577
  0.027360	 -0.015679	  0.033367	 -0.051349	 -0.003337	  0.065080	  0.060606
  0.014975	 -0.033132	  0.026652	 -0.035289	  0.029985	  0.050795	  0.074543
 -0.005678	 -0.029426	  0.021774	 -0.021511	  0.038664	  0.033310	  0.003179
 -0.001940	 -0.037979	  0.015819	 -0.007859	  0.074648	  0.048070	 -0.051746
 -0.022117	  0.008679	  0.004574	 -0.004089	  0.085766	  0.056528	 -0.007528
 -0.036054	  0.008552	  0.000266	 -0.005736	  0.063751	  0.041324	  0.080910
 -0.055471	 -0.023313	  0.035996	 -0.005261	  0.060615	  0.030966	  0.073276
 -0.017968	 -0.030503	  0.001185	 -0.008112	  0.036162	 -0.014837	 -0.016365
  0.000119	 -0.068957	 -0.010915	  0.010006	  0.038316	 -0.075780	 -0.085544
  0.010952	 -0.075672	 -0.037713	 -0.007764	  0.067837	 -0.075875	 -0.027040
  0.000594	 -0.060943	 -0.062388	 -0.025692	  0.052380	 -0.024751	  0.069190
  0.011807	 -0.064523	 -0.051935	 -0.002601	  0.057606	 -0.046259	  0.106694
  0.008418	 -0.070858	 -0.074551	 -0.001714	  0.039393	 -0.057060	  0.035487
  0.025649	 -0.062400	 -0.097484	 -0.002601	  0.007654	 -0.054494	 -0.019374
  0.043704	 -0.037820	 -0.089470	 -0.004216	  0.006609	 -0.063490	  0.012935
  0.052415	 -0.018245	 -0.075786	  0.027554	  0.001921	 -0.078631	  0.098141
  0.040758	 -0.000570	 -0.066125	  0.056030	 -0.006156	 -0.062603	  0.067131
  0.033188	  0.023345	 -0.042907	  0.021980	 -0.024845	 -0.074323	 -0.010473
  0.067967	  0.045232	 -0.042464	  0.013934	 -0.023102	 -0.051612	 -0.075566
  0.108733	  0.031517	 -0.031409	  0.023310	 -0.023609	 -0.057187	 -0.055326
  0.102778	  0.030440	 -0.045726	  0.042632	 -0.017369	 -0.036503	  0.029311
  0.077787	  0.078840	 -0.049306	  0.065533	 -0.009894	 -0.016135	  0.026017
  0.096222	  0.062527	 -0.041229	  0.054985	  0.012944	 -0.011859	 -0.025899
  0.066289	  0.048210	 -0.051270	  0.045926	 -0.043470	 -0.026272	 -0.097454
  0.057609	  0.019132	 -0.061691	  0.059927	 -0.038908	 -0.017719	 -0.109934
  0.071167	  0.039657	 -0.061342	  0.079439	 -0.041252	 -0.006221	 -0.054787
  0.079085	  0.049762	 -0.053075	  0.061035	 -0.041062	  0.029065	  0.032415
  0.069519	  0.035888	 -0.049116	  0.047225	 -0.029089	  0.019689	  0.027474
  0.020043	  0.000729	 -0.034070	  0.051279	 -0.045338	  0.000779	 -0.061597
 -0.037226	  0.048432	 -0.032201	  0.051913	 -0.036976	  0.007368	 -0.064036
 -0.047901	  0.041748	 -0.041514	  0.054573	 -0.024718	  0.013639	  0.013473
 -0.044227	  0.049097	 -0.046867	  0.072090	 -0.027695	  0.076832	  0.103938
 -0.030606	  0.025752	 -0.042496	  0.052293	 -0.010591	  0.082787	  0.092440
 -0.039634	 -0.009344	 -0.058270	  0.068859	 -0.040429	  0.057668	  0.015690
 -0.045399	 -0.023535	 -0.066094	  0.072217	 -0.036818	  0.007811	 -0.035212
 -0.093672	 -0.053310	 -0.059220	  0.051247	 -0.011668	 -0.000836	  0.018256
 -0.116446	 -0.067975	 -0.055039	  0.044881	 -0.007138	  0.019911	  0.101816
 -0.089047	 -0.026100	 -0.034925	  0.068827	  0.027071	  0.014811	  0.124875
 -0.049992	  0.004435	 -0.058238	  0.053718	 -0.004762	  0.000589	  0.056076
 -0.014357	  0.053911	 -0.042717	  0.050962	 -0.043121	 -0.008945	 -0.005659
  0.043419	  0.056002	 -0.059442	  0.046813	 -0.039257	  0.026468	  0.000486
  0.070248	  0.067057	 -0.042971	  0.075891	 -0.036026	  0.061881	  0.097064
  0.100434	  0.041906	 -0.024662	  0.068701	 -0.020695	  0.077497	  0.135898
  0.100846	  0.062749	 -0.024757	  0.042663	 -0.001025	  0.020735	  0.101182
  0.092452	  0.082292	 -0.036731	  0.017830	 -0.027600	 -0.016801	  0.036723
  0.044084	  0.056509	 -0.012151	  0.020871	 -0.058389	 -0.008280	  0.024750
  0.000087	  0.020684	  0.002673	  0.001707	 -0.055063	  0.002806	  0.083634
 -0.037765	  0.017675	 -0.023839	  0.018273	 -0.030546	  0.023871	  0.146288
 -0.035421	  0.009566	 -0.055894	  0.026414	 -0.023102	  0.023775	  0.073973
 -0.037860	 -0.006240	 -0.051713	  0.044057	 -0.018256	  0.005626	  0.009545
 -0.046729	  0.011403	 -0.044966	  0.054605	  0.020800	 -0.000298	 -0.006926
 -0.021769	  0.010168	 -0.066442	  0.053528	  0.038094	  0.021336	  0.080466
 -0.026203	 -0.034463	 -0.051650	  0.048492	  0.044588	  0.033500	  0.135328
 -0.029466	 -0.032087	 -0.061944	  0.035758	  0.056498	  0.021622	  0.122436
 -0.038462	 -0.011752	 -0.043002	  0.039464	  0.017505	 -0.010782	  0.067131
 -0.044765	 -0.000919	 -0.039138	  0.038862	 -0.005333	 -0.020760	  0.043723
 -0.044955	  0.017485	 -0.004359	  0.050899	 -0.007677	  0.033848	  0.089937
 -0.050847	  0.021096	  0.004701	  0.061415	 -0.035677	  0.046803	  0.175017
 -0.065639	  0.034273	  0.014837	  0.077823	 -0.042456	  0.060424	  0.174194
 -0.033014	  0.048337	 -0.037206	  0.080230	  0.002048	  0.033722	  0.108689
 -0.073780	  0.014982	 -0.054817	  0.082258	  0.033090	  0.042559	  0.101721
 -0.075427	  0.002661	 -0.059822	  0.093977	  0.028402	  0.083832	  0.149519
 -0.046824	  0.006588	 -0.077148	  0.121282	  0.057163	  0.122983	  0.171153
 -0.014325	  0.039784	 -0.066220	  0.102910	  0.039425	  0.080031	  0.163234
 -0.002795	  0.068039	 -0.075058	  0.081561	  0.044873	  0.078004	  0.079389
  0.011965	  0.059074	 -0.058523	  0.083176	  0.012311	  0.069895	  0.022501
  0.014563	  0.059581	 -0.068849	  0.097842	 -0.015247	  0.085226	  0.030451
  0.025839	  0.067849	 -0.070243	  0.099172	 -0.005998	  0.097896	  0.128391
  0.043546	  0.081596	 -0.060075	  0.091095	  0.036827	  0.108317	  0.180085
  0.048772	  0.096293	 -0.022920	  0.093059	  0.016840	  0.056654	  0.133142
  0.057609	  0.087582	 -0.021812	  0.064013	  0.041895	  0.035717	  0.079516
  0.086244	  0.079252	 -0.040247	  0.042980	  0.059063	  0.057763	  0.090317
  0.116240	  0.069306	 -0.036256	  0.078425	  0.070720	  0.052695	  0.165673
  0.119091	  0.049097	 -0.023744	  0.060465	  0.060204	  0.046233	  0.184203
  0.139078	  0.056509	 -0.044333	  0.075764	  0.048104	  0.043731	  0.129151
  0.120485	  0.064523	 -0.027228	  0.065280	  0.023650	  0.022223	  0.041411
  0.105851	  0.081216	 -0.025866	  0.043075	  0.003917	  0.015762	  0.018700
  0.083171	  0.115488	 -0.040468	  0.071773	  0.030936	  0.034862	  0.075240
  0.055392	  0.108266	 -0.055324	  0.095625	  0.034040	  0.056053	  0.144672
  0.023875	  0.087646	 -0.057446	  0.099996	  0.024252	  0.046202	  0.107042
  0.035849	  0.086315	 -0.050066	  0.069809	 -0.008310	  0.061818	  0.034284
  0.006612	  0.097623	 -0.080348	  0.078678	 -0.009925	  0.039011	  0.041442
 -0.012710	  0.132815	 -0.093239	  0.128947	  0.043859	  0.046993	  0.114454
 -0.015782	  0.126384	 -0.087316	  0.122549	  0.063973	  0.067234	  0.206439
  0.010698	  0.142159	 -0.087665	  0.096195	  0.073444	  0.085542	  0.192819
  0.017223	  0.152295	 -0.039803	  0.069746	  0.088838	  0.071383	  0.127061
  0.016020	  0.121158	 -0.033468	  0.014092	  0.083168	  0.022825	  0.053796
  0.037147	  0.096673	 -0.040025	 -0.013053	  0.117884	  0.014590	  0.066814
  0.046460	  0.086379	 -0.021780	 -0.026325	  0.118296	  0.020006	  0.139541
  0.063026	  0.102913	 -0.027133	 -0.014415	  0.114622	  0.055768	  0.160542
  0.045193	  0.095659	 -0.046613	  0.001802	  0.090359	  0.031948	  0.094784
  0.067144	  0.093727	 -0.054501	  0.001454	  0.092006	  0.023174	 -0.009460
  0.085579	  0.120049	 -0.055134	  0.010450	  0.104422	  0.056845	  0.031528
  0.099009	  0.101995	 -0.069420	  0.046433	  0.106228	  0.087886	  0.118065
  0.092136	  0.074564	 -0.042052	  0.046940	  0.111581	  0.121272	  0.135962
  0.073320	  0.116248	 -0.033468	  0.027048	  0.129604	  0.085891	  0.055475
  0.052446	  0.103958	 -0.032328	  0.027871	  0.129129	  0.081203	 -0.019501
  0.041518	  0.094646	 -0.055134	  0.045704	  0.116586	  0.066791	 -0.017664
  0.038953	  0.059581	 -0.068754	  0.051121	  0.132170	  0.108634	  0.080656
 -0.002257	  0.059835	 -0.060519	  0.044121	  0.132645	  0.140879	  0.144451
  0.019662	  0.033766	 -0.075945	  0.060497	  0.124631	  0.107778	  0.080150
  0.062994	  0.030820	 -0.097294	  0.040636	  0.083232	  0.069800	  0.025668
  0.043957	  0.022901	 -0.069926	  0.036138	  0.054629	  0.093208	  0.039447
  0.066827	  0.044567	 -0.058587	  0.029360	  0.107748	  0.117534	  0.125034
  0.071578	  0.074342	 -0.053202	  0.004970	  0.111549	  0.127734	  0.200801
  0.076868	  0.097117	 -0.059695	 -0.009411	  0.115794	  0.135684	  0.150120
  0.100593	  0.116597	 -0.045600	 -0.001302	  0.089123	  0.144617	  0.088575
  0.111584	  0.104592	 -0.073664	 -0.013212	  0.096789	  0.135463	  0.148758
  0.112503	  0.097402	 -0.061596	 -0.005610	  0.110536	  0.136033	  0.187656
  0.102810	  0.098732	 -0.066822	  0.010228	  0.121717	  0.129824	  0.199597
  0.104236	  0.091162	 -0.051111	  0.024894	  0.119246	  0.092543	  0.182049
  0.109462	  0.122678	 -0.053645	  0.007726	  0.120133	  0.094475	  0.152274
  0.117064	  0.116533	 -0.050446	 -0.003836	  0.106703	  0.101412	  0.149107
  0.141644	  0.094076	 -0.062673	  0.012192	  0.113133	  0.096122	  0.128201
  0.147662	  0.090876	 -0.058587	  0.022771	  0.112278	  0.073569	  0.132002
  0.138128	  0.097560	 -0.081298	  0.002468	  0.115635	  0.017630	  0.130957
  0.129639	  0.082831	 -0.073601	  0.019097	  0.137143	 -0.006189	  0.152749
  0.150703	  0.065156	 -0.056813	  0.024577	  0.126817	 -0.003624	  0.159433
  0.103760	  0.055432	 -0.061818	  0.046243	  0.132265	  0.020735	  0.156265
  0.089000	  0.075767	 -0.060392	  0.034270	  0.125043	  0.031346	  0.179420
  0.083837	  0.082102	 -0.044840	  0.026287	  0.116744	  0.044269	  0.195543
  0.081176	  0.090686	 -0.072872	  0.009975	  0.128432	  0.063813	  0.170994
  0.073891	  0.090021	 -0.061786	 -0.008492	  0.164130	  0.055736	  0.172578
  0.051559	  0.078111	 -0.074899	 -0.023886	  0.186145	  0.026595	  0.173972
  0.036007	  0.084320	 -0.084655	 -0.040801	  0.178321	  0.008825	  0.172737
  0.045953	  0.103578	 -0.085732	 -0.017298	  0.148166	  0.014019	  0.147903
  0.056944	  0.127430	 -0.091117	  0.006047	  0.157637	  0.012689	  0.128454
  0.055614	  0.131516	 -0.082185	 -0.000827	  0.154881	  0.017250	  0.108626
  0.048487	  0.164363	 -0.092194	 -0.014605	  0.158872	  0.018327	  0.095354
  0.013549	  0.145738	 -0.090389	 -0.016189	  0.185004	  0.044935	  0.101816
  0.036640	  0.143743	 -0.095615	 -0.023665	  0.179620	  0.055546	  0.127789
  0.052795	  0.117072	 -0.069705	  0.001676	  0.141863	  0.054532	  0.148853
  0.076805	  0.100696	 -0.070813	 -0.004533	  0.114463	  0.069831	  0.157279
  0.060682	  0.121095	 -0.066949	 -0.009696	  0.083865	  0.042337	  0.168936
  0.048740	  0.146973	 -0.061659	 -0.020687	  0.086241	  0.033405	  0.164659
  0.012726	  0.164617	 -0.065967	 -0.045584	  0.092417	 -0.000615	  0.145369
  0.018490	  0.129869	 -0.074424	 -0.049575	  0.084087	  0.055387	  0.143247
  0.047727	  0.172916	 -0.086714	 -0.068042	  0.082313	  0.096154	  0.120029
  0.092357	  0.218686	 -0.094982	 -0.104215	  0.051081	  0.078574	  0.125794
  0.115860	  0.181183	 -0.108222	 -0.089106	  0.071512	  0.046360	  0.125445
  0.107086	  0.157933	 -0.105941	 -0.090880	  0.094635	  0.057921	  0.142898
  0.110666	  0.125561	 -0.104643	 -0.090911	  0.092037	  0.049844	  0.114296
  0.100213	  0.106239	 -0.103122	 -0.066490	  0.106671	  0.069420	  0.097413
  0.083615	  0.081120	 -0.096027	 -0.044950	  0.101350	  0.071510	  0.091584
  0.066003	  0.069591	 -0.088868	 -0.038267	  0.117694	  0.070592	  0.143279
  0.051464	  0.093315	 -0.098814	 -0.027497	  0.106988	  0.075755	  0.202670
  0.044179	  0.068767	 -0.077117	 -0.024932	  0.118961	  0.114842	  0.201846
  0.044528	  0.042128	 -0.089502	 -0.044349	  0.114654	  0.116648	  0.212236
  0.036197	  0.039721	 -0.078225	 -0.027276	  0.099449	  0.113132	  0.179357
  0.034138	  0.060722	 -0.097547	 -0.001682	  0.055516	  0.122761	  0.153478
  0.052320	  0.051124	 -0.090009	 -0.014510	  0.061376	  0.129033	  0.127599
  0.061379	  0.009439	 -0.104389	  0.013332	  0.081489	  0.114525	  0.124748
  0.045351	  0.035096	 -0.081108	 -0.000637	  0.089883	  0.107050	  0.116513
  0.044369	  0.060120	 -0.064447	  0.000409	  0.078892	  0.092321	  0.146288
  0.056691	  0.088279	 -0.056654	 -0.019040	  0.092417	  0.080189	  0.165103
  0.070026	  0.134620	 -0.045917	 -0.026610	  0.129414	  0.080696	  0.141061
  0.045224	  0.119511	 -0.039581	 -0.067345	  0.127609	  0.070813	  0.165356
  0.068347	  0.083306	 -0.028939	 -0.089201	  0.100906	  0.094950	  0.140776
  0.066225	  0.093410	 -0.030997	 -0.086825	  0.071227	  0.085004	  0.109544
  0.057039	  0.104465	 -0.013228	 -0.078938	  0.068503	  0.026690	  0.087182
  0.058940	  0.089039	 -0.005879	 -0.034624	  0.076485	  0.040405	  0.111540
  0.051655	  0.057142	  0.012144	 -0.031393	  0.099006	  0.056306	  0.104191
  0.036292	  0.071491	 -0.000241	 -0.036303	  0.120070	  0.036224	  0.094942
  0.042057	  0.084288	 -0.018042	 -0.017361	  0.105151	  0.041514	  0.071597
  0.069868	  0.074944	 -0.036857	 -0.032280	  0.126247	  0.042971	  0.041031
  0.059985	  0.072853	 -0.051396	 -0.048055	  0.117758	  0.024187	  0.047366
  0.064166	  0.067532	 -0.054310	 -0.018090	  0.070815	  0.023015	  0.061778
  0.062804	  0.049762	 -0.066062	  0.001327	  0.060362	 -0.031086	  0.101752
  0.078547	  0.016344	 -0.037396	  0.037595	  0.076675	 -0.025511	  0.087973
  0.092896	  0.041970	 -0.027228	  0.013839	  0.076390	 -0.029597	  0.105648
  0.077787	  0.033386	 -0.022002	  0.003038	  0.079431	 -0.014362	  0.090793
  0.036355	  0.052613	 -0.006956	  0.020934	  0.069611	 -0.029186	  0.117748
  0.021500	  0.086347	 -0.004960	 -0.012230	  0.061312	 -0.019461	  0.116228
  0.009938	  0.121792	 -0.008381	 -0.034308	  0.054565	  0.026341	  0.128233
 -0.003967	  0.113841	 -0.004992	 -0.006908	  0.046172	  0.034925	  0.123038
 -0.039475	  0.059613	 -0.001286	  0.011400	  0.064765	  0.058048	  0.135486
 -0.057562	  0.016154	 -0.016997	  0.002848	  0.060235	  0.026341	  0.126681
 -0.030543	 -0.020145	 -0.018866	  0.023088	  0.065588	  0.030712	  0.090951
 -0.007800	  0.022458	 -0.023554	  0.062017	  0.038538	  0.047912	  0.077996
  0.014151	  0.039467	 -0.010884	  0.070664	  0.046710	  0.027482	  0.083000
  0.016938	  0.070288	 -0.033246	  0.028505	  0.069104	  0.023585	  0.089209
  0.005440	  0.043205	 -0.042337	  0.019509	  0.045411	  0.047405	  0.037768
  0.001291	 -0.007254	 -0.055546	  0.022930	  0.042814	  0.057256	  0.031686
 -0.016954	 -0.005416	 -0.059727	  0.033193	  0.058398	  0.058270	  0.031591
 -0.018886	 -0.021951	 -0.051713	  0.027681	  0.073761	  0.083388	  0.036913
 -0.035421	 -0.018435	 -0.063085	  0.004780	  0.097549	  0.093905	  0.049995
  0.002589	  0.004023	 -0.061944	  0.019952	  0.072747	  0.087823	  0.036596
  0.020961	 -0.009281	 -0.043034	  0.040351	  0.038696	  0.092004	  0.057407
  0.058813	 -0.000285	 -0.039581	  0.052895	  0.008700	  0.032866	  0.053004
  0.061379	  0.004751	 -0.043953	  0.037564	 -0.007106	  0.021368	  0.042298
  0.016907	  0.014317	 -0.075470	  0.058913	 -0.008373	  0.005435	  0.069253
 -0.015180	 -0.008141	 -0.087189	  0.045198	 -0.034886	  0.011105	  0.103114
 -0.020153	  0.005226	 -0.094760	  0.036423	 -0.024084	  0.044301	  0.106060
  0.010097	  0.017136	 -0.102077	  0.037405	 -0.036406	  0.038124	  0.112965
  0.046808	 -0.001077	 -0.086144	  0.067940	 -0.041316	  0.038948	  0.118857
  0.048582	 -0.023091	 -0.076357	  0.055397	 -0.052402	  0.041355	  0.088765
  0.055741	 -0.033227	 -0.054215	  0.032052	 -0.039257	  0.030776	  0.077172
  0.069076	 -0.039879	 -0.028749	  0.016056	 -0.022152	  0.025518	  0.060954
  0.080827	 -0.035128	 -0.011707	 -0.006940	  0.018677	  0.043826	  0.064502
  0.045858	 -0.030852	  0.000868	  0.013744	 -0.009419	  0.043224	  0.049868
  0.052446	 -0.087899	  0.030959	  0.047415	  0.021211	  0.056845	  0.054081
  0.058306	 -0.094614	  0.043756	  0.047320	  0.012311	  0.061818	  0.075208
  0.044844	 -0.091035	  0.041602	  0.023373	  0.045316	  0.057985	  0.100390
