:RUN-11	LEVEL SWEEP	TEMP:NaN	8/27/2019	1:36 PM	HR:-636.36:SW EAR: R	SW FREQ: 32.00	# AVERAGES: 512	REP RATE (/sec): 80	DRIVER: 	SAMPLE (µsec): 40	MASKER dB: 2147483647:NOTES-:CHAMBER-SEWELL-PXI1:CFTS Version: V2.7.2 (R850):LEVELS:20;30;40;50;60;70;80;:DATA  0.010988	 -0.081143	  0.024279	 -0.009967	  0.023739	 -0.078851	 -0.118640
  0.007250	 -0.045983	 -0.014682	 -0.012026	  0.036916	 -0.100327	 -0.098083
  0.023690	 -0.016525	 -0.046642	 -0.020229	  0.059564	 -0.088607	 -0.080218
  0.020554	 -0.015353	 -0.051362	 -0.021211	  0.050758	 -0.036343	 -0.073756
 -0.000288	 -0.005724	 -0.021935	  0.007486	  0.044075	 -0.049963	 -0.084747
 -0.000890	 -0.003380	 -0.009265	  0.030039	  0.034065	 -0.087562	 -0.103499
 -0.023380	 -0.011615	 -0.041827	  0.049330	  0.058550	 -0.039827	 -0.133020
 -0.000193	 -0.019629	 -0.050475	  0.084046	  0.018988	 -0.038687	 -0.105368
 -0.000922	 -0.027421	 -0.023804	  0.037673	  0.014395	 -0.046162	 -0.102295
 -0.032977	 -0.037367	 -0.019306	 -0.003505	 -0.000651	 -0.056615	 -0.083639
 -0.023791	  0.008530	 -0.032103	  0.011826	 -0.007524	 -0.008468	 -0.059597
 -0.001175	  0.019521	 -0.003342	  0.007106	 -0.037268	  0.017220	 -0.020446
 -0.001017	  0.028074	 -0.009899	 -0.015256	 -0.045028	 -0.013315	 -0.021967
  0.021948	  0.031210	 -0.005844	 -0.024917	 -0.067549	 -0.023831	 -0.012686
  0.002974	  0.007073	  0.007333	 -0.021275	 -0.071477	 -0.009324	  0.076733
 -0.025724	  0.035106	  0.034225	 -0.033628	 -0.059599	  0.015098	  0.159881
 -0.030855	  0.059337	  0.039198	 -0.031791	 -0.056368	  0.079874	  0.212240
 -0.011596	  0.037893	  0.070652	 -0.008668	 -0.041892	  0.157162	  0.230169
  0.026604	  0.027124	  0.085824	 -0.018677	 -0.007683	  0.183357	  0.208883
  0.038799	  0.010272	  0.068973	 -0.006356	  0.053989	  0.225169	  0.210055
  0.003703	  0.018381	  0.009202	  0.007011	  0.068623	  0.208001	  0.233083
 -0.013117	  0.009512	  0.013731	  0.051705	  0.031943	  0.202236	  0.232988
 -0.016981	 -0.041453	  0.038248	  0.023546	  0.044455	  0.174837	  0.224847
 -0.032660	 -0.017697	  0.055923	  0.016831	  0.060261	  0.155483	  0.175370
 -0.036937	 -0.023842	  0.052977	  0.020030	  0.052342	  0.138727	  0.137740
 -0.063322	 -0.036354	  0.044678	  0.019681	  0.048794	  0.130333	  0.139767
 -0.086540	 -0.055517	  0.003627	  0.002260	  0.071410	  0.142433	  0.166565
 -0.095473	 -0.005470	  0.015220	  0.006631	  0.075655	  0.115065	  0.203466
 -0.068517	  0.023671	  0.020161	  0.021107	  0.124562	  0.129129	  0.261939
 -0.065761	 -0.000054	  0.043348	  0.094689	  0.141540	  0.151999	  0.263681
 -0.068390	 -0.004457	  0.084652	  0.097413	  0.166088	  0.168945	  0.290003
 -0.058381	  0.003019	  0.093680	  0.126491	  0.183984	  0.163339	  0.288546
 -0.077924	  0.025318	  0.082087	  0.167637	  0.204193	  0.185131	  0.266342
 -0.056480	  0.053636	  0.090734	  0.198267	  0.195768	  0.178986	  0.233431
 -0.015682	  0.052527	  0.077937	  0.167985	  0.182147	  0.135116	  0.184176
  0.001105	  0.070931	  0.073313	  0.123735	  0.153259	  0.104676	  0.120224
  0.006269	  0.076189	  0.059914	  0.118825	  0.080058	  0.059222	  0.009708
  0.013617	  0.081827	  0.055068	  0.102132	  0.056808	 -0.006283	 -0.105811
  0.050076	  0.038337	  0.053104	  0.103526	  0.020381	 -0.100675	 -0.193235
  0.064139	  0.017019	  0.044868	  0.059054	 -0.033593	 -0.146763	 -0.278695
  0.067814	  0.053192	  0.045628	  0.029944	 -0.075880	 -0.193326	 -0.341919
  0.055555	  0.086863	 -0.007333	  0.016862	 -0.110279	 -0.239952	 -0.415564
  0.045388	  0.081859	 -0.038881	  0.001817	 -0.083197	 -0.258133	 -0.417085
  0.034713	  0.040427	 -0.042112	 -0.024379	 -0.098179	 -0.283537	 -0.410718
  0.056157	  0.037957	 -0.070810	 -0.014401	 -0.111673	 -0.289175	 -0.396749
  0.040224	  0.028106	 -0.115346	 -0.035244	 -0.146547	 -0.272387	 -0.341001
  0.041491	  0.039509	 -0.101567	 -0.036511	 -0.163145	 -0.220756	 -0.223105
  0.057899	  0.014453	 -0.039230	 -0.021180	 -0.153231	 -0.145021	 -0.158804
  0.043329	  0.006471	 -0.052438	 -0.042656	 -0.128366	 -0.074733	 -0.045153
  0.034840	  0.011349	 -0.064000	 -0.015605	 -0.100428	  0.005342	  0.035936
  0.039813	  0.014960	 -0.034795	  0.002197	 -0.026910	  0.077023	  0.133749
  0.031672	  0.002987	  0.006573	  0.028582	  0.025450	  0.108889	  0.190796
  0.025781	 -0.012597	  0.016994	  0.040746	  0.049808	  0.160139	  0.246196
  0.015866	  0.011571	 -0.014491	  0.037610	  0.087723	  0.179715	  0.233336
  0.022455	  0.011128	  0.002170	  0.048664	  0.108090	  0.193082	  0.183194
  0.017387	 -0.012217	  0.031533	  0.059307	  0.125353	  0.165746	  0.092634
  0.029898	 -0.027295	  0.007428	  0.073181	  0.104669	  0.097422	  0.076828
  0.053496	 -0.005914	  0.018578	  0.088227	  0.097891	  0.077213	  0.052058
  0.078773	 -0.005724	  0.027162	  0.097286	  0.075687	  0.034832	  0.009772
  0.083366	  0.029626	  0.032008	  0.082589	  0.031468	 -0.021265	 -0.037076
  0.077316	  0.032033	  0.034605	  0.054176	 -0.018991	 -0.034981	 -0.060167
  0.043709	  0.008245	 -0.006446	  0.020980	 -0.059630	 -0.038370	 -0.121301
  0.048302	 -0.010633	 -0.031691	  0.022849	 -0.042811	 -0.057724	 -0.148035
  0.048935	  0.005173	 -0.047370	  0.010907	 -0.044363	 -0.087055	 -0.170524
  0.016405	  0.032825	 -0.030329	  0.002323	 -0.052915	 -0.126459	 -0.182656
 -0.003297	  0.025920	 -0.017216	  0.013473	 -0.044046	 -0.159718	 -0.186457
  0.011115	  0.017716	 -0.043854	  0.001436	 -0.044078	 -0.182112	 -0.262921
  0.035822	  0.011634	 -0.055828	  0.004541	 -0.069545	 -0.232540	 -0.312049
  0.039908	 -0.005755	 -0.065077	  0.009229	 -0.095709	 -0.239128	 -0.357377
  0.040098	 -0.007688	 -0.086648	  0.030388	 -0.147593	 -0.225381	 -0.328045
  0.033193	  0.034599	 -0.041827	 -0.008573	 -0.152978	 -0.216734	 -0.319398
  0.025115	  0.062251	 -0.060706	 -0.022225	 -0.155131	 -0.204760	 -0.278252
  0.007250	  0.024019	 -0.055733	 -0.038759	 -0.160611	 -0.186705	 -0.225956
  0.011622	  0.044038	 -0.049271	 -0.039456	 -0.194029	 -0.193896	 -0.173660
  0.008676	  0.051894	 -0.032641	 -0.028908	 -0.188074	 -0.151514	 -0.139229
 -0.034751	  0.015214	 -0.038818	 -0.036416	 -0.142176	 -0.118033	 -0.061403
 -0.042733	  0.045939	 -0.031564	 -0.065208	 -0.117913	 -0.143247	 -0.026496
 -0.033041	  0.055948	 -0.026053	 -0.075028	 -0.087346	 -0.079231	  0.013383
 -0.017805	  0.058957	 -0.045945	 -0.075820	 -0.068024	 -0.061049	  0.024628
 -0.025597	  0.036721	 -0.035302	 -0.059380	 -0.034987	 -0.037705	  0.030994
 -0.027402	  0.037260	 -0.040243	 -0.048706	 -0.039041	 -0.020442	  0.034003
 -0.041434	  0.019490	 -0.039958	 -0.014560	 -0.038915	 -0.024940	  0.050063
 -0.003519	  0.020947	 -0.044963	  0.012713	 -0.055703	 -0.013410	  0.041479
  0.020016	 -0.008226	 -0.027352	  0.017021	 -0.047879	 -0.012776	  0.056905
  0.095403	 -0.017412	 -0.054909	 -0.005310	 -0.004484	  0.013007	 -0.000713
  0.095751	 -0.005597	 -0.078000	 -0.010537	 -0.035050	  0.042434	 -0.003247
  0.079692	  0.014390	 -0.072742	 -0.025456	 -0.011547	  0.061597	  0.015283
  0.063031	  0.005774	 -0.081928	 -0.012152	 -0.009805	  0.072430	  0.039578
  0.046876	 -0.022987	 -0.098970	  0.014043	 -0.030394	  0.114463	  0.049904
 -0.003234	 -0.040820	 -0.088232	 -0.015795	 -0.026023	  0.150383	  0.046388
 -0.022651	 -0.032236	 -0.059280	 -0.028085	 -0.030109	  0.138125	  0.036949
  0.013522	 -0.040788	 -0.063747	  0.021582	 -0.010629	  0.133310	  0.014555
  0.041713	 -0.026313	 -0.083987	  0.071407	 -0.026846	  0.106070	  0.021967
  0.059420	 -0.006484	 -0.068688	  0.081543	  0.002390	  0.106006	  0.021777
  0.055524	  0.002258	 -0.076923	  0.061810	  0.005462	  0.091974	  0.005147
  0.066420	 -0.004678	 -0.055796	  0.080656	  0.026938	  0.063403	  0.008790
  0.074465	  0.035454	 -0.046262	  0.094150	  0.013730	  0.052000	  0.039040
  0.083936	  0.039857	 -0.039990	  0.087720	 -0.010534	  0.069770	  0.067294
  0.076176	 -0.003633	 -0.009772	  0.107074	 -0.000207	  0.100020	  0.092064
  0.020617	 -0.034865	  0.020763	  0.104223	 -0.037679	  0.110029	  0.087376
 -0.006338	 -0.022797	 -0.005179	  0.101340	 -0.058522	  0.100210	  0.080471
  0.007852	 -0.010317	 -0.024438	  0.071566	 -0.040879	  0.087951	  0.121712
  0.006522	  0.012078	 -0.015442	  0.063552	 -0.037648	  0.093209	  0.131944
  0.011495	 -0.018932	 -0.011957	  0.023071	 -0.053960	  0.081521	  0.131500
  0.047953	 -0.029670	 -0.016044	  0.047682	 -0.026846	  0.085386	  0.107142
  0.046560	 -0.026661	 -0.046040	  0.044927	 -0.013543	  0.060932	  0.089182
  0.076049	 -0.054947	 -0.022379	  0.020790	  0.013350	  0.079241	  0.106920
  0.095308	 -0.001067	 -0.002708	  0.030356	  0.013698	  0.058493	  0.070493
  0.084982	  0.022721	 -0.013414	  0.037356	  0.011069	  0.049497	  0.033782
  0.093566	  0.050817	 -0.025388	  0.030990	  0.024278	  0.011487	 -0.000776
  0.087832	  0.062030	 -0.041320	  0.063678	  0.029124	 -0.010749	 -0.027288
  0.061510	  0.064786	 -0.039230	  0.079041	  0.048097	 -0.032478	 -0.033085
  0.069778	  0.071026	 -0.020985	  0.103399	  0.067546	 -0.037863	 -0.073154
  0.073484	  0.053192	  0.012908	  0.072611	  0.015979	 -0.063615	 -0.118196
  0.065881	  0.041663	  0.037044	  0.031465	  0.007648	 -0.085376	 -0.162352
  0.065375	  0.056708	  0.032673	  0.035392	  0.012019	 -0.083792	 -0.197131
  0.071140	  0.068428	  0.031184	  0.040049	  0.012178	 -0.106313	 -0.238214
  0.022898	  0.047522	  0.023266	  0.022881	  0.030676	 -0.106725	 -0.249364
  0.003735	  0.072071	  0.027605	  0.021804	  0.066659	 -0.082113	 -0.279994
 -0.004311	  0.068238	  0.004767	 -0.014908	  0.044328	 -0.065357	 -0.279741
 -0.002727	  0.046952	  0.000491	 -0.047312	  0.012621	 -0.057945	 -0.261559
  0.004970	  0.030196	  0.008441	 -0.043131	  0.009295	 -0.065452	 -0.221743
  0.027839	  0.000580	  0.019876	 -0.020831	 -0.034765	 -0.051737	 -0.193647
  0.053180	  0.003114	  0.001029	 -0.028908	 -0.043508	 -0.009387	 -0.186172
  0.030183	  0.011286	  0.014903	 -0.020610	 -0.022190	 -0.013758	 -0.111608
  0.042410	  0.032984	  0.032768	 -0.000274	 -0.040340	 -0.015564	 -0.116676
  0.018210	  0.023734	 -0.009518	 -0.035719	 -0.049969	 -0.031433	 -0.134414
 -0.010488	  0.029943	 -0.037329	 -0.055896	 -0.070875	 -0.068810	 -0.201724
 -0.012515	  0.031812	 -0.023804	 -0.014274	 -0.099320	 -0.097508	 -0.272075
 -0.014384	  0.006630	 -0.058710	 -0.010442	 -0.132927	 -0.145147	 -0.252531
 -0.001207	  0.006281	 -0.085476	 -0.033786	 -0.139167	 -0.187529	 -0.259563
  0.002689	 -0.029480	 -0.105115	 -0.044081	 -0.125832	 -0.247205	 -0.290225
  0.036392	 -0.032109	 -0.130993	 -0.055009	 -0.144045	 -0.288542	 -0.306189
  0.038989	 -0.004203	 -0.128016	 -0.029289	 -0.165711	 -0.276473	 -0.319430
  0.043835	  0.003019	 -0.111545	 -0.023872	 -0.171444	 -0.255694	 -0.335141
  0.014979	 -0.043829	 -0.144170	 -0.038094	 -0.193522	 -0.229720	 -0.319430
 -0.023063	 -0.054789	 -0.135364	 -0.062421	 -0.239800	 -0.233490	 -0.310782
 -0.012515	 -0.061852	 -0.131468	 -0.076326	 -0.288136	 -0.218032	 -0.290700
 -0.016823	 -0.064798	 -0.141731	 -0.100020	 -0.291209	 -0.222689	 -0.239101
  0.005097	 -0.066920	 -0.138215	 -0.107938	 -0.275593	 -0.193009	 -0.250282
  0.026287	 -0.033566	 -0.122853	 -0.089788	 -0.209170	 -0.199217	 -0.255509
  0.042949	 -0.043481	 -0.074168	 -0.113545	 -0.174675	 -0.189398	 -0.271473
  0.010956	 -0.012692	 -0.102042	 -0.122477	 -0.166978	 -0.187941	 -0.287311
 -0.041213	 -0.026471	 -0.167135	 -0.111708	 -0.171001	 -0.216670	 -0.332068
 -0.042480	 -0.033598	 -0.139165	 -0.132613	 -0.141416	 -0.204887	 -0.352625
 -0.030126	 -0.034136	 -0.133116	 -0.108097	 -0.138153	 -0.197317	 -0.381387
 -0.014035	 -0.061061	 -0.103309	 -0.091689	 -0.097894	 -0.202860	 -0.405998
 -0.031330	 -0.061156	 -0.105716	 -0.096440	 -0.098243	 -0.206597	 -0.409198
  0.008264	 -0.038698	 -0.071950	 -0.117821	 -0.126434	 -0.215815	 -0.388070
  0.007409	 -0.052888	 -0.074738	 -0.098626	 -0.154118	 -0.190380	 -0.362381
 -0.011945	 -0.071988	 -0.048162	 -0.115604	 -0.163810	 -0.196461	 -0.379676
 -0.032312	 -0.070721	 -0.049999	 -0.116902	 -0.128492	 -0.209765	 -0.409324
 -0.024235	 -0.036449	 -0.086616	 -0.126658	 -0.124501	 -0.193832	 -0.400994
  0.005382	 -0.044399	 -0.088010	 -0.118423	 -0.099636	 -0.154428	 -0.381893
  0.013332	 -0.036132	 -0.080249	 -0.105404	 -0.108569	 -0.167542	 -0.355350
  0.037152	  0.002132	 -0.050316	 -0.073001	 -0.101157	 -0.172768	 -0.339163
  0.048523	  0.035676	 -0.003152	 -0.071733	 -0.059915	 -0.146573	 -0.347114
  0.067053	  0.050595	 -0.002867	 -0.042339	 -0.020068	 -0.099820	 -0.329534
  0.010893	  0.091234	 -0.007776	 -0.027388	  0.007521	 -0.110431	 -0.321869
 -0.015017	  0.064627	 -0.044298	 -0.014338	  0.029631	 -0.123640	 -0.309199
 -0.018565	  0.048631	 -0.038058	  0.021772	 -0.006131	 -0.134188	 -0.318955
 -0.021954	  0.027820	 -0.069575	  0.027632	 -0.019498	 -0.163836	 -0.287279
 -0.037475	  0.040617	 -0.100268	  0.006156	 -0.000271	 -0.192154	 -0.243124
 -0.030570	  0.039255	 -0.095897	 -0.023745	  0.010530	 -0.199280	 -0.247622
  0.011337	  0.008150	 -0.083702	 -0.033565	  0.011607	 -0.219584	 -0.220033
  0.021473	 -0.005882	 -0.098748	 -0.019216	 -0.013923	 -0.206597	 -0.203466
 -0.033389	  0.010684	 -0.091177	 -0.035117	 -0.031218	 -0.205204	 -0.201693
 -0.034909	  0.043848	 -0.104671	 -0.035845	 -0.028842	 -0.205647	 -0.244613
  0.001961	  0.044355	 -0.114142	 -0.013419	 -0.025896	 -0.191488	 -0.270935
  0.003069	  0.038052	 -0.112305	 -0.002270	 -0.004990	 -0.199851	 -0.255699
  0.028378	  0.005078	 -0.127541	  0.010306	  0.009042	 -0.178406	 -0.209105
 -0.002696	 -0.001923	 -0.144867	 -0.001129	  0.000204	 -0.127884	 -0.197258
 -0.023443	  0.011096	 -0.136251	 -0.023555	 -0.031883	 -0.097001	 -0.205810
 -0.047168	 -0.011774	 -0.143442	 -0.046520	 -0.091211	 -0.123228	 -0.189149
 -0.039914	 -0.003221	 -0.111260	 -0.070562	 -0.056178	 -0.102386	 -0.177208
 -0.027909	  0.014105	 -0.063683	 -0.044778	 -0.025073	 -0.094055	 -0.177936
 -0.007637	  0.001625	 -0.053769	 -0.030112	 -0.021810	 -0.093897	 -0.149682
  0.054542	 -0.029702	 -0.042524	 -0.066285	 -0.018643	 -0.085693	 -0.100807
  0.063221	 -0.003475	 -0.064887	 -0.051588	 -0.030394	 -0.100327	 -0.062004
  0.078868	  0.016576	 -0.063747	 -0.034705	 -0.050761	 -0.066846	 -0.057823
  0.080325	  0.017368	 -0.067991	 -0.027388	 -0.063526	 -0.028234	 -0.031279
  0.089099	  0.031051	 -0.073819	 -0.051398	 -0.083387	  0.006292	 -0.013921
  0.048745	  0.017399	 -0.092983	 -0.068756	 -0.070812	 -0.013726	 -0.019401
  0.002309	 -0.008638	 -0.106730	 -0.052887	 -0.087980	 -0.019523	 -0.007935
 -0.003361	 -0.018711	 -0.074928	 -0.048325	 -0.047942	 -0.025731	 -0.003183
 -0.002537	 -0.004425	 -0.089815	 -0.015922	 -0.057540	  0.000242	  0.029157
 -0.024457	  0.005711	 -0.064348	 -0.054565	 -0.057635	 -0.015817	  0.028492
 -0.042860	  0.006693	 -0.079679	 -0.069770	 -0.045630	 -0.016641	  0.034637
 -0.036398	 -0.050703	 -0.056303	 -0.063656	 -0.044268	 -0.021202	  0.048796
 -0.019705	 -0.068568	 -0.057380	 -0.093209	 -0.043951	 -0.046257	  0.080344
 -0.038552	 -0.081681	 -0.096119	 -0.078512	 -0.054119	 -0.071724	  0.078191
 -0.065508	 -0.057006	 -0.101915	 -0.071258	 -0.060296	 -0.065737	  0.063778
 -0.096233	 -0.037082	 -0.110563	 -0.060045	 -0.040055	 -0.035139	  0.078697
 -0.101839	 -0.018742	 -0.140147	 -0.055959	 -0.022760	 -0.016197	  0.068054
 -0.065191	 -0.020516	 -0.135586	 -0.044778	 -0.017946	 -0.006568	  0.044773
 -0.041688	 -0.018869	 -0.128364	 -0.043606	 -0.011326	 -0.013726	  0.052502
 -0.015366	 -0.007434	 -0.109296	 -0.056213	 -0.003533	 -0.026302	  0.041986
 -0.010424	 -0.032964	 -0.108852	 -0.056434	 -0.022032	 -0.035614	  0.061181
 -0.022303	 -0.025933	 -0.109517	 -0.069833	 -0.031503	 -0.048126	  0.074548
 -0.007193	 -0.004615	 -0.098748	 -0.068154	  0.001756	 -0.022627	  0.044868
 -0.013972	  0.005553	 -0.124278	 -0.067774	 -0.012814	  0.015985	  0.038913
 -0.016474	  0.004222	 -0.109612	 -0.072367	  0.018418	  0.031918	  0.039452
 -0.045806	  0.017304	 -0.089182	 -0.032456	 -0.009362	  0.037461	  0.021967
 -0.008999	  0.026300	 -0.085317	 -0.025931	 -0.039928	  0.039646	  0.010500
  0.010640	  0.001055	 -0.072837	 -0.033977	 -0.037268	  0.040565	  0.035270
  0.032052	  0.022309	 -0.082657	 -0.033216	  0.029694	  0.023935	  0.046642
  0.054225	  0.002670	 -0.100395	 -0.039171	  0.044645	  0.007433	  0.066787
  0.062556	 -0.016177	 -0.096024	 -0.043511	  0.007173	  0.015351	  0.069068
  0.021631	 -0.025616	 -0.100648	 -0.041895	 -0.020638	  0.003853	  0.070335
  0.005192	 -0.041485	 -0.105843	 -0.066032	 -0.043698	  0.014781	  0.064982
 -0.018343	 -0.049657	 -0.105463	 -0.080444	 -0.070337	  0.022415	  0.080186
 -0.026104	 -0.030209	 -0.072584	 -0.064892	 -0.061024	  0.007749	  0.080028
 -0.054010	 -0.063911	 -0.073724	 -0.093811	 -0.064413	 -0.014835	  0.091621
 -0.040491	  0.014197	 -0.105640	 -0.044898	  0.011186	  0.051145	 -0.058093
 -0.033205	  0.007862	 -0.070101	 -0.043853	  0.008652	  0.010917	 -0.049192
 -0.038685	  0.026107	 -0.032185	 -0.014617	  0.005453	 -0.025003	 -0.025372
 -0.021422	  0.050338	 -0.028986	  0.016520	 -0.021978	 -0.026017	 -0.028476
  0.029449	  0.042356	  0.002277	  0.037679	 -0.056029	 -0.049710	 -0.024453
  0.038286	  0.040329	 -0.000003	  0.077844	 -0.035123	 -0.036691	 -0.033703
  0.007054	  0.018790	  0.020903	  0.059060	  0.001018	 -0.046986	 -0.047386
  0.008891	  0.003934	  0.003639	  0.036571	 -0.029865	 -0.048886	 -0.059011
  0.022037	 -0.018049	  0.020744	  0.043159	 -0.036042	 -0.014677	 -0.034083
 -0.002734	 -0.044656	  0.034681	  0.020923	 -0.029105	 -0.001880	 -0.015933
 -0.033395	 -0.048425	  0.035061	 -0.007521	 -0.020458	 -0.039510	 -0.054291
 -0.041758	 -0.004048	  0.017957	 -0.000521	  0.007385	 -0.013061	 -0.034779
 -0.009861	 -0.003985	  0.039781	 -0.034540	  0.033010	  0.031601	  0.076401
 -0.010526	 -0.002053	  0.038324	 -0.001693	  0.031775	  0.032868	  0.002502
  0.028467	  0.016763	  0.014314	 -0.000711	  0.011946	  0.002650	 -0.003801
  0.026693	  0.007482	  0.009721	 -0.021427	  0.012105	  0.026121	  0.096325
  0.010348	 -0.001799	  0.015834	 -0.003372	  0.027562	  0.014053	  0.133987
  0.001162	 -0.013994	 -0.000098	 -0.030613	 -0.008643	  0.013926	  0.010073
  0.013199	 -0.045479	  0.004938	 -0.045500	  0.027404	  0.038411	  0.027874
  0.046490	 -0.045669	 -0.021162	 -0.042491	  0.059744	  0.080729	  0.121411
  0.040978	 -0.002591	 -0.031203	  0.003818	  0.060441	  0.073064	  0.087044
  0.040186	 -0.013551	 -0.029588	  0.008411	  0.063229	  0.025868	 -0.021064
  0.030430	 -0.015926	 -0.030411	 -0.008978	  0.054391	  0.055484	  0.057712
  0.065685	 -0.005347	 -0.052838	 -0.016897	  0.029146	  0.048864	  0.084826
  0.064260	  0.008337	 -0.045457	 -0.044296	  0.023318	  0.041230	 -0.057459
  0.033440	  0.027374	 -0.042036	 -0.042364	  0.016286	 -0.001500	 -0.054988
  0.036322	  0.028736	 -0.019610	 -0.036219	  0.033834	  0.013894	  0.030472
 -0.016576	  0.043243	 -0.017140	  0.002932	  0.026422	 -0.005554	 -0.047925
 -0.004444	  0.057814	 -0.023348	 -0.038405	  0.005263	  0.016809	 -0.143584
  0.036259	  0.080335	 -0.000922	 -0.027603	  0.027119	  0.039995	 -0.041875
  0.011077	  0.089679	 -0.045901	 -0.009295	  0.035576	  0.066697	  0.030630
  0.018869	  0.108241	 -0.100414	 -0.016644	  0.005896	  0.029225	 -0.047165
  0.024476	  0.096964	 -0.112704	  0.023045	  0.036178	 -0.004794	 -0.079885
  0.035340	  0.075742	 -0.064462	  0.021493	  0.064622	  0.050764	  0.019100
  0.023747	  0.074317	 -0.071684	 -0.010562	  0.058224	  0.047945	  0.023313
  0.002398	  0.062818	 -0.078653	 -0.026178	  0.040486	 -0.023292	 -0.090306
  0.009588	  0.049832	 -0.089518	  0.019213	  0.020562	 -0.051832	 -0.042382
  0.021118	  0.061551	 -0.095758	  0.038440	  0.030191	 -0.017306	  0.045771
  0.023050	  0.097440	 -0.082454	  0.023362	  0.009729	 -0.071154	 -0.025245
  0.023874	  0.097851	 -0.060725	  0.053010	 -0.001927	 -0.118952	 -0.069401
  0.049784	  0.040202	 -0.078526	  0.045250	  0.056640	 -0.076507	  0.035888
  0.046331	 -0.000374	 -0.100002	  0.076513	  0.057717	 -0.051990	  0.077098
  0.021466	 -0.050484	 -0.101016	  0.123298	  0.060600	 -0.053701	 -0.024390
  0.043861	 -0.045353	 -0.080617	  0.109202	  0.086985	 -0.061176	 -0.010991
  0.066445	 -0.013614	 -0.045647	  0.118040	  0.121575	 -0.038116	  0.097433
  0.099673	 -0.006044	 -0.054200	  0.108790	  0.124710	 -0.037610	  0.048273
  0.107528	  0.003776	 -0.025850	  0.052662	  0.105008	 -0.072769	 -0.033829
  0.099356	  0.025853	 -0.023380	  0.029666	  0.108714	 -0.037008	  0.026291
  0.083518	  0.004061	 -0.023918	  0.019529	  0.084419	 -0.022532	  0.053785
  0.087509	  0.012423	 -0.048593	  0.031946	  0.052491	 -0.023292	 -0.045359
  0.073541	  0.000703	 -0.070069	  0.015095	  0.065193	  0.033818	 -0.066455
  0.069391	 -0.017795	 -0.090911	  0.023235	  0.044635	  0.082345	  0.035825
  0.058812	 -0.021533	 -0.089423	 -0.009960	  0.056577	  0.100780	 -0.002724
  0.037621	 -0.047032	 -0.069467	 -0.017721	  0.038554	  0.046742	 -0.066708
  0.032806	 -0.027520	 -0.070101	 -0.008377	  0.004946	  0.045728	  0.007570
  0.045096	 -0.017795	 -0.047389	 -0.011861	  0.006118	  0.044809	  0.112004
  0.116081	 -0.025967	 -0.012832	  0.004674	  0.025028	  0.062326	  0.023028
  0.122954	 -0.024162	  0.000915	  0.004452	  0.044033	  0.087793	 -0.035255
  0.093116	 -0.054063	 -0.070259	  0.029222	  0.055975	  0.115667	  0.071206
  0.059065	 -0.059005	 -0.072508	  0.058934	  0.036463	  0.107653	  0.075672
  0.069106	 -0.058878	 -0.091323	  0.054657	  0.036305	  0.063530	 -0.036300
  0.077310	 -0.034076	 -0.097912	  0.020765	  0.036020	  0.088331	  0.009693
  0.062328	 -0.034710	 -0.112324	  0.018199	  0.050685	  0.114463	  0.043078
  0.039141	  0.012328	 -0.122175	  0.019498	  0.022843	  0.074616	 -0.031485
  0.070215	  0.009762	 -0.098672	  0.028082	  0.018915	  0.069738	 -0.106017
  0.054187	  0.009129	 -0.077133	  0.018136	  0.009729	  0.104074	  0.002312
  0.060997	  0.066810	 -0.067662	 -0.013476	  0.012041	  0.084340	  0.014412
  0.052318	  0.047234	 -0.046566	 -0.037613	 -0.002086	  0.060964	 -0.111877
  0.017697	  0.026677	 -0.027434	 -0.027160	 -0.007281	  0.079272	 -0.118307
  0.035055	  0.007007	 -0.016253	  0.030299	  0.006783	  0.115826	 -0.017073
  0.034675	  0.003807	 -0.027687	  0.039041	  0.008810	  0.124410	 -0.063414
  0.017919	 -0.018904	 -0.061770	  0.064097	  0.002539	  0.069548	 -0.116724
  0.003918	  0.000006	 -0.074915	  0.065680	  0.005865	  0.080191	 -0.071396
 -0.009512	 -0.000500	 -0.093540	  0.076323	 -0.004873	  0.063815	  0.006620
  0.012502	  0.013183	 -0.077038	  0.073441	  0.024331	 -0.047872	 -0.036553
  0.039648	  0.005961	 -0.065603	  0.046232	  0.045332	 -0.061905	 -0.052866
  0.009303	  0.000133	 -0.078938	  0.061277	  0.067251	 -0.003622	  0.035825
  0.002778	  0.001463	 -0.091291	  0.058363	  0.079953	  0.012121	 -0.000190
 -0.000548	  0.000355	 -0.070639	  0.041797	  0.056894	 -0.024179	 -0.077446
 -0.000611	 -0.015166	 -0.072540	  0.060707	  0.049387	 -0.015342	 -0.032055
 -0.028264	 -0.037941	 -0.070512	  0.032358	  0.032092	  0.032710	  0.055083
 -0.006313	 -0.056091	 -0.105450	  0.022222	  0.015367	  0.001731	 -0.025530
 -0.008372	 -0.022895	 -0.142067	  0.047340	  0.019675	 -0.005681	 -0.052169
 -0.037988	 -0.021026	 -0.126039	  0.062038	  0.034151	  0.040122	  0.057269
 -0.027282	 -0.002148	 -0.105007	  0.065364	  0.061518	  0.004392	  0.045961
  0.009113	 -0.019094	 -0.087680	  0.062798	  0.080492	 -0.020030	 -0.053056
 -0.000041	 -0.030022	 -0.072793	  0.054087	  0.088030	 -0.016451	 -0.010263
 -0.013091	 -0.001641	 -0.053788	  0.054657	  0.089202	  0.030112	  0.103610
  0.018521	 -0.003098	 -0.046439	  0.058934	  0.045427	 -0.010084	  0.049445
  0.022385	 -0.025809	 -0.099495	  0.032580	  0.034848	 -0.015215	 -0.001837
  0.020263	 -0.011207	 -0.119577	  0.098718	  0.066618	  0.003315	  0.073297
  0.019883	  0.003174	 -0.122397	  0.089025	  0.089266	  0.017379	  0.073899
  0.060364	  0.029243	 -0.138583	  0.087600	  0.067093	  0.002681	 -0.027843
  0.077183	  0.018726	 -0.164081	  0.076577	  0.088727	  0.018836	  0.014666
  0.074111	  0.040266	 -0.176435	  0.118800	  0.093574	  0.084372	  0.123470
  0.070500	  0.037700	 -0.193001	  0.116107	  0.079636	  0.063910	  0.082007
  0.079686	  0.041913	 -0.172000	  0.090324	  0.081125	  0.040913	 -0.006398
  0.109999	  0.038207	 -0.118659	  0.101568	  0.096456	  0.074141	  0.028698
  0.109270	  0.048058	 -0.139628	  0.092541	  0.080935	  0.075249	  0.104275
  0.123271	  0.081950	 -0.135764	  0.085509	  0.048721	  0.004360	  0.014444
  0.140597	  0.064941	 -0.097088	  0.101125	  0.057590	 -0.007233	  0.002407
  0.101320	  0.064814	 -0.084355	  0.106193	  0.074980	  0.013768	  0.061767
  0.113420	  0.045967	 -0.057304	  0.102360	  0.080112	  0.040692	  0.026829
  0.122257	  0.006025	 -0.028859	  0.062956	  0.084641	  0.021275	 -0.106207
  0.131728	 -0.047665	 -0.013624	  0.064952	  0.059998	  0.032995	 -0.067658
  0.134135	 -0.028755	 -0.016443	  0.059409	  0.047771	  0.066317	  0.032277
  0.111044	 -0.004840	 -0.015651	  0.059029	  0.012136	  0.057321	 -0.061862
  0.078482	 -0.010637	 -0.041086	  0.043064	 -0.017417	  0.027008	 -0.100442
  0.053965	 -0.008261	 -0.071494	  0.038851	  0.001747	  0.074014	 -0.008236
  0.075599	 -0.000500	 -0.072065	  0.046929	  0.015526	  0.069643	 -0.014856
  0.036607	 -0.038828	 -0.089708	  0.046992	  0.010869	 -0.012269	 -0.111370
  0.050449	 -0.037466	 -0.118342	  0.073884	  0.045554	 -0.019048	 -0.055273
  0.046490	 -0.035787	 -0.109600	  0.098813	  0.086288	  0.001541	  0.017358
  0.074459	 -0.023528	 -0.136080	  0.079934	  0.022684	 -0.030103	 -0.047766
  0.067174	 -0.018650	 -0.158506	  0.061087	 -0.012507	 -0.025573	 -0.068925
  0.060965	 -0.016972	 -0.159330	  0.075595	 -0.009403	  0.033280	  0.028825
  0.037019	 -0.020709	 -0.179064	  0.070495	  0.005643	  0.034768	  0.028856
  0.007783	 -0.023497	 -0.174502	  0.065807	 -0.013426	  0.020483	 -0.041463
  0.009018	 -0.019791	 -0.136144	  0.072015	 -0.002466	  0.032044	 -0.044916
  0.037146	 -0.007532	 -0.167914	  0.034670	 -0.000344	  0.040438	  0.001330
  0.038159	 -0.024004	 -0.194616	  0.039136	  0.046061	  0.049941	  0.039974
  0.037557	 -0.035818	 -0.185525	  0.038566	  0.047423	  0.049529	 -0.003326
  0.004868	 -0.036104	 -0.172570	  0.043761	  0.058224	  0.077625	 -0.021286
 -0.000706	 -0.023243	 -0.201300	  0.060644	  0.035354	  0.093114	 -0.054862
  0.019693	 -0.003415	 -0.169815	  0.052218	  0.034626	  0.115731	 -0.067342
  0.018679	  0.014419	 -0.170701	  0.072807	  0.073872	  0.113355	 -0.051314
  0.024444	 -0.004523	 -0.132976	  0.084812	  0.062722	  0.077593	 -0.040861
  0.009240	 -0.000912	 -0.106812	  0.079713	  0.065826	  0.077023	 -0.038739
 -0.012553	  0.031175	 -0.088662	  0.092129	  0.059048	  0.066254	 -0.023186
  0.014213	  0.040076	 -0.123632	  0.077527	  0.040834	  0.056054	 -0.014539
  0.035562	  0.037700	 -0.101998	  0.132040	 -0.010258	  0.059919	  0.006493
  0.029449	  0.031840	 -0.056195	  0.136506	  0.001684	  0.060742	  0.016630
  0.078925	  0.058732	 -0.035511	  0.125515	 -0.039653	  0.067742	  0.012575
  0.091596	  0.073081	 -0.027149	  0.126909	 -0.059925	  0.067521	  0.039879
  0.056658	  0.087525	 -0.028416	  0.093365	 -0.100754	  0.091214	  0.021888
  0.039395	  0.053474	 -0.043683	  0.055576	 -0.073165	  0.075946	  0.007824
  0.043291	  0.038397	 -0.063639	  0.046010	 -0.055205	  0.062294	 -0.002787
  0.029132	  0.043813	 -0.044855	  0.024312	 -0.044182	  0.048357	 -0.008046
 -0.014707	  0.047583	 -0.059679	 -0.018069	 -0.044024	  0.018424	 -0.011815
  0.005882	  0.044954	 -0.081060	 -0.004259	 -0.039178	  0.026881	  0.004941
  0.002049	  0.041184	 -0.083436	 -0.002833	  0.014765	  0.056466	 -0.019987
  0.006484	  0.033741	 -0.090436	  0.000904	  0.034943	  0.065842	 -0.030567
  0.024349	  0.017206	 -0.109568	  0.016299	  0.048025	  0.030049	  0.031454
  0.026661	 -0.003225	 -0.113781	  0.029729	  0.053378	  0.024316	  0.053151
  0.026408	  0.039822	 -0.104373	  0.023711	  0.026517	  0.000686	  0.050205
  0.001448	  0.050433	 -0.070322	  0.075848	  0.018060	 -0.008532	  0.025182
  0.032426	  0.009446	 -0.080617	  0.044553	  0.025060	 -0.006473	  0.066898
  0.050228	  0.014482	 -0.092210	  0.032516	  0.068804	 -0.006663	  0.018403
  0.019566	  0.013183	 -0.083088	  0.021082	  0.090026	 -0.019301	  0.043585
  0.031317	  0.030035	 -0.093224	  0.004927	  0.045364	 -0.023958	  0.061989
 -0.007928	  0.036845	 -0.076341	  0.015507	  0.044097	 -0.005586	  0.026956
 -0.015689	  0.018663	 -0.057019	  0.033973	  0.050273	 -0.003685	  0.034558
 -0.004697	  0.023921	 -0.056385	  0.034544	  0.057685	 -0.038053	  0.019449
 -0.016512	  0.028514	 -0.041878	  0.030426	  0.060568	  0.015288	 -0.001109
 -0.033142	  0.020374	 -0.016379	  0.008855	  0.053029	  0.029922	 -0.014792
 -0.062347	  0.020880	 -0.040421	  0.026245	  0.034531	  0.042497	 -0.002407
 -0.070424	  0.026233	 -0.055910	  0.010344	  0.028639	  0.016935	  0.019164
 -0.033902	  0.024618	 -0.021416	  0.031123	  0.011978	  0.016618	 -0.021349
 -0.022024	  0.049990	  0.002436	  0.041702	  0.009982	  0.025393	 -0.035033
  0.016430	  0.002160	  0.003988	  0.033783	 -0.016245	  0.005405	 -0.030092
 -0.019236	 -0.048679	 -0.015366	  0.012751	  0.001779	 -0.001468	 -0.049413
 -0.052591	 -0.057959	 -0.039661	  0.018991	  0.009951	  0.017094	 -0.036870
 -0.025730	 -0.029452	 -0.042036	  0.057318	  0.034309	  0.039330	 -0.041748
 -0.000453	 -0.054824	 -0.039059	  0.054214	  0.023444	  0.060204	 -0.077478
 -0.005679	 -0.074652	 -0.079065	  0.039326	  0.018250	  0.024442	 -0.100632
 -0.030259	 -0.053145	 -0.098545	  0.020796	 -0.012729	  0.005564	 -0.123217
  0.006357	 -0.048805	 -0.098513	  0.058743	 -0.030594	 -0.009007	 -0.108963
 -0.015879	 -0.046430	 -0.140452	  0.020955	 -0.037784	  0.014560	 -0.109248
 -0.027599	 -0.055362	 -0.117614	 -0.004322	 -0.000946	  0.032519	 -0.092872
 -0.006091	 -0.060842	 -0.102980	  0.000112	 -0.004430	  0.046773	 -0.069084
  0.036639	 -0.032366	 -0.120876	  0.026815	 -0.011937	  0.044588	 -0.041178
  0.056373	 -0.053113	 -0.139153	  0.013036	 -0.035535	  0.044303	 -0.018182
  0.051083	 -0.031035	 -0.125722	 -0.000521	  0.007005	  0.030397	  0.010706
  0.095206	 -0.026601	 -0.100731	  0.023837	  0.016476	  0.064543	  0.015774
  0.101193	 -0.045226	 -0.122713	  0.003090	  0.025598	  0.101477	  0.004213
  0.049974	 -0.036452	 -0.094459	  0.045725	  0.012105	  0.096504	  0.000697
  0.048137	 -0.005093	 -0.082074	  0.068626	  0.019168	  0.075756	  0.011910
  0.037716	  0.030161	 -0.097500	  0.039231	 -0.014344	  0.032900	  0.039182
 -0.010114	  0.027564	 -0.114541	  0.038408	  0.003362	 -0.012396	 -0.014571
  0.004520	 -0.014343	 -0.100731	  0.001063	  0.010806	 -0.013188	 -0.051948
 -0.019680	 -0.008989	 -0.093699	 -0.000109	  0.003172	 -0.008025	 -0.058473
 -0.046952	  0.009699	 -0.117645	 -0.003277	  0.018408	  0.002491	 -0.062337
 -0.053667	  0.011061	 -0.091070	  0.000017	  0.012231	 -0.028867	 -0.041970
 -0.015720	  0.054520	 -0.048435	 -0.037454	  0.014069	 -0.042393	 -0.034114
 -0.015942	  0.080873	 -0.039439	 -0.024024	  0.026295	 -0.056393	 -0.045074
 -0.005869	  0.074190	 -0.051349	 -0.016137	  0.023413	 -0.066276	 -0.025214
  0.012376	  0.050243	 -0.038045	  0.008570	 -0.004113	 -0.071502	 -0.008141
  0.040725	  0.047488	 -0.007890	  0.001094	 -0.023467	 -0.069095	  0.022458
  0.041105	  0.078276	 -0.013402	  0.023869	 -0.029897	 -0.047872	  0.015141
  0.012502	  0.053759	 -0.044190	  0.036887	  0.006340	 -0.060574	  0.022236
  0.004615	  0.042546	 -0.023950	  0.033910	  0.011693	 -0.045877	  0.025023
 -0.018540	  0.038777	 -0.026262	  0.047119	 -0.003796	 -0.031211	 -0.017580
 -0.006376	  0.042990	 -0.042131	  0.044838	 -0.002371	  0.007053	 -0.014761
  0.018806	  0.022242	 -0.065824	  0.024344	 -0.018905	  0.019913	 -0.026291
 -0.001308	  0.005708	 -0.057842	 -0.012368	 -0.022453	  0.058303	 -0.056857
 -0.008403	  0.009952	 -0.053471	 -0.017974	 -0.028946	  0.072874	 -0.067880
 -0.008942	 -0.019221	 -0.045236	 -0.026400	 -0.018430	  0.072209	 -0.054070
  0.008796	 -0.050896	 -0.067598	 -0.035871	 -0.007407	  0.055041	 -0.023725
 -0.014358	 -0.065150	 -0.062309	 -0.018038	  0.028227	  0.043416	 -0.012322
 -0.003050	 -0.103319	 -0.051095	 -0.036061	  0.066998	  0.038950	  0.012860
  0.030779	 -0.074209	 -0.046661	 -0.018513	  0.063387	  0.028718	  0.013304
  0.035245	 -0.031764	 -0.031932	  0.009457	  0.076501	  0.016207	 -0.022268
  0.045064	 -0.056186	 -0.046978	  0.031123	  0.075962	  0.064005	 -0.020304
  0.014023	 -0.081273	 -0.040769	  0.035240	  0.052364	  0.056688	  0.001489
  0.006231	 -0.054950	 -0.062879	 -0.004924	  0.033232	  0.041389	  0.040513
 -0.027472	 -0.063661	 -0.073332	 -0.002897	 -0.003131	  0.040280	  0.014191
 -0.049011	 -0.058593	 -0.092590	  0.016108	  0.007639	  0.019913	  0.006462
 -0.038907	 -0.044751	 -0.081757	 -0.007680	 -0.004683	  0.044366	 -0.018815
 -0.043151	 -0.025999	 -0.099432	  0.000081	  0.015019	  0.028307	 -0.045486
  0.011489	 -0.019696	 -0.095758	 -0.018798	  0.011661	  0.036257	 -0.058314
  0.017919	 -0.013867	 -0.124962	 -0.014902	  0.018408	  0.062643	 -0.045137
 -0.013788	 -0.009306	 -0.129777	 -0.030328	  0.044192	  0.088458	 -0.038074
  0.005122	  0.006722	 -0.101016	 -0.045057	  0.029653	  0.058715	 -0.032436
