:RUN-1	LEVEL SWEEP	TEMP:NaN	8/27/2019	1:14 PM	HR:-636.36:SW EAR: R	SW FREQ: 5.66	# AVERAGES: 512	REP RATE (/sec): 80	DRIVER: 	SAMPLE (µsec): 40	MASKER dB: 2147483647:NOTES-:CHAMBER-SEWELL-PXI1:CFTS Version: V2.7.2 (R850):LEVELS:20;30;40;50;60;70;80;:DATA -0.007697	  0.009069	 -0.038721	  0.043465	  0.010760	  0.053197	  0.024754
  0.014159	 -0.001828	 -0.032165	  0.038080	  0.013453	  0.059374	  0.053389
  0.050300	 -0.006832	  0.001221	  0.025537	  0.020579	  0.080818	  0.048542
  0.026512	 -0.017285	  0.038820	  0.014545	  0.026249	  0.038531	  0.022949
  0.008394	 -0.012185	  0.050603	  0.018346	  0.027611	  0.000078	  0.017342
 -0.011847	 -0.002936	  0.006574	  0.034564	  0.007751	  0.023707	  0.031279
 -0.024105	 -0.005597	 -0.016137	  0.013310	  0.002715	  0.013856	 -0.004102
 -0.047038	 -0.034485	 -0.014363	  0.018030	  0.013706	  0.017879	 -0.024564
 -0.021032	 -0.030747	  0.009678	  0.006690	  0.026946	  0.022662	 -0.006889
 -0.015774	 -0.028023	  0.027100	  0.006753	 -0.005711	  0.013128	 -0.056303
  0.013209	 -0.025806	  0.029761	 -0.030624	 -0.009575	  0.011449	 -0.022220
  0.017611	 -0.039806	  0.029317	 -0.013392	  0.019851	  0.005367	  0.001061
  0.035001	 -0.006832	  0.005497	 -0.010795	  0.015638	 -0.022729	  0.003215
  0.029205	 -0.011710	 -0.020983	  0.004156	 -0.007168	 -0.041702	 -0.036791
 -0.000824	 -0.008226	 -0.037930	 -0.006614	 -0.037228	 -0.066884	 -0.017754
 -0.030440	 -0.022385	 -0.029789	 -0.020551	 -0.026078	 -0.043729	 -0.009170
 -0.018657	  0.008403	  0.002963	 -0.018144	 -0.016924	 -0.025104	  0.002328
 -0.005068	  0.067890	  0.001063	 -0.047412	 -0.013757	 -0.040150	  0.005717
  0.009059	  0.088700	 -0.020191	 -0.042914	 -0.008308	 -0.053675	 -0.014808
 -0.020969	  0.080623	  0.007683	 -0.033031	 -0.060509	 -0.046073	 -0.017976
 -0.031802	  0.079103	  0.017407	 -0.026126	 -0.054238	  0.002295	  0.017881
  0.004498	  0.113597	  0.028747	 -0.061254	 -0.043056	 -0.003533	  0.028745
 -0.006113	  0.076315	  0.010154	 -0.021945	 -0.042201	 -0.007524	  0.062828
 -0.036332	  0.063328	  0.021683	  0.009002	 -0.015340	  0.004132	  0.046800
 -0.057966	  0.055821	 -0.007870	  0.049673	  0.001574	  0.023137	  0.076037
 -0.033861	  0.042866	 -0.052405	  0.070072	  0.013959	  0.058202	  0.062068
 -0.026987	  0.025635	 -0.065012	  0.032315	  0.037272	  0.075243	  0.095200
 -0.024612	  0.039604	 -0.047812	  0.023794	  0.054947	  0.067926	  0.124975
 -0.000127	  0.052844	 -0.020857	  0.017238	  0.035499	  0.068908	  0.131595
 -0.003769	  0.046731	 -0.046355	  0.027501	  0.071387	  0.046957	  0.132419
 -0.000887	  0.029721	 -0.066247	  0.007323	  0.092672	  0.025323	  0.098304
  0.010326	  0.047174	 -0.055636	 -0.011143	  0.114528	  0.050695	  0.108409
 -0.002534	  0.092153	 -0.053419	 -0.019696	  0.128972	  0.081198	  0.084526
 -0.027526	  0.091963	 -0.036378	 -0.045669	  0.098089	  0.056903	  0.085222
 -0.034875	  0.074066	 -0.014712	 -0.026031	  0.103030	  0.032291	  0.116739
  0.002629	  0.020598	 -0.009897	 -0.020868	  0.109650	  0.054401	  0.135935
 -0.001140	  0.012078	 -0.016644	 -0.000215	  0.111741	  0.094818	  0.161623
  0.018974	  0.020187	 -0.049554	 -0.054063	  0.112438	  0.088483	  0.174483
  0.053531	 -0.007054	 -0.055446	 -0.055869	  0.090424	  0.129091	  0.160451
  0.061355	 -0.001574	 -0.039545	 -0.089160	  0.092229	  0.190731	  0.144139
  0.060278	  0.007358	  0.000588	 -0.054032	  0.083138	  0.220981	  0.116644
  0.047766	  0.044292	  0.014905	 -0.008799	  0.059382	  0.194691	  0.141478
  0.048051	  0.064215	  0.035906	  0.020120	  0.052286	  0.159088	  0.132514
  0.015996	  0.082017	  0.039707	  0.016668	  0.047028	  0.128616	  0.101060
  0.043554	  0.093515	  0.064255	 -0.002939	  0.035213	  0.125195	  0.086331
  0.037377	  0.082524	  0.066536	 -0.037972	 -0.005299	  0.091144	  0.030044
  0.007317	  0.086610	  0.051395	 -0.023909	  0.007117	  0.022947	  0.034447
 -0.015933	  0.053984	  0.075405	  0.006975	 -0.028897	 -0.036697	 -0.020383
 -0.046309	  0.048980	  0.072300	  0.009509	 -0.022784	 -0.067803	 -0.015695
 -0.058599	  0.042423	  0.071319	  0.013183	 -0.054459	 -0.087631	 -0.006731
 -0.063034	  0.041377	  0.044965	  0.023066	 -0.038938	 -0.121746	 -0.013256
 -0.039404	  0.064184	  0.012846	  0.027659	 -0.046604	 -0.147149	 -0.017247
 -0.034843	  0.071026	 -0.028585	  0.015401	 -0.058609	 -0.173503	 -0.016107
 -0.060975	  0.083791	 -0.030834	  0.005328	 -0.091963	 -0.157602	  0.022030
 -0.056540	  0.103936	 -0.038056	 -0.010098	 -0.068270	 -0.154593	  0.050506
 -0.047830	  0.089239	 -0.074800	 -0.019886	 -0.049581	 -0.130330	  0.081770
 -0.050490	  0.101307	 -0.034224	 -0.086467	 -0.007136	 -0.092098	  0.108789
 -0.049509	  0.100357	 -0.043916	 -0.090775	 -0.005014	 -0.030362	  0.076765
 -0.053215	  0.093325	 -0.037074	 -0.096857	 -0.001340	 -0.021462	  0.073883
 -0.035476	  0.105932	 -0.023676	 -0.101576	  0.000719	 -0.030616	  0.063620
 -0.035793	  0.090411	 -0.048509	 -0.119695	  0.042467	 -0.032263	  0.057380
 -0.006620	  0.079546	 -0.060672	 -0.106391	  0.075790	 -0.051553	  0.054276
  0.009186	  0.085850	 -0.031911	 -0.069236	  0.093939	 -0.032738	  0.071887
  0.006430	  0.088542	 -0.034604	 -0.009623	  0.120293	 -0.020353	  0.078634
 -0.008616	  0.110271	 -0.020540	  0.030763	  0.174173	 -0.014303	  0.064412
 -0.002249	  0.101592	 -0.029346	  0.051352	  0.209111	 -0.011927	  0.051900
 -0.037218	  0.092977	 -0.045215	  0.101684	  0.187762	  0.002643	  0.075625
 -0.031105	  0.073306	 -0.021205	  0.152016	  0.204961	  0.027128	  0.074041
 -0.037662	  0.098266	  0.022792	  0.159872	  0.174490	  0.015123	  0.066597
 -0.028128	  0.070139	  0.075373	  0.182963	  0.173698	  0.019780	  0.036632
  0.012512	  0.041124	  0.081043	  0.150749	  0.140407	  0.010911	  0.043918
  0.017611	  0.020345	  0.100396	  0.101146	  0.085387	 -0.014746	 -0.004387
  0.032087	  0.030196	  0.079934	  0.112739	  0.080446	  0.001693	 -0.020510
  0.030282	  0.023323	  0.066631	  0.067823	  0.041644	  0.025703	  0.002867
  0.034114	  0.047459	  0.061943	  0.036148	  0.033186	  0.006254	  0.015378
  0.061355	  0.012870	  0.066409	  0.013532	  0.020960	 -0.036412	 -0.010310
  0.042287	  0.021105	  0.062354	 -0.013456	  0.027358	 -0.022349	  0.005876
  0.062749	  0.012711	 -0.009200	 -0.038669	  0.053680	 -0.030077	 -0.006097
  0.058219	  0.010082	 -0.061813	 -0.013804	  0.057988	 -0.029380	  0.018419
  0.051757	  0.003684	 -0.110656	  0.004378	  0.061441	 -0.057920	  0.043601
  0.026956	 -0.014973	 -0.120317	 -0.031352	  0.053585	 -0.069703	  0.075625
 -0.010706	 -0.049436	 -0.108122	 -0.055647	  0.042245	 -0.058015	  0.125513
 -0.049635	 -0.055707	 -0.097828	 -0.029008	  0.054979	 -0.063083	  0.117278
 -0.079473	 -0.062518	 -0.095674	 -0.017795	  0.043386	 -0.042177	  0.099096
 -0.060278	 -0.032711	 -0.060007	 -0.050009	  0.048074	 -0.018484	  0.116771
 -0.067057	 -0.040725	 -0.060229	 -0.082476	  0.053110	  0.000743	  0.075942
 -0.072378	 -0.039585	 -0.058582	 -0.056471	  0.027421	 -0.043698	  0.057570
 -0.091288	 -0.027833	 -0.076859	 -0.024479	  0.033155	 -0.092003	  0.034289
 -0.083306	 -0.024444	 -0.063238	 -0.011428	  0.060870	 -0.094537	 -0.005306
 -0.091003	 -0.023272	 -0.031595	 -0.064643	  0.014815	 -0.094568	  0.005654
 -0.060341	 -0.010412	 -0.035459	 -0.067937	 -0.018888	 -0.081740	 -0.017152
 -0.057111	 -0.008891	 -0.043504	 -0.075856	 -0.031241	 -0.081296	 -0.031596
 -0.029901	  0.025001	 -0.007014	 -0.058815	 -0.014485	 -0.055481	 -0.056651
 -0.024168	 -0.000054	  0.003850	 -0.081969	 -0.036880	 -0.045662	 -0.087376
 -0.012670	 -0.019407	 -0.006381	 -0.060620	 -0.030703	 -0.021113	 -0.076575
 -0.009281	 -0.023969	 -0.001978	 -0.081146	  0.001606	 -0.018738	 -0.093838
 -0.066930	 -0.000592	  0.014461	 -0.113645	 -0.016702	 -0.036887	 -0.123581
 -0.086379	  0.031178	  0.015918	 -0.095020	 -0.018983	 -0.077527	 -0.134256
 -0.064554	  0.058609	 -0.009485	 -0.076553	 -0.018761	 -0.071097	 -0.172044
 -0.036743	  0.054048	 -0.021807	 -0.084028	 -0.010272	 -0.060169	 -0.185253
 -0.008046	  0.031241	 -0.023232	 -0.100626	 -0.019933	 -0.047720	 -0.156745
 -0.000063	 -0.002841	 -0.012431	 -0.090395	 -0.025476	 -0.039960	 -0.145596
  0.023661	 -0.012977	  0.017059	 -0.079720	 -0.006725	 -0.046168	 -0.129093
  0.047228	 -0.008131	 -0.007268	 -0.007374	 -0.019838	 -0.108220	 -0.108092
  0.044726	 -0.065083	 -0.062066	 -0.028153	 -0.039920	 -0.119497	 -0.096404
  0.050554	 -0.060237	 -0.105810	 -0.042660	 -0.030101	 -0.083672	 -0.082847
  0.062432	 -0.020738	 -0.094977	 -0.018840	  0.006389	 -0.103754	 -0.077810
  0.072758	 -0.017349	 -0.111131	 -0.017288	 -0.028201	 -0.094061	 -0.043443
  0.064871	 -0.038223	 -0.068750	 -0.006297	 -0.030323	 -0.067327	 -0.046198
  0.057079	 -0.039490	 -0.040369	  0.019582	  0.011774	 -0.062164	  0.019433
  0.043173	 -0.061631	 -0.040907	  0.024840	  0.031159	 -0.023204	  0.044298
  0.020272	 -0.037367	 -0.048541	  0.013215	  0.047092	 -0.001158	  0.036728
  0.010865	 -0.011267	 -0.055509	  0.015210	  0.052065	  0.000109	  0.066756
  0.008109	  0.001435	 -0.069890	  0.035103	  0.033123	  0.033843	  0.092223
 -0.005543	  0.020947	 -0.077080	  0.049895	  0.027738	  0.035871	  0.118862
 -0.022521	  0.046129	 -0.049523	  0.059746	 -0.007960	  0.025069	  0.117214
 -0.019322	  0.019173	 -0.065455	  0.037890	 -0.023544	  0.040749	  0.127762
 -0.026766	  0.028961	 -0.074958	  0.019202	  0.014529	  0.026938	  0.083512
 -0.028603	 -0.004552	 -0.122249	  0.035071	  0.019566	  0.030359	  0.100807
 -0.068957	  0.027567	 -0.128648	  0.072289	  0.026028	  0.026843	  0.107744
 -0.077034	  0.040776	 -0.116041	  0.085498	  0.019344	  0.064410	  0.106065
 -0.067025	  0.049613	 -0.114172	  0.060950	  0.013453	  0.046229	  0.099951
 -0.083179	  0.055283	 -0.089022	  0.051542	  0.023557	  0.033748	  0.101440
 -0.094931	  0.015815	 -0.071220	  0.051764	 -0.001372	  0.029187	  0.088960
 -0.097243	  0.037291	 -0.057125	  0.038112	  0.013959	  0.006159	  0.104259
 -0.088944	  0.049391	 -0.062130	  0.034437	 -0.004729	 -0.015380	  0.107680
 -0.084193	  0.028391	 -0.065424	  0.016668	  0.000846	 -0.028905	  0.057000
 -0.087867	  0.045749	 -0.083605	 -0.010542	 -0.012901	 -0.042462	 -0.009645
 -0.103008	  0.017209	 -0.070017	 -0.054950	 -0.012236	 -0.078604	 -0.012813
 -0.070763	  0.041663	 -0.048541	 -0.079467	 -0.014548	 -0.091337	 -0.033148
 -0.043300	  0.062347	 -0.049396	 -0.075413	 -0.016291	 -0.101917	  0.010184
 -0.024833	  0.093452	 -0.062763	 -0.109083	  0.016493	 -0.044236	  0.008853
 -0.013082	  0.113787	 -0.073564	 -0.105061	  0.014181	 -0.035557	  0.004450
 -0.016788	  0.084329	 -0.081356	 -0.075824	  0.028815	 -0.071984	  0.017311
  0.023471	  0.057500	 -0.078221	 -0.050072	  0.005882	 -0.082880	  0.023741
  0.023598	  0.084836	 -0.108471	 -0.032429	 -0.005363	 -0.094156	  0.022252
  0.001330	  0.071786	 -0.122566	 -0.018809	  0.014339	 -0.066979	  0.016677
 -0.021096	  0.086800	 -0.132924	 -0.002369	  0.016367	 -0.049906	 -0.012971
 -0.061513	  0.067098	 -0.131784	 -0.003478	  0.038539	 -0.031914	  0.003563
 -0.063129	  0.048378	 -0.121394	  0.004187	  0.077532	 -0.013669	  0.021492
 -0.049920	  0.016227	 -0.105208	 -0.005188	  0.038603	  0.004164	  0.008030
 -0.067183	 -0.001923	 -0.103307	  0.025252	  0.015131	  0.025038	 -0.002011
 -0.064618	 -0.009588	 -0.110656	  0.036401	  0.038888	  0.045310	  0.008663
 -0.053848	 -0.019154	 -0.086488	  0.054836	  0.084374	  0.049871	  0.002835
 -0.049318	 -0.031539	 -0.088325	  0.054583	  0.083455	  0.060166	  0.027542
 -0.071143	 -0.031381	 -0.107710	  0.060475	  0.099419	  0.098746	  0.043949
 -0.090940	 -0.009271	 -0.114204	  0.065986	  0.070531	  0.109611	  0.021365
 -0.085682	  0.015214	 -0.088452	  0.059968	  0.048517	  0.100140	  0.028872
 -0.073012	  0.004317	 -0.097859	  0.075742	  0.050449	  0.085126	  0.012433
 -0.071618	 -0.004362	 -0.062510	  0.077769	  0.018299	  0.016390	 -0.028524
 -0.101836	 -0.030335	 -0.030106	  0.057719	 -0.001498	  0.008662	 -0.035461
 -0.094709	 -0.028657	 -0.022155	  0.032379	 -0.026965	  0.011956	 -0.099508
 -0.086600	 -0.010538	 -0.021553	  0.022939	 -0.031463	 -0.041956	 -0.147940
 -0.055907	 -0.028467	 -0.038088	  0.006975	 -0.055663	 -0.099066	 -0.191620
 -0.026100	 -0.028055	 -0.088103	  0.030858	 -0.063360	 -0.110311	 -0.225924
 -0.039214	 -0.020833	 -0.089814	  0.010998	 -0.100325	 -0.148828	 -0.249269
 -0.013367	 -0.025426	 -0.124688	 -0.013519	 -0.097760	 -0.172965	 -0.255857
 -0.019892	 -0.027358	 -0.096022	 -0.009845	 -0.121358	 -0.173503	 -0.250694
 -0.040164	 -0.034833	 -0.105588	  0.002477	 -0.158449	 -0.153104	 -0.265138
 -0.037504	 -0.028498	 -0.082148	 -0.009781	 -0.183410	 -0.146262	 -0.246418
 -0.059930	 -0.029037	 -0.109357	 -0.017003	 -0.206976	 -0.138819	 -0.241508
 -0.083274	 -0.007149	 -0.102801	 -0.038543	 -0.157119	 -0.115126	 -0.238373
 -0.081406	  0.019648	 -0.093298	 -0.060842	 -0.095574	 -0.091147	 -0.179837
 -0.077193	  0.014327	 -0.114679	 -0.081463	 -0.091583	 -0.100080	 -0.140623
 -0.087614	  0.021485	 -0.145942	 -0.079847	 -0.120186	 -0.122379	 -0.120794
 -0.104592	  0.017399	 -0.125417	 -0.063883	 -0.121389	 -0.117881	 -0.076987
 -0.104940	  0.010114	 -0.118765	 -0.052290	 -0.092882	 -0.124026	 -0.061751
 -0.099270	  0.000865	 -0.136978	 -0.023718	 -0.046477	 -0.095328	 -0.001885
 -0.093822	 -0.015511	 -0.099475	 -0.016021	 -0.064912	 -0.088011	  0.028365
 -0.101995	 -0.041802	 -0.118860	 -0.026031	 -0.045749	 -0.044014	  0.074801
 -0.124009	 -0.049372	 -0.124910	 -0.046366	 -0.040807	 -0.019941	  0.067643
 -0.124136	 -0.045698	 -0.114932	 -0.021406	 -0.024906	 -0.003818	  0.048606
 -0.152802	 -0.000941	 -0.079044	 -0.003541	  0.002303	  0.011512	  0.035302
 -0.161354	 -0.001574	 -0.054971	  0.026233	  0.022512	  0.034350	  0.051203
 -0.141082	 -0.023335	 -0.009897	  0.024048	  0.019281	  0.027160	  0.030836
 -0.100347	 -0.007022	  0.018579	  0.038112	  0.035499	  0.017467	  0.058077
 -0.109312	  0.037260	  0.024914	  0.054931	  0.052540	  0.009960	  0.046895
 -0.125719	  0.055726	 -0.033178	  0.050909	  0.024761	  0.007616	  0.028999
 -0.137629	  0.073750	 -0.074008	  0.023098	  0.037146	 -0.005656	  0.009423
 -0.116312	  0.068713	 -0.096276	  0.020057	  0.017982	 -0.007081	 -0.002296
 -0.109058	  0.086768	 -0.111448	  0.006246	  0.022100	 -0.005814	 -0.002201
 -0.049223	  0.071881	 -0.129059	  0.000006	  0.022670	  0.006824	  0.024152
 -0.057269	  0.065514	 -0.099791	 -0.008926	  0.025616	 -0.018928	  0.025546
 -0.029300	  0.039889	 -0.097289	 -0.054887	  0.006009	 -0.048354	  0.034384
 -0.005163	  0.015087	 -0.072171	 -0.082888	 -0.001372	 -0.046295	 -0.011577
 -0.031612	  0.030418	 -0.052627	 -0.135976	  0.003411	 -0.050761	 -0.008473
 -0.026195	  0.044545	 -0.029314	 -0.169140	 -0.016006	 -0.073124	 -0.017406
 -0.006050	  0.061555	 -0.033939	 -0.157262	 -0.040554	 -0.068024	 -0.032261
 -0.008331	  0.038558	 -0.076320	 -0.172054	 -0.051197	 -0.083672	 -0.044045
 -0.016249	  0.057437	 -0.053451	 -0.138066	 -0.029531	 -0.089088	 -0.062638
 -0.028603	  0.057690	 -0.029757	 -0.091219	 -0.025381	 -0.070083	 -0.077779
 -0.036110	  0.068206	 -0.008535	 -0.098757	 -0.020662	 -0.079364	 -0.070747
 -0.043427	  0.078121	 -0.014870	 -0.157388	 -0.020472	 -0.075721	 -0.059629
 -0.041431	  0.047871	 -0.010911	 -0.122799	 -0.030133	 -0.079903	 -0.036379
 -0.047355	  0.012236	  0.008982	 -0.092264	 -0.015119	 -0.111324	 -0.053832
 -0.058916	  0.019363	 -0.015694	 -0.073702	  0.044843	 -0.134321	 -0.087661
 -0.055210	  0.000136	 -0.040305	 -0.038543	  0.066192	 -0.134352	 -0.088485
 -0.050554	 -0.002271	 -0.051202	 -0.028090	  0.066445	 -0.109139	 -0.107997
 -0.065631	  0.012521	 -0.055383	 -0.014659	  0.055486	 -0.103311	 -0.125450
 -0.087202	  0.007136	 -0.037391	  0.029179	  0.057196	 -0.105876	 -0.162637
 -0.065283	 -0.012946	 -0.032038	  0.033550	  0.080351	 -0.082437	 -0.187185
 -0.065061	 -0.014054	 -0.060007	  0.052271	  0.073636	 -0.089342	 -0.154655
 -0.050997	 -0.018267	 -0.064632	  0.015876	  0.065432	 -0.103501	 -0.146324
 -0.056160	 -0.024064	 -0.066532	  0.006690	  0.032774	 -0.068309	 -0.203023
 -0.061007	 -0.034992	 -0.033653	 -0.000342	  0.006547	 -0.108410	 -0.195928
 -0.044726	 -0.027358	 -0.029757	 -0.002939	 -0.028296	 -0.108125	 -0.157062
 -0.054640	 -0.025394	 -0.022060	  0.030668	 -0.027314	 -0.120384	 -0.141003
 -0.090686	 -0.021181	 -0.017689	  0.041501	 -0.040744	 -0.141701	 -0.130613
 -0.094329	 -0.003190	 -0.014775	  0.014070	 -0.074890	 -0.131312	 -0.083417
 -0.090306	  0.023608	 -0.013160	  0.007387	 -0.068143	 -0.117596	 -0.064412
 -0.069021	  0.036975	 -0.012843	  0.010174	 -0.071469	 -0.125642	 -0.038438
 -0.051916	  0.045970	 -0.030328	  0.000228	 -0.081605	 -0.136728	 -0.008156
 -0.075862	  0.040332	 -0.077967	  0.010111	 -0.047174	 -0.107555	 -0.000871
 -0.060769	  0.021856	  0.043837	  0.081770	 -0.004238	 -0.025066	  0.046027
 -0.076480	  0.038200	  0.040891	  0.076765	 -0.036579	 -0.059117	  0.026072
 -0.066186	  0.069876	  0.021569	  0.033750	 -0.029262	 -0.082209	  0.027244
 -0.062923	  0.079885	  0.019574	  0.019401	 -0.006487	 -0.047714	  0.009696
 -0.067928	  0.048051	  0.001202	 -0.013985	 -0.034456	 -0.017433	  0.011438
 -0.033497	  0.041906	 -0.004626	 -0.035904	 -0.050516	 -0.003749	  0.012135
 -0.042651	  0.019100	 -0.006115	 -0.027067	 -0.011080	  0.010220	 -0.008549
 -0.046579	 -0.001996	 -0.009029	 -0.025641	  0.007260	 -0.019713	 -0.030975
 -0.057760	 -0.006620	 -0.036998	 -0.042366	 -0.014469	 -0.032858	 -0.021409
 -0.044456	 -0.013335	 -0.033704	 -0.025388	 -0.009813	 -0.028139	 -0.004305
 -0.007681	 -0.041020	 -0.021477	 -0.006826	  0.007545	 -0.014297	 -0.022043
  0.009518	 -0.027209	 -0.023821	  0.002296	 -0.006297	  0.022700	 -0.022011
 -0.008251	 -0.028761	 -0.018183	  0.001156	  0.007292	  0.008478	 -0.001232
  0.018071	 -0.035540	 -0.026672	  0.004577	  0.016604	 -0.007962	  0.011533
  0.045945	 -0.047196	 -0.008459	 -0.016899	  0.007893	  0.006261	 -0.034681
  0.077019	 -0.019924	 -0.008491	 -0.042619	  0.006690	  0.027832	 -0.084760
  0.095834	 -0.052043	 -0.006147	  0.002170	  0.043972	  0.045190	 -0.020237
  0.099286	 -0.040449	  0.019384	  0.020922	  0.046379	  0.077213	  0.100351
  0.114364	 -0.005828	  0.023470	  0.001410	  0.019962	  0.087064	  0.063797
  0.115124	  0.001045	  0.033796	 -0.007523	  0.039600	  0.053298	 -0.058089
  0.117214	  0.004846	 -0.033324	 -0.009740	  0.039727	  0.046995	 -0.001771
  0.091621	 -0.012543	 -0.025849	  0.004862	  0.046854	  0.098626	  0.170955
  0.092666	 -0.019544	 -0.046849	 -0.013161	  0.034152	  0.132708	  0.169308
  0.058330	 -0.011055	 -0.057556	  0.002898	  0.028831	  0.098119	 -0.009721
  0.038153	 -0.002977	 -0.050112	  0.019496	 -0.017732	  0.041674	 -0.129042
  0.053705	  0.026829	 -0.051126	  0.059851	 -0.019347	  0.055389	 -0.030754
  0.099856	  0.071935	 -0.007097	  0.037868	  0.002065	  0.075598	  0.108808
  0.108567	  0.058093	  0.011877	  0.003500	  0.002699	  0.084499	  0.090626
  0.095422	  0.057396	  0.022425	  0.004419	 -0.000089	 -0.001436	 -0.033953
  0.088928	  0.090813	  0.027841	  0.007713	 -0.038257	 -0.027189	 -0.024704
  0.098336	  0.108330	  0.063697	 -0.018989	 -0.026918	 -0.023673	  0.053820
  0.122473	  0.131294	  0.095404	  0.008536	 -0.005125	 -0.005586	  0.054231
  0.105115	  0.109818	  0.083495	 -0.008188	 -0.015198	 -0.039954	 -0.011400
  0.068149	  0.091447	  0.059105	  0.009107	 -0.044751	 -0.036438	 -0.015074
  0.028872	  0.082863	  0.068290	  0.016709	 -0.034932	  0.006672	  0.084164
  0.019940	  0.078935	  0.053213	  0.043284	 -0.021660	 -0.001120	  0.135478
  0.018641	  0.058251	  0.074150	  0.042207	 -0.068539	 -0.054271	  0.029271
 -0.005147	  0.084351	  0.079567	  0.051076	 -0.065815	 -0.083856	 -0.071963
  0.024469	  0.049699	  0.088879	  0.079996	 -0.044688	 -0.047302	  0.019167
  0.016582	  0.055685	  0.054860	  0.093521	 -0.015578	 -0.005871	  0.155402
  0.011704	  0.076908	  0.026004	  0.079362	 -0.030180	  0.003156	  0.119419
 -0.009107	  0.059993	  0.028665	  0.061878	 -0.040506	 -0.021677	 -0.031609
  0.025324	  0.074975	  0.051883	  0.073249	 -0.022958	 -0.007296	 -0.069714
  0.052185	  0.042603	  0.005953	  0.049461	  0.003712	  0.019564	  0.079445
  0.061181	  0.000380	 -0.034876	  0.055448	  0.001083	  0.059158	  0.104437
  0.064507	  0.011815	 -0.041591	  0.067548	 -0.005790	  0.029035	  0.006465
  0.079679	  0.030852	 -0.031772	 -0.005052	 -0.069648	 -0.019840	 -0.069714
  0.100395	  0.041748	 -0.039184	 -0.003057	 -0.073797	  0.040818	  0.034276
  0.093965	  0.061894	 -0.051157	  0.009930	 -0.042280	  0.075978	  0.168516
  0.076353	  0.076179	 -0.060375	 -0.039103	 -0.045574	  0.055579	  0.081440
  0.084462	  0.064618	 -0.043967	 -0.025039	 -0.042280	  0.024252	 -0.026953
  0.113540	  0.053151	 -0.022681	 -0.042302	  0.005169	  0.011899	  0.022081
  0.120065	  0.072346	  0.034715	 -0.001536	 -0.002021	  0.025012	  0.123885
  0.131880	  0.058694	  0.037787	  0.015822	  0.009097	  0.048896	  0.143841
  0.136315	  0.031200	  0.051407	  0.025039	  0.004789	  0.029795	  0.031805
  0.132989	  0.005100	  0.057552	  0.036474	  0.017586	  0.026818	 -0.048555
  0.138184	  0.006969	  0.087422	  0.016772	  0.016953	  0.046298	  0.064051
  0.131183	  0.058283	  0.065250	  0.048257	  0.018061	  0.102965	  0.163606
  0.143252	  0.079822	  0.076969	  0.038121	 -0.040095	  0.070625	  0.053091
  0.109359	  0.060246	  0.067118	  0.047592	 -0.070218	  0.026248	 -0.079629
  0.118165	  0.052011	  0.062621	  0.015473	 -0.038606	  0.063118	 -0.033098
  0.092603	  0.023471	  0.068512	  0.002677	 -0.019094	  0.088933	  0.091513
  0.058869	  0.031675	  0.103545	  0.042746	 -0.049344	  0.119151	  0.103043
  0.083544	  0.008901	  0.087802	  0.063715	 -0.039271	  0.093653	 -0.028695
  0.076417	 -0.032404	  0.071965	  0.066724	 -0.049122	  0.098562	 -0.119001
  0.070683	 -0.045834	  0.062652	  0.084716	 -0.021786	  0.113355	 -0.030405
  0.051425	 -0.029236	  0.061734	  0.121301	  0.002414	  0.126468	  0.064272
  0.067738	 -0.032309	  0.064648	  0.098589	 -0.009971	  0.077150	 -0.051533
  0.121934	 -0.024897	  0.081974	  0.072616	  0.002952	  0.036511	 -0.114535
  0.135016	 -0.050110	  0.070191	  0.045850	  0.045429	  0.062009	 -0.015644
  0.122314	 -0.033196	  0.064078	  0.066091	  0.062438	  0.046172	  0.062974
  0.089277	 -0.016725	  0.083558	  0.032261	  0.056072	 -0.033207	 -0.001105
  0.105146	 -0.042983	  0.075892	  0.034605	  0.062533	 -0.070552	 -0.120490
  0.111703	 -0.033512	  0.082671	  0.056905	  0.087905	 -0.064027	 -0.091982
  0.122314	 -0.017802	  0.127903	  0.090417	  0.114861	 -0.047176	  0.020054
  0.082530	 -0.036110	  0.151565	  0.093015	  0.074063	 -0.055506	  0.018692
  0.076892	 -0.025023	  0.115962	  0.065140	  0.036686	 -0.075208	 -0.046274
  0.082340	 -0.005416	  0.126700	  0.051963	  0.029369	 -0.058991	 -0.082511
  0.092128	  0.008299	  0.150868	  0.024628	  0.044574	 -0.008880	  0.007890
  0.155225	  0.018308	  0.148904	  0.033307	  0.053474	  0.007433	  0.087807
  0.183701	  0.046214	  0.115677	  0.044963	  0.039981	 -0.016957	  0.043937
  0.153768	  0.029363	  0.118813	  0.033972	  0.012803	 -0.027062	 -0.038007
  0.154750	  0.070668	  0.111432	  0.019179	 -0.029832	  0.008288	  0.006528
  0.094187	  0.094963	  0.090717	  0.010120	 -0.060177	  0.050226	  0.142289
  0.114459	  0.106271	  0.090653	  0.018831	 -0.109020	  0.085449	  0.124297
  0.124848	  0.096673	  0.119826	  0.031469	 -0.108672	  0.032393	  0.022461
  0.134414	  0.091288	  0.112921	  0.083322	 -0.101418	  0.015953	  0.007067
  0.123993	  0.057364	  0.109342	  0.077304	 -0.065910	  0.046076	  0.138108
  0.090290	  0.024643	  0.107251	  0.042651	 -0.039271	  0.046837	  0.178525
  0.082340	  0.005163	  0.106776	  0.014080	 -0.043832	  0.060425	  0.076594
  0.094377	  0.035951	  0.090178	 -0.017596	 -0.072974	  0.028908	 -0.004748
  0.089372	  0.026512	  0.063317	 -0.002898	 -0.049154	  0.020673	  0.084576
  0.071665	  0.025245	  0.079218	 -0.003658	 -0.055204	  0.050163	  0.200350
  0.072457	 -0.010580	  0.063159	 -0.036949	 -0.040475	  0.026279	  0.141370
  0.055384	 -0.014349	  0.047987	 -0.051457	 -0.015546	 -0.013536	  0.003361
  0.049904	 -0.028920	  0.020144	 -0.004387	  0.011188	 -0.031116	 -0.026953
  0.028872	 -0.008014	  0.052104	  0.043443	  0.050085	  0.050131	  0.082042
  0.032736	  0.016851	  0.055969	  0.025261	  0.039632	  0.039710	  0.089929
 -0.003722	  0.039974	  0.067499	  0.017817	  0.038777	  0.034420	 -0.029455
 -0.005749	  0.031232	  0.071331	  0.024849	  0.050433	  0.051746	 -0.115960
  0.015410	  0.043268	  0.080549	  0.005021	  0.045207	  0.109807	 -0.025432
  0.042461	  0.058093	  0.070064	  0.014745	  0.047456	  0.150003	  0.094364
  0.048701	  0.062274	  0.051851	  0.023456	  0.029591	  0.114654	  0.007795
  0.075435	  0.048812	  0.071553	  0.010785	  0.026677	  0.075408	 -0.096512
  0.093015	  0.024738	  0.055462	  0.026496	  0.029718	  0.070593	 -0.098570
  0.099540	 -0.010580	  0.044597	  0.044361	  0.028768	  0.100526	  0.035923
  0.119590	 -0.008394	  0.051629	  0.011356	 -0.008926	  0.084625	  0.035511
  0.138975	 -0.057712	  0.071648	 -0.004704	 -0.000057	  0.072969	 -0.120110
  0.146609	 -0.090876	  0.133478	  0.039103	  0.022147	  0.016207	 -0.173736
  0.126020	 -0.050459	  0.137406	  0.050601	  0.043782	  0.051018	 -0.037532
  0.112685	 -0.035540	  0.168353	  0.095073	  0.054425	  0.031506	  0.071209
  0.091874	 -0.033893	  0.142601	  0.103721	  0.037605	 -0.050850	  0.010804
  0.131310	 -0.018562	  0.113269	  0.097734	  0.022369	 -0.100200	 -0.129961
  0.140971	 -0.017200	  0.058091	  0.103943	  0.027501	 -0.082050	 -0.106141
  0.101915	 -0.006367	  0.039054	  0.060136	  0.035546	 -0.054176	  0.013370
  0.084747	 -0.011783	  0.035570	  0.061054	  0.044890	 -0.038877	  0.026294
  0.121206	 -0.007127	  0.039086	  0.062194	  0.058384	 -0.037008	 -0.083651
  0.122948	 -0.014634	  0.094011	  0.071000	  0.081824	  0.006831	 -0.126571
  0.126939	 -0.044029	  0.108930	  0.103848	  0.091485	  0.004930	 -0.032242
  0.130486	 -0.046246	  0.097400	  0.085001	  0.117395	 -0.011002	  0.052996
  0.122789	  0.003643	  0.080359	  0.111703	  0.053759	 -0.025193	 -0.017292
  0.103087	  0.029395	  0.081784	  0.075181	  0.027152	 -0.042424	 -0.096258
  0.047656	  0.047038	  0.074182	  0.073122	  0.027944	 -0.009229	 -0.024007
  0.017279	  0.038549	  0.071458	  0.055289	  0.043497	  0.029542	  0.098387
  0.036379	  0.069401	  0.082196	  0.032388	  0.086765	  0.039330	  0.153343
  0.047149	  0.096261	  0.098477	  0.017501	  0.083344	  0.000622	  0.121098
  0.073566	  0.053531	  0.127935	  0.003025	  0.042673	 -0.016134	  0.039122
  0.094155	  0.050681	  0.124324	 -0.024944	  0.034247	 -0.011889	  0.018343
  0.080725	  0.061292	  0.133288	 -0.002455	  0.054868	  0.003220	  0.037602
  0.068878	  0.040196	  0.133161	 -0.040592	  0.083661	 -0.004509	  0.072318
  0.074928	  0.007285	  0.120016	 -0.062131	  0.082489	 -0.018573	  0.077956
  0.080534	  0.004371	  0.096260	 -0.072742	  0.058194	 -0.003527	  0.063322
  0.116359	 -0.037060	  0.092174	 -0.037868	  0.035229	 -0.009545	  0.024520
  0.129631	 -0.058093	  0.068670	 -0.011419	  0.029654	 -0.039067	  0.031552
  0.138089	 -0.036332	  0.044439	  0.007871	  0.026614	 -0.023609	  0.082327
  0.123645	 -0.007982	  0.041873	  0.019306	  0.001558	 -0.041284	  0.105419
  0.119558	 -0.053088	  0.046720	  0.033433	 -0.004143	 -0.023736	  0.090721
  0.143758	 -0.084890	  0.061195	  0.045692	 -0.020044	 -0.045687	  0.061643
  0.161370	 -0.083623	  0.059865	  0.052438	 -0.034045	 -0.049805	  0.015271
  0.142206	 -0.063002	  0.067974	  0.050538	 -0.085834	 -0.049868	  0.014891
  0.095992	 -0.025910	  0.046466	  0.051425	 -0.085929	 -0.047809	  0.020687
  0.087345	  0.009154	  0.021443	  0.031058	 -0.024257	 -0.074068	  0.036747
  0.103087	 -0.002439	  0.034176	  0.017437	 -0.008103	 -0.092186	  0.020117
  0.113604	  0.031580	 -0.003866	 -0.012654	 -0.004745	 -0.104160	 -0.022961
  0.132514	  0.048970	  0.001265	 -0.050475	 -0.025049	 -0.095069	 -0.060338
  0.147940	  0.039943	 -0.030473	 -0.058013	 -0.050769	 -0.089621	 -0.057551
  0.125862	  0.070224	 -0.052171	 -0.061814	 -0.071421	 -0.035424	 -0.069112
  0.085191	  0.079568	 -0.008744	 -0.063525	 -0.029388	 -0.027790	 -0.055080
  0.102866	  0.051567	  0.016375	 -0.046040	 -0.001863	 -0.049646	 -0.055302
  0.096531	  0.023693	  0.008456	 -0.024184	 -0.040475	 -0.033809	 -0.057171
  0.076258	  0.023820	 -0.000255	  0.000871	 -0.056471	 -0.036533	 -0.082226
  0.051140	 -0.016376	  0.004845	 -0.026750	 -0.050072	 -0.019365	 -0.065755
  0.025926	  0.012575	 -0.032310	 -0.030044	 -0.048108	  0.010410	 -0.041206
  0.046800	  0.045327	 -0.010391	 -0.017311	 -0.024225	 -0.002355	 -0.017038
  0.085412	  0.070763	  0.015171	  0.010437	 -0.029895	 -0.003020	 -0.021631
  0.042017	  0.071776	  0.009343	  0.037519	  0.011061	 -0.018541	 -0.027554
  0.037646	  0.058251	  0.000252	  0.047275	 -0.016211	 -0.008975	 -0.039718
  0.041320	  0.012860	 -0.022269	  0.060642	 -0.026443	 -0.025731	 -0.050139
  0.013193	 -0.005828	 -0.012830	  0.094693	 -0.039208	 -0.012998	 -0.010925
  0.041320	  0.006525	  0.030185	  0.088960	 -0.058150	  0.003600	  0.001207
  0.045121	  0.010485	  0.047195	  0.072806	 -0.057136	  0.013198	 -0.002943
  0.061308	  0.005448	  0.019732	  0.079204	 -0.038828	  0.027451	 -0.006395
  0.046325	  0.026861	  0.013650	  0.055068	 -0.042470	  0.009365	 -0.002341
  0.043569	  0.053595	 -0.017803	  0.014048	 -0.063123	  0.002650	 -0.002974
  0.051140	  0.070573	 -0.007445	  0.006097	 -0.058593	 -0.025541	  0.011153
  0.047592	  0.086695	  0.028538	  0.018007	 -0.057959	 -0.043850	  0.004469
  0.030773	  0.041780	  0.079535	 -0.017216	 -0.024700	 -0.052085	  0.011533
  0.051837	  0.024295	  0.102626	 -0.010437	 -0.024099	 -0.010654	  0.019198
  0.065964	  0.009693	  0.107568	 -0.020541	 -0.042660	 -0.003780	 -0.002879
  0.059946	 -0.007729	  0.121948	 -0.025673	 -0.031035	 -0.004509	 -0.012002
  0.094123	 -0.019797	  0.109437	 -0.009012	 -0.035723	 -0.048854	 -0.014853
  0.103943	 -0.042920	  0.105414	 -0.050063	 -0.040475	 -0.072072	 -0.016531
  0.077620	 -0.055115	  0.097907	 -0.093141	 -0.075793	 -0.076824	 -0.044912
  0.083069	 -0.073677	  0.103735	 -0.094662	 -0.104934	 -0.079453	 -0.027871
  0.116898	 -0.084795	  0.114726	 -0.091589	 -0.116527	 -0.063140	  0.006497
  0.114807	 -0.076211	  0.085680	 -0.074041	 -0.107088	 -0.051927	 -0.002499
  0.098304	 -0.065821	  0.052421	 -0.076860	 -0.110636	 -0.055380	  0.000890
  0.097101	 -0.041273	  0.035633	 -0.081643	 -0.103952	 -0.019016	 -0.013712
  0.053009	 -0.038010	 -0.009504	 -0.109834	 -0.085739	 -0.038370	 -0.012128
  0.053737	 -0.050902	 -0.006875	 -0.067009	 -0.078105	 -0.025225	  0.008270
  0.070620	 -0.081247	  0.005510	 -0.028175	 -0.088811	 -0.014455	  0.012357
  0.082752	 -0.071618	 -0.026355	 -0.026750	 -0.076775	 -0.033492	 -0.014758
  0.065647	 -0.073550	 -0.085588	  0.008790	 -0.073322	 -0.031180	 -0.012667
  0.045026	 -0.063572	 -0.065221	  0.052850	 -0.086024	 -0.012143	  0.003076
  0.050855	 -0.070446	 -0.055750	  0.053420	 -0.078517	  0.025076	  0.021226
  0.083955	 -0.039594	 -0.069085	  0.052470	 -0.078295	  0.061661	  0.031932
  0.066059	  0.010136	 -0.050017	  0.053452	 -0.085675	  0.074077	  0.003614
  0.061308	  0.012385	 -0.023726	  0.060136	 -0.076711	  0.029130	  0.017773
  0.076892	 -0.019734	 -0.031202	  0.041225	 -0.089318	  0.012469	 -0.002182
  0.020383	 -0.010421	 -0.061357	  0.042904	 -0.116115	  0.011804	 -0.022930
 -0.017564	  0.004403	 -0.054768	  0.025388	 -0.103477	  0.008890	 -0.026351
 -0.016709	  0.006303	 -0.053374	  0.017532	 -0.085960	  0.000242	  0.001143
 -0.003120	  0.047450	 -0.046849	 -0.003595	 -0.058466	 -0.004414	  0.009221
  0.016044	  0.044060	 -0.026039	 -0.002011	 -0.065847	 -0.013663	  0.033421
  0.030392	  0.031105	 -0.011595	  0.016487	 -0.063123	 -0.031781	  0.043969
  0.010595	  0.012005	  0.000980	  0.014333	 -0.054792	 -0.005681	  0.054548
  0.010184	  0.012924	 -0.002156	 -0.009677	 -0.012410	 -0.010527	  0.038457
  0.009202	  0.002787	  0.025655	 -0.023107	  0.011980	 -0.044040	  0.049987
 -0.003722	 -0.040576	  0.034208	 -0.023044	  0.062977	 -0.066466	  0.087712
  0.020827	 -0.067120	  0.040416	  0.012243	  0.049800	 -0.053384	  0.135985
  0.020193	 -0.064903	  0.001994	  0.048542	  0.037732	 -0.061936	  0.141402
  0.021808	 -0.061767	 -0.000002	  0.049588	  0.011631	 -0.088987	  0.113813
  0.025229	 -0.081057	  0.004623	  0.009328	  0.033772	 -0.083507	  0.114414
  0.013161	 -0.065378	  0.017230	 -0.018736	  0.052366	 -0.100770	  0.102821
 -0.019686	 -0.037662	  0.023628	 -0.076322	  0.046917	 -0.087467	  0.104025
  0.013826	 -0.038074	  0.040258	 -0.090386	  0.012645	 -0.065072	  0.069721
  0.019623	  0.013240	  0.047195	 -0.076987	 -0.005949	 -0.101214	  0.085020
  0.035017	  0.025372	  0.055113	 -0.074516	 -0.003034	 -0.123925	  0.090785
  0.063113	  0.069464	  0.058724	 -0.089530	 -0.024574	 -0.070077	  0.104278
  0.109581	  0.052106	  0.068639	 -0.088042	 -0.024985	 -0.034696	  0.090151
  0.154053	  0.055020	  0.067182	 -0.079109	 -0.084060	 -0.039257	  0.063037
  0.132767	  0.055337	  0.034556	 -0.015125	 -0.058720	 -0.019998	  0.060566
  0.153039	  0.066740	  0.043679	  0.031755	 -0.077693	  0.005881	  0.050620
