:RUN-12	LEVEL SWEEP	TEMP:NaN	8/27/2019	1:38 PM	HR:-573.65:SW EAR: R	SW FREQ: 45.20	# AVERAGES: 512	REP RATE (/sec): 80	DRIVER: 	SAMPLE (µsec): 40	MASKER dB: 2147483647:NOTES-:CHAMBER-SEWELL-PXI1:CFTS Version: V2.7.2 (R850):LEVELS:20;30;40;50;60;70;80;:DATA  0.023286	  0.034320	  0.021839	 -0.058238	  0.088144	  0.010356	 -0.034265
  0.003869	  0.025324	 -0.007429	 -0.085479	  0.055487	 -0.006527	 -0.001988
 -0.011905	  0.012591	  0.018988	 -0.079777	  0.034930	 -0.002884	  0.017746
 -0.040698	 -0.017469	 -0.002900	 -0.054406	  0.047442	  0.000727	  0.043593
 -0.045513	 -0.005116	 -0.033942	 -0.042559	  0.011268	  0.020049	  0.041914
 -0.034110	  0.031374	 -0.014905	 -0.058397	 -0.002795	  0.024167	  0.004411
 -0.018905	  0.027985	 -0.003818	 -0.012816	 -0.027914	  0.002184	 -0.004553
 -0.009561	  0.039832	 -0.012276	 -0.006291	 -0.020153	  0.007220	  0.012551
 -0.020394	  0.017152	 -0.043983	  0.002167	 -0.022212	  0.002057	  0.041978
  0.001842	  0.021428	 -0.066029	  0.015153	 -0.030511	 -0.000952	  0.050087
  0.014765	  0.032895	 -0.029032	  0.037104	 -0.022751	  0.030597	  0.023923
  0.028576	  0.019845	 -0.007746	  0.051137	 -0.008402	  0.043457	 -0.014119
  0.032472	 -0.007935	 -0.019529	  0.041476	 -0.059874	  0.019099	 -0.031952
 -0.006647	 -0.015853	 -0.020005	  0.044738	 -0.037987	 -0.031645	 -0.043451
  0.006688	 -0.021903	  0.018829	  0.029851	 -0.008117	 -0.070891	 -0.063501
 -0.023467	 -0.033750	  0.050885	  0.039353	  0.014088	 -0.046279	 -0.045605
 -0.021439	 -0.061276	  0.062605	  0.046227	  0.004870	 -0.036650	 -0.025332
  0.046219	 -0.046357	  0.056713	  0.047937	  0.009368	 -0.014699	  0.008275
  0.044509	 -0.025451	  0.020793	  0.031340	 -0.010144	  0.029900	  0.027185
  0.030413	 -0.027637	  0.010942	  0.011479	 -0.014737	  0.020714	 -0.006897
  0.018471	 -0.023709	  0.009073	 -0.004802	  0.000847	  0.030692	 -0.029989
  0.030698	 -0.020573	  0.013160	  0.013158	  0.004490	  0.050774	  0.012266
  0.031015	  0.004672	  0.030454	 -0.002268	 -0.002732	  0.057552	 -0.005504
  0.060758	  0.008727	  0.047210	 -0.027070	  0.006327	  0.043710	  0.021357
  0.019929	  0.022379	  0.058677	 -0.032011	  0.044116	  0.032117	  0.053096
 -0.015421	  0.004735	  0.069225	 -0.055578	  0.058591	  0.029710	  0.079703
 -0.021503	  0.014111	  0.078157	 -0.073727	  0.056881	  0.018687	  0.052526
 -0.015009	  0.041669	  0.067008	 -0.073411	  0.036735	  0.007949	  0.082015
 -0.036263	  0.011767	  0.018164	 -0.075501	  0.021880	 -0.011056	  0.103776
 -0.001801	 -0.013129	  0.006349	 -0.067329	  0.040917	 -0.056859	  0.110460
 -0.001452	 -0.007301	  0.030359	 -0.080411	  0.026441	 -0.060185	  0.112234
 -0.000660	 -0.032800	 -0.018579	 -0.056813	  0.018839	 -0.046913	  0.129972
 -0.006235	 -0.042936	 -0.017661	 -0.034545	  0.022133	 -0.031645	  0.128103
  0.023983	 -0.033243	  0.042744	 -0.038663	  0.004458	 -0.031994	  0.148628
  0.032947	 -0.040148	  0.043663	 -0.040880	  0.021975	 -0.037980	  0.135800
  0.027562	 -0.043886	  0.062098	 -0.035717	  0.013486	 -0.027686	  0.130447
  0.006403	 -0.048542	  0.059532	 -0.010123	 -0.003556	 -0.040229	  0.125062
  0.024236	 -0.028840	  0.060704	 -0.007621	 -0.030986	 -0.059076	  0.131746
  0.019295	 -0.035556	  0.031721	 -0.062008	 -0.031081	 -0.036048	  0.119170
 -0.023340	 -0.017817	  0.044265	 -0.046455	 -0.026615	 -0.037885	  0.080337
 -0.007376	 -0.019401	  0.048477	 -0.029319	 -0.015117	 -0.030188	  0.076029
  0.022558	 -0.030424	  0.067863	 -0.040278	  0.017635	 -0.024550	  0.073368
  0.026549	 -0.013446	  0.045532	 -0.028907	  0.014278	 -0.013780	  0.055028
  0.021227	 -0.013034	  0.040590	 -0.012848	  0.064071	  0.002532	  0.030099
  0.027087	 -0.003817	  0.056776	 -0.039613	  0.029640	  0.012542	  0.010619
  0.031047	  0.000174	  0.068845	 -0.095267	  0.014721	  0.017135	 -0.026663
  0.044002	 -0.009582	  0.066184	 -0.092258	  0.009906	 -0.013590	 -0.041423
  0.038617	 -0.042651	  0.040242	 -0.095267	  0.044052	 -0.027464	 -0.057546
  0.033961	 -0.041384	  0.024436	 -0.076863	  0.047758	 -0.041686	 -0.019156
  0.020879	 -0.009835	  0.010245	 -0.048165	  0.044147	 -0.007350	  0.018886
  0.068360	 -0.019243	 -0.002298	 -0.017092	  0.052256	 -0.009853	  0.008212
  0.066681	 -0.007618	  0.013255	 -0.005435	  0.081208	 -0.028478	  0.006375
  0.053884	  0.002233	 -0.013796	  0.011226	  0.109652	 -0.026641	  0.020280
  0.021861	 -0.005369	 -0.046707	 -0.026975	  0.088144	 -0.050524	  0.041946
  0.038015	  0.001536	 -0.030964	 -0.006386	  0.066859	 -0.079253	  0.101527
  0.034689	  0.019971	  0.001250	 -0.005499	  0.114688	 -0.051316	  0.153633
  0.022082	  0.017216	  0.010182	 -0.008160	  0.092769	 -0.000793	  0.165195
  0.016761	  0.041479	 -0.005941	 -0.003757	  0.060492	  0.073897	  0.180494
  0.035164	  0.051298	 -0.029475	 -0.016807	  0.072972	  0.103988	  0.186924
  0.043748	  0.026781	 -0.002298	  0.008850	  0.098692	  0.111907	  0.178625
  0.051604	  0.039673	 -0.003122	  0.018796	  0.091692	  0.086124	  0.147805
  0.067695	  0.069733	  0.010816	 -0.007399	  0.068823	  0.095214	  0.147868
  0.068835	  0.090766	  0.028902	 -0.005562	  0.070470	  0.073263	  0.115053
  0.074758	  0.098241	  0.032165	 -0.021590	  0.078230	  0.069874	  0.093799
  0.071623	  0.103341	  0.003879	 -0.036952	  0.069456	  0.078807	  0.077011
  0.083754	  0.077145	 -0.010154	 -0.007336	  0.055075	  0.081024	  0.072956
  0.096741	  0.052945	 -0.012149	  0.006031	  0.046365	  0.038674	  0.049390
  0.068804	  0.036252	  0.034572	 -0.021083	  0.065908	  0.031294	  0.024683
  0.042070	  0.030456	  0.003245	 -0.007209	  0.059573	  0.060055	 -0.001861
  0.054676	  0.020858	  0.006824	  0.004954	  0.049817	  0.043204	 -0.008576
  0.060916	  0.015537	  0.019780	 -0.014019	  0.016242	  0.024895	 -0.031541
  0.040359	  0.020573	  0.018133	  0.005049	 -0.019235	 -0.002789	 -0.050673
  0.045871	  0.013446	  0.038785	  0.000456	 -0.038557	  0.013365	 -0.057008
  0.069659	  0.005147	  0.035776	 -0.010440	 -0.003714	  0.015203	 -0.046396
  0.060441	  0.035144	  0.023549	 -0.016712	  0.019599	 -0.019102	 -0.037116
  0.079130	  0.012274	  0.032735	 -0.055514	 -0.000515	 -0.055497	 -0.054252
 -0.000882	 -0.012021	  0.010214	 -0.072017	  0.010477	 -0.072380	 -0.036799
 -0.010258	 -0.039927	  0.014617	 -0.056116	  0.061981	 -0.070162	 -0.049120
 -0.028693	 -0.037551	  0.027097	 -0.021336	  0.088144	 -0.040198	 -0.033315
 -0.017828	 -0.047465	  0.021237	 -0.018296	  0.077407	 -0.089548	 -0.046935
 -0.020109	 -0.077114	  0.031278	 -0.011929	  0.063945	 -0.099335	 -0.056849
 -0.022580	 -0.089847	  0.016580	 -0.032486	  0.058940	 -0.067945	 -0.041423
 -0.015896	 -0.068403	 -0.004610	 -0.055578	  0.051021	 -0.059773	 -0.054632
 -0.007471	 -0.048352	 -0.002678	 -0.064573	  0.045890	 -0.039057	 -0.038858
  0.003236	 -0.056208	  0.026812	 -0.057795	  0.051655	 -0.029713	  0.003175
  0.022779	 -0.034732	  0.015060	 -0.054564	  0.024921	 -0.052519	  0.037100
  0.037888	 -0.036981	  0.039957	 -0.034038	  0.029704	 -0.057746	  0.023448
  0.004598	 -0.014998	  0.039925	 -0.011992	  0.007404	 -0.021414	  0.032253
 -0.034806	 -0.015030	  0.041889	 -0.010218	 -0.015180	 -0.010486	  0.033077
  0.003964	  0.004704	  0.036314	  0.007393	  0.007879	 -0.014382	  0.059779
  0.017394	  0.028270	  0.013033	 -0.035084	  0.027518	 -0.036587	  0.075078
  0.031205	  0.014650	  0.015725	 -0.032423	  0.007372	 -0.021256	  0.085626
  0.016318	 -0.003532	  0.021585	 -0.004485	 -0.014769	 -0.006558	  0.072829
  0.023856	  0.004577	  0.044455	 -0.047627	 -0.016954	  0.000980	  0.096111
  0.018788	  0.022854	  0.043188	 -0.043509	  0.004775	 -0.012640	  0.092785
  0.019865	  0.016899	  0.026526	 -0.028685	  0.028341	 -0.008586	  0.100102
  0.002887	 -0.008663	  0.007711	 -0.024726	  0.021468	 -0.021826	  0.109890
  0.000702	 -0.024026	  0.023169	 -0.057446	  0.031762	 -0.002124	  0.107989
 -0.009751	 -0.024026	  0.060419	 -0.045473	  0.039745	  0.001297	  0.145841
  0.010553	 -0.047307	  0.102167	 -0.037744	  0.061791	 -0.005671	  0.136655
  0.054170	 -0.040687	  0.102262	 -0.044871	  0.080416	  0.030787	  0.144922
  0.036178	 -0.027067	  0.074134	 -0.056369	  0.070976	  0.033638	  0.113215
  0.031268	 -0.021682	  0.051772	 -0.071605	  0.044179	  0.055494	  0.103333
  0.023540	 -0.017437	  0.062573	 -0.077465	  0.034455	  0.057964	  0.099468
  0.005865	 -0.017532	  0.036694	 -0.092067	  0.040473	  0.012162	  0.090504
  0.011471	 -0.031945	  0.049396	 -0.071605	  0.032491	 -0.006527	  0.081762
  0.004249	 -0.027257	  0.046229	 -0.046613	  0.012726	 -0.016853	  0.108623
  0.001240	 -0.016012	  0.047147	 -0.035812	  0.004585	 -0.023600	  0.094654
 -0.013204	  0.005717	  0.056080	 -0.007494	  0.029894	 -0.009092	  0.098613
 -0.012349	  0.006446	  0.080406	 -0.009395	  0.030559	 -0.007984	  0.105423
 -0.008643	  0.023519	  0.068750	 -0.020735	  0.012662	 -0.008649	  0.059019
 -0.019127	  0.051266	  0.046355	 -0.006006	 -0.007388	  0.026226	  0.078594
 -0.060495	  0.069828	  0.073596	 -0.013006	  0.026821	 -0.004563	  0.097346
 -0.031069	  0.076638	  0.080375	  0.012303	  0.031921	 -0.023441	  0.139823
 -0.026286	  0.066692	  0.051328	  0.004384	  0.029197	 -0.048655	  0.141882
  0.012358	  0.094250	  0.049206	 -0.019468	  0.046270	 -0.058031	  0.104822
  0.032820	  0.088327	  0.044265	 -0.020133	  0.061125	 -0.058981	  0.099944
  0.008209	  0.064158	  0.068591	 -0.007970	  0.050799	 -0.011816	  0.087812
  0.008462	  0.030076	  0.075813	  0.009103	  0.026758	  0.010261	  0.111632
  0.061106	  0.008758	  0.056903	 -0.012277	  0.059352	  0.026099	  0.127279
  0.057020	  0.014523	  0.083574	 -0.036382	  0.101511	  0.066897	  0.119297
  0.075234	  0.034352	  0.097289	 -0.012689	  0.063501	  0.101264	  0.122116
  0.078845	  0.014143	  0.077967	 -0.034989	  0.002684	  0.080105	  0.094052
  0.075170	  0.002772	  0.040464	 -0.054849	  0.020359	  0.076146	  0.061743
  0.093035	 -0.015727	  0.056808	 -0.040405	  0.027613	  0.059421	  0.038208
  0.056292	 -0.019908	  0.055129	 -0.031188	  0.038319	  0.071585	 -0.012662
  0.041088	 -0.001473	  0.045120	 -0.022255	  0.052605	  0.062145	 -0.030400
  0.012231	 -0.046579	  0.036029	  0.004225	  0.024857	  0.033479	 -0.025332
  0.004598	 -0.034669	  0.030486	 -0.006259	  0.046650	  0.025022	 -0.024984
  0.015051	 -0.025895	  0.027540	 -0.071225	  0.022355	  0.048493	 -0.027771
  0.001303	 -0.045565	  0.057252	 -0.086683	  0.013454	  0.042032	 -0.027866
 -0.024195	 -0.041732	  0.046735	 -0.090325	  0.027803	  0.034810	 -0.016748
 -0.038164	 -0.015758	  0.032260	 -0.077655	  0.040568	  0.019035	 -0.050768
 -0.029327	 -0.004830	 -0.001379	 -0.083927	  0.081334	 -0.003993	 -0.065782
 -0.012982	 -0.008663	  0.001851	 -0.089882	  0.050578	  0.027524	 -0.084343
 -0.006457	  0.002518	 -0.006764	 -0.078510	  0.019884	  0.019447	 -0.111648
 -0.006172	 -0.006858	 -0.005022	 -0.065238	  0.024731	  0.049190	 -0.093909
  0.007322	 -0.010817	  0.022409	 -0.065270	 -0.000800	  0.059073	 -0.082918
 -0.019951	  0.024406	  0.019083	 -0.047880	  0.011997	  0.024357	 -0.064768
 -0.023878	  0.042524	  0.004480	 -0.062926	  0.029608	  0.016945	 -0.029545
 -0.022770	  0.055131	  0.001756	 -0.061659	  0.028405	  0.022900	 -0.010382
 -0.016403	  0.078887	  0.002295	 -0.046265	 -0.008434	  0.049855	 -0.015798
  0.005453	  0.079331	  0.039957	 -0.083990	 -0.007927	  0.060657	  0.030796
 -0.021313	  0.089910	  0.038468	 -0.076515	  0.002336	  0.092300	  0.043561
 -0.033064	  0.089562	  0.051423	 -0.075596	 -0.015180	  0.072630	  0.087020
 -0.026159	  0.073439	  0.092950	 -0.069198	 -0.022909	  0.039149	  0.063770
  0.019422	  0.073059	  0.124593	 -0.043984	  0.015006	 -0.018753	  0.080653
 -0.046906	  0.048606	  0.093742	 -0.055071	  0.060682	 -0.046754	  0.085278
 -0.034838	  0.046959	  0.080913	 -0.089882	  0.024889	 -0.063257	  0.074603
 -0.042725	  0.020256	  0.064125	 -0.069926	 -0.039127	 -0.094299	  0.042928
 -0.025272	  0.015093	  0.061464	 -0.072714	 -0.067666	 -0.105037	  0.020945
 -0.038956	 -0.023075	  0.040875	 -0.042496	 -0.053412	 -0.082199	  0.024081
 -0.046083	 -0.032261	  0.053799	 -0.018074	 -0.074223	 -0.093697	 -0.009685
 -0.020331	 -0.002296	  0.087755	 -0.026088	 -0.049865	 -0.114951	 -0.037686
 -0.003416	  0.028144	  0.077144	 -0.024156	  0.004395	 -0.101014	 -0.048614
 -0.027141	  0.029252	  0.060577	 -0.001254	  0.045890	 -0.074375	 -0.045288
 -0.045893	  0.020700	  0.072171	  0.007203	  0.013106	 -0.042573	 -0.019377
 -0.018684	 -0.003944	  0.053957	 -0.004232	  0.014499	 -0.036903	 -0.011617
 -0.012982	 -0.030107	  0.007838	  0.005366	  0.011744	  0.000854	 -0.002399
  0.002856	  0.027257	  0.004322	  0.008502	  0.008798	 -0.000603	  0.009130
 -0.028566	  0.059977	  0.007585	  0.008280	 -0.004126	 -0.029396	  0.030226
 -0.015199	  0.051108	  0.004449	  0.036028	 -0.016194	 -0.007192	  0.048661
 -0.005760	  0.044551	  0.018449	  0.042046	  0.016146	  0.022330	  0.020660
 -0.014312	  0.040750	  0.010942	  0.056521	  0.056913	  0.031674	  0.010081
 -0.034331	  0.020890	  0.006381	  0.044136	  0.075506	  0.025845	  0.012900
 -0.030910	 -0.004007	 -0.000524	  0.012366	  0.050007	  0.044851	 -0.006802
 -0.015801	  0.002265	 -0.021113	 -0.016363	  0.052827	  0.009786	 -0.000277
  0.003616	  0.039198	  0.000521	 -0.007526	  0.062551	  0.009913	 -0.016527
 -0.000819	  0.047370	  0.039513	 -0.034133	  0.076900	  0.000410	 -0.020043
 -0.008009	  0.096404	  0.068528	 -0.005689	  0.078832	 -0.011626	  0.012298
 -0.028123	  0.076132	  0.038373	  0.003307	  0.064926	 -0.009029	 -0.031826
 -0.037657	  0.061022	  0.002517	 -0.004865	  0.076013	 -0.014034	 -0.037147
 -0.066197	  0.059154	  0.000933	 -0.023015	  0.083900	 -0.022238	 -0.018079
 -0.034141	  0.039420	 -0.038851	 -0.024694	  0.037496	 -0.026609	 -0.024255
 -0.001801	  0.043158	 -0.059947	 -0.052917	  0.027233	 -0.038519	 -0.029165
  0.022399	  0.041099	 -0.009932	 -0.103534	  0.055614	 -0.074914	  0.008750
  0.012421	  0.023772	  0.015187	 -0.101412	  0.060270	 -0.072538	  0.019393
  0.015399	  0.011831	  0.028807	 -0.101633	  0.079687	 -0.067407	  0.011348
  0.016318	  0.037076	  0.039798	 -0.123204	  0.074524	 -0.079031	 -0.039776
  0.029811	  0.013478	  0.036599	 -0.152979	  0.028056	 -0.094204	 -0.024540
  0.041721	 -0.039325	  0.039197	 -0.115285	  0.022925	 -0.105132	  0.012361
  0.035101	 -0.056841	  0.049428	 -0.069388	  0.051464	 -0.093570	  0.046824
  0.019422	 -0.031089	  0.077650	 -0.052600	  0.040378	 -0.081946	  0.033710
  0.033042	 -0.052280	  0.077904	 -0.039550	  0.004553	 -0.071429	  0.013026
  0.031965	 -0.055954	  0.030423	 -0.055578	 -0.011569	 -0.057080	 -0.014373
  0.055595	 -0.014713	  0.026400	 -0.021020	 -0.017334	 -0.031233	 -0.036735
  0.038110	  0.004134	  0.002422	  0.003180	  0.001576	 -0.013685	 -0.031034
  0.036368	  0.000998	  0.010087	 -0.013449	 -0.000356	  0.043140	 -0.032491
  0.039631	 -0.008632	 -0.004800	 -0.041387	 -0.019583	  0.034461	 -0.014721
  0.013815	  0.018958	 -0.026498	 -0.028685	 -0.021642	  0.046086	 -0.009431
 -0.027426	  0.017849	 -0.022665	  0.001850	 -0.015687	  0.044502	 -0.005060
 -0.036200	 -0.006636	 -0.026688	 -0.002933	 -0.021167	  0.021538	 -0.006042
 -0.027141	 -0.001219	 -0.056114	 -0.014621	 -0.019678	  0.024293	 -0.004712
 -0.022041	  0.005306	 -0.015095	 -0.009997	 -0.009796	 -0.026767	  0.007610
 -0.035662	  0.007776	 -0.014493	 -0.031979	 -0.026298	 -0.030632	  0.039412
 -0.036422	  0.012781	 -0.035462	 -0.000304	 -0.031683	 -0.036998	  0.051132
 -0.013077	  0.010405	 -0.027195	 -0.035717	 -0.016162	 -0.045234	  0.018253
  0.006055	 -0.048321	 -0.023109	 -0.071130	  0.007594	 -0.043492	  0.015719
  0.003204	 -0.077874	 -0.027005	 -0.061311	 -0.010049	 -0.064176	  0.055186
  0.020974	 -0.084557	 -0.025769	 -0.055324	  0.005472	 -0.075325	  0.090821
 -0.015199	 -0.070683	 -0.003027	 -0.044111	  0.035405	 -0.088566	  0.116415
 -0.005222	 -0.028967	 -0.002837	 -0.041704	  0.048550	 -0.096168	  0.062408
 -0.023308	 -0.040624	 -0.016647	 -0.043953	  0.051211	 -0.102313	  0.064657
 -0.030625	 -0.024374	  0.014585	 -0.057510	  0.065623	 -0.077733	  0.074255
 -0.027489	 -0.006319	  0.014870	 -0.058238	  0.073194	 -0.049827	  0.076155
 -0.008769	  0.043949	  0.030644	 -0.079492	  0.059573	 -0.052868	  0.087210
 -0.023087	  0.061498	  0.059786	 -0.083642	  0.026283	 -0.084606	  0.082205
  0.005485	  0.044235	  0.043188	 -0.066442	 -0.000483	 -0.065253	  0.069535
  0.033612	  0.047814	  0.016137	 -0.027291	  0.012821	 -0.065094	  0.063517
  0.045871	  0.041986	  0.030042	 -0.023966	  0.003761	 -0.087774	  0.106184
  0.003077	  0.033528	  0.045595	 -0.025106	  0.007182	 -0.113273	  0.091423
 -0.022390	  0.014523	  0.050853	 -0.086968	  0.046967	 -0.123979	  0.019615
 -0.021313	 -0.003025	  0.028174	 -0.091846	  0.049152	 -0.071271	 -0.001227
  0.032025	  0.038717	  0.004183	  0.030820	 -0.023543	  0.007391	 -0.005475
  0.032564	  0.052020	  0.030727	  0.016946	 -0.006216	  0.003432	 -0.002719
  0.020400	  0.027757	  0.021604	 -0.002819	 -0.060666	 -0.042022	  0.018535
  0.006558	 -0.015100	  0.054198	 -0.015711	 -0.053539	 -0.031126	 -0.000027
  0.017708	 -0.027263	  0.040704	 -0.045042	 -0.040109	 -0.030746	 -0.004240
 -0.006048	 -0.003760	  0.023441	 -0.031929	 -0.046127	 -0.010790	 -0.026856
 -0.008139	 -0.017159	  0.014952	 -0.002629	 -0.049833	 -0.023397	 -0.038544
  0.005766	 -0.028562	  0.004848	 -0.006874	 -0.011981	 -0.020388	 -0.013204
  0.007730	 -0.038254	  0.018437	 -0.005131	  0.001291	 -0.034990	  0.016413
 -0.019447	 -0.005850	  0.018880	 -0.011086	  0.039555	 -0.043828	 -0.012159
 -0.050552	 -0.016367	 -0.012162	 -0.032721	 -0.002605	 -0.007464	 -0.026159
 -0.054670	 -0.023335	 -0.024515	 -0.035350	  0.023400	  0.035107	  0.037857
 -0.056095	 -0.018742	 -0.008424	 -0.017010	  0.033061	  0.053004	  0.124489
 -0.060308	 -0.003728	 -0.036964	  0.027494	  0.020169	  0.037863	  0.094175
 -0.045326	 -0.005154	 -0.049000	  0.042445	  0.016527	 -0.013546	 -0.028440
 -0.004845	 -0.005850	 -0.043299	  0.020019	  0.021880	 -0.007116	 -0.083903
  0.011183	  0.001277	 -0.018592	  0.023598	  0.010255	  0.016451	 -0.042345
  0.049193	  0.010937	 -0.007886	 -0.002249	  0.037116	  0.043660	  0.018693
  0.058633	  0.028929	 -0.014727	  0.019607	  0.052636	  0.025541	  0.016318
  0.063669	  0.049486	 -0.016406	  0.027621	  0.038731	  0.042963	 -0.042408
  0.066678	  0.009322	 -0.044249	  0.021222	  0.011744	  0.029628	 -0.086596
  0.050967	 -0.010348	 -0.070001	  0.038042	  0.025712	  0.050787	 -0.068224
  0.074027	 -0.001194	 -0.018623	  0.043522	  0.038129	  0.102417	 -0.001991
  0.086032	 -0.003348	  0.039754	  0.010801	  0.042690	  0.081417	  0.063007
  0.077701	 -0.039933	  0.037980	 -0.004530	  0.003001	  0.061778	  0.005675
  0.044505	 -0.030272	  0.047451	  0.017580	  0.009368	  0.065516	 -0.045133
  0.043302	 -0.039268	  0.040166	  0.021476	  0.008164	  0.052339	 -0.056156
  0.049288	 -0.023113	  0.040103	 -0.003231	  0.000499	  0.060289	  0.026232
  0.031202	  0.042391	  0.071018	  0.019385	  0.008069	  0.085123	  0.057876
  0.073710	  0.068618	  0.089674	  0.026100	 -0.007673	  0.063583	  0.029463
  0.093570	  0.015214	  0.074027	 -0.000982	 -0.013913	  0.043913	 -0.044024
  0.091258	  0.037418	  0.078430	 -0.055305	 -0.000040	  0.015437	 -0.075192
  0.114761	  0.037228	  0.087901	 -0.076939	  0.006866	  0.018288	 -0.012570
  0.119639	  0.058134	  0.082864	 -0.094804	  0.009716	  0.047334	  0.059269
  0.124232	  0.041156	  0.075357	 -0.093347	  0.005440	  0.047112	  0.028893
  0.095028	  0.037418	  0.091131	 -0.064301	  0.031731	  0.021804	 -0.054445
  0.098955	  0.067858	  0.065443	 -0.067849	  0.024319	  0.047651	 -0.088274
  0.094236	  0.050753	  0.073837	 -0.070731	  0.021088	  0.056108	 -0.019000
  0.048243	  0.036373	  0.068167	 -0.040861	 -0.008719	  0.087372	  0.037160
  0.075611	  0.036183	  0.072538	 -0.033924	 -0.032697	  0.063805	  0.103678
  0.059900	  0.033522	  0.099810	 -0.035856	 -0.002954	  0.055158	  0.073270
  0.035858	  0.057785	  0.041908	  0.005448	 -0.002637	  0.052750	  0.016824
  0.021541	  0.069125	  0.008997	  0.029870	  0.005219	  0.080561	  0.045744
 -0.007157	  0.050848	  0.007034	  0.066835	  0.006359	  0.081543	  0.105515
 -0.037597	  0.048599	 -0.003071	  0.047671	  0.036292	  0.097888	  0.096361
 -0.038959	  0.011476	 -0.005066	  0.064364	  0.014721	  0.063900	  0.021449
 -0.027271	  0.012236	  0.005576	  0.074279	  0.021690	  0.061303	 -0.051594
 -0.018338	  0.013820	 -0.023470	  0.058473	  0.022450	  0.080625	 -0.015073
 -0.035601	  0.021612	  0.000128	  0.040703	  0.019757	  0.102006	  0.053536
  0.008396	  0.005521	  0.029016	  0.061228	  0.002589	  0.077742	  0.056672
  0.002662	 -0.031254	  0.025025	  0.080075	 -0.007167	  0.076190	 -0.016910
  0.014794	 -0.005502	  0.010676	  0.048020	  0.007214	  0.050533	 -0.081274
  0.031455	  0.040839	  0.023283	  0.048590	  0.040030	  0.041157	 -0.052735
  0.009187	  0.038748	  0.040039	  0.036553	  0.031192	  0.055601	  0.004724
 -0.014189	  0.036024	  0.035826	  0.053721	  0.025871	  0.082810	  0.044223
 -0.007315	  0.069854	  0.042953	  0.039151	  0.002558	  0.058420	  0.001050
 -0.003641	  0.057785	  0.017740	  0.053088	 -0.003144	  0.036849	 -0.064740
  0.040071	  0.072356	 -0.002121	  0.038232	  0.000879	 -0.011044	 -0.083586
  0.062212	  0.065261	 -0.014379	  0.061482	 -0.010968	  0.019872	 -0.014883
  0.077701	  0.079324	  0.003042	  0.082451	  0.010888	  0.016387	  0.041436
  0.102978	  0.065736	  0.017170	  0.118181	  0.037717	 -0.007686	 -0.018462
  0.079602	  0.033269	  0.013685	  0.127652	  0.021690	  0.005079	 -0.082066
  0.049954	  0.025920	  0.008142	  0.114094	 -0.000863	  0.007772	 -0.107026
  0.055053	 -0.012851	  0.038075	  0.128602	 -0.007483	  0.007170	 -0.039463
  0.031709	 -0.026439	  0.025944	  0.156318	  0.003761	 -0.013229	  0.048595
  0.028826	 -0.033060	  0.023378	  0.122077	 -0.004981	 -0.006387	  0.068550
  0.031043	 -0.025964	  0.011310	  0.086790	  0.033441	 -0.006419	 -0.047572
  0.066963	 -0.065210	  0.032437	  0.083243	  0.045953	 -0.047058	 -0.119475
  0.072411	 -0.049531	  0.048877	  0.072030	  0.030369	 -0.041294	 -0.133032
  0.061515	 -0.016240	  0.041813	  0.071460	  0.014088	  0.008437	 -0.027933
  0.056859	  0.002702	  0.053691	  0.065156	  0.012504	  0.038845	  0.020499
  0.065189	  0.000200	  0.065538	  0.050649	  0.024731	  0.025985	 -0.001421
  0.077796	  0.028802	  0.069972	  0.049794	  0.036640	  0.000138	 -0.067875
  0.068199	  0.019363	  0.048465	  0.046626	  0.034740	  0.024211	 -0.050739
  0.036301	  0.023703	  0.051569	  0.061640	  0.099421	  0.060796	  0.011820
  0.033324	  0.055631	  0.025278	  0.069844	  0.130494	  0.093833	  0.035354
  0.040736	  0.062188	  0.019862	  0.067975	  0.094416	  0.046479	  0.055278
  0.042256	  0.031685	 -0.004496	  0.074690	  0.070343	  0.032225	 -0.006014
  0.058664	  0.014992	  0.002409	  0.097053	  0.077375	  0.028551	  0.013150
  0.051601	  0.030481	  0.031138	  0.076718	  0.082031	  0.035773	  0.065478
  0.025437	  0.042074	  0.026926	  0.051852	  0.114308	  0.028646	  0.083247
  0.043618	  0.080021	  0.031550	  0.000253	  0.103792	  0.041981	  0.072003
  0.051822	  0.099122	  0.037854	  0.021254	  0.050324	  0.067448	 -0.006330
  0.029080	  0.106058	  0.017170	  0.026069	  0.085167	  0.070489	 -0.035978
  0.039532	  0.069695	  0.024677	  0.061418	  0.081366	  0.048158	  0.021259
  0.037854	  0.055188	  0.021604	  0.093917	  0.092136	  0.098141	  0.101809
  0.077860	  0.073338	  0.059108	  0.071618	  0.067841	  0.079231	  0.079288
  0.099430	  0.090506	  0.066171	  0.042160	  0.071388	  0.060131	  0.040771
  0.105512	  0.080782	  0.051284	  0.011815	  0.075221	  0.073339	 -0.004081
  0.084986	  0.065672	  0.006305	 -0.000412	  0.071167	  0.073118	  0.047074
  0.085620	  0.083030	 -0.005637	 -0.009756	  0.046143	  0.055221	  0.096836
  0.087837	  0.079546	 -0.019035	 -0.009122	  0.020359	  0.022469	  0.095854
  0.111404	  0.095130	 -0.024578	  0.033703	  0.011205	  0.010052	  0.042070
  0.092652	  0.026078	  0.000825	  0.029078	  0.032269	 -0.015478	  0.013593
  0.092652	  0.023639	 -0.003990	  0.016788	  0.027961	 -0.017505	  0.048848
  0.063130	  0.039794	  0.030283	  0.022553	  0.044559	  0.024559	  0.104692
  0.081819	  0.042803	 -0.007854	  0.030313	  0.015830	  0.028107	  0.116443
  0.065443	  0.013947	 -0.008931	  0.046183	  0.013517	  0.050407	  0.085528
  0.055750	  0.022182	 -0.022931	  0.041685	 -0.013723	  0.044705	  0.007575
  0.059393	  0.056170	 -0.019194	  0.053721	 -0.021832	  0.060099	  0.012580
  0.079633	  0.072799	 -0.032086	  0.052676	 -0.032222	  0.073308	  0.077102
  0.083624	  0.072609	 -0.013334	  0.088754	  0.010603	  0.094087	  0.108619
  0.071176	  0.068111	  0.010359	  0.087202	  0.015545	  0.041126	  0.050020
  0.094616	  0.062030	  0.023125	  0.090591	 -0.006280	  0.059687	 -0.013901
  0.097276	  0.083727	  0.052107	  0.073012	 -0.031176	  0.049298	  0.002475
  0.104530	  0.037640	  0.002726	  0.075166	 -0.033330	  0.055570	  0.051065
  0.124042	  0.010146	  0.011848	  0.107379	 -0.003619	  0.069633	  0.104533
  0.118436	  0.007517	 -0.021443	  0.115710	 -0.026964	  0.047239	  0.038870
  0.133766	 -0.005027	 -0.049190	  0.112922	 -0.030290	  0.049583	  0.006720
  0.135825	 -0.001384	 -0.050457	  0.107601	 -0.033742	  0.027822	 -0.025114
  0.142445	 -0.005977	 -0.022393	  0.092334	 -0.057974	  0.039764	  0.024268
  0.138613	 -0.011615	 -0.077286	  0.083623	  0.011047	  0.063045	  0.095918
  0.105860	 -0.035245	 -0.074435	  0.113873	  0.025744	  0.055760	  0.075899
  0.112417	 -0.008479	 -0.055810	  0.108646	  0.023432	  0.025921	  0.002634
  0.106811	  0.054554	 -0.027334	  0.112827	  0.000119	 -0.006197	 -0.021978
  0.095724	  0.023132	 -0.010705	  0.123755	  0.032966	  0.014835	  0.013498
  0.062149	 -0.006547	  0.000192	  0.086220	  0.010065	  0.058230	  0.068930
  0.019355	  0.025793	 -0.026036	  0.101044	 -0.025728	  0.067891	  0.065604
  0.014477	  0.005458	 -0.051059	  0.083021	 -0.024746	  0.073751	  0.027911
 -0.021189	 -0.004330	 -0.064521	  0.101298	 -0.003872	  0.080403	  0.010299
 -0.020207	 -0.016873	 -0.031895	  0.088849	 -0.022149	  0.066846	  0.008715
  0.004278	 -0.024159	  0.001332	  0.085048	 -0.012963	  0.044071	  0.023825
  0.008205	 -0.008068	  0.020147	  0.087582	 -0.011253	  0.044578	  0.026359
  0.002441	  0.000073	  0.016663	  0.066075	 -0.016511	  0.046384	  0.053283
  0.021509	  0.010716	  0.037759	  0.062527	 -0.010461	  0.056520	  0.073713
  0.027274	 -0.010317	  0.049193	  0.021001	 -0.029846	  0.065326	  0.064527
  0.031899	  0.007422	  0.065284	  0.039626	 -0.023986	  0.047524	  0.065541
  0.019767	  0.033649	  0.070384	  0.059328	 -0.033932	  0.045909	  0.035893
  0.043492	  0.057595	  0.067692	  0.061070	 -0.030955	  0.081543	  0.009001
  0.064081	  0.076442	  0.089959	  0.036522	 -0.022244	  0.060669	  0.012358
  0.076497	  0.098393	  0.087109	  0.041906	 -0.011506	  0.014740	  0.029748
  0.093317	  0.093610	  0.070321	  0.044345	 -0.024398	  0.010306	  0.014702
  0.100381	  0.050342	  0.081756	  0.044852	  0.007056	  0.020568	  0.007290
  0.123915	  0.039224	  0.065918	  0.038834	  0.027106	  0.032510	  0.018123
  0.083118	  0.033554	  0.024423	  0.018942	  0.028532	  0.007138	  0.043590
  0.046944	  0.030861	 -0.005605	  0.087709	  0.032238	 -0.021591	  0.036495
  0.018025	 -0.003285	 -0.000252	  0.089768	  0.027708	 -0.047787	  0.037888
  0.025247	 -0.016367	 -0.003990	  0.088152	  0.050768	 -0.060077	  0.026010
  0.009568	 -0.039173	 -0.005732	  0.047513	  0.048804	 -0.059507	  0.013308
  0.018437	 -0.046712	 -0.018687	  0.055654	  0.065275	 -0.038981	  0.020214
  0.051664	 -0.063563	 -0.006650	  0.053880	  0.040568	 -0.034167	  0.063514
  0.111499	 -0.052286	 -0.037787	  0.061102	  0.001766	 -0.017474	  0.090976
  0.114159	 -0.026313	 -0.052579	  0.053531	  0.003096	  0.048253	  0.061296
  0.108426	 -0.041897	 -0.046720	  0.070002	  0.023495	  0.087435	  0.069184
  0.092620	 -0.068536	 -0.054797	  0.103040	  0.006169	  0.075430	  0.050432
  0.077606	 -0.049562	 -0.056792	  0.104560	  0.005472	  0.052212	  0.070261
  0.096326	 -0.020991	 -0.047195	  0.057301	 -0.025665	  0.042836	  0.040137
  0.068389	 -0.012376	 -0.049159	  0.039309	 -0.024398	  0.031053	  0.008715
  0.045234	 -0.031444	 -0.010039	  0.034716	 -0.036751	  0.034189	  0.022684
  0.052488	 -0.023113	  0.011183	  0.019639	 -0.073906	  0.024813	  0.036431
  0.090150	  0.005806	  0.021889	  0.012417	 -0.066526	  0.050248	  0.044477
  0.081090	  0.013820	 -0.003071	  0.008172	 -0.049041	  0.033302	  0.027784
  0.062434	  0.020155	 -0.040638	 -0.007064	 -0.066875	  0.025478	  0.027341
  0.065443	  0.041187	 -0.043995	 -0.015774	 -0.069250	  0.020695	  0.012897
  0.054166	  0.064722	 -0.059295	  0.028413	 -0.079735	  0.015120	  0.004123
  0.043935	  0.053097	 -0.035633	  0.040798	 -0.046222	  0.055316	 -0.034236
  0.051284	  0.054491	  0.018342	  0.050079	 -0.002922	  0.061778	 -0.042345
  0.052203	  0.025160	  0.027179	  0.045422	  0.013929	  0.067575	 -0.058531
  0.048718	 -0.019693	  0.024582	  0.059265	  0.028848	  0.033365	 -0.070726
  0.040673	 -0.013516	  0.029491	  0.049604	  0.049089	  0.025573	 -0.068636
  0.026799	 -0.014878	  0.019007	  0.036395	  0.080131	  0.018193	 -0.065405
  0.031107	 -0.009303	  0.062624	  0.053943	  0.074651	  0.024053	 -0.039368
  0.034401	 -0.041073	  0.027401	  0.058694	  0.066193	  0.030451	 -0.019095
  0.027813	 -0.024792	  0.077669	  0.070636	  0.049311	  0.038275	  0.013087
  0.041053	 -0.004488	  0.084195	  0.101203	  0.034011	  0.030356	 -0.014122
  0.061325	 -0.002588	  0.050365	  0.107253	  0.014721	  0.022944	 -0.048458
  0.087837	  0.011603	  0.070257	  0.113366	  0.028373	  0.000233	 -0.062269
  0.093190	 -0.003601	  0.026641	  0.078681	 -0.017018	  0.008088	 -0.076238
  0.090910	  0.011413	  0.031423	  0.070889	 -0.020660	  0.003527	 -0.051246
  0.064904	  0.008625	  0.026609	  0.100221	 -0.009669	 -0.010157	 -0.034046
  0.063732	 -0.001194	  0.023378	  0.105542	 -0.010968	 -0.019786	 -0.010448
  0.067882	  0.016829	  0.008871	  0.097370	 -0.023764	 -0.007243	 -0.001389
  0.042256	  0.021992	 -0.020777	  0.070541	 -0.049833	  0.001595	  0.041183
  0.012038	  0.034187	  0.012798	  0.042445	 -0.025158	 -0.014496	  0.016634
  0.031328	  0.035454	  0.027369	  0.029300	  0.000372	  0.016292	  0.012168
  0.053501	  0.039667	  0.043555	  0.059518	 -0.020660	  0.022849	  0.028924
  0.019260	  0.028676	  0.036238	  0.065568	 -0.015244	  0.041569	  0.045966
  0.002789	  0.036309	  0.046184	  0.061925	 -0.028326	  0.022311	  0.045395
 -0.015868	  0.038685	  0.000603	  0.049920	 -0.020945	  0.040651	  0.005104
  0.031138	  0.000896	 -0.008551	  0.076274	 -0.022434	  0.075335	  0.013055
  0.039437	  0.009164	 -0.019067	  0.078998	 -0.017429	  0.093992	  0.001367
  0.065569	  0.012806	 -0.027017	  0.097212	 -0.016828	  0.069823	  0.028734
  0.066868	 -0.003126	 -0.003356	  0.068894	 -0.021769	  0.054904	  0.020182
  0.074914	 -0.005185	 -0.010958	  0.050839	 -0.041693	  0.070552	  0.032947
  0.053565	  0.003430	 -0.023723	  0.036332	 -0.024683	  0.056520	  0.002190
  0.060343	 -0.014118	 -0.020334	  0.042572	 -0.035136	  0.064312	 -0.034553
  0.076624	 -0.007688	 -0.026701	  0.031549	 -0.047141	  0.070267	 -0.041648
  0.085968	 -0.016842	 -0.027017	  0.029236	 -0.062503	  0.062031	  0.035956
  0.037410	 -0.026724	 -0.017008	  0.024042	 -0.087178	  0.057470	  0.032250
  0.047578	 -0.016240	 -0.037375	  0.028571	 -0.110967	  0.039003	 -0.002244
  0.039722	 -0.008670	 -0.040765	  0.031929	 -0.087400	  0.040714	 -0.022453
  0.040008	 -0.006484	 -0.007791	  0.035571	 -0.070264	  0.047841	 -0.015643
  0.058316	 -0.008163	 -0.001867	  0.023123	 -0.059653	  0.036849	 -0.035788
  0.038202	 -0.003475	 -0.016976	  0.007032	 -0.041914	  0.039447	 -0.052355
 -0.007600	  0.016101	  0.003771	  0.062274	 -0.051259	  0.003274	 -0.019286
  0.012482	  0.019585	 -0.058249	  0.074500	 -0.029149	  0.006536	  0.014227
  0.058506	  0.032097	 -0.066263	  0.072030	 -0.029909	  0.020473	  0.016951
  0.058759	  0.049391	 -0.034556	  0.098764	 -0.020660	  0.043185	 -0.006552
  0.042732	  0.032698	 -0.004116	  0.102881	 -0.031652	  0.038338	 -0.005348
  0.029523	  0.026522	 -0.012764	  0.066930	 -0.028991	  0.028265	 -0.002339
  0.029840	  0.033744	  0.028731	  0.090116	 -0.032190	  0.050945	  0.016729
  0.054198	  0.029277	  0.041275	  0.105954	 -0.015054	  0.087878	  0.016318
  0.038582	  0.019395	  0.010549	  0.116945	  0.005852	  0.082684	  0.016032
  0.065411	  0.006946	 -0.007949	  0.112131	  0.023749	  0.066656	  0.024046
  0.089199	  0.001308	  0.027432	  0.076433	  0.022703	  0.071566	  0.031838
  0.106272	 -0.008036	  0.037759	  0.062780	  0.026884	  0.089050	  0.063419
  0.126544	  0.034979	  0.024011	  0.057744	  0.050419	  0.088797	  0.056133
  0.147514	  0.052115	  0.020781	  0.063857	  0.048234	  0.086358	  0.063482
  0.147577	  0.059369	  0.040356	  0.043775	  0.030179	  0.102988	  0.046567
  0.159455	  0.038337	  0.002314	  0.041843	  0.013644	  0.122943	  0.025060
  0.156826	  0.022277	  0.006020	  0.047735	 -0.022719	  0.139002	  0.032345
  0.128382	  0.025635	  0.000508	  0.050807	 -0.051164	  0.135265	  0.020340
  0.146310	  0.007453	  0.026609	  0.050490	 -0.071531	  0.107074	  0.016793
