:RUN-4	LEVEL SWEEP	TEMP:NaN	8/27/2019	1:20 PM	HR:-636.36:SW EAR: R	SW FREQ: 16.00	# AVERAGES: 512	REP RATE (/sec): 80	DRIVER: 	SAMPLE (µsec): 40	MASKER dB: 2147483647:NOTES-:CHAMBER-SEWELL-PXI1:CFTS Version: V2.7.2 (R850):LEVELS:20;30;40;50;60;70;80;:DATA -0.008576	 -0.006427	 -0.027998	 -0.046493	 -0.016759	  0.032689	 -0.010355
 -0.003065	 -0.006839	 -0.036423	 -0.047633	 -0.023348	  0.025784	 -0.021219
 -0.006834	 -0.007694	 -0.025907	 -0.037022	 -0.028321	  0.011498	 -0.012414
 -0.006327	 -0.004400	 -0.035885	 -0.016877	 -0.021986	 -0.022616	 -0.010260
 -0.007531	 -0.004685	 -0.038577	 -0.006455	 -0.005958	 -0.026987	 -0.028663
  0.008592	 -0.003354	 -0.034681	  0.001242	  0.004843	 -0.023281	 -0.033161
  0.008370	  0.004121	 -0.028790	 -0.003826	  0.009151	 -0.021444	 -0.029613
 -0.004268	 -0.000852	 -0.030690	 -0.002274	  0.004558	 -0.022680	 -0.038926
 -0.008956	 -0.001486	 -0.010893	 -0.013646	  0.007884	 -0.019354	 -0.036835
  0.005900	  0.013117	  0.004216	 -0.006107	 -0.010361	 -0.020494	 -0.050899
  0.008275	  0.014796	  0.009284	  0.002635	 -0.020941	 -0.022046	 -0.058311
  0.001718	  0.019040	  0.013465	  0.020215	 -0.017615	 -0.038422	 -0.074244
 -0.010508	  0.003773	  0.021321	  0.029116	 -0.016063	 -0.054165	 -0.085362
  0.005709	 -0.006807	  0.014352	  0.025473	 -0.008714	 -0.050459	 -0.074592
  0.007483	 -0.001707	  0.017108	  0.029369	 -0.005135	 -0.032024	 -0.065121
  0.010397	  0.005641	  0.033801	  0.023034	 -0.018248	 -0.012797	 -0.006490
 -0.000847	 -0.004590	  0.037158	  0.014514	 -0.008999	  0.009122	  0.055498
  0.003049	  0.003487	  0.032945	  0.015369	  0.024830	  0.054513	  0.114478
  0.000008	 -0.011622	  0.041149	  0.009287	  0.064266	  0.098447	  0.199114
 -0.002589	 -0.003513	  0.045045	  0.010079	  0.086914	  0.134715	  0.267374
 -0.012187	  0.012547	  0.046217	  0.021577	  0.116499	  0.176083	  0.339309
 -0.016875	  0.012008	  0.053978	  0.033804	  0.141427	  0.208043	  0.409026
 -0.017604	  0.010868	  0.038964	  0.036275	  0.179152	  0.236013	  0.424896
 -0.011680	  0.010108	  0.020149	  0.066493	  0.193501	  0.251914	  0.429584
 -0.015576	  0.006845	  0.012705	  0.086163	  0.199425	  0.234207	  0.408995
 -0.022830	  0.011723	  0.016284	  0.097471	  0.198316	  0.222741	  0.392967
 -0.018966	  0.000257	  0.027339	  0.093512	  0.189732	  0.228981	  0.378935
 -0.009431	  0.006433	  0.009823	  0.084326	  0.168098	  0.225021	  0.363541
 -0.005820	  0.009252	 -0.007314	  0.089267	  0.159830	  0.232909	  0.379252
 -0.004047	  0.010931	 -0.008074	  0.087462	  0.163695	  0.257742	  0.409026
 -0.008798	  0.007415	 -0.017767	  0.087462	  0.172532	  0.299712	  0.451440
  0.007958	  0.011375	 -0.016531	  0.084041	  0.182415	  0.333161	  0.500600
 -0.003983	  0.002854	 -0.014694	  0.079511	  0.204619	  0.382004	  0.536171
  0.003175	  0.002284	  0.005230	  0.083788	  0.222231	  0.419476	  0.578553
 -0.010350	 -0.002784	 -0.003798	  0.087367	  0.237277	  0.443043	  0.585173
  0.005709	  0.006117	  0.008365	  0.103775	  0.244625	  0.427807	  0.569810
  0.014547	 -0.002182	  0.013497	  0.112390	  0.266101	  0.385900	  0.533352
  0.015465	 -0.008454	  0.033991	  0.119517	  0.267051	  0.312414	  0.452390
  0.006248	 -0.006459	  0.055182	  0.106784	  0.267907	  0.215455	  0.336427
  0.004094	 -0.002024	  0.078400	  0.091896	  0.240032	  0.125624	  0.227242
  0.001655	 -0.006554	  0.079255	  0.069660	  0.194293	  0.049413	  0.087332
  0.008117	  0.003139	  0.079667	  0.036116	  0.131861	 -0.051694	 -0.058660
  0.005646	  0.007352	  0.063100	 -0.000247	  0.068701	 -0.136711	 -0.195275
  0.006596	  0.003836	  0.050557	 -0.033379	 -0.002506	 -0.204306	 -0.325524
  0.004886	 -0.001771	  0.036430	 -0.080259	 -0.066331	 -0.281942	 -0.441139
  0.006343	  0.007035	  0.024710	 -0.123812	 -0.123188	 -0.342315	 -0.529830
  0.008845	  0.002664	 -0.005192	 -0.164198	 -0.173362	 -0.358755	 -0.587289
  0.007293	 -0.000092	 -0.045039	 -0.178357	 -0.217454	 -0.360845	 -0.611647
  0.010682	 -0.003798	 -0.090018	 -0.188652	 -0.223029	 -0.345293	 -0.587225
  0.011126	 -0.015296	 -0.099837	 -0.184946	 -0.216947	 -0.324672	 -0.504173
  0.009637	 -0.015359	 -0.125019	 -0.189317	 -0.207571	 -0.300757	 -0.399581
  0.013026	 -0.015993	 -0.120806	 -0.177946	 -0.168452	 -0.244977	 -0.237910
  0.010239	 -0.015201	 -0.101136	 -0.150832	 -0.127275	 -0.165218	 -0.080072
  0.003777	 -0.015486	 -0.085330	 -0.106549	 -0.079762	 -0.082419	  0.087807
  0.006786	 -0.020586	 -0.067085	 -0.068127	 -0.026769	  0.005353	  0.234591
  0.009827	 -0.024830	 -0.045831	 -0.025777	  0.021219	  0.063414	  0.375926
  0.016067	 -0.029328	 -0.037500	  0.023668	  0.081878	  0.138611	  0.453087
  0.012108	 -0.020998	 -0.008359	  0.078149	  0.131703	  0.199776	  0.490939
 -0.000245	 -0.018939	  0.020592	  0.107259	  0.180261	  0.265978	  0.474246
  0.004791	 -0.021504	  0.048530	  0.138618	  0.233222	  0.293503	  0.428412
  0.007103	 -0.033066	  0.052141	  0.144604	  0.257580	  0.300662	  0.345106
  0.017809	 -0.028885	  0.077861	  0.162247	  0.262142	  0.273706	  0.254894
  0.000800	 -0.032876	  0.075327	  0.169248	  0.254666	  0.266073	  0.152773
 -0.007911	 -0.026066	  0.079667	  0.166555	  0.244942	  0.231927	  0.055277
  0.000166	 -0.031387	  0.091862	  0.163166	  0.232209	  0.179884	 -0.026953
  0.002700	 -0.032654	  0.076911	  0.144382	  0.211335	  0.121443	 -0.066072
  0.001908	 -0.029360	  0.064051	  0.138586	  0.158057	  0.043902	 -0.102783
  0.004886	 -0.038356	  0.056607	  0.128260	  0.113965	 -0.024105	 -0.117100
  0.001180	 -0.045704	  0.018913	  0.108811	  0.082448	 -0.057427	 -0.112254
  0.014357	 -0.027776	 -0.006807	  0.092150	  0.050741	 -0.086537	 -0.118431
  0.001497	 -0.022740	 -0.025115	  0.083693	  0.012825	 -0.084415	 -0.131006
  0.008782	 -0.026826	 -0.014694	  0.067506	 -0.016981	 -0.089134	 -0.133540
  0.009669	 -0.027333	 -0.033478	  0.047899	 -0.033199	 -0.100918	 -0.149473
  0.011063	 -0.022993	 -0.032812	  0.021229	 -0.038267	 -0.079062	 -0.143834
  0.012583	 -0.024704	 -0.038039	 -0.002401	 -0.031108	 -0.077509	 -0.151278
  0.012076	 -0.023025	 -0.047573	 -0.012981	 -0.034466	 -0.089134	 -0.136771
  0.004126	 -0.014187	 -0.041745	 -0.016433	 -0.030918	 -0.087614	 -0.128377
  0.018506	 -0.013617	 -0.040446	 -0.029959	 -0.022524	 -0.096483	 -0.128440
  0.025633	 -0.013807	 -0.043582	 -0.041837	 -0.035543	 -0.088596	 -0.124798
  0.030163	 -0.023880	 -0.055872	 -0.047095	 -0.033832	 -0.080012	 -0.104177
  0.019457	 -0.017133	 -0.044532	 -0.039239	 -0.034878	 -0.074595	 -0.107408
  0.016226	 -0.020871	 -0.030690	 -0.031352	 -0.033579	 -0.075482	 -0.093091
  0.011253	 -0.023151	 -0.034111	 -0.028375	 -0.036145	 -0.060088	 -0.076968
  0.014737	 -0.016563	 -0.038672	 -0.023243	 -0.053313	 -0.064111	 -0.076176
  0.004094	 -0.024133	 -0.044184	 -0.026189	 -0.053851	 -0.075609	 -0.080325
  0.001243	 -0.026066	 -0.040573	 -0.031289	 -0.068263	 -0.082324	 -0.061700
  0.003049	 -0.019731	 -0.042980	 -0.038067	 -0.092495	 -0.090085	 -0.056252
  0.008750	 -0.030025	 -0.033256	 -0.040791	 -0.103930	 -0.094551	 -0.032654
 -0.003096	 -0.018337	 -0.024323	 -0.040411	 -0.105862	 -0.076306	  0.002949
 -0.006897	 -0.024925	 -0.007472	 -0.043104	 -0.122967	 -0.074500	  0.017931
 -0.006992	 -0.028441	 -0.022803	 -0.041963	 -0.101808	 -0.043142	  0.029049
  0.000040	 -0.028631	 -0.027713	 -0.039556	 -0.108840	 -0.024358	  0.070924
 -0.000277	 -0.031577	 -0.055745	 -0.025334	 -0.097626	  0.008552	  0.092368
 -0.009400	 -0.025781	 -0.053782	 -0.017415	 -0.058159	  0.028286	  0.107097
 -0.010413	 -0.030912	 -0.056411	 -0.002021	 -0.043240	  0.049097	  0.116632
 -0.004838	 -0.033224	 -0.056316	  0.008052	 -0.027117	  0.047228	  0.147135
  0.002605	 -0.033953	 -0.068986	  0.019328	  0.000979	  0.067120	  0.149764
 -0.006739	 -0.036043	 -0.059705	  0.029528	  0.014694	  0.068704	  0.156923
 -0.014594	 -0.031482	 -0.047573	  0.049356	  0.037500	  0.062875	  0.166267
  0.002542	 -0.033129	 -0.029550	  0.077357	  0.059831	  0.069274	  0.194300
  0.007610	 -0.033889	 -0.040351	  0.087272	  0.069968	  0.097908	  0.217929
  0.002669	 -0.034681	 -0.022391	  0.103775	  0.086249	  0.113809	  0.275230
  0.007325	 -0.027554	 -0.031197	  0.100607	  0.111526	  0.128855	  0.317928
  0.019425	 -0.046369	 -0.035885	  0.106499	  0.123816	  0.132878	  0.338264
  0.022307	 -0.044659	 -0.042600	  0.124585	  0.124481	  0.153182	  0.355147
  0.024905	 -0.045609	 -0.032084	  0.121228	  0.128028	  0.181119	  0.355052
  0.022181	 -0.044912	 -0.022581	  0.115716	  0.150676	  0.204432	  0.365378
  0.028389	 -0.050487	 -0.015423	  0.103363	  0.166070	  0.203229	  0.384858
  0.035389	 -0.045894	 -0.012984	  0.104123	  0.156061	  0.227175	  0.375989
  0.040711	 -0.042949	  0.007415	  0.089964	  0.158658	  0.229361	  0.358219
  0.023543	 -0.039528	  0.004564	  0.097345	  0.153717	  0.249506	  0.324295
  0.029561	 -0.034079	  0.020180	  0.091421	  0.139622	  0.232085	  0.276085
  0.033805	 -0.027808	  0.022714	  0.093385	  0.136137	  0.204718	  0.216821
  0.042485	 -0.021979	  0.010678	  0.088951	  0.114186	  0.183305	  0.168357
  0.033552	 -0.026446	 -0.001517	  0.087303	  0.096923	  0.169336	  0.100382
  0.020534	 -0.035251	  0.000162	  0.083661	  0.099552	  0.142951	  0.022714
  0.018696	 -0.029518	 -0.005128	  0.092181	  0.072438	  0.122108	 -0.050107
  0.021484	 -0.030595	  0.005420	  0.083312	  0.062175	  0.082166	 -0.102435
  0.009320	 -0.033541	 -0.011242	  0.078086	  0.033763	  0.046056	 -0.163790
  0.012520	 -0.035758	 -0.008771	  0.075774	  0.019699	 -0.002439	 -0.213995
  0.007863	 -0.039813	 -0.025242	  0.062882	  0.002309	 -0.024200	 -0.270694
  0.007895	 -0.038577	 -0.005857	  0.050275	 -0.010804	 -0.044124	 -0.306899
  0.000800	 -0.031134	  0.003963	  0.042641	 -0.026864	 -0.039911	 -0.329705
  0.009479	 -0.026953	 -0.002531	  0.032315	 -0.038805	 -0.075767	 -0.352796
  0.004537	 -0.027966	 -0.023088	  0.023731	 -0.044729	 -0.077700	 -0.366765
  0.008053	 -0.029233	 -0.037374	 -0.004935	 -0.052933	 -0.086759	 -0.365023
  0.012805	 -0.027839	 -0.050329	 -0.022483	 -0.044950	 -0.101361	 -0.359702
  0.009922	 -0.033478	 -0.048143	 -0.028375	 -0.045521	 -0.097877	 -0.324447
  0.001180	 -0.027396	 -0.059578	 -0.023465	 -0.038394	 -0.093822	 -0.309528
  0.000927	 -0.023690	 -0.066547	 -0.019126	 -0.030380	 -0.091415	 -0.298252
 -0.001734	 -0.024038	 -0.073230	 -0.010161	 -0.018755	 -0.060310	 -0.280798
 -0.006422	 -0.020522	 -0.072913	 -0.013487	 -0.004564	 -0.047101	 -0.259323
 -0.008576	 -0.017133	 -0.076176	 -0.015546	 -0.003171	 -0.037694	 -0.270251
  0.004601	 -0.023120	 -0.056569	 -0.023117	 -0.001270	 -0.026291	 -0.269300
  0.001718	 -0.024735	 -0.058723	 -0.036389	  0.020364	 -0.033037	 -0.287324
  0.009099	 -0.026351	 -0.060148	 -0.045796	  0.040858	 -0.072441	 -0.289478
  0.013850	 -0.016753	 -0.053306	 -0.056281	  0.034428	 -0.086537	 -0.313424
  0.008560	 -0.027966	 -0.053085	 -0.068507	  0.009848	 -0.122425	 -0.343294
  0.017176	 -0.024482	 -0.064836	 -0.078263	 -0.017678	 -0.149634	 -0.361317
  0.017936	 -0.031039	 -0.082004	 -0.069299	 -0.049258	 -0.161544	 -0.384915
  0.020248	 -0.034555	 -0.065121	 -0.059797	 -0.062625	 -0.166295	 -0.420423
  0.023796	 -0.032876	 -0.046750	 -0.056281	 -0.097912	 -0.194930	 -0.462330
  0.016828	 -0.026446	 -0.052610	 -0.056724	 -0.110423	 -0.236488	 -0.515164
  0.028801	 -0.028631	 -0.084063	 -0.058656	 -0.131139	 -0.277507	 -0.538255
  0.028136	 -0.018654	 -0.105951	 -0.066734	 -0.164050	 -0.282924	 -0.560935
  0.029846	 -0.027586	 -0.101390	 -0.087956	 -0.177543	 -0.266294	 -0.574112
  0.017778	 -0.020712	 -0.129992	 -0.097395	 -0.178018	 -0.265502	 -0.590773
  0.017493	 -0.018147	 -0.139337	 -0.121152	 -0.194553	 -0.285521	 -0.602461
  0.016352	 -0.011432	 -0.154762	 -0.137084	 -0.184005	 -0.285521	 -0.625774
  0.007040	 -0.009088	 -0.151468	 -0.150673	 -0.192431	 -0.273833	 -0.628150
  0.011474	 -0.009088	 -0.159229	 -0.171769	 -0.189485	 -0.266136	 -0.618267
  0.012203	 -0.017608	 -0.163822	 -0.189444	 -0.197530	 -0.274530	 -0.605059
  0.004062	 -0.011875	 -0.172311	 -0.204585	 -0.194585	 -0.266484	 -0.603285
  0.006691	 -0.016056	 -0.154161	 -0.220581	 -0.194743	 -0.268480	 -0.589791
  0.002764	 -0.010260	 -0.161161	 -0.218997	 -0.185525	 -0.256127	 -0.571926
 -0.000087	 -0.020111	 -0.137151	 -0.221246	 -0.182960	 -0.243615	 -0.560301
 -0.000974	 -0.021948	 -0.126160	 -0.207594	 -0.172127	 -0.207410	 -0.550989
  0.006786	 -0.022740	 -0.122359	 -0.197489	 -0.174439	 -0.182006	 -0.528721
  0.000388	 -0.025781	 -0.104367	 -0.184027	 -0.173584	 -0.150458	 -0.495272
 -0.000150	 -0.033509	 -0.069587	 -0.167683	 -0.163891	 -0.128697	 -0.448329
  0.000451	 -0.023627	 -0.063569	 -0.137021	 -0.140356	 -0.103673	 -0.411459
  0.004062	 -0.016310	 -0.051343	 -0.116274	 -0.120908	 -0.089483	 -0.380291
  0.006533	 -0.018115	 -0.052958	 -0.093594	 -0.097056	 -0.072948	 -0.329832
  0.014198	 -0.030849	 -0.065755	 -0.090838	 -0.075929	 -0.046056	 -0.274939
  0.019805	 -0.019667	 -0.066863	 -0.079372	 -0.050304	 -0.011276	 -0.227141
  0.000546	 -0.024482	 -0.062777	 -0.072720	 -0.037127	  0.000317	 -0.181465
 -0.001988	 -0.012857	 -0.086375	 -0.058086	 -0.015081	  0.015933	 -0.153020
  0.008719	 -0.015454	 -0.089099	 -0.042280	 -0.004184	  0.010865	 -0.119983
  0.014737	 -0.018812	 -0.090493	 -0.017827	  0.019477	  0.036807	 -0.108295
  0.015434	 -0.022771	 -0.086946	 -0.027393	  0.027428	  0.047101	 -0.104272
  0.014040	 -0.018495	 -0.086946	 -0.025777	  0.033066	  0.028444	 -0.101770
  0.013438	 -0.019826	 -0.094896	 -0.029863	  0.028821	  0.018213	 -0.090652
  0.009764	 -0.013649	 -0.098602	 -0.022895	  0.011780	  0.034843	 -0.073959
  0.011823	 -0.023468	 -0.085235	 -0.022546	 -0.011818	  0.011118	 -0.051406
  0.012045	 -0.015423	 -0.097398	 -0.012664	 -0.031552	 -0.012385	 -0.040446
  0.021959	 -0.035537	 -0.118494	 -0.019696	 -0.072065	 -0.038834	 -0.054573
  0.028706	 -0.028663	 -0.123119	 -0.013329	 -0.079983	 -0.052739	 -0.065216
  0.028041	 -0.032274	 -0.114345	 -0.020139	 -0.092495	 -0.066360	 -0.060623
  0.017271	 -0.025432	 -0.109878	 -0.026918	 -0.109853	 -0.072378	 -0.074529
  0.023986	 -0.025179	 -0.105887	 -0.041615	 -0.117867	 -0.110167	 -0.074877
  0.027249	 -0.030880	 -0.117734	 -0.058181	 -0.120559	 -0.108013	 -0.070158
  0.031271	 -0.038609	 -0.101263	 -0.078073	 -0.120084	 -0.126796	 -0.045134
  0.016701	 -0.043867	 -0.094358	 -0.080766	 -0.109663	 -0.125403	 -0.033446
  0.009035	 -0.051881	 -0.083746	 -0.080861	 -0.092495	 -0.137693	 -0.024102
  0.006121	 -0.034713	 -0.084950	 -0.079372	 -0.076182	 -0.141747	  0.006021
  0.003777	 -0.037437	 -0.084412	 -0.077598	 -0.048942	 -0.150046	  0.033769
 -0.002146	 -0.032464	 -0.098127	 -0.072023	 -0.049987	 -0.140353	  0.054643
 -0.006707	 -0.032812	 -0.090271	 -0.090047	 -0.046693	 -0.151060	  0.073141
 -0.005345	 -0.031609	 -0.077633	 -0.089540	 -0.041371	 -0.120430	  0.064874
 -0.008639	 -0.037437	 -0.054225	 -0.099613	 -0.032217	 -0.115425	  0.057431
  0.002795	 -0.032876	 -0.053338	 -0.091852	 -0.008524	 -0.095279	  0.049448
 -0.002589	 -0.035030	 -0.049220	 -0.095558	  0.000504	 -0.074564	  0.056037
 -0.013454	 -0.023912	 -0.048555	 -0.087671	  0.017798	 -0.060151	  0.073807
 -0.006644	 -0.029233	 -0.055967	 -0.078580	  0.030342	 -0.072061	  0.091672
  0.006090	 -0.019731	 -0.042283	 -0.069299	  0.053686	 -0.061482	  0.107541
  0.007325	 -0.027016	 -0.033731	 -0.043579	  0.061985	 -0.068324	  0.111785
  0.005044	 -0.022265	 -0.033889	 -0.030339	  0.068225	 -0.025499	  0.133610
  0.008940	 -0.017672	 -0.042727	 -0.017922	  0.054985	 -0.001901	  0.152203
  0.029688	 -0.014314	 -0.057012	  0.005074	  0.046496	 -0.002502	  0.147642
  0.028484	 -0.024260	 -0.051659	  0.016161	  0.039749	  0.005385	  0.172729
  0.028104	 -0.023975	 -0.035758	  0.026930	  0.044501	  0.015268	  0.181661
  0.036086	 -0.020649	 -0.022011	  0.038238	  0.044817	  0.005575	  0.178715
  0.032348	 -0.015581	 -0.019065	  0.044225	  0.044437	  0.021413	  0.175358
  0.025602	 -0.027396	 -0.023690	  0.044415	  0.023563	  0.028476	  0.155941
  0.023353	 -0.037437	 -0.063221	  0.053094	 -0.005483	  0.032974	  0.156131
  0.010746	 -0.052990	 -0.055397	  0.052461	 -0.021194	  0.020874	  0.173362
  0.013248	 -0.039148	 -0.040446	  0.051890	 -0.012071	  0.027114	  0.167154
  0.024049	 -0.035822	 -0.053972	  0.058479	 -0.000953	  0.041178	  0.181186
  0.018538	 -0.033383	 -0.070094	  0.080050	  0.021156	  0.078111	  0.175168
  0.003809	 -0.029613	 -0.075416	  0.059429	  0.034713	  0.073835	  0.158760
  0.013026	 -0.027364	 -0.082289	  0.049103	  0.041745	  0.099302	  0.142986
  0.012520	 -0.032432	 -0.075036	  0.032822	  0.044121	  0.097813	  0.165443
  0.010873	 -0.023880	 -0.095276	  0.040899	  0.036328	  0.084636	  0.184892
 -0.002333	 -0.001869	  0.015100	  0.054288	  0.007912	 -0.043953	 -0.073509
  0.012808	 -0.006715	  0.013833	  0.041365	  0.012727	 -0.041039	 -0.064165
  0.003590	 -0.002059	  0.014149	  0.028726	  0.009211	 -0.029540	 -0.058907
 -0.002048	  0.009218	  0.017285	  0.027079	  0.021058	 -0.025834	 -0.049974
 -0.007559	  0.004498	  0.019217	  0.003418	  0.009655	 -0.031092	 -0.041390
  0.000771	  0.004118	  0.016208	 -0.005673	  0.002021	 -0.030364	 -0.025236
  0.007455	 -0.001204	  0.027801	 -0.015619	 -0.007735	 -0.029414	 -0.030937
  0.008627	 -0.006430	  0.029005	 -0.023316	 -0.005169	 -0.018232	 -0.010475
  0.001215	 -0.002629	  0.022955	 -0.022778	 -0.011093	 -0.009458	  0.005806
  0.002133	 -0.001647	  0.015892	 -0.026959	 -0.004441	 -0.013069	  0.009670
  0.002925	  0.003453	  0.005059	 -0.037412	  0.001007	  0.029851	  0.028549
 -0.006546	  0.008647	 -0.000770	 -0.036303	 -0.003269	  0.044707	  0.009765
 -0.010854	 -0.002249	 -0.003747	 -0.033991	 -0.017808	  0.028901	  0.004666
 -0.003251	 -0.001679	 -0.014263	 -0.025280	 -0.019835	  0.047367	  0.046414
 -0.004202	  0.003864	 -0.015055	 -0.008967	 -0.024365	  0.014995	  0.018635
 -0.006166	 -0.001267	 -0.016671	  0.010735	 -0.015749	  0.006981	  0.017779
 -0.004487	 -0.000222	 -0.019648	  0.016468	  0.002116	  0.043154	  0.056518
 -0.002681	 -0.004625	 -0.019363	  0.010291	  0.009908	  0.008470	  0.039160
 -0.002238	  0.001362	 -0.038590	  0.018844	  0.018239	  0.017561	  0.060953
  0.012840	 -0.002566	 -0.068397	  0.025084	  0.015610	  0.030009	  0.056677
  0.009007	 -0.007665	 -0.062600	  0.028410	  0.022261	  0.001691	  0.007548
  0.004319	  0.000222	 -0.048504	  0.033224	  0.029959	  0.038910	  0.015499
  0.002640	  0.000348	 -0.054333	  0.018273	  0.052606	  0.056110	  0.010272
  0.006916	 -0.002756	 -0.059337	  0.001422	  0.071833	  0.040779	 -0.015131
  0.008342	 -0.003168	 -0.047332	 -0.006338	  0.075919	  0.043281	  0.001403
  0.012998	 -0.014634	 -0.019933	 -0.012895	  0.094956	  0.029154	 -0.044463
  0.006283	 -0.017738	 -0.022626	 -0.010013	  0.111079	  0.005619	 -0.059065
  0.018985	 -0.015679	 -0.014548	 -0.011090	  0.107880	  0.022122	 -0.016367
  0.026333	 -0.015077	 -0.008245	 -0.027877	  0.108988	 -0.004137	 -0.039616
  0.011699	 -0.025942	  0.011837	 -0.040072	  0.101196	 -0.035179	 -0.020484
  0.002767	 -0.023947	  0.025584	 -0.053693	  0.084060	 -0.036604	  0.004254
  0.014202	 -0.033544	  0.016683	 -0.050969	  0.082666	 -0.044459	 -0.043639
  0.023229	 -0.032816	  0.023145	 -0.046439	  0.070535	 -0.023047	 -0.020484
  0.025826	 -0.030535	  0.024380	 -0.049385	  0.063059	  0.005746	 -0.013072
  0.012808	 -0.023503	  0.026376	 -0.051761	  0.048140	  0.000678	 -0.042182
  0.015120	 -0.015996	  0.026629	 -0.068865	  0.036990	 -0.003788	  0.005173
  0.021487	 -0.020557	  0.018267	 -0.088251	  0.030275	 -0.014210	 -0.000117
  0.019808	 -0.020114	  0.013421	 -0.087269	  0.025967	 -0.018391	 -0.021530
  0.021804	 -0.016788	  0.014023	 -0.076879	  0.026949	 -0.005182	  0.015245
  0.015595	 -0.004435	  0.019122	 -0.054960	  0.021818	 -0.009490	 -0.009810
  0.014740	  0.000095	  0.029607	 -0.044570	  0.025049	 -0.001634	 -0.017507
  0.011889	  0.004846	  0.024634	 -0.032755	  0.024954	  0.024783	  0.004317
  0.009419	 -0.000570	  0.021561	 -0.033769	  0.032809	 -0.007463	 -0.039236
  0.010496	 -0.002502	  0.025299	 -0.034276	  0.039398	  0.017434	 -0.029354
  0.008532	 -0.009503	  0.033725	 -0.032249	  0.043294	  0.038878	 -0.036259
  0.000106	 -0.006969	  0.026059	 -0.028923	  0.069933	  0.038371	 -0.073826
 -0.004233	  0.003864	  0.025172	 -0.015714	  0.081526	  0.065074	 -0.052540
 -0.004899	 -0.013842	  0.016303	 -0.011121	  0.089191	  0.081545	 -0.059413
 -0.000939	 -0.008616	  0.007878	 -0.016031	  0.092232	  0.077522	 -0.075219
 -0.004360	 -0.011625	  0.005724	 -0.016886	  0.093372	  0.094785	 -0.035372
 -0.007116	 -0.015806	  0.009493	 -0.037538	  0.113265	  0.078979	 -0.053617
 -0.009301	 -0.018910	  0.025109	 -0.030982	  0.124826	  0.066087	 -0.049182
  0.001722	 -0.020336	  0.034136	 -0.031805	  0.125713	  0.058929	 -0.012090
  0.004319	 -0.015743	  0.024982	 -0.024900	  0.140664	  0.046322	 -0.057703
 -0.004645	 -0.012860	  0.007878	 -0.012578	  0.124224	  0.038752	 -0.055612
 -0.011867	 -0.015901	 -0.003620	 -0.004754	  0.117287	  0.058549	 -0.037304
 -0.013609	 -0.017928	  0.003887	  0.005413	  0.123401	  0.043028	 -0.078419
 -0.009270	 -0.011118	  0.006801	  0.011748	  0.117034	  0.042743	 -0.037019
  0.006378	 -0.013114	  0.014973	  0.009373	  0.108830	  0.054082	 -0.028498
 -0.005817	 -0.025879	  0.018394	  0.007789	  0.117002	  0.049806	 -0.063499
 -0.020229	 -0.022363	  0.012629	  0.005160	  0.110065	  0.063427	 -0.035182
 -0.001794	 -0.018182	  0.012756	  0.003354	  0.089920	  0.066309	 -0.030240
  0.000391	 -0.014444	  0.005217	 -0.001112	  0.094671	  0.052530	 -0.020738
  0.013156	 -0.015236	 -0.012236	  0.007916	  0.093879	  0.044421	  0.019680
  0.003242	 -0.020114	 -0.012648	 -0.009221	  0.088748	 -0.005531	  0.010621
 -0.002206	 -0.010104	 -0.011381	 -0.016728	  0.100183	 -0.021083	  0.008815
  0.001500	 -0.000729	 -0.018096	 -0.017266	  0.078073	 -0.013671	  0.033110
  0.007075	 -0.012638	 -0.025667	 -0.022271	  0.056724	 -0.018897	  0.001815
  0.000328	 -0.012385	 -0.036816	 -0.026072	  0.062267	 -0.013069	  0.015594
 -0.015953	 -0.016883	 -0.029784	 -0.029049	  0.050199	 -0.009237	  0.021010
 -0.020198	 -0.012417	 -0.037323	 -0.027117	  0.029452	 -0.020988	  0.000643
 -0.017410	 -0.009154	 -0.033617	 -0.013529	  0.036452	 -0.013101	  0.029911
 -0.017094	 -0.006874	 -0.035993	 -0.008302	  0.053810	  0.007171	  0.037988
 -0.020768	 -0.008362	 -0.040459	 -0.014891	  0.056217	 -0.000684	  0.024368
 -0.016397	 -0.014000	 -0.023006	 -0.020022	  0.080924	  0.038118	  0.070709
 -0.012912	 -0.003959	 -0.004539	 -0.015461	  0.094608	  0.062413	  0.034662
 -0.008256	 -0.006905	  0.012439	 -0.017393	  0.088273	  0.080595	  0.016322
 -0.002491	  0.004244	  0.019629	 -0.011596	  0.085137	  0.127157	  0.036721
 -0.000622	  0.003104	  0.034358	 -0.025185	  0.084598	  0.125922	 -0.001448
  0.011256	  0.004435	  0.025679	 -0.030000	  0.069458	  0.116705	  0.017209
  0.008215	 -0.004340	  0.031697	 -0.024678	  0.077091	  0.130610	  0.039382
  0.010116	 -0.004656	  0.039775	 -0.016221	  0.060715	  0.103559	 -0.007688
  0.010971	 -0.016376	  0.026661	 -0.001017	  0.051054	  0.089115	  0.003430
  0.009704	 -0.017960	  0.022987	 -0.007859	  0.051371	  0.083635	 -0.011235
  0.015025	 -0.014191	  0.017855	 -0.015746	  0.049502	  0.080056	 -0.057259
  0.012238	 -0.010168	  0.006896	 -0.009252	  0.068032	  0.082654	 -0.035657
  0.009165	 -0.014919	  0.008733	 -0.018755	  0.056788	  0.056268	 -0.052445
  0.007075	 -0.014697	 -0.009417	 -0.011406	  0.061000	  0.025195	 -0.096505
  0.011509	 -0.018720	 -0.011761	 -0.011280	  0.058308	  0.021330	 -0.064703
  0.015500	 -0.011055	 -0.014232	 -0.013719	  0.055140	 -0.003408	 -0.087731
  0.008373	 -0.005005	 -0.023608	 -0.022081	  0.059195	 -0.010884	 -0.102017
 -0.004994	 -0.001837	 -0.014327	 -0.019800	  0.081368	  0.009167	 -0.074269
 -0.006641	 -0.001109	 -0.001688	 -0.016538	  0.086182	  0.004321	 -0.085767
  0.000138	 -0.003928	 -0.015815	 -0.020465	  0.096762	  0.017973	 -0.067681
  0.007993	 -0.001710	 -0.008625	 -0.011343	  0.117382	  0.017624	 -0.053775
  0.004256	  0.007000	  0.009842	 -0.008872	  0.112853	  0.008470	 -0.077690
 -0.002365	  0.017675	  0.024856	 -0.005958	  0.144877	  0.024498	 -0.032616
 -0.011455	  0.014444	  0.039648	  0.001137	  0.149533	  0.028552	 -0.018045
 -0.012786	  0.011340	  0.044431	 -0.010963	  0.134519	  0.003972	 -0.040377
 -0.014274	  0.004751	  0.050228	 -0.016094	  0.144433	  0.012524	 -0.006642
 -0.008193	  0.000507	  0.026819	 -0.021954	  0.133473	  0.023104	 -0.043576
 -0.002681	 -0.001235	 -0.000706	 -0.022113	  0.098060	  0.032036	 -0.057354
 -0.003093	 -0.008236	 -0.004064	 -0.006592	  0.097680	  0.049299	 -0.031127
 -0.006261	 -0.006588	 -0.024590	 -0.006782	  0.073227	  0.034190	 -0.062042
 -0.008129	 -0.010706	 -0.042961	 -0.000415	  0.052480	  0.041887	 -0.046743
  0.004984	 -0.004751	 -0.033522	  0.007757	  0.050389	  0.043218	 -0.030747
  0.005364	 -0.010770	 -0.040364	  0.018527	  0.043325	  0.035932	 -0.079084
  0.019238	 -0.018562	 -0.046002	  0.015993	  0.043516	  0.027317	 -0.044906
  0.008183	 -0.025119	 -0.032984	  0.039623	  0.034773	  0.034665	 -0.023937
 -0.004297	 -0.029585	 -0.029056	  0.044976	  0.013297	  0.023801	 -0.044874
  0.002038	 -0.029901	 -0.018159	  0.035315	  0.006519	  0.028679	  0.002734
  0.010211	 -0.025784	  0.000117	  0.027681	 -0.010681	  0.017022	 -0.001891
  0.017749	 -0.033956	 -0.007738	  0.011780	 -0.030510	  0.010180	 -0.016873
  0.011604	 -0.031802	 -0.022246	  0.019255	 -0.030731	  0.048634	  0.008277
  0.010020	 -0.027969	 -0.029309	  0.009373	 -0.027279	  0.045245	 -0.027706
  0.003210	 -0.023978	 -0.041821	  0.000915	 -0.012106	  0.039702	 -0.030684
  0.005111	 -0.014254	 -0.043310	 -0.001460	  0.010066	  0.036598	 -0.000307
  0.002703	 -0.023756	 -0.045432	 -0.010709	  0.030085	  0.028204	 -0.028942
  0.009165	 -0.023535	 -0.056265	 -0.021701	  0.038099	  0.048032	 -0.022132
  0.016736	 -0.011942	 -0.048283	 -0.030665	  0.055584	  0.045277	 -0.039205
  0.011636	 -0.012765	 -0.037006	 -0.028606	  0.062331	  0.046955	 -0.031476
  0.006536	 -0.007222	 -0.045052	 -0.019927	  0.074747	  0.060354	 -0.042530
  0.008120	 -0.003389	 -0.039794	 -0.024900	  0.081874	  0.073563	 -0.040123
  0.015849	 -0.009471	 -0.024304	 -0.028384	  0.070123	  0.088387	 -0.057450
  0.015405	 -0.008521	 -0.038907	 -0.036145	  0.087132	  0.097984	 -0.076550
  0.008405	 -0.021634	 -0.034631	 -0.032819	  0.105472	  0.114139	 -0.070816
  0.005934	 -0.010928	 -0.027314	 -0.031362	  0.084123	  0.103084	 -0.066825
 -0.000876	 -0.010421	 -0.009164	 -0.025914	  0.083110	  0.099727	 -0.058622
  0.000961	 -0.009788	  0.011900	 -0.028289	  0.096762	  0.093645	 -0.049594
  0.006346	 -0.014317	  0.016525	 -0.017868	  0.086467	  0.096876	 -0.044463
 -0.010759	 -0.013969	  0.022258	 -0.019293	  0.090427	  0.079074	 -0.040123
 -0.003663	 -0.027558	  0.026566	 -0.009189	  0.106264	  0.047684	 -0.048105
  0.001722	 -0.026766	  0.016082	  0.006490	  0.107405	  0.035742	 -0.045603
  0.002418	 -0.018878	  0.001986	  0.030342	  0.122862	  0.030104	 -0.023557
  0.001183	 -0.020241	 -0.003399	  0.037405	  0.110857	  0.018099	 -0.012312
 -0.005817	 -0.017992	 -0.017748	  0.041301	  0.093214	  0.018796	  0.012775
 -0.003093	 -0.025689	 -0.009259	  0.052736	  0.104839	  0.010529	  0.038432
  0.017401	 -0.036965	 -0.014232	  0.058374	  0.090142	  0.024434	  0.035929
  0.016831	 -0.037662	 -0.028454	  0.056727	  0.058625	  0.016801	  0.038052
  0.003274	 -0.031422	 -0.011666	  0.043835	  0.064168	  0.015027	  0.040554
  0.007740	 -0.018783	  0.009588	  0.044406	  0.062774	  0.000393	  0.036024
  0.013631	 -0.017992	  0.017444	  0.036075	  0.063978	 -0.001698	  0.030164
  0.023197	 -0.019924	  0.023810	  0.035885	  0.074082	 -0.011707	  0.013883
  0.017433	 -0.015774	  0.032204	  0.030025	  0.080354	  0.006950	  0.016196
  0.018414	 -0.005163	  0.020199	  0.023025	  0.088811	  0.010212	  0.019490
  0.021392	 -0.000285	  0.029512	  0.016880	  0.097554	  0.009674	  0.016449
  0.020157	 -0.002914	  0.036639	  0.004907	  0.096065	  0.035362	  0.013345
  0.018604	 -0.006747	  0.033123	 -0.000035	  0.098409	  0.048413	  0.005774
  0.014613	  0.000729	  0.042024	 -0.011026	  0.107120	  0.045879	 -0.010887
  0.016514	 -0.002819	  0.025743	 -0.019864	  0.122134	  0.053322	 -0.012756
  0.010876	  0.006493	  0.002651	 -0.035891	  0.123812	  0.039607	 -0.001606
  0.010211	  0.002851	 -0.010367	 -0.037919	  0.113296	  0.016389	  0.016037
  0.009419	 -0.000602	 -0.009924	 -0.043873	  0.118459	  0.019493	  0.028834
  0.007233	  0.004530	 -0.009829	 -0.048466	  0.154791	  0.027443	  0.019648
  0.013885	 -0.005068	 -0.025128	 -0.063797	  0.151465	  0.046702	  0.012363
 -0.005817	 -0.006113	 -0.041346	 -0.068073	  0.140600	  0.050408	  0.007770
 -0.000242	 -0.002186	 -0.045875	 -0.063797	  0.141171	  0.046702	  0.001118
  0.002133	 -0.006905	 -0.062156	 -0.069024	  0.099708	  0.025226	  0.000833
  0.018161	 -0.016661	 -0.078311	 -0.059109	  0.069458	  0.004574	 -0.014244
  0.007550	 -0.016091	 -0.065134	 -0.046376	  0.063756	 -0.033025	 -0.029955
 -0.006799	 -0.015584	 -0.060826	 -0.049670	  0.037624	 -0.043731	 -0.046933
 -0.002365	 -0.027462	 -0.058926	 -0.043050	  0.046620	 -0.030301	 -0.063024
  0.003971	 -0.033766	 -0.056043	 -0.043810	  0.051719	 -0.025423	 -0.069961
  0.017147	 -0.030092	 -0.061238	 -0.036303	  0.042058	 -0.019056	 -0.071640
  0.010464	 -0.033481	 -0.058482	 -0.038647	  0.042090	 -0.011264	 -0.079717
 -0.003410	 -0.033227	 -0.050342	 -0.027497	  0.051719	 -0.004675	 -0.069835
 -0.004233	 -0.031612	 -0.057975	 -0.026357	  0.053050	  0.008343	 -0.048232
  0.009704	 -0.029521	 -0.059052	 -0.011881	  0.072435	  0.015945	 -0.036797
  0.008690	 -0.031929	 -0.050310	 -0.007954	  0.071326	  0.027950	 -0.041644
  0.010654	 -0.027779	 -0.070899	  0.007377	  0.078263	  0.043186	 -0.032869
  0.009197	 -0.024770	 -0.056265	  0.016278	  0.097269	  0.044105	 -0.005724
  0.001753	 -0.019385	 -0.064152	  0.032084	  0.096888	  0.046544	 -0.010253
  0.009989	 -0.014349	 -0.070329	  0.039243	  0.095051	  0.040494	 -0.015480
  0.016229	 -0.014159	 -0.061840	  0.051184	  0.074241	  0.016389	 -0.012756
  0.015184	 -0.025689	 -0.051577	  0.054478	  0.061666	  0.020570	 -0.012185
  0.008944	 -0.013747	 -0.039287	  0.040921	  0.077788	  0.026367	 -0.007624
  0.014677	 -0.015046	 -0.035549	  0.043804	  0.069299	  0.022154	  0.003462
  0.019650	 -0.005670	 -0.033300	  0.040668	  0.078453	  0.036091	 -0.005629
  0.017813	 -0.012258	 -0.025920	  0.042315	  0.076363	  0.031910	 -0.002113
  0.022501	 -0.005353	 -0.015657	  0.028568	  0.064928	  0.031054	 -0.005502
  0.020378	 -0.005543	 -0.017178	  0.002689	  0.059131	  0.026620	 -0.016873
  0.014012	 -0.012765	 -0.020345	 -0.013022	  0.060177	  0.027855	 -0.016050
  0.011414	 -0.007507	 -0.005458	 -0.029208	  0.037085	  0.035141	 -0.014878
  0.014708	  0.003738	 -0.003589	 -0.030823	  0.030750	  0.052182	 -0.025552
  0.014835	  0.000507	 -0.003589	 -0.036493	  0.042312	  0.027602	 -0.022923
  0.007233	  0.005512	 -0.006218	 -0.035670	  0.030529	  0.006443	 -0.031032
  0.000296	 -0.003833	 -0.021137	 -0.049543	  0.017700	  0.012271	 -0.055327
 -0.002301	  0.005385	 -0.008340	 -0.046091	  0.019221	  0.005556	 -0.064450
  0.015595	  0.008996	 -0.019395	 -0.047865	  0.026633	  0.010782	 -0.061757
  0.019523	  0.015394	 -0.048568	 -0.054896	  0.037561	  0.016230	 -0.031444
  0.001373	  0.016851	 -0.053256	 -0.043715	  0.057136	  0.014013	 -0.033028
  0.002894	  0.026417	 -0.050088	 -0.038172	  0.057421	  0.036566	 -0.016937
  0.011478	  0.028413	 -0.046382	 -0.041118	  0.047412	  0.033937	 -0.010380
  0.005618	  0.028666	 -0.042581	 -0.023918	  0.043737	  0.035267	 -0.027865
  0.019808	  0.036838	 -0.053858	 -0.025027	  0.031099	  0.034190	 -0.024729
  0.006473	  0.044757	 -0.061586	 -0.037697	  0.044339	  0.004669	 -0.007751
  0.005649	  0.053753	 -0.057373	 -0.030031	  0.080797	 -0.004770	 -0.007086
  0.002387	  0.047133	 -0.051577	 -0.037253	  0.093911	  0.001470	 -0.017824
  0.005649	  0.043775	 -0.044387	 -0.042765	  0.116971	  0.004099	 -0.040313
  0.019396	  0.031105	 -0.012870	 -0.030665	  0.125301	  0.001280	 -0.069581
  0.025605	  0.026259	  0.006452	 -0.031552	  0.122070	  0.011796	 -0.065780
  0.024591	  0.030915	 -0.005268	 -0.021827	  0.118649	  0.020158	 -0.058400
  0.021677	  0.046626	  0.001733	 -0.015587	  0.116052	  0.006411	 -0.070436
  0.013473	  0.046594	  0.004140	 -0.013053	  0.104491	  0.008153	 -0.068821
  0.018826	  0.032689	  0.016493	 -0.003487	  0.086404	  0.003655	 -0.065590
  0.011414	  0.039562	  0.031856	  0.007092	  0.072530	  0.016959	 -0.066920
  0.016134	  0.036807	  0.032489	  0.016468	  0.071770	  0.031625	 -0.053997
  0.010401	  0.039879	  0.037272	  0.022550	  0.056407	  0.023326	 -0.049341
  0.004446	  0.036997	  0.042499	  0.020301	  0.052670	  0.021932	 -0.055676
 -0.010283	  0.031644	  0.032236	  0.016975	  0.045511	  0.021330	 -0.046807
 -0.010188	  0.027748	  0.034168	  0.016721	  0.038036	  0.018923	 -0.033503
 -0.003030	  0.024390	  0.030526	  0.028251	  0.040918	  0.016737	 -0.023018
 -0.002903	  0.021919	  0.002239	  0.029867	  0.050674	  0.027443	 -0.013579
