:RUN-2	LEVEL SWEEP	TEMP:NaN	8/27/2019	11:21 AM	HR:538.18:SW EAR: R	SW FREQ: 8.00	# AVERAGES: 512	REP RATE (/sec): 80	DRIVER: 	SAMPLE (µsec): 40	MASKER dB: 0:NOTES-:CHAMBER-SEWELL-PXI1:CFTS Version: V2.7.2 (R850):LEVELS:20;30;40;50;60;70;80;:DATA -0.018123	 -0.022027	  0.044721	 -0.035017	 -0.038734	 -0.110198	  0.025305
 -0.014892	 -0.008027	  0.049155	 -0.045153	 -0.049187	 -0.088881	  0.029075
 -0.014734	  0.005847	  0.021344	 -0.034098	  0.005041	 -0.086157	  0.015138
 -0.013498	  0.013481	  0.033539	 -0.004609	  0.030096	 -0.117009	  0.028125
  0.008959	 -0.012429	  0.020394	  0.021808	  0.013277	 -0.111877	  0.040890
  0.015136	 -0.033969	  0.020838	  0.047434	  0.008114	 -0.082894	  0.029803
  0.047382	 -0.030516	  0.033254	  0.045628	 -0.005665	 -0.028920	  0.073072
  0.037784	 -0.027887	 -0.009507	  0.046674	 -0.009688	  0.017802	  0.032622
  0.021439	 -0.029629	 -0.012200	  0.008822	 -0.008389	  0.031549	  0.045958
  0.010892	  0.005752	 -0.037762	  0.003785	 -0.001072	  0.064016	  0.022486
  0.012222	  0.021622	 -0.003774	  0.020636	 -0.000755	  0.085808	  0.011812
  0.000660	 -0.001913	  0.011620	 -0.005369	 -0.031354	  0.063572	 -0.047453
 -0.037667	  0.029635	 -0.005231	  0.019845	 -0.007597	  0.008774	 -0.042797
 -0.030540	  0.025106	 -0.023033	  0.001283	 -0.018082	  0.015363	 -0.109030
 -0.023730	  0.026341	 -0.042545	 -0.021365	 -0.022295	  0.043680	 -0.103233
 -0.016254	  0.011897	 -0.041119	 -0.017691	 -0.008358	  0.034558	 -0.069372
  0.013774	 -0.007045	 -0.010204	 -0.025071	  0.016191	  0.033481	 -0.048910
  0.007914	 -0.001121	  0.004050	 -0.009772	  0.025377	  0.036585	 -0.006623
 -0.012802	  0.009237	 -0.024838	 -0.015980	  0.027499	  0.084826	  0.018083
  0.006077	  0.025644	 -0.028703	 -0.001790	  0.075582	  0.105922	  0.055049
  0.009973	  0.011834	 -0.024838	  0.029664	  0.147833	  0.105859	  0.092077
  0.022928	  0.026246	 -0.017204	  0.034320	  0.196360	  0.088754	  0.070221
  0.015928	  0.025644	  0.011683	 -0.009075	  0.213908	  0.084320	  0.095751
  0.002593	  0.009807	  0.039019	  0.018514	  0.203899	  0.070604	  0.132780
  0.079184	 -0.011036	  0.029168	  0.003120	  0.197880	  0.112796	  0.151500
  0.087419	 -0.012683	  0.004968	 -0.014238	  0.172002	  0.150299	  0.161858
  0.068731	 -0.020982	 -0.008494	  0.035651	  0.154295	  0.105194	  0.193881
  0.075668	  0.028875	 -0.011154	  0.076797	  0.161897	  0.077161	  0.201008
  0.058056	  0.011707	 -0.036463	  0.087028	  0.151064	  0.087297	  0.165912
  0.061097	  0.007558	 -0.027436	  0.088263	  0.139820	  0.092112	  0.166324
  0.089193	  0.001729	  0.038924	  0.033022	  0.161485	  0.108678	  0.152894
  0.085138	 -0.012524	  0.054192	  0.063145	  0.144634	  0.134873	  0.176650
  0.094704	  0.000399	  0.072563	  0.075023	  0.121891	  0.139308	  0.207470
  0.067084	  0.003947	  0.068636	  0.060484	  0.102474	  0.100252	  0.237308
  0.060432	  0.001761	  0.065310	  0.057063	  0.129462	  0.051948	  0.263219
  0.019634	  0.036984	  0.078233	  0.097417	  0.161644	  0.104877	  0.349534
  0.014914	  0.077814	  0.046748	  0.126970	  0.189803	  0.158028	  0.375539
 -0.003267	  0.106068	  0.045861	  0.123518	  0.205102	  0.227746	  0.375824
  0.025494	  0.107177	  0.028250	  0.131690	  0.226135	  0.270349	  0.365973
  0.045069	  0.123489	 -0.004249	  0.114332	  0.241529	  0.299490	  0.289129
  0.047603	  0.159473	 -0.003014	  0.095168	  0.258792	  0.288942	  0.233000
  0.058911	  0.138408	  0.018937	  0.101313	  0.319989	  0.285268	  0.119825
  0.018367	  0.069768	 -0.000353	  0.113223	  0.306400	  0.224768	  0.019921
  0.023720	  0.078415	  0.011113	  0.131183	  0.269530	  0.142444	 -0.096898
  0.025652	  0.078099	 -0.002887	  0.165709	  0.227909	  0.045074	 -0.253469
 -0.013942	  0.074804	 -0.014037	  0.156935	  0.186256	 -0.047418	 -0.311625
 -0.022082	  0.078542	  0.031417	  0.140528	  0.114036	 -0.101995	 -0.366867
 -0.002190	  0.065555	  0.050422	  0.121966	  0.069976	 -0.191414	 -0.431263
  0.012507	  0.072492	  0.052196	  0.049018	  0.033422	 -0.250710	 -0.475070
  0.013394	  0.049654	 -0.012073	  0.005052	 -0.015611	 -0.318844	 -0.447575
  0.016783	  0.011676	 -0.005104	 -0.030456	 -0.049662	 -0.347320	 -0.439942
  0.023308	 -0.008407	  0.004905	 -0.038945	 -0.112063	 -0.351057	 -0.374469
 -0.011946	 -0.029661	  0.018335	 -0.065077	 -0.143199	 -0.328631	 -0.316693
  0.001167	 -0.062128	  0.017733	 -0.108979	 -0.137276	 -0.284729	 -0.269275
  0.008516	 -0.087943	 -0.030381	 -0.116328	 -0.090777	 -0.239212	 -0.193951
  0.006774	 -0.083477	 -0.037540	 -0.134984	 -0.102655	 -0.193948	 -0.099780
  0.064961	 -0.097002	 -0.051984	 -0.124912	 -0.070536	 -0.149222	  0.006934
  0.111936	 -0.090762	 -0.050685	 -0.101979	 -0.010195	 -0.070604	  0.111557
  0.138701	 -0.082242	 -0.057274	 -0.069163	  0.045142	  0.006937	  0.200502
  0.142122	 -0.076097	 -0.032947	 -0.044551	  0.083089	  0.086632	  0.243295
  0.177820	 -0.038973	 -0.022621	  0.004799	  0.141055	  0.142982	  0.199013
  0.189825	 -0.055001	  0.000534	  0.048764	  0.222904	  0.253909	  0.216339
  0.155679	 -0.057630	 -0.043495	  0.089435	  0.289929	  0.284349	  0.249820
  0.125366	 -0.046480	 -0.017458	  0.174483	  0.304816	  0.267118	  0.261413
  0.125081	 -0.051802	  0.013172	  0.233748	  0.329333	  0.273263	  0.239177
  0.120330	 -0.044200	  0.007281	  0.214268	  0.334940	  0.215170	  0.191411
  0.115357	 -0.026367	  0.004556	  0.219051	  0.280933	  0.205351	  0.091602
  0.134045	 -0.029407	  0.026951	  0.186267	  0.246819	  0.198351	  0.002372
  0.132050	 -0.014140	  0.024670	  0.195516	  0.263638	  0.191921	 -0.049322
  0.097270	  0.022128	  0.017037	  0.208820	  0.248909	  0.120746	 -0.099242
  0.095211	  0.035147	  0.035155	  0.178316	  0.238900	  0.057522	 -0.126039
  0.129040	  0.092638	  0.001706	  0.151899	  0.230854	  0.035603	 -0.106464
  0.130339	  0.117534	  0.006235	  0.099476	  0.163544	  0.037409	 -0.068865
  0.087039	  0.089723	 -0.020942	  0.068530	  0.106022	  0.040323	 -0.057431
  0.082795	  0.089945	 -0.009887	  0.077304	  0.097723	  0.027336	 -0.059616
  0.073450	  0.114272	 -0.024236	  0.090924	  0.109950	  0.048463	 -0.024583
  0.028946	  0.099131	 -0.035418	  0.060262	  0.132186	  0.096071	 -0.006275
  0.012349	  0.098878	 -0.046472	  0.072616	  0.155879	  0.115742	  0.030152
  0.082034	  0.116267	 -0.044287	  0.062131	  0.169024	  0.156761	  0.030564
  0.073102	  0.091719	 -0.018123	  0.058172	  0.180206	  0.144788	  0.014282
  0.071740	  0.043383	 -0.007480	  0.078666	  0.186699	  0.114221	 -0.058349
  0.049916	  0.051206	 -0.016191	  0.130265	  0.192622	  0.100379	 -0.138298
  0.054889	  0.027450	 -0.020087	  0.143062	  0.181568	  0.114506	 -0.156257
  0.030245	  0.008920	 -0.016761	  0.120509	  0.154865	  0.069907	 -0.159963
  0.012222	 -0.006823	  0.010702	  0.091051	  0.101239	 -0.028191	 -0.185335
  0.008453	  0.021780	  0.051943	  0.087630	  0.075867	 -0.098384	 -0.235351
  0.008706	  0.030016	  0.056282	  0.091684	  0.013752	 -0.183432	 -0.256542
  0.036897	  0.059442	  0.059323	  0.046167	  0.003362	 -0.268670	 -0.276845
  0.044562	  0.061818	  0.040223	  0.030931	 -0.032938	 -0.299585	 -0.271397
  0.032779	  0.055356	  0.062491	  0.021017	 -0.073134	 -0.277761	 -0.212956
  0.008674	  0.041450	  0.037055	  0.010627	 -0.061952	 -0.244343	 -0.197720
  0.002276	  0.070180	  0.050264	  0.013953	 -0.065817	 -0.202025	 -0.180996
 -0.008430	  0.086968	 -0.001684	 -0.036189	 -0.062491	 -0.174943	 -0.131329
  0.052164	  0.096470	 -0.005390	 -0.051710	 -0.070536	 -0.155367	 -0.128193
  0.036010	  0.104738	 -0.038775	 -0.069923	 -0.094578	 -0.146942	 -0.096296
 -0.033010	  0.052252	 -0.044509	 -0.069036	 -0.090428	 -0.134493	 -0.038584
 -0.033612	  0.052410	 -0.116728	 -0.087345	 -0.068794	 -0.148145	 -0.000035
  0.014661	  0.032898	 -0.108651	 -0.084019	 -0.050486	 -0.145516	  0.002784
  0.003321	  0.032138	 -0.089741	 -0.115124	 -0.066038	 -0.135697	  0.014821
  0.012665	  0.005024	 -0.040993	 -0.093300	 -0.028661	 -0.080835	  0.030880
 -0.004566	  0.000811	 -0.024743	 -0.066122	  0.003806	 -0.011181	  0.032686
 -0.043368	  0.012499	  0.009213	 -0.038121	  0.062912	  0.027241	  0.053750
 -0.044604	 -0.001723	  0.004747	 -0.049809	  0.111819	  0.026797	  0.081022
 -0.027974	  0.003535	  0.006425	 -0.020668	  0.132376	  0.036712	  0.097367
 -0.007734	  0.024219	  0.031987	 -0.030171	  0.134815	  0.048273	  0.137404
  0.024607	  0.036857	  0.044784	 -0.002518	  0.148689	  0.050712	  0.172881
  0.067147	  0.045473	  0.052006	  0.012369	  0.140706	  0.104497	  0.109688
  0.082414	  0.059569	  0.074939	  0.055099	  0.172889	  0.102343	  0.123309
  0.077473	  0.069641	  0.097175	  0.107237	  0.186699	  0.105986	  0.158817
  0.061889	  0.039043	  0.085202	  0.083607	  0.202125	  0.095564	  0.124608
  0.075161	  0.000146	  0.072120	  0.090354	  0.123602	  0.087867	  0.097177
  0.068382	  0.013924	  0.088369	  0.135618	  0.142227	  0.072600	  0.067434
  0.066894	  0.001286	  0.083301	  0.134699	  0.141055	  0.035698	  0.066610
  0.111081	 -0.018289	  0.078518	  0.178158	  0.151730	  0.029965	  0.047700
  0.100469	  0.023712	  0.074622	  0.173755	  0.153282	  0.068514	  0.029613
  0.106013	  0.029065	  0.085424	  0.128333	  0.159110	  0.062875	 -0.014447
  0.074115	  0.032233	  0.070409	  0.115536	  0.150241	  0.071650	 -0.060028
  0.081939	  0.020988	  0.080767	  0.105178	  0.148404	  0.075736	 -0.078431
  0.101420	  0.054722	  0.081052	  0.136695	  0.093479	  0.037472	 -0.095156
  0.077853	  0.072080	  0.079975	  0.111671	  0.070292	  0.048748	 -0.115460
  0.073039	  0.062419	  0.101420	  0.081675	  0.035449	  0.038517	 -0.106717
  0.059672	  0.033912	  0.089510	  0.052280	  0.010869	  0.040196	 -0.106115
  0.046780	  0.030649	  0.093659	  0.012844	 -0.006425	 -0.002661	 -0.167566
  0.026603	  0.010282	  0.115705	 -0.028270	 -0.034078	 -0.030978	 -0.194173
  0.068161	  0.018169	  0.110795	 -0.042017	 -0.040381	 -0.020526	 -0.173362
  0.046685	  0.016427	  0.075953	 -0.055226	 -0.019919	 -0.033956	 -0.150778
  0.062491	 -0.013190	  0.029327	 -0.030012	 -0.015770	 -0.074785	 -0.152140
  0.078740	 -0.018574	  0.028060	 -0.031533	 -0.009308	 -0.114950	 -0.140895
  0.052545	 -0.018669	 -0.018978	 -0.065520	 -0.006394	 -0.114031	 -0.175358
  0.006995	 -0.046005	 -0.006245	 -0.072426	 -0.021788	 -0.100157	 -0.184417
  0.014281	 -0.057820	 -0.036526	 -0.059882	 -0.048712	 -0.078523	 -0.138963
 -0.005991	 -0.057503	  0.003986	 -0.097481	 -0.047318	 -0.096040	 -0.141592
  0.022041	 -0.024086	  0.018399	 -0.078982	 -0.031544	 -0.063446	 -0.126736
  0.060939	 -0.007425	 -0.020214	 -0.073091	  0.008082	 -0.038612	 -0.066300
  0.065848	  0.036636	 -0.037952	 -0.035270	  0.059649	 -0.012005	 -0.016918
  0.066608	  0.075786	 -0.058794	 -0.008917	  0.093890	  0.036173	  0.033541
  0.031481	  0.072714	 -0.082012	 -0.001853	  0.097723	  0.070984	  0.079470
  0.019539	  0.032360	 -0.056672	 -0.017374	  0.067663	  0.075070	  0.102213
  0.034585	  0.012911	 -0.054898	 -0.015537	  0.068930	  0.096800	  0.083240
  0.013616	 -0.019113	 -0.031648	  0.003944	  0.085243	  0.081247	  0.062397
  0.017512	 -0.014298	 -0.005136	  0.031691	  0.090153	  0.039974	  0.047383
  0.048870	  0.013671	  0.011525	  0.061276	  0.057115	  0.061925	  0.025052
  0.021154	  0.038916	  0.038861	  0.035777	  0.074473	  0.073582	 -0.051254
 -0.001398	  0.083959	  0.076364	  0.036347	  0.076279	  0.049477	 -0.095758
  0.005000	  0.092606	  0.054984	  0.010374	  0.066681	  0.020462	 -0.154199
  0.036359	  0.094285	  0.034585	  0.016455	  0.065351	  0.025594	 -0.169846
  0.025304	  0.077022	  0.030942	 -0.000554	  0.086510	 -0.021286	 -0.185430
  0.008484	  0.052347	  0.049092	 -0.002708	  0.069722	 -0.051219	 -0.208553
  0.003004	  0.060931	  0.075129	 -0.016835	  0.075487	 -0.040418	 -0.252107
  0.009403	  0.045220	  0.084030	 -0.019274	  0.067600	 -0.075419	 -0.342382
  0.017163	  0.033183	  0.040856	 -0.015727	  0.060568	 -0.103800	 -0.379093
  0.037055	 -0.005999	  0.002466	 -0.061751	  0.043273	 -0.126036	 -0.393727
  0.048268	  0.005467	 -0.045174	 -0.091209	  0.016476	 -0.138453	 -0.401234
  0.031417	  0.012594	 -0.046979	 -0.132830	 -0.000977	 -0.136806	 -0.424262
 -0.015462	  0.004295	 -0.061423	 -0.144487	 -0.021534	 -0.166169	 -0.391510
  0.004113	  0.032264	 -0.048500	 -0.135206	 -0.037372	 -0.156983	 -0.370003
  0.049314	  0.051713	 -0.077514	 -0.131912	 -0.041015	 -0.160024	 -0.338929
  0.060653	  0.082153	 -0.089804	 -0.102359	 -0.063821	 -0.188310	 -0.336015
  0.050201	  0.041229	 -0.094524	 -0.104291	 -0.059608	 -0.192586	 -0.310516
  0.064645	  0.022002	 -0.084071	 -0.115662	 -0.055300	 -0.201898	 -0.273329
  0.087926	  0.015540	 -0.094651	 -0.124753	 -0.035377	 -0.182893	 -0.217898
  0.088116	  0.022097	 -0.063577	 -0.106223	 -0.035218	 -0.156824	 -0.187268
  0.099234	  0.007083	 -0.046029	 -0.093616	 -0.002909	 -0.119416	 -0.168104
  0.071835	 -0.004574	 -0.037888	 -0.091906	 -0.007597	 -0.161354	 -0.163416
  0.050802	  0.022857	 -0.012358	 -0.103436	  0.017331	 -0.163413	 -0.140863
  0.059767	  0.042115	 -0.023540	 -0.096435	 -0.001706	 -0.168639	 -0.092812
  0.084663	  0.039867	 -0.014955	 -0.043284	 -0.033983	 -0.177033	 -0.071906
  0.101546	  0.030807	 -0.002665	 -0.044900	 -0.031322	 -0.161766	 -0.047833
  0.086659	  0.011992	 -0.017363	 -0.043253	 -0.016023	 -0.125529	 -0.045711
  0.102782	  0.049559	 -0.000163	 -0.040529	  0.005231	 -0.069844	 -0.061580
  0.078233	  0.047152	  0.005824	 -0.049524	  0.033105	 -0.053120	 -0.071019
  0.112348	  0.048261	 -0.023001	 -0.062733	  0.006593	 -0.064681	 -0.071653
  0.110605	  0.081931	 -0.016983	 -0.045343	  0.041468	 -0.030757	 -0.097088
  0.061319	  0.079081	 -0.029526	 -0.065457	  0.055563	 -0.075356	 -0.127338
  0.026856	  0.048324	  0.018715	 -0.049873	  0.012707	 -0.089388	 -0.146692
  0.002149	 -0.003339	  0.025367	 -0.000079	  0.021164	 -0.092492	 -0.190657
 -0.000226	 -0.007646	  0.030625	  0.015695	  0.033897	 -0.145136	 -0.216124
 -0.001715	 -0.029154	  0.011493	 -0.022442	  0.034563	 -0.179314	 -0.206653
 -0.003141	 -0.060101	  0.016561	 -0.001885	  0.017775	 -0.165947	 -0.179571
  0.006330	 -0.036819	  0.011873	 -0.003120	  0.031205	 -0.206903	 -0.137157
  0.003416	 -0.026113	  0.020616	  0.004007	  0.014164	 -0.186758	 -0.176751
 -0.024711	 -0.055254	  0.027331	  0.021872	  0.031807	 -0.184889	 -0.195598
 -0.014924	 -0.061273	  0.022105	  0.046705	  0.033707	 -0.160911	 -0.181471
 -0.023951	 -0.053100	  0.023055	  0.017184	  0.050495	 -0.144788	 -0.171113
 -0.035354	 -0.057725	 -0.022494	  0.019876	  0.080587	 -0.112859	 -0.176340
  0.001199	 -0.014108	 -0.028227	  0.034447	  0.083184	 -0.050205	 -0.169023
  0.026507	  0.002870	 -0.031173	  0.059819	  0.078528	 -0.061228	 -0.161927
  0.048997	  0.019626	 -0.057876	  0.045818	  0.082392	 -0.067753	 -0.186824
  0.056852	  0.011074	 -0.021987	  0.024247	  0.072763	 -0.037599	 -0.185652
  0.037594	 -0.017054	 -0.021829	  0.018514	  0.099465	  0.001267	 -0.157810
  0.042915	 -0.016516	 -0.038617	  0.050950	  0.110678	  0.010675	 -0.120496
  0.046210	  0.012151	 -0.057464	  0.050633	  0.106212	  0.031517	 -0.071874
  0.040413	  0.034323	 -0.074093	  0.031248	  0.128036	  0.012068	 -0.025850
  0.033413	  0.039740	 -0.075867	  0.055226	  0.129937	  0.046436	 -0.018407
  0.024100	  0.054532	 -0.053409	  0.085032	  0.149322	  0.059233	 -0.032692
 -0.009444	  0.043224	 -0.023349	  0.079141	  0.115651	  0.068514	 -0.014130
 -0.005580	  0.077275	 -0.010363	  0.041099	  0.129747	  0.059328	  0.034871
 -0.016698	  0.096090	 -0.016666	  0.035270	  0.127593	  0.062305	  0.066768
  0.019349	  0.079429	 -0.016444	  0.039008	  0.106054	  0.065061	  0.081687
  0.044372	  0.098878	 -0.007005	  0.032800	  0.104945	  0.094709	  0.080452
  0.007661	  0.088203	  0.065658	  0.044266	  0.072795	  0.088849	  0.075796
 -0.007258	  0.111231	  0.056631	  0.097386	  0.104153	  0.066867	  0.096321
 -0.042355	  0.117693	  0.034585	  0.113318	  0.105832	  0.095469	  0.068067
 -0.037255	  0.123489	  0.045924	  0.111640	  0.141277	  0.085840	  0.066673
 -0.039282	  0.110154	  0.054857	  0.111576	  0.138489	  0.112289	  0.078045
 -0.019643	  0.115761	  0.073229	  0.108124	  0.143526	  0.135729	  0.081656
  0.004113	  0.105529	  0.079690	  0.149935	  0.172920	  0.157648	  0.112222
 -0.000733	  0.067868	  0.113805	  0.120572	  0.175106	  0.156096	  0.112349
 -0.022526	  0.035432	  0.089098	  0.099096	  0.156132	  0.190020	  0.117924
 -0.046948	  0.046265	  0.112664	  0.082340	  0.177830	  0.172884	  0.119508
 -0.063514	  0.035939	  0.114153	  0.071634	  0.200446	  0.144313	  0.100598
 -0.083152	 -0.005873	  0.123561	  0.092001	  0.208745	  0.151218	  0.082448
 -0.112167	 -0.014552	  0.137593	  0.065077	  0.198736	  0.142190	  0.122169
 -0.002925	 -0.000523	  0.079975	  0.107918	 -0.029219	  0.080389	 -0.031663
  0.002143	  0.022347	  0.074147	  0.102090	 -0.000014	  0.075669	 -0.023712
 -0.003717	  0.013795	  0.086564	  0.087044	  0.036349	  0.083081	 -0.014653
 -0.011478	  0.021745	  0.076776	  0.070668	  0.036571	  0.065216	 -0.052157
 -0.001943	  0.029981	  0.062681	  0.051536	  0.009805	  0.049569	 -0.052568
 -0.035994	  0.027700	  0.008579	  0.016851	  0.001538	  0.062080	 -0.032930
 -0.020917	  0.023677	  0.028345	  0.028413	 -0.025861	  0.054478	  0.001723
  0.013704	  0.022315	  0.035060	  0.015014	 -0.022916	  0.035315	 -0.005721
  0.044746	  0.015505	  0.007471	 -0.019164	 -0.032196	  0.018844	 -0.004675
  0.036986	  0.002677	 -0.010173	 -0.035666	 -0.045278	  0.021346	  0.055413
 -0.008880	  0.025008	 -0.018630	 -0.026924	 -0.031151	 -0.013370	 -0.043636
  0.015858	  0.033528	 -0.030160	 -0.022331	  0.013131	 -0.031678	 -0.019468
  0.039235	  0.004387	 -0.009697	 -0.037155	  0.075278	 -0.004945	  0.085789
  0.012722	 -0.005654	 -0.055817	 -0.044124	  0.024819	 -0.078685	 -0.055958
  0.006799	 -0.006256	 -0.071148	 -0.011657	  0.014588	 -0.102251	 -0.026785
 -0.016451	 -0.026085	 -0.056989	 -0.032879	  0.021050	 -0.039597	  0.147715
 -0.013030	 -0.034827	 -0.049893	 -0.050395	  0.023552	 -0.093065	 -0.070148
 -0.025668	 -0.050253	 -0.050147	 -0.053975	  0.019118	 -0.098513	 -0.054279
 -0.016546	 -0.070874	 -0.041975	 -0.043712	 -0.006951	 -0.012135	  0.203938
 -0.014645	 -0.048194	 -0.064971	 -0.101551	 -0.082212	 -0.071748	 -0.006227
 -0.020758	 -0.046737	 -0.061677	 -0.136806	 -0.099411	 -0.095694	 -0.097167
 -0.012048	 -0.057285	 -0.086225	 -0.138801	 -0.073818	 -0.019103	  0.224907
  0.030492	 -0.075118	 -0.051002	 -0.107569	 -0.098588	 -0.089803	  0.059626
 -0.000835	 -0.088422	 -0.046789	 -0.090306	 -0.077429	 -0.138804	 -0.076927
  0.025329	 -0.064919	 -0.058667	 -0.073392	 -0.000521	 -0.063797	  0.241632
  0.016967	 -0.019369	 -0.100732	 -0.065663	 -0.020128	 -0.053724	  0.148918
  0.049402	 -0.012084	 -0.083216	 -0.061133	 -0.065962	 -0.129872	 -0.111421
  0.061914	  0.024976	 -0.035196	 -0.030313	 -0.061338	 -0.018407	  0.190983
  0.048737	  0.055574	  0.003543	 -0.033639	 -0.112145	  0.029613	  0.174195
  0.051461	  0.065362	 -0.013657	 -0.023915	 -0.138277	 -0.091640	 -0.135684
  0.036542	  0.102295	 -0.030033	 -0.044821	 -0.142648	 -0.013117	  0.069635
  0.007654	  0.083480	 -0.003172	 -0.051567	 -0.128711	  0.034491	  0.109989
  0.051366	  0.082087	 -0.010014	 -0.090750	 -0.146069	 -0.052933	 -0.189311
  0.052633	  0.060421	  0.017797	 -0.068862	 -0.132734	 -0.002854	 -0.003377
  0.029067	  0.068751	  0.006045	 -0.064364	 -0.102896	  0.001296	  0.105650
  0.039140	  0.071349	  0.012000	 -0.067595	 -0.135331	 -0.064051	 -0.219244
  0.047470	  0.073534	  0.024037	 -0.073075	 -0.119208	 -0.008872	 -0.094095
  0.029099	  0.072901	  0.037150	 -0.107886	 -0.084334	  0.043424	  0.138877
  0.028845	  0.087756	  0.023593	 -0.120746	 -0.106697	 -0.039281	 -0.123679
  0.025931	  0.087408	  0.024670	 -0.100664	 -0.099095	 -0.034656	 -0.048799
  0.024791	  0.090702	  0.025969	 -0.060405	 -0.113000	  0.043550	  0.221835
  0.017854	  0.076733	  0.001294	 -0.075989	 -0.149173	 -0.051982	 -0.044713
 -0.023197	  0.055986	 -0.005896	 -0.079157	 -0.138625	 -0.083594	 -0.078922
  0.008510	  0.057412	 -0.000131	 -0.068102	 -0.082877	  0.004875	  0.225161
  0.012089	  0.003437	  0.006077	 -0.069749	 -0.074261	 -0.083436	 -0.016680
  0.022035	  0.010215	  0.013362	 -0.084795	 -0.116294	 -0.133863	 -0.125263
  0.036384	 -0.016772	  0.010797	 -0.083148	 -0.121806	 -0.037728	  0.173055
  0.073317	 -0.038565	 -0.017078	 -0.110325	 -0.144580	 -0.101111	  0.028647
  0.062864	 -0.041384	 -0.035956	 -0.099270	 -0.108154	 -0.183910	 -0.117281
  0.052222	 -0.047307	 -0.036305	 -0.076528	 -0.061148	 -0.078400	  0.168304
  0.053900	 -0.059882	 -0.053536	 -0.106968	 -0.073469	 -0.091608	  0.072422
  0.046868	 -0.045945	 -0.078116	 -0.094424	 -0.065107	 -0.173267	 -0.100493
  0.038411	 -0.033877	 -0.090596	 -0.118339	  0.000366	 -0.077544	  0.192694
  0.055199	 -0.014967	 -0.056102	 -0.129742	  0.038218	 -0.083056	  0.227315
  0.035560	 -0.057887	 -0.061708	 -0.131579	 -0.008028	 -0.140040	 -0.034577
  0.067521	 -0.067484	 -0.032757	 -0.085238	 -0.015092	 -0.048086	  0.183761
  0.097961	 -0.087535	 -0.004629	 -0.077700	  0.006321	 -0.023950	  0.263108
  0.131441	 -0.051203	  0.037847	 -0.075862	 -0.050980	 -0.134940	 -0.032391
  0.100875	 -0.045280	  0.042979	 -0.071555	 -0.066722	 -0.082106	  0.126872
  0.041705	 -0.019116	  0.025811	 -0.065758	 -0.056650	 -0.026547	  0.208943
  0.036986	 -0.042556	  0.037847	 -0.085777	 -0.098398	 -0.099875	 -0.136508
  0.037714	 -0.025134	  0.034965	 -0.080709	 -0.100298	 -0.058888	 -0.050066
  0.056339	  0.037171	  0.083808	 -0.056255	 -0.112018	  0.016848	  0.173530
  0.050416	  0.053199	  0.059101	 -0.099556	 -0.167830	 -0.053471	 -0.075628
  0.059317	  0.074548	  0.042662	 -0.091542	 -0.175432	 -0.040041	 -0.040025
  0.066856	  0.072077	  0.047540	 -0.094361	 -0.124657	  0.025210	  0.224971
  0.085576	  0.044741	  0.095623	 -0.121316	 -0.134064	 -0.037887	 -0.047912
  0.073919	 -0.008853	  0.128280	 -0.134018	 -0.135996	 -0.030316	 -0.096534
  0.059380	 -0.008917	  0.118208	 -0.131738	 -0.082623	  0.069936	  0.178535
  0.021180	  0.001758	  0.111207	 -0.127556	 -0.096972	 -0.019230	 -0.023807
  0.017347	  0.001663	  0.078392	 -0.139498	 -0.145626	 -0.081377	 -0.123838
  0.041674	 -0.007174	  0.082066	 -0.161734	 -0.140558	  0.052926	  0.138117
  0.047850	  0.003595	  0.072342	 -0.152263	 -0.109041	  0.007155	 -0.016870
  0.058271	 -0.025039	  0.076333	 -0.194993	 -0.085474	 -0.046059	 -0.152472
  0.066190	 -0.030012	  0.060780	 -0.217134	 -0.100425	  0.032622	  0.143090
  0.031569	 -0.033370	  0.059481	 -0.217008	 -0.134698	  0.046718	  0.059467
  0.006451	 -0.019116	  0.056662	 -0.185079	 -0.119494	 -0.033706	 -0.205402
 -0.000011	  0.010279	  0.068541	 -0.150109	 -0.084967	  0.076619	  0.070934
 -0.007043	  0.030329	  0.048934	 -0.149381	 -0.079741	  0.106363	  0.060639
 -0.028139	  0.069575	  0.059703	 -0.120841	 -0.125258	  0.017228	 -0.195297
 -0.029944	  0.102834	  0.063758	 -0.079188	 -0.055668	  0.082511	  0.054653
 -0.042773	  0.085761	  0.067084	 -0.060595	 -0.040052	  0.101548	  0.103876
 -0.064027	  0.072837	  0.003258	 -0.060975	 -0.073406	 -0.014320	 -0.163179
 -0.027157	  0.062670	  0.002022	 -0.032784	 -0.032513	  0.032559	 -0.001539
 -0.072041	  0.031406	  0.031512	  0.032024	 -0.036979	  0.079787	  0.160163
 -0.105332	  0.018134	 -0.004218	 -0.001615	 -0.094850	 -0.000415	 -0.172966
 -0.103558	  0.023646	 -0.033961	 -0.003516	 -0.151074	  0.027681	 -0.061184
 -0.083792	  0.042873	 -0.035671	  0.049920	 -0.115027	  0.116087	  0.173562
 -0.041411	  0.054687	 -0.050400	  0.058124	 -0.121616	  0.046845	 -0.094411
 -0.037230	  0.063873	 -0.026105	  0.113018	 -0.130326	  0.066768	 -0.070877
 -0.044293	  0.031406	 -0.014607	  0.117262	 -0.134793	  0.140794	  0.159498
  0.006134	  0.048542	 -0.020910	  0.137566	 -0.190858	  0.032654	 -0.110439
  0.054661	  0.106508	 -0.040422	  0.106302	 -0.181577	 -0.007732	 -0.121272
  0.105689	  0.151994	 -0.035956	  0.082039	 -0.167893	  0.033763	  0.204825
  0.117663	  0.117500	 -0.051667	  0.060341	 -0.208279	 -0.057462	 -0.016554
  0.089377	  0.094852	 -0.026612	  0.067437	 -0.231878	 -0.066363	 -0.138187
  0.088711	  0.093236	 -0.018440	  0.061925	 -0.233176	  0.011210	  0.196780
  0.041452	  0.083797	 -0.044445	  0.010009	 -0.224180	 -0.048055	  0.073024
  0.049814	  0.044203	 -0.061075	 -0.023440	 -0.247652	 -0.138266	 -0.123933
  0.054914	  0.004102	 -0.056672	 -0.026702	 -0.237769	 -0.015809	  0.174734
  0.060742	  0.010469	 -0.044857	 -0.041146	 -0.242806	 -0.014320	  0.100138
  0.051841	 -0.020605	  0.011842	 -0.079600	 -0.226271	 -0.094364	 -0.131947
  0.074489	  0.015220	  0.048870	 -0.075007	 -0.194659	 -0.003392	  0.115216
  0.088078	  0.057728	 -0.003109	 -0.063731	 -0.219207	 -0.015587	  0.115469
  0.085005	  0.064285	  0.000724	 -0.071713	 -0.261431	 -0.091893	 -0.153581
  0.071480	  0.074960	  0.016942	 -0.034051	 -0.221203	 -0.009062	  0.082337
  0.067014	  0.059946	  0.015231	 -0.024105	 -0.148666	 -0.002981	  0.171186
  0.005310	  0.061371	  0.016308	 -0.061767	 -0.159880	 -0.085970	 -0.123204
  0.014306	  0.065299	  0.040508	 -0.033449	 -0.130675	 -0.032914	  0.053196
 -0.001848	  0.077272	  0.017955	 -0.003294	 -0.142743	  0.017862	  0.200042
 -0.002767	  0.085698	  0.025336	  0.002882	 -0.211637	 -0.102916	 -0.136223
 -0.029818	  0.081421	  0.047920	  0.022109	 -0.191175	 -0.093034	 -0.005752
 -0.028139	  0.065045	  0.062427	  0.022775	 -0.151486	  0.011020	  0.207423
 -0.027410	  0.057443	  0.041617	  0.028223	 -0.198397	 -0.056987	 -0.093334
 -0.016609	  0.081516	  0.082953	  0.019955	 -0.207551	 -0.050937	 -0.011327
 -0.015437	  0.070715	  0.078107	  0.040418	 -0.192410	  0.040668	  0.257248
 -0.019713	  0.058869	  0.040350	 -0.002217	 -0.178600	 -0.018090	  0.037326
  0.004202	  0.069670	  0.046653	  0.047735	 -0.141856	 -0.021859	  0.052245
 -0.047587	  0.070715	  0.091220	  0.034589	 -0.122091	  0.059356	  0.295385
 -0.030356	  0.066281	  0.092867	 -0.016598	 -0.139322	  0.042885	  0.146479
 -0.019016	  0.063905	  0.063504	 -0.022775	 -0.122788	  0.011495	  0.065264
  0.026596	  0.066882	  0.094166	 -0.059771	 -0.107140	  0.032812	  0.255411
  0.042529	  0.077240	  0.093501	 -0.022933	 -0.113539	  0.025432	  0.159878
  0.074933	  0.077019	  0.045544	 -0.005512	 -0.101850	 -0.021384	  0.074101
  0.088870	  0.072236	  0.016878	  0.032309	 -0.054432	 -0.010868	  0.191015
  0.097422	  0.051298	  0.004525	  0.036522	 -0.085664	 -0.006117	  0.208278
  0.096630	  0.084082	  0.011367	  0.017010	 -0.123643	 -0.023633	  0.109102
  0.117124	  0.081168	 -0.000353	 -0.000285	 -0.086646	 -0.019515	  0.124022
  0.072240	  0.069987	  0.031290	 -0.026354	 -0.078917	 -0.021067	  0.144610
  0.083833	  0.034922	  0.034205	 -0.049984	 -0.085696	 -0.009727	  0.085188
  0.098214	  0.035524	  0.053273	 -0.048717	 -0.072582	 -0.002030	  0.029407
  0.073824	  0.000744	  0.026064	 -0.042603	 -0.081008	  0.005223	  0.094754
  0.067267	  0.004324	  0.081274	 -0.003769	 -0.082148	  0.021029	  0.065834
  0.076770	 -0.010057	  0.128882	 -0.003833	 -0.068813	  0.045419	  0.014963
  0.084974	 -0.010659	  0.110447	 -0.028539	 -0.068053	  0.056506	  0.042363
  0.061091	  0.021903	  0.117732	  0.000032	 -0.080248	  0.027966	  0.072486
  0.045411	  0.019084	  0.108958	  0.004815	 -0.067229	  0.016468	  0.106632
  0.041579	  0.021112	  0.102813	 -0.011530	 -0.077714	 -0.020307	  0.119302
  0.016840	  0.023519	  0.102687	 -0.001457	 -0.099126	 -0.030063	  0.156647
  0.012786	  0.003912	  0.068731	  0.028920	 -0.095104	 -0.028321	  0.203780
  0.018202	  0.000681	  0.059323	  0.003199	 -0.110403	  0.007947	  0.200486
 -0.005111	  0.011672	  0.025874	  0.021127	 -0.155350	  0.023627	  0.146733
 -0.063362	  0.008853	  0.002276	  0.005195	 -0.166183	  0.019445	  0.148918
 -0.087118	  0.009867	  0.032431	 -0.019322	 -0.156395	  0.038989	  0.103528
 -0.059624	  0.018388	  0.052291	 -0.055178	 -0.158644	  0.042790	  0.032417
 -0.044293	  0.026908	  0.056409	 -0.046563	 -0.125195	  0.026699	  0.011321
 -0.008342	  0.009645	  0.057518	 -0.017580	 -0.110434	  0.033794	  0.003465
 -0.005269	 -0.034542	  0.074464	  0.038866	 -0.116263	  0.024260	  0.036851
 -0.029437	 -0.050918	  0.070726	  0.027146	 -0.133367	  0.034428	  0.044675
 -0.009292	 -0.090512	  0.049725	  0.047070	 -0.139481	  0.026161	  0.040874
  0.023049	 -0.086901	  0.011050	  0.026164	 -0.122313	 -0.022619	  0.080500
  0.056814	 -0.094662	  0.003321	 -0.003009	 -0.139797	 -0.008746	  0.083350
  0.049846	 -0.079964	 -0.003837	 -0.028730	 -0.143662	 -0.031362	  0.073246
  0.065367	 -0.041035	 -0.001969	 -0.031580	 -0.142490	 -0.048150	  0.095830
  0.106608	 -0.014618	  0.038702	 -0.045898	 -0.161653	 -0.047358	  0.095387
  0.106925	 -0.025673	  0.051119	 -0.041368	 -0.122123	 -0.045584	  0.072993
  0.097581	 -0.009518	  0.048268	 -0.028128	 -0.095484	 -0.060535	  0.041982
  0.093589	 -0.020510	  0.053020	 -0.042857	 -0.074831	 -0.076151	  0.052055
  0.126025	 -0.034447	  0.033983	 -0.079758	 -0.077334	 -0.054770	  0.046005
  0.116586	 -0.034162	  0.030752	 -0.078903	 -0.053197	 -0.045521	  0.065581
  0.104771	 -0.017881	  0.016055	 -0.119606	 -0.044360	 -0.044317	  0.071726
  0.130428	 -0.026718	  0.024005	 -0.128127	 -0.079994	 -0.074060	  0.097288
  0.159347	 -0.041922	  0.019064	 -0.114190	 -0.104955	 -0.079413	  0.109989
  0.143035	 -0.075752	  0.028408	 -0.101519	 -0.105841	 -0.029620	  0.119175
  0.123206	 -0.094250	  0.060907	 -0.112542	 -0.108597	 -0.023316	  0.136977
  0.108414	 -0.098874	  0.085329	 -0.057206	 -0.120856	 -0.021004	  0.192504
  0.111454	 -0.088580	  0.076048	 -0.050744	 -0.129883	 -0.042828	  0.169381
  0.136826	 -0.070082	  0.009086	 -0.093410	 -0.148381	 -0.059299	  0.169634
  0.130365	 -0.045058	 -0.021829	 -0.095564	 -0.123200	 -0.071146	  0.174164
  0.056846	 -0.095865	  0.000375	 -0.096261	 -0.121204	 -0.047579	  0.172738
  0.038443	 -0.069068	 -0.009856	 -0.100823	 -0.100678	 -0.018882	  0.144927
  0.044176	 -0.069923	  0.009720	 -0.079948	 -0.086963	 -0.027466	  0.123008
  0.019628	 -0.055384	 -0.006118	 -0.068007	 -0.059057	 -0.034086	  0.104731
  0.006007	 -0.047529	 -0.051160	 -0.039404	 -0.082528	 -0.016601	  0.105903
  0.030144	 -0.035714	 -0.062088	  0.014697	 -0.068686	  0.026382	  0.079391
  0.043384	 -0.050316	  0.003923	  0.008742	 -0.046609	  0.019034	  0.044105
  0.048040	 -0.059375	 -0.018503	  0.044472	 -0.038690	 -0.027086	  0.044295
  0.041864	 -0.095200	 -0.050749	  0.034716	 -0.037835	 -0.002981	  0.038498
  0.053742	 -0.085412	 -0.029906	  0.020431	 -0.014585	 -0.004754	  0.028901
  0.022922	 -0.055923	 -0.040486	 -0.008806	 -0.018513	  0.013332	  0.009674
  0.044651	 -0.061498	 -0.049672	 -0.021381	  0.003913	 -0.011311	 -0.045061
  0.036225	 -0.057887	 -0.028069	 -0.037979	 -0.025133	 -0.058919	 -0.015952
 -0.022152	 -0.068530	  0.015865	 -0.061799	 -0.012273	 -0.067947	 -0.051048
 -0.080846	 -0.046990	 -0.005738	 -0.031390	  0.006796	 -0.100794	 -0.026943
 -0.099598	 -0.050348	 -0.014354	 -0.049413	  0.002868	 -0.068802	 -0.000874
 -0.085281	 -0.043728	 -0.012548	 -0.047450	 -0.005684	 -0.071653	  0.005492
 -0.050597	 -0.063557	 -0.007068	 -0.005226	  0.038566	 -0.067091	  0.005619
 -0.018288	 -0.051742	 -0.010584	  0.018720	  0.042621	 -0.071653	 -0.014336
 -0.007645	 -0.026338	 -0.019485	  0.005258	  0.054277	 -0.083183	 -0.034007
  0.023714	 -0.047751	  0.010511	 -0.019860	  0.057286	 -0.084925	 -0.026690
  0.063688	 -0.033845	  0.007091	 -0.043807	  0.005529	 -0.095536	 -0.028020
  0.077879	 -0.063842	  0.025684	 -0.033671	 -0.006603	 -0.085400	 -0.029255
  0.070055	 -0.077209	  0.024639	 -0.004403	 -0.005747	 -0.049860	 -0.042717
  0.054059	 -0.060516	  0.038512	 -0.005638	 -0.005367	 -0.015873	 -0.044650
  0.036004	 -0.042619	  0.032652	  0.023852	 -0.006824	 -0.020497	 -0.038346
  0.015446	 -0.020225	  0.037626	  0.009851	 -0.012114	 -0.035796	 -0.052093
  0.045728	 -0.035587	  0.009625	 -0.040101	 -0.025006	 -0.011786	 -0.027482
  0.008826	 -0.032736	  0.002117	 -0.045296	 -0.025133	  0.002658	 -0.001286
  0.023397	 -0.005496	 -0.022811	 -0.035920	 -0.016010	  0.003893	 -0.002711
  0.040058	  0.000966	 -0.042703	 -0.070319	 -0.023771	 -0.008967	  0.020570
  0.045411	 -0.023329	 -0.014575	 -0.078491	 -0.067008	 -0.005958	  0.017244
  0.014401	 -0.010690	  0.029675	 -0.076496	 -0.066311	 -0.006972	 -0.006069
 -0.007962	  0.045312	  0.016751	 -0.039594	 -0.072994	 -0.027972	  0.022819
  0.033755	  0.079046	 -0.000797	 -0.060912	 -0.045025	 -0.028986	  0.013633
  0.057448	  0.082752	 -0.017458	 -0.082197	 -0.076827	 -0.031678	  0.020760
  0.049592	  0.072901	 -0.023856	 -0.081849	 -0.075972	 -0.024900	  0.063078
  0.053900	  0.050253	 -0.025377	 -0.096990	 -0.080153	 -0.032122	  0.064630
  0.065842	  0.022030	 -0.006973	 -0.088723	 -0.082655	 -0.029493	  0.111003
  0.082376	 -0.000649	  0.023118	 -0.023281	 -0.058550	 -0.004248	  0.130388
  0.056434	  0.014745	 -0.015906	  0.000127	 -0.045975	 -0.020180	  0.153955
  0.038981	  0.029062	 -0.047803	 -0.006335	 -0.037676	 -0.040009	  0.119270
  0.067742	 -0.019274	 -0.030350	 -0.038739	 -0.048446	 -0.022841	  0.104224
  0.047027	 -0.021808	 -0.030825	 -0.026259	 -0.047242	 -0.057082	  0.091238
