:RUN-3	LEVEL SWEEP	TEMP:NaN	8/27/2019	11:23 AM	HR:451.90:SW EAR: R	SW FREQ: 11.30	# AVERAGES: 512	REP RATE (/sec): 80	DRIVER: 	SAMPLE (µsec): 40	MASKER dB: 0:NOTES-:CHAMBER-SEWELL-PXI1:CFTS Version: V2.7.2 (R850):LEVELS:20;30;40;50;60;70;80;:DATA -0.000325	 -0.069358	 -0.009480	  0.066933	 -0.007721	  0.058767	 -0.069839
 -0.065988	 -0.073887	 -0.017273	  0.032850	 -0.015260	  0.037165	 -0.058310
 -0.058100	 -0.047755	 -0.004983	  0.008524	  0.000293	  0.066591	 -0.044626
 -0.002732	 -0.057068	  0.016335	  0.025153	 -0.009590	  0.081700	 -0.061477
  0.036577	 -0.052887	  0.012122	  0.025058	 -0.024952	  0.050215	 -0.100121
  0.064293	 -0.011835	  0.000434	 -0.023151	 -0.001512	  0.042454	 -0.100754
  0.048994	  0.029374	  0.051463	  0.006307	  0.018791	  0.040966	 -0.064455
  0.010001	  0.022311	  0.037494	 -0.013681	  0.002510	  0.055916	 -0.082256
  0.010065	  0.013948	  0.007244	 -0.001042	 -0.014373	  0.017114	 -0.025494
  0.019536	  0.014962	  0.015511	  0.000637	 -0.013296	 -0.031191	 -0.028535
  0.017192	  0.021075	  0.014529	 -0.025749	 -0.020581	 -0.048264	 -0.027173
  0.002431	  0.015342	  0.054852	 -0.053845	 -0.008101	 -0.081586	 -0.046019
 -0.011284	 -0.002016	  0.073224	 -0.031292	  0.002732	 -0.061156	 -0.033159
 -0.024525	  0.020537	  0.043101	 -0.025876	  0.008624	 -0.070595	 -0.002593
 -0.025697	  0.054714	 -0.010906	 -0.024355	 -0.014468	 -0.119343	  0.009191
 -0.042168	  0.050628	 -0.035454	 -0.033573	 -0.023178	 -0.068124	  0.041404
 -0.036625	 -0.011677	 -0.053477	  0.014732	 -0.020169	 -0.002176	  0.082772
 -0.013217	  0.023578	 -0.062251	  0.015397	  0.001560	 -0.009905	  0.145553
  0.016305	  0.033967	 -0.073275	  0.024045	  0.058797	  0.022404	  0.204849
  0.055266	  0.026048	 -0.059211	  0.012927	  0.079893	  0.019046	  0.261041
  0.053650	 -0.057321	 -0.049170	  0.041593	  0.092405	  0.057088	  0.258380
  0.054632	 -0.046172	 -0.019395	  0.098545	  0.086577	  0.094719	  0.267123
  0.071673	 -0.074838	  0.027643	  0.136144	  0.092627	  0.110145	  0.276879
  0.079085	 -0.078449	  0.048422	  0.141148	  0.097188	  0.119267	  0.266394
  0.035215	 -0.084404	  0.036544	  0.141338	  0.113152	  0.117968	  0.216949
  0.004237	 -0.076960	  0.011457	  0.141465	  0.109003	  0.122466	  0.184038
  0.023432	 -0.057004	 -0.005331	  0.144759	  0.092436	  0.145272	  0.179255
  0.040061	 -0.049276	 -0.022436	  0.149257	  0.092151	  0.143594	  0.190278
  0.046808	 -0.071132	 -0.026965	  0.126799	  0.085531	  0.160667	  0.236588
  0.037084	 -0.081743	 -0.031431	  0.089771	  0.068680	  0.197790	  0.299907
  0.026061	 -0.090549	  0.020960	  0.078970	  0.078088	  0.292531	  0.407286
 -0.002352	 -0.079589	  0.034327	  0.108745	  0.127945	  0.338777	  0.535698
  0.032047	 -0.078892	  0.049531	  0.138234	  0.198295	  0.434975	  0.631864
  0.024794	 -0.084752	  0.026028	  0.178082	  0.240107	  0.502823	  0.685965
  0.034993	 -0.079209	  0.032268	  0.193413	  0.271624	  0.568106	  0.687042
  0.039428	 -0.075883	  0.034992	  0.244220	  0.342513	  0.611121	  0.642950
  0.018744	 -0.064353	  0.058083	  0.236998	  0.407954	  0.632312	  0.543680
  0.027043	 -0.078259	  0.099704	  0.236491	  0.394366	  0.564780	  0.415680
  0.048899	 -0.050479	  0.136955	  0.282294	  0.327087	  0.418820	  0.235922
  0.019282	 -0.053774	  0.196789	  0.319195	  0.274570	  0.278816	  0.040264
  0.013707	 -0.034927	  0.210536	  0.318942	  0.175806	  0.097348	 -0.116275
  0.012314	 -0.050669	  0.224759	  0.263637	  0.065227	 -0.056784	 -0.274177
  0.004395	 -0.032298	  0.228274	  0.202218	 -0.062741	 -0.171037	 -0.403697
 -0.024841	 -0.060457	  0.245316	  0.129967	 -0.197963	 -0.270561	 -0.533566
 -0.051892	 -0.058683	  0.231695	  0.067820	 -0.273698	 -0.348546	 -0.619406
 -0.085690	 -0.036891	  0.151177	 -0.016658	 -0.337683	 -0.357098	 -0.680001
 -0.087527	 -0.065113	  0.086939	 -0.054763	 -0.389155	 -0.345790	 -0.715160
 -0.086418	 -0.071575	  0.046458	 -0.075447	 -0.384119	 -0.312467	 -0.705278
 -0.099627	 -0.050606	 -0.003050	 -0.084507	 -0.354946	 -0.276579	 -0.688680
 -0.094812	 -0.053140	 -0.078881	 -0.137404	 -0.309016	 -0.202713	 -0.606546
 -0.058734	 -0.025678	 -0.087433	 -0.126445	 -0.246679	 -0.168503	 -0.454124
 -0.048123	 -0.087444	 -0.130829	 -0.123657	 -0.170405	 -0.052667	 -0.293530
 -0.042928	 -0.146836	 -0.161649	 -0.081307	 -0.079877	  0.010462	 -0.098727
 -0.010841	 -0.151777	 -0.129593	 -0.040953	 -0.008418	  0.082967	  0.081569
  0.024319	 -0.202299	 -0.078184	  0.022873	  0.119962	  0.166590	  0.335700
  0.005092	 -0.207019	 -0.048029	  0.107794	  0.227152	  0.306658	  0.531960
  0.063754	 -0.183706	  0.005312	  0.200064	  0.332947	  0.394842	  0.726922
  0.078388	 -0.202743	  0.083392	  0.258284	  0.414733	  0.472193	  0.780770
  0.040632	 -0.173918	  0.101605	  0.280900	  0.408714	  0.477927	  0.805698
  0.054695	 -0.146646	  0.140280	  0.327368	  0.422588	  0.480777	  0.754352
  0.064768	 -0.143066	  0.182820	  0.346056	  0.427561	  0.453568	  0.632149
  0.050229	 -0.139265	  0.198310	  0.363762	  0.373935	  0.399815	  0.479949
  0.047315	 -0.098151	  0.203726	  0.375736	  0.313435	  0.295667	  0.294427
  0.033219	 -0.064353	  0.236542	  0.344789	  0.215685	  0.183283	  0.096709
  0.006042	 -0.042687	  0.252031	  0.324232	  0.163484	  0.091013	 -0.095686
  0.012124	 -0.039456	  0.240850	  0.280805	  0.133614	  0.024811	 -0.213202
  0.081714	 -0.023524	  0.222541	  0.228287	  0.069092	  0.002765	 -0.212853
  0.064863	 -0.007971	  0.187033	  0.174661	 -0.017762	  0.015214	 -0.169300
  0.053998	  0.022944	  0.120610	  0.123283	 -0.061157	  0.026617	 -0.101230
  0.069234	  0.029342	  0.108732	  0.077386	 -0.113833	  0.073211	 -0.054287
  0.067999	  0.062823	  0.073984	  0.040136	 -0.077945	  0.107230	  0.033422
  0.092611	  0.058009	  0.079115	  0.018628	 -0.072624	  0.168554	  0.092338
  0.056216	  0.040112	  0.079337	  0.052648	 -0.000689	  0.256738	  0.087745
  0.012789	  0.012808	  0.073541	  0.082169	  0.063390	  0.284390	  0.071338
 -0.004474	 -0.009206	  0.046427	  0.107858	  0.106564	  0.311283	  0.036336
 -0.002130	 -0.013134	  0.039014	  0.144158	  0.152620	  0.289047	  0.017870
 -0.035263	 -0.003125	  0.026883	  0.176245	  0.172480	  0.253317	 -0.022105
 -0.027154	 -0.039140	  0.045286	  0.152235	  0.188856	  0.156834	 -0.045386
  0.044591	 -0.083168	  0.079274	  0.143081	  0.149135	  0.053858	 -0.092424
  0.010762	 -0.063213	  0.098627	  0.141592	  0.112772	 -0.058178	 -0.115990
 -0.017778	 -0.058208	  0.112501	  0.130189	  0.057245	 -0.137968	 -0.181463
 -0.005424	 -0.042592	  0.106483	  0.077639	  0.016416	 -0.201255	 -0.243167
 -0.047299	 -0.032139	  0.130239	  0.019610	 -0.037876	 -0.228306	 -0.230592
 -0.026488	 -0.013736	  0.117062	 -0.021726	 -0.086687	 -0.204961	 -0.249248
 -0.045050	  0.005142	  0.102397	 -0.070379	 -0.133472	 -0.248990	 -0.278104
 -0.068553	  0.054271	  0.082758	 -0.115105	 -0.171641	 -0.276136	 -0.272340
 -0.056073	  0.049488	  0.040630	 -0.171582	 -0.190202	 -0.274330	 -0.258244
 -0.032507	  0.024148	  0.050829	 -0.196954	 -0.212280	 -0.263466	 -0.262615
 -0.040711	  0.008405	  0.001258	 -0.201293	 -0.164292	 -0.265841	 -0.227329
 -0.009764	 -0.022193	  0.002208	 -0.185678	 -0.116779	 -0.262674	 -0.217415
 -0.011411	 -0.054597	 -0.004381	 -0.201864	 -0.078325	 -0.210916	 -0.195907
  0.002970	 -0.089313	 -0.018096	 -0.178836	 -0.071990	 -0.164164	 -0.144276
  0.036545	 -0.088585	 -0.031051	 -0.103417	 -0.060809	 -0.119882	 -0.093121
  0.027676	 -0.126563	 -0.024590	 -0.065375	 -0.036799	 -0.048707	 -0.051309
  0.040125	 -0.142655	 -0.018445	 -0.029993	 -0.037179	 -0.002018	 -0.025874
  0.044781	 -0.144777	 -0.003716	 -0.041745	 -0.002748	  0.075397	  0.019517
  0.050641	 -0.151302	 -0.027092	  0.006845	  0.059779	  0.143562	  0.044319
  0.070280	 -0.146107	 -0.024558	  0.064779	  0.088825	  0.153603	  0.100986
  0.033346	 -0.122731	 -0.006883	  0.098545	  0.153253	  0.164088	  0.173427
  0.026758	 -0.139265	  0.045635	  0.132501	  0.140615	  0.170264	  0.190468
  0.033853	 -0.132677	  0.071418	  0.175073	  0.136560	  0.214705	  0.237823
  0.006961	 -0.093589	  0.118076	  0.235953	  0.084233	  0.261331	  0.312640
  0.035595	 -0.096789	  0.138570	  0.243935	  0.110681	  0.287495	  0.339089
  0.064356	 -0.066982	  0.140375	  0.242129	  0.112930	  0.300101	  0.395249
  0.074017	 -0.036384	  0.174236	  0.274977	  0.103143	  0.296490	  0.386158
  0.054790	 -0.005342	  0.176390	  0.256193	  0.077454	  0.300196	  0.360375
  0.036450	  0.014233	  0.159096	  0.244315	  0.120659	  0.290979	  0.305355
  0.010635	  0.026745	  0.165082	  0.270922	  0.137162	  0.256833	  0.245235
  0.003381	  0.003780	  0.155991	  0.221604	  0.136338	  0.250498	  0.164083
 -0.026584	 -0.024442	  0.155421	  0.155561	  0.155597	  0.242674	  0.135037
 -0.031430	 -0.035275	  0.101732	  0.117297	  0.125442	  0.219361	  0.062595
 -0.025697	 -0.048199	  0.059952	  0.117899	  0.094654	  0.158703	 -0.008072
 -0.010936	 -0.061978	  0.083708	  0.077893	  0.073400	  0.122371	 -0.051721
 -0.019108	 -0.025646	  0.091596	  0.025977	  0.085119	  0.109828	 -0.126918
 -0.022212	 -0.068027	  0.109429	  0.018818	  0.032633	  0.079958	 -0.166892
 -0.040616	 -0.064670	  0.078735	 -0.011178	 -0.027645	  0.037418	 -0.239492
 -0.073526	 -0.035909	  0.082315	 -0.010165	 -0.031699	  0.025255	 -0.319092
 -0.082585	 -0.002206	  0.025869	 -0.036867	 -0.043704	 -0.025362	 -0.382095
 -0.062092	  0.024781	  0.024222	 -0.045673	 -0.084819	 -0.040630	 -0.408543
 -0.053412	  0.006948	  0.019788	 -0.080801	 -0.108670	 -0.040028	 -0.446237
 -0.049675	  0.035677	  0.010570	 -0.090208	 -0.117222	 -0.034612	 -0.492736
 -0.048471	  0.017337	 -0.005173	 -0.079312	 -0.116367	 -0.062328	 -0.491153
 -0.050847	 -0.009967	 -0.010589	 -0.107218	 -0.139997	 -0.081364	 -0.507782
 -0.039539	  0.005396	 -0.035613	 -0.122359	 -0.172908	 -0.060997	 -0.506357
 -0.062788	  0.028360	 -0.083822	 -0.130372	 -0.142848	 -0.103442	 -0.468156
 -0.061173	  0.026555	 -0.106280	 -0.105000	 -0.134612	 -0.073319	 -0.414562
 -0.027946	  0.050977	 -0.103619	 -0.096416	 -0.103159	 -0.058907	 -0.326409
 -0.029498	  0.037800	 -0.089619	 -0.089511	 -0.053713	 -0.001764	 -0.252764
 -0.011886	 -0.004835	 -0.067351	 -0.075226	 -0.025332	 -0.007498	 -0.165245
 -0.013945	 -0.028908	 -0.061080	 -0.047541	 -0.030052	 -0.014783	 -0.105221
  0.011332	 -0.068281	 -0.035803	  0.019547	  0.013121	  0.036088	 -0.053368
  0.028025	 -0.110092	  0.011995	  0.072920	  0.041186	  0.084044	 -0.023023
  0.060397	 -0.144017	  0.009556	  0.121668	  0.060539	  0.061396	 -0.057613
  0.064325	 -0.154469	  0.033693	  0.146311	  0.085911	  0.040269	 -0.105822
  0.074587	 -0.118011	  0.028087	  0.158411	  0.093355	  0.004983	 -0.161508
  0.083742	 -0.207272	  0.028277	  0.157556	  0.066431	 -0.047123	 -0.259986
  0.061981	 -0.230997	  0.053839	  0.157208	  0.002700	 -0.087129	 -0.357008
  0.069519	 -0.203281	  0.066382	  0.159963	 -0.033980	 -0.136543	 -0.389950
  0.066162	 -0.203344	  0.098437	  0.137442	 -0.040948	 -0.171449	 -0.461663
  0.051971	 -0.201127	  0.097297	  0.129745	 -0.052700	 -0.206704	 -0.505121
  0.037306	 -0.199512	  0.122257	  0.121478	 -0.052510	 -0.237745	 -0.547376
  0.042310	 -0.201286	  0.101890	  0.069784	 -0.125173	 -0.224980	 -0.597202
  0.039650	 -0.217598	  0.118076	  0.038837	 -0.128974	 -0.246836	 -0.609112
  0.048012	 -0.180823	  0.143195	  0.013243	 -0.164450	 -0.235877	 -0.614655
  0.021690	 -0.185638	  0.152380	 -0.017006	 -0.201384	 -0.209713	 -0.636859
  0.008734	 -0.172999	  0.142910	 -0.037912	 -0.192451	 -0.193843	 -0.636511
  0.038763	 -0.162515	  0.118900	 -0.072185	 -0.169993	 -0.196726	 -0.648072
  0.066035	 -0.138600	  0.099736	 -0.097905	 -0.190963	 -0.250479	 -0.684404
  0.054189	 -0.130966	  0.114022	 -0.091127	 -0.201320	 -0.264163	 -0.702237
  0.029133	 -0.108002	  0.155263	 -0.111779	 -0.190297	 -0.254248	 -0.702965
  0.023780	 -0.098816	  0.142783	 -0.100313	 -0.163912	 -0.261470	 -0.722541
  0.028120	 -0.065208	  0.064608	 -0.106743	 -0.149024	 -0.225867	 -0.708920
 -0.008339	 -0.042339	 -0.002765	 -0.101833	 -0.166731	 -0.216650	 -0.715984
 -0.017208	 -0.050163	 -0.060858	 -0.150169	 -0.171577	 -0.162390	 -0.690770
 -0.014135	 -0.032583	 -0.095067	 -0.157075	 -0.131730	 -0.162738	 -0.651271
 -0.006343	 -0.045981	 -0.113344	 -0.158595	 -0.139110	 -0.126755	 -0.629320
  0.013169	 -0.054375	 -0.080180	 -0.158468	 -0.125173	 -0.098216	 -0.614623
  0.026188	 -0.020008	 -0.084171	 -0.140794	 -0.093308	 -0.110221	 -0.547978
 -0.008085	 -0.031886	 -0.109289	 -0.100122	 -0.050451	 -0.139774	 -0.478609
  0.005314	 -0.047027	 -0.104443	 -0.063221	 -0.044971	 -0.142910	 -0.433725
 -0.033774	 -0.113323	 -0.078849	 -0.021568	 -0.046428	 -0.151462	 -0.393783
 -0.035769	 -0.149021	 -0.066876	  0.017076	 -0.055519	 -0.114402	 -0.372750
  0.011617	 -0.146234	 -0.026078	  0.035480	 -0.026188	 -0.086686	 -0.362393
  0.049596	 -0.150003	  0.007086	  0.062974	  0.006026	 -0.075694	 -0.323590
  0.035310	 -0.144872	  0.054092	  0.072698	  0.006850	 -0.031571	 -0.280607
  0.014278	 -0.153297	  0.052033	  0.062974	  0.003809	 -0.009810	 -0.269045
  0.010888	 -0.171637	  0.054599	  0.105292	  0.026362	 -0.035942	 -0.267335
  0.015608	 -0.160963	  0.047408	  0.149067	  0.004728	 -0.042309	 -0.264231
  0.007531	 -0.188235	  0.034928	  0.182896	  0.012615	 -0.045128	 -0.279245
  0.020993	 -0.187538	  0.054187	  0.165918	  0.018823	 -0.038793	 -0.295558
  0.024826	 -0.183991	  0.076930	  0.134655	 -0.020201	 -0.060902	 -0.261285
  0.002748	 -0.179746	  0.103474	  0.085431	 -0.071262	 -0.060585	 -0.243768
 -0.012868	 -0.192543	  0.118741	  0.081409	 -0.138128	 -0.085292	 -0.248900
  0.033251	 -0.167741	  0.138602	  0.033611	 -0.166002	 -0.079115	 -0.251687
  0.069171	 -0.138537	  0.122542	  0.031869	 -0.177501	 -0.088650	 -0.308608
  0.077850	 -0.100685	  0.133755	  0.037158	 -0.210380	 -0.076550	 -0.271801
  0.038636	 -0.079811	  0.100750	  0.018945	 -0.181397	 -0.067649	 -0.213645
  0.036735	 -0.089630	  0.072527	  0.000352	 -0.142404	 -0.071355	 -0.204364
  0.033663	 -0.041072	  0.079844	 -0.050772	 -0.111521	 -0.100781	 -0.176965
  0.015703	 -0.032741	  0.107148	 -0.066578	 -0.120580	 -0.090582	 -0.153684
  0.013993	 -0.015193	  0.090804	 -0.043867	 -0.071262	 -0.066192	 -0.142407
  0.017730	  0.017718	  0.088301	 -0.061067	 -0.068696	 -0.056658	 -0.101705
  0.037021	 -0.010030	  0.085355	 -0.076366	 -0.051401	 -0.044969	 -0.117067
  0.037116	 -0.023809	  0.094921	 -0.072058	 -0.036545	 -0.060142	 -0.080704
  0.015006	 -0.024379	  0.086527	 -0.053908	 -0.040061	 -0.073477	 -0.050359
 -0.002194	 -0.049371	  0.074491	 -0.003893	 -0.019884	 -0.059065	  0.001525
 -0.032222	 -0.027768	  0.057798	 -0.000630	 -0.024857	 -0.064386	  0.030666
 -0.020787	 -0.029637	  0.048359	  0.020117	 -0.012599	 -0.027643	  0.038205
 -0.005139	 -0.001478	  0.048074	  0.044697	 -0.061315	  0.006376	  0.021259
  0.002811	 -0.022288	  0.035055	  0.064938	 -0.038097	 -0.027991	  0.017585
 -0.032000	 -0.050384	  0.054314	  0.088947	 -0.000657	 -0.050798	 -0.002276
 -0.044860	 -0.062453	  0.058748	  0.082771	  0.025253	 -0.078894	  0.031237
 -0.074255	 -0.018804	  0.132457	  0.103708	 -0.006010	 -0.060110	  0.047644
 -0.081984	 -0.056751	  0.113356	  0.134940	 -0.007879	 -0.038951	  0.019200
 -0.076916	 -0.079272	  0.058717	  0.121320	 -0.023717	 -0.024951	  0.005104
 -0.086133	 -0.099006	  0.041105	  0.054105	  0.007768	  0.012680	  0.024173
 -0.088857	 -0.099861	  0.026883	  0.048815	 -0.019662	  0.069854	  0.041278
 -0.055408	 -0.119563	  0.026218	  0.055308	  0.001528	  0.066084	  0.053979
 -0.010017	 -0.093336	  0.049182	  0.066458	  0.054014	  0.095067	  0.066111
  0.007341	 -0.095332	  0.071830	  0.086413	  0.066273	  0.118348	  0.089266
 -0.007832	 -0.078892	  0.066762	  0.147040	  0.080907	  0.165070	  0.068899
  0.045478	 -0.064702	  0.061662	  0.172665	  0.101876	  0.237859	  0.092845
  0.054474	 -0.067362	  0.063056	  0.177955	  0.082966	  0.276852	  0.069880
  0.065972	 -0.071702	  0.085260	  0.222427	  0.085278	  0.298739	  0.104343
  0.096317	 -0.067742	  0.116746	  0.277827	  0.127628	  0.311219	  0.165508
  0.059510	 -0.024252	  0.157163	  0.271176	  0.139221	  0.339917	  0.142987
  0.046872	  0.006663	  0.172811	  0.256130	  0.183946	  0.401526	  0.168454
  0.053017	  0.036406	  0.176074	  0.266361	  0.186924	  0.432187	  0.239565
  0.065813	  0.057280	  0.189441	  0.275135	  0.214576	  0.430762	  0.245330
  0.073352	  0.047587	  0.180065	  0.283972	  0.199404	  0.415495	  0.249131
  0.073701	  0.005142	  0.162136	  0.247577	  0.169376	  0.402064	  0.271240
  0.075474	 -0.014781	  0.127135	  0.262275	  0.212708	  0.395127	  0.294744
  0.081366	 -0.031411	  0.164987	  0.275515	  0.261266	  0.383724	  0.275010
 -0.015234	  0.002026	  0.052397	  0.065707	  0.006986	  0.060766	  0.001889
 -0.001519	  0.022710	  0.065764	  0.089210	 -0.014490	  0.063680	  0.016333
  0.011120	 -0.000382	  0.065448	  0.080975	 -0.007806	  0.032733	  0.034768
  0.022143	 -0.008554	  0.092783	  0.030833	  0.016964	 -0.018296	  0.032044
  0.007287	  0.038896	  0.085466	  0.006981	  0.016805	 -0.056623	  0.014750
 -0.003324	  0.039086	  0.088666	  0.015597	  0.000081	 -0.045188	 -0.005649
 -0.010198	  0.046276	  0.091548	 -0.005562	  0.012276	 -0.027418	  0.065493
 -0.007696	  0.045294	  0.046347	 -0.020608	 -0.016992	 -0.035590	  0.057765
 -0.004085	  0.032751	  0.042135	 -0.062198	 -0.031341	 -0.055831	 -0.043343
 -0.032814	  0.033067	  0.010174	 -0.054120	 -0.012146	  0.052530	  0.248894
 -0.027429	  0.018845	 -0.052701	 -0.067646	 -0.040210	 -0.125263	 -0.295193
 -0.001075	 -0.018817	 -0.076046	 -0.019594	  0.024724	  0.142520	  0.489753
  0.023726	 -0.041750	 -0.103794	 -0.016807	 -0.051740	 -0.143667	 -0.506309
  0.024613	 -0.033577	 -0.080449	  0.026430	  0.090039	  0.188037	  0.524057
  0.015079	  0.004338	 -0.069964	 -0.024821	 -0.026241	 -0.149717	 -0.429560
  0.005196	 -0.017486	 -0.049407	 -0.037396	  0.008570	  0.082685	  0.319783
 -0.010673	 -0.036333	 -0.074652	 -0.048704	 -0.021300	 -0.054025	 -0.238019
 -0.022995	 -0.027939	 -0.069869	 -0.003820	  0.021208	  0.042458	 -0.005016
 -0.000188	 -0.036555	 -0.048203	  0.033905	  0.024597	  0.052784	  0.005690
  0.028066	 -0.061895	 -0.015641	  0.011638	  0.000017	 -0.006576	 -0.288130
  0.041148	 -0.068800	  0.019360	  0.047526	  0.037426	  0.190223	  0.326498
  0.021667	 -0.048211	 -0.025112	  0.040050	 -0.064188	 -0.065334	 -0.556800
 -0.000188	 -0.012133	 -0.053272	  0.065422	  0.035304	  0.211287	  0.422221
  0.021984	 -0.031392	 -0.044656	  0.057820	 -0.079804	 -0.140309	 -0.625820
  0.026514	 -0.061293	 -0.041837	  0.098238	 -0.009549	  0.205237	  0.440466
 -0.027144	 -0.056827	 -0.016623	  0.090952	 -0.115692	 -0.097896	 -0.426899
 -0.000980	 -0.065569	 -0.006931	  0.116483	 -0.056745	  0.144484	  0.259346
  0.037885	 -0.072348	  0.011124	  0.087278	 -0.093013	  0.006284	 -0.168650
  0.084416	 -0.049478	  0.002794	  0.104098	 -0.114964	 -0.011169	 -0.053669
  0.063732	 -0.080299	  0.018093	  0.086708	 -0.080438	  0.059214	  0.149528
  0.059044	 -0.064461	  0.017903	  0.077744	 -0.100932	 -0.090199	 -0.384201
  0.047800	 -0.053501	 -0.015863	  0.092378	 -0.046957	  0.156615	  0.342747
  0.043935	 -0.075421	 -0.052923	  0.034951	 -0.153418	 -0.114620	 -0.582995
  0.047451	 -0.048148	 -0.024289	  0.049458	 -0.060546	  0.178440	  0.460960
  0.019450	 -0.073457	 -0.048584	  0.024371	 -0.132037	 -0.174202	 -0.555945
  0.051379	 -0.071271	 -0.002591	  0.091649	 -0.038785	  0.148443	  0.448100
  0.026070	 -0.091987	 -0.023782	  0.057757	 -0.086234	 -0.058808	 -0.331683
  0.027844	 -0.088154	 -0.032271	  0.070364	 -0.053451	  0.125859	  0.184213
  0.035953	 -0.114476	 -0.023275	  0.084427	 -0.071062	  0.065042	 -0.068398
  0.025469	 -0.106367	 -0.011207	  0.086803	 -0.045975	  0.040589	 -0.156614
  0.049859	 -0.086317	 -0.032366	  0.074006	  0.013068	  0.197477	  0.191815
  0.079190	 -0.061768	 -0.074779	  0.061083	 -0.090796	  0.037770	 -0.459208
  0.058474	 -0.058664	 -0.087227	  0.111225	 -0.003879	  0.307041	  0.413288
  0.052107	 -0.057809	 -0.108006	  0.081038	 -0.121996	 -0.035749	 -0.595634
  0.069846	 -0.049257	 -0.059290	  0.075653	 -0.021870	  0.287023	  0.455163
  0.052519	 -0.052678	 -0.032429	  0.048824	 -0.132924	 -0.022255	 -0.592244
  0.020654	 -0.068737	 -0.034963	  0.079708	 -0.018924	  0.277362	  0.285035
  0.011310	 -0.081787	 -0.031859	  0.100012	 -0.140019	  0.065454	 -0.348028
 -0.003673	 -0.100476	 -0.019537	  0.124718	 -0.077207	  0.164819	 -0.002323
 -0.011908	 -0.083941	 -0.026506	  0.059404	 -0.070745	  0.128076	 -0.068493
 -0.031135	 -0.080425	 -0.048932	  0.030579	 -0.083795	  0.075812	 -0.326520
 -0.052516	 -0.090815	 -0.052100	  0.056933	 -0.033812	  0.252845	  0.253962
 -0.069557	 -0.139500	 -0.046556	  0.031245	 -0.122249	 -0.012056	 -0.474951
 -0.018972	 -0.157111	 -0.056249	  0.035299	  0.015285	  0.258040	  0.514903
  0.020115	 -0.174438	 -0.079024	  0.015375	 -0.092696	 -0.100145	 -0.526423
  0.006273	 -0.144504	 -0.083458	  0.028711	  0.004104	  0.248981	  0.520826
 -0.030090	 -0.127590	 -0.109369	  0.005556	 -0.088452	 -0.030586	 -0.407102
 -0.022171	 -0.121793	 -0.071897	  0.022534	 -0.022314	  0.217749	  0.314651
 -0.011275	 -0.082706	 -0.021501	  0.025195	 -0.075782	  0.082020	 -0.172547
 -0.010261	 -0.066393	  0.035989	  0.019841	 -0.045753	  0.120030	 -0.011034
 -0.047448	 -0.088978	  0.067063	  0.032638	 -0.033875	  0.145846	  0.098372
 -0.055779	 -0.048750	  0.035863	  0.016009	 -0.108090	  0.026018	 -0.333584
 -0.062937	 -0.073267	  0.013975	  0.066816	 -0.079012	  0.220251	  0.364508
 -0.061322	 -0.080900	 -0.005980	  0.032068	 -0.181957	 -0.055768	 -0.522210
 -0.046054	 -0.115553	  0.007228	  0.056997	 -0.090352	  0.279642	  0.496151
 -0.056254	 -0.118404	  0.002445	 -0.023617	 -0.223674	 -0.043953	 -0.581000
 -0.044122	 -0.101711	  0.030320	  0.000773	 -0.090986	  0.228518	  0.414904
 -0.034303	 -0.110295	  0.026740	 -0.013259	 -0.224656	 -0.030364	 -0.430859
 -0.012859	 -0.116757	  0.031840	 -0.010028	 -0.146861	  0.206441	  0.178796
 -0.014284	 -0.073742	  0.045239	 -0.007273	 -0.172803	  0.112777	 -0.106282
 -0.029013	 -0.077701	  0.044130	 -0.033436	 -0.176953	  0.124560	 -0.105807
 -0.070413	 -0.057746	  0.041976	 -0.072619	 -0.135775	  0.225414	  0.185670
 -0.037502	 -0.024645	  0.001653	 -0.075596	 -0.198650	  0.059879	 -0.368680
 -0.002121	 -0.005893	 -0.027393	 -0.053234	 -0.091303	  0.331748	  0.431818
 -0.006777	 -0.001617	 -0.040570	 -0.073981	 -0.157979	  0.027507	 -0.520753
 -0.033891	  0.004338	 -0.039493	 -0.017282	 -0.037866	  0.374478	  0.551931
 -0.035221	  0.027714	 -0.063471	 -0.044111	 -0.117023	  0.059436	 -0.467444
 -0.035665	 -0.003613	 -0.035565	  0.026145	  0.018136	  0.330830	  0.451235
 -0.024864	 -0.030220	 -0.063661	 -0.005942	 -0.086456	  0.070617	 -0.257816
  0.005988	 -0.013052	 -0.034995	  0.015945	 -0.031214	  0.210400	  0.228906
  0.051126	 -0.039469	  0.002889	 -0.020101	 -0.028585	  0.181987	  0.081838
  0.060438	 -0.104308	  0.001495	  0.019588	 -0.041034	  0.136185	 -0.134314
  0.062212	 -0.085303	 -0.005727	  0.060639	 -0.008408	  0.254587	  0.328113
  0.058189	 -0.058031	  0.012581	  0.025701	 -0.030549	  0.000266	 -0.431936
  0.040894	 -0.027116	  0.042831	  0.056616	  0.077305	  0.289082	  0.501758
  0.031962	 -0.014097	  0.067601	 -0.000019	  0.000683	 -0.052347	 -0.555691
 -0.018528	 -0.026102	  0.067855	  0.053291	  0.064033	  0.280339	  0.508124
  0.000793	 -0.063986	  0.068995	  0.020000	 -0.095262	 -0.043668	 -0.416351
  0.055623	 -0.085810	  0.098168	  0.039417	 -0.049364	  0.208943	  0.374011
  0.089104	 -0.099494	  0.110965	 -0.006734	 -0.086361	 -0.009680	 -0.204602
  0.076941	 -0.079950	  0.101399	 -0.031789	 -0.031056	  0.084839	  0.082028
  0.088914	 -0.091733	  0.089647	  0.017909	 -0.054179	  0.099156	  0.141197
  0.079095	 -0.108933	  0.124459	  0.036249	 -0.094375	 -0.013354	 -0.169506
  0.080679	 -0.077606	  0.133708	  0.067196	 -0.039070	  0.180974	  0.495993
  0.094711	 -0.090276	  0.076376	  0.049426	 -0.133652	 -0.071669	 -0.363897
  0.102598	 -0.067248	  0.072733	  0.096527	 -0.025418	  0.276443	  0.656523
  0.110802	 -0.094996	  0.048533	  0.101912	 -0.142363	 -0.063180	 -0.380178
  0.107888	 -0.111087	  0.045112	  0.132035	 -0.044835	  0.268873	  0.624658
  0.096675	 -0.142445	  0.059746	  0.094659	 -0.140051	  0.003972	 -0.250436
  0.098829	 -0.139785	  0.051067	  0.095165	 -0.083004	  0.255442	  0.374074
  0.076909	 -0.146943	  0.039030	  0.071219	 -0.108597	  0.119144	 -0.042551
  0.064841	 -0.206366	  0.034374	  0.068621	 -0.068370	  0.146638	  0.022700
  0.028351	 -0.204561	  0.064624	  0.080215	 -0.024689	  0.245401	  0.228685
  0.010676	 -0.124771	  0.061171	  0.076445	 -0.039228	  0.097034	 -0.322751
  0.039976	 -0.121540	  0.077357	  0.133239	  0.037394	  0.331368	  0.447498
  0.029365	 -0.105259	  0.065574	  0.099125	 -0.071664	  0.030801	 -0.503775
  0.022871	 -0.102091	  0.093005	  0.139257	  0.057571	  0.349296	  0.568592
  0.032279	 -0.122838	  0.074348	  0.119365	 -0.048192	  0.037041	 -0.467254
  0.039596	 -0.155686	  0.053031	  0.108881	  0.027131	  0.329848	  0.484653
  0.064049	 -0.146468	  0.055501	  0.052847	 -0.045532	  0.073246	 -0.286926
  0.063257	 -0.115490	  0.122621	  0.067101	 -0.002136	  0.203558	  0.247151
  0.030473	 -0.095978	  0.143749	  0.050535	 -0.033558	  0.146004	  0.031094
  0.016156	 -0.096200	  0.140011	  0.046195	 -0.088198	  0.112650	 -0.058484
 -0.026732	 -0.099145	  0.151446	  0.056807	 -0.112968	  0.212237	  0.341322
 -0.065250	 -0.068294	  0.134563	  0.038181	 -0.154115	  0.015819	 -0.311886
 -0.082196	 -0.050239	  0.151889	  0.053164	 -0.079393	  0.266465	  0.502296
 -0.066707	 -0.056510	  0.145143	  0.025226	 -0.137929	 -0.000684	 -0.345114
 -0.066390	 -0.066646	  0.164084	  0.070870	 -0.086836	  0.232446	  0.383767
 -0.065598	 -0.070004	  0.187081	  0.067196	 -0.091398	  0.074956	 -0.194973
 -0.030565	 -0.068262	  0.156672	  0.096369	 -0.053672	  0.194467	  0.126849
 -0.024230	 -0.100349	  0.127309	  0.102799	 -0.120380	  0.094785	 -0.044008
 -0.004021	 -0.097973	  0.142292	  0.102862	 -0.072076	  0.145434	  0.107400
  0.018310	 -0.129712	  0.142450	  0.107899	 -0.076637	  0.114107	 -0.056710
  0.030252	 -0.109091	  0.157021	  0.111636	 -0.126145	  0.148412	  0.034040
  0.004911	 -0.088344	  0.159175	  0.086201	 -0.134983	  0.156394	 -0.001943
  0.007224	 -0.113082	  0.187081	  0.057472	 -0.107679	  0.149077	 -0.004857
 -0.006238	 -0.119513	  0.175614	  0.022027	 -0.063872	  0.188386	 -0.008247
 -0.014632	 -0.133893	  0.148880	 -0.007938	 -0.043758	  0.178947	 -0.011446
 -0.015456	 -0.141369	  0.129843	 -0.045410	 -0.039323	  0.178725	  0.026089
  0.001870	 -0.139468	  0.145618	 -0.073284	 -0.016739	  0.157882	  0.029289
 -0.005352	 -0.095598	  0.136115	 -0.071447	  0.002298	  0.174670	  0.037873
 -0.003863	 -0.119798	  0.120943	 -0.069768	  0.035557	  0.174354	  0.061882
  0.035098	 -0.141432	  0.121671	 -0.038378	  0.113954	  0.171978	  0.046172
  0.021794	 -0.148717	  0.096521	  0.020665	  0.074581	  0.187277	  0.083992
  0.017423	 -0.132151	  0.070896	  0.009705	  0.033942	  0.185440	  0.100146
  0.023093	 -0.109471	  0.075077	  0.008533	  0.015443	  0.142457	  0.079462
 -0.003736	 -0.066932	  0.060728	  0.009705	  0.029761	  0.133112	  0.071575
 -0.000125	 -0.061072	  0.035641	  0.014362	  0.039580	  0.138434	  0.129731
  0.010898	 -0.084321	  0.051162	  0.008438	 -0.002738	  0.145022	  0.126183
  0.010644	 -0.090530	  0.049008	  0.012714	 -0.026907	  0.144864	  0.107432
  0.001807	 -0.101774	  0.043623	  0.049299	 -0.076130	  0.120030	  0.113133
 -0.034239	 -0.117295	  0.071909	  0.059562	 -0.069542	  0.110053	  0.129129
 -0.062430	 -0.093951	  0.097471	  0.037865	 -0.030328	  0.098269	  0.135844
 -0.076178	 -0.054578	  0.089901	 -0.002490	 -0.012146	  0.106062	  0.141578
 -0.092680	 -0.012957	  0.073556	 -0.028432	 -0.019875	  0.143565	  0.112215
 -0.092649	 -0.007730	  0.066113	 -0.006893	 -0.030011	  0.189843	  0.113196
 -0.028475	  0.030628	  0.025442	  0.009832	 -0.006159	  0.200011	  0.123174
 -0.048145	 -0.016219	  0.039410	  0.021235	  0.029444	  0.211635	  0.079621
 -0.054037	  0.018022	  0.065289	  0.061146	  0.031566	  0.171281	  0.087001
 -0.039941	  0.037439	  0.106720	  0.078377	  0.012497	  0.160923	  0.053837
 -0.007727	  0.022995	  0.103236	  0.096052	 -0.027445	  0.114361	  0.020831
  0.014287	 -0.016314	  0.118567	  0.096337	 -0.027192	  0.085346	  0.005374
  0.001522	 -0.057366	  0.146473	  0.089210	  0.003248	  0.092473	 -0.017084
  0.013875	 -0.052456	  0.183153	  0.107075	 -0.045563	  0.096686	 -0.018921
  0.029618	 -0.005228	  0.180302	  0.100487	 -0.039228	  0.065866	  0.001256
  0.038994	  0.010641	  0.173049	  0.123420	 -0.013666	  0.082273	 -0.044768
  0.016568	  0.032972	  0.143939	  0.092568	  0.024914	  0.070078	 -0.038940
 -0.001709	  0.048842	  0.142355	  0.092315	  0.042462	  0.050345	 -0.021645
 -0.019637	  0.038927	  0.166333	  0.084269	  0.052567	  0.066277	 -0.009039
 -0.014221	 -0.012070	  0.187841	  0.063902	  0.084464	  0.048191	  0.005374
  0.048306	 -0.007730	  0.199244	  0.066531	  0.083894	  0.011131	  0.011424
  0.022618	 -0.020179	  0.186384	  0.071409	  0.123329	 -0.029287	  0.030682
 -0.018180	 -0.057619	  0.195823	  0.050598	  0.144552	 -0.002711	  0.033501
 -0.014727	 -0.083308	  0.174506	  0.020253	  0.141669	 -0.029224	  0.073001
 -0.001012	 -0.106557	  0.154550	  0.011986	  0.162512	 -0.022920	  0.099956
  0.010898	 -0.087552	  0.122020	  0.009800	  0.175119	  0.005176	  0.104612
  0.020432	 -0.054832	  0.144161	  0.022977	  0.178349	  0.026810	  0.066729
 -0.028760	 -0.060248	  0.124934	  0.020507	  0.189151	  0.034317	  0.078512
 -0.056349	 -0.060280	  0.167695	  0.022470	  0.176069	  0.047146	  0.055262
 -0.036552	 -0.042098	  0.164338	 -0.002110	  0.153833	  0.067544	  0.046932
 -0.010483	 -0.034369	  0.151921	 -0.033943	  0.151235	  0.086486	  0.038759
  0.006907	 -0.025817	  0.168266	 -0.073791	  0.172331	  0.051517	  0.058303
  0.042605	 -0.016694	  0.179415	 -0.072175	  0.152407	  0.052467	  0.036511
  0.045646	 -0.002599	  0.152966	 -0.052378	  0.122759	  0.052689	  0.054946
  0.063574	  0.015013	  0.170673	 -0.030364	  0.109867	  0.038657	  0.104327
  0.072443	  0.001360	  0.178655	  0.004701	  0.083450	  0.085789	  0.128591
  0.093095	 -0.011151	  0.186764	  0.046164	  0.045915	  0.088038	  0.136763
  0.088344	 -0.023441	  0.147835	  0.055254	  0.007176	  0.076984	  0.126278
  0.062655	 -0.005291	  0.130952	  0.076477	 -0.009390	  0.087342	  0.129921
  0.082136	  0.006333	  0.075964	  0.075178	 -0.041699	  0.107677	  0.135528
  0.052234	  0.044851	  0.058226	  0.031878	 -0.066881	  0.112365	  0.134767
  0.026704	  0.042665	  0.072258	  0.036028	 -0.060831	  0.086803	  0.110789
  0.023251	  0.069209	  0.070959	  0.031371	 -0.041192	  0.057187	  0.119753
  0.010930	  0.090653	  0.111377	  0.020348	 -0.049459	  0.077300	  0.125835
  0.014351	  0.086789	  0.086068	  0.073278	 -0.056966	  0.096844	  0.119563
  0.021097	  0.041081	  0.061488	  0.124243	 -0.039133	  0.094278	  0.096440
  0.024265	  0.019099	  0.088507	  0.112935	 -0.046514	  0.099790	  0.048104
  0.048370	  0.039529	  0.108653	  0.145782	 -0.034762	  0.118605	  0.042592
  0.038677	  0.017452	  0.104757	  0.097763	 -0.022472	  0.135520	  0.018297
  0.020337	 -0.008237	  0.093322	  0.044897	 -0.017689	  0.159751	  0.016017
  0.017771	 -0.047800	  0.062597	  0.023041	  0.003343	  0.129280	 -0.006695
  0.009536	 -0.042637	  0.004631	  0.019271	  0.033181	  0.127284	 -0.004604
 -0.043615	 -0.032627	  0.020120	  0.047557	  0.029095	  0.120917	 -0.034379
 -0.032086	 -0.023885	  0.017998	  0.074355	  0.055988	  0.082590	 -0.072896
  0.026260	 -0.024993	 -0.012379	  0.071757	  0.079871	  0.105840	 -0.081987
  0.030473	 -0.053089	 -0.028026	  0.079803	  0.063907	  0.098301	 -0.056710
  0.011151	 -0.047483	  0.001400	  0.103844	  0.115221	  0.117148	 -0.024148
  0.018627	 -0.025310	 -0.001863	  0.078029	  0.140339	  0.139732	 -0.026397
  0.012197	 -0.022649	 -0.029325	  0.050028	  0.176100	  0.143629	 -0.037261
  0.000350	 -0.018120	 -0.053240	  0.063015	  0.184304	  0.143407	 -0.044958
  0.004816	 -0.021066	 -0.058751	  0.039829	  0.142493	  0.105048	 -0.085028
  0.005228	 -0.035320	 -0.047317	  0.010782	  0.077432	  0.097383	 -0.085218
  0.020812	 -0.023536	 -0.077281	 -0.004263	  0.061056	  0.126809	 -0.096146
  0.022871	 -0.057144	 -0.064516	 -0.005657	  0.065649	  0.108786	 -0.078344
  0.061895	 -0.084290	 -0.031637	  0.013063	  0.030394	  0.083065	 -0.072358
  0.090720	 -0.119861	  0.003522	  0.043915	 -0.016042	  0.095735	 -0.083666
  0.123187	 -0.151029	  0.065479	  0.057060	 -0.016866	  0.078599	 -0.075177
  0.162464	 -0.122617	  0.102888	  0.040240	 -0.008123	  0.059341	 -0.046130
  0.139151	 -0.110548	  0.110173	  0.030769	 -0.016834	  0.082178	 -0.030863
  0.127115	 -0.077606	  0.122400	  0.060386	 -0.023011	  0.117528	 -0.039098
  0.149002	 -0.077163	  0.107702	  0.045593	 -0.041129	  0.121583	 -0.058800
  0.104087	 -0.074660	  0.100575	 -0.022952	 -0.046134	  0.097921	 -0.065389
  0.093887	 -0.083498	  0.105232	  0.004035	 -0.033875	  0.100075	 -0.112807
