:RUN-3	LEVEL SWEEP	TEMP:NaN	8/27/2019	6:42 PM	HR:-636.36:SW EAR: R	SW FREQ: 11.30	# AVERAGES: 512	REP RATE (/sec): 80	DRIVER: 	SAMPLE (µsec): 40	MASKER dB: 2147483647:NOTES-:CHAMBER-SEWELL-PXI1:CFTS Version: V2.7.2 (R850):LEVELS:20;30;40;50;60;70;80;:DATA  0.007005	 -0.018262	  0.030190	  0.047163	 -0.053761	  0.045913	 -0.025011
 -0.002561	 -0.023996	  0.039312	  0.059041	 -0.045335	  0.062606	 -0.027038
 -0.000597	 -0.044521	  0.024615	  0.049950	 -0.039444	  0.065394	 -0.033405
 -0.023403	 -0.044046	  0.004089	  0.032751	  0.017825	  0.033433	 -0.040437
 -0.025209	 -0.015697	  0.024171	  0.007347	  0.057483	  0.003595	 -0.072049
 -0.012919	  0.007458	  0.022398	 -0.012418	  0.002336	 -0.012021	 -0.084719
 -0.004493	  0.021839	  0.018343	 -0.000097	  0.035975	 -0.037488	 -0.076420
 -0.014439	  0.017024	  0.020719	  0.000600	  0.050451	 -0.022569	 -0.100176
 -0.005253	  0.016359	  0.011185	  0.034968	  0.035880	 -0.002930	 -0.095964
 -0.005253	  0.062066	  0.023538	  0.003926	  0.016178	 -0.013446	 -0.072682
  0.000955	  0.054116	  0.025692	 -0.016694	  0.029070	 -0.035809	 -0.065682
 -0.004905	  0.037803	  0.003741	 -0.023061	  0.018110	 -0.045977	 -0.041165
 -0.002688	 -0.009045	  0.010393	 -0.014160	 -0.007958	 -0.050570	 -0.025201
  0.007924	 -0.034417	 -0.031355	 -0.021477	 -0.014705	 -0.052819	 -0.030111
  0.031300	 -0.019814	 -0.046876	 -0.036428	 -0.027407	 -0.054276	  0.029661
  0.038997	 -0.018262	 -0.039876	 -0.046596	 -0.015497	 -0.064285	  0.079644
 -0.005380	 -0.014841	 -0.046781	 -0.024898	 -0.037828	 -0.012813	  0.084712
 -0.007091	 -0.001981	 -0.053401	 -0.014636	 -0.047616	  0.028048	  0.151737
  0.009254	 -0.005592	 -0.021948	  0.001107	 -0.002130	  0.067199	  0.215088
  0.018757	  0.033812	 -0.018147	 -0.026387	  0.028373	  0.098811	  0.229215
  0.004154	  0.028490	  0.020497	 -0.043365	  0.026789	  0.121174	  0.233301
  0.021132	  0.031626	  0.031330	 -0.034369	  0.061284	  0.128016	  0.224717
  0.007765	  0.023739	  0.030918	  0.014031	  0.096253	  0.163587	  0.202893
 -0.005602	  0.018956	  0.038014	  0.045009	  0.094353	  0.178538	  0.211224
 -0.036327	  0.007585	  0.045204	  0.051566	  0.075569	  0.183796	  0.220219
 -0.019190	  0.028870	  0.040833	  0.079598	  0.075443	  0.172710	  0.216894
  0.008652	  0.063808	  0.031393	  0.081119	  0.066890	  0.183131	  0.214201
  0.002222	  0.031721	  0.040453	  0.091255	  0.063279	  0.191335	  0.186073
  0.018250	  0.030264	  0.064241	  0.106016	  0.054189	  0.171633	  0.222057
  0.027784	  0.037613	  0.106306	  0.140764	  0.092452	  0.202960	  0.261556
  0.053473	  0.060672	  0.127781	  0.124039	  0.095778	  0.234160	  0.296969
  0.059459	  0.054147	  0.140958	  0.139528	  0.126693	  0.274102	  0.374605
  0.042323	  0.031880	  0.133641	  0.136962	  0.181650	  0.334317	  0.449359
  0.072510	  0.044296	  0.109125	  0.152959	  0.192926	  0.390066	  0.486672
  0.101778	  0.055351	  0.118089	  0.162081	  0.244684	  0.427411	  0.512329
  0.070926	  0.044265	  0.095029	  0.203481	  0.332900	  0.413157	  0.482238
  0.042735	  0.036599	  0.122935	  0.250899	  0.355167	  0.397383	  0.436879
  0.057717	  0.014395	  0.111722	  0.296511	  0.336796	  0.370997	  0.362853
  0.066143	  0.013856	  0.095061	  0.311303	  0.309745	  0.297827	  0.260384
  0.072826	  0.017246	  0.136967	  0.335250	  0.253585	  0.197701	  0.132320
  0.096203	  0.000996	  0.144538	  0.329865	  0.140029	  0.109106	  0.008723
  0.115366	 -0.024502	  0.138329	  0.271488	  0.060207	 -0.024944	 -0.117281
  0.105705	  0.019906	  0.108966	  0.223943	 -0.059209	 -0.119685	 -0.241480
  0.111090	  0.045627	  0.100952	  0.134460	 -0.127849	 -0.208439	 -0.356335
  0.117362	  0.078094	  0.085273	  0.021411	 -0.145936	 -0.295737	 -0.416011
  0.134752	  0.083859	  0.066743	 -0.063099	 -0.212739	 -0.381767	 -0.454781
  0.134561	  0.098778	  0.038045	 -0.155876	 -0.253284	 -0.390192	 -0.486964
  0.126611	  0.117815	 -0.010101	 -0.216122	 -0.282963	 -0.388545	 -0.514584
  0.119674	  0.070619	 -0.072185	 -0.280613	 -0.337160	 -0.385409	 -0.535332
  0.117203	  0.056175	 -0.109023	 -0.251123	 -0.356482	 -0.385473	 -0.522978
  0.142797	  0.007395	 -0.137626	 -0.220905	 -0.328703	 -0.363332	 -0.437487
  0.116126	 -0.026055	 -0.140477	 -0.226290	 -0.315526	 -0.311543	 -0.389309
  0.108493	 -0.038345	 -0.150866	 -0.178904	 -0.278085	 -0.226589	 -0.315030
  0.080365	 -0.096089	 -0.161604	 -0.144536	 -0.218789	 -0.139324	 -0.212940
  0.069595	 -0.088930	 -0.119983	 -0.102376	 -0.165131	 -0.093965	 -0.095298
  0.100067	 -0.077369	 -0.082828	 -0.025278	 -0.115718	 -0.039483	  0.080848
  0.067441	 -0.046770	 -0.052419	  0.021379	 -0.070644	  0.061086	  0.261302
  0.032504	 -0.031059	 -0.061764	  0.050932	 -0.035579	  0.159374	  0.392692
  0.047138	 -0.019846	 -0.028853	  0.087581	  0.085104	  0.226304	  0.464088
  0.003046	 -0.028779	 -0.004875	  0.142252	  0.177659	  0.295166	  0.537353
 -0.017733	 -0.013923	  0.050810	  0.231672	  0.203633	  0.361938	  0.568806
  0.003077	  0.019938	  0.085558	  0.251089	  0.246553	  0.377015	  0.524302
  0.031458	  0.058709	  0.126166	  0.272248	  0.253300	  0.372137	  0.462346
  0.042735	  0.072741	  0.127876	  0.261573	  0.245191	  0.370237	  0.390284
  0.059776	  0.100868	  0.167344	  0.241396	  0.237430	  0.339258	  0.286611
  0.061170	  0.142933	  0.167376	  0.267877	  0.221593	  0.273025	  0.166245
  0.058224	  0.164726	  0.198861	  0.250645	  0.169550	  0.169954	  0.054241
  0.068075	  0.184618	  0.209884	  0.215264	  0.129924	  0.111956	 -0.009870
  0.079922	  0.159056	  0.187078	  0.188086	  0.095176	  0.082530	 -0.066474
  0.062849	  0.114330	  0.187996	  0.135410	  0.046333	  0.048321	 -0.073886
  0.061835	  0.060292	  0.163163	  0.109785	  0.001291	  0.047370	 -0.067741
  0.059428	  0.073723	  0.141845	  0.082988	 -0.039602	  0.012369	 -0.050826
  0.081632	  0.098873	  0.140610	  0.095341	 -0.010302	  0.012401	 -0.059695
  0.045586	  0.099285	  0.107953	  0.095278	 -0.002637	  0.037963	 -0.049781
  0.048151	  0.094027	  0.049797	  0.080295	  0.000467	  0.051520	 -0.038695
  0.065604	  0.057061	  0.003868	  0.061322	  0.039428	  0.070082	 -0.051080
  0.073428	  0.030264	  0.021574	  0.092427	  0.027866	  0.096087	 -0.064890
  0.089424	  0.021870	  0.034086	  0.129075	  0.032491	  0.088422	 -0.103281
  0.083152	 -0.004167	  0.032502	  0.168638	  0.024224	  0.064412	 -0.120702
  0.068392	 -0.007144	  0.066141	  0.192774	  0.045034	  0.032420	 -0.162798
  0.061740	 -0.025928	  0.067408	  0.180611	  0.032776	 -0.011197	 -0.190134
  0.020879	 -0.018104	  0.054865	  0.168258	 -0.011126	 -0.044741	 -0.217027
  0.006308	  0.000838	  0.070259	  0.164362	 -0.017683	 -0.082973	 -0.209710
  0.015621	  0.004449	  0.052996	  0.153750	 -0.042706	 -0.088833	 -0.193682
 -0.002878	 -0.000429	  0.035923	  0.131293	 -0.080146	 -0.119495	 -0.187505
  0.055151	 -0.009520	  0.018248	  0.106206	 -0.074857	 -0.106033	 -0.163812
  0.042671	  0.003815	  0.017773	  0.091635	 -0.086228	 -0.090195	 -0.114113
  0.005136	 -0.020575	  0.031457	  0.084160	 -0.133424	 -0.071602	 -0.109045
  0.013910	 -0.016964	  0.030950	  0.020682	 -0.137891	 -0.043158	 -0.139929
  0.042070	 -0.003565	  0.022683	 -0.026039	 -0.135483	 -0.020035	 -0.106258
  0.053188	  0.012494	  0.004438	 -0.110865	 -0.135135	  0.011102	 -0.071859
  0.091040	  0.001566	 -0.004178	 -0.138866	 -0.096111	  0.029537	 -0.061627
  0.087270	 -0.000493	 -0.005667	 -0.097878	 -0.079069	  0.027162	 -0.061754
  0.070387	 -0.016045	  0.014289	 -0.086602	 -0.085943	  0.053230	 -0.065270
  0.056925	 -0.028177	  0.033421	 -0.094204	 -0.057530	  0.035809	 -0.075248
  0.056925	 -0.010724	 -0.000409	 -0.071683	 -0.076060	  0.011799	 -0.032550
  0.049767	 -0.011072	 -0.009594	 -0.038487	 -0.046919	  0.014903	 -0.056243
  0.067093	 -0.047784	 -0.021631	 -0.038772	 -0.041756	  0.026306	 -0.038885
  0.097660	 -0.024692	  0.000700	 -0.010169	 -0.021642	  0.046959	 -0.003978
  0.116158	 -0.003787	  0.022049	  0.044914	 -0.009796	  0.046388	  0.019430
  0.116063	 -0.009868	  0.080744	  0.045643	 -0.000325	  0.082245	  0.009040
  0.068075	 -0.058617	  0.093635	  0.073517	  0.006866	  0.088010	  0.054051
  0.063292	 -0.080726	  0.068390	  0.093884	 -0.009067	  0.099445	  0.072137
  0.028829	 -0.077369	  0.074884	  0.078680	  0.013707	  0.119400	  0.121963
  0.002032	 -0.061404	  0.081250	  0.115582	 -0.002003	  0.125862	  0.173277
 -0.002086	 -0.017312	  0.081725	  0.155429	  0.018585	  0.093585	  0.210463
  0.021037	 -0.016710	  0.103455	  0.174529	  0.039871	  0.140654	  0.234917
  0.024458	 -0.042462	  0.134813	  0.174213	  0.053080	  0.165804	  0.222944
  0.038585	 -0.016995	  0.138456	  0.166706	  0.079339	  0.183448	  0.260162
  0.034467	 -0.015253	  0.149099	  0.152167	  0.100878	  0.206190	  0.266941
  0.021259	  0.043695	  0.158665	  0.145515	  0.097425	  0.178411	  0.241474
  0.017680	  0.080818	  0.145678	  0.139370	  0.068062	  0.184018	  0.225889
 -0.031892	  0.050853	  0.164050	  0.124039	  0.048772	  0.193394	  0.213821
 -0.021249	  0.041192	  0.133420	  0.126415	  0.040346	  0.208218	  0.211794
 -0.043042	  0.032925	  0.111120	  0.132528	  0.028151	  0.197575	  0.176666
 -0.032146	  0.070524	  0.093034	  0.134618	  0.041518	  0.175402	  0.153321
 -0.019412	  0.086836	  0.100446	  0.147542	  0.017477	  0.139577	  0.112333
 -0.016593	  0.106475	  0.104785	  0.146148	  0.008671	  0.124025	  0.094944
  0.022304	  0.091841	  0.104532	  0.107790	  0.011078	  0.088897	  0.074355
  0.033707	  0.095230	  0.101269	  0.085237	  0.040727	  0.080281	  0.035267
  0.042228	  0.094723	  0.075549	  0.077540	  0.027930	  0.006256	 -0.033627
  0.056228	  0.102294	  0.048688	  0.063317	 -0.021642	 -0.010849	 -0.090769
  0.021259	  0.089085	  0.059774	  0.060118	 -0.061553	 -0.065109	 -0.119055
  0.044984	  0.085633	  0.077259	  0.049950	 -0.065354	 -0.081643	 -0.196121
  0.017585	  0.116421	  0.051127	  0.002944	 -0.079450	 -0.070240	 -0.262829
  0.032060	  0.110624	  0.034656	 -0.010835	 -0.096776	 -0.090829	 -0.263019
  0.043558	  0.076573	  0.045616	 -0.022776	 -0.118093	 -0.108694	 -0.259345
  0.054961	  0.079678	  0.027434	 -0.041623	 -0.122940	 -0.143790	 -0.316550
  0.038522	  0.057948	  0.018977	 -0.036206	 -0.126963	 -0.169542	 -0.335841
  0.050052	  0.053324	 -0.006015	 -0.024993	 -0.139918	 -0.150410	 -0.316202
  0.031237	  0.038151	  0.037000	 -0.031233	 -0.103776	 -0.132007	 -0.340307
  0.044920	  0.012051	  0.054295	 -0.011848	 -0.129402	 -0.140433	 -0.318641
  0.062025	  0.002327	  0.032977	 -0.013939	 -0.142198	 -0.114015	 -0.286332
  0.035671	  0.015282	  0.035765	 -0.031202	 -0.110840	 -0.108694	 -0.303183
  0.036748	  0.002010	  0.009569	 -0.013527	 -0.089364	 -0.078919	 -0.344361
  0.019612	 -0.043729	  0.013338	  0.005922	 -0.043245	 -0.049049	 -0.334637
  0.010426	 -0.063685	  0.022873	  0.024357	 -0.026457	 -0.064253	 -0.317691
  0.047581	 -0.064572	 -0.022265	  0.019194	 -0.017271	 -0.053515	 -0.268119
  0.033327	 -0.059694	 -0.010133	  0.018655	 -0.018918	 -0.041764	 -0.247086
  0.053314	 -0.048069	 -0.040605	 -0.001585	 -0.023321	 -0.040497	 -0.258901
  0.043052	  0.008630	 -0.035663	 -0.016061	 -0.064531	 -0.020858	 -0.245313
  0.035735	 -0.012624	 -0.047415	 -0.010549	 -0.071943	 -0.040402	 -0.205528
  0.037793	 -0.028589	 -0.034111	 -0.037220	 -0.089586	 -0.052660	 -0.215570
  0.040454	 -0.051902	 -0.019319	 -0.074058	 -0.086165	 -0.091304	 -0.206510
  0.039694	 -0.077115	 -0.031926	 -0.075674	 -0.105740	 -0.126970	 -0.208759
  0.049101	 -0.080188	 -0.038957	 -0.064493	 -0.109319	 -0.107110	 -0.245408
  0.062405	 -0.058965	 -0.030405	 -0.076022	 -0.145809	 -0.136441	 -0.293047
  0.065731	 -0.044395	 -0.026097	 -0.068832	 -0.155122	 -0.150093	 -0.300428
  0.058984	 -0.009172	 -0.026256	 -0.054610	 -0.187209	 -0.181040	 -0.362986
  0.074632	 -0.002551	 -0.043234	 -0.073172	 -0.173589	 -0.184366	 -0.365140
  0.049228	 -0.012212	 -0.047763	 -0.065253	 -0.175426	 -0.186932	 -0.381041
  0.041816	 -0.031218	 -0.021726	 -0.057682	 -0.187938	 -0.206887	 -0.415251
  0.031458	 -0.051838	 -0.020427	 -0.031709	 -0.197060	 -0.243821	 -0.418545
  0.032852	 -0.047055	 -0.049030	 -0.036333	 -0.169883	 -0.272582	 -0.405400
  0.049197	 -0.055006	 -0.025495	 -0.062972	 -0.164244	 -0.258835	 -0.440338
  0.031427	 -0.098591	 -0.033826	 -0.089738	 -0.160063	 -0.310751	 -0.458044
  0.032250	 -0.091021	 -0.019445	 -0.108395	 -0.178815	 -0.330833	 -0.476289
  0.008019	 -0.071350	 -0.033161	 -0.099114	 -0.200893	 -0.316294	 -0.464284
 -0.007376	 -0.083830	 -0.061827	 -0.090878	 -0.221957	 -0.288134	 -0.434699
  0.016983	 -0.091242	 -0.105697	 -0.098955	 -0.194304	 -0.285062	 -0.407047
  0.004249	 -0.094061	 -0.118146	 -0.057872	 -0.177326	 -0.257093	 -0.407205
  0.013910	 -0.096817	 -0.102815	 -0.013179	 -0.143054	 -0.231974	 -0.347022
  0.018566	 -0.100967	 -0.092805	 -0.019387	 -0.151796	 -0.205905	 -0.290070
  0.030223	 -0.064920	 -0.050741	 -0.000477	 -0.152049	 -0.173597	 -0.252091
  0.033200	 -0.050856	 -0.028220	  0.040638	 -0.123225	 -0.148225	 -0.168690
  0.021987	 -0.077780	 -0.038546	  0.042697	 -0.124080	 -0.101440	 -0.105783
 -0.021598	 -0.077685	 -0.019350	  0.058724	 -0.069884	 -0.064792	 -0.037903
 -0.000819	 -0.088835	 -0.005033	  0.056349	 -0.034534	 -0.029125	 -0.045410
 -0.002624	 -0.098718	  0.031869	  0.073453	 -0.028674	 -0.040877	 -0.083800
  0.000068	 -0.102297	  0.073965	  0.091287	 -0.004918	 -0.034035	 -0.100525
 -0.002783	 -0.050730	  0.059141	  0.110989	  0.000657	 -0.053801	 -0.113037
 -0.001136	 -0.044648	  0.058381	  0.096418	 -0.020248	 -0.032768	 -0.122539
 -0.015104	 -0.056431	  0.050462	  0.089418	 -0.014990	 -0.049049	 -0.160106
 -0.033920	 -0.042241	  0.031964	  0.086092	 -0.017936	 -0.051203	 -0.158744
 -0.001706	 -0.029000	  0.019198	  0.091287	 -0.015972	 -0.076638	 -0.184623
 -0.021946	 -0.064793	  0.014859	  0.083938	 -0.012361	 -0.061783	 -0.223520
 -0.013204	 -0.094315	 -0.011052	  0.075892	 -0.055313	 -0.067484	 -0.216805
 -0.033508	 -0.119655	 -0.039718	  0.025782	 -0.066399	 -0.066186	 -0.181265
 -0.068984	 -0.110913	 -0.060370	  0.017990	 -0.088319	 -0.082182	 -0.169038
 -0.043802	 -0.075658	 -0.040224	  0.012922	 -0.099405	 -0.090100	 -0.170274
 -0.046716	 -0.065015	 -0.037627	  0.014822	 -0.105487	 -0.064919	 -0.196121
 -0.030087	 -0.081550	 -0.031229	  0.018655	 -0.115971	 -0.063968	 -0.141164
 -0.027363	 -0.100175	 -0.019445	 -0.008776	 -0.120057	 -0.052185	 -0.146517
  0.006498	 -0.113067	  0.003361	 -0.008586	 -0.114419	 -0.044805	 -0.131788
 -0.002941	 -0.099731	 -0.003323	 -0.017961	 -0.078879	 -0.046864	 -0.115159
 -0.001959	 -0.100745	  0.013022	 -0.023631	 -0.085943	 -0.035619	 -0.089375
  0.026010	 -0.110469	  0.042290	 -0.047990	 -0.089649	 -0.011356	 -0.034102
  0.000955	 -0.105845	  0.029620	 -0.049573	 -0.069314	 -0.002867	 -0.030902
  0.055088	 -0.114840	  0.005515	 -0.039184	 -0.090378	 -0.001631	 -0.036256
  0.046789	 -0.130393	 -0.022391	 -0.036808	 -0.062693	  0.030107	 -0.041767
  0.044128	 -0.087536	  0.007574	 -0.022649	 -0.054870	  0.047877	 -0.054437
  0.033612	 -0.058300	  0.029208	 -0.000192	 -0.082269	  0.032040	 -0.068438
  0.031585	 -0.066472	  0.017013	  0.023470	 -0.090378	  0.050158	 -0.062419
  0.035006	 -0.041797	  0.025692	  0.017325	 -0.080051	  0.035746	 -0.067107
  0.043685	 -0.034892	  0.003171	  0.038896	 -0.050910	  0.013256	 -0.044459
  0.037033	 -0.024344	 -0.012857	  0.050014	 -0.056833	 -0.008505	 -0.037523
  0.011756	 -0.009045	 -0.001834	  0.063381	 -0.058386	  0.016645	 -0.003092
  0.011788	  0.003974	 -0.006807	  0.044661	 -0.043150	  0.017532	 -0.015888
  0.026675	  0.037550	  0.079888	  0.084128	 -0.078404	  0.058330	 -0.005087
 -0.008864	  0.028775	  0.094237	  0.078363	 -0.073938	  0.071887	 -0.018897
 -0.019349	  0.011354	  0.084196	  0.055272	 -0.075237	  0.069606	  0.008027
 -0.069301	 -0.021145	  0.074630	  0.045706	 -0.045114	  0.041542	  0.003687
 -0.058785	 -0.034955	  0.064241	  0.018053	 -0.034819	  0.067959	  0.019620
 -0.071423	 -0.064033	  0.068073	 -0.004975	 -0.050657	  0.070082	  0.026493
 -0.088623	 -0.074676	  0.032375	 -0.011088	 -0.029213	  0.064412	  0.064852
 -0.055174	 -0.093555	  0.032344	 -0.027496	 -0.029719	  0.051932	  0.093075
 -0.033729	 -0.107207	  0.033611	 -0.021794	 -0.039127	  0.080756	  0.133112
 -0.065722	 -0.094093	  0.013877	  0.008297	 -0.016859	  0.101662	  0.172200
 -0.051816	 -0.130203	  0.000035	  0.004813	  0.015355	  0.116581	  0.170109
 -0.071486	 -0.125008	  0.006877	 -0.003296	  0.030527	  0.113287	  0.165675
 -0.056599	 -0.089690	  0.019800	 -0.039722	  0.079244	  0.107490	  0.173657
 -0.029960	 -0.084749	  0.020497	 -0.067945	  0.092167	  0.130138	  0.176856
 -0.022231	 -0.096912	  0.023126	 -0.055782	  0.078800	  0.123550	  0.185820
 -0.046932	 -0.007376	 -0.024190	 -0.053834	 -0.021382	  0.039201	  0.016560
 -0.021085	 -0.004873	 -0.010380	 -0.047087	 -0.011056	  0.023142	  0.027013
 -0.005881	  0.001652	  0.007928	 -0.036222	  0.001614	  0.061913	  0.016211
 -0.024442	 -0.019982	  0.008435	 -0.032390	  0.014854	  0.028115	  0.019379
 -0.027261	  0.012928	  0.057785	 -0.026055	 -0.013400	  0.048134	 -0.018821
 -0.004518	  0.020245	  0.015911	 -0.009773	 -0.003993	  0.052473	  0.022293
 -0.011297	  0.006498	  0.003430	  0.023834	  0.005510	  0.026690	 -0.024523
 -0.033026	 -0.041838	  0.009164	  0.039102	  0.038864	 -0.022249	 -0.113024
 -0.012817	 -0.058468	  0.016481	  0.038943	  0.061987	  0.038948	  0.154538
  0.008278	 -0.030879	  0.008118	  0.030644	  0.011180	 -0.173150	 -0.427750
  0.040651	 -0.015960	 -0.007719	  0.035364	  0.091413	  0.119150	  0.537745
  0.021550	 -0.007692	 -0.004964	  0.015884	 -0.009377	 -0.267574	 -0.761259
  0.001785	 -0.018367	  0.018603	  0.057980	  0.113174	  0.219687	  0.703217
  0.011002	 -0.000787	 -0.006737	 -0.000714	 -0.059678	 -0.235455	 -0.752422
  0.019175	  0.015906	 -0.023715	  0.015694	  0.039434	  0.178288	  0.474712
  0.024338	  0.038237	 -0.043956	 -0.032485	 -0.070352	 -0.115089	 -0.307098
  0.019175	  0.036146	 -0.028118	 -0.013384	 -0.025722	 -0.018511	  0.091567
  0.021075	  0.042481	 -0.008321	 -0.025421	 -0.042605	  0.018929	  0.166511
  0.010686	  0.032409	 -0.009176	 -0.022792	 -0.126418	 -0.179042	 -0.434433
  0.009545	 -0.000280	  0.021422	  0.042713	  0.005953	  0.156400	  0.609585
 -0.004804	  0.042545	  0.025096	 -0.022665	 -0.126703	 -0.257913	 -0.775545
  0.012364	  0.064179	  0.071279	 -0.002837	 -0.000920	  0.277146	  0.842589
 -0.005754	  0.052807	  0.064215	 -0.023742	 -0.138834	 -0.253003	 -0.811021
  0.030990	  0.054993	  0.065989	  0.025418	  0.051978	  0.265395	  0.796406
 -0.006197	  0.047866	  0.043088	 -0.018452	 -0.099589	 -0.182114	 -0.572918
 -0.005469	  0.028544	  0.031812	  0.028332	  0.021981	  0.166251	  0.431348
  0.024401	  0.021734	  0.035929	 -0.008285	 -0.012862	  0.012341	 -0.181854
  0.040017	  0.010933	  0.041631	  0.026305	  0.012162	  0.049623	 -0.049198
  0.064154	  0.028037	  0.044577	  0.055256	  0.075417	  0.195329	  0.343893
  0.058927	 -0.000977	  0.015055	 -0.012941	 -0.028731	 -0.080405	 -0.535002
  0.044198	  0.009096	  0.035201	  0.025830	  0.085205	  0.299667	  0.706163
  0.030926	  0.002761	  0.039952	 -0.023616	 -0.071968	 -0.184743	 -0.816247
  0.003464	  0.003869	  0.091234	  0.035396	  0.078775	  0.326085	  0.863051
 -0.008288	  0.010331	  0.035423	 -0.039960	 -0.117359	 -0.188196	 -0.784002
 -0.022858	  0.058636	  0.010747	  0.020350	  0.047987	  0.289500	  0.720259
 -0.032424	  0.066998	 -0.027200	 -0.000904	 -0.095851	 -0.055888	 -0.424234
 -0.019944	  0.086573	 -0.032236	  0.028269	  0.005098	  0.210628	  0.334770
 -0.017759	  0.047454	 -0.048517	 -0.010439	 -0.021636	  0.091307	  0.020646
 -0.047724	  0.045776	 -0.070436	 -0.026625	 -0.045456	 -0.005556	 -0.196742
 -0.070625	  0.023635	 -0.044051	  0.025893	  0.058154	  0.227986	  0.470816
 -0.066444	  0.010679	 -0.024190	  0.007648	 -0.043872	 -0.131624	 -0.633513
 -0.017379	  0.017046	  0.000263	  0.050315	  0.100948	  0.274961	  0.809488
  0.034030	  0.007290	 -0.000149	  0.034699	 -0.059076	 -0.274194	 -0.803767
  0.009767	 -0.021281	  0.051957	  0.077049	  0.090717	  0.297609	  0.859377
 -0.012532	 -0.046716	  0.038115	  0.020825	 -0.112037	 -0.178281	 -0.711212
 -0.016935	 -0.091379	  0.043721	  0.066627	  0.011465	  0.251933	  0.635369
 -0.055009	 -0.072405	  0.035106	  0.012621	 -0.072221	 -0.088513	 -0.330095
 -0.080698	 -0.059577	  0.041504	  0.021363	 -0.020305	  0.049021	  0.182412
 -0.089852	 -0.082573	  0.058736	  0.008883	 -0.004309	  0.047089	  0.173954
 -0.078955	 -0.088021	  0.049645	 -0.015348	 -0.070954	 -0.102102	 -0.316063
 -0.046140	 -0.057423	  0.037957	 -0.007303	  0.019352	  0.196881	  0.587412
 -0.034990	 -0.024417	  0.010462	 -0.017756	 -0.098417	 -0.259972	 -0.766169
 -0.001953	 -0.009403	  0.001720	  0.037423	  0.067752	  0.252218	  0.822253
  0.010654	 -0.010258	 -0.014593	 -0.020701	 -0.076497	 -0.263741	 -0.847384
  0.014202	 -0.033444	  0.020820	  0.024056	  0.086250	  0.248005	  0.798718
  0.033397	 -0.013711	 -0.001321	 -0.020923	 -0.023916	 -0.186200	 -0.645771
  0.050882	  0.050780	 -0.003665	  0.027889	  0.085205	  0.186206	  0.481585
  0.037673	  0.006815	  0.009987	 -0.019846	 -0.007699	 -0.038150	 -0.209444
  0.019808	  0.003584	  0.037830	  0.003815	  0.008519	  0.054564	  0.024447
  0.028107	  0.004281	  0.029309	  0.072931	  0.027144	  0.137680	  0.293022
  0.020885	  0.010901	  0.009987	  0.076700	 -0.039501	 -0.115849	 -0.481281
 -0.015573	 -0.003828	  0.021169	  0.091493	  0.094137	  0.235937	  0.672936
 -0.008921	  0.001430	  0.024463	  0.039862	 -0.070606	 -0.217717	 -0.786219
 -0.033248	  0.000638	  0.056202	  0.106538	  0.106966	  0.323867	  0.901093
 -0.006767	 -0.012032	 -0.005185	  0.069320	 -0.077733	 -0.186485	 -0.776653
  0.025605	  0.020974	  0.012141	  0.092506	  0.106427	  0.319718	  0.771066
 -0.018519	  0.017426	 -0.017950	  0.033717	 -0.047800	 -0.107139	 -0.495060
 -0.012152	  0.013372	  0.015499	  0.050790	  0.042317	  0.128494	  0.401542
 -0.010632	 -0.003385	  0.017906	  0.051360	  0.006365	 -0.012556	 -0.028071
  0.027537	 -0.012190	 -0.002208	  0.065899	  0.001931	 -0.051200	 -0.114228
  0.037926	 -0.014154	  0.004824	  0.073153	  0.048747	  0.129476	  0.474427
  0.050343	 -0.023277	 -0.035752	  0.044645	 -0.051126	 -0.193771	 -0.525056
  0.043280	 -0.030815	 -0.013801	  0.087090	  0.136994	  0.223678	  0.828557
  0.010464	 -0.009561	 -0.006864	  0.017974	 -0.048813	 -0.267827	 -0.785586
 -0.004202	 -0.008484	  0.016702	  0.062478	  0.113935	  0.258046	  0.858426
 -0.003030	 -0.010797	  0.024051	  0.007965	 -0.037093	 -0.218287	 -0.743046
 -0.017125	 -0.021059	  0.056772	  0.037486	  0.112319	  0.245914	  0.635590
 -0.030651	 -0.028946	  0.055853	  0.034730	  0.002659	 -0.092061	 -0.409885
 -0.033691	 -0.038512	  0.055600	  0.068528	  0.032719	  0.095267	  0.216336
 -0.014179	 -0.019127	  0.044070	  0.036663	 -0.023758	  0.053709	  0.060082
 -0.019057	 -0.020426	  0.044703	  0.048256	 -0.069529	 -0.076509	 -0.304279
  0.006790	  0.004566	  0.052369	  0.077777	  0.038357	  0.226909	  0.539836
  0.016229	 -0.002973	  0.041029	  0.025861	 -0.086602	 -0.148982	 -0.705226
  0.008753	  0.012421	  0.060319	  0.023549	  0.107188	  0.357792	  0.802773
 -0.005184	  0.033391	  0.043690	 -0.039453	 -0.052202	 -0.158199	 -0.854004
 -0.026596	  0.036716	  0.034631	  0.023517	  0.134397	  0.322030	  0.810850
 -0.004487	 -0.000185	  0.024843	  0.013064	 -0.031423	 -0.147144	 -0.698954
  0.004667	  0.027689	  0.019965	  0.048668	  0.117070	  0.227036	  0.503251
 -0.027166	 -0.001832	  0.013567	  0.021870	 -0.025564	  0.000494	 -0.294935
 -0.018582	 -0.023593	  0.010747	  0.003974	  0.006238	  0.114272	  0.016718
  0.004889	 -0.072278	  0.019617	 -0.039041	  0.039276	  0.160930	  0.189285
  0.019048	 -0.077188	  0.014358	 -0.041829	 -0.024202	 -0.031276	 -0.444569
  0.008120	 -0.074939	  0.047839	  0.002010	  0.080770	  0.284432	  0.624599
  0.011383	 -0.049187	  0.016227	 -0.003502	 -0.038550	 -0.194721	 -0.802976
  0.017623	 -0.005253	  0.062600	  0.041794	  0.138039	  0.331089	  0.795899
 -0.015130	 -0.011367	  0.070329	 -0.029634	 -0.045899	 -0.209672	 -0.878141
 -0.013102	  0.026549	  0.069378	  0.026622	  0.110640	  0.284273	  0.733436
  0.019175	  0.023540	  0.061586	  0.005177	 -0.004563	 -0.153290	 -0.615489
  0.014328	  0.037192	  0.075809	  0.066596	  0.110387	  0.162767	  0.384247
  0.015532	  0.009381	  0.080116	  0.035079	  0.034620	  0.033785	 -0.133740
  0.035836	 -0.014883	  0.098456	  0.040242	  0.010768	  0.055831	 -0.069375
  0.001848	 -0.043992	  0.091076	  0.054052	  0.059580	  0.208379	  0.372907
 -0.004772	 -0.034616	  0.055568	  0.043504	 -0.041940	 -0.119365	 -0.526133
 -0.049117	  0.028608	  0.073971	  0.128521	  0.079662	  0.278287	  0.742431
 -0.010917	  0.030255	  0.049423	  0.070904	 -0.088534	 -0.229279	 -0.808202
  0.011129	  0.036020	  0.043816	  0.140653	  0.063634	  0.312211	  0.833530
  0.000360	  0.031680	 -0.008891	  0.081135	 -0.085557	 -0.200296	 -0.833035
 -0.025107	  0.019675	 -0.002113	  0.115154	  0.077856	  0.280472	  0.612563
 -0.040375	 -0.003765	 -0.017159	  0.111891	 -0.035826	 -0.095989	 -0.571366
 -0.013388	  0.016983	 -0.034010	  0.107362	  0.055335	  0.126372	  0.165022
 -0.005120	  0.022969	 -0.049847	  0.107932	  0.013999	  0.078954	 -0.075457
  0.004541	 -0.016181	 -0.046490	  0.031848	 -0.056415	  0.008920	 -0.282930
  0.006853	  0.004218	 -0.004552	  0.032798	 -0.010518	  0.202709	  0.447534
  0.002989	  0.035354	 -0.016493	  0.011861	 -0.100349	 -0.179168	 -0.722932
  0.011604	  0.044255	 -0.012185	  0.087850	  0.047163	  0.278287	  0.715792
 -0.006007	  0.011281	 -0.023494	  0.000173	 -0.155052	 -0.207233	 -0.792681
 -0.022605	 -0.036580	 -0.003855	  0.042364	  0.013112	  0.228018	  0.648609
 -0.021053	 -0.048807	  0.026838	  0.033685	 -0.070511	 -0.114044	 -0.413559
 -0.018646	 -0.036073	  0.025318	  0.065519	  0.011148	  0.071795	  0.290963
 -0.019786	 -0.046621	 -0.003095	  0.058740	 -0.031930	 -0.042363	 -0.055628
 -0.003093	 -0.028946	  0.005711	  0.038310	 -0.022048	  0.007463	  0.112853
  0.016989	  0.002380	  0.028961	  0.062858	  0.005795	  0.010440	  0.070154
  0.026365	  0.005770	  0.014453	  0.066184	  0.031389	  0.029794	  0.038257
  0.047809	 -0.006932	  0.058102	  0.063048	 -0.007065	  0.066601	  0.108545
  0.052655	 -0.043295	  0.024748	  0.045500	  0.006840	  0.059822	  0.064516
  0.013030	 -0.023308	 -0.004583	  0.031848	  0.004465	  0.058238	  0.066290
 -0.024062	  0.023856	 -0.002303	  0.025735	 -0.016219	  0.071162	  0.022832
 -0.040027	  0.019929	  0.024558	  0.042998	 -0.061863	  0.073062	  0.006614
 -0.033153	  0.030888	  0.047016	  0.045057	 -0.042890	  0.054406	 -0.020785
 -0.055832	  0.057622	  0.072958	  0.056966	 -0.013083	  0.058460	 -0.063484
 -0.046330	  0.049545	  0.066053	  0.056428	 -0.039722	  0.071859	 -0.041153
 -0.005215	  0.035988	  0.064595	  0.072582	 -0.025120	  0.129191	 -0.043750
  0.003147	  0.014480	  0.052591	  0.052817	 -0.008902	  0.125073	 -0.074475
 -0.001034	  0.028006	  0.054871	  0.045690	 -0.011120	  0.110946	 -0.039505
  0.011699	  0.061740	  0.089429	  0.047084	 -0.032405	  0.090104	 -0.021577
  0.001912	  0.070419	  0.120882	  0.078379	 -0.014604	  0.072587	 -0.034089
 -0.004170	  0.061550	  0.074605	  0.056966	  0.034936	  0.033246	 -0.062565
  0.013663	  0.051921	  0.067288	  0.060482	  0.061607	  0.034292	 -0.054044
  0.031591	  0.024363	  0.071311	  0.067736	  0.041208	  0.053265	 -0.045239
  0.018826	  0.016983	  0.066939	  0.045848	  0.014379	  0.084497	 -0.026138
  0.008690	  0.020467	  0.054143	  0.021237	 -0.008712	  0.110154	 -0.007608
  0.008532	 -0.020743	  0.056202	  0.034287	 -0.059836	  0.098086	 -0.005518
  0.013378	 -0.017195	  0.056202	  0.063872	 -0.005513	  0.098308	 -0.023668
  0.033143	 -0.013901	  0.049391	  0.079678	  0.030090	  0.066379	  0.006931
  0.031243	  0.012073	  0.022404	  0.046957	  0.029583	  0.081900	  0.018555
  0.005618	 -0.018494	 -0.013262	  0.025513	  0.046783	  0.059885	 -0.003522
 -0.015668	 -0.038576	 -0.029670	  0.072899	  0.014664	  0.050193	 -0.015622
 -0.015193	 -0.027996	 -0.023779	  0.080913	  0.005985	  0.030016	 -0.003237
 -0.025741	 -0.048965	  0.012553	  0.077460	 -0.020907	  0.050700	  0.026316
 -0.019152	 -0.043105	  0.041948	  0.054147	 -0.014065	  0.055546	  0.004270
 -0.024917	 -0.002213	  0.031590	  0.039323	  0.003990	  0.050319	  0.021184
 -0.046013	 -0.013806	 -0.020674	  0.042396	 -0.010169	  0.056148	  0.006550
 -0.064923	 -0.025494	  0.019902	  0.054559	 -0.035510	  0.054627	 -0.007513
 -0.036669	 -0.037816	  0.011508	  0.065582	 -0.071936	  0.075913	 -0.037447
 -0.015256	 -0.043422	 -0.018489	  0.096529	 -0.078271	  0.098973	 -0.034121
 -0.024727	 -0.039178	  0.031653	  0.080786	 -0.058062	  0.071383	 -0.040551
  0.004414	 -0.030910	  0.037038	  0.078917	 -0.067945	  0.069926	 -0.039664
  0.027885	 -0.060147	  0.015024	  0.099791	 -0.061135	  0.064510	 -0.035958
  0.030293	  0.005675	  0.008720	  0.096877	 -0.021509	  0.028875	 -0.023161
  0.039637	  0.028608	 -0.001701	  0.091588	 -0.024898	  0.018707	 -0.045239
  0.028234	  0.012612	  0.025762	  0.056840	 -0.047388	  0.009490	 -0.055090
  0.003939	 -0.014281	  0.054016	  0.071189	 -0.049985	  0.024789	 -0.024048
 -0.002111	  0.001082	  0.061681	  0.040147	 -0.026736	  0.045663	 -0.011821
 -0.013388	  0.003109	  0.049455	  0.030866	 -0.040483	  0.083103	 -0.007545
  0.001817	 -0.014946	  0.026427	  0.034984	 -0.054040	  0.071098	 -0.029369
  0.009419	 -0.009498	  0.022372	  0.061369	 -0.025880	  0.036794	 -0.034311
 -0.004075	  0.006308	  0.002987	  0.052944	 -0.047261	  0.030554	 -0.005898
 -0.045063	  0.045902	 -0.005819	  0.052088	 -0.057904	  0.036699	 -0.030636
 -0.058208	  0.036906	 -0.006547	  0.059500	 -0.044252	  0.064415	 -0.027912
 -0.054819	  0.068043	 -0.005629	  0.069732	 -0.011880	  0.098054	 -0.024048
 -0.060774	  0.031173	  0.006028	  0.048953	 -0.000033	  0.068343	  0.011650
 -0.072874	  0.015462	  0.032065	  0.025766	  0.009659	  0.046423	  0.039398
 -0.057765	 -0.036929	  0.040174	  0.016232	  0.017578	  0.057193	  0.034266
 -0.043321	 -0.043264	  0.033395	  0.020825	 -0.010391	  0.065619	  0.057864
 -0.038538	  0.001715	  0.029119	  0.030581	 -0.043017	  0.067994	  0.075761
 -0.040407	  0.005326	  0.025603	  0.038373	 -0.026545	  0.052252	  0.055235
  0.000645	  0.032314	  0.021675	  0.063460	 -0.013305	  0.071700	  0.061570
 -0.018962	  0.040422	  0.035327	  0.071886	 -0.022491	  0.100747	  0.026284
 -0.040058	  0.053283	  0.043500	  0.042618	 -0.019007	  0.069673	  0.022356
 -0.013229	  0.042291	  0.001878	  0.042744	 -0.003423	  0.060360	  0.057484
 -0.005057	  0.056545	 -0.002746	  0.003594	 -0.042320	  0.044048	  0.045258
  0.013283	  0.032915	  0.003969	  0.002041	 -0.055465	  0.009712	  0.035470
 -0.008826	  0.000543	  0.003209	  0.022060	 -0.030790	  0.020101	  0.054063
  0.020473	  0.010711	  0.005299	  0.016739	 -0.050175	  0.033183	  0.066639
  0.017242	 -0.003638	 -0.007276	  0.022820	 -0.074629	  0.022572	  0.052226
  0.005428	 -0.007629	  0.001086	  0.013540	 -0.064841	  0.044586	  0.028216
  0.012301	  0.004503	 -0.044399	  0.053039	 -0.041116	  0.072714	  0.008103
  0.040651	  0.030603	 -0.042752	  0.099348	 -0.027876	  0.068406	 -0.033741
  0.048854	  0.043210	 -0.019091	  0.124055	 -0.032152	  0.028463	 -0.020469
  0.064439	  0.043242	  0.010906	  0.092158	 -0.007762	  0.064573	 -0.019835
  0.066276	  0.016032	  0.012490	  0.078696	 -0.008110	  0.065745	 -0.000323
  0.059687	  0.063577	  0.009797	  0.066121	 -0.011436	  0.005626	 -0.003111
  0.039542	  0.063704	  0.020345	  0.042142	 -0.046469	  0.010757	 -0.008875
  0.051895	  0.089456	 -0.012217	  0.039102	 -0.034623	  0.028780	 -0.074190
  0.026238	  0.066143	  0.001435	  0.075497	 -0.043999	  0.015857	 -0.062882
  0.032510	  0.063704	 -0.038349	  0.084967	 -0.037632	  0.028749	 -0.044098
  0.041696	  0.055120	 -0.020674	  0.084967	 -0.031899	 -0.001216	 -0.041659
  0.030388	  0.054835	 -0.009810	  0.088483	 -0.035921	  0.003092	 -0.008780
  0.054398	  0.040961	  0.003525	  0.099126	 -0.043112	  0.024377	  0.011270
  0.059972	 -0.015770	  0.039730	  0.081578	  0.000949	  0.023807	  0.033823
  0.052339	 -0.023372	  0.042740	  0.090035	  0.052991	  0.047627	  0.022990
 -0.001794	 -0.008294	  0.013852	  0.095167	  0.040289	  0.044143	 -0.007007
 -0.015225	  0.001905	  0.038812	  0.091081	  0.034810	  0.052758	 -0.037257
  0.027569	  0.022938	  0.044672	  0.110054	  0.018465	  0.071605	 -0.050592
  0.035963	  0.020404	  0.059717	  0.076954	  0.017863	  0.068849	 -0.034849
  0.003907	  0.025345	  0.086546	  0.097986	 -0.014319	  0.048704	 -0.033107
  0.015342	  0.026264	  0.068618	  0.127001	 -0.008015	  0.079936	 -0.021007
  0.014075	  0.021639	  0.051672	  0.133526	 -0.008047	  0.132073	 -0.027152
  0.018731	  0.009476	  0.042961	  0.123009	  0.001677	  0.143572	  0.001672
  0.048284	 -0.005728	  0.058609	  0.124910	  0.038959	  0.115444	  0.002876
  0.028836	 -0.013299	  0.032065	  0.109959	  0.047955	  0.058207	 -0.012581
  0.044452	 -0.035598	  0.026490	  0.107077	  0.032877	  0.039106	  0.023497
  0.025256	 -0.024132	  0.061935	  0.130453	  0.036108	  0.038029	  0.025809
