:RUN-1	LEVEL SWEEP	TEMP:NaN	8/27/2019	6:38 PM	HR:-636.36:SW EAR: R	SW FREQ: 5.66	# AVERAGES: 512	REP RATE (/sec): 80	DRIVER: 	SAMPLE (µsec): 40	MASKER dB: 2147483647:NOTES-:CHAMBER-SEWELL-PXI1:CFTS Version: V2.7.2 (R850):LEVELS:20;30;40;50;60;70;80;:DATA -0.047176	 -0.017290	  0.018041	 -0.025845	 -0.047662	 -0.009400	  0.036463
 -0.029089	 -0.024322	  0.006004	 -0.000822	 -0.042214	  0.005900	  0.038395
  0.004645	 -0.031259	  0.002678	  0.014034	  0.002987	  0.022592	  0.029083
  0.007306	 -0.014154	  0.000809	  0.036206	  0.001498	 -0.003128	  0.016571
  0.021275	 -0.008674	  0.005117	 -0.019067	 -0.001859	  0.000135	  0.002697
  0.056213	 -0.032114	  0.024407	 -0.043584	 -0.020928	 -0.015893	  0.014765
  0.047375	 -0.011905	  0.035240	 -0.043172	 -0.017729	  0.009574	 -0.017702
  0.039393	  0.048626	  0.037838	 -0.034271	  0.007992	  0.026045	 -0.017670
  0.005754	  0.065509	  0.039010	 -0.009153	 -0.024792	  0.040046	  0.003046
 -0.023609	  0.019137	  0.031756	  0.042003	 -0.020991	  0.013977	  0.022431
 -0.001246	 -0.008548	  0.012371	  0.036333	 -0.024254	  0.006090	 -0.003543
 -0.012143	  0.014195	 -0.014490	  0.031519	 -0.016208	  0.004347	 -0.028566
 -0.002260	  0.001303	 -0.028427	 -0.017008	 -0.005059	 -0.009558	 -0.031639
  0.004360	 -0.015643	 -0.044360	 -0.005257	  0.003779	 -0.029513	 -0.034458
 -0.002133	 -0.021503	 -0.016074	 -0.000980	  0.004761	 -0.064768	 -0.033223
  0.002745	  0.004914	 -0.013666	 -0.018750	  0.013250	 -0.038889	 -0.028693
 -0.018066	  0.004376	 -0.018956	 -0.019004	  0.024241	  0.000356	 -0.007787
 -0.033238	 -0.002403	 -0.040622	 -0.007696	  0.042328	 -0.005725	  0.016127
 -0.010496	  0.002602	 -0.028997	  0.023283	  0.058324	  0.039665	 -0.014344
 -0.009609	  0.027150	 -0.007680	  0.061230	  0.062537	  0.008148	  0.038047
  0.029004	  0.006181	 -0.025703	  0.038519	  0.044830	  0.033204	  0.071528
  0.016713	 -0.026856	  0.017977	  0.026387	  0.037862	  0.060603	  0.116253
 -0.009482	 -0.025431	  0.061658	  0.020876	  0.059306	  0.072671	  0.174377
  0.008446	 -0.030530	  0.084939	  0.062402	  0.077107	  0.063327	  0.169784
 -0.028804	 -0.002371	  0.099636	  0.038582	  0.054079	  0.050625	  0.151159
 -0.006283	  0.027087	  0.073726	  0.042035	  0.016164	  0.047679	  0.134910
 -0.041886	  0.031458	  0.072522	  0.023853	  0.013725	  0.061901	  0.147580
 -0.023134	  0.017173	  0.041924	  0.037252	  0.023069	  0.074096	  0.147232
 -0.005269	  0.006657	  0.054056	  0.035858	  0.043436	  0.076029	  0.135480
 -0.006885	  0.029685	  0.083450	  0.010359	  0.052939	  0.066399	  0.139249
 -0.020188	 -0.022073	  0.137045	 -0.014411	  0.038812	  0.079861	  0.161771
  0.000622	 -0.037214	  0.115886	 -0.055874	  0.019300	  0.037607	  0.167504
 -0.006695	 -0.001294	  0.093301	 -0.054417	  0.030735	  0.021135	  0.145236
 -0.007170	  0.025187	  0.094568	 -0.023058	  0.038273	  0.008814	  0.153978
  0.017252	  0.025947	  0.109804	  0.009504	  0.102321	  0.062947	  0.179287
  0.034293	  0.032345	  0.118325	  0.026387	  0.103968	  0.075902	  0.176690
  0.042434	  0.013657	  0.095518	  0.058854	  0.068840	  0.086101	  0.165413
  0.056466	  0.007639	  0.103437	  0.071303	  0.064469	  0.100704	  0.141625
  0.062706	  0.007734	  0.050540	  0.061990	  0.089461	  0.130890	  0.133009
  0.097771	  0.010553	  0.009013	  0.090910	  0.100737	  0.162724	  0.137000
  0.111486	  0.002159	  0.005402	  0.105100	  0.115403	  0.165543	  0.122873
  0.149876	  0.005770	  0.019466	  0.100602	  0.120376	  0.149009	  0.086542
  0.190801	 -0.000787	  0.050128	  0.130821	  0.118412	  0.125157	  0.059966
  0.187443	 -0.014851	  0.042051	  0.149351	  0.093515	  0.085626	  0.060283
  0.177181	 -0.005982	  0.023584	  0.133418	  0.100262	  0.071943	  0.040771
  0.155198	 -0.045069	  0.033720	  0.092937	  0.075333	  0.082839	  0.010521
  0.149211	 -0.051278	  0.065395	  0.080900	  0.039255	  0.078721	 -0.013299
  0.147406	 -0.028408	  0.059630	  0.077796	  0.002892	  0.046095	 -0.033128
  0.146202	 -0.002973	  0.049906	  0.082579	  0.008815	  0.027565	 -0.007629
  0.160203	  0.023191	  0.091401	  0.098702	  0.023164	 -0.006992	  0.013087
  0.159284	  0.046472	  0.117026	  0.116535	 -0.017317	 -0.006390	 -0.001326
  0.131410	  0.050432	  0.106066	  0.080330	 -0.015036	 -0.027201	  0.003837
  0.105119	  0.039282	  0.115347	  0.054451	 -0.050418	 -0.017604	  0.018313
  0.107305	  0.026422	  0.110659	  0.010423	 -0.035308	 -0.039301	  0.017838
  0.084340	  0.063957	  0.121714	  0.011500	 -0.017317	 -0.043102	  0.009887
  0.070245	  0.051382	  0.145819	  0.005006	 -0.017792	  0.005931	  0.012865
  0.076295	  0.052554	  0.138090	 -0.012510	 -0.014276	  0.020280	  0.057274
  0.061217	  0.036906	  0.078984	 -0.023882	 -0.010032	  0.013470	  0.065984
  0.051810	  0.044255	  0.032326	 -0.046371	 -0.011267	 -0.023527	  0.073745
  0.087286	  0.058794	  0.039707	 -0.027556	 -0.004868	  0.003682	  0.076279
  0.092354	  0.061328	  0.020955	 -0.038484	 -0.014688	  0.016701	  0.065161
  0.103852	  0.094556	  0.017122	 -0.012859	  0.001498	  0.039380	  0.039662
  0.119848	  0.086985	 -0.013825	 -0.021538	  0.024399	  0.050752	  0.043115
  0.153076	  0.063007	 -0.014427	 -0.004021	  0.031907	  0.023384	  0.018915
  0.144080	  0.072636	 -0.005843	  0.032120	  0.042803	  0.038398	 -0.001991
  0.113545	  0.076057	 -0.013128	  0.055212	  0.063265	  0.078246	  0.011883
  0.109079	  0.098293	 -0.031943	  0.033577	  0.081098	  0.096523	 -0.005760
  0.118360	  0.078274	 -0.052817	  0.027749	  0.087053	  0.127976	 -0.001674
  0.126215	  0.095506	 -0.022789	  0.027211	  0.088257	  0.104885	  0.079066
  0.134229	  0.088347	  0.010724	  0.029523	  0.110145	  0.123542	  0.089456
  0.142464	  0.066871	  0.018294	  0.083624	  0.097633	  0.118980	  0.085972
  0.120355	  0.085180	  0.024249	  0.072475	  0.098963	  0.131524	  0.103551
  0.096472	  0.114574	  0.011452	  0.061325	  0.111317	  0.153982	  0.123570
  0.054882	  0.109791	  0.039390	  0.068832	  0.112425	  0.161900	  0.171970
  0.051683	  0.123443	  0.048987	  0.075547	  0.098900	  0.160823	  0.202822
  0.037746	  0.136589	  0.040213	  0.098132	  0.094149	  0.143054	  0.184007
  0.056339	  0.144634	  0.057096	  0.087647	  0.091583	  0.126266	  0.130602
  0.040755	  0.162246	  0.039422	  0.085715	  0.082777	  0.121990	  0.099275
  0.023207	  0.175169	  0.020226	  0.094362	  0.096683	  0.106342	  0.117774
  0.021528	  0.171241	  0.009013	  0.078050	  0.110715	  0.111410	  0.133960
  0.011392	  0.160472	  0.010090	  0.092905	  0.095574	  0.103935	  0.129050
  0.044936	  0.112484	  0.022127	  0.074534	  0.104000	  0.096871	  0.131331
  0.111739	  0.097343	  0.035811	  0.042193	  0.065672	  0.077454	  0.132756
  0.115160	  0.108809	  0.002108	  0.095344	  0.044292	  0.056168	  0.118249
  0.112151	  0.128638	  0.061816	  0.101743	  0.066464	  0.024049	  0.088854
  0.090929	  0.104153	  0.087663	  0.110929	  0.048568	  0.000008	  0.035386
  0.104106	  0.025757	  0.064698	  0.109693	  0.022467	 -0.015735	  0.003584
  0.169040	  0.038522	  0.058490	  0.130884	  0.010716	  0.023638	  0.001715
  0.176104	  0.046346	  0.046422	  0.090023	 -0.010918	  0.037765	 -0.000122
  0.169705	  0.073967	  0.076513	  0.063194	 -0.030684	  0.022592	  0.010743
  0.184973	  0.067632	  0.079713	  0.017581	 -0.008068	  0.009574	  0.001367
  0.182660	  0.043495	  0.091306	 -0.024990	 -0.007593	 -0.030622	 -0.022200
  0.134134	  0.007512	  0.072269	 -0.031167	  0.020282	 -0.039713	  0.006403
  0.140152	 -0.005032	  0.015317	 -0.023280	 -0.015892	 -0.049184	  0.033644
  0.158556	 -0.010416	 -0.016042	 -0.012003	 -0.009746	 -0.071135	 -0.011303
  0.157384	 -0.059228	 -0.031341	 -0.023723	 -0.007909	 -0.070343	 -0.030023
  0.152981	 -0.059355	 -0.023042	 -0.033606	  0.010304	 -0.076203	 -0.003638
  0.182154	 -0.017765	  0.000524	 -0.023438	  0.007897	 -0.087448	 -0.006615
  0.156275	 -0.023372	 -0.012843	 -0.026669	 -0.022417	 -0.098186	  0.020435
  0.137682	  0.024236	  0.054657	 -0.017705	 -0.004013	 -0.057451	  0.039757
  0.150827	  0.007480	  0.065332	  0.014097	 -0.002968	 -0.056057	  0.035069
  0.117789	  0.017078	  0.047657	  0.032184	  0.029499	 -0.040125	  0.030603
  0.083865	  0.037508	  0.058522	  0.051759	  0.063519	 -0.010382	  0.039567
  0.042149	  0.059523	  0.087600	  0.093190	  0.036785	 -0.018364	  0.040106
  0.048959	  0.059744	  0.094853	  0.079887	  0.019141	 -0.003888	  0.022811
  0.072399	  0.055690	  0.115316	  0.063321	  0.059844	  0.016131	  0.004724
  0.085702	  0.086130	  0.096469	  0.040641	  0.086610	  0.007198	  0.002380
  0.090200	  0.093732	  0.084591	  0.032817	  0.070804	  0.032665	  0.013182
  0.051461	  0.084926	  0.071097	  0.039311	  0.042106	  0.020977	  0.019168
  0.027705	  0.086827	  0.069861	  0.034338	  0.001055	  0.012425	  0.004218
  0.008066	  0.077261	  0.082373	  0.040736	  0.015182	  0.026045	  0.016001
  0.013356	  0.053663	  0.082152	  0.051854	  0.021865	  0.038525	 -0.001896
  0.034768	  0.065478	  0.094093	  0.036238	  0.039540	  0.022371	  0.019865
  0.051905	  0.035354	  0.045408	  0.072475	  0.032667	  0.024683	  0.032440
  0.059919	  0.000290	  0.028842	  0.104562	  0.051735	 -0.006200	  0.022938
  0.088268	  0.011345	  0.024154	  0.121571	  0.089397	  0.005329	  0.009032
  0.108825	  0.031490	  0.034860	  0.141654	  0.083189	  0.036846	 -0.004747
  0.068091	  0.053473	  0.067993	  0.124644	  0.071849	  0.040267	  0.019770
  0.070942	  0.044667	  0.075278	  0.135319	  0.054459	  0.026267	  0.030666
  0.086019	  0.063735	  0.075468	  0.122965	  0.049866	  0.014705	  0.034372
  0.073381	  0.071908	  0.064698	  0.103738	  0.053066	  0.024081	  0.026042
  0.083453	  0.064401	  0.044521	  0.099209	  0.033174	  0.020755	  0.015747
  0.096915	  0.094587	  0.068943	  0.100951	  0.013757	  0.016289	  0.030350
  0.147216	  0.113466	  0.086839	  0.101204	  0.002797	  0.011379	  0.007797
  0.099925	  0.104090	  0.086428	  0.067913	 -0.029987	  0.039032	 -0.017385
  0.099354	  0.075740	  0.058015	  0.089928	 -0.042847	  0.016732	  0.017838
  0.108445	  0.068709	  0.052187	  0.096516	 -0.045476	 -0.013834	  0.014227
  0.059665	  0.077197	  0.020575	  0.088566	 -0.067522	 -0.018934	  0.011725
  0.052665	  0.063926	  0.001633	  0.089801	 -0.084215	  0.013090	 -0.011113
  0.066602	  0.069690	  0.007778	  0.066963	 -0.088270	  0.033710	 -0.001927
  0.099830	  0.080397	  0.033181	  0.053311	 -0.053047	  0.043466	  0.002475
  0.111613	  0.070292	  0.006828	  0.016980	 -0.052318	  0.032095	  0.018503
  0.106608	  0.054613	 -0.001820	 -0.020271	 -0.095206	 -0.023368	 -0.018399
  0.085100	  0.015304	 -0.009612	 -0.016850	 -0.065970	 -0.053492	 -0.005760
  0.083105	  0.013150	 -0.039893	 -0.019384	 -0.037272	 -0.071452	  0.012041
  0.083992	 -0.001199	 -0.060292	 -0.015044	 -0.025774	 -0.081334	  0.007892
  0.077815	 -0.070093	 -0.055034	 -0.045357	 -0.036385	 -0.106263	 -0.013077
  0.077055	 -0.093564	 -0.043853	 -0.038135	 -0.036417	 -0.091375	 -0.005855
  0.079019	 -0.093564	 -0.077017	 -0.001741	 -0.016620	 -0.053428	  0.005928
  0.104549	 -0.069523	 -0.064790	  0.005925	 -0.002683	 -0.055994	 -0.022136
  0.135654	 -0.049155	 -0.062605	  0.011690	 -0.009271	 -0.038984	 -0.012539
  0.124663	 -0.080387	 -0.050980	  0.027021	 -0.023842	 -0.039079	 -0.008199
  0.091816	 -0.089446	 -0.030866	  0.009694	 -0.016208	 -0.014784	 -0.030879
  0.079842	 -0.054255	 -0.009422	  0.013147	 -0.018331	  0.002289	 -0.010987
  0.081299	 -0.038354	  0.020480	  0.043143	 -0.031444	  0.026615	  0.029463
  0.087666	 -0.028408	  0.025548	  0.073552	 -0.008258	  0.037036	  0.034372
  0.088680	 -0.039241	  0.021778	  0.062497	 -0.006769	  0.027882	  0.112484
  0.108857	 -0.032209	  0.029856	  0.016314	 -0.006484	  0.009352	  0.108081
  0.105183	 -0.029707	  0.045535	  0.031328	  0.006408	  0.004759	  0.083818
  0.089852	 -0.040793	  0.040879	  0.046248	  0.008435	 -0.011300	  0.018852
  0.065842	 -0.025557	  0.042336	  0.029681	 -0.032109	 -0.026314	 -0.000534
  0.094223	 -0.016688	  0.028589	  0.009568	 -0.058526	 -0.062329	 -0.009244
  0.116396	 -0.018272	  0.045567	  0.029555	 -0.074839	 -0.066257	 -0.018177
  0.096155	  0.024331	  0.029159	  0.001237	 -0.070120	 -0.095620	 -0.071011
  0.074363	  0.062057	  0.017851	 -0.002152	 -0.078704	 -0.083805	 -0.104809
  0.091974	  0.079256	  0.027702	  0.008110	 -0.079496	 -0.103855	 -0.136991
  0.055136	  0.054233	  0.015665	 -0.008202	 -0.120293	 -0.138952	 -0.170060
  0.072684	  0.041816	 -0.003720	 -0.025022	 -0.125805	 -0.123969	 -0.184631
  0.048801	  0.016603	 -0.023327	 -0.057806	 -0.131538	 -0.146142	 -0.189382
  0.067837	  0.008906	 -0.022345	 -0.045643	 -0.134104	 -0.174776	 -0.148521
  0.091847	  0.026105	 -0.047242	 -0.042697	 -0.145253	 -0.144083	 -0.113615
  0.112310	 -0.004366	 -0.074515	 -0.024452	 -0.180603	 -0.144938	 -0.100564
  0.097359	 -0.002371	 -0.079741	 -0.007189	 -0.181680	 -0.127517	 -0.078075
  0.088585	 -0.045576	 -0.087470	 -0.003419	 -0.171354	 -0.101195	 -0.038006
  0.080571	 -0.040635	 -0.071981	 -0.008519	 -0.152666	 -0.089190	 -0.012412
  0.064512	 -0.056884	 -0.080121	 -0.020777	 -0.102904	 -0.063343	  0.021956
  0.044398	 -0.045323	 -0.063143	  0.014572	 -0.080826	 -0.033188	  0.020245
  0.035465	 -0.055807	 -0.080026	  0.067217	 -0.061821	 -0.043514	  0.024173
  0.021148	 -0.061065	 -0.042903	  0.051917	 -0.022638	 -0.056723	  0.052301
  0.022985	 -0.057359	 -0.021205	  0.024043	 -0.007117	 -0.063311	  0.118217
  0.026406	 -0.053432	 -0.017151	 -0.030818	  0.033522	 -0.043989	  0.078781
  0.025963	 -0.019982	 -0.028174	  0.000508	  0.033174	 -0.025491	  0.066840
  0.056846	  0.007924	 -0.016992	 -0.013460	  0.004286	 -0.028943	  0.089899
  0.051208	  0.015779	 -0.022757	 -0.014854	  0.002892	 -0.028595	  0.092845
  0.036004	 -0.030118	 -0.049016	  0.002409	 -0.004488	 -0.036672	  0.066935
  0.027768	 -0.028915	 -0.038848	  0.000667	 -0.010000	 -0.042025	  0.018313
  0.015573	 -0.010511	 -0.035364	 -0.017863	 -0.001859	 -0.054917	  0.027847
  0.007116	  0.012960	 -0.052659	 -0.043932	 -0.033725	 -0.082063	  0.006815
 -0.001341	  0.046346	 -0.049523	 -0.040416	 -0.038444	 -0.080162	  0.002887
 -0.006695	  0.019675	 -0.065392	 -0.052009	 -0.044684	 -0.070755	 -0.027458
 -0.012206	  0.006340	 -0.041921	 -0.047163	 -0.050259	 -0.083108	 -0.037942
 -0.033619	  0.065509	 -0.008282	 -0.072155	 -0.067427	 -0.115607	 -0.030182
 -0.025256	  0.060916	  0.015728	 -0.068005	 -0.080604	 -0.116526	 -0.044499
 -0.044071	  0.045110	  0.025263	 -0.067720	 -0.066762	 -0.099801	 -0.045449
 -0.058959	  0.051667	  0.045345	 -0.021981	 -0.046205	 -0.094701	 -0.051563
  0.009840	  0.031205	  0.038154	 -0.018275	 -0.063721	 -0.071230	 -0.013045
  0.026311	  0.031047	  0.025294	 -0.042443	 -0.078419	 -0.052668	 -0.019381
  0.009523	  0.042006	 -0.001883	 -0.048715	 -0.069296	 -0.041550	 -0.050486
  0.037873	  0.037508	 -0.029187	 -0.059231	 -0.069201	 -0.050958	 -0.032938
  0.098119	  0.004788	 -0.030739	 -0.055018	 -0.077785	 -0.057990	 -0.083460
  0.076010	 -0.005665	 -0.002928	 -0.016185	 -0.044621	 -0.042184	 -0.124733
  0.056244	  0.011756	 -0.007996	  0.005735	 -0.065242	 -0.021531	 -0.117669
  0.052507	 -0.006172	 -0.018069	  0.013432	 -0.078577	 -0.042817	 -0.121217
  0.044524	  0.017585	 -0.062763	  0.002346	 -0.080414	 -0.042595	 -0.079564
  0.068883	 -0.028281	 -0.082750	 -0.016565	 -0.095460	 -0.057895	 -0.078360
  0.045158	 -0.033603	 -0.055953	 -0.039403	 -0.050544	 -0.101543	 -0.092962
  0.034515	 -0.038354	 -0.069542	 -0.000062	 -0.054029	 -0.106168	 -0.102243
  0.046552	 -0.020457	 -0.043821	  0.004816	 -0.069898	 -0.090457	 -0.110479
  0.040280	 -0.039874	 -0.032196	 -0.001709	 -0.053300	 -0.046396	 -0.063979
  0.013736	 -0.039431	 -0.057505	  0.000603	 -0.051653	 -0.065528	 -0.059988
  0.017410	 -0.056726	 -0.056048	 -0.000315	 -0.091405	 -0.067270	 -0.064518
  0.045348	 -0.055364	 -0.081547	 -0.063254	 -0.114117	 -0.088113	 -0.085360
  0.044619	 -0.044752	 -0.059659	 -0.048778	 -0.113927	 -0.086149	 -0.096732
  0.055326	 -0.054223	 -0.068496	 -0.018117	 -0.078862	 -0.083900	 -0.122674
  0.030619	 -0.080039	 -0.061211	 -0.004370	 -0.085989	 -0.077216	 -0.106456
  0.022890	 -0.098315	 -0.075623	  0.011120	 -0.082030	 -0.084850	 -0.062491
  0.028053	 -0.130529	 -0.108027	 -0.006714	 -0.108478	 -0.081239	 -0.025779
  0.050954	 -0.124511	 -0.099000	  0.008364	 -0.092134	 -0.066067	  0.037667
  0.029257	 -0.130371	 -0.107457	  0.009187	 -0.142751	 -0.070913	  0.047549
 -0.009767	 -0.100564	 -0.111543	 -0.036362	 -0.135466	 -0.100371	  0.057939
 -0.026333	 -0.079057	 -0.067039	 -0.012890	 -0.131760	 -0.107530	  0.043463
 -0.013315	 -0.096637	 -0.069637	 -0.028348	 -0.111107	 -0.106389	  0.054360
 -0.018763	 -0.130244	 -0.050125	 -0.024547	 -0.121370	 -0.093973	  0.064179
 -0.006704	 -0.035611	  0.027496	  0.014290	 -0.017478	  0.016226	 -0.022092
 -0.004709	 -0.058354	  0.061958	  0.019929	 -0.036800	  0.006121	 -0.020160
 -0.015003	 -0.047172	  0.021699	  0.025408	 -0.041900	  0.011981	 -0.022567
 -0.000242	 -0.074033	 -0.014949	  0.016539	 -0.010447	 -0.001639	 -0.011449
 -0.040565	 -0.035041	 -0.014442	  0.003521	 -0.001641	 -0.027391	 -0.015757
 -0.045981	 -0.040679	 -0.011560	  0.001557	  0.008052	  0.018601	 -0.001028
 -0.041705	 -0.030480	 -0.006175	  0.017173	  0.011631	  0.022402	  0.013004
 -0.035750	 -0.024303	 -0.000220	  0.021956	  0.011251	 -0.003888	 -0.033147
 -0.042846	 -0.024145	 -0.028126	  0.004376	  0.017808	 -0.012631	 -0.070650
 -0.056688	 -0.011538	 -0.030185	 -0.010860	  0.032632	  0.002162	  0.006257
 -0.034452	  0.026219	 -0.024864	 -0.032684	 -0.008451	  0.005931	  0.092541
 -0.010822	  0.017223	  0.019735	 -0.014756	  0.040392	 -0.012282	  0.055924
  0.024781	  0.023717	  0.034053	  0.026929	  0.006500	 -0.058813	 -0.119145
  0.040397	  0.048075	  0.018057	  0.032662	 -0.000247	 -0.009020	 -0.041826
  0.080530	  0.050958	  0.034243	  0.009064	  0.020690	  0.038715	  0.137235
  0.058674	  0.032586	  0.011246	 -0.013141	  0.007640	  0.020692	  0.117058
  0.050090	  0.018110	 -0.031990	 -0.042535	 -0.027298	 -0.052256	 -0.065836
  0.038212	  0.035658	 -0.031990	 -0.036105	 -0.029610	 -0.032174	 -0.083225
  0.032447	  0.039966	 -0.044692	 -0.042694	  0.001970	  0.047553	  0.039928
  0.010337	  0.088841	  0.010708	 -0.000629	  0.015306	  0.019710	  0.044933
  0.005998	  0.084343	  0.033989	  0.030445	 -0.026664	 -0.004712	 -0.063618
  0.001817	  0.060999	  0.041370	 -0.022295	 -0.052068	 -0.006390	 -0.093203
 -0.001636	  0.067365	  0.014414	 -0.034205	 -0.042344	  0.029688	  0.027575
 -0.036099	  0.074302	 -0.007664	 -0.013837	 -0.029357	  0.076219	  0.121492
 -0.072335	  0.048930	  0.021414	 -0.024100	 -0.044276	  0.016004	 -0.033463
 -0.079842	  0.066732	  0.017043	 -0.015706	 -0.050262	 -0.019314	 -0.133906
 -0.094096	  0.056342	  0.010138	 -0.031481	 -0.041235	  0.001117	 -0.041287
 -0.082503	  0.075443	  0.029270	  0.001493	 -0.029167	  0.062978	  0.137963
 -0.044683	  0.044844	  0.022459	  0.017585	 -0.008166	  0.068458	  0.127669
 -0.003346	  0.009906	  0.041211	  0.019707	 -0.057643	 -0.006359	 -0.090289
 -0.019564	  0.040632	  0.052361	  0.026802	 -0.070630	 -0.064356	 -0.129725
 -0.032583	  0.045446	  0.026514	  0.052047	 -0.005885	  0.031557	  0.029000
 -0.034578	  0.017825	  0.022744	  0.061170	  0.037922	  0.083251	  0.143950
 -0.041135	  0.037971	  0.035098	  0.049577	  0.017966	  0.058639	  0.006416
 -0.077974	  0.040378	  0.065031	  0.031142	 -0.019664	  0.002415	 -0.122281
 -0.080318	  0.034677	  0.065950	  0.010331	 -0.060779	  0.005931	 -0.037771
 -0.062421	  0.034867	  0.054990	 -0.000470	 -0.027615	  0.060539	  0.115601
 -0.060362	  0.022577	  0.042256	 -0.009371	  0.001273	  0.002732	  0.091052
 -0.036130	  0.036292	  0.064176	  0.012738	  0.007640	 -0.051274	 -0.083605
 -0.012279	  0.028215	  0.083276	  0.041151	  0.037225	 -0.062963	 -0.098620
 -0.006926	  0.038002	  0.098734	  0.031078	  0.020849	 -0.027835	  0.036001
 -0.021750	 -0.003619	  0.061800	  0.065668	  0.013025	  0.019362	  0.090387
 -0.006609	  0.020993	  0.088914	  0.021322	 -0.017637	 -0.026979	 -0.062510
  0.044261	  0.027645	  0.098258	  0.002919	 -0.027710	 -0.062329	 -0.148160
  0.062126	  0.025554	  0.095693	  0.005801	  0.017301	 -0.048645	  0.013511
  0.082969	  0.041899	  0.094426	  0.033486	  0.031333	  0.011601	  0.182309
  0.068556	  0.052288	  0.076751	  0.048626	  0.031048	 -0.010762	  0.079491
  0.055981	  0.030115	  0.071873	  0.052871	  0.020849	 -0.062709	 -0.064252
  0.030261	  0.058528	  0.032627	  0.013752	  0.031270	 -0.046967	 -0.013540
  0.024053	  0.057198	  0.036555	  0.032092	  0.040044	  0.032633	  0.179806
  0.010717	  0.065718	  0.027337	  0.043717	  0.065574	  0.044448	  0.214871
  0.025225	  0.061506	  0.031265	  0.036400	  0.046126	 -0.043894	  0.037521
  0.032067	  0.047378	  0.070954	  0.052966	  0.038365	 -0.080036	 -0.028395
  0.023419	  0.034835	  0.106684	  0.069247	  0.029971	 -0.040980	  0.107397
  0.018066	  0.039555	  0.099937	  0.059491	  0.022623	  0.039919	  0.215948
 -0.005089	  0.030527	  0.030663	  0.039124	 -0.001863	  0.010714	  0.102044
 -0.014370	 -0.004347	  0.002029	  0.029843	 -0.002148	 -0.023717	 -0.055383
 -0.018297	 -0.006945	  0.027686	  0.008652	  0.007355	  0.014959	  0.059630
 -0.005152	  0.013898	  0.001490	  0.026960	  0.037542	  0.063865	  0.244139
 -0.008510	  0.024826	  0.012102	  0.030888	  0.005296	  0.029814	  0.226591
 -0.034673	  0.059605	  0.050049	  0.024838	 -0.040253	 -0.012916	  0.019719
 -0.004804	  0.041202	  0.092208	  0.004281	 -0.054095	 -0.017097	  0.017217
  0.020442	  0.019441	  0.077986	  0.002507	 -0.027710	  0.046095	  0.184494
 -0.009301	  0.025617	  0.068135	  0.021797	 -0.042375	  0.041978	  0.237962
  0.010020	  0.033600	  0.060248	  0.014860	 -0.043135	 -0.004205	  0.036254
  0.043026	  0.057609	  0.071841	  0.020594	 -0.052638	 -0.040505	 -0.101154
  0.048569	  0.048107	  0.077733	  0.029494	 -0.072182	 -0.007594	  0.010692
  0.058484	  0.047157	  0.067185	  0.034056	 -0.009338	  0.047236	  0.144774
  0.071217	  0.016051	  0.060153	  0.042576	 -0.011492	  0.041439	  0.074106
  0.019175	  0.014024	  0.061357	  0.046726	 -0.048330	 -0.001734	 -0.115629
  0.044325	  0.000214	  0.080203	  0.056735	 -0.068001	 -0.032459	 -0.116073
  0.057945	  0.001924	  0.052836	  0.061740	 -0.044814	  0.007135	  0.074201
  0.051610	 -0.011886	  0.050745	  0.031775	  0.003015	  0.030986	  0.110311
  0.040555	 -0.023068	  0.079570	  0.037635	  0.006088	 -0.009305	 -0.026210
  0.026207	 -0.047172	  0.080489	  0.037508	  0.003269	 -0.051940	 -0.129788
  0.035773	 -0.028896	  0.077226	  0.069659	  0.013532	 -0.024984	  0.034100
  0.037831	 -0.008560	  0.070733	  0.099529	  0.058669	  0.022782	  0.188232
  0.047334	  0.032618	  0.050080	  0.093035	  0.056959	  0.012868	  0.101664
  0.056140	  0.020011	  0.073583	  0.086858	  0.018473	 -0.022165	 -0.071220
  0.074606	  0.019631	  0.065665	  0.091578	  0.059746	  0.020914	  0.003248
  0.059149	  0.002716	  0.052804	  0.072034	  0.079385	  0.074192	  0.195296
  0.072674	  0.003761	  0.054578	  0.082741	  0.057529	  0.069155	  0.156905
  0.092281	  0.007436	  0.056415	  0.086447	  0.043782	 -0.003286	 -0.073026
  0.098426	  0.037274	  0.060406	  0.089678	  0.056927	 -0.031287	 -0.138277
  0.045433	  0.045510	  0.086539	  0.088854	  0.084738	  0.054489	  0.061468
  0.012238	  0.052256	  0.083371	  0.054201	  0.093765	  0.105392	  0.173408
  0.007296	  0.057800	  0.097530	  0.065256	  0.045175	  0.019520	  0.042652
  0.017749	  0.057641	  0.120653	  0.091135	  0.024048	 -0.027961	 -0.113919
  0.028170	  0.060587	  0.135952	  0.072256	  0.041881	 -0.002621	 -0.006919
  0.046479	  0.076171	  0.118087	  0.046758	  0.056578	  0.061458	  0.157317
  0.017844	  0.074714	  0.103358	 -0.010765	  0.062470	  0.034312	  0.081170
  0.016482	  0.081049	  0.098734	 -0.013299	  0.009477	 -0.006581	 -0.064030
  0.027949	  0.069709	  0.094014	 -0.007122	 -0.031194	 -0.032333	 -0.028839
  0.052022	  0.089475	  0.099842	  0.001208	 -0.051213	  0.027122	  0.135873
  0.032668	  0.083393	  0.106874	  0.009444	 -0.046778	  0.069472	  0.172078
  0.028519	  0.084375	  0.097847	  0.018630	 -0.044307	  0.029719	  0.032168
  0.056615	  0.087353	  0.069085	  0.030983	 -0.040918	 -0.000404	 -0.043314
  0.067036	  0.083203	  0.076561	  0.057685	 -0.019569	  0.016099	  0.068183
  0.050977	  0.079624	  0.068325	  0.084546	  0.003712	  0.068838	  0.215346
  0.058547	  0.090552	  0.062719	  0.041119	 -0.015578	  0.047806	  0.107080
  0.039384	  0.095715	  0.057999	 -0.015516	 -0.037782	  0.000483	 -0.069858
  0.037768	  0.097457	  0.056352	 -0.004715	 -0.020203	 -0.023622	 -0.045690
  0.018414	  0.099453	  0.104403	  0.017204	 -0.024004	  0.020692	  0.141163
  0.013822	  0.108480	  0.095028	  0.060220	 -0.058910	  0.047679	  0.161213
  0.061176	  0.087479	  0.078271	  0.056165	 -0.119885	 -0.008608	  0.006004
  0.035836	  0.062583	  0.084416	  0.071718	 -0.110224	 -0.054537	 -0.059849
  0.053131	  0.064008	  0.051696	  0.061898	 -0.049122	 -0.006454	  0.141733
  0.068398	  0.064641	  0.038677	  0.055848	 -0.003098	  0.067476	  0.234256
  0.079833	  0.066542	  0.044505	  0.076722	 -0.018619	  0.032665	  0.074644
  0.103019	  0.064515	  0.076276	  0.096519	 -0.060557	 -0.043989	 -0.089054
  0.096304	  0.039935	  0.029745	  0.082456	 -0.019949	 -0.021880	  0.000461
  0.081955	  0.007277	  0.006020	  0.085782	  0.015559	  0.018285	  0.152914
  0.078027	 -0.013153	  0.033546	  0.068772	  0.010681	  0.033299	  0.088582
  0.055126	 -0.012868	  0.042130	  0.054265	 -0.017478	  0.003366	 -0.088642
  0.035519	 -0.007388	  0.038867	  0.087682	 -0.032746	 -0.012884	 -0.099411
  0.024781	 -0.007420	  0.045329	  0.086827	 -0.035755	  0.045842	  0.074518
  0.027410	  0.014879	  0.049827	  0.091008	 -0.026633	  0.046634	  0.126814
  0.034062	  0.036989	  0.076497	  0.069627	 -0.075539	  0.014769	  0.000493
  0.060416	  0.065370	  0.076434	  0.050273	 -0.057009	 -0.008671	 -0.028459
  0.056425	  0.084945	  0.076941	  0.053758	 -0.017320	  0.048249	  0.069830
  0.084584	  0.059225	  0.105892	  0.035861	 -0.001387	  0.054965	  0.033435
  0.082240	  0.043672	  0.124232	  0.044192	 -0.040855	  0.003049	 -0.009485
  0.087150	  0.020518	  0.129965	  0.018883	 -0.001926	  0.027470	  0.001379
  0.075240	  0.011649	  0.113019	  0.010774	  0.082964	  0.064816	  0.063590
  0.117463	  0.044084	  0.115648	  0.022589	  0.089394	  0.050973	  0.070147
  0.105933	  0.037274	  0.127716	  0.033010	  0.088444	  0.049770	  0.047847
  0.107866	  0.073004	  0.121761	  0.025408	  0.047424	  0.060001	  0.048924
  0.092851	  0.083457	  0.109535	  0.063197	  0.037858	  0.048376	  0.062449
  0.073181	  0.082094	  0.079760	  0.083438	  0.085910	  0.029973	  0.072364
  0.067289	  0.134866	  0.054040	  0.098167	  0.068995	  0.059082	  0.101568
  0.035456	  0.141074	  0.069117	  0.069247	  0.059683	  0.047363	  0.080504
  0.049013	  0.122354	  0.059868	  0.089678	  0.056103	 -0.005377	  0.037489
  0.016514	  0.110539	  0.016188	  0.073270	  0.032664	  0.015751	  0.020290
  0.024718	  0.123177	  0.016378	  0.071179	  0.020469	  0.052462	  0.023299
  0.033555	  0.116716	  0.019545	  0.067441	  0.036243	  0.077517	  0.073789
  0.065611	  0.090203	  0.055782	  0.091166	  0.010237	  0.073716	  0.086048
  0.066086	  0.048297	  0.082833	  0.094366	  0.031048	  0.072734	  0.086491
  0.063552	  0.048835	  0.068167	  0.087144	 -0.000089	  0.057277	  0.080156
  0.067543	  0.038256	  0.072570	  0.061265	  0.015717	  0.062598	  0.063558
  0.073371	  0.025427	  0.083086	  0.068107	  0.028831	  0.067571	  0.086491
  0.056076	  0.024762	  0.074439	  0.063735	  0.038587	  0.051892	  0.147783
  0.032605	  0.015893	  0.080995	  0.043780	  0.050307	  0.017651	  0.150539
  0.045370	  0.009051	  0.088122	  0.025503	  0.068077	  0.025158	  0.118610
  0.051578	 -0.005678	  0.106716	  0.047138	  0.063230	  0.036593	  0.081740
  0.058167	 -0.024113	  0.089104	  0.059903	  0.065574	  0.031018	  0.083038
  0.099757	 -0.013660	  0.056035	  0.070736	  0.028514	 -0.002336	  0.109107
  0.085566	 -0.031208	  0.062465	  0.092180	 -0.017764	 -0.006295	  0.115822
  0.077552	 -0.007262	  0.057429	  0.063102	  0.022813	 -0.016210	  0.091084
  0.078693	 -0.015402	  0.052709	  0.066016	  0.010174	 -0.017192	  0.062259
  0.112395	  0.003983	  0.026577	  0.082519	 -0.002686	 -0.002589	  0.064192
  0.126079	  0.044116	  0.046849	  0.098452	 -0.003130	  0.023574	  0.069703
  0.097824	  0.053555	  0.025564	  0.123127	  0.008337	  0.039000	  0.079998
  0.076919	  0.080416	  0.027464	  0.115873	  0.006278	  0.056612	  0.112496
  0.052941	  0.081714	  0.035003	  0.096868	 -0.009338	  0.090789	  0.090007
  0.058642	  0.079972	 -0.006967	  0.109190	 -0.003288	  0.077454	  0.057857
  0.098490	  0.077026	  0.000730	  0.120149	  0.012835	  0.052272	  0.112465
  0.142360	  0.080004	  0.033609	  0.120118	  0.038682	  0.046191	  0.136031
  0.148378	  0.037622	  0.051411	  0.108809	  0.042610	  0.009922	  0.141099
  0.139319	  0.051053	  0.061072	  0.106687	  0.020912	  0.004537	  0.138248
  0.143152	  0.035057	  0.076434	  0.132408	  0.012455	 -0.001671	  0.104989
  0.104635	  0.024952	  0.107159	  0.110963	  0.008780	  0.011474	  0.109677
  0.104698	  0.030907	  0.087869	  0.119389	  0.066049	  0.041534	  0.065142
  0.091838	  0.044623	  0.095946	  0.121131	  0.102413	  0.062503	  0.050888
  0.053859	  0.012314	  0.103865	  0.083596	  0.108304	  0.077739	  0.049273
  0.074860	 -0.009035	  0.124866	  0.073238	  0.092530	  0.106342	  0.045788
  0.098521	 -0.025602	  0.130092	  0.073080	  0.088064	  0.115211	  0.050191
  0.111160	 -0.002130	  0.132056	  0.060156	  0.124332	  0.118125	  0.076165
  0.079928	  0.013993	  0.104087	  0.064337	  0.108558	  0.076757	  0.066536
  0.065484	  0.015006	  0.127780	  0.071021	  0.082552	  0.096301	  0.058363
  0.085629	  0.029862	  0.102471	  0.059808	  0.042515	  0.109605	  0.070115
  0.073529	  0.022260	  0.110897	  0.078686	  0.046031	  0.119107	  0.088898
  0.086200	 -0.027914	  0.136997	  0.129462	  0.070452	  0.078183	  0.076070
  0.042963	 -0.044543	  0.120558	  0.144888	  0.034216	  0.097790	  0.071572
  0.073498	 -0.006216	  0.085081	  0.134498	  0.020785	  0.107957	  0.087695
  0.044673	  0.000024	  0.106399	  0.130982	  0.015179	  0.057372	  0.051585
  0.013822	 -0.004854	  0.104340	  0.103456	  0.011948	  0.066019	  0.078541
 -0.032646	 -0.010144	  0.068800	  0.094619	 -0.009180	  0.039760	  0.084717
 -0.027420	  0.009590	  0.085588	  0.121068	  0.017554	  0.027122	  0.079903
 -0.017379	  0.018902	  0.086127	  0.126104	 -0.006867	  0.054426	  0.045503
 -0.001763	  0.018585	  0.103326	  0.113181	  0.011156	  0.048186	  0.022697
 -0.007781	  0.005947	  0.104118	  0.107067	  0.014577	  0.072006	  0.028367
 -0.004297	  0.039966	  0.092208	  0.114321	  0.021165	  0.109446	  0.026055
  0.009260	  0.035627	  0.090878	  0.117774	  0.017301	  0.067920	 -0.021902
  0.035804	  0.044908	  0.111689	  0.087524	  0.022654	  0.062662	  0.004072
  0.064375	  0.033663	  0.089073	  0.118439	  0.020595	  0.098803	  0.046295
  0.066086	  0.034043	  0.066108	  0.140073	  0.041533	  0.110428	  0.032548
  0.072864	  0.002906	  0.054832	  0.136874	  0.067633	  0.103650	  0.019181
  0.066149	  0.024826	  0.061673	  0.129082	  0.068583	  0.086893	  0.028620
  0.059782	  0.008608	  0.051094	  0.128638	  0.055565	  0.063232	  0.018674
  0.054334	  0.012187	  0.060945	  0.129113	  0.069280	  0.077993	  0.026941
  0.048506	  0.049437	  0.065443	  0.109601	  0.050053	  0.069218	  0.038313
  0.063203	  0.066605	  0.065063	  0.081917	  0.047108	  0.094115	  0.033783
  0.087467	  0.059890	  0.067533	  0.093922	  0.066334	  0.069852	  0.036191
  0.091078	  0.059383	  0.074407	  0.091261	  0.097440	  0.102002	  0.025009
  0.100042	  0.056469	  0.069814	  0.062659	  0.060728	  0.083092	  0.031281
  0.096652	  0.016875	  0.111625	  0.085116	  0.066429	  0.063010	  0.033847
  0.109069	 -0.002637	  0.123060	  0.097026	  0.068963	  0.054014	  0.017977
  0.087150	  0.015956	  0.142952	  0.101461	  0.055311	  0.053317	  0.077970
  0.057248	 -0.039000	  0.125119	  0.097216	  0.044795	  0.021230	  0.068404
  0.075113	 -0.058322	  0.115268	  0.084514	  0.004124	  0.034597	  0.093808
  0.114454	 -0.050783	  0.125151	  0.079035	  0.011378	  0.066558	  0.089912
  0.119585	 -0.034217	  0.118721	  0.064306	  0.052017	  0.084929	  0.088962
  0.090096	 -0.039317	  0.140988	  0.091135	  0.089647	  0.079165	  0.094632
  0.084014	 -0.050055	  0.122902	  0.089804	  0.097978	  0.081920	  0.103026
  0.068493	 -0.036466	  0.090403	  0.104502	  0.095856	  0.100134	  0.081740
  0.050818	  0.031414	  0.105005	  0.085845	  0.092847	  0.095857	  0.085541
  0.079675	  0.024097	  0.126323	  0.105959	  0.077928	  0.088699	  0.097926
  0.047144	  0.033853	  0.141812	  0.097470	  0.093575	  0.095509	  0.093460
  0.015880	  0.031604	  0.153944	  0.085370	  0.091421	  0.091423	  0.129633
 -0.028275	  0.034803	  0.133830	  0.086637	  0.081602	  0.091106	  0.147941
 -0.039456	  0.033568	  0.141780	  0.039345	  0.063769	  0.078499	  0.156588
 -0.050954	  0.066859	  0.155147	  0.032757	  0.060728	  0.056137	  0.108569
 -0.062991	  0.044908	  0.167184	  0.028069	  0.091263	  0.065703	  0.055734
