:RUN-5	LEVEL SWEEP	TEMP:NaN	8/27/2019	6:46 PM	HR:-636.36:SW EAR: R	SW FREQ: 22.60	# AVERAGES: 512	REP RATE (/sec): 80	DRIVER: 	SAMPLE (µsec): 40	MASKER dB: 2147483647:NOTES-:CHAMBER-SEWELL-PXI1:CFTS Version: V2.7.2 (R850):LEVELS:20;30;40;50;60;70;80;:DATA  0.025144	  0.051301	 -0.019900	 -0.013334	 -0.077395	 -0.079627	 -0.168573
 -0.009857	  0.038568	 -0.022909	 -0.035348	 -0.077427	 -0.052640	 -0.188307
 -0.019202	  0.024124	 -0.013407	 -0.029520	 -0.061589	 -0.077188	 -0.160939
 -0.001400	  0.019246	  0.003191	 -0.017673	 -0.047526	 -0.059767	 -0.093186
 -0.004536	  0.013449	  0.003920	 -0.025339	 -0.054019	 -0.043992	 -0.057551
  0.029705	 -0.015439	  0.004205	 -0.011402	 -0.016040	 -0.044689	 -0.018685
  0.039524	 -0.014045	 -0.005298	 -0.035158	  0.009933	 -0.050644	 -0.001897
  0.033443	 -0.015470	  0.002653	 -0.014664	  0.008255	 -0.032431	 -0.041301
  0.046366	 -0.022470	  0.027835	 -0.022013	  0.027862	 -0.012254	 -0.030564
  0.057896	 -0.027824	  0.021278	 -0.001234	  0.029984	  0.017965	 -0.026287
  0.017954	 -0.007298	 -0.005329	  0.009789	 -0.006158	  0.038110	 -0.040890
  0.004745	 -0.022375	 -0.013058	 -0.017705	 -0.009547	  0.013910	 -0.078235
 -0.011631	  0.008160	 -0.014484	 -0.021918	  0.006893	  0.015462	 -0.038831
 -0.030320	  0.002806	 -0.015402	 -0.014442	  0.014938	  0.021196	 -0.029455
  0.003541	 -0.015058	 -0.026552	 -0.002754	  0.040310	  0.027974	  0.057621
 -0.012201	 -0.006189	 -0.020090	  0.007604	  0.039550	  0.018440	  0.154009
 -0.043211	 -0.003244	  0.002431	  0.015332	  0.020766	  0.027150	  0.178494
 -0.053126	  0.009141	  0.017128	  0.059361	  0.033785	  0.064211	  0.170670
 -0.037415	 -0.002072	  0.035849	  0.084796	  0.054152	  0.090913	  0.196105
 -0.035419	 -0.015312	  0.037939	  0.085620	  0.063275	  0.117900	  0.217803
 -0.035451	 -0.038276	  0.070375	  0.077955	  0.113607	  0.107542	  0.189136
 -0.022813	 -0.007710	  0.081714	  0.086602	  0.127829	  0.134720	  0.208300
 -0.014134	  0.000557	  0.072560	  0.082959	  0.114082	  0.119389	  0.178304
 -0.020437	 -0.004511	  0.083837	  0.068262	  0.119973	  0.103868	  0.194395
 -0.017459	  0.034482	  0.071642	  0.105132	  0.132865	  0.095442	  0.190435
 -0.030035	  0.056623	  0.033980	  0.118214	  0.127892	  0.119389	  0.190308
  0.011745	  0.042306	  0.034993	  0.079823	  0.121526	  0.135448	  0.200254
  0.048394	  0.034703	  0.061696	  0.055433	  0.140119	  0.197374	  0.270510
  0.015515	  0.027228	  0.057229	  0.066710	  0.136888	  0.195410	  0.343680
  0.037149	  0.053709	  0.059035	  0.073520	  0.114525	  0.208903	  0.382673
  0.032493	  0.042907	  0.050007	  0.103485	  0.155576	  0.233959	  0.453277
  0.048140	  0.065999	  0.046840	  0.140767	  0.197768	  0.270100	  0.462653
  0.052448	  0.066727	  0.052605	  0.142952	  0.202139	  0.282168	  0.455209
  0.029420	  0.034292	  0.047568	  0.187234	  0.233023	  0.261548	  0.417547
  0.038352	  0.033151	  0.054125	  0.187519	  0.251078	  0.199369	  0.291891
  0.050896	  0.051333	  0.111489	  0.177542	  0.232199	  0.126991	  0.187521
  0.046271	  0.040658	  0.135309	  0.182166	  0.200112	  0.060188	  0.052806
  0.015990	  0.053550	  0.129164	  0.143871	  0.105054	 -0.029802	 -0.049474
  0.020171	  0.030459	  0.135467	  0.096643	  0.005531	 -0.119126	 -0.146654
  0.050484	  0.065872	  0.104489	  0.057872	 -0.056711	 -0.177282	 -0.257517
  0.073290	  0.088583	  0.089095	 -0.027778	 -0.106537	 -0.245035	 -0.341267
  0.059322	  0.077782	  0.085927	 -0.068797	 -0.205364	 -0.285168	 -0.419410
  0.059163	  0.072587	  0.079497	 -0.103830	 -0.242519	 -0.330527	 -0.472181
  0.094006	  0.069610	  0.038034	 -0.147479	 -0.242836	 -0.336419	 -0.479434
  0.099834	  0.073632	  0.002558	 -0.169113	 -0.233903	 -0.308291	 -0.436166
  0.084535	  0.047690	 -0.002035	 -0.168131	 -0.251261	 -0.298218	 -0.437180
  0.090268	  0.032613	 -0.030575	 -0.139021	 -0.235677	 -0.288241	 -0.425175
  0.111808	  0.016078	 -0.034882	 -0.123817	 -0.191332	 -0.257801	 -0.340982
  0.118206	 -0.039195	 -0.040996	 -0.119414	 -0.124370	 -0.186056	 -0.250865
  0.128976	 -0.075083	 -0.029973	 -0.097843	 -0.039448	 -0.099487	 -0.144120
  0.110224	 -0.072359	 -0.041249	 -0.071331	  0.033056	 -0.039146	 -0.049315
  0.113486	 -0.069033	 -0.061141	 -0.060277	  0.072239	  0.012231	  0.022334
  0.092707	 -0.076635	 -0.046824	 -0.046973	  0.092099	  0.075835	  0.099527
  0.042375	 -0.077617	  0.009716	 -0.020777	  0.113322	  0.102728	  0.183593
  0.026062	 -0.084903	  0.041265	  0.014065	  0.128652	  0.167029	  0.256383
  0.045574	 -0.094437	  0.037527	  0.075927	  0.149115	  0.229017	  0.274470
  0.068919	 -0.077015	  0.048012	  0.111625	  0.164192	  0.251380	  0.266646
  0.102495	 -0.061304	  0.069171	  0.122173	  0.191243	  0.250778	  0.290466
  0.135406	 -0.020412	  0.091660	  0.140355	  0.177337	  0.232882	  0.253722
  0.128754	  0.001951	  0.047568	  0.147102	  0.182881	  0.227465	  0.241654
  0.088241	  0.034133	  0.065212	  0.114698	  0.194949	  0.214035	  0.223694
  0.118808	  0.062673	  0.115702	  0.089358	  0.169007	  0.167060	  0.160280
  0.126283	  0.107557	  0.075063	  0.060850	  0.142748	  0.117869	  0.057652
  0.105472	  0.122349	  0.054157	  0.057714	  0.124693	  0.087619	 -0.040795
  0.085010	  0.142051	  0.021911	  0.089928	  0.123363	  0.036463	 -0.103638
  0.088621	  0.123236	  0.001861	  0.090973	  0.074994	 -0.005982	 -0.133096
  0.103825	  0.082090	  0.001956	  0.057746	  0.041545	 -0.020362	 -0.138956
  0.076268	  0.089819	  0.014119	  0.011975	  0.013291	 -0.070980	 -0.162618
  0.050738	  0.068976	  0.033093	 -0.005130	 -0.035932	 -0.067717	 -0.144056
  0.044086	  0.007970	  0.064958	 -0.021253	 -0.050345	 -0.070758	 -0.180293
  0.065403	  0.029699	  0.079624	 -0.018687	 -0.047969	 -0.065468	 -0.172532
  0.037180	  0.028844	  0.084280	 -0.011433	 -0.048824	 -0.069903	 -0.121883
  0.053462	  0.031473	  0.051084	  0.014382	 -0.035964	 -0.065880	 -0.089480
  0.073322	  0.020069	  0.024699	 -0.022013	 -0.042869	 -0.046495	 -0.057709
  0.095463	  0.027323	  0.043577	 -0.003704	 -0.018606	 -0.000629	 -0.024957
  0.088621	  0.004929	  0.064040	  0.012482	 -0.019936	  0.015937	 -0.008296
  0.052796	 -0.016737	  0.037242	 -0.000885	  0.004105	  0.028037	 -0.009278
  0.049661	 -0.023769	  0.037717	 -0.025465	  0.011232	  0.026897	 -0.034016
  0.085454	 -0.066974	  0.036260	 -0.026257	  0.045726	 -0.000439	 -0.065153
  0.111269	 -0.027982	  0.010983	 -0.010261	  0.060519	 -0.035598	 -0.064868
  0.150356	  0.016363	  0.007087	  0.026450	  0.070307	 -0.040191	 -0.066768
  0.115133	  0.024757	 -0.005963	  0.026419	  0.051776	 -0.030594	 -0.038387
  0.089065	  0.017155	 -0.005456	  0.049605	  0.028305	 -0.026634	 -0.039179
  0.069331	  0.002078	 -0.046286	  0.066171	  0.049369	 -0.045196	 -0.042030
  0.055647	  0.028178	 -0.054680	  0.021002	  0.037491	 -0.041237	 -0.031134
  0.072530	  0.026024	 -0.043720	  0.021509	  0.036192	 -0.048617	 -0.019572
  0.097332	  0.021558	 -0.013977	  0.041370	  0.007399	 -0.005443	  0.010836
  0.092296	  0.016205	  0.002273	  0.019419	 -0.000456	 -0.045133	  0.006845
  0.074526	  0.024029	  0.044052	 -0.008297	  0.003978	 -0.002086	  0.021162
  0.091535	  0.017282	  0.059257	  0.018785	  0.019278	  0.050622	  0.034909
  0.097585	  0.028495	  0.049786	  0.042795	  0.058365	  0.096836	  0.085083
  0.119726	  0.047342	  0.066954	  0.065760	  0.079556	  0.134688	  0.145646
  0.129197	  0.020766	  0.074682	  0.069085	  0.066886	  0.152173	  0.195883
  0.104205	 -0.007646	  0.077692	  0.055782	  0.071700	  0.184228	  0.226513
  0.130464	  0.021748	  0.093371	  0.049637	  0.062736	  0.185274	  0.230409
  0.135311	  0.047817	  0.102050	  0.056764	  0.018106	  0.150589	  0.202979
  0.139017	  0.077592	  0.119946	  0.088186	  0.031536	  0.126136	  0.214540
  0.118934	  0.088678	  0.111362	  0.084005	  0.049908	  0.143779	  0.168389
  0.085390	  0.056084	  0.092706	  0.109725	  0.062198	  0.171051	  0.170385
  0.063566	  0.047500	  0.100498	  0.109155	  0.063338	  0.179255	  0.142859
  0.047158	  0.038093	  0.089380	  0.116060	  0.066189	  0.175074	  0.174154
  0.062046	 -0.011954	  0.070406	  0.115110	  0.087950	  0.169753	  0.215015
  0.086246	  0.012404	  0.070216	  0.156604	  0.065555	  0.189043	  0.215047
  0.086341	  0.038219	  0.029704	  0.173519	  0.051555	  0.183975	  0.200001
  0.111903	  0.033088	  0.075823	  0.178840	  0.031029	  0.153028	  0.147547
  0.145954	  0.029889	  0.086624	  0.168736	  0.046043	  0.167694	  0.124075
  0.153492	  0.024726	  0.109589	  0.164111	  0.066189	  0.165572	  0.107984
  0.154981	  0.034038	  0.115892	  0.137536	  0.065270	  0.169594	  0.124836
  0.138827	  0.048292	  0.113548	  0.130092	  0.045125	  0.127435	  0.092400
  0.134772	  0.029287	  0.119313	  0.163953	  0.021083	  0.119927	  0.082232
  0.126980	 -0.006601	  0.111362	  0.175483	  0.031599	  0.107194	  0.086287
  0.090997	 -0.042394	  0.077787	  0.126481	  0.024884	  0.084768	  0.087744
  0.084028	  0.018074	  0.048867	  0.160310	  0.022318	  0.065604	  0.053756
  0.087544	  0.045125	  0.031889	  0.140703	  0.021907	  0.054075	  0.069309
  0.080291	  0.069641	  0.024382	  0.109123	  0.027608	  0.049355	  0.030570
  0.052036	  0.034292	 -0.008307	  0.090530	  0.015698	  0.040454	  0.030506
  0.066639	  0.029192	 -0.026488	  0.084955	 -0.012429	  0.042608	  0.067060
  0.079879	  0.036509	 -0.025982	  0.109313	  0.008730	  0.019358	  0.079983
  0.069236	 -0.000551	  0.000309	  0.125246	 -0.005081	  0.039757	  0.018153
  0.065910	 -0.026240	  0.002431	  0.114571	 -0.022502	  0.046916	  0.008175
  0.077376	  0.004295	  0.022418	  0.099684	 -0.046734	  0.021037	 -0.006047
  0.086214	  0.010440	  0.064990	  0.092113	 -0.023199	  0.002222	 -0.023817
  0.080322	 -0.015090	  0.064483	  0.062814	 -0.029724	 -0.001611	 -0.010703
  0.050136	  0.008223	  0.046586	  0.044854	 -0.005081	  0.009982	 -0.019952
  0.058055	  0.005879	  0.036039	  0.019070	  0.006481	  0.005073	 -0.013395
  0.042344	  0.014875	  0.038763	 -0.007696	  0.007621	  0.001652	 -0.017957
  0.065245	  0.038726	  0.054949	 -0.023565	  0.004390	 -0.040635	 -0.023690
  0.088083	  0.017440	  0.035373	 -0.037819	 -0.049490	 -0.075699	 -0.033003
  0.095368	  0.030364	  0.062899	 -0.024832	 -0.033177	 -0.032652	 -0.071266
  0.070883	  0.030459	  0.049025	 -0.040131	 -0.007900	 -0.010290	 -0.154541
  0.062362	  0.020196	  0.053523	 -0.042443	 -0.015755	 -0.034426	 -0.202941
  0.011333	  0.038378	  0.068347	 -0.032656	 -0.019873	 -0.078740	 -0.240507
  0.017859	  0.032645	  0.062171	 -0.029963	 -0.076762	 -0.104492	 -0.274052
  0.010827	 -0.000044	  0.037591	 -0.011940	 -0.084111	 -0.127583	 -0.302306
  0.040316	 -0.007868	  0.005789	 -0.024072	 -0.091491	 -0.159259	 -0.313266
  0.061317	 -0.023801	 -0.003682	 -0.066612	 -0.113220	 -0.201197	 -0.348425
  0.018492	 -0.027982	  0.009811	 -0.059200	 -0.151389	 -0.234994	 -0.339081
 -0.023794	 -0.012873	  0.044654	 -0.085870	 -0.164186	 -0.245099	 -0.377757
 -0.048089	 -0.008882	  0.042627	 -0.077223	 -0.176254	 -0.264421	 -0.362077
 -0.053443	 -0.011638	  0.029608	 -0.075417	 -0.175145	 -0.251054	 -0.345416
 -0.033804	  0.016617	  0.047822	 -0.080580	 -0.203241	 -0.214881	 -0.287609
 -0.032283	 -0.006855	  0.036102	 -0.098509	 -0.193676	 -0.165562	 -0.297681
 -0.013247	  0.013228	 -0.011569	 -0.102056	 -0.218446	 -0.158213	 -0.297333
  0.002496	 -0.007076	 -0.008624	 -0.114536	 -0.218002	 -0.159892	 -0.307659
 -0.006056	 -0.045974	 -0.042485	 -0.122392	 -0.231369	 -0.172721	 -0.290808
  0.025967	 -0.053956	 -0.017493	 -0.103767	 -0.215215	 -0.188748	 -0.273481
  0.074336	 -0.076984	 -0.005995	 -0.075291	 -0.185598	 -0.185581	 -0.264106
  0.061317	 -0.047937	 -0.020343	 -0.091952	 -0.168145	 -0.179214	 -0.279310
  0.034298	 -0.018384	 -0.019235	 -0.100916	 -0.163236	 -0.175001	 -0.299107
  0.041742	 -0.032226	 -0.009606	 -0.111781	 -0.179358	 -0.185391	 -0.337972
  0.044909	 -0.069350	 -0.000705	 -0.129931	 -0.170236	 -0.182635	 -0.354317
  0.087418	 -0.065422	 -0.020945	 -0.106364	 -0.160480	 -0.147095	 -0.328660
  0.108070	 -0.063142	 -0.039127	 -0.095563	 -0.136723	 -0.159892	 -0.311397
  0.095748	 -0.063585	 -0.045684	 -0.081499	 -0.123483	 -0.145987	 -0.302654
  0.105884	 -0.078029	 -0.023384	 -0.063381	 -0.125225	 -0.137815	 -0.237182
  0.143515	 -0.065961	 -0.023258	 -0.058186	 -0.120886	 -0.141964	 -0.216941
  0.144370	 -0.069952	 -0.049960	 -0.021348	 -0.102989	 -0.109940	 -0.196574
  0.139365	 -0.048888	 -0.071246	  0.008491	 -0.094880	 -0.099868	 -0.204778
  0.089318	 -0.027317	 -0.050372	  0.012798	 -0.065992	 -0.087958	 -0.169365
  0.074051	 -0.055001	 -0.042706	  0.014414	 -0.060132	 -0.088876	 -0.176365
  0.061761	 -0.040367	 -0.058512	  0.048655	 -0.044231	 -0.053305	 -0.158247
  0.058593	 -0.017783	 -0.025190	  0.060090	 -0.027190	 -0.041648	 -0.170600
  0.050357	 -0.013411	 -0.002574	  0.049922	 -0.004859	 -0.008072	 -0.176998
  0.011080	  0.038029	  0.007911	  0.048845	 -0.001153	 -0.021471	 -0.166736
  0.005537	  0.042242	 -0.034217	  0.051537	  0.017282	 -0.028693	 -0.139242
  0.037054	  0.056559	  0.000214	 -0.015393	 -0.006918	 -0.006837	 -0.130974
 -0.002699	  0.024757	 -0.003841	 -0.018085	 -0.004701	 -0.034775	 -0.137784
 -0.019392	  0.048704	 -0.035453	 -0.017135	 -0.004796	 -0.048490	 -0.129486
 -0.047171	 -0.000013	 -0.056453	  0.012893	 -0.007583	 -0.097745	 -0.118526
 -0.065701	 -0.039290	 -0.051354	  0.039754	 -0.016991	 -0.108768	 -0.074719
 -0.083376	 -0.023516	 -0.094210	  0.018152	 -0.047589	 -0.072690	 -0.059958
 -0.045777	  0.013196	 -0.088984	 -0.023597	 -0.079423	 -0.071201	 -0.026477
 -0.039854	 -0.019936	 -0.053603	 -0.059041	 -0.091301	 -0.092519	 -0.004685
 -0.037953	 -0.012208	 -0.033679	 -0.048588	 -0.085188	 -0.069966	 -0.017862
 -0.029053	 -0.005429	 -0.048186	 -0.064964	 -0.072422	 -0.090967	 -0.030088
  0.010668	 -0.040462	 -0.059019	 -0.058851	 -0.082844	 -0.096890	 -0.016848
 -0.022971	 -0.056426	 -0.043847	 -0.073739	 -0.103147	 -0.084663	 -0.003703
 -0.044764	 -0.045530	 -0.009574	 -0.092269	 -0.097098	 -0.057866	 -0.029487
  0.001514	 -0.065961	 -0.022466	 -0.068322	 -0.129185	 -0.065120	 -0.055872
  0.056597	 -0.037738	 -0.040014	 -0.080422	 -0.125700	 -0.052355	 -0.054320
  0.052923	 -0.020665	 -0.041027	 -0.091920	 -0.111922	 -0.043359	 -0.090145
  0.015103	  0.005404	 -0.036149	 -0.057616	 -0.100645	 -0.025335	 -0.107915
 -0.002129	 -0.007583	 -0.010999	  0.000762	 -0.092251	 -0.015675	 -0.132273
  0.012569	  0.017757	 -0.005551	  0.040578	 -0.093518	 -0.016751	 -0.141079
 -0.008495	  0.020291	 -0.017746	  0.048623	 -0.073056	 -0.018240	 -0.131133
 -0.003142	 -0.006094	 -0.003904	  0.046849	 -0.069888	 -0.001864	 -0.121978
  0.019474	 -0.042458	  0.014151	  0.027496	 -0.065866	 -0.009308	 -0.102688
  0.016053	 -0.022217	  0.045446	 -0.006777	 -0.048318	 -0.024449	 -0.093407
 -0.004504	 -0.027443	  0.018617	 -0.043362	 -0.055920	 -0.075002	 -0.097240
  0.026506	 -0.018638	 -0.012995	 -0.040194	 -0.069825	 -0.096700	 -0.074624
  0.040601	 -0.024846	 -0.032855	 -0.051819	 -0.039797	 -0.090650	 -0.095656
  0.029135	 -0.037706	 -0.022561	 -0.014062	 -0.045815	 -0.091980	 -0.105159
  0.064009	 -0.024624	 -0.008402	 -0.009723	 -0.068305	 -0.095750	 -0.128345
  0.067114	 -0.008027	  0.007341	 -0.009944	 -0.075717	 -0.118398	 -0.107344
  0.041393	 -0.016009	 -0.004506	 -0.062621	 -0.101690	 -0.124796	 -0.086344
  0.070408	  0.002996	 -0.034407	 -0.061575	 -0.065961	 -0.099582	 -0.103258
  0.082096	 -0.009610	 -0.003587	 -0.059200	 -0.017592	 -0.075446	 -0.127522
  0.062521	 -0.020697	  0.002780	 -0.030153	 -0.019810	 -0.068794	 -0.147002
  0.081811	 -0.012018	  0.001196	 -0.040860	 -0.025606	 -0.065436	 -0.140097
  0.090838	 -0.038847	 -0.009099	 -0.023597	 -0.017751	 -0.055079	 -0.096670
  0.058118	 -0.062476	 -0.015846	 -0.052073	 -0.018448	 -0.013837	 -0.066927
  0.021184	 -0.062096	 -0.006121	 -0.043362	 -0.024498	  0.013372	 -0.083778
 -0.035673	 -0.036534	  0.002209	 -0.031357	 -0.034982	 -0.001262	 -0.101865
 -0.035958	 -0.061716	 -0.025950	 -0.056444	 -0.010782	 -0.022770	 -0.073927
 -0.010174	 -0.071092	 -0.029656	 -0.084476	 -0.039829	 -0.029073	 -0.055524
 -0.002699	 -0.043471	 -0.084518	 -0.073200	 -0.066784	 -0.016435	 -0.030088
 -0.006975	 -0.016516	 -0.111980	 -0.078617	 -0.071282	 -0.037404	 -0.001200
 -0.011853	 -0.024941	 -0.129908	 -0.081277	 -0.065897	 -0.038798	  0.040041
 -0.039442	 -0.030263	 -0.142452	 -0.039656	 -0.044738	 -0.021408	  0.038584
 -0.022337	 -0.017941	 -0.117872	 -0.033701	 -0.027253	 -0.012222	  0.054928
  0.000564	 -0.023104	 -0.105898	 -0.058756	 -0.018036	  0.024521	  0.043145
 -0.021070	 -0.039480	 -0.079545	 -0.071458	 -0.012714	  0.009381	  0.045996
 -0.029908	 -0.034475	 -0.044924	 -0.088151	 -0.032480	  0.022336	  0.032534
 -0.011200	 -0.030826	 -0.040046	  0.020831	  0.072974	 -0.012003	  0.035704
 -0.008128	 -0.040582	 -0.034439	  0.024221	  0.093531	 -0.001297	  0.017174
 -0.006766	 -0.010618	 -0.050023	  0.038855	  0.064833	 -0.029203	 -0.016338
  0.003624	 -0.006310	 -0.004601	  0.083263	  0.065086	 -0.015963	 -0.048995
 -0.003693	 -0.000323	  0.025396	  0.067932	  0.056629	 -0.017356	 -0.057199
 -0.002521	 -0.005581	  0.041772	  0.064702	  0.000089	 -0.012542	 -0.016940
 -0.042179	 -0.016604	  0.017445	  0.031823	 -0.017206	 -0.043140	 -0.017827
 -0.031916	  0.025429	  0.011775	 -0.004762	 -0.024586	 -0.050711	 -0.080101
  0.021045	  0.014311	  0.017255	  0.022985	 -0.033867	 -0.046118	 -0.120550
  0.016674	  0.031701	  0.017287	 -0.008183	 -0.035103	 -0.039403	 -0.123179
  0.016009	  0.039683	 -0.001212	  0.007211	 -0.024871	  0.023885	 -0.055552
  0.020855	  0.027773	 -0.014198	  0.006007	 -0.014324	  0.048211	  0.121481
  0.008407	  0.018840	  0.000214	 -0.035836	  0.009021	  0.100191	  0.250020
  0.024434	  0.007532	 -0.009130	 -0.055094	 -0.022654	  0.121001	  0.311470
  0.049870	  0.003668	 -0.030606	 -0.043723	 -0.020659	  0.127020	  0.265699
  0.040905	 -0.001970	 -0.010714	 -0.049583	 -0.054108	  0.086127	  0.151193
 -0.008793	 -0.006753	  0.027581	 -0.045782	 -0.034501	  0.016156	 -0.009053
 -0.025169	 -0.014197	  0.013264	 -0.061239	 -0.045872	 -0.059168	 -0.147442
 -0.030111	 -0.006848	  0.010952	 -0.032003	 -0.032537	 -0.086820	 -0.213802
 -0.031346	 -0.028324	  0.012029	 -0.031623	 -0.001875	 -0.108866	 -0.245762
 -0.040057	 -0.027849	 -0.020280	  0.006387	 -0.012803	 -0.086725	 -0.129736
 -0.034640	 -0.040804	 -0.035991	  0.009206	  0.006297	 -0.039846	  0.044383
 -0.064415	 -0.032664	 -0.048820	  0.001826	  0.051719	  0.037759	  0.153822
 -0.077687	 -0.020184	 -0.026837	  0.004614	  0.046081	  0.061325	  0.247137
 -0.038409	  0.013171	 -0.035928	 -0.007993	  0.020773	  0.061452	  0.280238
 -0.002901	 -0.005233	 -0.031778	  0.021750	  0.025619	  0.036745	  0.220625
  0.018416	 -0.014672	 -0.018285	  0.041389	  0.009306	 -0.020999	  0.089172
  0.022692	 -0.025442	  0.004363	 -0.005428	 -0.001115	 -0.078743	 -0.083141
  0.048032	 -0.051732	  0.007246	 -0.021962	  0.022642	 -0.129677	 -0.158339
  0.027032	 -0.008464	  0.038193	  0.001509	  0.044878	 -0.165217	 -0.173574
  0.022439	  0.022420	  0.055202	  0.020198	  0.079214	 -0.127745	 -0.129957
  0.041697	  0.038162	  0.097964	  0.038094	  0.088019	 -0.068670	 -0.014026
  0.004321	  0.050041	  0.057356	  0.081331	  0.104047	 -0.004465	  0.097883
  0.009357	  0.067462	  0.040410	  0.091404	  0.053462	  0.053216	  0.252047
  0.010497	  0.021406	  0.014658	  0.058493	  0.045163	  0.086063	  0.314289
 -0.018771	  0.036547	 -0.012868	  0.036162	  0.001831	  0.058854	  0.306655
 -0.040057	  0.009971	 -0.047774	  0.035529	 -0.059841	  0.007889	  0.197914
 -0.027577	 -0.006912	 -0.046254	  0.012374	 -0.065004	 -0.069177	  0.012962
 -0.057161	 -0.024618	  0.000721	 -0.000961	 -0.094272	 -0.082291	 -0.175253
 -0.064098	 -0.049071	  0.010097	 -0.011224	 -0.102413	 -0.131261	 -0.254188
 -0.066125	 -0.029718	  0.026631	 -0.042266	 -0.096743	 -0.120080	 -0.255138
 -0.056338	 -0.037352	  0.022450	 -0.046479	 -0.040867	 -0.083304	 -0.142849
 -0.069166	 -0.019613	  0.021215	 -0.027284	 -0.014989	 -0.040796	  0.027057
 -0.078415	 -0.032664	  0.029989	 -0.025573	  0.019157	  0.033958	  0.199086
 -0.073664	 -0.030478	  0.044116	 -0.035804	  0.056281	  0.053406	  0.295822
 -0.049686	 -0.038809	 -0.012551	 -0.038053	  0.014849	  0.028699	  0.306845
 -0.074868	 -0.047044	  0.020233	 -0.039859	 -0.012835	 -0.012574	  0.261074
 -0.058523	 -0.023161	  0.074271	 -0.014772	 -0.017206	 -0.036742	  0.124427
 -0.035337	  0.027298	  0.078167	 -0.017274	 -0.084168	 -0.080675	 -0.010922
 -0.042559	  0.025999	  0.090140	 -0.023514	 -0.091865	 -0.083558	 -0.132428
 -0.029445	  0.009845	  0.045288	  0.009840	 -0.039822	 -0.084793	 -0.162931
 -0.023585	  0.003478	  0.019821	  0.021718	 -0.022876	 -0.047923	 -0.126568
 -0.006417	  0.012157	  0.029830	  0.053393	 -0.027722	 -0.016438	  0.048375
 -0.000177	 -0.022337	  0.038478	  0.083453	 -0.012518	  0.041813	  0.160505
  0.003275	 -0.035261	  0.015355	  0.113798	  0.015229	  0.072158	  0.250146
  0.041349	 -0.029971	  0.044179	  0.087983	  0.009084	  0.111024	  0.302632
  0.063680	 -0.023383	  0.048835	  0.099925	 -0.015432	  0.098860	  0.203710
  0.037896	 -0.039220	  0.035912	  0.041737	 -0.011061	  0.027306	  0.075615
 -0.012689	 -0.010428	 -0.002795	  0.019248	 -0.014640	 -0.032339	 -0.077503
 -0.007304	 -0.005803	  0.000626	 -0.016957	 -0.000038	 -0.038072	 -0.194987
  0.031308	 -0.000165	  0.035754	  0.002396	 -0.011536	 -0.058534	 -0.242912
  0.066372	  0.001071	  0.015165	  0.031854	 -0.006626	 -0.060467	 -0.200340
  0.044580	 -0.015242	  0.006581	  0.042117	  0.018555	 -0.029710	 -0.070154
  0.028964	 -0.005898	  0.056691	  0.062801	  0.045099	  0.015174	  0.090439
  0.011479	 -0.017871	  0.067460	  0.086843	  0.048267	  0.047325	  0.224996
  0.014837	 -0.035736	  0.063311	  0.060204	  0.019917	  0.049985	  0.303488
 -0.004675	 -0.012075	  0.056564	  0.022858	  0.009591	  0.030853	  0.310424
 -0.017535	  0.011302	  0.037179	  0.021053	  0.047855	  0.019704	  0.229114
 -0.051555	 -0.016636	  0.003951	 -0.000296	  0.020044	 -0.019289	  0.058511
 -0.035717	 -0.027596	 -0.016321	  0.015890	 -0.017554	 -0.047036	 -0.112219
 -0.049876	 -0.038175	  0.017540	  0.000591	 -0.047424	 -0.094327	 -0.208987
 -0.010947	 -0.027881	  0.047600	  0.023872	 -0.029274	 -0.082608	 -0.201670
  0.006284	 -0.010744	  0.037401	  0.009523	 -0.030795	 -0.062557	 -0.126125
 -0.018961	 -0.001368	  0.027423	  0.003346	 -0.026677	  0.009789	 -0.012695
 -0.030269	  0.011017	  0.042374	  0.013483	  0.006329	  0.073963	  0.153030
 -0.038061	  0.043294	  0.055994	  0.035687	  0.027361	  0.130631	  0.273016
 -0.044174	  0.045131	  0.056501	  0.037588	  0.057041	  0.138296	  0.302252
 -0.037554	  0.034361	  0.067682	  0.023270	  0.055552	  0.117327	  0.252870
 -0.024314	  0.023402	  0.025364	  0.021908	  0.024415	  0.064588	  0.131966
 -0.061913	 -0.002730	  0.031889	  0.024221	  0.002211	  0.016758	 -0.003890
 -0.068248	 -0.013943	  0.036609	 -0.010084	 -0.021197	 -0.009501	 -0.133315
 -0.055324	  0.003700	  0.043261	  0.003632	 -0.058859	 -0.030058	 -0.188240
 -0.022097	 -0.012138	  0.080827	 -0.007581	 -0.046981	 -0.008424	 -0.143483
 -0.031061	 -0.003586	  0.122734	 -0.031750	 -0.031302	  0.071524	 -0.002464
 -0.010155	 -0.012391	  0.136829	 -0.028012	 -0.004663	  0.120653	  0.160157
 -0.001888	 -0.008654	  0.096728	  0.014116	  0.027234	  0.131961	  0.301714
  0.009674	 -0.008369	  0.055899	 -0.004161	  0.044941	  0.161577	  0.373110
  0.014267	  0.009718	  0.062646	 -0.027379	  0.045068	  0.143998	  0.278971
  0.027412	  0.029959	  0.054569	 -0.039447	  0.023085	  0.118689	  0.162976
  0.024339	  0.022261	  0.051971	 -0.052909	 -0.001653	  0.064144	  0.006753
  0.041286	 -0.003586	  0.044908	 -0.048158	  0.004872	 -0.004496	 -0.146365
  0.023452	  0.026601	  0.009748	 -0.032478	  0.018270	 -0.003451	 -0.209969
  0.021710	 -0.019487	  0.037179	 -0.053796	 -0.001495	 -0.033923	 -0.223336
  0.009389	 -0.003237	  0.043102	 -0.034410	  0.001989	  0.004404	 -0.144877
  0.033050	  0.006709	  0.025839	 -0.014012	  0.038067	  0.035795	  0.004029
  0.046132	 -0.007260	  0.043451	  0.021623	  0.059575	  0.118879	  0.176786
  0.053322	 -0.036845	  0.064071	  0.003505	  0.071992	  0.150744	  0.259807
  0.040399	 -0.049768	  0.046175	  0.023460	  0.087449	  0.128857	  0.272002
  0.058169	 -0.076724	  0.049437	  0.043733	  0.061095	  0.105259	  0.205072
  0.032733	 -0.066683	  0.053365	  0.064765	  0.038606	  0.038962	  0.054456
  0.048761	 -0.049673	  0.040980	  0.061407	 -0.013215	  0.015586	 -0.106074
  0.021584	 -0.041248	  0.051718	  0.064005	 -0.011346	 -0.038896	 -0.180511
  0.032480	 -0.035134	  0.037781	  0.035370	 -0.039759	 -0.055272	 -0.189095
 -0.009490	 -0.065511	  0.056564	  0.038664	 -0.043243	 -0.052991	 -0.134899
 -0.025043	 -0.049863	  0.065813	  0.055136	 -0.001939	 -0.038452	  0.017143
 -0.017852	 -0.024618	  0.044686	  0.068218	  0.021945	  0.003708	  0.166935
  0.011733	  0.041615	  0.008228	  0.053267	  0.053683	  0.046818	  0.286224
  0.009357	  0.049914	  0.043419	  0.052602	  0.041172	  0.111277	  0.346471
 -0.008825	  0.001071	  0.083837	  0.013102	  0.021533	  0.111119	  0.303139
 -0.002870	 -0.047266	  0.100561	  0.009206	  0.002623	  0.047926	  0.176660
 -0.025169	 -0.064402	  0.082538	  0.030556	  0.002749	  0.017898	  0.016889
 -0.036382	 -0.071054	  0.035342	  0.020831	  0.000976	 -0.004655	 -0.128690
 -0.029730	 -0.040804	  0.014278	  0.006577	 -0.024143	 -0.025212	 -0.184661
 -0.025011	 -0.030921	 -0.015117	  0.026818	 -0.000418	 -0.031547	 -0.185199
 -0.035939	 -0.023256	 -0.029719	  0.025076	 -0.009161	 -0.019479	 -0.077788
 -0.054501	 -0.003934	 -0.009954	  0.011170	 -0.013785	  0.050619	  0.095032
 -0.055926	  0.006487	 -0.002289	  0.020166	  0.045891	  0.081597	  0.223761
 -0.038314	  0.007849	  0.005630	  0.045601	  0.082888	  0.092937	  0.237825
 -0.009300	 -0.015654	  0.002463	  0.040058	  0.091947	  0.086792	  0.200004
  0.018163	 -0.050465	  0.012250	  0.076960	  0.046335	  0.046057	  0.128006
  0.038815	 -0.034627	  0.029704	  0.072145	  0.075634	  0.009979	  0.077484
  0.017244	 -0.005359	  0.040790	  0.061724	  0.033601	  0.002694	  0.035894
 -0.010694	  0.011175	  0.055361	  0.057575	  0.018460	  0.015079	  0.017143
 -0.009585	  0.035122	  0.084217	  0.052285	 -0.005169	  0.023695	  0.020184
 -0.015223	 -0.027722	  0.096285	  0.045696	 -0.008432	  0.060343	  0.016477
 -0.009775	 -0.020247	  0.072465	  0.039836	 -0.024966	  0.076878	  0.032632
 -0.019943	 -0.034469	  0.041899	  0.001668	  0.018872	  0.067027	  0.032410
 -0.002743	 -0.051067	  0.021246	 -0.047999	 -0.001558	  0.059139	  0.029559
  0.003909	 -0.084263	  0.005567	 -0.034189	 -0.010332	  0.058854	  0.030573
  0.009452	 -0.079480	 -0.010017	 -0.030039	  0.010256	  0.046438	  0.023699
  0.006886	 -0.069724	 -0.002415	 -0.056932	  0.027298	  0.042763	  0.000703
  0.008375	 -0.062755	  0.034138	 -0.054366	  0.001514	  0.041591	 -0.003731
 -0.004675	 -0.087684	  0.054125	 -0.052434	  0.009053	  0.009884	  0.011631
 -0.016332	 -0.078688	  0.027265	 -0.032257	  0.013931	  0.034559	 -0.009971
 -0.059188	 -0.076312	  0.039364	 -0.006124	  0.022261	  0.042668	  0.021387
 -0.046423	 -0.080145	  0.056881	  0.017220	  0.007437	  0.048560	  0.049705
 -0.068279	 -0.063547	  0.021151	 -0.001848	  0.001767	  0.053089	  0.061330
 -0.053677	 -0.082837	  0.036862	 -0.004826	  0.032366	  0.060280	  0.105960
 -0.048704	 -0.092593	  0.044084	 -0.002957	  0.009211	  0.081566	  0.105358
 -0.030174	 -0.126011	  0.060524	 -0.011541	  0.003605	  0.072760	  0.098073
 -0.021051	 -0.111757	  0.059352	 -0.017718	  0.012822	  0.047800	  0.094494
 -0.000906	 -0.097471	  0.036165	 -0.013853	  0.003573	  0.051696	  0.078973
 -0.015255	 -0.098358	 -0.001623	 -0.052180	  0.010732	  0.062339	  0.081602
 -0.008255	 -0.141975	 -0.002352	 -0.054524	 -0.000038	  0.050524	  0.062914
 -0.003947	 -0.102698	  0.010730	 -0.058072	  0.040760	  0.023315	  0.066968
 -0.028558	 -0.049737	  0.034011	 -0.036026	  0.025176	  0.029523	  0.089489
 -0.039993	 -0.054963	  0.033029	  0.001003	  0.035977	  0.021921	  0.064466
 -0.002901	 -0.053158	  0.029704	 -0.014898	  0.049122	  0.013970	  0.059334
  0.029566	 -0.029686	  0.002304	 -0.026650	  0.058340	  0.039279	  0.061203
  0.045688	 -0.034786	 -0.010873	  0.023619	  0.047538	  0.047134	  0.066176
  0.051770	 -0.011346	 -0.026932	  0.069326	  0.081621	  0.038234	  0.096204
  0.020918	 -0.005898	 -0.044005	  0.060204	  0.038796	  0.052044	  0.093290
  0.029281	 -0.009952	 -0.055915	  0.013166	  0.046335	  0.090625	  0.062597
  0.050725	 -0.021926	 -0.050815	 -0.009957	  0.063123	  0.101299	  0.034216
  0.072137	 -0.042198	 -0.061838	  0.010442	  0.051118	  0.074882	  0.037668
  0.067323	 -0.099435	 -0.023511	  0.014370	  0.054887	  0.019735	  0.036243
  0.084459	 -0.096394	 -0.026710	  0.016428	  0.058910	 -0.011972	  0.064402
  0.055698	 -0.114418	 -0.038937	  0.019913	  0.068982	 -0.005573	  0.082996
  0.074893	 -0.096458	 -0.007040	  0.002238	  0.071390	 -0.002913	  0.101304
  0.047589	 -0.049642	 -0.016162	 -0.001341	  0.080734	 -0.006619	  0.090186
  0.000393	 -0.042926	 -0.016067	 -0.033999	  0.069964	  0.020210	  0.070294
  0.045245	 -0.046252	 -0.030891	 -0.046004	  0.080417	  0.070384	  0.124775
  0.045118	 -0.059619	  0.012821	 -0.054714	  0.069426	  0.062149	  0.160822
  0.073183	 -0.059556	  0.008544	 -0.039003	  0.070725	  0.072506	  0.152650
  0.055983	 -0.080050	  0.013929	 -0.031686	  0.094038	  0.066995	  0.160759
  0.042901	 -0.090313	  0.016748	 -0.023609	  0.097395	  0.071556	  0.169343
  0.027919	 -0.068963	  0.035310	 -0.010211	  0.063059	  0.083719	  0.127499
 -0.013734	 -0.055090	 -0.000927	  0.006071	  0.088748	  0.064302	  0.095381
 -0.028273	 -0.017840	  0.002906	  0.042751	  0.089508	  0.018152	  0.064085
 -0.046930	 -0.042356	  0.009843	  0.048579	  0.118048	  0.023663	  0.049483
 -0.040215	 -0.063515	  0.005377	  0.050606	  0.113550	  0.021224	  0.070896
 -0.051206	 -0.092055	  0.005092	  0.053140	  0.100278	  0.037157	  0.079670
 -0.023997	 -0.108526	 -0.015719	  0.070847	  0.065973	  0.034908	  0.061678
  0.022375	 -0.106625	 -0.016954	  0.065208	  0.047633	  0.047071	  0.043433
  0.034190	 -0.090091	  0.024477	  0.084182	  0.044878	  0.071176	  0.042800
  0.028806	 -0.079955	  0.017572	  0.058430	  0.047570	  0.092620	  0.045524
  0.041476	 -0.084389	  0.011585	  0.047850	  0.054063	  0.077036	  0.059049
  0.054082	 -0.077928	 -0.016289	  0.032488	  0.021279	  0.048401	  0.052904
  0.037960	 -0.055406	  0.020359	  0.007274	 -0.008527	  0.059203	  0.055470
  0.004986	 -0.055185	  0.011300	  0.004804	 -0.003142	  0.036301	  0.057972
 -0.010662	 -0.070927	 -0.025633	 -0.026650	  0.005759	 -0.001772	  0.064085
 -0.001729	 -0.048470	 -0.009669	 -0.074701	  0.013234	  0.013274	  0.063737
  0.002198	 -0.078878	 -0.012456	 -0.079294	  0.024162	  0.012482	  0.063515
  0.024308	 -0.109033	 -0.017714	 -0.043660	  0.050833	 -0.002216	  0.056927
  0.036186	 -0.117775	 -0.006406	 -0.042963	  0.040190	  0.038044	  0.035451
  0.019303	 -0.095634	 -0.029814	 -0.056837	  0.047095	  0.004943	  0.043275
  0.011891	 -0.055977	 -0.042548	 -0.036469	  0.056059	  0.019102	  0.038872
 -0.041640	 -0.046126	 -0.040204	 -0.033492	  0.045163	 -0.004021	  0.005074
 -0.015382	 -0.057180	 -0.044987	 -0.020853	  0.050231	 -0.016185	  0.013722
  0.005809	 -0.060665	 -0.047964	 -0.020980	  0.079594	 -0.043900	  0.058891
  0.018764	 -0.015369	 -0.028104	 -0.029501	  0.089350	 -0.057362	  0.078149
  0.003687	 -0.012898	 -0.001275	 -0.012650	  0.098472	 -0.012447	  0.077326
 -0.009902	 -0.028451	 -0.017208	 -0.012871	  0.042660	  0.024202	  0.070801
 -0.030997	 -0.048089	 -0.010397	  0.002111	 -0.008400	  0.021319	  0.065701
 -0.050003	 -0.059176	  0.026093	  0.011455	 -0.018346	  0.005735	  0.080050
 -0.062546	 -0.027184	  0.035849	  0.037207	  0.019791	 -0.007189	  0.061932
 -0.053012	 -0.014387	  0.028468	  0.045918	  0.063281	  0.004024	  0.049958
 -0.043446	 -0.031111	  0.039776	  0.029162	  0.073987	  0.029048	  0.052144
 -0.044618	 -0.044098	  0.030654	  0.069770	  0.062109	  0.026260	  0.054171
 -0.033373	 -0.019930	  0.025174	  0.075883	  0.066797	  0.038202	  0.054520
  0.007203	 -0.046094	  0.025206	  0.088648	  0.087259	  0.074312	  0.079195
  0.036091	 -0.037922	 -0.006121	  0.062833	  0.065752	  0.075040	  0.089267
  0.020728	 -0.032379	 -0.001655	  0.042972	  0.001356	  0.063574	  0.115273
  0.009674	 -0.069344	  0.000531	  0.007876	  0.011935	  0.058601	  0.105137
 -0.000969	 -0.060981	 -0.007737	 -0.014772	  0.004745	  0.045582	  0.090154
  0.003719	 -0.063515	 -0.009130	 -0.028012	  0.007311	  0.079190	  0.084231
 -0.030586	 -0.084706	 -0.007832	 -0.024243	  0.006297	  0.065696	  0.049451
 -0.017726	 -0.084263	 -0.025823	  0.011487	 -0.001052	  0.120368	  0.050782
 -0.030997	 -0.090661	 -0.028167	  0.023650	  0.003130	  0.103421	  0.055216
 -0.025803	 -0.078719	 -0.022719	  0.050574	 -0.017396	  0.089421	  0.033994
 -0.010947	 -0.062723	 -0.018475	  0.060045	 -0.039220	  0.093729	  0.042736
  0.019556	 -0.059714	 -0.007262	  0.067299	 -0.039917	  0.091322	  0.084231
  0.034792	 -0.062818	  0.007087	  0.053837	 -0.028197	  0.073362	  0.087494
