:RUN-2	LEVEL SWEEP	TEMP:NaN	8/27/2019	6:40 PM	HR:-636.36:SW EAR: R	SW FREQ: 8.00	# AVERAGES: 512	REP RATE (/sec): 80	DRIVER: 	SAMPLE (µsec): 40	MASKER dB: 2147483647:NOTES-:CHAMBER-SEWELL-PXI1:CFTS Version: V2.7.2 (R850):LEVELS:20;30;40;50;60;70;80;:DATA  0.001603	 -0.023318	  0.041625	 -0.060528	 -0.012838	 -0.058476	  0.022781
 -0.014900	 -0.005168	  0.051190	 -0.051723	 -0.015340	 -0.050652	 -0.005347
  0.000272	 -0.003109	  0.018660	 -0.018749	 -0.013345	  0.006775	 -0.004111
  0.013671	  0.032874	 -0.004843	 -0.009309	 -0.000611	  0.024862	 -0.011555
 -0.012746	  0.036992	  0.004279	 -0.026446	  0.004013	  0.008613	 -0.031574
 -0.008122	  0.027870	 -0.006870	  0.015366	  0.021593	  0.016595	 -0.037149
 -0.031308	  0.027806	 -0.024640	  0.023696	 -0.000896	 -0.011913	 -0.065752
 -0.046607	 -0.008082	 -0.014156	 -0.014156	 -0.038780	 -0.059901	 -0.056281
 -0.035362	 -0.031205	  0.008936	 -0.043202	 -0.031051	 -0.057050	 -0.044878
 -0.026937	 -0.030888	  0.002727	 -0.021726	 -0.028897	 -0.024393	 -0.024384
 -0.008058	 -0.005738	  0.005578	 -0.001929	  0.007751	  0.006047	 -0.056217
 -0.019936	  0.019571	  0.020434	 -0.001074	  0.021245	  0.008106	 -0.034235
 -0.002800	  0.004366	  0.000605	  0.015017	  0.041137	  0.009880	 -0.023592
  0.007241	 -0.009191	 -0.015708	  0.013719	  0.036924	  0.010956	  0.007387
  0.032993	 -0.028069	 -0.021346	  0.037728	  0.026471	  0.052895	  0.048976
  0.033341	 -0.017078	 -0.036202	  0.032280	  0.026566	  0.035853	  0.016256
  0.032993	  0.018240	 -0.032211	 -0.016056	  0.028118	  0.041587	  0.056547
  0.029921	  0.000914	 -0.016690	 -0.000979	 -0.006503	  0.021789	  0.071022
  0.033817	  0.003448	  0.013877	  0.063480	 -0.024336	  0.011020	  0.080208
  0.020925	 -0.010236	  0.004754	  0.064589	 -0.041219	  0.007409	  0.091896
  0.024092	  0.023815	 -0.003988	  0.044887	 -0.045717	 -0.029271	  0.080842
  0.018327	  0.030594	 -0.019921	  0.041973	 -0.023544	 -0.012800	  0.136115
  0.013988	  0.043612	 -0.017862	  0.020846	  0.010475	  0.008201	  0.162849
 -0.008628	  0.035187	 -0.003925	  0.034973	  0.049974	  0.026889	  0.181823
 -0.000456	  0.011208	 -0.002214	  0.050050	  0.071450	  0.030944	  0.199212
  0.026214	 -0.008335	  0.034593	  0.054390	  0.070151	  0.062777	  0.217299
  0.083262	 -0.004281	  0.081314	  0.027402	  0.078830	  0.059863	  0.215969
  0.082406	 -0.021227	  0.083436	  0.043493	  0.076201	  0.041523	  0.226326
  0.063338	 -0.001462	  0.037633	 -0.009309	  0.106071	  0.083683	  0.174252
  0.076166	  0.000850	  0.052299	  0.003266	  0.110822	  0.083715	  0.163388
  0.041229	  0.018557	  0.056195	 -0.013712	  0.120642	  0.084633	  0.185877
  0.018707	  0.016118	  0.094649	 -0.008866	  0.126945	  0.076176	  0.201715
  0.014748	  0.008389	  0.095726	  0.011185	  0.132995	  0.125209	  0.194303
  0.015096	  0.018684	  0.095663	  0.005198	  0.133058	  0.145228	  0.231204
  0.003947	  0.025399	  0.073522	  0.031457	  0.155295	  0.158627	  0.270989
 -0.006633	  0.035598	  0.049860	  0.050082	  0.162422	  0.213235	  0.271179
  0.016554	  0.031671	  0.019388	  0.054010	  0.170625	  0.240571	  0.280966
  0.027355	  0.024037	  0.046312	  0.079350	  0.196314	  0.269205	  0.276754
  0.032961	  0.008738	  0.083404	  0.101871	  0.227926	  0.280070	  0.241847
  0.033912	 -0.007068	  0.088884	  0.095884	  0.245284	  0.247349	  0.188126
  0.044840	 -0.015621	  0.125026	  0.114003	  0.266475	  0.238575	  0.168772
  0.031789	 -0.036400	  0.148592	  0.117360	  0.272810	  0.188497	  0.108019
  0.074963	 -0.001810	  0.140927	  0.096201	  0.255357	  0.162681	  0.038492
  0.061184	 -0.005263	  0.152520	  0.114478	  0.190169	  0.106933	 -0.023433
  0.053392	  0.022485	  0.161547	  0.126736	  0.100655	  0.001074	 -0.082635
  0.049084	  0.025050	  0.170258	  0.113559	  0.023082	 -0.038584	 -0.168380
  0.070148	  0.019444	  0.138234	  0.110677	  0.012027	 -0.061485	 -0.221974
  0.073664	  0.023878	  0.115903	  0.108998	  0.007688	 -0.129745	 -0.263849
  0.071003	  0.024322	  0.143651	  0.047389	 -0.020630	 -0.201553	 -0.252858
  0.035685	  0.045576	  0.100731	  0.008270	 -0.053224	 -0.207793	 -0.260998
  0.027513	  0.068572	  0.045996	 -0.040383	 -0.048314	 -0.231265	 -0.225807
  0.014115	  0.054128	 -0.009309	 -0.037532	 -0.061365	 -0.234147	 -0.204585
  0.028812	  0.075129	 -0.060813	 -0.100408	 -0.048061	 -0.209567	 -0.220992
  0.030649	  0.091854	 -0.041745	 -0.104969	 -0.043975	 -0.173932	 -0.202779
  0.053962	  0.063219	 -0.029075	 -0.097335	 -0.037608	 -0.165158	 -0.179118
  0.061596	  0.036517	 -0.054510	 -0.118082	 -0.001213	 -0.104563	 -0.142691
  0.057351	  0.010670	 -0.070823	 -0.077886	  0.027073	 -0.072318	 -0.088494
  0.058428	  0.040381	 -0.083176	 -0.104810	  0.060015	 -0.032882	 -0.028248
  0.031441	  0.049567	 -0.101865	 -0.096797	  0.094890	  0.006965	 -0.009781
  0.044333	  0.055871	 -0.042473	 -0.061542	  0.131126	  0.048777	  0.016984
  0.078542	  0.020964	 -0.024038	 -0.017292	  0.156720	  0.068130	  0.082932
  0.061754	 -0.029938	 -0.006554	  0.036271	  0.179716	  0.064995	  0.157939
  0.074424	 -0.004503	 -0.003164	  0.044349	  0.168852	  0.089606	  0.248309
  0.041070	  0.014122	  0.034339	  0.049512	  0.158811	  0.127110	  0.301587
  0.009300	  0.016466	  0.051666	  0.086160	  0.134135	  0.153495	  0.292465
 -0.009990	 -0.001652	  0.086508	  0.090563	  0.145824	  0.155776	  0.249608
  0.008698	  0.010828	  0.107478	  0.072255	  0.127990	  0.144848	  0.176755
  0.016554	  0.000850	  0.130537	  0.070544	  0.112026	  0.167242	  0.149387
  0.071605	  0.020077	  0.143524	  0.101934	  0.113103	  0.141459	  0.111377
  0.058745	  0.051753	  0.159488	  0.132216	  0.134579	  0.129454	  0.065162
  0.093018	  0.091600	  0.141623	  0.128035	  0.108352	  0.121535	  0.007007
  0.093841	  0.060527	  0.142574	  0.115966	  0.119787	  0.088086	  0.003712
  0.084719	  0.043105	  0.163448	  0.102156	  0.088080	  0.063538	  0.008875
  0.063370	  0.053812	  0.154832	  0.100477	  0.075790	  0.053085	  0.019677
  0.071479	  0.066355	  0.142384	  0.126356	  0.067427	  0.062461	  0.061520
  0.104009	  0.051119	  0.123220	  0.085558	  0.071197	  0.079660	  0.075330
  0.093239	  0.062206	  0.127243	  0.065444	  0.077532	  0.112951	  0.094969
  0.060265	  0.063092	  0.133451	  0.085907	  0.073002	  0.124101	  0.112549
  0.028432	  0.074179	  0.126546	  0.085907	  0.074776	  0.154034	  0.112074
  0.002141	  0.070600	  0.093920	  0.070037	  0.083138	  0.127237	  0.102634
  0.003978	  0.063948	  0.088694	  0.102441	  0.076518	  0.115358	  0.112549
  0.007748	  0.031671	  0.062562	  0.072065	  0.084310	  0.117481	  0.116698
  0.072524	  0.051341	  0.045711	  0.047865	  0.120103	  0.094674	  0.114608
  0.070402	  0.046938	  0.010044	  0.021574	  0.103474	  0.080294	  0.075520
  0.035717	  0.036549	  0.008112	  0.054485	  0.095270	  0.064203	  0.033202
  0.024662	  0.038639	  0.041276	  0.092495	  0.046870	  0.029772	 -0.037117
  0.054786	  0.022897	  0.049512	  0.084038	  0.014434	  0.018559	 -0.076521
  0.068058	  0.028598	  0.031869	  0.034593	 -0.046794	 -0.011723	 -0.114817
  0.066442	  0.057676	  0.025312	 -0.023500	 -0.065324	 -0.054263	 -0.102463
  0.064447	  0.026507	  0.040864	 -0.011400	 -0.082904	 -0.058254	 -0.109369
  0.065270	  0.027996	  0.047991	 -0.023056	 -0.129181	 -0.050304	 -0.117256
  0.094570	  0.041458	  0.049448	 -0.058216	 -0.138494	 -0.031235	 -0.135849
  0.083578	  0.049947	  0.022144	 -0.077411	 -0.138589	 -0.039217	 -0.145827
  0.060994	  0.084252	  0.001809	 -0.071298	 -0.147711	 -0.077164	 -0.130338
  0.067329	  0.104397	 -0.023025	 -0.069017	 -0.173210	 -0.104563	 -0.107246
  0.070940	  0.121850	 -0.053211	 -0.083588	 -0.182903	 -0.118184	 -0.083997
  0.098434	  0.081654	 -0.033953	 -0.091729	 -0.143087	 -0.100699	 -0.055204
  0.100271	  0.052925	 -0.021726	 -0.082416	 -0.122783	 -0.059014	 -0.027931
  0.097326	  0.038101	 -0.041587	 -0.045166	 -0.074573	 -0.060535	 -0.044339
  0.101792	  0.038037	  0.001492	 -0.025749	 -0.020408	 -0.048403	 -0.021723
  0.105403	  0.025811	 -0.016785	 -0.056696	  0.023304	 -0.058381	 -0.036135
  0.094380	  0.041427	 -0.015803	 -0.028220	  0.048232	 -0.037919	  0.000450
  0.048989	  0.030087	 -0.015676	 -0.011495	  0.038571	 -0.012705	  0.026740
  0.073252	  0.033761	 -0.027428	 -0.018147	  0.049182	  0.012984	 -0.000089
  0.074234	  0.046146	 -0.012730	 -0.006680	  0.056563	  0.014599	 -0.013709
  0.098814	  0.049124	 -0.017006	  0.026864	  0.097836	  0.034871	 -0.009686
  0.099511	  0.052323	 -0.014029	  0.006370	  0.096315	  0.044786	  0.016097
  0.067582	  0.027838	  0.016158	  0.014891	  0.121750	  0.057519	  0.035704
  0.061723	  0.045576	  0.041561	  0.040516	  0.084342	  0.053180	  0.070516
  0.085732	  0.045639	  0.067883	  0.060661	  0.072369	  0.083081	  0.076185
  0.042939	  0.028503	  0.067947	  0.049860	  0.089061	  0.071140	  0.067538
  0.035337	  0.020616	  0.090753	  0.041530	  0.099926	  0.045451	  0.050212
  0.021432	 -0.019802	  0.085653	  0.035163	  0.094383	  0.041365	  0.067570
  0.031631	 -0.018408	  0.090278	  0.030665	  0.119818	  0.018685	  0.099245
  0.027893	  0.001959	  0.100699	  0.058666	  0.129226	  0.033288	  0.099910
  0.012531	  0.015643	  0.086572	  0.051000	  0.142529	  0.052324	  0.070294
 -0.005683	  0.003923	  0.064272	  0.047516	  0.149276	  0.017165	  0.067918
 -0.005334	  0.020869	  0.073553	  0.035258	  0.156910	  0.026509	  0.059239
  0.013861	  0.033381	  0.064621	  0.019452	  0.101890	  0.021188	  0.076566
  0.028210	  0.045228	  0.085653	 -0.002658	  0.040757	  0.003735	  0.061330
  0.034007	  0.064550	  0.092685	 -0.019097	  0.003158	  0.001200	  0.059651
  0.055673	  0.084663	  0.134845	 -0.001264	  0.015131	 -0.003804	  0.029116
  0.054627	  0.082858	  0.121478	  0.026642	  0.004805	  0.007567	 -0.021438
  0.090040	  0.060052	  0.098798	  0.013402	  0.034517	 -0.023728	 -0.028153
  0.067234	  0.045988	  0.084228	  0.008112	  0.014846	 -0.035765	 -0.018904
  0.075976	  0.027489	  0.094839	  0.000542	 -0.011571	 -0.030823	 -0.004682
  0.121177	 -0.003489	  0.055625	  0.009442	 -0.003494	 -0.024773	  0.003364
  0.091909	 -0.045586	  0.032629	 -0.012920	 -0.032192	 -0.019737	  0.020944
  0.107367	 -0.071496	  0.015682	 -0.031831	  0.009873	 -0.061232	 -0.010225
  0.110819	 -0.077578	 -0.006554	 -0.056030	  0.016082	 -0.095979	 -0.037529
  0.077750	 -0.090469	  0.008429	 -0.066547	  0.011774	 -0.112862	 -0.047380
  0.031441	 -0.075994	  0.023633	 -0.078615	  0.034327	 -0.074440	 -0.053335
  0.028083	 -0.041975	  0.010614	 -0.072818	  0.039616	 -0.058539	 -0.057421
  0.011866	 -0.035956	  0.022619	 -0.062841	 -0.004919	 -0.039091	 -0.074747
  0.002933	 -0.054771	  0.001777	 -0.043234	 -0.023734	 -0.014605	 -0.044751
  0.039043	 -0.049577	  0.018216	 -0.050551	 -0.037481	 -0.009189	 -0.048203
  0.022540	 -0.046631	  0.064209	 -0.020459	 -0.010177	 -0.014035	 -0.028406
  0.007970	 -0.030476	  0.062277	 -0.035251	 -0.034187	 -0.008144	 -0.071707
  0.001761	 -0.051350	  0.034371	 -0.054605	 -0.047934	 -0.032122	 -0.044054
  0.025106	 -0.071908	  0.039597	 -0.038862	 -0.065514	 -0.027276	 -0.034140
  0.031029	 -0.049798	  0.049512	 -0.057171	 -0.033680	  0.016848	 -0.026791
  0.026753	 -0.050844	  0.032249	 -0.058596	 -0.020947	  0.020776	 -0.026633
  0.005499	 -0.044920	  0.054200	 -0.055365	 -0.032603	  0.027333	 -0.047095
  0.010155	 -0.005073	  0.067630	 -0.039464	 -0.027725	  0.007662	 -0.033189
  0.021210	  0.016973	  0.053566	 -0.012952	 -0.027282	 -0.028416	 -0.068887
  0.034197	 -0.015019	  0.036715	  0.002601	 -0.029214	 -0.058698	 -0.114975
  0.020418	 -0.010141	  0.034434	  0.006845	 -0.015689	 -0.088536	 -0.165529
  0.011105	  0.016023	  0.031678	 -0.007092	 -0.013630	 -0.099622	 -0.175760
  0.015413	  0.001294	  0.013085	 -0.006807	 -0.047111	 -0.141877	 -0.229228
  0.023554	  0.000312	 -0.009975	 -0.040731	 -0.068808	 -0.173109	 -0.291312
 -0.007520	 -0.004218	 -0.015549	 -0.054478	 -0.073021	 -0.198196	 -0.337526
 -0.027317	 -0.017458	  0.023443	 -0.074212	 -0.122846	 -0.200381	 -0.373351
 -0.033747	 -0.019770	  0.024552	 -0.079660	 -0.107420	 -0.225912	 -0.445349
 -0.015565	 -0.019802	  0.018438	 -0.073959	 -0.108529	 -0.220970	 -0.472114
 -0.007076	 -0.031300	 -0.025495	 -0.098412	 -0.102321	 -0.211119	 -0.483454
 -0.012619	 -0.033010	 -0.034460	 -0.142504	 -0.137322	 -0.174661	 -0.448865
 -0.005461	 -0.025662	 -0.041808	 -0.160401	 -0.151861	 -0.143271	 -0.443258
 -0.003750	 -0.013087	 -0.043740	 -0.176365	 -0.143562	 -0.150714	 -0.419121
 -0.008660	 -0.007068	 -0.077253	 -0.145418	 -0.139761	 -0.102378	 -0.384374
 -0.012081	 -0.020467	 -0.066673	 -0.125178	 -0.158418	 -0.119989	 -0.312281
 -0.042458	 -0.046061	 -0.067244	 -0.110734	 -0.120629	 -0.135764	 -0.252224
 -0.052847	 -0.052617	 -0.043677	 -0.117512	 -0.126109	 -0.102029	 -0.202114
 -0.075875	 -0.053758	 -0.059673	 -0.128694	 -0.117145	 -0.111532	 -0.166257
 -0.057313	 -0.087650	 -0.071615	 -0.121123	 -0.100705	 -0.086223	 -0.060937
 -0.056965	 -0.099940	 -0.073959	 -0.107788	 -0.100294	 -0.080617	 -0.008736
 -0.082432	 -0.082171	 -0.069651	 -0.070950	 -0.089967	 -0.076467	  0.060158
 -0.092980	 -0.077863	 -0.068637	 -0.081466	 -0.084107	 -0.073870	  0.100829
 -0.120379	 -0.047771	 -0.069492	 -0.110354	 -0.077456	 -0.075105	  0.076914
 -0.083984	 -0.064084	 -0.071741	 -0.097557	 -0.062600	 -0.022904	  0.051732
 -0.066341	 -0.065573	 -0.071868	 -0.100218	 -0.081542	  0.001802	  0.039379
 -0.043851	 -0.067790	 -0.060307	 -0.059705	 -0.078311	 -0.008207	  0.003586
 -0.061653	 -0.082709	 -0.043329	 -0.027871	 -0.064279	 -0.018248	 -0.014406
 -0.058612	 -0.071844	 -0.006870	 -0.025686	 -0.036309	 -0.002062	 -0.005727
 -0.062635	 -0.070229	  0.001619	 -0.017450	 -0.033015	 -0.012230	 -0.026157
 -0.033557	 -0.096551	 -0.001612	 -0.004463	 -0.026585	 -0.043493	 -0.056756
 -0.034285	 -0.077926	 -0.002024	 -0.013649	 -0.037133	 -0.093065	 -0.068666
 -0.021679	 -0.058921	  0.015777	 -0.030215	 -0.064120	 -0.090975	 -0.086024
 -0.004637	 -0.043843	  0.007732	 -0.057076	 -0.062125	 -0.099337	 -0.076585
  0.003440	 -0.037603	 -0.022328	 -0.040066	 -0.067003	 -0.056860	 -0.064675
  0.009490	 -0.026580	 -0.021789	 -0.029011	 -0.094719	 -0.064589	 -0.071928
  0.003757	 -0.054740	 -0.027491	 -0.035695	 -0.086832	 -0.071399	 -0.119568
 -0.023231	 -0.052903	 -0.051247	 -0.031767	 -0.039065	 -0.053471	 -0.119125
 -0.025480	 -0.089171	 -0.070633	 -0.062112	 -0.025603	 -0.071368	 -0.059892
 -0.015565	 -0.091736	 -0.068225	 -0.087262	 -0.057754	 -0.069816	 -0.034646
 -0.026462	 -0.044097	 -0.042473	 -0.112096	 -0.060383	 -0.099559	 -0.073322
 -0.024054	 -0.038047	 -0.051659	 -0.102118	 -0.054016	 -0.118627	 -0.048203
 -0.020222	 -0.020752	 -0.090968	 -0.121218	 -0.061555	 -0.106559	 -0.055996
 -0.002135	 -0.038459	 -0.082954	 -0.112919	 -0.048504	 -0.101332	 -0.079119
  0.012151	 -0.056640	 -0.099172	 -0.105381	 -0.054966	 -0.108174	 -0.103572
 -0.007045	 -0.072193	 -0.075384	 -0.111019	 -0.048631	 -0.069309	 -0.063629
 -0.030548	 -0.078084	 -0.082891	 -0.110639	 -0.051577	 -0.055182	 -0.066543
 -0.056046	 -0.065446	 -0.068289	 -0.096448	 -0.034060	 -0.029398	 -0.092137
 -0.090794	 -0.029114	 -0.069017	 -0.106331	 -0.032065	 -0.052267	 -0.097585
 -0.073183	 -0.028386	 -0.067117	 -0.140920	 -0.042613	 -0.071178	 -0.090142
 -0.062413	 -0.044699	 -0.033826	 -0.156156	 -0.028391	 -0.056702	 -0.102115
 -0.049109	 -0.066998	 -0.019445	 -0.184252	 -0.045559	 -0.046534	 -0.115957
 -0.018733	 -0.069754	 -0.016658	 -0.180768	 -0.061586	 -0.007542	 -0.108735
  0.025486	 -0.074473	 -0.007884	 -0.160844	 -0.049391	  0.022391	 -0.089730
  0.005150	 -0.112832	 -0.023025	 -0.161478	 -0.066781	  0.000250	 -0.042280
  0.031092	 -0.124647	 -0.047288	 -0.136106	 -0.087402	  0.013617	 -0.044212
  0.031061	 -0.119167	 -0.061637	 -0.122517	 -0.120217	  0.020903	 -0.059828
  0.055989	 -0.098420	 -0.043614	 -0.110227	 -0.092945	  0.043582	 -0.054000
  0.050921	 -0.072066	 -0.032211	 -0.093091	 -0.066148	  0.075416	 -0.061697
  0.064162	 -0.083849	 -0.020016	 -0.111019	 -0.052907	  0.056569	 -0.038638
  0.035559	 -0.123538	 -0.019065	 -0.092710	 -0.054238	  0.032021	 -0.040095
  0.028273	 -0.138426	 -0.020079	 -0.096226	 -0.054301	  0.061003	 -0.042122
  0.005087	 -0.136937	 -0.021441	 -0.059927	 -0.039730	  0.041048	 -0.023940
 -0.014900	 -0.157843	 -0.056537	 -0.062556	 -0.039224	  0.057678	 -0.020804
 -0.023484	 -0.116728	 -0.049252	 -0.093059	 -0.003430	  0.009816	  0.002825
  0.006291	 -0.096108	 -0.041745	 -0.072375	 -0.008625	 -0.013655	  0.059936
  0.023554	 -0.099624	 -0.046148	 -0.093946	 -0.004001	 -0.020117	  0.090566
  0.004295	 -0.084736	 -0.055049	 -0.131703	  0.010063	 -0.005673	  0.054931
 -0.033747	 -0.060251	 -0.061637	 -0.112476	  0.004013	  0.002499	  0.047773
  0.008730	 -0.011297	 -0.019002	  0.044602	 -0.035666	 -0.030424	 -0.001403
  0.018644	  0.006916	  0.008619	  0.043398	 -0.027906	  0.020415	  0.037747
  0.036351	  0.002323	 -0.031387	  0.044380	 -0.006272	  0.012908	  0.059889
  0.037586	 -0.034167	 -0.004336	  0.050209	 -0.028508	  0.002043	  0.030842
  0.006734	  0.014297	 -0.012128	  0.010139	 -0.015521	  0.025641	  0.035403
  0.004707	  0.018288	 -0.001042	 -0.010260	 -0.031073	  0.012908	  0.044083
 -0.006823	  0.005364	  0.001904	 -0.041840	 -0.046404	 -0.016804	 -0.004159
  0.005119	  0.001278	  0.003456	 -0.025400	 -0.038042	 -0.003849	  0.084564
  0.008571	  0.010971	  0.009886	  0.003139	 -0.046278	 -0.036601	  0.085197
 -0.024434	  0.030609	  0.017298	 -0.031450	 -0.057934	 -0.056398	 -0.123702
  0.005974	  0.016736	  0.020972	 -0.034396	 -0.015014	 -0.000681	  0.073351
 -0.002230	 -0.002745	  0.044127	 -0.048112	  0.007602	 -0.002550	  0.091089
 -0.006760	 -0.011867	  0.025312	 -0.055524	 -0.024643	 -0.120445	 -0.323541
 -0.021869	 -0.026438	 -0.022170	 -0.020966	  0.023218	 -0.008188	 -0.003557
 -0.029756	 -0.040438	  0.014067	  0.014257	  0.063952	  0.082910	  0.196663
 -0.015217	 -0.038759	  0.036208	  0.000003	  0.035160	 -0.078444	 -0.247077
 -0.002135	 -0.033406	  0.023981	  0.034213	  0.065663	  0.024089	 -0.011729
 -0.004891	  0.004066	 -0.014219	  0.034846	  0.113461	  0.187312	  0.293842
 -0.006696	  0.032953	 -0.034586	 -0.013522	  0.049128	  0.014935	 -0.207641
 -0.011606	  0.055316	 -0.066958	  0.002284	  0.015077	 -0.028777	 -0.109859
 -0.009452	  0.023229	 -0.075637	  0.044665	  0.039848	  0.098558	  0.354976
 -0.000773	 -0.017062	 -0.054510	  0.054485	  0.007729	 -0.033908	 -0.096366
 -0.004416	 -0.007464	 -0.029898	  0.021131	 -0.039784	 -0.068149	 -0.157309
  0.000019	 -0.004487	  0.008809	  0.036905	  0.018023	  0.088833	  0.322160
 -0.010941	 -0.003822	  0.021796	  0.000922	 -0.016883	  0.008441	 -0.029087
 -0.020380	  0.007486	  0.020402	 -0.017418	 -0.068229	 -0.019971	 -0.187686
  0.023934	 -0.002396	  0.021764	  0.034719	  0.003294	  0.148098	  0.321780
  0.027513	 -0.002681	 -0.016278	 -0.017988	 -0.037345	  0.034225	  0.070246
  0.020418	 -0.013704	  0.003931	 -0.038229	 -0.087551	 -0.065584	 -0.233963
  0.014495	 -0.029764	 -0.001359	 -0.007726	 -0.046373	  0.115187	  0.271416
  0.018074	 -0.018202	  0.006275	 -0.005825	 -0.046689	  0.088042	  0.119945
  0.033500	  0.014265	 -0.002531	  0.007954	 -0.063826	 -0.058140	 -0.271055
  0.040563	  0.042646	  0.011216	  0.026737	  0.012797	  0.074706	  0.222446
  0.034703	  0.057375	  0.052711	  0.037412	  0.012797	  0.079394	  0.176992
  0.032423	  0.098933	  0.039502	  0.017868	 -0.053975	 -0.097703	 -0.307197
 -0.012303	  0.098996	  0.049290	  0.055562	  0.011815	  0.028682	  0.114592
 -0.060829	  0.092598	  0.042765	  0.061263	  0.019069	  0.071412	  0.250067
 -0.072264	  0.082304	  0.028891	  0.028954	 -0.022078	 -0.074928	 -0.271340
 -0.057218	  0.102481	  0.024361	  0.049448	  0.041843	  0.028619	  0.044146
 -0.015660	  0.071407	  0.032312	  0.042195	  0.049192	  0.125070	  0.257447
 -0.003465	  0.035361	  0.022651	  0.002854	 -0.013050	 -0.030994	 -0.272829
 -0.031910	  0.013441	  0.026642	  0.021796	  0.038454	  0.028777	 -0.050405
 -0.016484	 -0.001383	  0.035511	  0.049543	  0.052866	  0.161528	  0.329794
 -0.016389	  0.040334	  0.005293	  0.019737	  0.004720	  0.029379	 -0.170138
  0.009268	  0.045275	 -0.007219	  0.011090	  0.032974	  0.050855	 -0.101180
  0.031188	  0.082367	 -0.013015	  0.027687	  0.082356	  0.183511	  0.316395
  0.068153	  0.068145	 -0.050741	  0.045331	  0.034684	  0.049239	 -0.157594
  0.082185	  0.038053	 -0.058691	  0.072540	  0.031232	  0.019496	 -0.170201
  0.099163	  0.023989	 -0.045704	  0.094047	  0.071650	  0.144139	  0.337079
  0.097801	  0.041442	 -0.032496	  0.092305	  0.047735	  0.030202	  0.016557
  0.090009	  0.071217	 -0.004051	  0.047643	  0.002091	  0.000839	 -0.189998
  0.061216	  0.088639	 -0.011527	  0.038394	  0.051187	  0.190670	  0.342654
  0.074646	  0.071566	 -0.002151	  0.041720	  0.029331	  0.107427	  0.043322
  0.067044	  0.067765	 -0.007852	  0.072381	  0.026892	 -0.016265	 -0.273716
  0.055894	  0.082842	 -0.013364	  0.103455	  0.071840	  0.131563	  0.211835
  0.089628	  0.099091	 -0.027079	  0.044190	  0.062179	  0.064253	  0.104456
  0.059474	  0.102829	 -0.038514	  0.013053	  0.045993	 -0.038565	 -0.261363
  0.062704	  0.113535	 -0.021473	 -0.006078	  0.096293	  0.125989	  0.261153
  0.061944	  0.134441	 -0.022866	  0.019800	  0.082578	  0.116359	  0.265493
  0.056781	  0.119395	 -0.039496	  0.038710	  0.036015	 -0.016740	 -0.245968
  0.067171	  0.133269	 -0.000472	  0.055277	  0.074469	  0.096752	  0.168345
  0.053550	  0.137038	  0.015492	  0.045489	  0.102406	  0.169954	  0.294413
  0.054184	  0.119332	  0.018375	  0.072825	  0.045042	 -0.021713	 -0.214705
  0.043066	  0.085123	  0.045616	  0.097817	  0.070351	  0.072045	  0.118329
  0.024789	  0.092535	  0.065793	  0.097848	  0.077605	  0.131880	  0.389470
  0.034703	  0.069982	  0.049132	  0.068295	 -0.031580	 -0.011926	 -0.133648
  0.042432	  0.071122	  0.061548	  0.053218	  0.000190	  0.074073	  0.075916
  0.028622	  0.085661	  0.094237	  0.075327	  0.038961	  0.193520	  0.422761
  0.025011	  0.073783	  0.115396	  0.098228	 -0.013240	  0.044646	 -0.092723
  0.034830	  0.066498	  0.095884	  0.094554	 -0.015711	  0.080661	 -0.036943
 -0.001977	  0.083159	  0.090500	  0.133831	 -0.012353	  0.230232	  0.393778
  0.033943	  0.087688	  0.071494	  0.109726	 -0.031580	  0.088200	 -0.056455
  0.043699	  0.108087	  0.053661	  0.085463	 -0.009122	  0.045026	 -0.098488
  0.046993	  0.090539	  0.031235	  0.084038	  0.056129	  0.187565	  0.383325
  0.068659	  0.098775	  0.037792	  0.075897	  0.015458	  0.073217	 -0.031020
  0.074076	  0.084869	  0.054421	  0.068802	 -0.009027	  0.007745	 -0.240584
  0.070908	  0.082145	  0.074725	  0.072698	  0.052106	  0.178126	  0.266285
  0.074868	  0.099123	  0.043367	  0.054896	  0.017865	  0.112875	  0.029892
  0.041640	  0.081258	  0.042290	  0.043050	 -0.021919	 -0.006446	 -0.286449
  0.029414	  0.060891	  0.027719	  0.050367	  0.015331	  0.106001	  0.242022
  0.002110	  0.034791	  0.019452	  0.044887	 -0.008394	  0.052058	  0.087478
  0.026848	  0.053827	  0.010298	 -0.004115	 -0.034494	 -0.028429	 -0.295445
  0.053107	  0.042203	  0.061738	 -0.002531	  0.056984	  0.155098	  0.179368
  0.070307	  0.052180	  0.076246	  0.012737	  0.044345	  0.142491	  0.191911
  0.066284	  0.071692	  0.090151	  0.011755	  0.000285	 -0.027668	 -0.297852
  0.061944	  0.083285	  0.074218	  0.038109	  0.083971	  0.118830	  0.113990
  0.056781	  0.121391	  0.032407	  0.028638	  0.061545	  0.177809	  0.234546
  0.053139	  0.103019	  0.020022	  0.034941	  0.026291	  0.011894	 -0.263168
  0.049432	  0.093010	  0.054136	  0.032660	  0.065283	  0.098463	  0.063785
  0.021590	  0.102069	  0.076214	  0.065349	  0.114475	  0.173407	  0.305087
 -0.000203	  0.094625	  0.045584	  0.034498	  0.068830	  0.014618	 -0.194844
 -0.022090	  0.054049	  0.064843	  0.031647	  0.098922	  0.098684	  0.036924
  0.007526	  0.028962	  0.045647	  0.039249	  0.119163	  0.202389	  0.420100
  0.002110	  0.022469	  0.019230	  0.030918	  0.059233	  0.021460	 -0.099407
  0.014019	  0.032288	 -0.006364	  0.057842	  0.047671	  0.018197	 -0.034124
 -0.003402	  0.058167	 -0.005572	  0.064494	  0.078967	  0.193299	  0.423458
  0.010979	  0.068715	  0.018248	  0.044634	  0.024770	  0.047275	 -0.046255
  0.011866	  0.047841	  0.025470	  0.038552	 -0.029870	  0.033972	 -0.093103
  0.007589	  0.048918	  0.019864	  0.075422	  0.009914	  0.176891	  0.422698
  0.019214	  0.047144	  0.017266	  0.060503	 -0.021508	  0.071760	  0.052667
  0.023459	  0.045243	  0.063037	  0.068580	 -0.035571	  0.012116	 -0.150087
  0.015540	  0.037546	  0.051666	  0.091101	  0.022553	  0.155415	  0.361944
 -0.004321	  0.058832	  0.020307	  0.070956	  0.022014	  0.105685	  0.090043
 -0.008818	  0.075367	 -0.004368	  0.105482	 -0.035096	 -0.002867	 -0.202035
  0.006861	  0.081670	 -0.009626	  0.129048	  0.036838	  0.131912	  0.310282
 -0.028299	  0.100549	  0.023665	  0.089803	  0.034146	  0.097956	  0.146109
 -0.011954	  0.091584	  0.024742	  0.037633	 -0.008806	 -0.029727	 -0.278911
 -0.005302	  0.123481	  0.029651	  0.058064	  0.035381	  0.110341	  0.249719
  0.004992	  0.131464	  0.019832	  0.066078	  0.054291	  0.105115	  0.217632
 -0.010909	  0.108911	  0.021447	  0.049353	 -0.016851	 -0.053642	 -0.274634
  0.003440	  0.133649	  0.066046	  0.073332	  0.022204	  0.047877	  0.163403
  0.050383	  0.109164	  0.076499	  0.054611	  0.047196	  0.099856	  0.259285
  0.076008	  0.091933	  0.087110	  0.043303	  0.006493	 -0.089340	 -0.285341
  0.093366	  0.054493	  0.108333	  0.062118	  0.025657	  0.013288	  0.028562
  0.077655	  0.059782	  0.112356	  0.069530	  0.070541	  0.121586	  0.282566
  0.035622	  0.033365	  0.100762	  0.066363	  0.003579	 -0.021365	 -0.202605
 -0.013506	  0.036849	  0.108111	  0.097848	 -0.015458	  0.032040	  0.001416
 -0.005366	  0.059434	  0.126831	  0.106749	 -0.007064	  0.129124	  0.275091
  0.019088	  0.047619	  0.119609	  0.073332	 -0.042635	  0.062986	 -0.041568
  0.036731	  0.037230	  0.119229	  0.087585	 -0.059550	  0.059217	  0.014529
  0.039676	  0.017781	  0.079382	  0.084069	 -0.007380	  0.111735	  0.247501
  0.029414	  0.010527	  0.044064	  0.065476	  0.014349	  0.091146	  0.176169
  0.030586	  0.034696	  0.072635	  0.052141	  0.029426	  0.066407	  0.072590
  0.028622	  0.051737	  0.069467	  0.075264	  0.050395	  0.098146	  0.143796
  0.015255	  0.071819	  0.102980	  0.088029	  0.055052	  0.104164	  0.152729
  0.050604	  0.075177	  0.124234	  0.046186	  0.064934	  0.087186	  0.082821
  0.050636	  0.059972	  0.105672	  0.064526	  0.046341	  0.099191	  0.094605
  0.058302	  0.007106	  0.079825	  0.058571	  0.067500	  0.112210	  0.091786
  0.035685	 -0.012279	  0.049005	  0.087997	  0.071048	  0.085096	  0.068979
  0.048894	  0.005079	  0.072445	  0.099907	  0.042350	  0.050918	  0.055676
  0.028242	  0.008152	  0.051381	  0.103138	  0.034051	  0.034352	  0.072432
  0.048197	  0.029089	  0.056955	  0.108681	  0.021064	  0.051678	  0.071355
  0.068216	  0.033334	  0.060661	  0.088631	  0.025340	  0.021017	  0.083677
  0.068216	  0.029406	  0.095283	  0.083974	  0.047070	  0.038755	  0.089220
  0.058207	  0.044166	  0.109220	  0.051507	 -0.015711	  0.057348	  0.074681
  0.075818	  0.081163	  0.102980	  0.050272	 -0.004308	  0.049778	  0.082061
  0.070275	  0.064977	  0.072128	  0.088092	 -0.000570	  0.069258	  0.057640
  0.059949	  0.054904	  0.057019	  0.110930	 -0.052264	  0.068371	  0.077627
  0.054881	  0.066529	  0.080553	  0.102409	 -0.065378	  0.063398	  0.079876
  0.060551	  0.076824	  0.071906	  0.084956	 -0.017960	  0.055891	  0.097582
  0.093334	  0.040207	  0.080680	  0.027307	 -0.020336	  0.070177	  0.108605
  0.106226	  0.041062	  0.069245	  0.022651	 -0.029078	  0.081516	  0.103125
  0.125073	 -0.007433	  0.064843	  0.042226	 -0.014127	  0.087440	  0.114909
  0.132263	 -0.035497	  0.089993	  0.036335	 -0.017992	  0.085127	  0.082251
  0.113733	 -0.008193	  0.101396	  0.070893	 -0.009503	  0.071095	  0.086401
  0.127290	  0.010306	  0.109061	  0.093604	 -0.017897	  0.064253	  0.078704
  0.144617	  0.021139	  0.066300	  0.087712	 -0.040418	  0.065647	  0.106388
  0.129729	  0.015880	  0.077418	  0.107351	 -0.048938	  0.094092	  0.080509
  0.110598	  0.033714	  0.082771	  0.133356	 -0.050617	  0.111260	  0.100401
  0.066157	  0.047366	  0.069467	  0.149796	 -0.029870	  0.124183	  0.113198
  0.059220	  0.042013	  0.100065	  0.142891	 -0.013494	  0.141921	  0.101447
  0.062609	  0.033840	  0.107446	  0.132533	 -0.018087	  0.125355	  0.098437
  0.061057	  0.035709	  0.126863	  0.121383	  0.002597	  0.088802	  0.114560
  0.068723	  0.048348	  0.115681	  0.086033	  0.003073	  0.068973	  0.094573
  0.063085	  0.077901	  0.146058	  0.084640	 -0.017643	  0.060072	  0.085070
  0.084719	  0.101657	  0.175674	  0.076467	 -0.022299	  0.088548	  0.089188
  0.071922	  0.063013	  0.160027	  0.053566	 -0.032214	  0.100427	  0.081681
  0.068311	  0.072738	  0.153533	  0.063829	 -0.042477	  0.099065	  0.090043
  0.065175	  0.039732	  0.109251	  0.053598	 -0.041083	  0.125165	  0.066509
  0.046043	  0.031718	  0.119007	  0.062372	 -0.027367	  0.124785	  0.079115
  0.048419	  0.019745	  0.109378	  0.065539	  0.005860	  0.079743	  0.108257
  0.047595	  0.015279	  0.099559	  0.040516	  0.021159	  0.085539	  0.129226
  0.037871	 -0.010949	  0.104975	  0.033136	  0.028603	  0.066471	  0.130049
  0.046423	  0.027062	  0.096138	  0.037412	  0.042698	  0.046927	  0.143131
  0.042654	  0.020030	  0.082391	  0.048466	  0.023978	  0.048036	  0.160426
  0.039486	  0.042804	  0.092210	  0.064399	  0.025625	  0.073091	  0.158937
  0.018486	  0.070045	  0.063576	  0.070988	  0.022933	  0.118006	  0.149878
  0.018201	  0.111413	  0.024330	  0.082707	 -0.000697	  0.105368	  0.160109
  0.050034	  0.114739	  0.034181	  0.048878	 -0.005670	  0.104101	  0.151082
  0.069198	  0.093865	  0.033737	  0.014669	 -0.000665	  0.126654	  0.150828
  0.086746	  0.129658	  0.046059	  0.026610	  0.010485	  0.142175	  0.115732
  0.053234	  0.127346	  0.016981	  0.023475	  0.009629	  0.121554	  0.082473
  0.027767	  0.113377	  0.040136	  0.035163	  0.010231	  0.126210	  0.064101
  0.026595	  0.091806	  0.031140	  0.059870	 -0.023345	  0.104893	  0.064513
  0.026595	  0.096146	  0.026072	  0.059363	 -0.016028	  0.081865	  0.065527
  0.051143	  0.101911	  0.046883	  0.062720	 -0.002186	  0.091209	  0.073002
  0.052600	  0.083285	  0.035543	  0.090373	  0.013589	  0.056810	  0.089030
  0.051460	  0.088290	  0.063607	  0.102029	 -0.001267	  0.078729	  0.128941
  0.023554	  0.099282	  0.073522	  0.088884	  0.003674	  0.103721	  0.127864
  0.014970	  0.111191	  0.090658	  0.084735	  0.005290	  0.100363	  0.119090
  0.016015	  0.092091	  0.104152	  0.081789	  0.002724	  0.077462	  0.060680
  0.020260	  0.117495	  0.116822	  0.056955	  0.002787	  0.034510	  0.045983
  0.007938	  0.104983	  0.126958	  0.036493	  0.001552	 -0.003785	  0.036671
  0.021463	  0.048886	  0.120559	  0.002410	 -0.007665	 -0.018831	  0.043861
  0.008666	  0.030704	  0.092907	 -0.001391	 -0.012575	  0.006794	  0.061884
  0.009427	  0.048158	  0.073775	  0.008144	 -0.005321	  0.015157	  0.045951
  0.014906	  0.040746	  0.072920	  0.056955	 -0.008616	  0.028429	  0.042847
  0.047120	  0.021075	  0.048308	  0.076847	 -0.027177	  0.049049	  0.045001
  0.051523	  0.076254	  0.040009	  0.065128	 -0.054038	  0.050316	  0.049626
  0.052853	  0.074385	  0.049163	  0.067535	 -0.012100	  0.039071	  0.030272
  0.064953	  0.087372	  0.078653	  0.068612	  0.002376	  0.041099	  0.011204
  0.026975	  0.087593	  0.078685	  0.081979	  0.016218	  0.044773	  0.026218
  0.037269	  0.102386	  0.119071	  0.091672	  0.020811	  0.026781	  0.033503
  0.044238	  0.127631	  0.122618	  0.098007	  0.009946	  0.038533	  0.023462
  0.038029	  0.119237	  0.127908	  0.058001	 -0.011435	  0.011071	  0.050766
  0.042971	  0.111825	  0.101681	  0.037190	 -0.007760	  0.035746	  0.039965
  0.041165	  0.073593	  0.102314	  0.041308	 -0.003326	  0.049018	  0.036354
  0.038948	  0.042139	  0.080617	  0.046217	  0.001584	  0.042207	  0.044399
  0.057636	  0.060479	  0.071368	  0.089296	  0.027209	  0.041986	  0.065115
  0.096565	  0.093707	  0.079857	  0.100604	  0.041621	  0.029062	  0.083138
  0.082913	  0.117431	  0.114478	  0.104817	  0.043839	  0.027098	  0.094953
  0.070212	  0.103589	  0.165000	  0.113116	  0.037852	  0.052502	  0.102745
  0.030554	  0.075525	  0.184322	  0.102441	  0.045391	  0.054561	  0.056214
  0.042084	  0.067986	  0.146216	  0.106179	  0.036142	  0.049144	  0.050956
  0.074234	  0.059719	  0.150398	  0.114731	  0.012068	  0.060199	  0.085102
  0.083230	  0.050660	  0.159773	  0.102093	  0.002502	  0.075371	  0.116461
  0.116109	  0.036184	  0.148655	  0.113876	  0.031264	  0.098811	  0.120515
  0.113290	  0.052909	  0.115650	  0.132279	  0.044250	  0.101060	  0.133850
  0.089945	  0.065769	  0.101206	  0.112862	  0.074532	  0.110404	  0.118710
  0.085891	  0.050787	  0.114098	  0.095029	  0.085618	  0.100743	  0.133565
  0.140151	  0.067606	  0.111152	  0.085558	  0.051409	  0.062543	  0.122511
  0.145725	  0.044547	  0.108016	  0.113116	  0.062812	  0.088073	  0.094225
  0.124155	  0.020822	  0.101934	  0.149194	  0.045296	  0.113160	  0.083898
