:RUN-2	LEVEL SWEEP	TEMP:NaN	8/27/2019	5:56 PM	HR:-636.36:SW EAR: R	SW FREQ: 8.00	# AVERAGES: 512	REP RATE (/sec): 80	DRIVER: 	SAMPLE (µsec): 40	MASKER dB: 2147483647:NOTES-:CHAMBER-SEWELL-PXI1:CFTS Version: V2.7.2 (R850):LEVELS:20;30;40;50;60;70;80;:DATA  0.049539	  0.017485	  0.071284	  0.005645	 -0.002870	 -0.019320	 -0.066658
  0.040036	 -0.010421	  0.089655	  0.006880	 -0.008286	  0.008966	 -0.100043
  0.034176	 -0.007032	  0.031911	  0.028324	 -0.008065	 -0.014601	 -0.077554
  0.007886	 -0.032245	 -0.004104	  0.022401	  0.002800	 -0.007664	 -0.053892
  0.036742	 -0.045169	 -0.010850	 -0.007849	 -0.045093	 -0.016248	 -0.011067
  0.027017	 -0.092872	 -0.058870	  0.009762	 -0.033500	 -0.003229	  0.001539
  0.014791	 -0.073613	 -0.056811	 -0.016401	 -0.031346	 -0.021189	  0.002775
  0.005352	 -0.024232	 -0.017819	 -0.014564	 -0.024219	 -0.011307	 -0.023199
  0.013746	  0.034653	  0.002168	 -0.034615	 -0.022382	 -0.006809	 -0.030263
  0.013175	  0.029426	  0.030328	 -0.033791	 -0.017409	 -0.021126	 -0.009103
  0.015994	  0.011657	  0.015440	 -0.042090	 -0.000019	 -0.057647	 -0.014583
 -0.025659	 -0.002091	  0.007680	 -0.022832	  0.025701	 -0.038832	 -0.004796
 -0.014984	 -0.016344	 -0.023869	  0.025442	  0.011891	 -0.006809	  0.058713
 -0.032247	 -0.005100	 -0.031408	  0.010491	  0.014742	 -0.009596	  0.048261
 -0.031043	  0.017580	 -0.031946	  0.021641	  0.008755	  0.022618	  0.067677
 -0.029586	  0.025752	 -0.053675	  0.013848	  0.022027	  0.005418	  0.058048
 -0.035478	  0.022933	 -0.039960	  0.005518	  0.027919	  0.024106	  0.035685
 -0.063637	  0.040259	  0.009517	  0.012391	  0.028330	  0.061325	  0.032106
 -0.007540	  0.055970	  0.033780	  0.007925	  0.032512	  0.063447	  0.037333
 -0.018278	  0.053405	  0.037549	  0.001875	  0.018511	  0.048496	  0.049021
 -0.036397	  0.043205	  0.041160	 -0.017225	 -0.006069	  0.045931	  0.044681
 -0.029586	  0.037979	  0.065329	 -0.020551	  0.018606	  0.033641	  0.061184
  0.005637	  0.008489	  0.057632	 -0.039556	  0.015153	  0.049700	  0.052917
  0.012035	 -0.012860	  0.030011	 -0.065181	 -0.008856	  0.046057	  0.041355
 -0.002821	 -0.036363	  0.052880	 -0.052100	  0.009832	  0.061673	  0.040848
 -0.010708	 -0.015838	  0.079108	 -0.018080	  0.017687	  0.082928	  0.045125
 -0.005640	 -0.028064	  0.054242	  0.016953	  0.018764	  0.081280	  0.042844
  0.024927	 -0.001172	  0.025893	  0.026075	  0.020063	  0.048116	  0.038600
  0.030914	  0.006335	  0.041382	  0.034089	  0.030833	  0.058316	  0.036319
  0.013270	  0.005797	  0.027698	  0.015179	  0.013000	  0.058664	 -0.010941
  0.013967	  0.016788	  0.015092	 -0.017637	 -0.008318	  0.043143	 -0.042743
 -0.001427	 -0.000412	  0.024594	 -0.002179	 -0.005277	  0.061230	 -0.023737
  0.010768	 -0.014476	 -0.002140	 -0.008388	 -0.006512	  0.057936	  0.029414
 -0.023568	  0.013810	 -0.007461	 -0.021755	 -0.037618	  0.059551	  0.051650
 -0.015522	  0.038549	 -0.028018	 -0.038352	 -0.048546	  0.056795	  0.089660
 -0.008174	  0.046404	 -0.041069	 -0.049059	 -0.007716	  0.042098	  0.108950
 -0.021161	  0.040291	 -0.034607	 -0.011619	  0.004289	  0.084258	  0.103090
 -0.007857	  0.063256	 -0.015855	  0.015591	  0.016959	  0.126449	  0.110344
 -0.027686	  0.034146	 -0.029032	  0.046822	  0.050661	  0.152487	  0.109552
 -0.074470	  0.027177	 -0.003913	  0.059556	  0.079771	  0.169243	  0.095425
 -0.075421	  0.050332	 -0.029190	  0.055026	  0.089210	  0.191447	  0.069641
 -0.013812	  0.049889	 -0.045186	  0.059239	  0.092346	  0.162148	  0.029002
 -0.014351	  0.064333	 -0.038725	  0.048216	  0.112333	  0.162464	 -0.026905
 -0.038677	  0.082894	 -0.018896	  0.095096	  0.145877	  0.139310	 -0.078504
 -0.042763	  0.078365	 -0.053929	  0.092593	  0.153131	  0.081122	 -0.143692
 -0.003169	  0.052169	 -0.059599	  0.082964	  0.142932	  0.008712	 -0.218857
 -0.012862	  0.052613	 -0.067739	  0.113974	  0.133112	 -0.033638	 -0.265103
 -0.039501	  0.057364	 -0.080029	  0.077928	  0.111320	 -0.083209	 -0.278185
 -0.066900	  0.066455	 -0.095930	  0.087874	  0.078726	 -0.138990	 -0.291584
 -0.083339	  0.093569	 -0.076165	  0.089014	  0.068875	 -0.191824	 -0.311539
 -0.057746	  0.089641	 -0.067993	  0.080683	  0.008438	 -0.214979	 -0.315847
 -0.048813	  0.083813	 -0.040784	  0.035863	 -0.029255	 -0.274718	 -0.326775
 -0.033261	  0.079062	 -0.029254	  0.008780	 -0.062799	 -0.248650	 -0.351830
 -0.066583	  0.026639	 -0.037774	  0.001400	 -0.092004	 -0.217735	 -0.346160
 -0.084511	 -0.009059	  0.000141	  0.001052	 -0.114747	 -0.229359	 -0.312015
 -0.055845	 -0.034558	 -0.026878	 -0.011270	 -0.151680	 -0.227459	 -0.268176
 -0.012672	 -0.041083	 -0.011167	 -0.064833	 -0.130965	 -0.180421	 -0.239130
 -0.036206	 -0.028730	 -0.044933	 -0.058150	 -0.141956	 -0.171172	 -0.174987
 -0.066330	 -0.055083	 -0.040372	 -0.057009	 -0.134417	 -0.143171	 -0.123230
 -0.070891	 -0.078301	  0.001313	 -0.036104	 -0.107652	 -0.126826	 -0.102229
 -0.093761	 -0.062337	  0.007014	 -0.066290	 -0.059759	 -0.106934	 -0.005968
 -0.085303	 -0.062495	  0.008693	 -0.059892	 -0.075913	 -0.046783	  0.068596
 -0.084511	 -0.092935	 -0.046992	 -0.026157	 -0.031853	  0.031202	  0.105973
 -0.030347	 -0.069369	 -0.027322	 -0.022863	 -0.004897	  0.089263	  0.145947
 -0.011753	 -0.024992	 -0.029697	 -0.024859	  0.005873	  0.135097	  0.153232
  0.002691	 -0.003674	 -0.053200	 -0.017130	  0.038023	  0.144821	  0.164477
  0.013080	  0.023250	 -0.094853	 -0.008673	  0.042109	  0.161387	  0.178636
  0.027809	  0.047418	 -0.090070	 -0.004460	  0.065391	  0.178397	  0.118326
  0.055272	  0.022046	 -0.081771	 -0.007437	  0.082242	  0.182673	  0.079651
  0.042095	  0.027146	 -0.084337	  0.048501	  0.095672	  0.153468	  0.020956
  0.020967	  0.071269	 -0.065934	  0.032474	  0.106093	  0.156984	 -0.018986
  0.009121	  0.083401	 -0.048544	  0.047741	  0.124560	  0.108775	 -0.014488
 -0.000350	  0.064523	 -0.042304	  0.052176	  0.116831	  0.064683	 -0.057123
 -0.038709	  0.068957	 -0.005814	  0.041564	  0.106347	  0.009092	 -0.086106
 -0.017296	  0.074532	  0.039323	  0.076090	  0.075748	  0.014857	 -0.086898
 -0.004785	  0.057807	  0.044803	  0.047203	  0.041191	  0.025310	 -0.102641
  0.013365	  0.021793	  0.048224	  0.071656	 -0.022762	  0.015459	 -0.087532
 -0.012292	  0.033069	  0.047179	  0.098738	 -0.067361	  0.013844	 -0.073436
 -0.008776	  0.032277	  0.047179	  0.093765	 -0.055863	  0.012133	 -0.105365
 -0.011056	  0.049382	  0.064885	  0.069850	 -0.034767	  0.016283	 -0.133397
 -0.023726	  0.071776	  0.040464	  0.065511	 -0.042179	  0.007572	 -0.115247
 -0.037695	  0.122045	  0.029219	  0.064085	 -0.045885	  0.013147	 -0.132637
 -0.001934	  0.109660	  0.028174	  0.044447	 -0.058587	  0.020496	 -0.157566
 -0.021763	  0.086442	  0.029567	  0.004758	 -0.042654	  0.008047	 -0.126049
 -0.007065	  0.038929	  0.019938	  0.023256	 -0.050985	 -0.002437	 -0.088735
  0.005447	  0.030567	  0.022409	  0.039220	 -0.038156	  0.022523	 -0.100043
  0.012035	  0.045232	  0.044391	  0.017238	 -0.051428	  0.031740	 -0.126651
 -0.003137	  0.036870	  0.034762	  0.037573	 -0.045885	  0.044125	 -0.099251
  0.008614	  0.036110	  0.038183	  0.025315	 -0.048641	  0.006527	 -0.097256
 -0.001839	  0.047988	  0.013445	  0.037858	 -0.048356	 -0.018814	 -0.097383
 -0.006210	  0.032879	 -0.006448	  0.030890	 -0.023459	 -0.059485	 -0.098111
 -0.031075	  0.030630	 -0.003185	  0.013025	 -0.076452	 -0.055367	 -0.104636
 -0.035858	  0.005543	 -0.016394	 -0.015071	 -0.096565	 -0.083685	 -0.096084
 -0.043555	 -0.022141	 -0.021905	 -0.031194	 -0.144047	 -0.102025	 -0.098523
 -0.043143	 -0.022141	 -0.062893	 -0.039905	 -0.129824	 -0.130817	 -0.083129
 -0.063067	 -0.015046	 -0.051617	 -0.059987	 -0.161120	 -0.120871	 -0.074988
 -0.096200	 -0.004054	 -0.030711	 -0.064548	 -0.139770	 -0.115392	 -0.032607
 -0.086348	 -0.036617	 -0.022190	 -0.090680	 -0.079492	 -0.106808	 -0.045150
 -0.069561	 -0.049667	 -0.030521	 -0.099011	 -0.091687	 -0.120966	 -0.072011
 -0.045931	 -0.040703	 -0.032200	 -0.109844	 -0.123648	 -0.131103	 -0.080056
 -0.038804	 -0.026924	 -0.017882	 -0.085802	 -0.159156	 -0.143076	 -0.076223
 -0.072791	  0.016091	 -0.041069	 -0.057928	 -0.170686	 -0.085173	 -0.076065
 -0.063954	  0.041780	 -0.046137	 -0.065593	 -0.154721	 -0.090020	 -0.092726
 -0.030315	  0.015806	 -0.034702	 -0.036800	 -0.109964	 -0.048778	 -0.115311
 -0.013907	 -0.012765	 -0.028874	 -0.061729	 -0.118833	 -0.021221	 -0.090287
 -0.067375	 -0.022838	 -0.034068	 -0.058530	 -0.112498	 -0.035158	 -0.050218
 -0.089073	 -0.024010	 -0.022634	 -0.063471	 -0.096724	 -0.004813	 -0.054177
 -0.062117	 -0.041431	 -0.025231	 -0.040538	 -0.079112	  0.013527	 -0.058992
 -0.019862	 -0.042477	  0.016961	 -0.063819	 -0.068406	  0.011912	 -0.070870
 -0.001934	 -0.057681	  0.008155	 -0.072593	 -0.047025	  0.046818	 -0.083826
 -0.023916	 -0.016344	 -0.006574	 -0.047728	 -0.054627	  0.026641	 -0.091966
 -0.047736	  0.010833	  0.005272	 -0.023022	 -0.049749	  0.009314	 -0.066689
 -0.059424	  0.010294	  0.022092	  0.011251	 -0.039613	  0.005165	 -0.033969
 -0.052456	 -0.014539	  0.029314	  0.027501	 -0.033817	 -0.012669	 -0.060734
 -0.056099	 -0.010326	 -0.012941	  0.034627	 -0.075660	 -0.026827	 -0.068653
 -0.064334	 -0.014064	 -0.030933	  0.034247	 -0.047342	 -0.002311	 -0.080088
 -0.057017	  0.008964	 -0.017280	  0.031682	 -0.038853	  0.004595	 -0.081703
 -0.024075	  0.023281	 -0.006511	  0.051194	 -0.055673	 -0.008424	 -0.116229
 -0.016758	  0.042445	 -0.033277	  0.060918	 -0.060614	 -0.001265	 -0.089559
 -0.026292	  0.029426	 -0.028177	  0.056293	 -0.109140	 -0.016660	 -0.089495
 -0.006812	 -0.003136	  0.008440	  0.072733	 -0.118453	 -0.048367	 -0.094468
  0.015234	 -0.019829	  0.055003	  0.056642	 -0.151237	 -0.077951	 -0.062635
  0.018022	  0.017865	  0.026020	  0.016129	 -0.179365	 -0.067118	 -0.090604
 -0.021161	  0.006050	  0.038595	 -0.000627	 -0.165744	 -0.100409	 -0.095545
 -0.007319	  0.014919	  0.017309	 -0.042629	 -0.169767	 -0.107631	 -0.071314
 -0.000952	 -0.028064	 -0.025358	 -0.021470	 -0.161721	 -0.132623	 -0.062825
  0.014854	 -0.011150	  0.004734	 -0.040791	 -0.141734	 -0.145230	 -0.090889
 -0.028921	 -0.013145	  0.013635	 -0.051434	 -0.132992	 -0.132655	 -0.126872
 -0.044030	 -0.012037	  0.016644	 -0.051910	 -0.122222	 -0.128062	 -0.172548
 -0.061832	 -0.012987	  0.028174	 -0.035692	 -0.108032	 -0.103545	 -0.231116
 -0.087140	 -0.050871	  0.022060	 -0.038511	 -0.096027	 -0.096640	 -0.229500
 -0.096326	 -0.019734	  0.008408	 -0.054792	 -0.111263	 -0.093631	 -0.228487
 -0.084733	 -0.038644	 -0.024851	 -0.069236	 -0.125485	 -0.089323	 -0.197730
 -0.121033	 -0.082799	 -0.031344	 -0.080512	 -0.119562	 -0.090051	 -0.211984
 -0.138993	 -0.067247	 -0.000588	 -0.129609	 -0.106480	 -0.103038	 -0.222753
 -0.102630	 -0.067500	  0.037391	 -0.130211	 -0.139992	 -0.093409	 -0.212997
 -0.058759	 -0.052138	  0.001091	 -0.135374	 -0.146707	 -0.071395	 -0.176571
 -0.045107	 -0.055622	 -0.002393	 -0.143800	 -0.152441	 -0.020492	 -0.193295
 -0.063574	 -0.099239	 -0.008887	 -0.102907	 -0.143033	  0.002156	 -0.233776
 -0.048053	 -0.112004	 -0.026941	 -0.063344	 -0.149241	  0.000160	 -0.216323
 -0.027781	 -0.075672	 -0.003565	 -0.036959	 -0.147974	  0.008110	 -0.216640
  0.010800	 -0.073487	  0.034255	 -0.030022	 -0.121050	  0.039374	 -0.208690
  0.028063	 -0.074215	  0.035966	  0.017808	 -0.132707	  0.059266	 -0.148887
  0.036172	 -0.066835	  0.029472	  0.015527	 -0.118611	  0.066425	 -0.149172
  0.006935	 -0.047291	  0.003372	  0.029464	 -0.102869	  0.035193	 -0.123261
 -0.002282	 -0.047101	 -0.008887	  0.009762	 -0.078764	  0.051822	 -0.156900
  0.025782	 -0.037345	 -0.008031	  0.015052	 -0.035369	  0.037030	 -0.138022
 -0.002409	 -0.024168	 -0.023109	  0.016002	 -0.043763	 -0.004306	 -0.149964
 -0.016473	  0.002977	 -0.019244	 -0.001451	 -0.050414	 -0.028760	 -0.150154
 -0.004531	  0.010485	 -0.006416	  0.015939	 -0.095393	 -0.037407	 -0.153511
  0.004971	  0.016091	  0.003752	  0.012613	 -0.098878	 -0.082037	 -0.141601
  0.038262	  0.003041	 -0.023806	  0.013943	 -0.091751	 -0.107536	 -0.139828
  0.039212	  0.017548	 -0.073187	  0.015876	 -0.090959	 -0.118274	 -0.142805
 -0.002472	  0.045803	 -0.085097	  0.007418	 -0.054817	 -0.121125	 -0.132922
 -0.043809	  0.072600	 -0.087790	 -0.007279	 -0.037237	 -0.137564	 -0.133873
 -0.074090	  0.051567	 -0.061214	 -0.020963	 -0.017630	 -0.154384	 -0.116103
 -0.084511	  0.053373	 -0.043001	 -0.004080	 -0.027672	 -0.149949	 -0.095102
 -0.035288	  0.044852	  0.021648	 -0.010827	 -0.049908	 -0.148081	 -0.096591
 -0.004436	  0.026512	  0.013508	 -0.017700	 -0.087316	 -0.147954	 -0.121646
 -0.023885	  0.012987	 -0.019054	 -0.009338	 -0.118580	 -0.146465	 -0.129723
 -0.007160	  0.011435	 -0.055703	 -0.001989	 -0.109584	 -0.105414	 -0.136565
 -0.028826	  0.020779	 -0.037616	 -0.051339	 -0.113290	 -0.110165	 -0.102926
 -0.037822	 -0.013937	 -0.024566	 -0.081209	 -0.105878	 -0.132845	 -0.120949
 -0.066963	 -0.025055	 -0.041195	 -0.045543	 -0.083293	 -0.129772	 -0.065549
 -0.060533	 -0.029585	 -0.061753	 -0.058530	 -0.084402	 -0.153972	 -0.090509
 -0.048813	 -0.009091	 -0.039453	 -0.060113	 -0.061691	 -0.148619	 -0.130452
 -0.069561	  0.008362	  0.014807	 -0.097078	 -0.066664	 -0.133066	 -0.154018
 -0.076529	  0.036585	  0.018164	 -0.111649	 -0.066189	 -0.090653	 -0.125098
 -0.081946	  0.035033	  0.016074	 -0.105156	 -0.088900	 -0.091572	 -0.096654
 -0.077796	  0.008362	  0.003340	 -0.071802	 -0.112973	 -0.073010	 -0.106885
 -0.078050	  0.026671	  0.019241	 -0.046145	 -0.138313	 -0.092237	 -0.119587
 -0.052963	  0.008901	  0.067293	 -0.058561	 -0.139580	 -0.073707	 -0.096021
 -0.018943	  0.008996	  0.026178	 -0.068761	 -0.148133	 -0.078680	 -0.117338
 -0.006622	  0.009344	 -0.031376	 -0.076395	 -0.186682	 -0.092364	 -0.103528
 -0.037473	 -0.012290	 -0.059979	 -0.036959	 -0.189849	 -0.098762	 -0.118573
 -0.053660	 -0.026734	 -0.029602	 -0.049217	 -0.149653	 -0.078680	 -0.153891
 -0.089009	 -0.043617	 -0.004895	 -0.043230	 -0.160359	 -0.092079	 -0.178566
 -0.071113	 -0.028286	  0.016992	 -0.016275	 -0.163020	 -0.073739	 -0.166213
 -0.023695	 -0.014507	  0.025323	 -0.025429	 -0.129824	 -0.049032	 -0.139099
 -0.011975	 -0.028825	  0.007838	 -0.005062	 -0.122634	 -0.061512	 -0.134126
 -0.014636	 -0.060975	 -0.040784	 -0.006645	 -0.114525	 -0.050362	 -0.136533
 -0.015586	 -0.085967	 -0.046263	 -0.028818	 -0.117376	 -0.049602	 -0.141475
 -0.007604	 -0.067532	 -0.020005	 -0.030592	 -0.113828	 -0.082798	 -0.165706
 -0.001554	 -0.092302	 -0.048766	 -0.031289	 -0.104009	 -0.098889	 -0.176824
  0.024040	 -0.120556	 -0.056621	 -0.009781	 -0.104833	 -0.081499	 -0.149108
  0.044756	 -0.127493	 -0.044141	 -0.023623	 -0.104104	 -0.095626	 -0.149425
  0.033954	 -0.043965	 -0.009330	 -0.053905	 -0.081139	 -0.092427	 -0.118732
  0.068956	 -0.023281	  0.006318	 -0.059195	 -0.056084	 -0.096133	 -0.121329
  0.079377	 -0.050047	  0.023771	 -0.054539	 -0.088013	 -0.077128	 -0.137452
  0.036647	 -0.063256	  0.047274	 -0.020678	 -0.080379	 -0.084603	 -0.181195
  0.023090	 -0.032024	  0.018196	 -0.042027	 -0.090705	 -0.097020	 -0.213346
  0.013967	 -0.014507	  0.004100	 -0.113043	 -0.118675	 -0.071141	 -0.239858
 -0.006337	 -0.013240	  0.006729	 -0.101513	 -0.119942	 -0.054385	 -0.245401
 -0.064651	 -0.023693	  0.018576	 -0.062742	 -0.110439	 -0.101043	 -0.216957
 -0.065506	 -0.048653	  0.009105	 -0.057136	 -0.109267	 -0.106206	 -0.212586
 -0.081375	 -0.060880	  0.020635	 -0.067209	 -0.106005	 -0.101771	 -0.244198
 -0.123630	 -0.007665	 -0.009995	 -0.080227	 -0.129286	 -0.104749	 -0.199060
 -0.093634	 -0.009313	  0.014965	 -0.059131	 -0.154183	 -0.121378	 -0.170363
 -0.057936	 -0.029078	  0.001978	 -0.057516	 -0.142875	 -0.086915	 -0.133429
 -0.070226	 -0.009629	 -0.018769	 -0.033411	 -0.149146	 -0.056982	 -0.122881
 -0.064556	 -0.029553	  0.000458	 -0.075254	 -0.138092	 -0.067182	 -0.097541
 -0.042985	 -0.051187	 -0.037299	 -0.058878	 -0.153834	 -0.037439	 -0.082115
 -0.069814	 -0.058568	 -0.025484	 -0.042470	 -0.159441	 -0.044502	 -0.106568
 -0.064429	 -0.075831	 -0.001063	 -0.040221	 -0.163590	 -0.056190	 -0.089052
 -0.029333	 -0.075609	 -0.001094	 -0.034425	 -0.127449	 -0.049950	 -0.102071
 -0.025342	 -0.107443	  0.000806	 -0.032809	 -0.139834	 -0.069051	 -0.109958
  0.009723	 -0.143457	 -0.013796	 -0.028787	 -0.168785	 -0.056602	 -0.102261
 -0.006812	 -0.140543	 -0.023869	 -0.029610	 -0.166663	 -0.047701	 -0.110496
  0.005288	 -0.097877	 -0.046739	 -0.057421	 -0.118548	 -0.036964	 -0.084649
  0.028981	 -0.114855	 -0.070242	 -0.085517	 -0.119372	 -0.039498	 -0.050060
  0.056475	 -0.069021	 -0.064730	 -0.074146	 -0.097642	 -0.057838	 -0.052340
  0.088753	 -0.046531	 -0.061309	 -0.044117	 -0.081425	 -0.036678	 -0.063395
  0.086662	 -0.031485	 -0.084305	 -0.036357	 -0.067456	 -0.044217	 -0.082210
 -0.060511	 -0.106299	  0.026188	  0.067472	 -0.093803	  0.051395	  0.042201
 -0.077489	 -0.097208	  0.085864	  0.087142	 -0.093772	  0.040784	  0.009829
 -0.064344	 -0.087864	  0.063153	  0.039597	 -0.073404	  0.051997	  0.008942
 -0.069348	 -0.031229	  0.052225	  0.025185	 -0.058992	  0.073631	  0.039319
 -0.033904	 -0.005065	  0.042690	 -0.017988	 -0.064187	  0.064603	  0.039129
 -0.024813	 -0.012477	  0.043324	 -0.006902	 -0.059309	  0.043223	  0.015182
  0.006102	  0.004881	  0.042659	 -0.022360	 -0.079581	  0.030267	 -0.040408
 -0.014423	  0.002252	  0.052130	 -0.022866	 -0.044136	  0.036476	 -0.003411
 -0.012428	  0.002917	  0.025617	 -0.014789	 -0.025575	  0.041290	 -0.002429
  0.036289	  0.000478	  0.028690	 -0.007441	  0.033183	  0.015887	 -0.078640
  0.048104	 -0.019192	  0.034708	 -0.033604	  0.050193	  0.036507	  0.086103
  0.048262	 -0.011400	  0.018142	  0.006433	  0.034482	  0.029729	  0.086071
  0.065272	  0.013434	 -0.033425	 -0.002626	  0.006924	 -0.057283	 -0.132140
  0.053964	  0.036018	 -0.022719	 -0.014536	  0.060772	 -0.050188	  0.044292
  0.041420	  0.039502	 -0.041693	 -0.017640	  0.103502	 -0.009675	  0.167160
  0.040217	  0.054010	 -0.046000	 -0.015866	  0.060329	 -0.097004	 -0.121275
  0.011202	  0.072920	 -0.060920	  0.004881	  0.067424	 -0.096371	 -0.028213
  0.013261	  0.058381	 -0.090948	 -0.002563	  0.086271	 -0.009992	  0.191708
 -0.009894	  0.044634	 -0.115718	 -0.018939	  0.021210	 -0.099411	 -0.158525
  0.003061	  0.041308	 -0.103966	 -0.032591	  0.068469	 -0.095864	 -0.164892
 -0.025446	  0.017805	 -0.106437	  0.008809	  0.118136	  0.036507	  0.188446
 -0.028329	 -0.019921	 -0.102224	  0.002632	  0.075913	 -0.020318	 -0.080319
 -0.007740	  0.031045	 -0.097695	  0.023728	  0.045220	 -0.047210	 -0.166128
  0.042307	  0.013243	 -0.066716	  0.041054	  0.057193	  0.071287	  0.163327
  0.018202	 -0.002784	 -0.049485	  0.034878	  0.071637	  0.016013	 -0.009683
  0.020641	 -0.037817	 -0.046887	 -0.005920	  0.037934	 -0.097352	 -0.195269
  0.050099	 -0.078742	 -0.018601	  0.001872	  0.061121	  0.043159	  0.170834
 -0.017971	 -0.052673	 -0.006913	  0.016379	  0.019278	  0.042937	  0.057754
 -0.042329	 -0.046369	 -0.043561	  0.011216	 -0.030136	 -0.033210	 -0.172906
 -0.040841	 -0.047668	 -0.039887	  0.044064	  0.000748	  0.052408	  0.116036
 -0.011509	 -0.048587	 -0.047616	  0.098482	 -0.018606	  0.067676	  0.081193
 -0.027347	 -0.044817	 -0.093165	  0.091576	 -0.043883	 -0.042206	 -0.211360
 -0.034284	 -0.079724	 -0.045145	  0.088852	 -0.011036	 -0.005399	  0.064089
 -0.017813	 -0.090968	 -0.037290	  0.088409	  0.017916	  0.037838	  0.144164
  0.010505	 -0.117481	 -0.032000	  0.064399	 -0.023421	 -0.061148	 -0.211297
  0.007844	 -0.086312	 -0.051385	  0.103930	  0.015952	  0.011579	 -0.046553
  0.027040	 -0.073610	 -0.090663	  0.072191	  0.029794	  0.085921	  0.112995
  0.020705	 -0.021061	 -0.100039	  0.027181	  0.008761	 -0.011702	 -0.205753
  0.010695	 -0.011780	 -0.124302	  0.041118	 -0.000615	  0.025358	 -0.106578
  0.060267	 -0.006459	 -0.136243	  0.051697	  0.006006	  0.088677	  0.139729
  0.040755	 -0.002943	 -0.123447	  0.033737	 -0.025733	 -0.018101	 -0.175820
  0.000369	 -0.010481	 -0.099088	  0.028891	  0.009458	 -0.035871	 -0.131950
 -0.012586	  0.001682	 -0.070834	  0.012990	  0.066379	  0.034702	  0.137639
 -0.013030	  0.004659	 -0.054616	 -0.031672	  0.035939	 -0.037866	 -0.143543
 -0.011858	  0.005008	 -0.071277	 -0.015043	  0.029382	 -0.040432	 -0.216966
  0.049276	  0.024045	 -0.069472	  0.009031	  0.059220	  0.073536	  0.056170
  0.078100	 -0.004020	 -0.079386	 -0.033699	  0.062578	 -0.000363	 -0.176770
  0.043162	 -0.028536	 -0.050752	 -0.060940	  0.038061	 -0.053672	 -0.284878
  0.036922	 -0.048270	 -0.020914	 -0.049664	  0.086999	  0.054056	  0.063138
  0.020483	 -0.053401	 -0.005519	 -0.034966	  0.076705	 -0.001883	 -0.119438
  0.024727	 -0.040098	 -0.007547	 -0.022328	  0.031979	 -0.077049	 -0.327735
  0.003188	 -0.043075	  0.005409	 -0.013934	  0.111611	  0.007081	  0.008435
 -0.020537	 -0.007409	 -0.012836	  0.019547	  0.131155	 -0.001503	 -0.030874
  0.012532	 -0.036012	 -0.018190	  0.011216	  0.087696	 -0.097352	 -0.291213
 -0.003369	 -0.048460	 -0.046286	  0.036525	  0.093271	 -0.005652	  0.016607
 -0.020948	 -0.037152	 -0.061015	  0.032185	  0.107968	  0.002710	  0.052844
  0.007781	 -0.050962	 -0.087749	  0.025819	  0.067361	 -0.085633	 -0.236447
  0.005912	 -0.031767	 -0.055250	  0.039977	  0.079176	  0.010217	  0.031812
 -0.052022	 -0.024165	 -0.035801	  0.048466	  0.108000	  0.035114	  0.130195
 -0.053606	 -0.019572	 -0.027692	 -0.002404	  0.059822	 -0.103054	 -0.188997
 -0.053036	 -0.032242	 -0.005646	 -0.025622	  0.070402	 -0.063080	  0.005014
 -0.032225	 -0.044121	 -0.002067	  0.006623	  0.084465	 -0.005462	  0.142232
 -0.032447	 -0.020649	  0.003571	  0.007415	  0.025708	 -0.090986	 -0.160584
 -0.030229	 -0.017102	 -0.040299	  0.024583	  0.019468	 -0.040274	 -0.031666
 -0.006505	 -0.046274	 -0.016637	  0.035321	  0.077624	  0.073092	  0.173717
 -0.011002	 -0.013617	  0.001608	  0.049512	  0.031726	 -0.037676	 -0.148896
 -0.035582	 -0.023373	  0.003856	  0.081029	  0.012119	 -0.026178	 -0.102112
 -0.002355	 -0.033161	 -0.024049	  0.099685	  0.020386	  0.045376	  0.161807
 -0.003464	 -0.062524	 -0.029498	  0.055593	 -0.012366	 -0.020223	 -0.118805
  0.042085	 -0.079470	 -0.067793	  0.025375	 -0.027570	 -0.056270	 -0.120230
  0.058145	 -0.086660	 -0.061553	  0.040516	  0.068184	  0.032200	  0.185659
  0.054597	 -0.062492	 -0.040552	  0.025755	  0.089438	 -0.063143	 -0.019788
  0.037968	 -0.031704	 -0.057055	 -0.017957	  0.052885	 -0.109072	 -0.149593
  0.069421	 -0.025939	 -0.063073	 -0.007346	  0.061469	  0.027797	  0.151988
  0.027293	 -0.004336	 -0.088699	 -0.038894	  0.033278	 -0.008313	  0.006756
  0.005025	 -0.035822	 -0.070359	 -0.077285	  0.004549	 -0.119177	 -0.199798
  0.000812	 -0.067402	 -0.058195	 -0.099774	  0.024409	  0.015348	  0.103746
 -0.014075	 -0.085457	 -0.067793	 -0.084538	  0.006101	  0.002710	 -0.000941
  0.011044	 -0.086502	 -0.018380	 -0.105349	  0.006702	 -0.072994	 -0.254407
 -0.022152	 -0.092140	 -0.019995	 -0.072882	  0.017029	  0.039802	  0.071564
 -0.042994	 -0.074434	 -0.011284	 -0.102498	 -0.006855	  0.035652	  0.078311
 -0.052846	 -0.069587	 -0.019742	 -0.111589	 -0.063648	 -0.112588	 -0.212754
 -0.047619	 -0.103955	 -0.004886	 -0.092204	 -0.046195	 -0.036251	  0.080401
 -0.039257	 -0.116150	 -0.044670	 -0.080579	 -0.044073	  0.020353	  0.150499
  0.007306	 -0.100566	 -0.034597	 -0.058153	 -0.089654	 -0.077365	 -0.191468
  0.024252	 -0.099806	 -0.031050	 -0.025337	 -0.044707	 -0.038405	  0.003430
  0.052063	 -0.048207	 -0.022307	 -0.005192	 -0.000266	  0.024914	  0.201718
  0.075028	 -0.046369	 -0.012868	  0.002094	 -0.033620	 -0.095040	 -0.132488
  0.055104	 -0.030152	  0.022988	  0.024995	 -0.031118	 -0.030898	  0.024653
  0.022415	 -0.052419	  0.000911	 -0.004210	  0.013196	  0.045123	  0.245810
 -0.008247	 -0.064488	 -0.045019	 -0.026192	 -0.006950	 -0.079234	 -0.131855
 -0.009545	 -0.046718	 -0.060698	 -0.040510	 -0.014330	 -0.091651	 -0.088143
 -0.010401	 -0.026572	 -0.036403	 -0.032369	  0.043921	 -0.006001	  0.184392
 -0.046732	 -0.025432	 -0.015244	 -0.042600	  0.001001	 -0.064252	 -0.104646
 -0.014645	 -0.022961	  0.000341	 -0.061257	 -0.025258	 -0.061623	 -0.175662
 -0.036659	 -0.048618	  0.042089	 -0.052451	  0.038283	  0.072934	  0.141440
 -0.020378	 -0.040605	  0.031826	 -0.033193	 -0.005809	  0.022475	 -0.047092
 -0.027885	 -0.049790	  0.026536	 -0.036138	 -0.029851	 -0.026463	 -0.169548
 -0.027252	 -0.016785	 -0.003461	 -0.011590	  0.021558	  0.089754	  0.155504
 -0.018890	 -0.039559	 -0.040996	  0.004374	  0.023237	  0.079871	 -0.009081
 -0.034949	 -0.020079	 -0.023764	 -0.008264	 -0.031403	 -0.027825	 -0.223555
 -0.062285	  0.004501	  0.018174	 -0.010798	 -0.030959	  0.078857	  0.073781
 -0.088417	 -0.004780	  0.063723	 -0.034174	 -0.051042	  0.060771	 -0.024666
 -0.096146	 -0.011938	  0.091819	 -0.042125	 -0.060132	 -0.067451	 -0.275312
 -0.110463	  0.004976	  0.101575	 -0.013395	 -0.006474	  0.044046	  0.013820
 -0.112490	  0.030950	  0.094733	 -0.022043	  0.014495	  0.047404	  0.021137
 -0.160795	  0.023823	  0.076836	 -0.050361	 -0.025036	 -0.028680	 -0.252126
 -0.158926	  0.030411	  0.068918	 -0.026414	  0.021843	  0.015127	 -0.007339
 -0.087783	 -0.002816	  0.074239	  0.008334	  0.047690	  0.028525	  0.065609
 -0.062063	 -0.003956	  0.027613	  0.011786	 -0.030896	 -0.111543	 -0.240026
 -0.085439	 -0.012350	 -0.015307	  0.030316	 -0.039132	 -0.061211	 -0.024666
 -0.095005	 -0.040478	 -0.002574	  0.002062	 -0.032987	  0.003882	  0.118634
 -0.103463	 -0.023215	 -0.042516	 -0.041396	 -0.048634	 -0.119113	 -0.224442
 -0.057153	 -0.047668	 -0.065132	 -0.051247	 -0.074513	 -0.079804	 -0.109999
 -0.049583	 -0.066262	 -0.013692	 -0.054320	 -0.062508	  0.007588	  0.115339
 -0.036469	 -0.086027	 -0.040426	 -0.106711	 -0.080690	 -0.108217	 -0.134611
 -0.066466	 -0.066103	 -0.079228	 -0.133603	 -0.100645	 -0.067736	 -0.146362
 -0.097698	 -0.049569	 -0.079291	 -0.118779	 -0.037263	  0.013131	  0.098932
 -0.095449	 -0.039591	 -0.055503	 -0.126096	 -0.037073	 -0.025450	 -0.078324
 -0.076665	 -0.076619	 -0.042801	 -0.114376	 -0.048856	 -0.053451	 -0.157322
 -0.069475	 -0.083525	 -0.023669	 -0.140382	 -0.046259	 -0.014585	 -0.017475
 -0.057375	 -0.068099	 -0.022656	 -0.132020	 -0.083794	  0.018231	 -0.052160
 -0.040587	 -0.083556	  0.004617	 -0.142821	 -0.083160	  0.026530	 -0.133407
 -0.063362	 -0.059958	  0.025427	 -0.097240	 -0.049268	  0.093523	 -0.042752
 -0.106535	 -0.054953	  0.026568	 -0.085837	 -0.040684	  0.113035	  0.034884
 -0.136912	 -0.046560	 -0.001212	 -0.091475	  0.001634	  0.086523	 -0.090170
 -0.120029	 -0.039971	 -0.014579	 -0.091222	  0.017504	  0.057698	 -0.116207
 -0.129341	 -0.075923	 -0.008719	 -0.056632	  0.051523	  0.065079	 -0.059572
 -0.131147	 -0.036740	 -0.011411	 -0.040383	  0.006607	  0.106922	 -0.064450
 -0.086738	 -0.017102	 -0.008053	 -0.028156	 -0.031086	  0.088677	 -0.109777
 -0.046352	 -0.039274	  0.028848	 -0.006712	 -0.013443	  0.085319	 -0.096695
 -0.037166	 -0.048999	  0.044021	  0.028067	  0.010218	  0.082943	 -0.084215
 -0.035773	 -0.026224	  0.049722	  0.030855	  0.019056	  0.091496	 -0.082980
 -0.063267	 -0.033003	  0.065908	  0.014701	  0.009902	  0.080378	 -0.056309
 -0.034157	 -0.013712	  0.036039	  0.021606	  0.013101	  0.068024	 -0.027041
 -0.034157	  0.019483	  0.019346	  0.030760	  0.018802	  0.063146	 -0.030969
 -0.059022	  0.015017	  0.019599	  0.033136	  0.019309	  0.079839	 -0.002778
 -0.035361	  0.016474	  0.012757	  0.025850	 -0.004859	  0.099826	  0.060256
 -0.020948	  0.001492	  0.015323	 -0.035822	 -0.018511	  0.132864	  0.034346
 -0.030451	  0.009442	 -0.000261	 -0.064234	 -0.023833	  0.113700	 -0.003253
 -0.046859	  0.027592	 -0.020977	 -0.055967	 -0.004637	  0.143697	 -0.006737
 -0.042678	  0.036050	 -0.040299	 -0.038704	  0.017155	  0.138534	 -0.045413
 -0.019460	  0.019420	 -0.040806	 -0.048650	  0.014305	  0.183829	 -0.073984
  0.009618	  0.004438	 -0.024366	 -0.049917	  0.011295	  0.166851	 -0.062613
 -0.034949	 -0.019224	 -0.024303	 -0.049727	  0.004549	  0.173186	 -0.074206
 -0.081353	 -0.027396	 -0.028642	 -0.057392	  0.022255	  0.187915	 -0.073826
 -0.122404	 -0.000725	 -0.035389	 -0.052800	  0.043731	  0.191938	 -0.054187
 -0.141220	  0.034371	 -0.043688	 -0.046591	 -0.010212	  0.161245	 -0.065305
 -0.112142	  0.020022	 -0.017651	 -0.048460	 -0.001406	  0.112021	 -0.079939
 -0.143088	 -0.006047	 -0.039919	 -0.079787	  0.015065	  0.112496	 -0.083487
 -0.147016	 -0.018115	 -0.029371	 -0.073230	  0.026468	  0.106383	 -0.075885
 -0.168650	  0.001017	 -0.023859	 -0.102435	 -0.020380	  0.084242	 -0.044273
 -0.153890	 -0.057773	 -0.046381	 -0.103037	 -0.054811	  0.088835	 -0.049531
 -0.156360	 -0.070569	 -0.070961	 -0.106806	 -0.033620	  0.080409	 -0.096347
 -0.140808	 -0.050931	 -0.059526	 -0.117766	 -0.057725	  0.065870	 -0.075821
 -0.141125	 -0.044279	 -0.038842	 -0.131133	 -0.032417	  0.065965	 -0.054630
 -0.111508	 -0.020998	 -0.026647	 -0.118304	 -0.066024	  0.052725	 -0.000814
 -0.103019	  0.030285	 -0.051702	 -0.105982	 -0.059689	  0.043128	 -0.009208
 -0.129246	  0.046914	 -0.076694	 -0.101516	 -0.027982	  0.030964	 -0.002144
 -0.132477	  0.038394	 -0.076187	 -0.116720	 -0.020792	  0.016932	  0.020377
 -0.134821	  0.031203	 -0.068173	 -0.148776	  0.001254	 -0.000743	  0.029753
 -0.127282	  0.055308	 -0.057942	 -0.114376	  0.035369	  0.011167	  0.019807
 -0.120124	  0.009062	 -0.078404	 -0.102942	  0.029667	  0.000461	  0.009195
 -0.112458	 -0.031450	 -0.062028	 -0.073420	  0.061121	 -0.007363	  0.032603
 -0.098110	 -0.076334	 -0.039127	 -0.071520	  0.051460	 -0.000204	  0.028802
 -0.096526	 -0.098729	 -0.075744	 -0.075764	  0.000748	  0.020923	 -0.008163
 -0.126902	 -0.119349	 -0.080653	 -0.063759	 -0.013475	  0.035082	 -0.022733
 -0.121644	 -0.117481	 -0.093387	 -0.046845	  0.005182	  0.040245	 -0.028720
 -0.118318	 -0.117576	 -0.077359	 -0.029898	  0.020038	  0.023425	 -0.035308
 -0.124558	 -0.056632	 -0.101369	  0.018533	  0.038980	  0.046675	 -0.044779
 -0.098648	 -0.040098	 -0.121768	  0.041593	  0.011929	  0.053739	 -0.033915
 -0.091426	 -0.037532	 -0.120152	  0.067313	  0.004263	  0.080441	 -0.035245
 -0.084267	 -0.025527	 -0.138524	  0.022841	  0.024599	  0.087441	 -0.036544
 -0.128328	  0.009601	 -0.116636	  0.029144	  0.032550	  0.115062	 -0.024127
 -0.110019	  0.018755	 -0.102794	  0.013338	  0.026785	  0.120004	  0.011508
 -0.123038	 -0.010640	 -0.086862	 -0.034840	  0.019278	  0.109044	 -0.021150
 -0.098395	 -0.043677	 -0.060825	  0.009221	 -0.025828	  0.075373	 -0.037779
 -0.057755	 -0.078837	 -0.073590	  0.023126	 -0.078029	  0.022570	 -0.005217
 -0.071787	 -0.042695	 -0.079069	  0.011691	 -0.089179	  0.018452	  0.025255
 -0.073434	 -0.029138	 -0.035421	 -0.006839	 -0.076033	  0.011737	 -0.008860
 -0.092630	 -0.048618	 -0.016574	 -0.021916	 -0.070839	 -0.003720	 -0.041802
 -0.110051	 -0.047573	 -0.038779	 -0.046306	 -0.111256	  0.001094	 -0.024064
 -0.135138	 -0.077601	 -0.004411	 -0.037057	 -0.133619	 -0.012463	 -0.027136
 -0.146953	 -0.087674	  0.003825	 -0.044089	 -0.090921	  0.001221	 -0.041739
 -0.173433	 -0.113711	 -0.003904	 -0.062175	 -0.076414	 -0.010911	 -0.031888
 -0.146129	 -0.095625	 -0.015434	 -0.107439	 -0.049711	  0.017724	 -0.038666
 -0.138052	 -0.089068	 -0.039095	 -0.100218	 -0.019271	  0.039041	 -0.032236
 -0.142012	 -0.090620	 -0.044797	 -0.120078	 -0.038498	  0.039263	 -0.047694
 -0.149329	 -0.084760	 -0.060096	 -0.120363	 -0.035394	  0.049906	 -0.060965
 -0.152844	 -0.066167	 -0.020248	 -0.056537	 -0.075590	  0.054151	 -0.108954
 -0.152654	 -0.067940	  0.006422	 -0.056474	 -0.089590	  0.046612	 -0.105248
 -0.129531	 -0.093692	  0.015006	 -0.051406	 -0.106980	  0.053295	 -0.120863
 -0.098458	 -0.084126	  0.001734	 -0.040320	 -0.103559	  0.015443	 -0.092134
 -0.087530	 -0.066262	 -0.007262	 -0.058691	 -0.093043	 -0.002770	 -0.067491
 -0.099662	 -0.056506	 -0.019900	 -0.061954	 -0.100297	  0.004104	 -0.079654
 -0.119079	 -0.048967	 -0.000705	 -0.101231	 -0.100708	 -0.008693	 -0.077943
 -0.149930	 -0.075574	  0.011744	 -0.089036	 -0.058232	  0.011516	 -0.035277
 -0.163519	 -0.036740	 -0.031525	 -0.079280	 -0.056395	 -0.011132	 -0.036290
 -0.128138	  0.000700	 -0.032982	 -0.085964	 -0.040462	  0.001601	 -0.041042
 -0.090254	  0.006212	 -0.040046	 -0.077443	 -0.020380	 -0.000965	 -0.018077
 -0.076539	 -0.015423	 -0.043308	 -0.081466	 -0.016991	 -0.013191	 -0.023209
 -0.095259	 -0.027301	 -0.039317	 -0.067687	 -0.030326	  0.004325	 -0.021466
 -0.135835	 -0.029487	 -0.003936	  0.003329	 -0.054241	 -0.026178	 -0.059730
 -0.113029	 -0.033953	  0.026758	  0.001840	 -0.044326	  0.016235	 -0.073192
 -0.097698	 -0.046465	  0.016463	  0.042036	 -0.010909	  0.002456	 -0.060617
 -0.103463	 -0.041745	 -0.000008	  0.053978	  0.000399	  0.025548	 -0.018394
 -0.064534	 -0.056854	 -0.014927	  0.045711	  0.046898	  0.042241	 -0.002841
 -0.065547	 -0.081814	 -0.015814	  0.069721	  0.047944	  0.037141	 -0.020643
 -0.060479	 -0.120743	 -0.003461	  0.067947	 -0.020760	  0.043254	 -0.013611
 -0.068271	 -0.077158	  0.030495	 -0.000820	 -0.036028	  0.018611	 -0.001321
 -0.078851	 -0.066230	  0.034170	 -0.009214	 -0.034064	  0.000841	  0.020408
 -0.063932	 -0.073895	 -0.019805	 -0.012509	 -0.029502	  0.025738	  0.014232
 -0.052592	 -0.067972	 -0.033045	 -0.007979	 -0.033208	  0.029349	  0.017653
