:RUN-1	DP I-O	3:06 PM	TEMP: NaN	HR: NaN
Level Step Size:5.00	Start dB SPL: 10	Stop dB SPL: 80	# Buffers Averaged: 8.00	Update Interval:5	Ear:Right	Etymotics Gain:40	Ipsi Driver:Starship	
:NOTES-
:CHAMBER-
:CFTS Version: V2.30.1 (R2128)
:dB	f1(Hz)	f2(Hz)	f1(dB)	f2(dB)	2f1-f2(dB)	2f1-f2Nse(dB)	f2-f1(dB)	f2-f1Nse(dB)	2f1-f2Phase Shox (1)	PostexposureTime(min)
:DATA
 10.00	4720.00	5660.00	 19.92	  9.95	-13.18	 -6.63	  2.20	  0.94	  0.00	   NaN
 15.00	4720.00	5660.00	 25.01	 14.85	 -6.62	 -7.23	  5.74	  4.11	  0.00	   NaN
 20.00	4720.00	5660.00	 30.00	 20.00	-13.45	 -5.83	  6.31	  6.16	  0.00	   NaN
 25.00	4720.00	5660.00	 34.97	 24.92	 -7.02	 -4.64	  4.94	  5.92	  0.00	   NaN
 30.00	4720.00	5660.00	 39.98	 29.98	 -8.53	 -5.05	  7.41	  7.07	  0.00	   NaN
 35.00	4720.00	5660.00	 44.98	 34.93	 -7.70	 -6.40	 -0.05	 -0.02	  0.00	   NaN
 40.00	4720.00	5660.00	 49.99	 39.96	 -8.30	 -6.46	  1.32	  2.26	  0.00	   NaN
 45.00	4720.00	5660.00	 54.99	 44.95	 -9.99	 -7.99	  2.64	  4.24	  0.00	   NaN
 50.00	4720.00	5660.00	 59.98	 49.95	 -6.19	 -6.29	  5.40	  5.72	  0.00	   NaN
 55.00	4720.00	5660.00	 64.99	 54.95	-12.78	 -7.82	  2.95	  2.27	  0.00	   NaN
 60.00	4720.00	5660.00	 69.99	 59.96	 -7.77	 -7.34	  3.37	  1.66	  0.00	   NaN
 65.00	4720.00	5660.00	 74.99	 64.96	-10.36	 -5.76	 10.45	  3.52	  0.00	   NaN
 70.00	4720.00	5660.00	 80.00	 69.96	 -5.93	 -6.66	 20.40	 -0.87	  0.00	   NaN
 75.00	4720.00	5660.00	 85.02	 74.98	-10.02	 -3.76	 31.24	  7.31	  0.00	   NaN
 80.00	4720.00	5660.00	 90.06	 80.01	  4.76	 -6.87	 40.79	  6.09	  0.00	   NaN
 10.00	6660.00	8000.00	 20.13	 10.67	-13.23	-13.16	  3.34	  3.87	  0.00	   NaN
 15.00	6660.00	8000.00	 25.01	 15.24	 -6.91	-11.00	  4.18	  5.26	  0.00	   NaN
 20.00	6660.00	8000.00	 29.98	 19.84	 -8.40	-12.71	  3.32	  3.86	  0.00	   NaN
 25.00	6660.00	8000.00	 35.01	 24.90	-12.29	-12.44	 -2.37	  0.69	  0.00	   NaN
 30.00	6660.00	8000.00	 40.00	 29.96	-11.69	-11.38	 -2.11	 -0.79	  0.00	   NaN
 35.00	6660.00	8000.00	 45.01	 34.94	 -8.96	-13.21	 -5.01	 -0.49	  0.00	   NaN
 40.00	6660.00	8000.00	 50.00	 39.97	-10.08	 -9.67	  2.55	  1.38	  0.00	   NaN
 45.00	6660.00	8000.00	 55.01	 44.97	-10.28	-12.40	  0.95	  1.02	  0.00	   NaN
 50.00	6660.00	8000.00	 60.00	 49.96	-10.32	-14.09	 -1.08	 -0.14	  0.00	   NaN
 55.00	6660.00	8000.00	 65.01	 54.97	-11.73	-12.51	 -3.00	 -4.41	  0.00	   NaN
 60.00	6660.00	8000.00	 70.00	 59.97	 -9.69	-12.33	  2.43	  1.78	  0.00	   NaN
 65.00	6660.00	8000.00	 75.00	 64.97	 -8.28	-12.58	  5.17	  2.38	  0.00	   NaN
 70.00	6660.00	8000.00	 80.00	 69.97	 -8.27	-12.25	 10.12	  2.09	  0.00	   NaN
 75.00	6660.00	8000.00	 84.99	 74.98	 -9.71	-14.29	 20.00	 -0.56	  0.00	   NaN
 80.00	6660.00	8000.00	 89.97	 80.01	-10.15	-11.71	 30.12	  2.62	  0.00	   NaN
 10.00	9440.00	11320.00	 20.26	  9.91	 -5.14	 -7.48	  1.68	  1.77	  0.00	   NaN
 15.00	9440.00	11320.00	 25.03	 15.19	 -7.30	 -6.46	  3.71	  4.29	  0.00	   NaN
 20.00	9440.00	11320.00	 30.01	 20.09	 -9.59	 -4.53	 -3.47	 -2.49	  0.00	   NaN
 25.00	9440.00	11320.00	 35.00	 24.95	 -7.06	 -8.60	 -0.98	  0.34	  0.00	   NaN
 30.00	9440.00	11320.00	 39.98	 30.00	 -6.16	 -7.89	 -3.36	 -3.46	  0.00	   NaN
 35.00	9440.00	11320.00	 44.99	 34.97	 -3.09	 -4.19	  2.74	  2.55	  0.00	   NaN
 40.00	9440.00	11320.00	 49.98	 40.00	 -5.95	 -8.55	  0.03	 -1.14	  0.00	   NaN
 45.00	9440.00	11320.00	 54.99	 44.99	 -9.04	 -9.14	 -6.46	 -5.39	  0.00	   NaN
 50.00	9440.00	11320.00	 59.99	 49.98	 -9.15	 -6.42	  0.07	 -0.54	  0.00	   NaN
 55.00	9440.00	11320.00	 64.99	 54.99	 -6.62	 -5.75	  5.86	  3.66	  0.00	   NaN
 60.00	9440.00	11320.00	 70.00	 59.99	 -8.00	 -7.59	 -3.14	 -2.62	  0.00	   NaN
 65.00	9440.00	11320.00	 75.01	 64.98	 -8.06	 -8.49	  1.08	 -0.88	  0.00	   NaN
 70.00	9440.00	11320.00	 80.03	 69.99	 -9.93	 -8.17	 11.47	 -5.18	  0.00	   NaN
 75.00	9440.00	11320.00	 85.07	 74.99	 -7.50	 -7.41	 20.83	 -4.46	  0.00	   NaN
 80.00	9440.00	11320.00	 90.13	 80.02	  0.24	 -6.12	 31.02	  1.30	  0.00	   NaN
 10.00	13340.00	16000.00	 20.00	 10.39	 -6.11	 -7.33	 -1.37	 -5.62	  0.00	   NaN
 15.00	13340.00	16000.00	 25.17	 14.28	 -9.33	 -7.19	 -2.64	 -3.54	  0.00	   NaN
 20.00	13340.00	16000.00	 29.95	 20.24	 -8.28	 -7.71	 -4.57	 -3.73	  0.00	   NaN
 25.00	13340.00	16000.00	 34.98	 24.99	 -7.26	 -7.36	 -2.80	 -2.27	  0.00	   NaN
 30.00	13340.00	16000.00	 39.90	 29.85	 -7.36	 -6.36	 -7.19	 -3.40	  0.00	   NaN
 35.00	13340.00	16000.00	 44.91	 35.01	 -7.43	 -9.81	 -6.97	 -5.75	  0.00	   NaN
 40.00	13340.00	16000.00	 49.93	 40.02	 -5.25	 -8.84	 -1.62	 -2.96	  0.00	   NaN
 45.00	13340.00	16000.00	 54.93	 44.96	 -8.45	 -8.58	 -6.74	 -5.82	  0.00	   NaN
 50.00	13340.00	16000.00	 59.92	 49.98	 -7.67	 -8.34	 -0.90	 -2.53	  0.00	   NaN
 55.00	13340.00	16000.00	 64.93	 54.99	 -4.69	 -7.00	 -8.17	 -5.85	  0.00	   NaN
 60.00	13340.00	16000.00	 69.94	 60.01	 -8.09	 -7.41	 -4.12	 -2.22	  0.00	   NaN
 65.00	13340.00	16000.00	 74.95	 65.00	-11.20	-10.96	 -8.66	 -7.18	  0.00	   NaN
 70.00	13340.00	16000.00	 79.98	 70.00	 -5.79	 -9.51	 -0.73	 -2.30	  0.00	   NaN
 75.00	13340.00	16000.00	 85.02	 75.01	-14.28	 -9.20	  5.42	 -1.59	  0.00	   NaN
 80.00	13340.00	16000.00	 90.08	 80.01	 -8.88	 -8.36	 15.74	 -3.93	  0.00	   NaN
 10.00	18880.00	22640.00	 19.60	  9.54	  0.66	  2.50	 -0.42	 -7.38	  0.00	   NaN
 15.00	18880.00	22640.00	 25.07	 14.77	  3.53	 -0.06	 -2.53	 -9.20	  0.00	   NaN
 20.00	18880.00	22640.00	 29.85	 20.02	  2.93	  2.29	 -1.09	 -7.16	  0.00	   NaN
 25.00	18880.00	22640.00	 35.00	 24.92	  2.18	  3.16	 -0.99	 -9.96	  0.00	   NaN
 30.00	18880.00	22640.00	 39.98	 30.21	  0.69	  2.62	 -0.45	 -7.31	  0.00	   NaN
 35.00	18880.00	22640.00	 44.98	 34.88	 -3.00	 -0.30	 -0.43	 -7.57	  0.00	   NaN
 40.00	18880.00	22640.00	 49.99	 40.00	  2.71	  1.35	  0.33	 -9.30	  0.00	   NaN
 45.00	18880.00	22640.00	 54.99	 44.95	  4.55	  1.83	 -0.58	 -9.22	  0.00	   NaN
 50.00	18880.00	22640.00	 59.99	 49.97	  0.21	  2.25	 -3.31	 -8.95	  0.00	   NaN
 55.00	18880.00	22640.00	 65.00	 54.99	  3.70	  1.90	 -2.66	 -6.90	  0.00	   NaN
 60.00	18880.00	22640.00	 70.00	 59.99	 -2.84	 -0.17	 -0.47	 -9.93	  0.00	   NaN
 65.00	18880.00	22640.00	 75.00	 64.98	  3.29	  1.37	 -1.87	-12.54	  0.00	   NaN
 70.00	18880.00	22640.00	 80.00	 69.99	  3.58	  1.13	 -0.09	 -8.88	  0.00	   NaN
 75.00	18880.00	22640.00	 85.00	 74.99	  3.95	  1.21	  1.32	 -8.78	  0.00	   NaN
 80.00	18880.00	22640.00	 90.02	 80.00	 -2.52	  2.05	 11.86	 -7.52	  0.00	   NaN
 10.00	26660.00	32000.00	 20.01	 10.76	 -4.58	 -0.86	-12.33	-15.80	  0.00	   NaN
 15.00	26660.00	32000.00	 25.01	 15.13	 -3.75	 -3.02	-10.67	-13.08	  0.00	   NaN
 20.00	26660.00	32000.00	 29.99	 19.91	 -1.85	 -2.31	 -9.68	-13.78	  0.00	   NaN
 25.00	26660.00	32000.00	 34.97	 24.87	 -2.61	 -1.33	-15.98	-11.19	  0.00	   NaN
 30.00	26660.00	32000.00	 39.97	 30.04	 -7.11	 -2.32	 -9.87	-10.07	  0.00	   NaN
 35.00	26660.00	32000.00	 45.00	 34.96	 -1.66	 -2.50	-11.13	-11.74	  0.00	   NaN
 40.00	26660.00	32000.00	 50.00	 40.01	 -9.27	 -1.86	 -9.80	-11.46	  0.00	   NaN
 45.00	26660.00	32000.00	 55.00	 45.01	 -5.98	 -3.06	-11.07	-12.75	  0.00	   NaN
 50.00	26660.00	32000.00	 59.99	 49.99	 -2.65	 -2.79	-12.58	-12.57	  0.00	   NaN
 55.00	26660.00	32000.00	 64.98	 55.00	 -3.11	 -2.90	-12.82	-13.05	  0.00	   NaN
 60.00	26660.00	32000.00	 69.98	 60.00	 -3.67	 -2.32	-12.56	-12.51	  0.00	   NaN
 65.00	26660.00	32000.00	 74.99	 65.01	 -7.75	 -1.17	 -7.18	-13.55	  0.00	   NaN
 70.00	26660.00	32000.00	 80.01	 70.03	 -0.08	 -4.26	 -4.63	-12.21	  0.00	   NaN
 75.00	26660.00	32000.00	 85.04	 74.97	 -1.12	 -1.72	  2.81	-11.19	  0.00	   NaN
 80.00	26660.00	32000.00	 90.04	 79.99	 -0.88	 -4.06	 14.19	-13.71	  0.00	   NaN
 10.00	37700.00	45240.00	 20.26	 10.58	-11.82	 -6.11	 -7.10	 -6.49	  0.00	   NaN
 15.00	37700.00	45240.00	 24.76	 15.45	 -3.46	 -3.05	 -7.53	 -5.74	  0.00	   NaN
 20.00	37700.00	45240.00	 29.94	 21.15	 -9.95	 -2.61	 -9.38	 -8.36	  0.00	   NaN
 25.00	37700.00	45240.00	 34.96	 25.22	 -6.92	 -5.89	 -9.41	 -6.69	  0.00	   NaN
 30.00	37700.00	45240.00	 40.01	 30.64	 -9.17	 -8.98	 -5.78	 -7.06	  0.00	   NaN
 35.00	37700.00	45240.00	 45.00	 35.15	 -7.40	 -6.72	 -4.56	-10.07	  0.00	   NaN
 40.00	37700.00	45240.00	 49.99	 39.95	 -5.98	 -5.50	 -6.61	 -8.48	  0.00	   NaN
 45.00	37700.00	45240.00	 54.99	 44.93	 -2.70	 -6.68	 -5.82	 -9.46	  0.00	   NaN
 50.00	37700.00	45240.00	 59.99	 49.98	 -4.53	 -7.22	 -6.22	 -8.49	  0.00	   NaN
 55.00	37700.00	45240.00	 64.99	 54.97	 -9.57	 -6.50	-11.07	 -5.71	  0.00	   NaN
 60.00	37700.00	45240.00	 70.00	 60.00	 -2.09	 -6.49	 -7.34	 -7.56	  0.00	   NaN
 65.00	37700.00	45240.00	 74.98	 64.96	 -7.28	 -6.49	-10.32	 -7.74	  0.00	   NaN
 70.00	37700.00	45240.00	 79.98	 69.98	 -9.42	 -6.70	 -7.02	 -7.90	  0.00	   NaN
 75.00	37700.00	45240.00	 85.00	 74.99	 -2.01	 -5.98	 -6.66	 -7.63	  0.00	   NaN
 80.00	37700.00	45240.00	 90.01	 80.00	 -5.99	 -7.47	 -4.29	 -8.80	  0.00	   NaN
