:RUN-1	DP I-O	11:32 AM	TEMP: NaN	HR: NaN
Level Step Size:5.00	Start dB SPL: 10	Stop dB SPL: 80	# Buffers Averaged: 8.00	Update Interval:5	Ear:Right	Etymotics Gain:40	Ipsi Driver:Starship	
:NOTES-
:CHAMBER-
:CFTS Version: V2.30.1 (R2128)
:dB	f1(Hz)	f2(Hz)	f1(dB)	f2(dB)	2f1-f2(dB)	2f1-f2Nse(dB)	f2-f1(dB)	f2-f1Nse(dB)	2f1-f2Phase Shox (1)	PostexposureTime(min)
:DATA
 10.00	4720.00	5660.00	 19.80	 10.30	 -2.75	 -1.98	  8.19	  8.18	  0.00	   NaN
 15.00	4720.00	5660.00	 24.99	 14.71	 -5.29	 -1.20	  8.07	  8.20	  0.00	   NaN
 20.00	4720.00	5660.00	 30.06	 19.75	-12.61	 -3.03	  3.29	  3.88	  0.00	   NaN
 25.00	4720.00	5660.00	 35.01	 24.96	 -7.44	 -1.28	  4.29	  4.44	  0.00	   NaN
 30.00	4720.00	5660.00	 39.98	 29.93	 -6.98	 -1.30	  5.81	  5.97	  0.00	   NaN
 35.00	4720.00	5660.00	 45.00	 34.95	 -8.81	 -1.88	  2.54	  3.43	  0.00	   NaN
 40.00	4720.00	5660.00	 49.99	 39.94	 -9.06	 -2.21	 -0.97	 -2.10	  0.00	   NaN
 45.00	4720.00	5660.00	 54.98	 44.96	 -6.29	 -2.48	  1.13	  3.34	  0.00	   NaN
 50.00	4720.00	5660.00	 59.98	 49.96	 -9.60	 -2.79	  5.30	  4.91	  0.00	   NaN
 55.00	4720.00	5660.00	 64.98	 54.96	-11.75	 -2.18	  2.16	  2.54	  0.00	   NaN
 60.00	4720.00	5660.00	 69.99	 59.96	 -6.23	 -3.77	  4.78	  3.90	  0.00	   NaN
 65.00	4720.00	5660.00	 74.98	 64.96	 -8.23	 -3.00	 12.21	  4.83	  0.00	   NaN
 70.00	4720.00	5660.00	 79.99	 69.96	 -7.73	 -2.41	 21.44	  2.74	  0.00	   NaN
 75.00	4720.00	5660.00	 85.00	 74.98	 -4.65	 -0.14	 31.14	  7.58	  0.00	   NaN
 80.00	4720.00	5660.00	 90.03	 80.01	  5.72	 -1.71	 40.98	  6.14	  0.00	   NaN
 10.00	6660.00	8000.00	 19.94	 10.49	 -7.89	-13.83	 -5.57	 -3.62	  0.00	   NaN
 15.00	6660.00	8000.00	 25.04	 14.70	 -5.60	-12.90	  0.56	  1.06	  0.00	   NaN
 20.00	6660.00	8000.00	 30.06	 20.05	 -4.65	-10.95	  1.98	 -0.73	  0.00	   NaN
 25.00	6660.00	8000.00	 35.03	 25.03	 -7.26	-11.80	 -1.88	  1.53	  0.00	   NaN
 30.00	6660.00	8000.00	 40.01	 29.92	 -7.23	-10.14	  4.04	  3.08	  0.00	   NaN
 35.00	6660.00	8000.00	 45.01	 34.92	 -4.79	-12.29	  1.13	  1.57	  0.00	   NaN
 40.00	6660.00	8000.00	 50.02	 39.92	 -6.20	-10.97	 -1.70	 -2.65	  0.00	   NaN
 45.00	6660.00	8000.00	 55.01	 44.92	 -7.36	-12.38	 -0.29	 -0.44	  0.00	   NaN
 50.00	6660.00	8000.00	 60.02	 49.90	 -4.35	 -9.28	  8.47	  7.42	  0.00	   NaN
 55.00	6660.00	8000.00	 65.02	 54.91	 -9.82	-15.12	  0.72	  0.47	  0.00	   NaN
 60.00	6660.00	8000.00	 70.02	 59.94	 -4.92	-10.39	  3.34	  5.08	  0.00	   NaN
 65.00	6660.00	8000.00	 75.03	 64.91	 -4.78	-12.67	  1.38	 -0.23	  0.00	   NaN
 70.00	6660.00	8000.00	 80.03	 69.91	 -8.55	-15.07	 10.79	 -3.42	  0.00	   NaN
 75.00	6660.00	8000.00	 85.03	 74.92	 -3.39	-12.66	 20.58	  1.96	  0.00	   NaN
 80.00	6660.00	8000.00	 90.04	 79.93	 -8.86	-12.30	 30.37	  0.08	  0.00	   NaN
 10.00	9440.00	11320.00	 19.83	 10.37	 -6.96	 -6.43	 -0.11	 -0.07	  0.00	   NaN
 15.00	9440.00	11320.00	 25.14	 15.05	-11.76	 -9.18	 -3.98	 -5.19	  0.00	   NaN
 20.00	9440.00	11320.00	 29.93	 19.87	-12.70	 -8.48	 -5.50	 -4.29	  0.00	   NaN
 25.00	9440.00	11320.00	 35.00	 25.09	 -7.91	 -7.99	 -2.99	 -3.39	  0.00	   NaN
 30.00	9440.00	11320.00	 39.99	 29.94	 -9.94	 -6.70	 -0.35	 -0.30	  0.00	   NaN
 35.00	9440.00	11320.00	 44.98	 34.98	 -6.58	 -7.60	 -1.69	 -0.71	  0.00	   NaN
 40.00	9440.00	11320.00	 49.97	 40.01	 -6.42	 -9.39	 -0.50	 -3.51	  0.00	   NaN
 45.00	9440.00	11320.00	 54.97	 44.99	 -5.48	 -6.94	 -4.22	 -7.27	  0.00	   NaN
 50.00	9440.00	11320.00	 59.97	 49.97	 -6.05	 -8.28	 -5.33	 -5.53	  0.00	   NaN
 55.00	9440.00	11320.00	 64.97	 54.98	 -6.96	 -8.04	 -4.93	 -1.59	  0.00	   NaN
 60.00	9440.00	11320.00	 69.97	 59.98	 -6.90	 -7.51	 -2.56	 -1.60	  0.00	   NaN
 65.00	9440.00	11320.00	 74.97	 64.98	 -5.84	 -5.86	  3.34	 -0.00	  0.00	   NaN
 70.00	9440.00	11320.00	 79.98	 69.98	 -5.79	 -8.73	 11.35	 -5.41	  0.00	   NaN
 75.00	9440.00	11320.00	 85.02	 74.98	 -9.05	 -6.47	 21.00	 -2.01	  0.00	   NaN
 80.00	9440.00	11320.00	 90.06	 80.00	 -4.70	 -5.83	 31.05	 -0.67	  0.00	   NaN
 10.00	13340.00	16000.00	 20.77	  9.93	-10.12	 -6.77	 -1.80	 -2.44	  0.00	   NaN
 15.00	13340.00	16000.00	 25.06	 15.24	 -8.03	 -7.92	 -9.68	 -5.74	  0.00	   NaN
 20.00	13340.00	16000.00	 30.02	 19.69	-11.11	-10.83	 -6.83	 -5.94	  0.00	   NaN
 25.00	13340.00	16000.00	 34.99	 24.64	-11.08	 -9.33	 -8.89	 -6.00	  0.00	   NaN
 30.00	13340.00	16000.00	 40.01	 30.07	-10.15	 -8.53	 -7.04	 -5.78	  0.00	   NaN
 35.00	13340.00	16000.00	 44.97	 34.91	 -6.97	-10.40	 -4.07	 -4.26	  0.00	   NaN
 40.00	13340.00	16000.00	 49.99	 40.00	 -7.04	 -8.13	 -4.59	 -4.02	  0.00	   NaN
 45.00	13340.00	16000.00	 55.00	 44.92	 -7.76	-11.99	 -6.94	 -5.84	  0.00	   NaN
 50.00	13340.00	16000.00	 59.99	 49.97	 -6.52	 -9.19	 -3.93	 -4.51	  0.00	   NaN
 55.00	13340.00	16000.00	 64.98	 54.99	-13.32	-11.17	 -3.98	 -1.88	  0.00	   NaN
 60.00	13340.00	16000.00	 69.98	 59.98	 -8.47	 -9.39	 -3.04	 -2.69	  0.00	   NaN
 65.00	13340.00	16000.00	 74.98	 64.99	-10.03	 -9.56	 -5.46	 -4.28	  0.00	   NaN
 70.00	13340.00	16000.00	 79.98	 69.98	 -5.32	 -8.59	 -7.44	 -5.04	  0.00	   NaN
 75.00	13340.00	16000.00	 85.03	 74.99	 -4.58	 -8.26	  5.74	 -4.75	  0.00	   NaN
 80.00	13340.00	16000.00	 90.08	 80.00	 -7.91	 -7.57	 15.97	 -9.59	  0.00	   NaN
 10.00	18880.00	22640.00	 20.19	  9.49	  2.65	  1.13	  5.58	 -8.11	  0.00	   NaN
 15.00	18880.00	22640.00	 24.97	 16.32	 -3.41	  1.17	  4.25	 -4.63	  0.00	   NaN
 20.00	18880.00	22640.00	 29.92	 20.22	  0.21	  0.92	  6.12	 -9.53	  0.00	   NaN
 25.00	18880.00	22640.00	 34.99	 25.22	 -4.19	 -0.80	  5.89	 -5.83	  0.00	   NaN
 30.00	18880.00	22640.00	 40.01	 30.05	  0.26	 -0.78	  5.70	 -9.04	  0.00	   NaN
 35.00	18880.00	22640.00	 45.01	 35.05	  4.34	 -0.61	  6.12	-11.86	  0.00	   NaN
 40.00	18880.00	22640.00	 49.99	 39.96	 -0.82	 -0.64	  5.33	 -9.55	  0.00	   NaN
 45.00	18880.00	22640.00	 55.00	 45.02	 -1.66	  0.05	  6.45	-10.71	  0.00	   NaN
 50.00	18880.00	22640.00	 60.00	 50.00	 -3.67	  1.19	  6.05	 -9.35	  0.00	   NaN
 55.00	18880.00	22640.00	 64.99	 54.99	 -0.78	  1.52	  6.34	 -6.08	  0.00	   NaN
 60.00	18880.00	22640.00	 70.00	 60.00	  1.56	  1.37	  5.34	 -9.19	  0.00	   NaN
 65.00	18880.00	22640.00	 75.00	 65.00	 -1.37	 -0.64	  6.06	-10.94	  0.00	   NaN
 70.00	18880.00	22640.00	 80.00	 70.01	 -1.41	 -1.10	  4.02	-10.43	  0.00	   NaN
 75.00	18880.00	22640.00	 85.00	 75.00	 -1.11	  2.03	  6.42	 -7.92	  0.00	   NaN
 80.00	18880.00	22640.00	 90.01	 80.00	 -0.20	 -0.20	 15.07	 -8.55	  0.00	   NaN
 10.00	26660.00	32000.00	 19.95	  9.30	 -5.63	 -5.01	 -9.86	-11.97	  0.00	   NaN
 15.00	26660.00	32000.00	 25.01	 14.90	 -2.88	 -4.28	 -9.37	 -9.73	  0.00	   NaN
 20.00	26660.00	32000.00	 29.96	 20.37	 -1.38	 -0.29	 -9.01	-11.58	  0.00	   NaN
 25.00	26660.00	32000.00	 35.03	 25.05	 -6.58	 -1.55	-11.24	-10.85	  0.00	   NaN
 30.00	26660.00	32000.00	 40.00	 30.03	 -0.43	 -0.99	-12.97	 -9.51	  0.00	   NaN
 35.00	26660.00	32000.00	 45.00	 35.07	 -5.87	 -4.48	 -7.10	-10.71	  0.00	   NaN
 40.00	26660.00	32000.00	 50.00	 40.00	  0.58	 -3.24	 -9.39	-10.47	  0.00	   NaN
 45.00	26660.00	32000.00	 55.00	 45.00	 -2.72	 -1.69	 -7.75	 -9.59	  0.00	   NaN
 50.00	26660.00	32000.00	 60.00	 50.00	  1.23	 -0.18	 -9.49	-10.20	  0.00	   NaN
 55.00	26660.00	32000.00	 65.00	 55.00	  1.49	 -0.35	 -9.54	 -8.75	  0.00	   NaN
 60.00	26660.00	32000.00	 70.00	 60.00	 -1.38	  0.38	 -7.53	 -9.59	  0.00	   NaN
 65.00	26660.00	32000.00	 75.00	 65.00	 -4.85	 -1.67	-10.42	 -8.36	  0.00	   NaN
 70.00	26660.00	32000.00	 80.00	 70.00	 -6.25	 -2.35	 -7.87	 -9.99	  0.00	   NaN
 75.00	26660.00	32000.00	 85.00	 75.00	 -1.03	 -0.45	  5.18	-10.60	  0.00	   NaN
 80.00	26660.00	32000.00	 90.01	 80.00	 -4.77	 -3.64	 14.07	 -8.23	  0.00	   NaN
 10.00	37700.00	45240.00	 20.72	 15.61	 -5.80	 -6.82	 -7.00	 -7.36	  0.00	   NaN
 15.00	37700.00	45240.00	 24.91	 16.47	 -4.54	 -8.20	 -6.07	 -7.72	  0.00	   NaN
 20.00	37700.00	45240.00	 30.02	 20.47	 -7.63	 -8.78	 -8.84	 -9.63	  0.00	   NaN
 25.00	37700.00	45240.00	 34.84	 25.30	 -6.20	 -3.67	 -8.35	 -7.34	  0.00	   NaN
 30.00	37700.00	45240.00	 39.94	 30.37	 -9.74	 -7.80	-10.34	 -7.17	  0.00	   NaN
 35.00	37700.00	45240.00	 44.96	 34.81	 -0.71	 -6.82	 -5.99	 -3.28	  0.00	   NaN
 40.00	37700.00	45240.00	 49.99	 40.01	 -4.84	 -6.24	 -2.87	 -5.54	  0.00	   NaN
 45.00	37700.00	45240.00	 55.01	 45.01	-10.72	 -7.14	-10.64	 -7.58	  0.00	   NaN
 50.00	37700.00	45240.00	 59.99	 49.97	 -7.68	 -6.69	 -5.50	 -8.71	  0.00	   NaN
 55.00	37700.00	45240.00	 64.99	 55.07	-15.22	 -7.53	 -8.18	 -7.25	  0.00	   NaN
 60.00	37700.00	45240.00	 69.99	 60.04	-10.54	 -7.41	-12.03	 -9.72	  0.00	   NaN
 65.00	37700.00	45240.00	 74.99	 65.04	 -6.13	 -6.89	 -7.24	 -5.84	  0.00	   NaN
 70.00	37700.00	45240.00	 80.00	 70.01	 -5.05	 -6.67	 -9.22	 -8.25	  0.00	   NaN
 75.00	37700.00	45240.00	 84.99	 75.01	 -3.03	 -3.98	 -2.81	 -7.11	  0.00	   NaN
 80.00	37700.00	45240.00	 89.99	 80.05	 -3.79	 -6.72	 -2.61	 -9.42	  0.00	   NaN
