:RUN-1	LEVEL SWEEP	TEMP:NaN	8/27/2019	2:48 PM	HR:-636.36:SW EAR: R	SW FREQ: 5.66	# AVERAGES: 512	REP RATE (/sec): 80	DRIVER: 	SAMPLE (µsec): 40	MASKER dB: 2147483647:NOTES-:CHAMBER-SEWELL-PXI1:CFTS Version: V2.7.2 (R850):LEVELS:20;30;40;50;60;70;80;:DATA -0.036213	 -0.053603	 -0.024463	 -0.037827	 -0.001345	  0.005295	 -0.018758
 -0.038303	 -0.058322	 -0.012426	 -0.004758	  0.012276	 -0.005665	 -0.036560
 -0.032190	 -0.029973	 -0.018191	  0.040158	  0.001665	 -0.017955	 -0.044700
  0.000436	 -0.009732	 -0.023291	  0.011587	  0.016742	 -0.042884	 -0.000355
  0.021563	 -0.007420	 -0.040649	 -0.028546	 -0.005304	 -0.040255	  0.003826
  0.046396	 -0.021230	 -0.031115	 -0.049990	  0.013036	 -0.041870	 -0.013627
  0.015291	 -0.007325	 -0.016481	 -0.021641	  0.022982	 -0.056061	 -0.024270
  0.018459	 -0.014452	  0.030779	  0.008071	  0.042874	 -0.042630	 -0.033741
  0.027043	 -0.008560	  0.044019	 -0.004789	  0.026023	 -0.002561	 -0.061995
  0.029608	  0.034645	  0.045318	 -0.008590	  0.047340	  0.001050	 -0.045809
  0.015291	  0.043546	 -0.001245	 -0.024966	  0.042557	  0.002475	 -0.007165
  0.013898	  0.021975	 -0.033110	 -0.028356	  0.046327	 -0.008389	  0.016021
 -0.012615	 -0.002162	 -0.014960	  0.002718	  0.005022	 -0.005475	  0.034995
 -0.007293	 -0.004981	 -0.005869	  0.030339	 -0.005431	 -0.000122	  0.033094
  0.006169	 -0.007198	  0.023145	  0.034710	  0.000936	  0.027847	  0.040190
 -0.012488	  0.023115	  0.043956	  0.027361	 -0.017594	  0.063482	  0.039746
 -0.012425	  0.031161	  0.006009	  0.004903	 -0.055224	  0.081790	  0.024542
 -0.005393	  0.028912	  0.015670	  0.006709	 -0.094565	  0.079415	  0.033348
 -0.017841	  0.017287	  0.012249	  0.020456	 -0.060989	  0.011535	  0.032271
 -0.019393	  0.024319	  0.000656	  0.022451	 -0.037328	 -0.009023	  0.028945
  0.007246	  0.037211	 -0.039319	 -0.000925	 -0.047717	 -0.005000	  0.015293
  0.045003	  0.015196	 -0.035454	 -0.023636	 -0.019305	  0.000733	  0.031067
  0.072180	  0.019061	 -0.065451	 -0.043782	  0.002361	 -0.022200	  0.049344
  0.105534	  0.018681	 -0.059084	 -0.035039	 -0.011988	 -0.001041	  0.035375
  0.115512	  0.024255	 -0.068048	 -0.012296	 -0.022535	 -0.015199	  0.047570
  0.092262	  0.034645	 -0.035264	 -0.007292	 -0.018228	 -0.035788	  0.090933
  0.055234	  0.037116	 -0.039002	 -0.016192	 -0.023897	 -0.038291	  0.109210
  0.074746	  0.048645	 -0.030354	 -0.008717	 -0.051803	  0.005453	  0.071105
  0.075664	  0.080891	 -0.021992	 -0.004314	 -0.023644	 -0.008579	  0.070883
  0.078103	  0.097805	 -0.016671	 -0.025663	 -0.001186	  0.049165	  0.062141
  0.059035	  0.029704	 -0.006123	 -0.028356	 -0.009168	  0.050273	  0.038321
  0.066289	  0.032206	  0.005534	 -0.054741	  0.019624	  0.053979	  0.016401
  0.067017	  0.020803	  0.009715	 -0.051099	  0.022729	  0.051731	  0.002591
  0.108638	  0.012250	  0.031983	 -0.051542	  0.006099	  0.049925	  0.026506
  0.078864	  0.026853	  0.039490	 -0.058954	 -0.002770	  0.080017	  0.054570
  0.056406	  0.013771	  0.048739	 -0.034501	 -0.025956	  0.096868	  0.094671
  0.033790	  0.006486	  0.088871	 -0.023985	  0.028272	  0.106054	  0.104364
  0.048139	  0.008133	  0.100971	 -0.028768	  0.034797	  0.115525	  0.117889
  0.039238	  0.013201	  0.047630	 -0.026107	  0.020860	  0.103393	  0.143831
  0.037147	  0.010603	  0.025299	  0.013709	  0.055734	  0.083469	  0.130528
  0.059098	  0.032776	  0.006991	  0.006614	  0.082500	  0.107701	  0.110192
  0.084533	 -0.002637	 -0.020725	  0.037497	  0.101030	  0.118375	  0.083902
  0.089633	 -0.017873	 -0.033522	  0.036800	  0.104641	  0.090628	  0.080354
  0.081398	 -0.024841	 -0.024685	  0.052448	  0.141226	  0.071433	  0.048172
  0.069139	 -0.005076	 -0.000390	  0.042217	  0.157634	  0.076849	  0.006962
  0.040030	 -0.006090	  0.028308	  0.065973	  0.124375	  0.066174	  0.011619
  0.038288	 -0.015972	  0.011077	  0.082888	  0.092446	  0.037920	 -0.020374
  0.088018	 -0.009796	 -0.011381	  0.057896	  0.059947	  0.007037	 -0.049325
  0.093308	 -0.048408	 -0.006281	  0.068191	  0.042937	 -0.016815	 -0.047456
  0.086624	 -0.052779	  0.008701	  0.100119	  0.030046	 -0.045133	 -0.086290
  0.106168	 -0.057879	  0.018616	  0.102337	 -0.006444	 -0.080957	 -0.095761
  0.083298	 -0.083441	  0.013294	  0.088336	 -0.002675	 -0.130593	 -0.120119
  0.038889	 -0.088287	 -0.004729	  0.055394	 -0.009232	 -0.107818	 -0.106657
  0.032143	 -0.071753	 -0.010019	  0.017954	 -0.016485	 -0.104460	 -0.088317
  0.022608	 -0.062345	 -0.020377	 -0.006310	 -0.034667	 -0.059070	 -0.078498
  0.032903	 -0.051765	 -0.019807	  0.001863	 -0.052785	 -0.081844	 -0.078624
  0.033916	 -0.029561	 -0.003240	 -0.021482	 -0.059912	 -0.079722	 -0.052936
  0.024382	 -0.009415	  0.010633	 -0.012265	 -0.040210	 -0.062554	 -0.045365
  0.014436	 -0.010271	  0.008511	 -0.000608	 -0.007680	 -0.015611	 -0.021862
 -0.005995	 -0.000230	  0.037874	  0.005378	  0.015380	 -0.023150	  0.020614
  0.027328	  0.003318	  0.026756	  0.017922	  0.004800	  0.026834	  0.039334
  0.055836	 -0.003175	 -0.031178	  0.011840	  0.000968	  0.073840	  0.029768
  0.082221	 -0.037797	 -0.006408	 -0.000862	  0.000461	  0.071908	  0.040950
  0.050673	 -0.033425	 -0.005901	  0.014374	  0.040879	  0.065668	  0.055964
  0.053112	 -0.018760	 -0.020598	  0.006962	  0.045662	  0.070989	  0.034203
  0.071230	 -0.044448	 -0.041726	  0.033950	  0.041797	  0.076342	  0.045384
  0.053238	 -0.023163	 -0.028042	  0.020773	  0.065554	  0.084895	  0.062901
  0.052193	  0.007119	 -0.002734	  0.009306	  0.068246	  0.082804	  0.033031
  0.033283	  0.006422	  0.004932	  0.042027	  0.045123	  0.086732	  0.005062
  0.038002	  0.000626	 -0.020884	  0.041362	  0.066124	  0.060853	  0.003066
  0.030147	  0.008481	  0.006959	  0.026189	  0.055132	  0.051129	 -0.005550
  0.008354	  0.022893	  0.004964	  0.034583	  0.036634	  0.052174	 -0.020785
  0.005662	  0.018871	  0.009113	  0.040918	  0.024154	  0.059364	 -0.029813
  0.007816	  0.036640	  0.013643	  0.032778	  0.032548	  0.076469	 -0.018346
  0.071610	  0.038224	  0.038983	 -0.015115	  0.022222	  0.097596	 -0.029559
  0.106073	 -0.000958	  0.076962	  0.005410	  0.007683	  0.092117	 -0.048153
  0.114720	  0.007436	  0.045825	  0.032334	 -0.017087	  0.087840	 -0.067950
  0.107783	  0.011142	  0.070436	  0.009655	  0.049304	  0.089139	 -0.058131
  0.101892	 -0.022656	  0.056911	  0.027298	  0.050413	  0.082519	 -0.047108
  0.105027	 -0.030701	  0.044779	  0.005537	  0.041670	  0.041183	 -0.014799
  0.051021	 -0.051860	  0.026788	 -0.002224	  0.066504	  0.018883	  0.029895
 -0.010239	 -0.018095	  0.002746	 -0.022432	  0.053390	 -0.012412	  0.018650
 -0.006153	  0.020581	 -0.008752	 -0.031523	  0.002235	 -0.014629	 -0.007735
  0.008291	  0.024097	  0.002651	 -0.007893	 -0.003435	 -0.012792	 -0.046347
  0.039935	  0.027233	  0.011425	 -0.019170	 -0.012716	 -0.018335	 -0.110205
  0.064483	  0.023463	 -0.002068	 -0.000260	 -0.027318	 -0.052355	 -0.145776
  0.052605	  0.028627	 -0.009512	 -0.007450	 -0.056555	 -0.109307	 -0.183311
  0.048930	  0.043324	  0.010665	 -0.032759	 -0.090257	 -0.146113	 -0.191230
  0.081018	 -0.005044	  0.015860	 -0.048628	 -0.083447	 -0.156250	 -0.217932
  0.090774	 -0.008655	  0.021276	 -0.051067	 -0.073343	 -0.122484	 -0.201683
  0.072117	 -0.026330	  0.028720	 -0.021134	 -0.063587	 -0.119570	 -0.166999
  0.063343	 -0.023986	  0.043702	 -0.025252	 -0.026431	 -0.115642	 -0.151193
  0.064705	 -0.017524	  0.034168	 -0.016826	 -0.038626	 -0.076396	 -0.156704
  0.028500	 -0.030416	  0.015733	 -0.014514	 -0.013888	 -0.097143	 -0.126232
  0.027518	 -0.028484	  0.033598	 -0.007228	 -0.013508	 -0.096985	 -0.125472
  0.029197	 -0.010334	  0.056974	 -0.025632	 -0.036979	 -0.104650	 -0.121164
  0.017920	 -0.004347	  0.031507	 -0.027437	 -0.045880	 -0.088686	 -0.131712
  0.030685	 -0.041693	  0.023589	 -0.020722	 -0.054274	 -0.093121	 -0.124395
  0.033124	 -0.021484	 -0.012838	 -0.023288	 -0.047812	 -0.108388	 -0.098422
  0.002748	 -0.019045	 -0.054143	 -0.020215	 -0.038436	 -0.092709	 -0.081032
 -0.006121	 -0.036751	 -0.028549	 -0.033962	 -0.055763	 -0.081084	 -0.067095
  0.024731	 -0.078626	 -0.017368	 -0.026899	 -0.103054	 -0.088559	 -0.032062
  0.013866	 -0.068237	  0.003285	 -0.032537	 -0.112937	 -0.093532	 -0.043813
  0.011300	 -0.059051	  0.025648	 -0.017079	 -0.083764	 -0.089700	 -0.071909
  0.033853	 -0.070454	  0.018837	 -0.011283	 -0.092633	 -0.061762	 -0.079891
  0.052510	 -0.082237	  0.034548	 -0.020912	 -0.083447	 -0.043580	 -0.056578
  0.035754	 -0.087590	  0.069486	 -0.013247	 -0.084777	 -0.028408	 -0.030351
  0.046175	 -0.076662	  0.045888	 -0.066271	 -0.063460	 -0.023562	 -0.034944
  0.059162	 -0.071056	  0.056784	 -0.051574	 -0.060324	 -0.016371	 -0.018885
  0.039301	 -0.065386	  0.072844	 -0.027596	 -0.038880	 -0.031956	 -0.019708
  0.014879	 -0.093545	  0.053680	  0.000279	 -0.041034	 -0.027679	 -0.018410
  0.020644	 -0.118727	  0.021213	 -0.025980	 -0.023454	 -0.051183	 -0.067095
  0.032618	 -0.130320	 -0.019173	 -0.029211	 -0.012273	 -0.042345	 -0.067475
  0.046460	 -0.116193	  0.007022	 -0.037732	  0.025294	 -0.010100	 -0.074412
  0.048582	 -0.074477	  0.055992	 -0.008337	  0.038756	  0.012041	 -0.076756
  0.046618	 -0.092088	  0.046585	 -0.010618	  0.013479	  0.007512	 -0.064244
  0.036134	 -0.094559	  0.029765	  0.002559	 -0.003657	  0.027436	 -0.062375
  0.008323	 -0.077359	  0.009303	 -0.012455	  0.001379	  0.033010	 -0.071783
 -0.003461	 -0.074128	  0.003221	  0.024162	 -0.013983	  0.026074	 -0.083027
 -0.009257	 -0.044385	 -0.006756	  0.006012	  0.000493	  0.029399	 -0.073271
  0.009875	 -0.046982	 -0.049740	  0.012347	 -0.003055	  0.011218	 -0.064972
  0.017667	 -0.031715	 -0.036278	  0.000405	  0.006352	 -0.002339	 -0.072828
  0.025902	 -0.064531	 -0.037260	  0.012727	  0.005972	 -0.002719	 -0.072384
  0.046333	 -0.089491	 -0.042328	  0.000564	 -0.028965	 -0.015389	 -0.076566
  0.077660	 -0.061838	 -0.053129	 -0.024871	 -0.055826	 -0.019444	 -0.064814
  0.099358	 -0.067730	 -0.056867	 -0.061171	 -0.069637	 -0.047350	 -0.053791
  0.095335	 -0.055947	 -0.014485	 -0.063040	 -0.131498	 -0.023942	 -0.052809
  0.058116	 -0.061268	 -0.008625	 -0.065194	 -0.127951	 -0.058373	 -0.083756
  0.012029	 -0.049611	 -0.037988	 -0.063800	 -0.103973	 -0.094451	 -0.077262
 -0.003809	 -0.000958	 -0.036848	 -0.045745	 -0.094027	 -0.138131	 -0.100924
  0.018300	  0.003698	 -0.048885	 -0.058479	 -0.064378	 -0.138638	 -0.115114
 -0.016416	  0.002684	 -0.033839	 -0.052302	 -0.035206	 -0.135185	 -0.098707
 -0.007578	 -0.011981	  0.003221	 -0.039157	 -0.069542	 -0.115420	 -0.091136
 -0.023194	 -0.002510	 -0.017431	 -0.060728	 -0.096846	 -0.094546	 -0.093195
 -0.038874	 -0.014737	 -0.019870	 -0.075013	 -0.079931	 -0.104175	 -0.098200
 -0.013217	 -0.003619	 -0.003779	 -0.096014	 -0.074926	 -0.118176	 -0.061140
 -0.010366	 -0.013312	  0.005914	 -0.089204	 -0.089972	 -0.095085	 -0.054234
  0.031541	 -0.024366	 -0.046192	 -0.087652	 -0.087470	 -0.126285	 -0.043053
  0.037401	 -0.016447	 -0.058989	 -0.082996	 -0.093963	 -0.102940	 -0.049578
 -0.000927	 -0.032982	 -0.052305	 -0.076280	 -0.092126	 -0.066260	 -0.032157
  0.000214	 -0.010366	 -0.043341	 -0.086417	 -0.056016	 -0.062174	 -0.049832
  0.018871	 -0.026425	 -0.026205	 -0.076154	 -0.025196	 -0.014724	 -0.037352
 -0.009637	  0.000531	 -0.023576	 -0.049768	 -0.036853	 -0.038132	 -0.029971
 -0.009986	 -0.008275	 -0.023228	 -0.042610	 -0.026463	 -0.060622	 -0.005486
  0.000024	  0.009621	 -0.015435	 -0.051225	 -0.022377	 -0.072880	  0.038638
  0.016368	  0.013771	 -0.037640	 -0.068267	 -0.051518	 -0.052830	  0.033284
  0.011173	 -0.012963	 -0.032920	 -0.044732	 -0.084746	 -0.062807	  0.014913
  0.010635	 -0.024873	 -0.010811	 -0.041153	 -0.122123	 -0.064518	  0.005537
 -0.010239	 -0.008972	  0.022037	 -0.029749	 -0.133082	 -0.076871	 -0.016414
 -0.016004	 -0.019552	  0.029829	 -0.026994	 -0.123801	 -0.082193	 -0.026455
 -0.016669	  0.002399	  0.009715	 -0.021894	 -0.102547	 -0.117954	 -0.049071
 -0.054141	 -0.010271	 -0.024526	 -0.031016	 -0.109959	 -0.166702	 -0.076407
 -0.095066	 -0.034249	 -0.074035	 -0.070484	 -0.128616	 -0.194608	 -0.131110
 -0.023796	 -0.041598	 -0.087877	 -0.048945	 -0.149427	 -0.206803	 -0.173144
 -0.007990	 -0.011791	 -0.090601	 -0.096363	 -0.147526	 -0.161318	 -0.203647
 -0.028801	 -0.004759	 -0.056645	 -0.101937	 -0.141761	 -0.119981	 -0.238490
 -0.024620	 -0.034819	 -0.104950	 -0.086892	 -0.141603	 -0.130751	 -0.250653
 -0.029149	 -0.073938	 -0.138842	 -0.092086	 -0.125924	 -0.126253	 -0.244223
 -0.027597	 -0.049960	 -0.133077	 -0.137636	 -0.084904	 -0.127077	 -0.224299
 -0.009099	 -0.041724	 -0.085691	 -0.123952	 -0.084302	 -0.111904	 -0.188760
 -0.013026	 -0.087558	 -0.068492	 -0.088000	 -0.115249	 -0.121375	 -0.144477
 -0.036213	 -0.086513	 -0.075618	 -0.064846	 -0.121141	 -0.101736	 -0.128798
 -0.019425	 -0.075459	 -0.068365	 -0.076122	 -0.094755	 -0.092519	 -0.146315
 -0.005741	 -0.090884	 -0.072894	 -0.090028	 -0.079424	 -0.077125	 -0.113404
  0.009621	 -0.074983	 -0.076569	 -0.079100	 -0.087755	 -0.055490	 -0.087874
  0.004268	 -0.076504	 -0.052812	 -0.089742	 -0.063713	 -0.053210	 -0.049230
 -0.017936	 -0.061521	 -0.008277	 -0.144889	 -0.065772	 -0.053020	 -0.008052
 -0.045525	 -0.026108	 -0.034472	 -0.159618	 -0.069637	 -0.029612	  0.024985
 -0.070422	 -0.033109	 -0.061270	 -0.133930	 -0.071569	  0.000987	  0.045036
 -0.048693	  0.000055	 -0.093705	 -0.126106	 -0.063650	  0.011883	  0.062616
 -0.009225	 -0.016542	 -0.057247	 -0.116318	 -0.091271	 -0.011810	  0.046968
  0.042880	 -0.037480	 -0.058229	 -0.132377	 -0.021775	 -0.035187	  0.044212
  0.051274	 -0.065576	 -0.048093	 -0.083978	  0.007334	 -0.026127	  0.029737
  0.022387	 -0.101116	 -0.067098	 -0.061298	  0.017629	 -0.010353	  0.024890
 -0.016637	 -0.121356	 -0.028327	 -0.082552	  0.016679	 -0.015453	  0.051213
 -0.018570	 -0.140108	 -0.043531	 -0.053253	  0.013606	 -0.043074	  0.025936
 -0.024049	 -0.138619	 -0.054396	 -0.054551	  0.025009	 -0.030087	  0.045606
 -0.062218	 -0.082110	 -0.050342	 -0.039664	 -0.025418	 -0.017322	  0.038511
 -0.069218	 -0.068838	 -0.061460	 -0.060379	 -0.037328	 -0.026159	  0.007691
 -0.066938	 -0.077264	 -0.066908	 -0.053918	 -0.052469	 -0.038988	 -0.020310
 -0.063073	 -0.053793	 -0.065039	 -0.042166	 -0.043156	 -0.052323	 -0.052619
 -0.053793	 -0.012773	 -0.052369	 -0.019550	 -0.044328	 -0.074876	 -0.063294
 -0.048313	 -0.015149	 -0.060351	 -0.044732	 -0.078727	 -0.080229	 -0.086448
 -0.053159	 -0.017873	 -0.071152	 -0.088887	 -0.121552	 -0.063979	 -0.086195
 -0.047711	 -0.009764	 -0.088384	 -0.091896	 -0.122851	 -0.046906	 -0.102381
 -0.028737	 -0.005076	 -0.095796	 -0.079543	 -0.118860	 -0.070885	 -0.146346
 -0.029783	 -0.006533	 -0.095447	 -0.067348	 -0.088547	 -0.098886	 -0.161139
 -0.047616	  0.004680	 -0.096904	 -0.086543	 -0.083352	 -0.108135	 -0.171338
 -0.026964	 -0.004221	 -0.069790	 -0.093892	 -0.062256	 -0.097333	 -0.155279
  0.000562	 -0.026647	 -0.059432	 -0.094652	 -0.084524	 -0.110827	 -0.141342
 -0.000990	 -0.052874	 -0.080275	 -0.092023	 -0.089434	 -0.109528	 -0.146188
 -0.019583	 -0.046666	 -0.080021	 -0.085593	 -0.092253	 -0.115642	 -0.123033
 -0.011348	 -0.046571	 -0.082112	 -0.034627	 -0.079488	 -0.112063	 -0.148057
 -0.000451	 -0.071246	 -0.094814	 -0.034342	 -0.048668	 -0.142629	 -0.167030
  0.014341	 -0.066209	 -0.100579	 -0.023193	 -0.062668	 -0.141394	 -0.169754
 -0.015719	 -0.049453	 -0.068175	 -0.034216	 -0.063618	 -0.101895	 -0.181949
 -0.030385	 -0.032063	 -0.067731	 -0.033297	 -0.074071	 -0.072817	 -0.186669
 -0.034502	 -0.052431	 -0.045305	 -0.051764	 -0.073723	 -0.079595	 -0.146251
 -0.059082	 -0.053539	 -0.013915	 -0.024491	 -0.082655	 -0.069428	 -0.134563
 -0.074223	 -0.048598	 -0.041472	 -0.035388	 -0.073754	 -0.097080	 -0.102571
 -0.087368	 -0.076757	 -0.071817	 -0.034057	 -0.071094	 -0.083967	 -0.115146
 -0.069947	 -0.077549	 -0.083569	 -0.036971	 -0.052754	 -0.105632	 -0.135133
 -0.097505	 -0.041629	 -0.115973	 -0.023351	 -0.079044	 -0.088401	 -0.124934
 -0.086957	 -0.039412	 -0.103461	 -0.017935	 -0.084841	 -0.091885	 -0.139473
 -0.090188	 -0.056485	 -0.077551	 -0.037573	 -0.077365	 -0.101990	 -0.100354
 -0.069915	 -0.057404	 -0.051355	 -0.008274	 -0.067736	 -0.097429	 -0.060126
 -0.056612	 -0.076409	 -0.061555	 -0.049737	 -0.044550	 -0.089510	 -0.058511
 -0.078468	 -0.108274	 -0.083252	 -0.065321	 -0.058424	 -0.065088	 -0.047203
 -0.080717	 -0.107324	 -0.078786	 -0.038587	 -0.039418	 -0.048427	 -0.028039
 -0.107641	 -0.086070	 -0.065166	 -0.051257	 -0.037613	 -0.053938	 -0.031492
 -0.094020	 -0.106500	 -0.041758	 -0.038428	 -0.045278	 -0.065500	 -0.034532
 -0.065449	 -0.066209	 -0.055093	 -0.032854	 -0.050220	 -0.054318	 -0.040709
 -0.080558	 -0.052937	 -0.052052	 -0.022781	 -0.051582	 -0.061319	 -0.039791
 -0.041354	  0.065877	 -0.021346	  0.023890	 -0.048078	 -0.048633	 -0.024289
 -0.027480	  0.026821	  0.018121	  0.035863	 -0.045924	 -0.045275	 -0.034741
 -0.025928	  0.010888	  0.027687	  0.001463	 -0.018652	 -0.056805	 -0.040791
 -0.028969	  0.022006	  0.009537	 -0.010953	 -0.029802	 -0.021297	  0.000006
 -0.025896	  0.058465	  0.037158	 -0.030940	 -0.037404	 -0.035202	 -0.011080
 -0.031534	  0.071198	 -0.003418	 -0.038194	 -0.020267	 -0.035994	 -0.008388
 -0.022158	  0.033600	 -0.020332	 -0.059702	  0.000955	 -0.035361	 -0.025936
 -0.021778	  0.008861	  0.032122	 -0.044751	  0.021544	 -0.010147	 -0.029072
 -0.026941	 -0.016986	  0.026420	 -0.038986	  0.054170	  0.012057	 -0.026918
 -0.037743	 -0.038082	  0.002759	 -0.007817	  0.053441	  0.028022	  0.014102
 -0.037236	 -0.032919	 -0.042727	  0.026677	  0.054423	  0.036732	  0.061045
 -0.031724	  0.009431	 -0.048935	  0.023034	  0.023983	  0.011994	  0.040709
  0.000996	  0.008734	 -0.031355	  0.020849	 -0.006172	 -0.015944	 -0.078232
 -0.013765	  0.001798	 -0.015169	  0.011853	 -0.013521	 -0.005079	 -0.015578
 -0.006701	 -0.026267	  0.020370	  0.012170	  0.022874	  0.049624	  0.120182
  0.046102	 -0.058987	  0.005451	 -0.006329	  0.017521	  0.030207	  0.056578
  0.097162	 -0.060634	  0.029081	  0.016319	 -0.000407	 -0.007930	 -0.084250
  0.061116	 -0.026837	 -0.000155	  0.024776	  0.009982	  0.005912	 -0.057199
  0.070333	 -0.031113	  0.002189	  0.007672	 -0.004208	  0.066824	  0.066398
  0.103498	 -0.025855	 -0.027459	  0.033107	 -0.034458	  0.076295	  0.077452
  0.091619	 -0.039064	 -0.025432	 -0.017510	 -0.003606	  0.030524	 -0.077155
  0.053672	 -0.034217	 -0.020681	 -0.005125	  0.013277	 -0.001690	 -0.082286
  0.034287	 -0.018380	 -0.020903	  0.027754	  0.047549	  0.053552	  0.059334
  0.016390	 -0.022814	 -0.016816	 -0.000310	  0.076089	  0.049117	  0.127341
  0.007426	  0.031287	 -0.000124	 -0.003731	  0.074854	 -0.000708	 -0.025746
  0.017562	  0.068347	 -0.034048	  0.006025	  0.063450	 -0.025288	 -0.173828
  0.029567	  0.054917	 -0.020681	 -0.003826	  0.072034	  0.015351	 -0.111459
  0.024183	  0.029830	  0.023189	 -0.005980	  0.070102	  0.079431	  0.065194
  0.065329	  0.000119	  0.041118	 -0.037180	  0.080840	  0.041389	  0.059588
  0.039450	 -0.005076	 -0.008106	 -0.044402	  0.073080	  0.002333	 -0.109305
  0.026653	  0.008925	 -0.040763	 -0.042217	  0.073523	 -0.027980	 -0.166447
  0.025291	  0.044559	 -0.067814	 -0.037497	  0.110932	  0.032678	  0.024111
 -0.013321	  0.063058	 -0.072818	 -0.011809	  0.120941	  0.043669	  0.064656
 -0.023140	  0.054189	 -0.048460	 -0.016687	  0.084926	  0.011329	 -0.054539
 -0.013258	  0.061062	 -0.039749	 -0.017827	  0.053568	 -0.009830	 -0.145130
  0.003435	  0.040758	 -0.041903	  0.010428	  0.064654	  0.001446	 -0.031352
 -0.003217	  0.044306	 -0.045483	  0.043560	  0.070546	  0.009998	  0.110617
  0.009295	  0.047030	 -0.038831	  0.028641	  0.066745	 -0.028297	  0.032347
 -0.028620	  0.060587	 -0.058469	  0.032505	  0.066618	 -0.074765	 -0.119600
 -0.030267	  0.021690	 -0.067434	  0.054393	  0.069690	 -0.042171	 -0.122324
 -0.012054	  0.022006	 -0.077950	  0.056737	  0.077768	 -0.001785	  0.063230
  0.007426	  0.030115	 -0.054478	  0.032505	  0.081790	  0.009523	  0.070579
  0.018354	  0.013359	 -0.050171	  0.018441	  0.073872	 -0.047112	 -0.051814
  0.029631	  0.016527	 -0.055144	  0.016477	  0.096076	 -0.066434	 -0.093753
  0.048034	  0.040093	 -0.065058	  0.062692	  0.088537	  0.006957	  0.055977
  0.041984	  0.035595	 -0.061257	  0.075045	  0.136240	  0.019913	  0.124997
  0.032640	  0.024192	 -0.038894	  0.051225	  0.134973	 -0.044008	 -0.016592
  0.053292	 -0.007642	 -0.022201	  0.066461	  0.082329	 -0.074448	 -0.129229
  0.045215	  0.004617	 -0.021726	  0.059904	  0.077799	 -0.059782	 -0.058118
  0.023581	  0.000119	  0.026389	  0.067253	  0.097723	  0.020800	  0.130604
  0.003594	  0.037527	  0.023886	  0.065226	  0.065478	  0.059919	  0.081475
  0.009358	  0.031731	  0.018375	  0.034437	  0.041309	  0.008763	 -0.058498
 -0.005909	 -0.009479	 -0.003069	  0.043243	  0.036146	  0.017664	 -0.087037
 -0.018928	 -0.039570	 -0.006712	  0.014735	  0.077989	  0.063530	  0.059398
  0.003657	 -0.031937	  0.015239	  0.018916	  0.089836	  0.083200	  0.153537
 -0.001760	 -0.030416	 -0.026256	  0.032790	  0.067283	  0.019501	  0.040456
  0.026558	  0.002051	 -0.057139	  0.009762	  0.054391	 -0.011192	 -0.098884
 -0.003755	  0.001164	 -0.046306	 -0.000786	  0.070482	  0.016112	 -0.028343
  0.026400	  0.012852	 -0.051786	 -0.024035	  0.083501	  0.071100	  0.131744
  0.035871	  0.023147	 -0.049410	 -0.032683	  0.057717	  0.038474	  0.078815
  0.002992	  0.021563	 -0.032527	  0.013817	  0.052332	 -0.021772	 -0.099232
  0.006159	  0.034328	 -0.051501	  0.019012	  0.037350	 -0.009355	 -0.089033
 -0.039865	  0.050324	 -0.080199	  0.017396	  0.080048	  0.051683	  0.089838
 -0.024091	  0.034423	 -0.049094	 -0.002718	  0.058446	  0.073317	  0.124237
 -0.030838	  0.042057	 -0.049474	  0.006278	  0.030857	  0.026501	 -0.055520
 -0.007715	  0.044116	 -0.052293	  0.017048	  0.051192	 -0.001785	 -0.139808
  0.017562	  0.050641	 -0.066357	  0.005708	  0.058857	  0.043891	 -0.050769
 -0.024724	  0.025047	 -0.051374	  0.022116	  0.052111	  0.086463	  0.060189
 -0.035715	  0.000531	 -0.042505	  0.041786	  0.037667	  0.102554	 -0.015990
 -0.020606	 -0.009574	  0.016569	  0.026297	  0.033200	  0.025234	 -0.149818
 -0.014841	 -0.022687	 -0.018178	  0.016192	  0.046979	  0.020008	 -0.059923
 -0.037838	 -0.026964	 -0.049569	 -0.008229	  0.074410	  0.064892	  0.073588
 -0.044775	 -0.016036	 -0.040415	  0.000006	  0.112230	  0.037112	  0.072543
 -0.035969	  0.020549	 -0.033098	 -0.008894	  0.093194	 -0.042266	 -0.078675
 -0.007461	  0.032269	 -0.014092	 -0.006360	  0.066460	 -0.078217	 -0.149311
 -0.007968	  0.045605	 -0.010893	 -0.041140	  0.080302	 -0.026302	 -0.032017
 -0.008950	  0.031446	 -0.005603	 -0.040316	  0.038680	  0.021750	  0.033012
  0.001725	  0.032364	 -0.005888	 -0.039556	  0.035703	 -0.018509	 -0.070756
 -0.009172	  0.030622	 -0.047225	 -0.016338	  0.035354	 -0.069728	 -0.165085
  0.010625	  0.016685	 -0.062714	  0.003776	  0.050115	 -0.006536	 -0.082096
 -0.012593	 -0.007198	 -0.075257	  0.039791	  0.081030	  0.035402	  0.065669
  0.005146	 -0.036783	 -0.069461	  0.054488	  0.093954	  0.046932	  0.036306
  0.029061	 -0.024398	 -0.084317	  0.041153	  0.060473	 -0.022311	 -0.116400
  0.035712	  0.004078	 -0.086280	  0.022464	  0.029399	 -0.035107	 -0.096983
  0.009707	  0.011332	 -0.058121	  0.031587	  0.048816	  0.027895	  0.047139
 -0.025801	  0.013454	 -0.040826	  0.035166	  0.051699	  0.027071	  0.077262
 -0.035462	  0.037939	 -0.069112	  0.028356	  0.036336	 -0.003907	 -0.068602
 -0.026720	  0.029767	 -0.075036	  0.008749	  0.026200	 -0.044008	 -0.161158
 -0.013384	 -0.005108	 -0.028916	  0.008147	  0.026992	 -0.019745	 -0.038923
 -0.047974	  0.000784	 -0.022803	  0.023256	  0.037983	  0.018646	  0.085466
 -0.061182	  0.005915	 -0.030183	  0.054963	  0.046979	  0.067299	  0.008084
 -0.075531	  0.032206	 -0.031039	  0.034944	  0.052586	  0.025551	 -0.171864
 -0.062766	  0.031446	 -0.054890	  0.016382	  0.091705	  0.043194	 -0.135564
 -0.046770	  0.042880	 -0.008834	  0.027310	  0.098515	  0.077055	  0.012993
 -0.041480	  0.044559	 -0.008454	  0.045936	  0.056387	  0.084752	  0.062977
 -0.073124	  0.055551	  0.002062	 -0.016687	  0.022589	  0.009175	 -0.082223
 -0.043476	  0.053492	  0.015302	 -0.024447	  0.001905	 -0.018509	 -0.130971
 -0.041987	  0.034201	  0.013338	 -0.019442	  0.017521	  0.015193	  0.001147
 -0.053865	  0.006010	 -0.005350	 -0.048615	  0.048626	  0.074616	  0.035483
 -0.065047	 -0.006755	 -0.002056	 -0.035343	  0.099497	  0.039805	 -0.061982
 -0.066441	 -0.008180	 -0.018464	 -0.031479	  0.085782	 -0.011034	 -0.187100
 -0.043634	  0.029957	 -0.043075	 -0.023655	  0.043875	  0.024822	 -0.098472
 -0.053929	  0.032554	 -0.036740	 -0.009401	  0.047613	  0.086431	  0.039791
 -0.048196	  0.027106	 -0.024704	 -0.027710	  0.024711	  0.087033	 -0.027710
 -0.047942	 -0.006786	 -0.021061	 -0.027931	 -0.008294	  0.024442	 -0.173416
 -0.037964	  0.030844	  0.005673	 -0.024700	 -0.001642	  0.005500	 -0.176267
 -0.046358	  0.019853	 -0.021409	 -0.019632	  0.004059	  0.030366	 -0.025366
 -0.065269	  0.014183	 -0.046591	 -0.002464	 -0.002498	  0.034135	  0.034659
 -0.073758	  0.019599	 -0.042473	 -0.013551	  0.000575	 -0.038180	 -0.061032
 -0.086079	 -0.001782	 -0.046623	  0.007577	 -0.007059	 -0.049963	 -0.177660
 -0.078382	 -0.021325	 -0.042600	  0.026265	 -0.014281	  0.012532	 -0.085074
 -0.083704	 -0.004823	 -0.038514	  0.010016	  0.041373	  0.062073	  0.031397
 -0.075341	  0.019251	 -0.042537	  0.008812	  0.035323	  0.040122	 -0.002686
 -0.114270	  0.038383	 -0.068225	  0.047678	  0.053378	 -0.018288	 -0.162361
 -0.080536	 -0.000610	 -0.050931	  0.051542	  0.075392	 -0.006790	 -0.100088
 -0.040372	  0.014278	 -0.060402	  0.033804	  0.077863	  0.062928	  0.056293
 -0.033245	 -0.007262	 -0.025084	  0.023604	  0.067758	  0.074869	  0.028768
 -0.042811	  0.006517	 -0.027998	  0.045207	  0.056640	  0.020578	 -0.124826
 -0.047879	 -0.013438	 -0.062334	  0.039696	  0.054328	  0.003632	 -0.132333
 -0.037394	  0.000784	 -0.065343	  0.004694	  0.064306	  0.035529	 -0.021850
 -0.031629	  0.030685	 -0.051121	  0.020659	  0.051826	  0.054597	 -0.014628
 -0.067803	  0.017825	 -0.048365	  0.001305	  0.066681	  0.056434	 -0.081399
 -0.079586	  0.002051	 -0.045546	  0.026487	  0.069405	  0.019311	 -0.076268
 -0.064920	  0.013391	 -0.020459	 -0.000817	  0.036368	  0.017474	  0.008432
 -0.039231	  0.002336	 -0.050392	 -0.023402	  0.040866	  0.011012	  0.051922
 -0.047245	  0.019884	 -0.034871	 -0.001989	  0.042513	  0.006989	  0.021387
 -0.046453	  0.012282	 -0.037469	 -0.018999	  0.051540	  0.014813	 -0.011967
 -0.096722	 -0.002922	 -0.055365	 -0.040538	  0.070989	  0.003125	 -0.038859
 -0.095107	 -0.021991	 -0.046338	 -0.019696	  0.073301	 -0.001912	 -0.021786
 -0.096754	 -0.018126	 -0.062999	 -0.001704	  0.063545	  0.032710	  0.009287
 -0.109107	 -0.040457	 -0.050899	 -0.031099	  0.049482	  0.032266	 -0.010985
 -0.088455	 -0.046856	 -0.046496	 -0.015483	  0.068265	  0.033375	 -0.069204
 -0.065997	 -0.009891	 -0.051121	 -0.010700	  0.063324	  0.013546	 -0.094956
 -0.060517	  0.004585	 -0.052768	  0.025948	  0.058382	 -0.006124	 -0.097712
 -0.047879	  0.035944	 -0.086692	  0.049356	  0.072446	 -0.005428	 -0.071802
 -0.066314	  0.035658	 -0.108611	  0.028926	  0.093098	  0.027768	 -0.034678
 -0.053707	  0.031604	 -0.097208	  0.041691	  0.076406	  0.011519	 -0.011428
 -0.044553	  0.035563	 -0.045546	  0.031903	  0.078021	  0.029859	 -0.005315
 -0.037173	  0.047853	 -0.055112	  0.008685	  0.048531	  0.007591	 -0.034837
 -0.052440	  0.040695	 -0.041523	 -0.010066	  0.053219	  0.010759	 -0.037687
 -0.065744	  0.042912	 -0.011717	  0.000767	  0.046061	  0.030682	 -0.034583
 -0.069450	  0.054917	  0.004279	  0.008305	  0.055785	  0.019279	 -0.006455
 -0.055893	  0.060460	  0.014194	  0.031650	  0.015937	  0.002016	 -0.015166
 -0.044585	  0.066985	 -0.014409	  0.029179	 -0.019539	  0.020705	 -0.010637
 -0.029697	  0.055424	  0.014289	  0.019740	 -0.019254	  0.022383	 -0.015736
 -0.034639	  0.053428	  0.012737	  0.024745	  0.013879	  0.023745	 -0.040348
 -0.082912	  0.029989	  0.027022	  0.033899	  0.045079	  0.025171	 -0.048837
 -0.100618	  0.035057	  0.018470	  0.040329	  0.048183	 -0.024940	 -0.063408
 -0.107809	  0.012757	 -0.011147	  0.039696	  0.052807	 -0.031401	 -0.056154
 -0.093745	  0.025934	 -0.022550	  0.007798	  0.038395	 -0.004161	 -0.082413
 -0.071033	  0.007341	 -0.047225	 -0.008704	  0.059649	  0.001319	 -0.082159
 -0.060169	 -0.004886	 -0.053085	  0.039822	  0.068645	 -0.000740	 -0.094544
 -0.054531	  0.007689	 -0.028410	  0.033994	  0.053409	  0.013102	 -0.077788
 -0.062386	 -0.001560	 -0.038957	 -0.000659	  0.038047	  0.021940	 -0.080101
 -0.060264	 -0.006280	 -0.066515	 -0.002591	  0.015177	  0.039298	 -0.064738
 -0.076703	  0.012726	 -0.062651	 -0.000817	  0.012580	  0.050543	 -0.018112
 -0.083419	  0.002178	 -0.076809	 -0.028850	  0.010711	  0.019628	 -0.015134
 -0.103659	  0.002653	 -0.069841	 -0.047222	  0.040264	  0.006261	 -0.019601
 -0.103121	  0.008259	 -0.075479	 -0.040886	  0.018440	  0.024189	 -0.028185
 -0.072649	  0.019916	 -0.096321	 -0.028090	  0.000607	  0.026818	 -0.021026
 -0.067327	  0.070248	 -0.068542	 -0.017732	 -0.006140	  0.054217	  0.000957
 -0.117184	  0.083393	 -0.063506	 -0.038669	  0.015399	  0.045601	  0.009857
 -0.153928	  0.073732	 -0.068225	 -0.043484	  0.033676	  0.044113	  0.017745
 -0.146896	  0.048107	 -0.074846	 -0.049724	  0.042798	 -0.000550	  0.022781
 -0.148385	  0.063945	 -0.116847	 -0.038543	  0.035291	  0.014940	 -0.030244
 -0.125800	  0.051084	 -0.116404	 -0.060969	 -0.010480	  0.029004	 -0.072562
 -0.116519	  0.002273	 -0.079850	 -0.068032	 -0.026222	  0.008098	 -0.092137
 -0.081011	 -0.013628	 -0.080262	 -0.057548	 -0.025526	  0.009080	 -0.096920
 -0.083672	 -0.004157	 -0.076271	 -0.029705	  0.008335	  0.017315	 -0.073069
 -0.099573	 -0.010017	 -0.045166	 -0.014976	  0.006118	  0.013324	 -0.062331
 -0.099826	 -0.005456	  0.001365	 -0.007152	 -0.006805	  0.009587	 -0.060684
 -0.076418	 -0.026393	  0.010329	 -0.005347	 -0.010797	 -0.013156	 -0.060272
 -0.068341	 -0.074001	 -0.005255	  0.003269	 -0.042630	 -0.043248	 -0.059226
 -0.070812	 -0.061268	 -0.044786	  0.043560	 -0.054382	 -0.032352	 -0.031447
 -0.071002	 -0.053191	 -0.060560	  0.011663	 -0.061414	 -0.016229	 -0.027868
 -0.074644	 -0.052494	 -0.052958	 -0.006170	 -0.051119	 -0.015595	 -0.021596
 -0.065807	 -0.040109	 -0.049949	 -0.032683	 -0.018874	 -0.016799	 -0.027646
 -0.098274	 -0.026932	 -0.016120	 -0.035343	 -0.029580	 -0.038433	 -0.044878
 -0.095012	  0.021753	 -0.068225	 -0.057959	 -0.031481	 -0.061841	 -0.066068
 -0.095392	  0.020296	 -0.070443	 -0.027615	 -0.021788	 -0.043945	 -0.075824
 -0.108125	  0.011268	 -0.044817	  0.004409	  0.029336	 -0.032510	 -0.089445
 -0.102012	  0.001544	 -0.039369	  0.024681	  0.031648	 -0.037451	 -0.083141
 -0.074549	  0.009875	 -0.023025	  0.015210	  0.054011	 -0.061620	 -0.063661
 -0.081740	  0.025269	 -0.027174	  0.009065	  0.060853	 -0.056013	 -0.075824
 -0.114239	  0.028690	 -0.028315	  0.011061	  0.076596	 -0.028044	 -0.089033
 -0.139674	  0.015133	 -0.069556	  0.009921	  0.063799	 -0.031623	 -0.122102
 -0.135018	  0.012155	 -0.073008	  0.003554	  0.056862	 -0.008437	 -0.122007
 -0.098939	  0.031857	 -0.089036	  0.004251	  0.014797	  0.018804	 -0.094830
 -0.096152	  0.009146	 -0.087516	  0.007418	  0.030698	  0.012311	 -0.083648
 -0.056526	  0.018205	 -0.105666	  0.011156	  0.027309	 -0.006695	 -0.075286
 -0.057255	  0.026694	 -0.127712	  0.011124	 -0.000027	  0.012089	 -0.048140
 -0.076355	  0.033853	 -0.142979	  0.005011	 -0.003860	  0.030429	 -0.039936
 -0.086998	  0.032871	 -0.110924	 -0.023782	  0.018788	  0.000559	 -0.038162
 -0.069830	  0.010540	 -0.102403	 -0.011587	  0.057274	 -0.042931	 -0.048203
 -0.064983	  0.009938	 -0.101770	  0.016921	  0.088062	 -0.075082	 -0.020963
 -0.053549	  0.023654	 -0.092172	 -0.020139	  0.096298	 -0.075367	 -0.011238
 -0.036729	 -0.011854	 -0.074814	  0.011631	  0.113656	 -0.068842	 -0.019442
 -0.033245	  0.001164	 -0.052768	  0.037953	  0.068962	 -0.034506	 -0.018999
 -0.053834	 -0.008307	 -0.044627	  0.042483	  0.037540	 -0.033524	 -0.042280
 -0.092098	 -0.017999	 -0.041903	  0.042926	  0.020784	 -0.039383	 -0.031194
 -0.068436	 -0.008022	 -0.039496	  0.053253	  0.051952	 -0.022152	 -0.022863
 -0.059250	 -0.015402	  0.009949	  0.050338	  0.046156	  0.004962	 -0.053810
 -0.026245	  0.004237	  0.008144	  0.007767	  0.005041	 -0.026397	 -0.033411
 -0.054784	  0.007594	 -0.010070	 -0.020012	 -0.005000	 -0.055791	 -0.016465
 -0.066187	 -0.001370	 -0.002024	  0.010903	 -0.006647	 -0.044166	  0.000165
 -0.035335	  0.027360	  0.009727	  0.033741	 -0.041300	 -0.022311	  0.015306
 -0.052187	  0.011015	 -0.000219	  0.015971	 -0.041807	  0.004487	  0.031555
 -0.099826	 -0.011411	 -0.032749	  0.050307	 -0.010005	 -0.010116	  0.042103
 -0.102329	 -0.031747	 -0.051786	  0.059176	  0.014829	 -0.003147	  0.006722
 -0.073631	 -0.000040	 -0.025939	  0.069185	  0.038427	 -0.020505	 -0.019094
 -0.101695	  0.017350	 -0.030785	  0.091833	  0.060220	 -0.029532	 -0.061539
 -0.091369	  0.008354	 -0.055587	  0.138776	  0.091198	 -0.053954	 -0.072467
 -0.059472	 -0.008972	 -0.052926	  0.137572	  0.112325	 -0.046194	 -0.056471
