:RUN-6	LEVEL SWEEP	TEMP:NaN	8/27/2019	2:58 PM	HR:-569.65:SW EAR: R	SW FREQ: 32.00	# AVERAGES: 512	REP RATE (/sec): 80	DRIVER: 	SAMPLE (µsec): 40	MASKER dB: 2147483647:NOTES-:CHAMBER-SEWELL-PXI1:CFTS Version: V2.7.2 (R850):LEVELS:20;30;40;50;60;70;80;:DATA -0.029602	 -0.008734	 -0.001218	 -0.070647	 -0.035408	 -0.035199	 -0.017293
 -0.036634	 -0.009273	 -0.014268	 -0.038845	 -0.048775	 -0.007895	 -0.019447
  0.012494	 -0.004237	  0.037394	 -0.074987	 -0.026064	 -0.018696	 -0.006460
  0.040717	  0.021927	  0.024566	 -0.044040	 -0.015675	 -0.040521	 -0.041937
  0.012653	  0.041503	  0.048892	 -0.020853	 -0.010163	 -0.054870	 -0.011465
  0.028934	  0.027565	  0.029570	  0.006419	 -0.005824	 -0.024303	 -0.019320
  0.016232	  0.027059	  0.006162	 -0.016165	 -0.000914	 -0.006121	 -0.061258
  0.002041	  0.001782	 -0.003625	 -0.018921	  0.014227	 -0.011443	 -0.059041
 -0.025991	  0.009130	 -0.020508	 -0.017686	 -0.010448	 -0.011981	 -0.052706
 -0.018484	  0.006818	 -0.027350	 -0.006346	 -0.001484	 -0.017619	 -0.001867
 -0.009362	 -0.004363	 -0.022219	  0.004265	 -0.002814	 -0.006153	  0.035066
  0.008567	  0.004189	 -0.025355	  0.026184	 -0.007629	  0.003920	  0.015364
  0.001345	 -0.011459	 -0.016010	  0.044809	 -0.016847	  0.014499	 -0.035411
 -0.011769	 -0.007277	  0.007398	  0.039868	  0.007100	  0.026916	 -0.028981
 -0.002773	 -0.035817	 -0.003372	  0.020831	 -0.014439	  0.052763	 -0.003134
  0.005779	 -0.050894	 -0.021997	  0.032456	  0.018725	  0.047093	 -0.000188
  0.021110	 -0.010318	 -0.013920	  0.063308	  0.032314	  0.030147	  0.025215
  0.011797	  0.000705	 -0.008820	  0.043923	  0.050717	 -0.015054	  0.068895
 -0.010850	 -0.006676	  0.002963	  0.026786	  0.039441	  0.019251	  0.102345
 -0.016204	  0.008370	  0.021715	 -0.000360	  0.033961	  0.055266	  0.111625
  0.007363	  0.010841	  0.046517	  0.000052	  0.044097	  0.039174	  0.100824
  0.032893	  0.002922	  0.098274	  0.005184	  0.068075	  0.008544	  0.131866
  0.034129	 -0.035183	  0.054499	  0.013799	  0.056197	 -0.002827	  0.104942
  0.034509	 -0.022260	  0.079206	  0.038316	  0.078908	  0.001576	  0.087996
  0.055763	  0.003714	  0.075278	  0.018899	  0.051097	  0.016020	  0.069592
  0.062763	  0.007800	  0.064888	  0.004487	  0.030160	  0.033790	  0.094964
  0.016549	  0.016764	  0.022380	  0.016777	  0.018978	  0.014499	  0.089516
 -0.011769	  0.006121	  0.054689	  0.022795	  0.047613	  0.080511	  0.131517
  0.009358	 -0.015386	  0.079649	  0.040280	  0.084958	  0.099326	  0.192999
 -0.011009	 -0.003065	  0.069513	  0.059190	  0.061423	  0.105059	  0.253689
 -0.015285	 -0.039998	  0.048164	  0.071543	  0.066998	  0.125046	  0.295912
 -0.022380	 -0.054157	  0.061531	  0.072779	  0.082012	  0.123431	  0.320397
  0.002358	  0.009035	  0.052820	  0.111074	  0.090533	  0.155043	  0.349064
 -0.004769	  0.023606	  0.087758	  0.135496	  0.118154	  0.164514	  0.341461
 -0.007778	 -0.004902	  0.095582	  0.149116	  0.120308	  0.138286	  0.293062
  0.004829	 -0.049437	  0.074359	  0.152949	  0.080270	  0.131635	  0.261165
  0.028459	 -0.038984	  0.083514	  0.139994	  0.090374	  0.077850	  0.215647
  0.023359	 -0.051464	  0.109424	  0.137713	  0.067093	  0.005250	  0.107698
  0.009105	 -0.029704	  0.071920	  0.124029	  0.038870	 -0.054775	  0.014794
  0.009390	  0.007610	  0.040974	  0.097866	  0.014290	 -0.081699	 -0.067847
  0.007901	 -0.037369	  0.026435	  0.081806	 -0.044626	 -0.121103	 -0.151153
  0.023296	 -0.027043	  0.035399	  0.061534	 -0.106329	 -0.206974	 -0.214820
  0.035807	 -0.039681	  0.051300	  0.029289	 -0.143928	 -0.235799	 -0.254288
  0.048161	 -0.020423	  0.062988	  0.022130	 -0.195274	 -0.230953	 -0.262713
  0.059627	 -0.010540	  0.018769	 -0.034696	 -0.185739	 -0.238745	 -0.272184
  0.072487	 -0.044718	 -0.024848	 -0.055823	 -0.156915	 -0.220753	 -0.291380
  0.070777	 -0.068189	 -0.015218	 -0.066529	 -0.143896	 -0.227690	 -0.230975
  0.032545	 -0.056501	 -0.013476	 -0.092535	 -0.123371	 -0.232125	 -0.130691
  0.043821	 -0.045446	  0.009583	 -0.104160	 -0.119063	 -0.195096	 -0.021443
  0.050188	 -0.020993	  0.010819	 -0.095734	 -0.099931	 -0.135737	  0.054737
  0.057948	 -0.034708	 -0.018386	 -0.081828	 -0.066577	 -0.082997	  0.117770
  0.075465	 -0.024762	  0.010217	 -0.062665	 -0.010543	 -0.036593	  0.210294
  0.076954	 -0.008861	  0.025960	 -0.052655	  0.014132	  0.032586	  0.256128
  0.082687	 -0.027550	  0.035684	 -0.007898	  0.014702	  0.100244	  0.276274
  0.061939	 -0.031351	  0.050825	  0.033438	  0.088822	  0.121309	  0.305352
  0.075940	 -0.021721	  0.058047	  0.113450	  0.125914	  0.127232	  0.313302
  0.076352	  0.019140	  0.041227	  0.149465	  0.110488	  0.119250	  0.281627
  0.078949	  0.038620	  0.032991	  0.185099	  0.136430	  0.083266	  0.261640
  0.065646	  0.032919	  0.028145	  0.206132	  0.149037	  0.061664	  0.224009
  0.071410	  0.003682	  0.043128	  0.149021	  0.172065	  0.057609	  0.188755
  0.097764	  0.018221	  0.060010	  0.141039	  0.169531	  0.040188	  0.157143
  0.103371	  0.004284	  0.066662	  0.105436	  0.144096	  0.050419	  0.101806
  0.097257	  0.004157	  0.065934	  0.085449	  0.112072	  0.065972	  0.055180
  0.092284	  0.037131	  0.082437	  0.074901	  0.103108	  0.062804	  0.012577
  0.082497	  0.042675	  0.123995	  0.067552	  0.067980	  0.039079	 -0.034113
  0.064949	  0.019013	  0.095709	  0.055357	  0.019358	  0.013898	 -0.078490
  0.034952	  0.013787	  0.053359	  0.082693	  0.028639	  0.011585	 -0.110799
  0.028902	  0.006945	  0.052852	  0.055104	  0.043147	  0.002146	 -0.091698
  0.023486	 -0.010635	  0.035969	  0.068154	  0.004946	 -0.030765	 -0.098540
  0.060356	 -0.008513	  0.029444	  0.042687	 -0.022263	 -0.059019	 -0.106776
  0.040685	  0.009225	  0.020923	  0.010188	 -0.028566	 -0.093957	 -0.128537
 -0.003248	  0.010841	 -0.009390	  0.022573	 -0.056156	 -0.109985	 -0.114758
 -0.031629	 -0.013898	 -0.024658	  0.041452	 -0.057581	 -0.087685	 -0.090558
 -0.035652	  0.016986	  0.007968	  0.031759	 -0.063346	 -0.066843	 -0.047195
 -0.029095	 -0.012250	 -0.014331	  0.022225	 -0.036200	 -0.078658	 -0.058123
 -0.005624	 -0.036925	 -0.034319	  0.043542	 -0.022263	 -0.080210	 -0.058978
  0.007806	 -0.058338	 -0.049903	  0.025076	 -0.005919	 -0.041661	  0.000762
 -0.008538	 -0.062741	 -0.050188	  0.025171	 -0.002213	 -0.047014	  0.032500
  0.004132	 -0.074714	 -0.065455	  0.063878	 -0.008516	 -0.021927	  0.038740
  0.011069	 -0.062202	 -0.066754	  0.043828	 -0.013077	 -0.020629	  0.086982
 -0.020100	 -0.073352	 -0.035047	  0.035560	 -0.001959	 -0.011063	  0.092430
  0.002992	 -0.073162	 -0.025228	  0.020324	  0.011788	 -0.013565	  0.097435
 -0.015602	 -0.075443	 -0.023359	 -0.011858	  0.033992	 -0.002162	  0.098195
 -0.042716	 -0.080321	 -0.025576	  0.006197	  0.044065	 -0.020724	  0.121128
 -0.008063	 -0.046745	 -0.008440	  0.027800	  0.053631	 -0.005044	  0.128508
 -0.007968	 -0.025586	 -0.063302	  0.046963	  0.058129	  0.044369	  0.145391
  0.007870	 -0.012694	 -0.065297	  0.042497	  0.045142	  0.055234	  0.119006
  0.002548	 -0.019377	 -0.084429	  0.062199	 -0.001326	  0.030971	  0.106272
  0.021807	 -0.010318	 -0.095579	  0.082661	  0.004629	  0.045795	  0.097055
  0.010594	 -0.001132	 -0.091461	  0.083073	  0.008082	  0.018269	  0.101964
  0.016264	 -0.012789	 -0.084081	  0.112468	  0.028006	  0.044749	  0.111499
  0.028332	 -0.041962	 -0.049396	  0.103282	  0.029621	  0.018934	  0.111942
  0.053989	 -0.050419	 -0.038120	  0.119658	  0.022589	  0.013866	  0.134875
  0.054496	 -0.027011	 -0.046482	  0.100083	  0.028418	  0.028880	  0.139943
  0.052912	 -0.032618	 -0.030486	  0.095522	  0.063165	  0.039491	  0.153247
  0.033558	 -0.003033	 -0.019051	  0.105531	  0.062849	  0.032934	  0.155147
  0.004290	 -0.018744	 -0.033337	  0.080793	  0.058002	  0.047885	  0.138739
 -0.012149	 -0.029102	 -0.011037	  0.064480	  0.061043	  0.050673	  0.163161
 -0.027100	 -0.020011	 -0.017879	  0.051303	  0.043052	  0.023970	  0.173234
 -0.003945	 -0.002336	 -0.033432	  0.063149	  0.031490	  0.027835	  0.199334
  0.021553	 -0.007499	 -0.031088	  0.072177	  0.005770	  0.022133	  0.163890
  0.016264	 -0.004807	 -0.025925	  0.045538	  0.035354	  0.010287	  0.154704
 -0.016552	 -0.008988	 -0.012431	  0.046963	  0.048816	  0.034201	  0.157270
 -0.030869	  0.027217	 -0.026368	  0.026533	  0.072700	  0.037812	  0.188818
 -0.037268	  0.042041	 -0.018924	  0.027008	  0.090406	  0.039333	  0.243997
 -0.047815	  0.054236	  0.007841	  0.036986	  0.089107	  0.071420	  0.207253
 -0.016584	  0.019457	  0.010502	  0.051810	  0.103235	  0.084027	  0.204941
  0.006951	 -0.048012	  0.001284	  0.051493	  0.129240	  0.080701	  0.188090
  0.006413	 -0.059320	 -0.025450	  0.045633	  0.139661	  0.087226	  0.142192
 -0.014398	 -0.056818	 -0.004924	  0.046425	  0.107701	  0.083266	  0.125594
 -0.013163	 -0.031952	 -0.003340	  0.084752	  0.093922	  0.073035	  0.121445
  0.026336	 -0.052035	  0.001950	  0.116396	  0.122430	  0.071863	  0.120463
  0.049776	 -0.026884	 -0.005146	  0.150098	  0.114796	  0.098344	  0.105195
  0.056618	  0.001243	 -0.041319	  0.137682	  0.118692	  0.072275	  0.033356
  0.063587	  0.026203	 -0.042523	  0.128084	  0.136557	  0.027645	 -0.016153
  0.059089	  0.013026	 -0.016327	  0.141926	  0.124109	 -0.003841	 -0.023628
  0.048129	  0.000261	 -0.030106	  0.144143	  0.083247	 -0.004379	 -0.034873
  0.027730	  0.010112	 -0.051043	  0.127704	  0.077768	 -0.043815	 -0.068861
  0.046894	  0.026774	 -0.049174	  0.097644	  0.048785	 -0.081635	 -0.088626
  0.044962	  0.004094	 -0.035839	  0.108445	  0.017743	 -0.073780	 -0.079187
  0.000363	 -0.003856	 -0.008282	  0.117093	  0.019137	 -0.073463	 -0.073263
  0.019780	  0.038620	 -0.031500	  0.085639	  0.000955	 -0.090093	 -0.057933
  0.007711	  0.014737	 -0.034889	  0.034737	  0.005548	 -0.096966	 -0.069146
 -0.012624	  0.005773	 -0.035079	  0.022605	  0.032884	 -0.099690	 -0.033384
 -0.028177	  0.027851	 -0.068338	  0.008826	  0.016824	 -0.080780	 -0.017958
 -0.057001	  0.024176	 -0.063650	  0.006229	  0.004028	 -0.065481	 -0.030153
 -0.049209	  0.005678	 -0.048351	  0.027832	  0.009222	 -0.036340	 -0.018719
 -0.045978	 -0.016432	 -0.039798	  0.065018	 -0.009498	 -0.063168	 -0.019257
 -0.007461	 -0.029704	 -0.029187	  0.062738	 -0.013204	 -0.092690	  0.012608
  0.021934	 -0.053492	  0.004579	  0.049054	 -0.029517	 -0.107387	 -0.044597
  0.007553	 -0.024921	  0.007461	  0.064575	 -0.043200	 -0.121356	 -0.076716
  0.014173	 -0.011934	 -0.007490	  0.010854	 -0.045228	 -0.134596	 -0.081087
  0.008567	 -0.025712	 -0.005462	  0.003758	 -0.048807	 -0.161647	 -0.069019
  0.021110	 -0.040283	  0.027385	 -0.046510	 -0.070156	 -0.151163	 -0.039814
  0.063016	 -0.052066	  0.045186	 -0.063045	 -0.108166	 -0.130447	 -0.041335
  0.058550	 -0.075443	  0.003280	 -0.070140	 -0.125461	 -0.143782	 -0.052579
  0.051518	 -0.084407	  0.004642	 -0.071661	 -0.122674	 -0.157878	 -0.076558
  0.080881	 -0.068759	 -0.003277	 -0.066878	 -0.136104	 -0.150466	 -0.104369
  0.034255	 -0.057641	 -0.038278	 -0.037895	 -0.157960	 -0.146189	 -0.121442
 -0.000588	 -0.067080	 -0.034160	 -0.044357	 -0.153462	 -0.159461	 -0.127175
  0.007553	 -0.069741	 -0.025481	 -0.035171	 -0.127710	 -0.170168	 -0.157140
  0.008186	 -0.058813	 -0.028902	 -0.050565	 -0.117511	 -0.178435	 -0.171108
  0.020001	 -0.068411	 -0.078506	 -0.076507	 -0.142091	 -0.203427	 -0.185933
 -0.001918	 -0.076678	 -0.073153	 -0.068905	 -0.134172	 -0.191485	 -0.174973
  0.016454	 -0.112598	 -0.046799	 -0.083761	 -0.170789	 -0.180050	 -0.187390
  0.012399	 -0.083805	 -0.066342	 -0.082525	 -0.121819	 -0.195381	 -0.183272
 -0.012941	 -0.068474	 -0.098651	 -0.036596	 -0.132335	 -0.188413	 -0.167783
 -0.054721	 -0.070565	 -0.073691	 -0.047682	 -0.116434	 -0.203173	 -0.168004
 -0.044141	 -0.041582	 -0.042523	 -0.065041	 -0.106994	 -0.202160	 -0.178267
 -0.050951	 -0.067967	 -0.015345	 -0.057217	 -0.135661	 -0.196617	 -0.201992
 -0.036191	 -0.068411	 -0.026210	 -0.026207	 -0.136959	 -0.171403	 -0.241618
 -0.074803	 -0.048424	 -0.078696	 -0.041221	 -0.128692	 -0.171498	 -0.226382
 -0.084812	 -0.009368	 -0.091999	 -0.030863	 -0.096763	 -0.171878	 -0.224766
 -0.059219	  0.020090	 -0.058233	 -0.052687	 -0.079595	 -0.161805	 -0.195720
 -0.052060	  0.021199	 -0.063111	 -0.052655	 -0.046590	 -0.158733	 -0.148841
 -0.046422	  0.009447	 -0.043853	 -0.029564	 -0.038512	 -0.153855	 -0.133351
 -0.048766	  0.010302	 -0.048889	 -0.050660	 -0.022865	 -0.135863	 -0.152135
  0.009168	  0.005551	 -0.040464	 -0.056013	  0.002032	 -0.087875	 -0.192679
  0.015599	 -0.040283	 -0.040875	 -0.023546	 -0.022358	 -0.041598	 -0.151945
  0.000869	 -0.024952	 -0.016105	 -0.030324	 -0.016973	 -0.028547	 -0.119731
 -0.008221	 -0.053143	 -0.008377	 -0.021202	 -0.031132	 -0.095097	 -0.090558
 -0.014588	 -0.066827	  0.012719	 -0.013568	 -0.035820	 -0.123890	 -0.108043
 -0.054372	 -0.042817	 -0.007268	  0.008573	 -0.048458	 -0.082554	 -0.134460
 -0.047974	 -0.043071	 -0.008725	 -0.025256	 -0.048965	 -0.105075	 -0.100884
 -0.012466	 -0.035437	 -0.024119	 -0.032035	 -0.062649	 -0.106849	 -0.043077
 -0.012497	 -0.059985	 -0.010784	  0.008573	 -0.059830	 -0.097948	 -0.043489
 -0.004737	 -0.045573	 -0.014680	  0.025551	 -0.057961	 -0.099595	 -0.067847
  0.008218	 -0.049501	 -0.018449	 -0.009989	 -0.058024	 -0.064024	 -0.085395
  0.022820	 -0.052605	 -0.035301	 -0.041537	 -0.076206	 -0.071721	 -0.086662
  0.003404	 -0.061411	 -0.004512	 -0.010527	 -0.079754	 -0.073051	 -0.102816
 -0.002995	 -0.035342	 -0.001788	 -0.008025	 -0.058721	 -0.083726	 -0.097653
  0.022662	 -0.041772	 -0.019526	  0.009396	 -0.023657	 -0.065829	 -0.108391
  0.025545	 -0.070280	 -0.083320	  0.013704	 -0.034870	 -0.103428	 -0.058788
  0.015345	 -0.096824	 -0.058614	 -0.028551	 -0.062744	 -0.099785	 -0.065281
  0.020540	 -0.062329	 -0.028459	 -0.026397	 -0.066767	 -0.083757	 -0.039022
  0.015757	 -0.043387	 -0.010499	 -0.023071	 -0.087989	 -0.067445	 -0.041525
 -0.004959	 -0.023654	  0.021683	  0.009238	 -0.054477	 -0.110745	 -0.051344
 -0.027068	 -0.026441	  0.013955	  0.008446	 -0.032684	 -0.075839	 -0.056602
 -0.009457	 -0.018585	 -0.007933	 -0.026238	 -0.084410	 -0.075775	 -0.046656
 -0.031598	 -0.048550	  0.007398	 -0.070964	 -0.113361	 -0.080843	 -0.032972
 -0.015855	 -0.062171	 -0.003625	 -0.092915	 -0.133222	 -0.063612	 -0.018782
 -0.003755	 -0.080701	 -0.017816	 -0.107866	 -0.123719	 -0.075268	 -0.038199
 -0.004294	 -0.068569	 -0.017277	 -0.089272	 -0.125144	 -0.087622	 -0.025497
 -0.027290	 -0.068918	 -0.020445	 -0.126839	 -0.153684	 -0.075744	 -0.003926
  0.002738	 -0.045953	 -0.027698	 -0.139256	 -0.103478	 -0.075934	 -0.010926
 -0.005244	 -0.041043	 -0.037930	 -0.132034	 -0.099551	 -0.051734	 -0.002342
 -0.018738	 -0.054759	 -0.046545	 -0.129278	 -0.090745	 -0.054521	 -0.030533
 -0.017819	 -0.033505	 -0.050695	 -0.138401	 -0.091062	 -0.089871	  0.006812
 -0.048987	  0.004569	 -0.079963	 -0.113155	 -0.086374	 -0.105328	  0.025975
 -0.053929	  0.016004	 -0.062256	 -0.081892	 -0.089636	 -0.105582	  0.052994
 -0.046390	 -0.014436	 -0.064759	 -0.078914	 -0.083491	 -0.094717	  0.084701
 -0.019624	 -0.062266	 -0.058677	 -0.097001	 -0.079184	 -0.052969	  0.081724
 -0.034227	 -0.064768	 -0.045627	 -0.078407	 -0.072943	 -0.025982	  0.081946
 -0.031914	 -0.052890	 -0.083605	 -0.069982	 -0.071138	 -0.005741	  0.074724
 -0.016900	 -0.050704	 -0.082560	 -0.071186	 -0.052260	 -0.005171	  0.077289
 -0.016394	 -0.050292	 -0.102959	 -0.050660	 -0.057518	  0.002336	  0.104498
  0.003467	 -0.072497	 -0.138974	 -0.023229	 -0.043359	 -0.029909	  0.091036
 -0.026688	 -0.069266	 -0.134666	 -0.041822	 -0.070916	 -0.058449	  0.097086
 -0.053897	 -0.080891	 -0.146164	 -0.051262	 -0.082288	 -0.023574	  0.115807
 -0.059630	 -0.072782	 -0.119525	 -0.083697	 -0.061414	  0.010350	  0.098829
 -0.081233	 -0.062678	 -0.091651	 -0.078027	 -0.018684	 -0.016511	  0.100381
 -0.097039	 -0.045731	 -0.098081	 -0.055285	  0.006435	 -0.021135	  0.085683
 -0.108189	 -0.047188	 -0.082909	 -0.083476	  0.009412	 -0.020407	  0.082706
 -0.090831	 -0.063691	 -0.062193	 -0.125604	 -0.004303	 -0.019013	  0.079317
 -0.072015	 -0.064388	 -0.044803	 -0.122151	  0.017426	 -0.008180	  0.081724
 -0.065332	 -0.064261	 -0.070492	 -0.111381	 -0.007312	  0.004458	  0.063447
 -0.051553	 -0.080986	 -0.074958	 -0.123703	 -0.007851	 -0.008370	  0.079918
 -0.050888	 -0.050799	 -0.058582	 -0.136627	 -0.044214	  0.019029	  0.110738
 -0.044141	 -0.073067	 -0.069637	 -0.178406	 -0.052640	 -0.009067	  0.097023
 -0.060232	 -0.091534	 -0.081673	 -0.191520	 -0.044372	 -0.001687	  0.079380
 -0.068468	 -0.106580	 -0.120349	 -0.135201	 -0.031671	 -0.019267	  0.073963
 -0.081455	 -0.113738	 -0.136250	 -0.107105	 -0.038956	 -0.041503	  0.070701
 -0.125832	 -0.077026	 -0.130263	 -0.104001	 -0.021123	 -0.057087	  0.103802
  0.051243	 -0.027743	 -0.004268	 -0.003346	  0.042304	  0.012396	 -0.000524
  0.002843	  0.000607	  0.008402	  0.009830	  0.019941	  0.032098	 -0.017122
 -0.014674	  0.015779	 -0.027043	  0.010622	  0.011927	  0.006663	 -0.013891
 -0.027502	  0.019517	 -0.012250	  0.008627	  0.002045	 -0.007433	  0.002707
 -0.039159	  0.030603	 -0.026251	  0.019460	 -0.031278	  0.007677	  0.016644
 -0.012045	  0.031680	 -0.020043	  0.049013	 -0.030423	 -0.025741	  0.027477
  0.007499	  0.027182	 -0.044147	  0.048158	 -0.032291	 -0.026184	  0.040400
  0.003951	  0.002159	 -0.017382	  0.013536	 -0.040147	 -0.038348	  0.044708
 -0.010081	 -0.019444	 -0.021468	 -0.005184	 -0.018703	 -0.064543	  0.036219
 -0.009669	 -0.012950	  0.008560	  0.005586	 -0.020065	 -0.039520	 -0.008285
 -0.021072	 -0.016213	  0.031303	 -0.012944	  0.002235	  0.012998	  0.045880
 -0.013533	  0.002412	  0.017778	 -0.050638	  0.031059	  0.007550	  0.036821
 -0.014674	  0.002032	  0.000135	 -0.065335	  0.044268	 -0.013293	 -0.062671
  0.009146	  0.001272	 -0.012314	 -0.045316	  0.021842	 -0.003917	 -0.025199
  0.016305	  0.015684	 -0.023400	 -0.023555	  0.014176	  0.005523	 -0.013353
 -0.007262	  0.017078	  0.002637	 -0.010157	  0.013448	 -0.024157	 -0.048354
 -0.010619	  0.000068	  0.003492	 -0.011740	 -0.014585	 -0.011329	 -0.055639
  0.028025	 -0.032494	  0.009479	 -0.005469	  0.018389	  0.036913	 -0.000302
  0.025776	 -0.028281	  0.055218	  0.039225	  0.008950	  0.091363	  0.032767
  0.035500	 -0.028946	  0.071562	  0.029628	 -0.043093	  0.041284	 -0.038281
  0.037274	 -0.054477	  0.021167	  0.007550	 -0.049428	  0.003084	  0.005526
  0.004712	 -0.043644	 -0.012092	  0.005079	 -0.055288	 -0.025646	  0.070524
  0.039713	  0.023666	 -0.024255	  0.003369	 -0.034730	 -0.059317	  0.023834
  0.017223	  0.027594	  0.004949	  0.008373	 -0.030708	 -0.070245	  0.003657
 -0.005868	  0.043875	 -0.007341	  0.001880	  0.014208	 -0.053267	  0.076669
  0.006834	  0.060441	 -0.008861	 -0.013673	  0.012783	 -0.046013	  0.087280
  0.024287	  0.053694	 -0.039586	 -0.011519	  0.006036	 -0.071322	  0.011386
  0.006866	  0.075930	 -0.047632	 -0.000116	  0.018833	 -0.054154	  0.069288
  0.013803	  0.061075	 -0.063279	 -0.014243	  0.001696	 -0.006577	  0.136218
  0.023463	  0.064401	 -0.063596	  0.002513	  0.016869	  0.021329	  0.124815
  0.028373	  0.055215	 -0.043831	 -0.016872	  0.013955	  0.025415	  0.031975
  0.015070	  0.049608	 -0.053460	 -0.001003	  0.053169	  0.047302	  0.065012
  0.008449	  0.044128	 -0.064958	  0.001310	  0.056241	  0.064914	  0.097669
  0.033124	  0.052364	 -0.045731	 -0.014433	 -0.008630	  0.057153	  0.023106
  0.024984	  0.046853	 -0.041455	 -0.003473	 -0.010024	  0.040999	  0.015060
  0.027138	  0.013593	 -0.038224	  0.017401	  0.016837	  0.024718	  0.122344
  0.043419	  0.028227	 -0.043641	  0.002862	  0.032453	  0.017623	  0.093615
  0.042627	  0.023666	 -0.023939	 -0.005690	  0.030204	 -0.006387	 -0.025231
  0.033378	  0.001969	 -0.004617	 -0.007654	  0.027955	  0.014107	  0.009073
  0.064768	 -0.004050	 -0.014658	 -0.010885	 -0.031278	  0.034949	  0.045088
  0.049089	 -0.031734	 -0.021658	 -0.019216	 -0.057315	  0.021455	 -0.023394
  0.047632	  0.001715	 -0.028088	  0.016767	 -0.027477	  0.021614	 -0.055956
  0.005725	  0.015431	 -0.061284	  0.028044	 -0.009390	  0.038275	  0.032101
 -0.015624	  0.063704	 -0.055994	  0.087657	 -0.009675	  0.034125	  0.033052
  0.032966	  0.063894	 -0.030971	  0.102037	  0.011769	 -0.021813	 -0.095392
  0.022577	  0.065826	 -0.060334	  0.086801	  0.003913	 -0.031316	 -0.058395
 -0.013470	  0.042228	 -0.068949	  0.049551	  0.023394	  0.014012	  0.043821
 -0.042136	  0.046694	 -0.053650	  0.031591	  0.034860	  0.011921	 -0.033086
 -0.016416	  0.024236	 -0.029387	  0.054303	 -0.008662	 -0.013388	 -0.086839
 -0.030575	  0.037413	 -0.050451	  0.029596	 -0.010689	 -0.001984	  0.054844
 -0.049041	  0.027879	 -0.038984	  0.010939	  0.006384	  0.018636	  0.090321
 -0.049897	  0.032124	 -0.029513	 -0.020831	  0.011357	 -0.017695	 -0.005180
 -0.034597	  0.045934	 -0.016495	 -0.028180	 -0.001471	 -0.027895	  0.027920
 -0.003524	  0.019707	 -0.028817	 -0.016555	  0.018801	  0.009609	  0.117371
  0.008671	 -0.001262	 -0.050546	 -0.003220	 -0.011797	 -0.010632	  0.030898
 -0.024968	  0.020404	 -0.043451	 -0.020324	 -0.024563	 -0.023650	 -0.020195
 -0.031271	  0.020404	 -0.028912	  0.001436	 -0.010530	  0.017591	  0.039228
 -0.011443	  0.011756	 -0.060650	  0.040239	 -0.016454	  0.012079	  0.078981
  0.019346	  0.023920	 -0.064673	  0.040809	 -0.028364	  0.005554	  0.012463
  0.018269	  0.033327	 -0.085927	  0.052307	 -0.018133	  0.019998	  0.032957
 -0.003397	  0.053631	 -0.090013	  0.053194	 -0.007236	  0.050660	  0.104289
 -0.009574	  0.044762	 -0.079180	  0.069158	 -0.031214	  0.054429	  0.094565
 -0.012330	  0.029114	 -0.086497	  0.038465	 -0.007046	  0.030451	 -0.002551
  0.003540	  0.046377	 -0.075189	  0.031655	 -0.009992	  0.056488	  0.045437
 -0.009225	  0.047233	 -0.085769	  0.035963	  0.025326	  0.016672	  0.111068
 -0.032158	  0.033010	 -0.085674	  0.009640	  0.002805	 -0.019216	  0.058899
 -0.029339	  0.011123	 -0.068981	  0.031718	  0.006384	 -0.013483	  0.021332
 -0.011253	 -0.009023	 -0.065180	  0.050692	 -0.011417	  0.039669	  0.113475
  0.002906	 -0.037689	 -0.052985	  0.061081	 -0.013951	 -0.003695	  0.092886
  0.014246	 -0.010987	 -0.076108	  0.032827	 -0.047496	 -0.016175	 -0.012783
  0.002748	  0.022526	 -0.073225	  0.036248	 -0.062035	  0.033017	  0.020318
  0.003286	  0.035544	 -0.042215	  0.049393	 -0.064600	  0.045877	  0.076669
  0.025332	  0.046409	 -0.024224	  0.017781	 -0.032893	  0.021360	  0.022567
  0.051591	  0.037635	 -0.019536	  0.054017	 -0.027698	  0.008627	  0.017024
  0.057831	  0.025883	 -0.015925	  0.032193	  0.020100	  0.004161	  0.104606
  0.078895	  0.063102	 -0.048455	  0.066814	  0.033023	  0.015215	  0.084176
  0.070913	  0.053473	 -0.055867	  0.076665	  0.017439	  0.019491	 -0.008570
  0.040061	  0.025503	 -0.067809	  0.057312	  0.007778	  0.035107	 -0.010660
  0.028405	  0.029748	 -0.060397	  0.069222	  0.023394	  0.053859	  0.058740
  0.009558	  0.029273	 -0.062899	  0.067986	  0.020100	  0.052307	  0.024183
 -0.007927	 -0.009878	 -0.096570	  0.058769	 -0.003625	  0.057502	 -0.049178
 -0.038810	 -0.000692	 -0.078008	  0.062031	 -0.009453	  0.081227	  0.019558
 -0.018950	 -0.017607	 -0.060999	  0.086295	  0.010280	  0.047397	  0.034952
 -0.004252	 -0.010258	 -0.061696	  0.085724	 -0.013476	  0.029152	 -0.041449
  0.048392	  0.009634	 -0.074714	  0.057217	 -0.005747	  0.027917	 -0.049716
  0.046586	  0.014195	 -0.097014	  0.098996	  0.002805	  0.062126	  0.034065
  0.042469	  0.001177	 -0.132395	  0.097951	 -0.005494	  0.019586	  0.041509
  0.019726	  0.005516	 -0.106421	  0.063615	  0.010185	  0.014582	 -0.036096
  0.033600	 -0.005507	 -0.101733	  0.068556	 -0.004639	  0.013125	  0.049840
  0.045256	  0.015842	 -0.073352	  0.036596	  0.015032	  0.061049	  0.092760
  0.063469	  0.003489	 -0.078959	  0.042868	  0.044585	  0.027980	 -0.004959
  0.042532	  0.038174	 -0.102937	  0.046859	  0.043349	  0.001658	  0.018671
  0.073130	  0.064812	 -0.118965	  0.072548	  0.029856	  0.010274	  0.113190
  0.029672	  0.069215	 -0.114150	  0.087245	  0.046834	 -0.018487	  0.114711
  0.003825	  0.043273	 -0.122607	  0.085978	  0.037996	 -0.032329	  0.036979
  0.025522	  0.032440	 -0.143798	  0.062538	  0.047879	 -0.037999	  0.058962
  0.003286	  0.034214	 -0.141993	  0.079421	  0.078509	  0.021424	  0.088737
 -0.006818	  0.007258	 -0.110634	  0.072611	  0.071540	 -0.001066	 -0.007398
 -0.020502	  0.004629	 -0.108290	  0.078186	  0.062925	 -0.008256	 -0.033815
 -0.043403	  0.012358	 -0.089760	  0.080846	  0.059662	 -0.002808	  0.085791
 -0.045842	 -0.041015	 -0.078927	  0.083285	  0.056875	 -0.009713	  0.106792
 -0.009511	 -0.051626	 -0.084914	  0.097254	  0.012022	 -0.023587	  0.016390
  0.002019	 -0.043137	 -0.086687	  0.082335	  0.024154	 -0.034578	  0.020667
 -0.035928	 -0.043042	 -0.132553	  0.043406	  0.036001	 -0.011202	  0.129693
 -0.018380	 -0.050011	 -0.136893	  0.085186	  0.015317	 -0.012532	  0.092950
 -0.013913	 -0.006140	 -0.133630	  0.084584	  0.015918	 -0.070783	  0.014775
 -0.003777	 -0.003480	 -0.138508	  0.058104	  0.038851	 -0.050448	  0.049966
 -0.044417	  0.018313	 -0.146839	  0.005839	  0.013733	  0.006726	  0.085886
 -0.015307	  0.042671	 -0.139237	 -0.013198	  0.004705	 -0.004550	  0.034097
 -0.010841	  0.030666	 -0.149943	  0.043090	 -0.015915	 -0.001541	  0.006983
  0.009273	 -0.002498	 -0.136956	  0.078883	 -0.023612	  0.010464	  0.057822
 -0.005583	 -0.006299	 -0.117919	  0.100580	 -0.007205	 -0.034040	  0.013255
  0.009241	 -0.003258	 -0.123748	  0.073529	  0.000366	 -0.078575	 -0.075626
  0.028310	  0.015874	 -0.120137	  0.081068	 -0.009992	 -0.031284	  0.005589
  0.011839	  0.033802	 -0.112978	  0.075968	  0.016299	 -0.010283	  0.041794
  0.003033	  0.026454	 -0.117127	  0.069728	  0.022982	 -0.008129	 -0.021367
 -0.009701	  0.063419	 -0.110254	  0.075683	  0.002646	 -0.007781	 -0.034258
  0.011965	  0.064527	 -0.114087	  0.076222	 -0.021015	 -0.005659	  0.060419
  0.051211	  0.069405	 -0.104932	  0.052307	  0.009868	  0.016324	  0.057061
  0.045858	  0.110963	 -0.067397	  0.080403	  0.019624	  0.005934	  0.005874
  0.039840	  0.103266	 -0.087163	  0.065927	 -0.004005	  0.012523	 -0.001950
  0.062931	  0.065604	 -0.078959	  0.050628	 -0.000648	  0.041759	  0.022504
  0.090583	  0.071243	 -0.060302	 -0.004075	  0.014778	  0.022532	  0.017056
  0.078357	  0.050178	 -0.033378	  0.017242	  0.017407	 -0.013704	 -0.016679
  0.045763	  0.063767	 -0.013422	  0.016324	  0.012624	  0.000581	 -0.020575
  0.007246	  0.039250	 -0.030274	 -0.020039	  0.001411	 -0.037588	 -0.015032
 -0.013407	  0.028734	 -0.041835	  0.000423	  0.000271	 -0.039361	 -0.023362
 -0.017651	 -0.021186	 -0.077438	  0.019428	 -0.029282	 -0.056181	  0.009232
 -0.045905	 -0.011335	 -0.029894	  0.002513	 -0.016327	 -0.052000	  0.024246
 -0.043371	  0.019232	 -0.032301	 -0.007116	  0.025326	 -0.013736	  0.015820
 -0.044385	  0.018471	 -0.056026	 -0.025741	  0.028367	  0.002323	 -0.002235
 -0.054553	 -0.015231	 -0.069393	 -0.035117	  0.002900	 -0.006609	 -0.006099
 -0.018031	 -0.019697	 -0.056849	 -0.027071	  0.005972	 -0.034483	 -0.027607
 -0.027344	  0.000068	 -0.068537	 -0.005564	 -0.009295	 -0.031347	  0.003879
 -0.037068	  0.012738	 -0.071578	 -0.020768	 -0.007078	 -0.020768	  0.024468
  0.014784	  0.002285	 -0.087384	 -0.030461	 -0.003023	  0.006948	  0.040844
  0.027138	  0.016064	 -0.088936	 -0.001699	  0.024788	 -0.011455	  0.011354
  0.021215	  0.019358	 -0.099769	  0.008785	 -0.001186	 -0.057828	  0.001725
  0.015830	  0.031870	 -0.114878	  0.006029	 -0.060672	 -0.068123	  0.014236
  0.028753	  0.038965	 -0.109430	 -0.026596	 -0.078157	 -0.037429	  0.033653
  0.015291	  0.064749	 -0.125331	 -0.028623	 -0.086298	 -0.025583	  0.070080
 -0.005678	  0.038427	 -0.112534	 -0.002776	 -0.087248	 -0.024917	  0.088357
 -0.022434	  0.040359	 -0.126028	 -0.015858	 -0.068433	 -0.039266	  0.077904
 -0.022941	  0.002951	 -0.147409	 -0.028845	 -0.062225	 -0.038221	  0.050853
 -0.037828	 -0.009276	 -0.153554	 -0.030714	 -0.071030	 -0.015320	  0.057378
 -0.076726	 -0.020838	 -0.136101	 -0.011550	 -0.070904	  0.016356	  0.074673
 -0.067920	 -0.021154	 -0.146047	 -0.006609	 -0.022757	  0.027759	  0.053799
 -0.049706	 -0.015770	 -0.120390	  0.036596	 -0.025545	  0.003685	 -0.014525
 -0.028041	 -0.021186	 -0.116336	  0.004034	 -0.035871	 -0.032171	 -0.013828
 -0.035421	 -0.006457	 -0.122734	 -0.002840	 -0.034002	 -0.047660	  0.000141
 -0.060381	 -0.026476	 -0.147346	 -0.047534	 -0.011607	 -0.022637	  0.032291
 -0.048059	 -0.058373	 -0.160428	 -0.053045	 -0.000553	 -0.008224	  0.018766
 -0.027724	 -0.079880	 -0.146997	 -0.073982	  0.025421	 -0.029510	 -0.002488
 -0.046792	 -0.034711	 -0.124761	 -0.064068	  0.029982	 -0.039140	  0.060007
 -0.028421	 -0.013521	 -0.104489	 -0.051873	 -0.026400	 -0.036447	  0.075782
 -0.025633	 -0.031290	 -0.112788	 -0.037524	 -0.087692	 -0.032900	  0.062763
 -0.002700	 -0.059196	 -0.120928	 -0.032773	 -0.125448	 -0.059317	  0.026305
 -0.023258	 -0.043549	 -0.127834	 -0.039583	 -0.127222	 -0.009238	  0.029219
 -0.022656	 -0.046178	 -0.125268	 -0.065272	 -0.114172	 -0.025044	  0.044866
 -0.012741	 -0.034395	 -0.107783	 -0.073254	 -0.090732	 -0.025107	  0.076954
  0.015228	 -0.014439	 -0.088905	 -0.038284	 -0.059659	 -0.036606	  0.064062
  0.038953	 -0.039716	 -0.107530	 -0.026533	 -0.046292	 -0.016428	  0.053799
  0.025396	 -0.043580	 -0.063659	 -0.013198	 -0.057220	 -0.014813	  0.037581
  0.021088	 -0.016213	 -0.049089	 -0.020800	 -0.063428	 -0.022890	  0.033020
 -0.008845	 -0.007439	 -0.020581	  0.005174	 -0.059057	 -0.033343	  0.014046
 -0.002542	  0.012168	 -0.031256	  0.039320	 -0.030961	 -0.048135	  0.005146
 -0.003904	  0.003901	 -0.073732	 -0.001668	  0.000936	 -0.043257	 -0.008190
  0.011142	  0.000163	 -0.042532	 -0.009333	 -0.004132	 -0.031949	 -0.017756
  0.030559	 -0.048237	 -0.050578	 -0.017759	 -0.004702	 -0.070942	 -0.008063
 -0.003429	 -0.053622	 -0.054442	 -0.020895	 -0.026368	 -0.049212	  0.008408
 -0.002098	 -0.034648	 -0.068316	 -0.042466	 -0.042523	 -0.021813	 -0.007461
 -0.046254	 -0.027965	 -0.091882	 -0.029415	 -0.009422	 -0.022225	 -0.020480
 -0.029814	  0.008715	 -0.124571	 -0.008826	  0.000144	 -0.016618	  0.005494
 -0.018981	  0.023159	 -0.088905	  0.011446	 -0.009232	 -0.033501	  0.014458
 -0.006818	  0.015589	 -0.097014	  0.014423	 -0.043473	 -0.015763	  0.029061
  0.014689	 -0.002022	 -0.089443	  0.015532	 -0.037898	 -0.003632	  0.010087
  0.024952	 -0.028471	 -0.091534	  0.013631	 -0.020667	 -0.001953	  0.034224
  0.011965	 -0.028408	 -0.107498	 -0.001921	 -0.032576	  0.000074	  0.035934
  0.048772	 -0.028598	 -0.110887	 -0.038633	 -0.049776	  0.026428	  0.037645
  0.042722	 -0.036644	 -0.078705	 -0.046298	 -0.028300	  0.030673	  0.046704
  0.035278	 -0.018209	 -0.123367	 -0.081363	 -0.062288	  0.031686	  0.058107
  0.015766	  0.000512	 -0.131856	 -0.071037	 -0.062161	  0.050058	  0.038817
  0.029038	 -0.019982	 -0.119851	 -0.051113	 -0.029631	  0.009640	  0.037201
  0.019219	 -0.027173	 -0.094258	 -0.052760	 -0.018893	 -0.049244	  0.033242
 -0.001497	 -0.018525	 -0.088778	 -0.038886	 -0.032481	 -0.013451	  0.032133
  0.006486	 -0.039716	 -0.094068	 -0.047122	 -0.018988	 -0.015922	 -0.014651
  0.011047	 -0.049314	 -0.146585	 -0.060584	 -0.014110	 -0.023270	  0.003847
  0.002336	 -0.032748	 -0.161378	 -0.042972	 -0.010816	 -0.038221	 -0.016837
 -0.018886	 -0.038006	 -0.132997	 -0.010632	 -0.003404	 -0.000211	 -0.025421
 -0.034091	 -0.068572	 -0.110349	  0.017274	  0.011896	  0.046415	  0.000078
 -0.025665	 -0.101863	 -0.116906	  0.014550	  0.028810	  0.021487	 -0.014968
 -0.027344	 -0.097619	 -0.098724	  0.038718	 -0.011671	  0.034854	  0.013730
 -0.032760	 -0.088338	 -0.090805	  0.042614	 -0.023739	  0.012555	  0.029092
 -0.037416	 -0.073102	 -0.086529	  0.027664	 -0.017372	 -0.025804	  0.013001
 -0.025633	 -0.080546	 -0.088081	  0.016957	  0.002330	 -0.039235	  0.013603
 -0.020629	 -0.083111	 -0.046080	 -0.003505	 -0.002485	 -0.019691	  0.005019
 -0.001338	 -0.052735	 -0.082981	  0.011699	 -0.001313	 -0.034642	  0.018734
  0.012472	 -0.064708	 -0.102177	 -0.027800	  0.018896	 -0.028338	  0.012304
  0.032839	 -0.073039	 -0.087384	 -0.037239	  0.027353	 -0.028243	  0.000299
  0.063913	 -0.067717	 -0.102620	 -0.000052	  0.004452	 -0.015668	  0.002707
  0.026283	 -0.072247	 -0.112313	  0.000106	 -0.022694	 -0.011614	  0.028522
 -0.013026	 -0.067590	 -0.112281	 -0.003505	 -0.059596	  0.020568	  0.023581
 -0.016004	 -0.020964	 -0.100593	 -0.021180	 -0.056681	  0.032953	  0.007236
 -0.027027	 -0.042725	 -0.062202	  0.002577	 -0.068686	  0.012174	 -0.030806
 -0.023226	 -0.035630	 -0.030495	  0.001848	 -0.035617	  0.001785	 -0.007746
 -0.054363	 -0.021503	 -0.010065	 -0.006514	 -0.055224	 -0.014338	  0.004956
 -0.052937	  0.004851	  0.005614	 -0.004709	 -0.011037	 -0.025773	  0.009390
 -0.032127	  0.013625	 -0.012852	 -0.007686	 -0.003625	 -0.014084	  0.006254
 -0.007958	 -0.007946	 -0.023907	 -0.024822	 -0.038215	 -0.006514	  0.034414
 -0.014167	 -0.006837	 -0.028595	 -0.028243	 -0.061749	  0.008532	  0.056808
  0.014278	 -0.006995	 -0.050863	 -0.005627	 -0.044993	  0.001595	  0.044613
  0.035183	  0.001810	 -0.065813	 -0.002871	 -0.016549	  0.015342	  0.012589
  0.050292	 -0.004747	 -0.094226	  0.006885	  0.014778	  0.021930	 -0.014556
