:RUN-5	LEVEL SWEEP	TEMP:NaN	8/27/2019	2:56 PM	HR:-636.36:SW EAR: R	SW FREQ: 22.60	# AVERAGES: 512	REP RATE (/sec): 80	DRIVER: 	SAMPLE (µsec): 40	MASKER dB: 2147483647:NOTES-:CHAMBER-SEWELL-PXI1:CFTS Version: V2.7.2 (R850):LEVELS:20;30;40;50;60;70;80;:DATA  0.002932	  0.021314	 -0.017076	  0.053259	  0.001265	 -0.066721	 -0.016612
 -0.035047	  0.012952	  0.011875	  0.050630	 -0.032374	 -0.049173	 -0.036314
 -0.026368	  0.008074	  0.043012	  0.007805	 -0.027971	 -0.048951	 -0.067039
 -0.024531	 -0.002379	  0.046021	  0.003655	 -0.027084	 -0.048793	 -0.050663
 -0.003879	 -0.024900	  0.008961	 -0.018454	 -0.018468	 -0.048856	 -0.058455
 -0.023486	 -0.014732	  0.037849	 -0.001286	 -0.022713	 -0.027190	 -0.055383
 -0.049903	 -0.035289	  0.029138	  0.017181	 -0.039089	 -0.017529	 -0.047876
 -0.058424	 -0.050747	  0.048872	  0.036851	 -0.044094	  0.008698	 -0.052849
 -0.021997	 -0.046914	  0.044311	  0.012398	 -0.009061	  0.006069	 -0.054116
 -0.022820	 -0.064019	  0.027364	 -0.013133	 -0.016504	 -0.018543	 -0.078759
 -0.033780	 -0.036905	 -0.020782	 -0.010694	  0.001234	 -0.015945	 -0.067989
 -0.001883	 -0.016918	 -0.028733	  0.011606	  0.009438	 -0.034095	 -0.077682
 -0.007553	  0.045736	  0.000029	 -0.006512	  0.027936	 -0.034412	 -0.044328
  0.014176	  0.051343	  0.004210	 -0.014938	  0.019700	  0.002490	 -0.029472
  0.048037	  0.053433	 -0.018818	 -0.027038	  0.011307	  0.002933	  0.031154
  0.053105	  0.055144	 -0.075137	 -0.033025	  0.006112	  0.038568	  0.073948
  0.029064	  0.033003	 -0.056385	 -0.035369	  0.011845	  0.055134	  0.119433
  0.043444	  0.018970	 -0.038140	 -0.052600	  0.034620	  0.102204	  0.153928
  0.055988	  0.004241	 -0.026674	 -0.022825	  0.052991	  0.073759	  0.171096
  0.062925	 -0.011406	 -0.019895	  0.042489	  0.060910	  0.120354	  0.187979
  0.050159	  0.006902	 -0.024678	  0.054082	  0.061322	  0.096597	  0.197481
  0.059440	  0.041333	 -0.012990	  0.067259	  0.072155	  0.120860	  0.180282
  0.070590	  0.025971	 -0.009031	  0.058485	  0.073042	  0.069736	  0.178635
  0.054531	 -0.023285	 -0.023696	  0.075685	  0.075576	  0.036636	  0.164001
  0.039960	 -0.016379	 -0.061992	  0.099346	  0.060815	  0.035939	  0.182277
  0.029222	  0.008359	 -0.056955	  0.068241	  0.071268	  0.003250	  0.154530
  0.015950	  0.044627	 -0.041973	  0.054526	  0.097685	  0.067551	  0.188517
  0.050920	  0.020269	 -0.021289	  0.060037	  0.085712	  0.123679	  0.296182
  0.058458	  0.005603	 -0.026420	  0.068146	  0.061702	  0.152852	  0.420190
  0.045408	  0.024070	 -0.003044	  0.070173	  0.064838	  0.172016	  0.486392
  0.043571	  0.032876	  0.020174	  0.064028	  0.069716	  0.237109	  0.512144
  0.055386	  0.035473	  0.042473	  0.085884	  0.118306	  0.294283	  0.555032
  0.064002	  0.043424	  0.042663	  0.093423	  0.168606	  0.298749	  0.556679
  0.064762	  0.047668	  0.027396	  0.115121	  0.165819	  0.268404	  0.505112
  0.043508	  0.012414	  0.056284	  0.146543	  0.160497	  0.251268	  0.407235
  0.036792	 -0.007922	  0.052831	  0.127157	  0.148524	  0.209044	  0.284747
  0.047499	  0.030690	 -0.002791	  0.166625	  0.112794	  0.106195	  0.162734
  0.049051	  0.036582	  0.040161	  0.122184	  0.074435	  0.026246	  0.005814
  0.061436	  0.022075	  0.049759	  0.089179	  0.051154	 -0.057092	 -0.125068
  0.062133	  0.024672	  0.068004	  0.040177	 -0.020147	 -0.149267	 -0.249141
  0.066282	  0.046433	  0.047510	 -0.004644	 -0.096041	 -0.227568	 -0.347429
  0.062038	  0.069936	  0.009626	 -0.000304	 -0.161894	 -0.314010	 -0.426206
  0.048006	  0.089385	 -0.058127	 -0.013576	 -0.195026	 -0.360256	 -0.506788
  0.045883	  0.088656	 -0.025280	 -0.051396	 -0.186442	 -0.380750	 -0.564880
  0.057255	  0.055840	 -0.035955	 -0.088235	 -0.175958	 -0.371184	 -0.558355
  0.050951	  0.053940	 -0.042797	 -0.091276	 -0.204719	 -0.335137	 -0.500041
  0.022760	  0.035663	 -0.058951	 -0.069040	 -0.234019	 -0.322784	 -0.450501
  0.016045	  0.001961	 -0.044190	 -0.046170	 -0.190560	 -0.305363	 -0.329247
  0.045883	  0.001391	 -0.035733	 -0.066664	 -0.184764	 -0.234252	 -0.201786
  0.043191	 -0.007384	 -0.023981	 -0.076071	 -0.146215	 -0.132479	 -0.095642
  0.057318	 -0.024425	 -0.043082	 -0.059822	 -0.096358	 -0.049394	  0.041069
  0.055291	  0.007789	 -0.006402	 -0.008793	 -0.066425	  0.039455	  0.163715
  0.034385	  0.003133	 -0.003044	 -0.009617	 -0.030505	  0.115380	  0.227921
  0.054531	  0.034365	  0.020522	  0.026081	  0.048240	  0.160296	  0.249524
  0.036159	  0.038546	  0.012319	  0.091111	  0.124546	  0.178034	  0.234541
  0.028050	  0.020427	  0.014536	  0.107645	  0.155588	  0.187664	  0.202138
  0.006859	  0.001169	  0.006902	  0.141696	  0.165122	  0.219719	  0.170019
 -0.014743	  0.000630	  0.020332	  0.157882	  0.169525	  0.239611	  0.175467
 -0.008693	  0.026572	  0.014663	  0.147556	  0.160307	  0.248955	  0.166915
  0.017692	  0.055334	  0.031324	  0.158928	  0.160466	  0.226719	  0.143317
  0.006923	  0.030627	  0.064963	  0.156140	  0.130659	  0.189564	  0.150950
 -0.032576	  0.018812	  0.082923	  0.146828	  0.083463	  0.166314	  0.089532
 -0.010087	 -0.016189	  0.096226	  0.134474	  0.088563	  0.132549	  0.052155
  0.000049	  0.014029	  0.096575	  0.110243	  0.083653	  0.078542	 -0.023866
 -0.009453	  0.006965	  0.078647	  0.078029	 -0.003993	  0.047754	 -0.068116
  0.012719	  0.004938	  0.040446	  0.068653	 -0.038709	  0.008191	 -0.100425
  0.000207	  0.016626	  0.038482	  0.058770	 -0.060818	 -0.053227	 -0.111543
  0.049748	  0.009468	  0.021378	  0.024814	 -0.106747	 -0.081703	 -0.135585
  0.045883	 -0.020275	  0.012128	  0.004732	 -0.113209	 -0.114202	 -0.168369
  0.009172	 -0.011375	  0.022835	 -0.005847	 -0.108331	 -0.145149	 -0.199981
 -0.007965	  0.009404	 -0.005103	 -0.012594	 -0.135128	 -0.177584	 -0.198618
  0.002932	  0.014504	  0.004241	 -0.023395	 -0.132975	 -0.172992	 -0.184238
  0.006733	  0.040383	  0.009404	 -0.021368	 -0.131898	 -0.123008	 -0.149775
  0.011262	  0.022423	 -0.004279	 -0.026119	 -0.115743	 -0.120189	 -0.137263
  0.000493	  0.021663	 -0.016063	 -0.019151	 -0.076434	 -0.101089	 -0.118480
  0.017597	  0.007567	 -0.019325	  0.008502	 -0.051696	 -0.102672	 -0.088483
  0.020891	  0.015644	 -0.018882	 -0.004549	 -0.051822	 -0.069572	 -0.103022
  0.004800	  0.027554	  0.009911	 -0.003187	 -0.072728	 -0.102324	 -0.091176
  0.007778	  0.042473	 -0.001840	  0.000963	 -0.081217	 -0.103116	 -0.070555
  0.014873	  0.081592	  0.007029	  0.035109	 -0.081566	 -0.085631	 -0.101059
  0.008665	  0.092584	  0.004210	  0.066151	 -0.095091	 -0.078251	 -0.088768
 -0.002390	  0.080420	  0.032812	  0.052625	 -0.088281	 -0.060766	 -0.099506
 -0.016897	  0.081561	 -0.003012	  0.034697	 -0.052329	 -0.051802	 -0.079899
  0.001601	  0.090018	  0.023183	  0.019778	 -0.056890	 -0.079898	 -0.035301
  0.003280	  0.082479	  0.006047	  0.030199	 -0.054451	 -0.109673	  0.009457
 -0.018576	  0.077950	 -0.003931	  0.035806	 -0.055750	 -0.084301	  0.038883
 -0.015282	  0.075954	  0.017862	  0.060449	 -0.045582	 -0.066753	  0.018294
 -0.014902	  0.040921	  0.018907	  0.069350	  0.005066	 -0.017814	  0.025643
 -0.009327	  0.019034	  0.034460	  0.109831	  0.020492	  0.004422	  0.098179
  0.000904	 -0.002030	  0.020016	  0.088862	  0.056254	 -0.003085	  0.127796
  0.005656	 -0.039502	  0.013776	  0.070965	  0.068322	 -0.012366	  0.156905
  0.031851	 -0.047484	  0.023500	  0.062571	  0.094232	  0.033088	  0.173028
  0.074961	 -0.003234	  0.020491	  0.082337	  0.083304	  0.078162	  0.163842
  0.098021	 -0.001745	  0.006332	  0.096654	  0.068892	  0.092606	  0.157919
  0.087188	  0.014472	  0.010798	  0.085884	  0.081911	  0.105181	  0.188391
  0.048227	  0.084507	  0.065153	  0.083477	  0.085300	  0.123933	  0.215916
  0.046390	  0.068954	  0.061289	  0.109356	  0.077603	  0.115951	  0.197545
  0.053390	  0.048935	  0.093249	  0.118605	  0.082037	  0.110154	  0.206762
  0.073409	  0.060782	  0.088656	  0.097826	  0.085997	  0.141829	  0.215283
  0.072522	  0.044881	  0.081276	  0.100582	  0.083051	  0.156780	  0.224500
  0.023235	  0.056506	  0.054193	  0.121361	  0.087897	  0.184433	  0.184970
  0.020670	  0.042442	  0.054668	  0.128203	  0.091002	  0.152979	  0.176417
  0.027892	  0.031260	  0.064900	  0.150122	  0.085997	  0.126372	  0.179838
  0.014366	 -0.000763	  0.065596	  0.179960	  0.119985	  0.114240	  0.174422
 -0.029346	  0.000092	  0.064171	  0.209228	  0.152357	  0.140847	  0.178159
 -0.033495	 -0.007035	  0.052610	  0.178503	  0.134650	  0.166283	  0.131882
 -0.026938	 -0.042005	  0.029677	  0.156457	  0.141270	  0.153232	  0.075848
 -0.019178	 -0.025058	 -0.008270	  0.126365	  0.140859	  0.137363	  0.070590
 -0.022567	 -0.027529	  0.003861	  0.087532	  0.147004	  0.092606	  0.081645
 -0.040242	 -0.003804	 -0.038995	  0.071757	  0.129329	  0.077180	  0.085636
 -0.050695	  0.011242	 -0.031393	  0.093993	  0.086314	  0.082882	  0.074074
 -0.006444	 -0.042100	 -0.013022	  0.089844	  0.050679	  0.081171	  0.047404
  0.021715	 -0.046281	 -0.024868	  0.033557	  0.054765	  0.061374	 -0.020160
 -0.016675	 -0.052648	 -0.012293	  0.015629	  0.033986	  0.047247	 -0.068433
 -0.025988	 -0.049290	  0.018559	  0.025004	  0.013049	  0.010757	 -0.108851
 -0.003277	 -0.053566	  0.012224	  0.029882	  0.014949	 -0.039163	 -0.121046
  0.010787	 -0.048498	  0.009689	  0.057947	  0.022488	 -0.125510	 -0.131308
  0.034037	 -0.054073	  0.021568	  0.075210	  0.026036	 -0.123451	 -0.154146
  0.020480	 -0.045616	  0.029392	  0.102451	 -0.007825	 -0.131339	 -0.172138
  0.007334	  0.004241	  0.021156	  0.103496	 -0.025880	 -0.117591	 -0.197130
 -0.013920	 -0.028954	 -0.048530	  0.101595	 -0.009409	 -0.110750	 -0.146323
 -0.020603	 -0.009759	 -0.070259	  0.106347	  0.006333	 -0.070364	 -0.073216
  0.035906	  0.001010	 -0.054738	  0.113695	 -0.013559	 -0.117243	 -0.013445
  0.038059	 -0.003329	 -0.022968	  0.092315	 -0.004975	 -0.130230	  0.006384
  0.061436	  0.001454	 -0.014099	  0.063965	 -0.035320	 -0.126302	 -0.000014
  0.072839	  0.018622	  0.010165	  0.062730	 -0.025690	 -0.121361	 -0.000458
  0.090229	 -0.009791	 -0.005071	  0.072327	 -0.010961	 -0.100012	 -0.010784
  0.087631	  0.011273	  0.000725	  0.056141	 -0.036713	 -0.096464	 -0.045532
  0.080853	  0.014156	  0.003354	  0.037801	 -0.048085	 -0.066151	 -0.114330
  0.048734	  0.001169	  0.004463	  0.040240	 -0.045392	 -0.069223	 -0.193202
  0.026403	  0.003608	  0.010196	  0.063173	 -0.049732	 -0.056395	 -0.224656
  0.004325	  0.002151	  0.002816	  0.056648	 -0.053153	 -0.125035	 -0.238086
  0.001601	 -0.017076	  0.000092	  0.052309	 -0.072253	 -0.196780	 -0.246512
  0.020575	  0.011907	 -0.020814	  0.016040	 -0.094299	 -0.222278	 -0.300740
  0.000778	 -0.005356	 -0.022778	  0.014647	 -0.119449	 -0.210780	 -0.329374
  0.003280	 -0.001270	 -0.026484	 -0.027070	 -0.144188	 -0.208975	 -0.314297
  0.003945	  0.031609	 -0.039787	 -0.042179	 -0.167279	 -0.212681	 -0.287943
  0.016267	  0.049157	 -0.068770	 -0.029224	 -0.167121	 -0.221613	 -0.277807
  0.004262	  0.025590	 -0.055815	 -0.007811	 -0.191162	 -0.237926	 -0.284934
  0.018928	  0.007757	 -0.021542	 -0.016395	 -0.212036	 -0.240048	 -0.285884
 -0.010119	 -0.006148	 -0.008651	 -0.041704	 -0.206271	 -0.241125	 -0.297731
 -0.047717	 -0.011976	 -0.050430	 -0.065017	 -0.179157	 -0.222088	 -0.339795
 -0.062003	 -0.003392	 -0.090119	 -0.079302	 -0.169116	 -0.186105	 -0.333144
 -0.048794	  0.021093	 -0.082074	 -0.090484	 -0.128128	 -0.154398	 -0.307708
 -0.017689	  0.012445	 -0.094839	 -0.060899	 -0.109060	 -0.123356	 -0.335994
  0.000809	 -0.004343	 -0.101332	 -0.059157	 -0.110643	 -0.136280	 -0.357343
 -0.012241	 -0.030760	 -0.122048	 -0.053107	 -0.135445	 -0.111858	 -0.323324
 -0.027698	 -0.044190	 -0.095758	 -0.050890	 -0.144346	 -0.110211	 -0.309514
 -0.015123	 -0.015397	 -0.078938	 -0.052885	 -0.150491	 -0.132764	 -0.342709
 -0.025545	 -0.015271	 -0.056702	 -0.038251	 -0.136459	 -0.152814	 -0.351769
 -0.036568	 -0.043683	 -0.074725	 -0.034418	 -0.123440	 -0.184775	 -0.374131
 -0.028427	 -0.044792	 -0.088156	 -0.066949	 -0.154672	 -0.181956	 -0.392693
 -0.046704	 -0.047326	 -0.036240	 -0.081488	 -0.132309	 -0.206124	 -0.358294
 -0.054179	 -0.076784	 -0.046122	 -0.038346	 -0.111815	 -0.186485	 -0.324369
 -0.013666	 -0.036271	 -0.035194	 -0.016395	 -0.088851	 -0.143914	 -0.338212
 -0.018829	 -0.012040	 -0.040516	 -0.016395	 -0.048433	 -0.106822	 -0.338370
  0.023204	 -0.030982	 -0.034878	  0.011416	 -0.030156	 -0.105745	 -0.303907
  0.003850	 -0.011311	  0.005952	  0.020507	 -0.027749	 -0.116419	 -0.298237
 -0.021458	  0.028505	  0.023247	  0.025004	 -0.019070	 -0.108342	 -0.281386
 -0.032545	  0.030880	  0.025812	  0.046005	 -0.003803	 -0.075590	 -0.241317
 -0.026305	  0.015359	 -0.013719	  0.067069	  0.027746	 -0.047177	 -0.241158
 -0.013761	  0.021504	 -0.015714	  0.071694	  0.041746	 -0.046829	 -0.228837
 -0.012969	  0.033446	 -0.010329	  0.056711	  0.045262	 -0.053481	 -0.229375
 -0.008693	  0.055777	 -0.003139	  0.107677	  0.044851	 -0.048729	 -0.253607
 -0.018386	  0.039464	 -0.009284	  0.112999	  0.086409	 -0.014932	 -0.212492
  0.006859	  0.029423	 -0.030982	  0.087722	  0.106269	 -0.023231	 -0.204415
 -0.002358	  0.063379	 -0.037950	  0.060417	  0.074847	 -0.051453	 -0.179106
  0.009457	  0.039274	 -0.036461	  0.046449	  0.070191	 -0.046100	 -0.184871
  0.024027	  0.008169	  0.002309	  0.046290	  0.031104	 -0.068368	 -0.191048
  0.017597	  0.025749	  0.004970	  0.049743	  0.012162	 -0.090604	 -0.162540
  0.025611	  0.039749	  0.007599	  0.018828	 -0.000318	 -0.115279	 -0.175400
  0.013511	  0.042917	 -0.025153	  0.003687	 -0.023885	 -0.129375	 -0.184840
 -0.008028	 -0.005926	 -0.044760	  0.010751	 -0.050175	 -0.132035	 -0.176414
 -0.004734	 -0.024520	 -0.043113	  0.017244	 -0.065918	 -0.132859	 -0.172106
 -0.015092	  0.007187	  0.002468	  0.004067	 -0.052804	 -0.113664	 -0.135141
 -0.024436	 -0.011470	 -0.002854	 -0.009838	 -0.059615	 -0.139669	 -0.128236
 -0.023486	 -0.026864	  0.017260	 -0.043509	 -0.036080	 -0.111383	 -0.127824
 -0.009105	 -0.042543	 -0.029651	 -0.049211	 -0.024550	 -0.137547	 -0.133082
 -0.007173	  0.002309	 -0.058096	 -0.040088	 -0.021636	 -0.146384	 -0.130168
 -0.019621	 -0.015207	 -0.009506	 -0.033627	 -0.032944	 -0.155000	 -0.105145
  0.019213	 -0.034878	 -0.024266	 -0.028622	 -0.023188	 -0.140049	 -0.102389
  0.031629	 -0.059426	 -0.051032	 -0.055514	 -0.031709	 -0.143787	 -0.085157
  0.029634	 -0.067440	 -0.047421	 -0.046740	 -0.049985	 -0.148380	 -0.102389
 -0.008757	 -0.046249	 -0.048276	 -0.040310	 -0.049954	 -0.088323	 -0.109326
 -0.015535	 -0.021257	 -0.046693	 -0.051175	 -0.091955	 -0.089717	 -0.098873
 -0.023454	 -0.028384	 -0.057399	 -0.069451	 -0.118309	 -0.119460	 -0.079171
 -0.058297	 -0.055182	 -0.088979	 -0.086714	 -0.145993	 -0.129596	 -0.077936
 -0.028269	 -0.051697	 -0.100699	 -0.032328	 -0.152898	 -0.120030	 -0.061718
 -0.028015	 -0.040326	 -0.067725	 -0.035970	 -0.122363	 -0.124623	 -0.045405
 -0.045658	 -0.037507	 -0.063227	 -0.016965	 -0.106589	 -0.097129	 -0.065519
  0.017059	 -0.019547	 -0.096645	 -0.007336	 -0.082864	 -0.075337	 -0.091398
  0.010977	 -0.017741	 -0.109441	  0.008153	 -0.112449	 -0.057947	 -0.054464
 -0.025608	 -0.025090	 -0.101776	 -0.031884	 -0.109693	 -0.037421	 -0.045943
 -0.033780	 -0.011248	 -0.128035	 -0.044713	 -0.096706	 -0.021489	 -0.041921
 -0.068021	 -0.034624	 -0.094301	 -0.026658	 -0.063732	 -0.018099	 -0.047749
 -0.027667	 -0.041466	 -0.066933	 -0.003883	 -0.059108	 -0.039543	 -0.021427
 -0.041065	 -0.007193	 -0.025217	 -0.001856	 -0.072475	 -0.062255	  0.000556
 -0.061718	 -0.027244	 -0.020846	  0.022122	 -0.079697	 -0.078726	 -0.022250
 -0.020920	 -0.020814	 -0.035860	 -0.004675	 -0.062117	 -0.044738	 -0.012463
 -0.034129	 -0.018945	 -0.029778	  0.006031	 -0.047008	 -0.029027	  0.028399
 -0.047052	 -0.034403	 -0.014447	  0.019746	 -0.046691	 -0.002420	  0.055132
 -0.003213	 -0.036176	 -0.017868	  0.007551	 -0.059646	 -0.045340	  0.069323
  0.015602	 -0.042068	 -0.047896	 -0.021717	 -0.065126	 -0.036883	  0.093175
  0.026118	 -0.069626	 -0.049828	 -0.043763	 -0.033007	 -0.045530	  0.089469
  0.006954	 -0.073807	 -0.062562	 -0.053234	 -0.009631	 -0.009072	  0.087948
 -0.026146	 -0.034593	 -0.053154	 -0.030332	 -0.010549	 -0.012398	  0.092003
 -0.020096	 -0.011470	 -0.059046	 -0.017535	 -0.032659	 -0.029091	  0.109361
 -0.011132	 -0.024425	 -0.067788	  0.020443	 -0.039754	 -0.016040	  0.087885
  0.002045	 -0.028574	 -0.049892	  0.016452	 -0.064999	  0.014083	  0.057160
 -0.003277	 -0.024552	 -0.036556	 -0.000114	 -0.061737	 -0.021710	  0.023837
 -0.011734	 -0.049322	 -0.024552	  0.008660	 -0.050809	 -0.063997	  0.055196
 -0.044930	 -0.050462	 -0.059521	  0.010402	 -0.052107	 -0.041286	  0.082247
 -0.041667	 -0.109441	 -0.096550	 -0.030269	 -0.075167	 -0.048666	  0.095297
 -0.097235	  0.000608	  0.000786	  0.019154	  0.040001	 -0.086017	  0.004214
 -0.047347	 -0.019537	 -0.022527	  0.001384	  0.020109	 -0.068533	  0.041655
  0.000800	 -0.033031	 -0.017048	  0.001954	  0.018114	 -0.035685	  0.036016
  0.004284	 -0.034171	 -0.011441	 -0.014865	 -0.013942	 -0.053962	  0.036618
 -0.011047	 -0.067209	  0.018714	  0.000466	 -0.009571	 -0.007463	  0.031677
  0.004886	 -0.031130	  0.026316	  0.001923	 -0.009634	  0.019335	  0.027084
  0.006090	 -0.020203	 -0.004631	  0.016208	 -0.027531	  0.009357	  0.027306
 -0.001101	  0.012043	 -0.012518	 -0.000928	 -0.024616	 -0.010662	 -0.002691
  0.008275	  0.001748	 -0.037225	  0.001479	 -0.014100	  0.016674	 -0.027208
 -0.017065	  0.007577	 -0.004568	  0.005914	 -0.010964	  0.006316	 -0.022266
 -0.003128	 -0.022895	 -0.002667	 -0.016544	 -0.027119	  0.016706	 -0.011560
  0.003936	 -0.023117	  0.000089	 -0.007105	 -0.017268	  0.049996	  0.059266
 -0.015165	 -0.011523	  0.024099	 -0.018635	  0.028408	  0.072232	  0.123472
 -0.014721	  0.009857	  0.007121	  0.000181	  0.024480	  0.072834	  0.130852
  0.008434	  0.039442	  0.018999	 -0.004444	  0.022865	  0.052309	  0.094362
  0.019773	  0.019550	  0.031986	 -0.005489	  0.025335	  0.009832	  0.031804
  0.045969	  0.015907	 -0.018695	  0.005914	 -0.003014	  0.017149	 -0.036552
  0.019298	  0.045841	 -0.001020	  0.000276	 -0.007353	 -0.029287	 -0.147257
  0.029561	  0.044922	  0.016972	 -0.007010	 -0.009634	 -0.037396	 -0.211621
  0.055503	  0.065321	 -0.012740	  0.020168	 -0.004566	 -0.013734	 -0.185172
  0.072639	  0.086290	  0.022261	  0.011425	 -0.007765	  0.026557	 -0.100599
  0.074572	  0.080240	 -0.005708	  0.001923	 -0.002317	  0.096939	 -0.024990
  0.070961	  0.090471	 -0.019740	  0.017855	 -0.034372	  0.123483	  0.089231
  0.035833	  0.097915	 -0.031048	  0.044684	 -0.035956	  0.130610	  0.145233
  0.034502	  0.067126	 -0.048818	  0.111298	 -0.021259	  0.097414	  0.150713
  0.033077	  0.059239	 -0.036750	  0.115035	 -0.012707	  0.089052	  0.142097
  0.026013	  0.039315	 -0.027025	  0.071545	 -0.042671	  0.048951	  0.063447
  0.012266	  0.074887	 -0.002604	  0.050829	 -0.062310	  0.038688	 -0.015899
 -0.007246	  0.082647	 -0.036370	  0.049246	 -0.058446	  0.003497	 -0.060086
  0.009289	  0.077928	 -0.021165	  0.054630	 -0.065573	  0.025321	 -0.061544
  0.019552	  0.071656	 -0.031397	  0.066730	 -0.035291	  0.071029	 -0.054227
 -0.003666	  0.103965	 -0.023604	  0.082758	 -0.004059	  0.091776	 -0.019384
  0.015909	  0.106530	  0.001419	  0.080351	  0.011969	  0.115628	  0.082801
  0.046064	  0.104693	  0.015293	  0.098754	 -0.015209	  0.111763	  0.160405
  0.010049	  0.108399	 -0.019233	  0.095206	  0.006900	  0.114012	  0.162686
  0.015117	  0.092308	  0.004682	  0.089695	  0.023118	  0.081101	  0.159233
  0.011633	  0.064972	  0.007976	  0.074111	  0.022421	  0.051675	  0.097150
 -0.003350	  0.044827	 -0.019518	  0.082948	  0.019539	 -0.018961	 -0.024673
 -0.023400	  0.049451	 -0.020057	  0.106008	  0.025842	 -0.056813	 -0.154352
 -0.028595	  0.048375	 -0.004283	  0.101415	  0.034680	 -0.108000	 -0.165280
 -0.026789	  0.019518	  0.001958	  0.103917	  0.045196	 -0.091149	 -0.126731
 -0.039016	  0.026360	 -0.020025	  0.113515	  0.024449	 -0.032391	 -0.069367
 -0.042912	  0.064117	 -0.018663	  0.101573	  0.034141	  0.022661	 -0.013049
 -0.049532	  0.100132	 -0.014640	  0.081364	  0.024037	  0.052214	  0.071524
 -0.034867	  0.106594	  0.008388	  0.082600	  0.019571	  0.049173	  0.121381
 -0.032618	  0.086955	  0.006107	  0.070500	  0.013869	  0.065454	  0.140735
 -0.001259	  0.027501	 -0.011695	  0.054535	  0.011620	  0.051453	  0.113368
  0.004506	  0.013183	  0.008768	  0.058907	  0.005222	  0.022122	  0.020305
 -0.022292	  0.005074	  0.012727	  0.078577	 -0.012548	 -0.019721	 -0.034176
 -0.039174	  0.040646	  0.018207	  0.079812	 -0.003584	 -0.042179	 -0.085902
 -0.036260	  0.069914	  0.037814	  0.048232	  0.013521	 -0.029794	 -0.126826
 -0.012757	  0.117015	  0.055109	  0.039521	  0.050676	  0.003054	 -0.046371
 -0.016432	  0.118820	  0.050294	  0.066065	  0.054413	  0.002262	  0.037220
 -0.008449	  0.133328	  0.030339	  0.072432	  0.067274	 -0.011929	  0.109376
 -0.008006	  0.141500	  0.042787	  0.076898	  0.097017	  0.000931	  0.160595
  0.041408	  0.130160	  0.037592	  0.097741	  0.093406	  0.012461	  0.190085
  0.037828	  0.138459	  0.036990	  0.089283	  0.056061	  0.032923	  0.154292
  0.059621	  0.101621	  0.032239	  0.091469	  0.021313	  0.037295	  0.100887
  0.056992	  0.087842	  0.075032	  0.106673	  0.011145	  0.024086	  0.006495
  0.070834	  0.091010	  0.095495	  0.108288	  0.022390	  0.015090	 -0.076779
  0.024018	  0.068457	  0.087069	  0.135846	  0.030910	 -0.011295	 -0.132750
 -0.011554	  0.076661	  0.068349	  0.132172	  0.010195	 -0.015730	 -0.092807
  0.008592	  0.098675	  0.038004	  0.134896	 -0.026960	 -0.001033	 -0.030280
  0.018918	  0.135102	  0.002433	  0.140312	  0.011715	  0.030928	  0.079633
  0.018285	  0.129622	  0.026062	  0.091627	  0.009023	  0.054494	  0.167089
  0.038620	  0.128862	  0.038352	  0.076930	  0.003448	  0.130357	  0.195533
  0.084391	  0.125282	  0.032778	  0.086559	 -0.024110	  0.136090	  0.171745
  0.088129	  0.113562	  0.015610	  0.097582	 -0.030635	  0.123768	  0.114381
  0.045810	  0.125504	  0.003003	  0.088333	 -0.010933	  0.067766	  0.034338
  0.047046	  0.130477	  0.031701	  0.064576	  0.016245	 -0.003345	 -0.043837
  0.020724	  0.119707	  0.045701	  0.073097	  0.039748	 -0.031599	 -0.085173
  0.036244	  0.109286	  0.025461	  0.100686	  0.055902	 -0.022572	 -0.055335
  0.032190	  0.095317	  0.028026	  0.121149	  0.044436	  0.019050	 -0.024103
  0.064277	  0.105548	  0.022958	  0.109049	  0.048934	  0.051960	 -0.010641
  0.067888	  0.092815	  0.058688	  0.113040	  0.077473	  0.095324	  0.093539
  0.077644	  0.135165	  0.058086	  0.088238	  0.068319	  0.092156	  0.169274
  0.101654	  0.141848	  0.059860	  0.071893	  0.042599	  0.094659	  0.161134
  0.097853	  0.158573	  0.040253	  0.065843	  0.006742	  0.081355	  0.119069
  0.090948	  0.100702	  0.039018	  0.053268	  0.007882	  0.031973	  0.044094
  0.051480	  0.100164	  0.014058	  0.065368	  0.004810	 -0.016427	 -0.055589
  0.062883	  0.087905	  0.009211	  0.052001	 -0.013023	 -0.006006	 -0.139845
  0.035928	  0.110838	  0.008419	  0.080668	 -0.016476	  0.010402	 -0.210196
  0.022687	  0.108558	  0.041647	  0.087446	  0.018082	 -0.027703	 -0.153655
  0.031430	  0.102318	  0.063914	  0.074491	  0.016498	 -0.031916	 -0.062937
  0.020502	  0.134183	  0.038669	  0.073826	  0.027426	 -0.012214	  0.041179
 -0.004522	  0.135672	  0.028375	  0.080002	  0.030372	  0.012651	  0.130155
 -0.028215	  0.112327	  0.040158	  0.084374	  0.023498	  0.028109	  0.170003
  0.000546	  0.117458	  0.052226	  0.064640	  0.007059	  0.007298	  0.118182
  0.023669	  0.123572	  0.079879	  0.054694	 -0.013625	 -0.001128	  0.067312
  0.031810	  0.081539	  0.076331	  0.041010	 -0.016001	 -0.006481	 -0.042760
  0.040679	  0.045144	  0.065910	  0.043069	  0.002022	 -0.023997	 -0.118939
  0.039760	  0.028989	  0.080386	  0.017697	  0.010195	 -0.017504	 -0.165597
  0.002352	  0.032188	  0.091567	  0.020928	  0.019666	 -0.002078	 -0.164647
  0.048661	  0.018156	  0.089445	  0.024095	 -0.010838	 -0.032359	 -0.105636
  0.046191	  0.033867	  0.067684	  0.028403	 -0.033866	  0.004859	 -0.000854
  0.011031	  0.077611	  0.047032	  0.059255	  0.030657	  0.081703	  0.081470
 -0.010952	  0.091263	  0.066987	  0.074934	  0.043359	  0.136438	  0.111245
 -0.027138	  0.094240	  0.104142	  0.051114	  0.022580	  0.179485	  0.151695
  0.030701	  0.111789	  0.100499	  0.038634	  0.020838	  0.113157	  0.117517
  0.023859	  0.140740	  0.073544	  0.046712	  0.005285	  0.060322	  0.055212
  0.003207	  0.113277	  0.067874	  0.049182	  0.028820	 -0.001223	 -0.050647
  0.018950	  0.063990	  0.088811	  0.092071	  0.000122	  0.003180	 -0.128822
  0.010587	  0.091010	  0.108228	  0.077880	  0.010005	  0.004637	 -0.141682
 -0.007436	  0.099213	  0.066353	  0.052920	  0.014344	  0.044770	 -0.122455
  0.025507	  0.067316	  0.024320	  0.012122	  0.020933	  0.050091	 -0.046815
  0.039032	  0.082552	  0.014533	 -0.014675	  0.033634	  0.082432	  0.054832
  0.024683	  0.075520	  0.037149	  0.005597	  0.030942	  0.108089	  0.101236
 -0.031984	  0.111218	  0.047412	 -0.028106	  0.022231	  0.089749	  0.119101
 -0.031256	  0.093734	  0.079119	 -0.040015	 -0.004946	  0.061336	  0.117042
  0.003524	  0.079891	  0.090237	  0.002620	 -0.040803	  0.008723	  0.079348
  0.050023	  0.063199	  0.075286	  0.022132	 -0.046758	 -0.056464	 -0.034525
  0.056073	  0.100575	  0.076870	  0.057513	 -0.031395	 -0.074456	 -0.134048
  0.034566	  0.093734	  0.087703	  0.061092	 -0.033264	 -0.069420	 -0.162905
  0.050023	  0.091105	  0.073227	  0.070341	 -0.037825	 -0.057890	 -0.119636
  0.042991	  0.089711	  0.110034	  0.090994	 -0.018028	 -0.069610	 -0.066358
  0.027502	  0.099815	  0.120106	  0.119058	  0.002814	 -0.042432	  0.030917
  0.011348	  0.112422	  0.103952	  0.123619	  0.037087	 -0.016965	  0.106241
  0.016099	  0.108558	  0.084218	  0.092166	  0.046526	 -0.037903	  0.120336
 -0.009241	  0.098073	  0.076521	  0.063975	  0.025019	 -0.038378	  0.104182
  0.024049	  0.107639	  0.064421	  0.067681	  0.025589	 -0.025518	  0.073045
 -0.002716	  0.095476	  0.043832	  0.084785	  0.048965	 -0.046360	  0.044157
 -0.018269	  0.088697	  0.047760	  0.079147	  0.015421	 -0.031251	  0.005450
  0.023796	  0.082742	  0.043896	  0.094985	  0.000724	 -0.043858	  0.021509
  0.037923	  0.083851	  0.009211	  0.092736	 -0.050495	 -0.053677	  0.030885
  0.041534	  0.047076	 -0.008400	  0.067554	 -0.065699	 -0.039106	  0.001997
  0.023416	  0.003554	  0.041710	  0.048961	 -0.044350	 -0.032391	  0.000033
  0.009384	  0.055533	  0.063091	  0.050386	 -0.024933	 -0.031188	  0.042415
  0.043340	  0.087050	  0.055774	  0.023874	 -0.035354	 -0.021558	  0.022364
  0.070897	  0.072194	  0.035977	  0.036639	 -0.006181	 -0.012277	 -0.015329
  0.075142	  0.052302	  0.029610	  0.046236	 -0.028196	 -0.021622	  0.021034
  0.056105	  0.042641	  0.012600	  0.043576	 -0.017838	 -0.003408	  0.028098
  0.105360	  0.057529	  0.040000	  0.036544	 -0.015557	  0.016072	  0.002757
  0.119170	  0.050909	  0.038606	 -0.018286	 -0.013879	  0.037390	 -0.041525
  0.144352	  0.029211	  0.032841	 -0.022879	  0.000249	  0.065169	 -0.017071
  0.147298	  0.049198	  0.015229	 -0.001023	  0.013552	  0.089844	 -0.014221
  0.129592	  0.081349	  0.004998	  0.032204	  0.031005	  0.062191	 -0.013777
  0.142293	  0.132282	  0.030149	  0.035847	  0.055300	  0.080025	 -0.034873
  0.101844	  0.130952	  0.064643	  0.053617	  0.021249	  0.036566	 -0.037470
  0.085531	  0.101241	  0.018555	  0.053490	  0.006774	  0.029946	 -0.021854
  0.077201	  0.126929	 -0.023256	  0.045603	 -0.010173	  0.030041	 -0.063792
  0.069250	  0.129938	  0.016623	  0.056911	 -0.040834	  0.020285	 -0.069557
  0.056865	  0.116571	  0.061761	  0.047725	 -0.031522	 -0.021241	 -0.063666
  0.035231	  0.112992	  0.068001	  0.056563	 -0.040803	 -0.029160	 -0.053023
  0.001180	  0.119612	  0.062679	  0.077880	 -0.046314	 -0.005942	 -0.036330
  0.015434	  0.134468	  0.055742	  0.041453	 -0.021924	  0.017624	  0.013622
  0.018348	  0.085561	  0.073322	 -0.019331	 -0.006276	  0.007108	  0.012672
  0.010556	  0.063135	  0.045511	 -0.055980	  0.009086	  0.020697	  0.023061
  0.005614	  0.072765	  0.024605	 -0.038052	 -0.007860	  0.045023	  0.011975
  0.025412	  0.087620	  0.009813	 -0.031748	 -0.014322	  0.037485	  0.016346
  0.000800	  0.098263	  0.001958	 -0.037766	 -0.003901	  0.059942	 -0.004940
 -0.026124	  0.096458	  0.003890	 -0.031526	 -0.027752	  0.085568	 -0.040479
 -0.026599	  0.106499	 -0.002382	 -0.021865	 -0.030096	  0.045498	 -0.011592
  0.022719	  0.083122	 -0.019518	 -0.010241	 -0.023571	  0.045530	 -0.033701
  0.011063	  0.078878	  0.026031	 -0.005996	 -0.010553	  0.054336	 -0.031199
  0.028959	  0.119897	  0.054000	 -0.021675	 -0.009381	  0.045783	 -0.013112
  0.046476	  0.112644	  0.039239	 -0.012933	  0.026349	  0.047272	 -0.025117
  0.009257	  0.086607	  0.020361	  0.000307	  0.033096	  0.044041	 -0.002501
 -0.009780	  0.052366	  0.031226	  0.013199	  0.005095	  0.026272	 -0.023565
 -0.010508	  0.029148	  0.037561	 -0.007833	 -0.020752	  0.001723	 -0.067530
 -0.019187	  0.033170	 -0.004473	 -0.025096	 -0.015747	  0.000900	 -0.054575
 -0.007309	 -0.001926	 -0.000988	 -0.030576	  0.011683	 -0.013386	 -0.069684
  0.001370	 -0.024479	  0.027108	 -0.032540	  0.023277	 -0.001951	 -0.077508
 -0.008798	 -0.023497	  0.053652	 -0.049296	  0.043771	  0.001786	 -0.043330
 -0.034613	  0.009794	  0.059575	 -0.049075	  0.007312	 -0.010567	 -0.062430
 -0.019853	  0.026804	  0.038733	 -0.051355	  0.020489	 -0.039867	 -0.081626
 -0.036609	  0.054520	  0.046050	 -0.059464	  0.019824	 -0.047089	 -0.063032
 -0.014531	  0.049578	  0.065308	 -0.050595	  0.015073	 -0.015065	 -0.032212
 -0.013739	  0.044795	  0.125206	 -0.048980	 -0.010363	 -0.044935	 -0.013524
  0.015402	  0.040297	  0.091250	 -0.005363	 -0.008969	 -0.022794	  0.001395
  0.019425	  0.057497	  0.076490	  0.029005	 -0.046156	 -0.009046	  0.024708
  0.044670	  0.036655	  0.068792	  0.021276	 -0.075297	 -0.004517	 -0.000695
  0.046824	  0.031650	  0.029135	  0.026471	 -0.074283	  0.011289	 -0.001265
  0.017176	  0.060601	  0.040316	  0.022258	 -0.075550	  0.039163	 -0.045674
  0.012741	  0.086733	  0.023212	  0.029132	 -0.092497	  0.042521	 -0.078553
  0.038937	  0.089616	  0.023243	  0.031349	 -0.054550	  0.037643	 -0.049380
  0.056833	  0.099023	  0.014628	  0.024539	 -0.042418	  0.034190	 -0.063064
  0.062788	  0.075077	  0.018017	  0.052952	 -0.053663	  0.003244	 -0.066200
  0.030099	  0.044890	  0.040095	  0.069169	 -0.006467	  0.029471	 -0.106744
 -0.030876	  0.030636	  0.048584	  0.047757	 -0.044794	  0.014235	 -0.085395
 -0.062012	  0.060633	  0.026094	  0.049594	 -0.048246	  0.015692	 -0.075576
 -0.046301	  0.030573	 -0.001844	  0.014751	 -0.045332	  0.021520	 -0.065281
 -0.020708	  0.001210	  0.013392	  0.051463	  0.002593	  0.012524	 -0.088214
 -0.059067	 -0.009084	  0.018840	  0.054535	  0.025304	  0.012619	 -0.086630
 -0.057103	  0.017238	 -0.003554	  0.045635	  0.009371	  0.014140	 -0.082734
 -0.087321	  0.014419	  0.000184	  0.057196	  0.013552	  0.014963	 -0.075132
 -0.043862	  0.011093	  0.028691	  0.076360	  0.017670	  0.014805	 -0.062779
 -0.003635	  0.040234	  0.054760	  0.076898	  0.016783	  0.025955	 -0.046403
  0.025823	  0.014514	  0.020107	  0.076550	 -0.006910	  0.018163	 -0.041905
  0.027914	  0.008400	  0.024700	  0.062834	 -0.022938	  0.022502	 -0.027366
  0.040046	  0.017174	  0.037434	  0.066572	 -0.006593	  0.022692	 -0.020809
  0.000515	  0.012962	  0.039936	  0.074047	  0.009339	  0.023706	 -0.039783
  0.026805	  0.021546	  0.061919	  0.076233	  0.045259	  0.010877	 -0.021664
  0.054901	  0.032949	  0.063123	  0.105564	  0.037879	  0.015122	 -0.024040
  0.080875	  0.051352	  0.034266	  0.103315	  0.028820	  0.033905	 -0.038452
  0.069820	  0.054773	  0.006677	  0.115479	 -0.001050	  0.067766	 -0.042823
  0.060761	  0.062882	  0.020171	  0.083328	 -0.004851	  0.063617	 -0.046466
  0.007515	  0.065796	  0.009813	  0.047915	  0.013837	  0.070554	 -0.065535
 -0.019662	  0.053284	  0.012220	  0.043956	  0.023403	  0.027285	 -0.075607
 -0.008766	  0.033931	  0.026538	  0.051241	  0.011462	  0.009389	 -0.081847
  0.018380	  0.021355	 -0.008369	  0.035150	 -0.011186	 -0.011961	 -0.053466
  0.023701	  0.002540	 -0.001020	  0.016177	 -0.022843	 -0.001698	 -0.108138
  0.029656	  0.024966	  0.016782	  0.051748	  0.005633	  0.009294	 -0.094264
  0.008687	  0.040297	  0.017035	  0.086274	 -0.023540	  0.009769	 -0.108740
  0.012678	  0.029528	  0.003003	  0.076201	 -0.018598	  0.021203	 -0.122835
  0.046412	  0.036180	  0.008261	  0.081048	 -0.001684	  0.016357	 -0.104337
  0.038715	  0.038967	  0.004872	  0.069993	  0.010131	 -0.017947	 -0.103070
  0.035199	  0.033012	  0.033253	  0.066192	  0.029833	 -0.015255	 -0.096165
  0.046127	  0.028926	  0.034266	  0.063690	  0.040096	  0.008122	 -0.104654
  0.064562	  0.022813	  0.003953	  0.059065	  0.052228	  0.018416	 -0.087802
  0.076155	  0.027659	  0.007216	  0.033693	  0.031607	  0.007583	 -0.080580
  0.052557	  0.009351	 -0.014989	  0.024222	  0.020172	  0.027253	 -0.077350
  0.043245	  0.011504	  0.014596	  0.020389	  0.036042	  0.024751	 -0.067087
  0.040489	  0.043750	  0.051561	  0.012851	  0.029897	  0.010909	 -0.073105
