:RUN-4	LEVEL SWEEP	TEMP:NaN	8/27/2019	2:54 PM	HR:-636.36:SW EAR: R	SW FREQ: 16.00	# AVERAGES: 512	REP RATE (/sec): 80	DRIVER: 	SAMPLE (µsec): 40	MASKER dB: 2147483647:NOTES-:CHAMBER-SEWELL-PXI1:CFTS Version: V2.7.2 (R850):LEVELS:20;30;40;50;60;70;80;:DATA -0.073929	 -0.058533	 -0.027797	 -0.009184	 -0.045304	  0.045338	 -0.066616
 -0.073200	 -0.069397	 -0.039485	 -0.018750	 -0.071277	  0.021075	 -0.062055
 -0.027049	 -0.083493	 -0.042462	 -0.018275	 -0.077834	  0.005998	 -0.082201
 -0.005985	 -0.046496	 -0.022412	 -0.057109	 -0.079545	 -0.025551	 -0.092622
 -0.022266	 -0.018178	 -0.001411	 -0.069431	 -0.041122	 -0.049466	 -0.079730
 -0.039086	  0.017456	  0.002485	 -0.030248	 -0.038113	 -0.037619	 -0.073997
 -0.029710	  0.033769	  0.011481	 -0.038547	 -0.022054	 -0.038981	 -0.058856
 -0.031452	  0.030126	  0.041794	 -0.012859	 -0.003746	 -0.051683	 -0.045806
 -0.053815	  0.027592	  0.040337	 -0.014569	 -0.010873	 -0.108382	 -0.045552
 -0.032877	  0.050304	  0.041921	  0.022776	  0.018839	 -0.097391	 -0.052331
 -0.010420	  0.038362	  0.030454	  0.048782	  0.021183	 -0.071353	 -0.045109
  0.013369	  0.041498	 -0.026498	  0.038836	  0.028437	 -0.059475	 -0.080078
  0.007604	  0.027054	 -0.031598	 -0.010388	  0.025776	 -0.030429	 -0.097436
  0.010296	 -0.022391	 -0.032960	 -0.010135	  0.025111	 -0.034262	 -0.059521
 -0.007537	 -0.010703	 -0.027385	 -0.002786	  0.030020	 -0.015827	  0.035695
  0.036903	 -0.001834	 -0.005687	 -0.005827	  0.043799	  0.023641	  0.091919
  0.057999	  0.012958	  0.023992	  0.030695	  0.043197	  0.058737	  0.126255
  0.106019	  0.002062	  0.025766	  0.058411	  0.063469	  0.105332	  0.186184
  0.095313	  0.020560	  0.014078	  0.041084	  0.046523	  0.179927	  0.259133
  0.079823	  0.009284	  0.025386	  0.057524	  0.043514	  0.180370	  0.242725
  0.041845	  0.010393	  0.018893	  0.082769	  0.094480	  0.169981	  0.239367
  0.022238	  0.065634	  0.044613	  0.068072	  0.076425	  0.160763	  0.230023
 -0.009913	  0.058761	  0.051772	  0.113399	  0.068949	  0.195828	  0.228819
 -0.009564	  0.065634	  0.077302	  0.149414	  0.087163	  0.210937	  0.241299
  0.007255	  0.037032	  0.093995	  0.179411	  0.111458	  0.183601	  0.266735
  0.028383	  0.015334	  0.095230	  0.149446	  0.109399	  0.180909	  0.247128
  0.005196	  0.032945	  0.100710	  0.083941	  0.074999	  0.195923	  0.296256
 -0.008709	  0.037665	  0.115154	  0.065886	  0.094828	  0.265830	  0.355014
  0.009884	  0.057621	  0.126937	  0.073362	  0.125553	  0.303112	  0.464705
  0.010740	  0.059331	  0.125100	  0.103833	  0.180605	  0.372228	  0.567270
  0.004088	  0.060598	  0.103878	  0.158061	  0.211615	  0.430415	  0.672147
 -0.029330	  0.066015	  0.104733	  0.201805	  0.267522	  0.485625	  0.757195
 -0.005257	  0.066965	  0.116453	  0.266043	  0.281744	  0.563673	  0.838189
 -0.019004	  0.035194	  0.142300	  0.278301	  0.292197	  0.613150	  0.845886
  0.002282	 -0.001549	  0.138942	  0.304908	  0.327673	  0.618630	  0.798848
  0.029080	 -0.007441	  0.178315	  0.310831	  0.327325	  0.580525	  0.709967
  0.019070	  0.006655	  0.196686	  0.313397	  0.318234	  0.463358	  0.527327
  0.019925	  0.046122	  0.177681	  0.276907	  0.278355	  0.344924	  0.273957
  0.035668	  0.088757	  0.182971	  0.223629	  0.209429	  0.176379	  0.049980
  0.051189	  0.138614	  0.171029	  0.176718	  0.121530	  0.010749	 -0.168136
  0.034243	  0.131202	  0.133621	  0.114698	  0.019726	 -0.097676	 -0.369907
  0.020305	  0.096930	  0.112050	  0.074280	 -0.071404	 -0.215888	 -0.556063
  0.019482	  0.107509	  0.064188	  0.028478	 -0.169503	 -0.337648	 -0.678520
 -0.004211	  0.070386	  0.018006	 -0.051598	 -0.258415	 -0.427891	 -0.775763
 -0.001487	  0.063354	 -0.011009	 -0.091603	 -0.290154	 -0.483354	 -0.855237
 -0.006238	  0.026832	 -0.051965	 -0.136551	 -0.303806	 -0.528396	 -0.876174
  0.031835	 -0.012952	 -0.085287	 -0.186756	 -0.305010	 -0.552406	 -0.804081
  0.057366	 -0.043424	 -0.105876	 -0.237753	 -0.345332	 -0.546483	 -0.667054
  0.042256	 -0.076176	 -0.140592	 -0.240984	 -0.332630	 -0.474517	 -0.529013
  0.048401	 -0.095530	 -0.121112	 -0.245197	 -0.285307	 -0.357888	 -0.342128
  0.028256	 -0.100661	 -0.120827	 -0.200060	 -0.256230	 -0.221273	 -0.119419
  0.032247	 -0.112508	 -0.117121	 -0.148112	 -0.164308	 -0.080318	  0.061415
  0.024170	 -0.111367	 -0.073758	 -0.076684	 -0.095319	  0.087815	  0.200502
 -0.010515	 -0.100027	 -0.008411	 -0.009184	 -0.025665	  0.181701	  0.259418
 -0.016596	 -0.051152	  0.045722	  0.063099	  0.026124	  0.258260	  0.287577
 -0.013460	 -0.020617	  0.063587	  0.119227	  0.063850	  0.304823	  0.265373
 -0.035348	 -0.016721	  0.101344	  0.141812	  0.111046	  0.333267	  0.213140
 -0.026384	  0.009981	  0.142965	  0.172980	  0.194162	  0.295383	  0.167433
  0.009251	  0.028511	  0.173658	  0.228349	  0.189125	  0.291297	  0.135757
  0.039912	  0.049417	  0.167292	  0.277382	  0.230050	  0.242897	  0.097335
  0.037537	  0.047960	  0.177143	  0.276907	  0.239616	  0.185787	  0.052071
  0.048908	  0.042258	  0.192980	  0.261703	  0.216429	  0.096019	 -0.022904
  0.026355	  0.049543	  0.204732	  0.225213	  0.159414	  0.021740	 -0.053091
  0.023188	  0.055720	  0.202926	  0.195692	  0.112883	 -0.033090	 -0.089834
  0.044664	  0.035258	  0.151105	  0.142794	  0.041487	 -0.069516	 -0.138583
  0.049383	  0.054485	  0.141350	  0.114254	 -0.028199	 -0.107970	 -0.112197
  0.072380	  0.053661	  0.121933	  0.076054	 -0.073273	 -0.100780	 -0.079477
  0.052139	  0.038362	  0.100267	  0.030093	 -0.106469	 -0.085386	 -0.057272
  0.010328	 -0.031926	  0.107552	 -0.005858	 -0.075395	 -0.052095	 -0.018438
  0.016980	 -0.047510	  0.097321	  0.004563	 -0.064182	 -0.038221	 -0.042416
  0.007287	 -0.049252	  0.079203	  0.021224	 -0.077011	 -0.064638	 -0.075485
 -0.015551	 -0.047637	  0.042744	  0.013654	 -0.080273	 -0.063910	 -0.090658
 -0.023818	 -0.041555	  0.010721	 -0.027683	 -0.064657	 -0.033596	 -0.131107
 -0.003451	 -0.078330	  0.017911	 -0.025624	 -0.028199	 -0.016555	 -0.112704
  0.010391	 -0.075511	  0.001851	 -0.013365	 -0.026045	 -0.019501	 -0.078463
 -0.004021	 -0.075923	  0.051392	  0.009282	 -0.010429	 -0.020768	 -0.095884
 -0.006365	 -0.057044	  0.060672	  0.021604	 -0.020755	 -0.011582	 -0.101111
 -0.042697	 -0.055872	  0.051107	  0.021351	 -0.049010	 -0.043828	 -0.115016
 -0.039593	 -0.028220	  0.045563	  0.003898	 -0.040267	 -0.074236	 -0.167059
 -0.042443	 -0.031007	  0.051582	  0.027052	 -0.047584	 -0.082630	 -0.189580
 -0.037090	 -0.030088	  0.069858	  0.027369	 -0.029434	 -0.091657	 -0.186824
 -0.035221	 -0.046211	  0.051138	  0.069339	 -0.038874	 -0.082566	 -0.180521
 -0.048620	 -0.022233	  0.044486	  0.067122	 -0.061616	 -0.124315	 -0.204499
 -0.047923	 -0.028220	  0.058392	  0.021826	 -0.064942	 -0.161470	 -0.183467
 -0.017166	 -0.006934	  0.048636	  0.035034	 -0.059716	 -0.140944	 -0.170701
 -0.028253	 -0.011210	  0.067356	 -0.012859	 -0.049611	 -0.080983	 -0.124741
 -0.031705	 -0.023278	  0.045025	  0.001110	 -0.029941	 -0.062104	 -0.087237
 -0.021949	 -0.038609	  0.032576	 -0.008392	 -0.003809	 -0.064005	 -0.085590
 -0.013334	 -0.041808	  0.005462	 -0.023755	 -0.027439	 -0.026406	 -0.043810
 -0.003324	 -0.058976	  0.010309	 -0.006460	 -0.032000	 -0.014655	  0.010545
  0.028794	 -0.051121	 -0.012149	 -0.006524	 -0.008434	  0.041347	 -0.005958
 -0.001677	 -0.036138	 -0.060327	 -0.013302	  0.022228	  0.032985	 -0.006592
 -0.022646	 -0.036518	 -0.040213	 -0.017420	  0.049089	  0.059086	  0.048080
 -0.019795	 -0.038736	 -0.035050	 -0.015614	  0.084977	  0.115721	  0.090683
 -0.032276	 -0.034871	  0.010530	 -0.015614	  0.102145	  0.145179	  0.138133
 -0.036013	 -0.003038	  0.071252	 -0.004496	  0.086212	  0.151863	  0.158849
 -0.004306	  0.019674	  0.091366	  0.009726	  0.092674	  0.180814	  0.172564
  0.011468	  0.003868	  0.117245	  0.069656	  0.126915	  0.227725	  0.201895
  0.026577	 -0.012445	  0.110403	  0.104055	  0.117381	  0.202733	  0.229770
  0.004024	  0.009316	  0.110054	  0.113874	  0.153491	  0.199090	  0.229516
  0.028034	  0.030285	  0.148825	  0.086348	  0.178039	  0.212046	  0.239621
  0.016124	  0.010076	  0.167513	  0.110612	  0.174776	  0.247142	  0.250675
 -0.001392	  0.061390	  0.151676	  0.119449	  0.198818	  0.231241	  0.249725
  0.002346	  0.061200	  0.168812	  0.115680	  0.208131	  0.268333	  0.259671
 -0.006175	  0.017551	  0.165993	  0.122142	  0.197614	  0.276061	  0.242091
 -0.019669	  0.012610	  0.163839	  0.123852	  0.171546	  0.269251	  0.268825
 -0.038547	  0.036208	  0.156269	  0.134717	  0.134676	  0.224082	  0.272468
 -0.036773	  0.037412	  0.169414	  0.124359	  0.118806	  0.208371	  0.229199
 -0.008519	  0.032059	  0.189464	  0.115585	  0.111204	  0.202353	  0.174338
  0.000002	  0.045806	  0.170174	  0.103770	  0.092294	  0.195765	  0.141364
 -0.017895	  0.051064	  0.205714	  0.073045	  0.071990	  0.145781	  0.091570
 -0.002184	  0.029461	  0.151929	  0.055687	  0.070090	  0.130735	  0.067909
  0.056447	  0.047231	  0.109516	  0.043175	  0.062773	  0.084299	 -0.024995
  0.035826	  0.026832	  0.065107	  0.058284	  0.035152	  0.058895	 -0.082961
  0.036016	  0.032249	  0.066501	  0.061737	  0.039269	  0.013790	 -0.137791
  0.046311	  0.011406	  0.091303	  0.071873	  0.003856	  0.008468	 -0.172412
  0.056637	 -0.013300	  0.089877	  0.060438	 -0.025792	 -0.012786	 -0.187711
  0.031930	 -0.063347	  0.041382	  0.019862	 -0.023226	 -0.006894	 -0.207191
  0.065760	 -0.026414	 -0.003850	  0.010486	 -0.017303	 -0.013768	 -0.212766
  0.074502	  0.007288	 -0.031693	 -0.019289	 -0.029878	 -0.046742	 -0.186349
  0.072823	  0.036145	 -0.010375	 -0.021823	 -0.052589	 -0.081236	 -0.195186
  0.062529	  0.055910	 -0.042304	 -0.037185	 -0.050783	 -0.105468	 -0.159932
  0.082484	  0.040928	 -0.079649	 -0.027461	 -0.078278	 -0.133215	 -0.151570
  0.031233	  0.023094	 -0.043856	 -0.039814	 -0.031050	 -0.156180	 -0.111627
  0.044664	  0.000320	 -0.011452	 -0.039783	 -0.006375	 -0.168185	 -0.121066
  0.054071	 -0.017260	 -0.027417	 -0.034873	 -0.006628	 -0.154406	 -0.161959
  0.024708	 -0.020016	 -0.053390	 -0.032972	 -0.017144	 -0.155420	 -0.205101
  0.022554	  0.036176	 -0.032231	 -0.012827	 -0.007990	 -0.172873	 -0.202757
  0.037030	  0.040294	 -0.026340	 -0.014221	 -0.011981	 -0.164986	 -0.255686
  0.034243	  0.017456	 -0.040213	  0.013527	 -0.044955	 -0.167900	 -0.313019
  0.019894	 -0.016341	 -0.022760	 -0.005668	 -0.046951	 -0.173285	 -0.364586
  0.024645	 -0.031735	 -0.020068	 -0.033733	 -0.047363	 -0.160456	 -0.405954
  0.012292	 -0.026541	 -0.021778	 -0.015393	 -0.052336	 -0.190389	 -0.453277
  0.020939	 -0.066483	  0.004005	 -0.038927	 -0.075332	 -0.180380	 -0.477477
  0.015713	 -0.085869	  0.008123	 -0.034905	 -0.121578	 -0.202616	 -0.533447
  0.027369	 -0.094896	 -0.027828	 -0.030122	 -0.155534	 -0.238409	 -0.569715
  0.050239	 -0.077475	 -0.042716	 -0.047195	 -0.153380	 -0.234481	 -0.602563
  0.054008	 -0.056537	 -0.057381	 -0.050204	 -0.161362	 -0.254152	 -0.635885
  0.035446	 -0.060370	 -0.075880	 -0.053846	 -0.166842	 -0.224092	 -0.635663
  0.029048	 -0.066483	 -0.048069	 -0.084001	 -0.187652	 -0.244427	 -0.639148
  0.005070	 -0.026097	  0.009612	 -0.075481	 -0.212993	 -0.283610	 -0.642410
 -0.000980	 -0.014377	 -0.031471	 -0.082259	 -0.157973	 -0.298212	 -0.621061
 -0.006619	  0.025438	 -0.053264	 -0.082544	 -0.147615	 -0.324376	 -0.621441
 -0.002311	  0.012071	 -0.023679	 -0.076843	 -0.178340	 -0.300809	 -0.620333
  0.038772	 -0.020808	  0.003625	 -0.115518	 -0.203363	 -0.280220	 -0.634808
  0.040863	 -0.064044	 -0.011072	 -0.129709	 -0.188698	 -0.306733	 -0.670253
  0.059393	 -0.052546	 -0.005656	 -0.125369	 -0.219201	 -0.339897	 -0.664963
  0.074692	 -0.024514	 -0.007810	 -0.138641	 -0.213246	 -0.355829	 -0.629930
  0.035478	 -0.031640	 -0.057223	 -0.132401	 -0.240424	 -0.385889	 -0.664741
  0.046026	 -0.051469	 -0.108315	 -0.133415	 -0.244731	 -0.391496	 -0.663506
  0.028256	 -0.067402	 -0.096627	 -0.103355	 -0.251700	 -0.403659	 -0.678900
  0.008617	 -0.055207	 -0.101347	 -0.131831	 -0.257338	 -0.405940	 -0.686059
 -0.040448	 -0.082733	 -0.119370	 -0.110735	 -0.274253	 -0.412021	 -0.690937
  0.000730	 -0.120711	 -0.133275	 -0.122930	 -0.243496	 -0.387378	 -0.638926
  0.028509	 -0.140097	 -0.110628	 -0.112256	 -0.245333	 -0.371160	 -0.670760
  0.025278	 -0.119064	 -0.102962	 -0.109658	 -0.251383	 -0.354246	 -0.676936
  0.024265	 -0.108738	 -0.095075	 -0.117704	 -0.223604	 -0.352852	 -0.660592
  0.007255	 -0.083366	 -0.097704	 -0.104020	 -0.205739	 -0.341512	 -0.647288
 -0.030787	 -0.088814	 -0.096532	 -0.078648	 -0.172005	 -0.344553	 -0.613332
 -0.047290	 -0.051944	 -0.077210	 -0.029140	 -0.172765	 -0.284972	 -0.598952
 -0.058629	 -0.041206	 -0.076608	  0.003898	 -0.152239	 -0.252251	 -0.538547
 -0.032687	 -0.039401	 -0.046105	  0.016188	 -0.117682	 -0.250097	 -0.512066
 -0.010261	 -0.002816	 -0.015728	  0.014889	 -0.047774	 -0.238061	 -0.486884
  0.032405	  0.016633	  0.004069	  0.023663	 -0.057689	 -0.202299	 -0.467753
  0.043175	  0.041973	  0.035269	  0.011848	 -0.028136	 -0.184149	 -0.414981
  0.060343	  0.036652	  0.028522	 -0.002818	 -0.003967	 -0.135243	 -0.340259
  0.094204	  0.023981	  0.057125	  0.016093	  0.011807	 -0.106671	 -0.260343
  0.071144	 -0.036518	  0.063808	  0.020876	 -0.003841	 -0.063878	 -0.223156
  0.037093	 -0.005983	  0.067419	  0.030378	 -0.041408	 -0.057480	 -0.185589
 -0.005035	 -0.004970	  0.067831	  0.045519	 -0.048946	 -0.067457	 -0.151633
 -0.036488	 -0.003671	  0.034192	 -0.006524	 -0.007927	 -0.082630	 -0.126704
 -0.013112	  0.020972	  0.035047	 -0.076368	 -0.022181	 -0.084309	 -0.125374
 -0.010990	  0.001492	  0.033590	 -0.072503	 -0.040901	 -0.115319	 -0.127718
 -0.028094	 -0.073927	  0.032196	 -0.057046	 -0.064119	 -0.100780	 -0.099147
 -0.020366	 -0.114661	  0.058804	 -0.069399	 -0.089649	 -0.105784	 -0.076182
 -0.013999	 -0.123626	  0.056080	 -0.079313	 -0.095256	 -0.101857	 -0.075295
  0.008237	 -0.099236	  0.057853	 -0.105731	 -0.136719	 -0.065208	 -0.112894
  0.009789	 -0.084918	  0.021839	 -0.109785	 -0.134280	 -0.040977	 -0.106147
 -0.018497	 -0.087516	  0.000648	 -0.077793	 -0.126931	 -0.048737	 -0.101364
 -0.043204	 -0.084982	  0.004671	 -0.041937	 -0.120152	 -0.022668	 -0.080427
 -0.049000	 -0.080230	 -0.019529	 -0.073453	 -0.078056	 -0.038981	 -0.031837
 -0.027619	 -0.034428	 -0.024027	 -0.063571	 -0.068173	 -0.043542	 -0.005483
  0.011531	 -0.018083	 -0.064160	 -0.052041	 -0.010556	 -0.036542	  0.040510
  0.007667	 -0.024102	 -0.046105	 -0.042380	 -0.032380	 -0.046995	  0.075099
 -0.007442	 -0.031165	 -0.052662	 -0.039941	 -0.018981	 -0.038126	  0.093249
 -0.052674	 -0.037817	 -0.068404	 -0.020492	 -0.031968	  0.008215	  0.131988
 -0.059485	 -0.050171	 -0.055006	  0.004816	 -0.024525	  0.037071	  0.118146
 -0.045136	 -0.068289	 -0.012529	  0.035288	 -0.021135	  0.056425	  0.116530
 -0.061449	 -0.040605	 -0.018484	  0.011215	 -0.015909	  0.044673	  0.078267
 -0.048398	 -0.038831	 -0.051395	 -0.008329	 -0.041693	  0.023799	  0.100503
 -0.066073	 -0.038831	 -0.059757	 -0.029520	 -0.039792	  0.023102	  0.103163
 -0.053878	 -0.067465	 -0.060612	 -0.010831	 -0.022181	  0.037990	  0.112381
 -0.042253	 -0.070126	 -0.052915	 -0.002913	  0.005314	  0.060859	  0.109435
 -0.011718	 -0.047890	 -0.037489	  0.015047	  0.007499	  0.067384	  0.113616
 -0.027778	 -0.039686	 -0.062766	  0.017328	  0.004268	  0.105585	  0.114788
 -0.001614	 -0.020174	 -0.070178	  0.003423	  0.042057	  0.120441	  0.127965
 -0.046688	 -0.035790	 -0.058775	 -0.010863	  0.051686	  0.112522	  0.128947
 -0.060182	 -0.052958	 -0.030172	  0.008110	  0.075949	  0.101499	  0.125621
 -0.031040	 -0.031102	 -0.032801	  0.028129	  0.070565	  0.111381	  0.104652
 -0.051534	 -0.069999	 -0.043919	  0.063447	  0.091724	  0.116640	  0.097240
 -0.063222	 -0.088149	 -0.013923	  0.074375	  0.063754	  0.117210	  0.073040
 -0.036900	 -0.071456	 -0.017122	  0.064017	  0.063596	  0.106662	  0.080420
 -0.034493	 -0.056632	 -0.006511	  0.090625	  0.067587	  0.098078	  0.081529
 -0.010515	 -0.044279	  0.004195	  0.081090	  0.119756	  0.086263	  0.083905
  0.011816	 -0.063981	  0.043061	  0.082738	  0.105439	  0.062602	  0.091443
  0.002219	 -0.062619	  0.055256	  0.087235	  0.116494	  0.071502	  0.091887
 -0.029900	 -0.100313	  0.076003	  0.066646	  0.110064	  0.115341	  0.128060
 -0.031420	 -0.109182	  0.107457	  0.086539	  0.138350	  0.112775	  0.156916
 -0.042697	 -0.070950	  0.146481	  0.113463	  0.115005	  0.111381	  0.157423
 -0.058091	 -0.064044	  0.118543	  0.132341	  0.117064	  0.118667	  0.160369
 -0.052991	 -0.038261	  0.071949	  0.123314	  0.113738	  0.107739	  0.149599
 -0.049634	 -0.061985	  0.067736	  0.120178	  0.117127	  0.087055	  0.167749
 -0.047638	 -0.087104	  0.061148	  0.148242	  0.098534	  0.103051	  0.220235
 -0.012497	 -0.057611	 -0.035833	 -0.027353	  0.002469	 -0.005573	 -0.021080
  0.036251	 -0.062964	 -0.021674	 -0.033435	  0.000315	 -0.006777	 -0.013478
  0.042681	 -0.064516	 -0.021801	 -0.040182	 -0.015934	 -0.015076	 -0.012591
  0.036061	 -0.052226	 -0.023923	 -0.039865	  0.022393	 -0.030660	 -0.011102
  0.021490	 -0.039429	 -0.034534	 -0.020955	  0.015963	 -0.018022	  0.021682
  0.023232	 -0.011523	 -0.040837	  0.001820	  0.003324	 -0.042032	 -0.038090
  0.023992	 -0.026696	 -0.003967	 -0.005402	  0.008868	 -0.016026	 -0.019274
  0.030676	 -0.014184	  0.014816	  0.005082	  0.050679	  0.018088	  0.109771
  0.032386	 -0.002274	  0.011332	  0.007300	 -0.004595	 -0.072883	 -0.223263
  0.027033	  0.006563	  0.033695	  0.043885	  0.014917	  0.072285	  0.179266
  0.012241	  0.011980	  0.020391	  0.001661	 -0.002694	  0.095471	  0.165709
  0.020888	  0.014482	  0.012599	 -0.027543	 -0.068547	 -0.102025	 -0.424402
  0.020572	  0.021704	 -0.008212	  0.046070	  0.036742	  0.165093	  0.480815
 -0.016964	  0.052651	 -0.001212	  0.011227	 -0.004024	 -0.010990	  0.014777
 -0.036507	  0.068330	  0.020328	  0.012811	 -0.031804	 -0.117736	 -0.302990
 -0.072649	  0.049768	  0.007056	  0.042903	  0.084286	  0.150111	  0.549678
 -0.057318	  0.048850	  0.006897	  0.017721	 -0.014192	 -0.109183	 -0.308217
 -0.046358	  0.032885	  0.033315	 -0.008665	 -0.048401	  0.000255	 -0.129124
 -0.040277	  0.018821	  0.033853	  0.041097	  0.008582	  0.177732	  0.453670
 -0.044933	  0.005391	 -0.002289	 -0.028177	 -0.058348	 -0.132053	 -0.471756
 -0.084052	  0.019423	  0.004648	 -0.004769	  0.027398	  0.033862	  0.153451
 -0.083957	  0.008970	 -0.014864	 -0.007873	  0.028728	  0.086032	  0.298176
 -0.071509	  0.025663	 -0.014357	 -0.022855	 -0.067438	 -0.156823	 -0.527980
 -0.018579	  0.034627	  0.038858	 -0.002298	  0.036045	  0.134052	  0.360576
 -0.035272	  0.026994	  0.048709	 -0.006954	  0.025687	  0.062054	  0.078317
 -0.039612	  0.040963	  0.057039	 -0.003913	 -0.025849	 -0.115297	 -0.434474
 -0.004579	  0.057624	  0.065307	  0.046197	  0.092047	  0.184099	  0.519998
 -0.018738	  0.024460	  0.041740	 -0.007018	  0.000885	 -0.007696	 -0.189181
 -0.035937	  0.003237	  0.035152	 -0.014050	 -0.034338	 -0.012162	 -0.205747
 -0.046992	  0.022813	  0.038699	 -0.019624	  0.025529	  0.240481	  0.525066
 -0.011009	  0.001717	  0.025206	 -0.066251	 -0.054958	 -0.081816	 -0.460131
  0.003340	 -0.008704	  0.022577	 -0.025231	 -0.001775	  0.058664	 -0.042809
  0.014363	 -0.033031	 -0.023036	  0.001630	  0.033226	  0.171048	  0.326683
  0.002010	 -0.066132	 -0.004284	 -0.026276	 -0.050840	 -0.139243	 -0.600738
 -0.036634	 -0.059290	  0.016115	 -0.005371	 -0.010233	  0.088154	  0.227033
 -0.024407	 -0.050357	  0.010065	 -0.018389	 -0.003296	  0.056764	  0.140369
 -0.044806	 -0.000722	  0.023495	 -0.025326	 -0.034749	 -0.174941	 -0.552560
 -0.040847	  0.023161	  0.056754	  0.055953	  0.060308	  0.091860	  0.424022
 -0.035494	  0.012708	  0.043102	  0.041129	 -0.017866	 -0.057489	 -0.076860
 -0.028589	  0.019677	  0.048329	 -0.013321	 -0.049130	 -0.106744	 -0.320127
 -0.022475	  0.012518	  0.028405	  0.049713	  0.047480	  0.174628	  0.549424
 -0.034765	  0.026772	  0.004427	  0.005557	 -0.081977	 -0.076874	 -0.342331
 -0.013289	 -0.005790	 -0.021959	 -0.009583	 -0.061927	 -0.050647	 -0.139736
 -0.039390	 -0.008704	 -0.012330	  0.018924	  0.007410	  0.113843	  0.431054
 -0.030331	  0.014102	 -0.021072	 -0.012593	 -0.087679	 -0.213902	 -0.535772
 -0.026656	  0.031998	 -0.007357	 -0.010660	  0.012193	 -0.005225	  0.121016
 -0.002773	  0.026614	  0.004490	 -0.031661	  0.035506	  0.057112	  0.281989
 -0.009932	  0.044225	 -0.001085	 -0.018484	 -0.014002	 -0.183082	 -0.537831
 -0.047530	  0.080652	  0.031921	  0.038405	  0.072630	  0.117644	  0.388925
 -0.052028	  0.097345	  0.012250	  0.027540	  0.049950	  0.011912	  0.073186
 -0.061974	  0.084738	  0.036165	 -0.000493	 -0.008269	 -0.134904	 -0.396591
 -0.032453	  0.074095	  0.080986	  0.033780	  0.045452	  0.173044	  0.559085
 -0.037616	  0.027152	  0.102367	  0.005938	 -0.060280	 -0.038611	 -0.170429
  0.002770	  0.045397	  0.090235	  0.007553	 -0.063859	 -0.037724	 -0.210150
 -0.022507	  0.029908	  0.100466	  0.003879	  0.021633	  0.221475	  0.532985
 -0.020575	 -0.001071	  0.061696	 -0.029064	 -0.025342	 -0.063856	 -0.419524
 -0.032706	  0.004473	  0.055804	 -0.019213	  0.012288	  0.069307	 -0.027668
 -0.049843	  0.023129	  0.076583	  0.004924	  0.033384	  0.163003	  0.351073
 -0.054372	  0.027279	  0.061094	  0.019875	 -0.046786	 -0.140162	 -0.572832
 -0.044743	  0.012962	  0.056247	  0.052880	  0.024293	  0.143649	  0.228395
 -0.005814	  0.003206	  0.034106	  0.041382	  0.037660	  0.110168	  0.158614
 -0.015728	 -0.023148	  0.039681	  0.011481	 -0.046533	 -0.102373	 -0.505586
 -0.022000	 -0.010858	  0.015450	  0.060514	  0.067372	  0.202248	  0.471313
 -0.019529	 -0.011650	  0.020676	  0.044993	  0.005257	  0.024772	 -0.090037
 -0.014398	 -0.010383	  0.058053	  0.037201	 -0.019957	 -0.054290	 -0.335616
 -0.003723	  0.046791	  0.041582	  0.057695	  0.062906	  0.241051	  0.538781
  0.020350	  0.054203	  0.001322	 -0.016869	 -0.024803	 -0.051091	 -0.297859
  0.030771	  0.054805	 -0.021991	  0.006223	  0.004655	 -0.021189	 -0.084969
  0.019114	  0.082711	 -0.016036	  0.053641	  0.077033	  0.158125	  0.506536
  0.021015	  0.050085	 -0.008402	  0.041636	 -0.034971	 -0.154257	 -0.489304
  0.052754	  0.052461	 -0.004221	  0.046640	  0.077255	  0.052963	  0.170366
  0.005589	  0.042800	  0.018364	  0.046292	  0.065756	  0.084923	  0.338213
 -0.015855	  0.045904	  0.030052	  0.010277	 -0.052107	 -0.166040	 -0.502228
  0.000014	  0.041058	  0.048519	  0.023106	  0.069304	  0.144758	  0.386676
  0.015503	  0.074095	  0.024921	  0.005716	  0.025529	  0.049383	  0.091367
  0.020096	  0.060443	  0.036830	 -0.027892	 -0.038867	 -0.084286	 -0.409039
  0.054622	  0.078941	  0.025016	 -0.025453	  0.053561	  0.204846	  0.535614
  0.041667	  0.041913	  0.020138	 -0.040403	 -0.011943	 -0.054258	 -0.227413
  0.020128	  0.070769	  0.044242	 -0.029032	 -0.024043	 -0.063254	 -0.286424
  0.002137	  0.072416	  0.034296	  0.013191	  0.068100	  0.148622	  0.490730
 -0.000493	  0.062122	  0.051369	 -0.016330	 -0.043618	 -0.166959	 -0.442963
  0.011386	  0.003174	  0.045256	 -0.002868	 -0.006495	 -0.005953	 -0.013034
  0.020096	  0.008147	  0.025871	  0.030644	  0.047416	  0.142224	  0.373119
  0.025608	  0.067855	  0.062963	 -0.014651	 -0.037062	 -0.185077	 -0.547999
  0.041414	  0.048153	  0.053523	  0.016169	  0.075417	  0.041211	  0.274451
  0.055794	  0.040266	  0.065782	  0.014902	  0.041556	 -0.003863	  0.178063
  0.022187	  0.032442	  0.071705	  0.002137	 -0.010043	 -0.185236	 -0.517590
  0.017056	  0.023890	  0.082253	  0.044771	  0.093251	  0.110802	  0.424813
 -0.025199	 -0.032904	  0.068189	  0.048604	  0.013682	 -0.083780	 -0.098494
 -0.009868	 -0.056851	  0.074682	  0.020413	 -0.040673	 -0.159135	 -0.344548
 -0.015507	 -0.045701	  0.048234	  0.033527	  0.060562	  0.126069	  0.543976
 -0.024566	 -0.016275	  0.023939	 -0.004990	 -0.006020	 -0.119224	 -0.313285
 -0.011706	 -0.016401	  0.065465	  0.000901	  0.033194	 -0.016089	 -0.078571
  0.034477	 -0.020139	  0.081334	  0.018228	  0.107219	  0.209565	  0.489083
  0.033527	 -0.036864	  0.060587	  0.004734	 -0.000540	 -0.121505	 -0.489494
  0.031246	 -0.036325	  0.097299	  0.063872	  0.049285	  0.082516	  0.137233
  0.014110	 -0.032302	  0.044939	  0.035142	  0.018877	  0.091702	  0.277460
  0.035902	 -0.026316	  0.000752	  0.029694	 -0.120526	 -0.175923	 -0.540017
  0.019780	 -0.039018	  0.044401	  0.053070	 -0.007857	  0.115268	  0.381988
  0.001281	 -0.043040	  0.036514	 -0.027195	 -0.045171	  0.009821	  0.047877
 -0.036919	 -0.012379	  0.016748	 -0.033878	 -0.115648	 -0.114631	 -0.414171
 -0.020575	  0.020627	  0.040695	  0.013318	  0.012542	  0.182673	  0.562728
 -0.004135	  0.034374	  0.042215	 -0.025991	 -0.040134	 -0.075797	 -0.134573
 -0.025294	  0.067126	  0.020264	 -0.006574	 -0.045139	 -0.113269	 -0.181832
 -0.024122	  0.035261	 -0.007515	 -0.009425	  0.037787	  0.115870	  0.567954
 -0.025263	  0.034121	 -0.015370	 -0.043191	 -0.047325	 -0.165629	 -0.396496
 -0.038440	  0.009319	 -0.016416	 -0.024154	  0.027239	 -0.016438	  0.031913
 -0.041734	  0.007228	 -0.005805	 -0.022095	  0.042348	  0.072506	  0.383192
 -0.042241	 -0.017637	 -0.037892	 -0.044616	 -0.078525	 -0.195657	 -0.544451
 -0.038788	  0.006880	 -0.012646	 -0.028430	  0.015203	  0.083339	  0.259563
 -0.036602	 -0.001482	  0.027771	  0.002485	  0.052991	  0.023916	  0.151677
 -0.018357	 -0.001863	  0.003761	 -0.004167	 -0.014794	 -0.188720	 -0.523292
 -0.013828	 -0.004302	  0.018997	  0.021205	  0.093884	  0.122268	  0.451009
  0.014838	 -0.009623	  0.023115	 -0.054531	  0.061322	 -0.047448	 -0.075371
  0.040559	 -0.020234	  0.028627	 -0.026561	  0.034081	 -0.097495	 -0.309864
  0.019558	 -0.004523	  0.027011	  0.003467	  0.073612	  0.160469	  0.494594
  0.025450	  0.023794	 -0.004949	 -0.015063	 -0.006780	 -0.060150	 -0.223644
  0.022789	 -0.027393	 -0.028674	 -0.047847	  0.017958	 -0.002501	 -0.020636
  0.011196	 -0.039049	 -0.037036	 -0.037838	  0.023121	  0.060375	  0.216928
  0.025640	 -0.048679	 -0.026425	 -0.056653	 -0.018088	 -0.055082	 -0.116296
  0.051265	 -0.032049	 -0.005931	 -0.048164	 -0.013495	  0.022871	  0.040529
  0.025893	 -0.029768	  0.007182	 -0.025579	 -0.037727	  0.017201	 -0.038375
 -0.011611	 -0.043167	 -0.025665	 -0.011991	 -0.037030	  0.011310	 -0.045850
 -0.034607	 -0.035407	 -0.026805	  0.020318	  0.011275	  0.029016	 -0.013573
 -0.030679	 -0.035122	 -0.029308	  0.010087	 -0.008966	  0.000287	 -0.039167
 -0.001126	 -0.064548	 -0.019805	 -0.010090	  0.003641	  0.010518	 -0.050221
 -0.002932	 -0.016560	 -0.013153	 -0.035050	 -0.006242	  0.028573	 -0.041606
 -0.009773	 -0.006170	 -0.023163	 -0.009077	 -0.013432	  0.041971	 -0.061181
 -0.011389	 -0.027520	 -0.020375	 -0.025484	 -0.024328	  0.028256	 -0.062986
  0.035301	 -0.034393	 -0.037163	 -0.033910	 -0.041211	  0.030917	 -0.048796
 -0.001348	 -0.019347	 -0.054236	 -0.038345	 -0.053406	  0.016093	 -0.070715
  0.021142	 -0.005537	 -0.049326	 -0.025484	 -0.034623	 -0.000980	 -0.045755
  0.044455	 -0.011112	 -0.039127	 -0.017661	 -0.076719	  0.001142	 -0.017374
  0.034667	 -0.011207	 -0.024810	 -0.018769	 -0.043080	  0.040039	  0.014618
  0.035332	  0.016351	 -0.044258	 -0.038756	 -0.031614	  0.011405	  0.019655
  0.038753	  0.055343	 -0.066273	 -0.014968	 -0.010961	 -0.025845	 -0.005401
  0.024689	  0.057307	 -0.065956	 -0.012339	 -0.011341	 -0.027746	 -0.023044
 -0.010249	  0.014830	 -0.067888	 -0.008063	 -0.012608	  0.003771	 -0.045977
 -0.014366	  0.027849	 -0.082649	 -0.002140	 -0.014097	  0.038519	 -0.020668
  0.001091	  0.002160	 -0.077517	 -0.041544	 -0.033134	  0.049225	  0.006256
  0.008028	 -0.028977	 -0.084328	 -0.059187	 -0.042130	  0.031962	 -0.009297
  0.007173	 -0.021565	 -0.064974	 -0.074518	 -0.034559	  0.006527	 -0.038058
  0.021997	 -0.031732	 -0.033679	 -0.073726	 -0.005830	  0.010708	 -0.030456
  0.019209	 -0.014058	 -0.008148	 -0.059092	  0.010135	  0.028889	  0.000301
  0.016327	 -0.000691	 -0.005488	 -0.061531	  0.021284	  0.065126	 -0.011704
  0.008535	 -0.001356	 -0.018411	 -0.055006	 -0.009029	  0.062750	 -0.000333
 -0.000873	 -0.007406	 -0.023764	 -0.030774	 -0.035288	  0.038582	  0.019148
 -0.010154	 -0.011872	 -0.025412	 -0.045123	 -0.040609	  0.054641	 -0.030836
 -0.007619	 -0.026411	  0.017667	 -0.069165	 -0.055243	  0.054040	 -0.029220
  0.010911	 -0.025081	  0.033283	 -0.087473	 -0.064239	  0.052044	 -0.029632
  0.023106	 -0.019347	  0.022545	 -0.081170	 -0.063226	  0.050904	 -0.025641
  0.003023	 -0.005442	 -0.012330	 -0.026213	 -0.075579	  0.033989	 -0.019623
  0.017626	 -0.041520	 -0.018443	 -0.010692	 -0.048592	  0.016504	 -0.030012
  0.015915	 -0.012917	 -0.001370	 -0.018769	 -0.061420	  0.011373	 -0.014048
  0.000806	  0.003174	  0.018997	 -0.025136	 -0.051157	 -0.000917	  0.007840
 -0.021937	  0.012803	  0.021658	 -0.043064	 -0.045741	  0.042415	 -0.011261
 -0.006416	  0.037953	  0.019472	 -0.054531	 -0.081439	  0.041845	 -0.009487
 -0.023616	  0.047044	 -0.005393	 -0.070622	 -0.069466	  0.042858	 -0.009994
 -0.014588	  0.059398	 -0.004664	 -0.049558	 -0.065823	  0.049573	  0.017501
 -0.036666	  0.050402	 -0.021325	 -0.028747	 -0.017360	  0.041370	  0.007365
 -0.039580	  0.042198	 -0.040426	 -0.023964	 -0.038329	  0.022586	 -0.012433
 -0.034987	  0.030510	 -0.058956	 -0.045313	 -0.050714	  0.007825	 -0.014206
 -0.029095	  0.014387	 -0.034217	 -0.059725	 -0.066330	  0.008079	 -0.021523
 -0.026593	  0.020152	 -0.046539	 -0.072491	 -0.072696	  0.021667	 -0.070810
 -0.039960	  0.007735	 -0.037385	 -0.068151	 -0.079887	 -0.008519	 -0.079679
 -0.049589	  0.017808	 -0.056232	 -0.051902	 -0.055972	 -0.011877	 -0.094028
 -0.071604	 -0.006202	 -0.013882	 -0.070368	 -0.054008	 -0.016311	 -0.079996
 -0.041069	  0.009952	 -0.025633	 -0.046517	 -0.050840	 -0.016660	 -0.045217
 -0.037553	  0.022749	  0.004458	 -0.043729	 -0.041465	 -0.020017	 -0.048447
 -0.054657	  0.009572	  0.004997	 -0.066029	 -0.042415	 -0.026891	 -0.027795
 -0.058047	 -0.027329	 -0.025412	 -0.075373	 -0.065886	 -0.038516	 -0.026370
 -0.062608	 -0.007881	 -0.035959	 -0.087251	 -0.064049	 -0.006555	 -0.055638
 -0.060169	  0.032252	 -0.034692	 -0.075975	 -0.086887	  0.002662	 -0.083575
 -0.008982	  0.036085	 -0.028737	 -0.064698	 -0.055750	  0.014731	 -0.077620
 -0.013099	  0.054266	 -0.032158	 -0.065965	 -0.033134	  0.047039	 -0.075371
 -0.008570	  0.027437	 -0.070739	 -0.041164	 -0.020115	  0.031265	 -0.068276
 -0.034037	  0.046822	 -0.072513	 -0.018738	 -0.022808	  0.019514	 -0.057095
 -0.047815	  0.023319	 -0.078309	 -0.020321	 -0.056035	  0.021129	 -0.033623
 -0.027575	 -0.009053	 -0.063390	 -0.062006	 -0.071873	 -0.032181	 -0.020922
 -0.015285	  0.017364	 -0.074001	 -0.092098	 -0.059076	  0.001427	 -0.033370
  0.013001	  0.021292	 -0.065259	 -0.073187	 -0.051759	 -0.015139	 -0.037424
  0.050093	  0.021736	 -0.027375	 -0.077369	 -0.041813	  0.000888	 -0.014618
  0.052500	  0.008052	 -0.015877	 -0.067803	 -0.052741	  0.001680	 -0.021713
  0.038436	  0.007355	  0.010730	 -0.064160	 -0.039216	  0.017961	 -0.062004
  0.024468	  0.007387	  0.033821	 -0.052218	 -0.024677	 -0.006302	 -0.067611
 -0.007144	 -0.001989	  0.008513	 -0.037141	 -0.034749	 -0.010261	 -0.049271
 -0.047277	 -0.026886	  0.000879	 -0.039960	 -0.043333	 -0.009913	 -0.011166
 -0.044711	 -0.022578	 -0.028357	 -0.058522	 -0.038107	  0.017866	  0.027763
  0.008915	 -0.010542	 -0.031398	 -0.045408	 -0.021224	  0.023536	 -0.009550
  0.032291	 -0.026252	 -0.052336	 -0.025738	 -0.022618	 -0.002216	 -0.047941
  0.027730	 -0.021818	 -0.026742	  0.002548	 -0.057207	  0.000445	 -0.053769
  0.050758	 -0.035375	 -0.031905	 -0.004357	 -0.060755	  0.014762	 -0.060642
  0.034445	 -0.072118	 -0.045620	 -0.024122	 -0.075389	  0.027179	 -0.070240
  0.039070	 -0.062489	 -0.062313	 -0.020100	 -0.071176	  0.006020	 -0.078982
  0.051012	 -0.037814	 -0.052557	 -0.007429	 -0.068072	  0.003042	 -0.065774
  0.036251	 -0.026157	 -0.068142	 -0.004294	 -0.078303	 -0.024737	 -0.057538
 -0.013574	 -0.053240	 -0.052367	 -0.001031	 -0.046944	 -0.001360	 -0.061814
 -0.046137	 -0.051656	 -0.069630	 -0.003660	 -0.011721	  0.029681	 -0.081611
 -0.078572	 -0.031130	 -0.084993	 -0.012339	 -0.022935	  0.026387	 -0.093331
 -0.064793	 -0.031764	 -0.035421	  0.002960	 -0.035415	  0.040324	 -0.085349
 -0.047657	 -0.062774	 -0.029118	  0.007806	 -0.050460	  0.054958	 -0.094218
 -0.016267	 -0.086436	 -0.057214	  0.005747	 -0.019133	  0.081027	 -0.113128
  0.011227	 -0.041520	 -0.091138	  0.009739	 -0.022744	  0.064081	 -0.085286
 -0.005782	 -0.035628	 -0.093292	 -0.009045	 -0.062054	  0.032374	 -0.042999
 -0.019118	 -0.026759	 -0.091360	 -0.007334	 -0.055782	  0.022586	 -0.018419
 -0.000017	 -0.013044	 -0.085500	 -0.002583	 -0.026482	  0.053786	 -0.014618
  0.018418	 -0.033696	 -0.071974	 -0.030267	 -0.015491	  0.056004	 -0.012654
 -0.004895	 -0.009496	 -0.078278	 -0.024566	  0.004560	  0.078588	 -0.037836
  0.014427	  0.009921	 -0.087400	  0.005652	  0.006682	  0.076307	  0.009360
  0.039323	  0.016953	 -0.055661	  0.010847	  0.009248	  0.031519	  0.012623
  0.023264	  0.034311	 -0.024651	 -0.014081	  0.018465	  0.039786	 -0.009994
  0.020857	  0.040931	 -0.040521	 -0.032865	  0.003863	  0.022269	 -0.023899
  0.010879	  0.045017	 -0.018538	 -0.044711	  0.000980	 -0.009818	 -0.040212
