:RUN-2	LEVEL SWEEP	TEMP:NaN	8/27/2019	12:54 PM	HR:-636.36:SW EAR: R	SW FREQ: 8.00	# AVERAGES: 512	REP RATE (/sec): 80	DRIVER: 	SAMPLE (µsec): 40	MASKER dB: 2147483647:NOTES-:CHAMBER-SEWELL-PXI1:CFTS Version: V2.7.2 (R850):LEVELS:20;30;40;50;60;70;80;:DATA  0.065698	 -0.066455	  0.031379	 -0.036024	 -0.029764	  0.073449	  0.009336
  0.068897	 -0.088311	  0.030619	 -0.015372	 -0.006387	  0.093689	  0.010572
  0.078431	 -0.073550	 -0.006410	  0.033630	 -0.016270	  0.086752	  0.027898
  0.066996	 -0.069337	 -0.020347	  0.053142	 -0.020800	  0.088209	  0.033505
  0.083183	 -0.086442	 -0.036248	  0.067807	 -0.037176	  0.064326	  0.021278
  0.098038	 -0.071143	 -0.039985	  0.030937	 -0.027325	  0.071136	  0.038668
  0.067820	 -0.010073	 -0.006283	  0.018616	  0.016641	  0.062647	  0.021531
  0.064304	  0.015648	  0.011392	  0.033408	  0.012808	  0.040253	  0.032713
  0.085400	  0.005290	  0.022605	  0.031951	  0.010876	  0.010447	  0.014626
  0.061390	  0.017833	  0.030492	  0.032331	  0.022120	 -0.012455	  0.026979
  0.044222	  0.026861	  0.026945	  0.031191	  0.021329	 -0.006690	  0.019187
  0.007890	  0.068292	  0.006324	  0.027865	  0.013315	 -0.026360	 -0.009447
 -0.051406	  0.080772	 -0.027854	 -0.002575	  0.015817	 -0.033550	 -0.019678
 -0.078868	  0.048495	 -0.019365	 -0.027345	 -0.004455	 -0.070167	 -0.051955
 -0.104652	  0.044631	 -0.014803	 -0.070582	 -0.016333	 -0.088380	 -0.048439
 -0.111652	  0.067278	 -0.026492	 -0.085533	 -0.002998	 -0.074950	 -0.035326
 -0.100724	  0.047450	  0.011709	 -0.057405	 -0.014370	 -0.068837	 -0.037575
 -0.110449	  0.017643	  0.016840	 -0.012870	 -0.000844	 -0.073398	 -0.045810
 -0.114915	  0.009661	  0.022700	 -0.026078	  0.025700	 -0.070452	 -0.013882
 -0.119603	  0.015458	 -0.013220	 -0.027092	  0.038116	 -0.065669	  0.005820
 -0.114281	 -0.002756	 -0.038718	 -0.030766	  0.029628	 -0.053601	  0.046365
 -0.101580	 -0.032055	 -0.030071	 -0.034282	  0.020442	 -0.055280	  0.098597
 -0.084443	 -0.063636	  0.006577	 -0.012426	 -0.029067	 -0.037605	  0.146871
 -0.087674	 -0.066391	  0.016840	 -0.034441	 -0.058462	 -0.004029	  0.189981
 -0.051976	 -0.075767	 -0.009260	 -0.078849	 -0.048706	  0.004270	  0.186940
 -0.018400	 -0.054672	 -0.025130	 -0.068080	 -0.075091	  0.015103	  0.191216
  0.038362	 -0.049065	 -0.047429	 -0.059749	 -0.048009	  0.022008	  0.162328
  0.040516	 -0.018942	 -0.064660	 -0.076379	 -0.045506	  0.038574	  0.168061
  0.043747	 -0.035065	 -0.023514	 -0.079071	 -0.042687	  0.051751	  0.172528
  0.082042	 -0.028666	 -0.020600	 -0.039794	 -0.041420	  0.052005	  0.159826
  0.069752	 -0.052201	 -0.021614	  0.000181	 -0.020736	  0.084884	  0.142088
  0.077449	 -0.057174	 -0.018034	 -0.022847	 -0.006261	  0.134107	  0.121214
  0.048213	 -0.049318	  0.010759	 -0.067161	 -0.031284	  0.163787	  0.114783
 -0.000789	 -0.070668	  0.021401	 -0.066654	 -0.020578	  0.196887	  0.150830
 -0.039116	 -0.081469	  0.028623	 -0.064120	 -0.010252	  0.209811	  0.190456
 -0.059705	 -0.072125	  0.036194	 -0.078438	  0.003907	  0.236070	  0.261725
 -0.075416	 -0.043744	  0.062706	 -0.093863	  0.022881	  0.237559	  0.297677
 -0.058818	 -0.021919	  0.087381	 -0.059908	  0.047366	  0.239966	  0.350606
 -0.079185	 -0.042920	  0.104961	 -0.069664	  0.099947	  0.281365	  0.382313
 -0.080420	 -0.045232	  0.060964	 -0.061745	  0.143437	  0.327136	  0.398911
 -0.051564	 -0.019100	  0.057163	 -0.029531	  0.167795	  0.352762	  0.430935
 -0.044659	  0.002787	  0.062833	  0.032648	  0.162030	  0.377500	  0.433152
 -0.015391	  0.025340	  0.046457	  0.046331	  0.180117	  0.338128	  0.356213
 -0.009911	  0.016059	  0.051841	  0.044906	  0.199185	  0.258242	  0.238444
 -0.016246	 -0.043047	  0.023397	  0.080668	  0.216860	  0.181208	  0.145287
 -0.053940	 -0.066075	  0.036320	  0.101352	  0.188067	  0.117953	  0.033536
 -0.018178	  0.001045	  0.062833	  0.123778	  0.139034	  0.015990	 -0.129687
 -0.027966	 -0.002787	  0.067172	  0.147439	  0.103241	 -0.072384	 -0.245492
 -0.037152	 -0.017802	  0.049687	  0.110632	  0.063140	 -0.116381	 -0.328861
 -0.045673	 -0.031929	  0.041420	  0.058558	 -0.031569	 -0.153663	 -0.415778
 -0.053148	 -0.072188	  0.073507	 -0.007485	 -0.049687	 -0.220371	 -0.454580
 -0.051786	 -0.057427	  0.038728	 -0.040396	 -0.126120	 -0.245902	 -0.478559
 -0.046971	 -0.053119	  0.012026	 -0.069822	 -0.168597	 -0.313307	 -0.443431
 -0.022613	 -0.031580	 -0.008152	 -0.098583	 -0.212752	 -0.355118	 -0.430634
 -0.056601	 -0.015299	  0.013578	 -0.125887	 -0.203725	 -0.323696	 -0.399180
 -0.055112	 -0.036015	 -0.002640	 -0.167255	 -0.184371	 -0.278749	 -0.327911
 -0.079914	 -0.074690	  0.001351	 -0.200071	 -0.167013	 -0.225345	 -0.220373
 -0.079914	 -0.097782	  0.033185	 -0.197695	 -0.136288	 -0.137794	 -0.093038
 -0.091317	 -0.088216	 -0.014487	 -0.205614	 -0.130491	 -0.071814	 -0.007357
 -0.078045	 -0.057744	 -0.073434	 -0.200039	 -0.093875	 -0.007640	  0.098407
 -0.048207	 -0.018340	 -0.091141	 -0.166748	 -0.044429	  0.028755	  0.204520
 -0.054763	 -0.005575	 -0.044325	 -0.119742	  0.019776	  0.105219	  0.305184
 -0.071393	 -0.029680	 -0.035868	 -0.104950	  0.064502	  0.177122	  0.423586
 -0.115137	 -0.016978	 -0.047334	 -0.067351	  0.110273	  0.227549	  0.509838
 -0.115453	 -0.002851	 -0.037166	 -0.041504	  0.140871	  0.279402	  0.567899
 -0.094199	  0.015679	 -0.026207	 -0.014517	  0.181637	  0.334453	  0.625326
 -0.079787	 -0.037884	  0.029605	 -0.001055	  0.187624	  0.382917	  0.625358
 -0.095878	 -0.036965	  0.055104	  0.044716	  0.191615	  0.425520	  0.599162
 -0.110322	 -0.076654	  0.052222	  0.067617	  0.210715	  0.401890	  0.530459
 -0.050962	 -0.082989	  0.074806	  0.030399	  0.227598	  0.385324	  0.313419
 -0.011495	 -0.103863	  0.095743	  0.036892	  0.212204	  0.302430	  0.087923
  0.011596	 -0.079695	  0.071829	  0.067206	  0.212014	  0.195462	 -0.074065
 -0.046148	 -0.051282	  0.054502	  0.066762	  0.192407	  0.106771	 -0.217554
 -0.065691	 -0.026892	  0.025709	  0.110949	  0.157659	  0.018365	 -0.303331
 -0.083398	 -0.041875	  0.022795	  0.110791	  0.113535	 -0.094019	 -0.359206
 -0.101548	 -0.069084	  0.022922	  0.126470	  0.057470	 -0.178909	 -0.357749
 -0.099806	 -0.052518	  0.025994	  0.125646	 -0.025488	 -0.193352	 -0.272416
 -0.084982	 -0.044187	  0.027768	  0.113800	 -0.103789	 -0.179732	 -0.204567
 -0.110734	 -0.017580	  0.051461	  0.030082	 -0.140501	 -0.192022	 -0.152525
 -0.093787	  0.013494	  0.055262	 -0.032445	 -0.157795	 -0.145206	 -0.075902
 -0.076683	  0.014381	  0.077340	 -0.062093	 -0.145094	 -0.064212	 -0.033679
 -0.064298	  0.011815	  0.086272	 -0.132729	 -0.102173	 -0.031111	 -0.024493
 -0.122454	  0.032942	  0.073032	 -0.165830	 -0.039551	  0.040253	  0.025522
 -0.107471	  0.049002	  0.023777	 -0.164563	  0.014075	  0.057104	  0.001101
 -0.081466	  0.029458	  0.001193	 -0.159495	  0.042234	  0.068381	 -0.026108
 -0.077253	  0.029078	  0.005215	 -0.174097	  0.029184	  0.080544	 -0.039729
 -0.093566	  0.050237	  0.022193	 -0.146856	  0.012238	  0.079784	 -0.081192
 -0.060782	  0.028666	  0.043257	 -0.132096	  0.011921	  0.039366	 -0.130130
 -0.030247	  0.060310	  0.011075	 -0.121294	 -0.012026	  0.038257	 -0.186576
 -0.039781	  0.082704	 -0.015849	 -0.111412	 -0.019152	 -0.022242	 -0.226518
 -0.027428	  0.069749	 -0.016704	 -0.094972	 -0.023555	 -0.066493	 -0.252555
 -0.015106	  0.069686	 -0.012966	 -0.092755	 -0.019849	 -0.106214	 -0.267126
 -0.040034	  0.057839	  0.010410	 -0.120534	 -0.024442	 -0.098168	 -0.307702
 -0.049537	  0.041368	  0.007939	 -0.126837	 -0.026945	 -0.133423	 -0.302539
 -0.052103	  0.064491	 -0.007930	 -0.128104	 -0.033881	 -0.205072	 -0.277484
 -0.030880	  0.025277	 -0.016862	 -0.138082	 -0.064860	 -0.211249	 -0.256926
 -0.062429	 -0.040956	 -0.019650	 -0.121041	 -0.102554	 -0.201113	 -0.202635
 -0.081719	 -0.065283	  0.019438	 -0.117113	 -0.109395	 -0.242227	 -0.162186
 -0.079058	 -0.047228	 -0.059466	 -0.157626	 -0.123523	 -0.214892	 -0.160063
 -0.063031	 -0.030282	 -0.056900	 -0.181921	 -0.130016	 -0.184610	 -0.160348
 -0.049569	 -0.031200	 -0.034220	 -0.172482	 -0.127134	 -0.128988	 -0.108433
 -0.017323	  0.005987	 -0.026587	 -0.163264	 -0.138220	 -0.105105	 -0.047901
 -0.021124	 -0.007507	 -0.020125	 -0.145811	 -0.159062	 -0.065036	 -0.030670
  0.006148	 -0.035445	 -0.004889	 -0.138621	 -0.137935	  0.007184	 -0.025000
  0.011596	 -0.032024	  0.000559	 -0.101466	 -0.100653	  0.017668	 -0.010809
  0.031932	 -0.041875	  0.006229	 -0.096049	 -0.086336	  0.028787	  0.003286
  0.016696	 -0.047133	 -0.001563	 -0.081447	 -0.092734	  0.066068	  0.023020
  0.036240	 -0.040925	 -0.008183	 -0.097379	 -0.031633	  0.092264	  0.050451
  0.050747	 -0.021571	 -0.052624	 -0.080338	 -0.004994	  0.145510	  0.092262
  0.090436	 -0.028223	 -0.075842	 -0.073813	  0.031560	  0.166004	  0.169138
  0.064494	 -0.017897	 -0.050723	 -0.061460	  0.044325	  0.152067	  0.167935
  0.059078	 -0.022648	 -0.063267	 -0.045875	  0.083951	  0.159416	  0.213484
  0.033864	 -0.031675	 -0.082525	 -0.058260	  0.124939	  0.170819	  0.236417
 -0.015961	 -0.042001	 -0.035487	 -0.044323	  0.142740	  0.164959	  0.261567
 -0.031070	 -0.061989	 -0.003242	 -0.024558	  0.130577	  0.188525	  0.287224
 -0.024418	 -0.075356	 -0.017433	  0.001131	  0.089747	  0.212598	  0.322668
 -0.036107	 -0.069274	  0.023397	 -0.014675	  0.130735	  0.230115	  0.358430
 -0.033161	 -0.067627	  0.060362	 -0.025508	  0.181986	  0.229925	  0.373507
 -0.067402	 -0.097307	  0.084847	 -0.008150	  0.180149	  0.221087	  0.352158
 -0.086439	 -0.078175	  0.102268	 -0.019585	  0.150184	  0.204236	  0.319976
 -0.065723	 -0.075989	  0.117916	 -0.022246	  0.155442	  0.214594	  0.252793
 -0.035220	 -0.116882	  0.113260	 -0.051799	  0.145844	  0.211521	  0.221719
 -0.040383	 -0.104338	  0.074869	 -0.046921	  0.120567	  0.196571	  0.178641
 -0.042854	 -0.078935	  0.060584	 -0.030703	  0.060543	  0.169045	  0.161916
 -0.027143	 -0.055907	  0.034927	 -0.022119	  0.047049	  0.158940	  0.099484
 -0.010323	 -0.047830	  0.007844	 -0.070772	 -0.016777	  0.067589	  0.012757
 -0.014156	 -0.027051	  0.038664	 -0.103619	 -0.024379	 -0.014070	 -0.069884
 -0.040193	 -0.015901	  0.038791	 -0.089017	 -0.049751	 -0.028641	 -0.115401
 -0.027649	 -0.003896	  0.019343	 -0.098361	 -0.006641	 -0.044542	 -0.153602
 -0.049949	  0.015426	  0.024759	 -0.104063	 -0.062833	 -0.072828	 -0.201463
 -0.029360	  0.033449	  0.022922	 -0.063835	 -0.078069	 -0.107987	 -0.263515
 -0.027618	  0.041241	  0.011582	 -0.062030	 -0.071829	 -0.126739	 -0.301240
 -0.057678	  0.009978	  0.029574	 -0.059147	 -0.093463	 -0.110680	 -0.336241
 -0.074656	 -0.019607	  0.037334	 -0.115498	 -0.076611	 -0.122907	 -0.385560
 -0.048017	 -0.005860	  0.040945	 -0.131082	 -0.109807	 -0.180049	 -0.415271
 -0.047478	  0.006715	  0.016872	 -0.139223	 -0.146614	 -0.207511	 -0.426959
 -0.065881	 -0.002217	  0.040248	 -0.126299	 -0.144555	 -0.206814	 -0.407606
 -0.032084	 -0.027082	  0.070276	 -0.114484	 -0.140754	 -0.169659	 -0.420054
 -0.048270	 -0.007127	  0.063625	 -0.128928	 -0.106481	 -0.164845	 -0.425629
 -0.054605	  0.006272	  0.072019	 -0.114199	 -0.051841	 -0.154772	 -0.423539
 -0.038356	 -0.022996	  0.046583	 -0.113090	 -0.049466	 -0.175202	 -0.392940
 -0.017957	 -0.028349	  0.042370	 -0.110556	 -0.062643	 -0.145808	 -0.334056
 -0.038641	 -0.045264	  0.045095	 -0.106597	 -0.048484	 -0.138776	 -0.249546
 -0.037405	 -0.045264	  0.053647	 -0.135770	 -0.011772	 -0.107987	 -0.193607
 -0.042347	 -0.001805	  0.038379	 -0.103619	 -0.005849	 -0.081855	 -0.127501
 -0.085393	  0.032119	  0.029004	 -0.124145	 -0.018044	 -0.049768	 -0.109256
 -0.100249	  0.012829	  0.002428	 -0.105172	 -0.025646	 -0.008907	 -0.112740
 -0.102371	 -0.037092	 -0.020188	 -0.118855	 -0.042814	  0.017542	 -0.092215
 -0.090588	 -0.078333	 -0.024053	 -0.110841	 -0.036796	  0.066987	 -0.085215
 -0.064298	 -0.069812	 -0.054081	 -0.094465	 -0.027768	  0.083585	 -0.110650
 -0.049822	 -0.073170	 -0.071534	 -0.067826	 -0.039931	  0.077883	 -0.131207
 -0.081497	 -0.051948	 -0.075462	 -0.063487	 -0.029605	  0.080956	 -0.198327
 -0.053180	 -0.052644	 -0.073878	 -0.053287	 -0.008446	  0.065625	 -0.271054
 -0.080927	 -0.059835	 -0.081670	 -0.027630	 -0.003948	  0.031352	 -0.304091
 -0.117892	 -0.057744	 -0.114422	 -0.017716	  0.006188	  0.033601	 -0.302444
 -0.107408	 -0.084035	 -0.086231	  0.001733	 -0.006324	 -0.000767	 -0.324078
 -0.092869	 -0.071713	 -0.098616	  0.022892	 -0.025551	 -0.042926	 -0.346029
 -0.039433	 -0.075387	 -0.105078	 -0.031780	 -0.020926	 -0.047836	 -0.328101
 -0.072502	 -0.017231	 -0.065642	 -0.085501	 -0.080919	 -0.077991	 -0.339472
 -0.101485	 -0.017643	 -0.053289	 -0.136087	 -0.120102	 -0.126929	 -0.325060
 -0.116657	 -0.037123	 -0.054049	 -0.149232	 -0.126373	 -0.131364	 -0.337508
 -0.126413	 -0.039404	 -0.022215	 -0.166083	 -0.136066	 -0.135260	 -0.314766
 -0.144848	 -0.079568	 -0.025351	 -0.169758	 -0.177339	 -0.138332	 -0.302919
 -0.153305	 -0.097592	 -0.032162	 -0.178088	 -0.156433	 -0.161836	 -0.316286
 -0.117956	 -0.076781	 -0.043913	 -0.201908	 -0.153868	 -0.137731	 -0.316666
 -0.122390	 -0.089736	 -0.025003	 -0.218601	 -0.166348	 -0.174316	 -0.313594
 -0.135757	 -0.036648	 -0.026175	 -0.238651	 -0.129889	 -0.210394	 -0.301937
 -0.102118	 -0.054703	 -0.028139	 -0.253317	 -0.126057	 -0.176976	 -0.299181
 -0.107630	 -0.022838	 -0.041284	 -0.228389	 -0.081711	 -0.127151	 -0.271149
 -0.106869	 -0.043617	 -0.034125	 -0.233773	 -0.071575	 -0.100861	 -0.261424
 -0.105000	 -0.060595	 -0.028551	 -0.211157	 -0.036954	 -0.082109	 -0.229306
 -0.074751	 -0.053595	 -0.035139	 -0.200736	 -0.043733	 -0.098770	 -0.201146
 -0.080199	 -0.097908	 -0.043185	 -0.159273	 -0.040375	 -0.109508	 -0.215400
 -0.046243	 -0.091193	 -0.067258	 -0.143847	 -0.057606	 -0.084674	 -0.209730
 -0.054954	 -0.111687	 -0.065642	 -0.117398	 -0.061819	 -0.104408	 -0.175426
 -0.055049	 -0.079062	 -0.081923	 -0.125475	 -0.094191	 -0.080747	 -0.175267
 -0.055619	 -0.067753	 -0.079738	 -0.146318	 -0.088902	 -0.059714	 -0.196110
 -0.051438	 -0.072188	 -0.089145	 -0.114294	 -0.093811	 -0.022179	 -0.194811
 -0.063252	 -0.078111	 -0.065896	 -0.122910	 -0.097707	  0.018714	 -0.210554
 -0.074180	 -0.090211	 -0.054239	 -0.097791	 -0.085829	  0.027488	 -0.227468
 -0.060053	 -0.082483	 -0.073593	 -0.063138	 -0.110124	 -0.004631	 -0.226518
 -0.041935	 -0.089704	 -0.059149	 -0.072134	 -0.152157	 -0.064149	 -0.234690
  0.002030	 -0.072822	 -0.050977	 -0.087465	 -0.191371	 -0.085118	 -0.256705
  0.025312	 -0.088469	 -0.053479	 -0.068333	 -0.198561	 -0.111250	 -0.268773
  0.035448	 -0.106302	 -0.067701	 -0.091805	 -0.186461	 -0.043402	 -0.250591
  0.015271	 -0.102311	 -0.031180	 -0.119014	 -0.169959	 -0.014007	 -0.262311
  0.024742	 -0.091668	 -0.014677	 -0.090443	 -0.137175	 -0.020184	 -0.275932
  0.007447	 -0.075609	 -0.024813	 -0.096049	 -0.103567	 -0.019867	 -0.302507
  0.011533	 -0.071871	 -0.010686	 -0.076759	 -0.105309	 -0.045270	 -0.322716
 -0.001359	 -0.098669	 -0.032700	 -0.081130	 -0.045918	 -0.076312	 -0.320435
 -0.015549	 -0.094487	 -0.039003	 -0.082745	 -0.059729	 -0.093544	 -0.346884
 -0.042378	 -0.103483	 -0.056932	 -0.065862	 -0.056846	 -0.118789	 -0.335735
 -0.039528	 -0.060341	 -0.053162	 -0.076695	 -0.030872	 -0.133771	 -0.356862
 -0.042790	 -0.061513	 -0.064692	 -0.098615	 -0.005976	 -0.155310	 -0.338649
 -0.014631	 -0.052391	 -0.034601	 -0.066844	  0.022532	 -0.171211	 -0.375075
 -0.029328	 -0.050966	 -0.013853	 -0.043721	  0.011858	 -0.151668	 -0.381284
 -0.032021	  0.003959	 -0.017908	 -0.031083	  0.036786	 -0.148532	 -0.361993
 -0.034998	 -0.020177	 -0.003242	 -0.040807	  0.006695	 -0.139124	 -0.380112
 -0.067402	 -0.004498	  0.041674	 -0.037418	 -0.005469	 -0.133518	 -0.374600
 -0.070253	  0.019069	  0.079906	 -0.051387	 -0.037904	 -0.114766	 -0.390723
 -0.032052	 -0.004403	  0.077815	 -0.054269	 -0.063213	 -0.121038	 -0.366618
  0.000162	 -0.016851	  0.060806	 -0.038495	 -0.096599	 -0.096331	 -0.355468
  0.018723	 -0.069591	  0.052348	 -0.110810	 -0.102680	 -0.090313	 -0.307797
  0.015302	 -0.099239	  0.032710	 -0.107642	 -0.132328	 -0.096078	 -0.253189
  0.007574	 -0.050364	  0.001383	 -0.070677	 -0.132867	 -0.040867	 -0.203522
 -0.022550	 -0.047355	  0.003220	 -0.085628	 -0.113165	 -0.013215	 -0.192784
 -0.050139	 -0.076559	 -0.001785	 -0.070677	 -0.111043	 -0.005011	 -0.191422
 -0.013649	 -0.092017	 -0.034759	 -0.021074	 -0.146836	  0.022230	 -0.171498
  0.013497	 -0.096230	 -0.062760	 -0.032002	 -0.137872	  0.070376	 -0.095826
  0.019072	 -0.087234	 -0.044990	  0.002429	 -0.125835	  0.083616	 -0.056548
  0.005261	 -0.106302	 -0.043121	  0.024285	 -0.132328	  0.090015	 -0.010334
  0.001460	 -0.088913	 -0.025510	  0.034263	 -0.115889	  0.070123	  0.020169
 -0.011622	 -0.075894	 -0.000550	  0.061504	 -0.068154	  0.090047	 -0.012045
  0.025641	 -0.021976	  0.075560	 -0.015530	  0.023118	 -0.005356	  0.135518
  0.037076	 -0.009306	  0.055985	  0.021466	 -0.012865	 -0.007288	  0.113504
  0.052375	 -0.006139	  0.033780	  0.004710	  0.005443	  0.028980	  0.071407
  0.032388	 -0.010732	  0.029092	  0.019661	  0.030499	  0.051026	  0.052054
  0.005496	  0.018473	  0.041382	 -0.009385	  0.003860	  0.038736	  0.029944
  0.039293	 -0.007722	  0.029979	 -0.021359	 -0.017394	 -0.005958	  0.005839
  0.044868	  0.003617	  0.029346	 -0.003019	  0.024290	 -0.037507	 -0.030556
  0.011071	 -0.009813	  0.018829	 -0.020028	  0.021598	 -0.040643	 -0.043511
  0.013414	  0.022844	 -0.004167	 -0.042201	  0.009466	 -0.049923	  0.025446
 -0.020668	  0.046537	  0.013540	 -0.032002	 -0.041880	 -0.040959	 -0.049117
 -0.015727	  0.019202	  0.006571	 -0.011096	 -0.018662	  0.003703	 -0.122224
 -0.008663	  0.010016	 -0.020068	 -0.002132	 -0.012041	  0.027934	 -0.021433
 -0.012718	  0.012867	 -0.009267	 -0.005268	 -0.014797	  0.019350	 -0.069548
 -0.019655	 -0.008324	 -0.045947	  0.029385	 -0.033169	 -0.006687	 -0.132677
 -0.037393	 -0.008514	 -0.052282	  0.050259	 -0.015589	  0.049474	  0.050185
 -0.032230	 -0.025271	 -0.035652	  0.025236	  0.003131	  0.035220	  0.038908
 -0.033085	 -0.035913	 -0.041164	  0.027263	 -0.011281	 -0.023981	 -0.125328
 -0.042999	 -0.009275	 -0.033688	  0.000529	  0.005728	 -0.001175	  0.073149
 -0.019781	 -0.002116	 -0.040879	  0.000751	  0.024670	  0.011337	  0.102291
 -0.018704	  0.021546	 -0.050951	 -0.017241	  0.025874	 -0.046281	 -0.103852
 -0.032515	  0.029686	 -0.032928	 -0.009956	  0.056789	  0.008803	  0.084806
 -0.047624	  0.014134	 -0.000334	  0.001289	  0.055839	  0.105381	  0.224019
 -0.073819	  0.052176	 -0.022222	  0.006737	  0.049092	  0.053306	 -0.042687
 -0.089720	  0.043085	 -0.022095	 -0.017494	  0.034268	  0.052736	  0.028360
 -0.041352	  0.047583	 -0.002330	 -0.055758	  0.008548	  0.103924	  0.182493
 -0.036031	  0.055692	  0.013856	 -0.091171	 -0.027404	 -0.008397	 -0.100020
 -0.011577	  0.013278	 -0.018769	 -0.080116	 -0.008684	  0.005160	 -0.102237
 -0.002518	 -0.017922	 -0.033783	 -0.083316	  0.015231	  0.079565	  0.122373
  0.021175	 -0.013962	 -0.027543	 -0.143340	 -0.013625	 -0.032375	 -0.051113
  0.008156	 -0.014153	 -0.007398	 -0.130100	 -0.024015	 -0.059870	 -0.095617
  0.022474	  0.002160	  0.034667	 -0.100262	 -0.007322	  0.016468	  0.187941
  0.005591	 -0.000342	  0.032608	 -0.076284	 -0.023254	 -0.020275	  0.014898
 -0.027953	 -0.018587	  0.004259	 -0.055853	 -0.025979	 -0.051285	 -0.074077
 -0.045913	 -0.051213	 -0.033688	 -0.011064	 -0.027436	  0.028505	  0.188701
 -0.041099	 -0.042565	 -0.009678	  0.047789	 -0.033074	 -0.006402	  0.049805
 -0.012654	  0.004536	  0.008091	 -0.005426	 -0.043558	 -0.041530	 -0.097866
 -0.031469	  0.038175	  0.038975	 -0.016544	 -0.001398	  0.031355	  0.135233
 -0.043253	  0.014450	  0.024309	 -0.029087	  0.022706	  0.027238	  0.033207
 -0.069575	  0.013025	  0.023264	 -0.036690	  0.047160	 -0.054326	 -0.173348
 -0.078729	  0.029654	  0.036726	 -0.037830	  0.048458	  0.049980	  0.064407
 -0.053674	  0.024935	  0.040527	 -0.007517	  0.060210	  0.031957	  0.064629
 -0.049999	 -0.005822	  0.041826	 -0.002607	  0.070853	 -0.035606	 -0.154691
 -0.065837	 -0.004365	  0.062383	  0.013167	  0.130688	  0.020554	  0.069728
 -0.053262	 -0.006234	  0.043504	  0.004647	  0.130878	  0.095435	  0.117368
 -0.080946	  0.038112	  0.004671	 -0.001277	  0.092994	  0.055777	 -0.157098
 -0.085001	  0.074317	  0.000046	  0.017444	  0.180830	  0.074561	 -0.000812
 -0.092634	  0.036085	 -0.005434	  0.028150	  0.180830	  0.110259	  0.105965
 -0.040909	 -0.000691	 -0.012497	  0.022923	  0.150231	  0.010798	 -0.193747
 -0.024374	 -0.015451	 -0.060644	  0.051685	  0.140032	  0.020839	 -0.107083
 -0.016107	 -0.028121	 -0.088487	  0.048644	  0.167399	  0.081687	  0.051674
 -0.004007	 -0.029420	 -0.109931	 -0.015309	  0.142376	 -0.023728	 -0.221146
 -0.036981	  0.010681	 -0.127606	 -0.046699	  0.176047	 -0.016316	 -0.197421
 -0.033750	 -0.005917	 -0.138470	 -0.064786	  0.182413	  0.084728	  0.032700
 -0.055004	 -0.024605	 -0.128176	 -0.112869	  0.160621	  0.017260	 -0.175217
 -0.051425	 -0.020298	 -0.100872	 -0.128770	  0.164390	  0.025812	 -0.188932
 -0.009582	  0.004663	 -0.043983	 -0.120217	  0.182793	  0.099014	  0.096843
 -0.003405	 -0.024004	 -0.030172	 -0.136372	  0.160938	  0.043519	 -0.090707
  0.002043	 -0.003003	 -0.005751	 -0.118412	  0.164422	  0.005128	 -0.205878
 -0.020003	 -0.002053	  0.000173	 -0.110113	  0.147285	  0.084538	  0.051420
 -0.012052	 -0.018777	 -0.001570	 -0.120439	  0.070188	  0.041396	 -0.077910
 -0.026243	  0.012391	  0.006888	 -0.159051	  0.074844	 -0.038077	 -0.243889
 -0.046737	  0.034152	  0.053134	 -0.145241	  0.086659	  0.003418	  0.029342
 -0.084336	  0.014419	  0.035491	 -0.121136	  0.049916	 -0.014637	 -0.092417
 -0.087345	  0.010523	  0.035111	 -0.121611	  0.047477	 -0.118532	 -0.288836
 -0.090766	  0.027881	  0.091144	 -0.111918	  0.074907	 -0.027719	 -0.049086
 -0.086679	  0.042673	  0.125163	 -0.113565	  0.074749	 -0.010171	 -0.029035
 -0.080820	  0.055882	  0.128521	 -0.110810	  0.059386	 -0.057874	 -0.248640
 -0.090386	  0.035958	  0.131847	 -0.095130	  0.073134	  0.011653	 -0.027958
 -0.103499	  0.045049	  0.124593	 -0.074637	  0.058151	  0.043392	  0.073498
 -0.097861	  0.015020	  0.118100	 -0.045274	  0.026191	 -0.010044	 -0.144998
 -0.104956	  0.044574	  0.084936	 -0.030861	  0.028535	  0.014504	  0.045212
 -0.117341	  0.058226	  0.078379	 -0.063202	  0.046843	  0.065090	  0.187054
 -0.093426	  0.025822	  0.062066	 -0.080877	  0.011208	 -0.042923	 -0.081743
 -0.045945	  0.017966	  0.024024	 -0.079831	  0.033666	  0.029518	  0.011192
 -0.025958	 -0.028882	  0.040305	 -0.088415	  0.044341	  0.112381	  0.165261
 -0.016360	 -0.031701	  0.051645	 -0.090284	  0.036675	  0.041365	 -0.125898
 -0.013224	 -0.021089	  0.017721	 -0.075017	  0.071803	  0.072787	 -0.104169
 -0.011451	 -0.041267	  0.014553	 -0.064500	  0.132746	  0.152165	  0.098933
 -0.009708	 -0.030307	  0.011956	 -0.098868	  0.118081	  0.070443	 -0.144998
 -0.022790	 -0.025967	 -0.014208	 -0.088415	  0.091347	  0.037500	 -0.200525
 -0.014111	 -0.013171	 -0.007208	 -0.074415	  0.124511	  0.109308	  0.012428
 -0.032008	 -0.009084	  0.004132	 -0.066243	  0.100533	  0.040415	 -0.170719
 -0.020668	 -0.014184	  0.024594	 -0.015277	  0.080862	  0.028726	 -0.268374
 -0.041225	 -0.020931	 -0.011421	  0.000371	  0.108325	  0.127427	 -0.021211
 -0.041257	 -0.000564	 -0.016774	 -0.000200	  0.132746	  0.064583	 -0.143320
 -0.054212	  0.023699	 -0.029666	 -0.014295	  0.107660	  0.025432	 -0.315380
 -0.055384	  0.019202	 -0.058237	 -0.044893	  0.122769	  0.138260	 -0.043701
 -0.047560	 -0.000089	 -0.074359	 -0.042423	  0.124543	  0.110195	 -0.095363
 -0.016455	  0.025473	 -0.085509	 -0.052337	  0.119665	  0.043329	 -0.258301
  0.013985	  0.002572	 -0.063590	 -0.059496	  0.098917	  0.096100	 -0.013673
  0.030266	 -0.004682	 -0.074328	 -0.058260	  0.080197	  0.070474	 -0.011012
  0.034922	  0.020469	 -0.066282	 -0.088859	  0.041585	 -0.028289	 -0.222096
  0.047751	  0.022939	 -0.053422	 -0.045178	  0.057961	  0.031894	  0.002640
  0.024564	  0.007102	 -0.045757	 -0.068016	  0.052861	  0.056125	  0.050121
  0.048099	  0.010839	 -0.070812	 -0.066559	  0.025779	 -0.049100	 -0.186652
  0.002677	  0.024270	 -0.055101	 -0.056392	  0.052196	  0.036265	 -0.007464
 -0.032166	 -0.001482	 -0.073536	 -0.046952	  0.051626	  0.065406	  0.132224
 -0.016170	  0.026012	 -0.050920	 -0.081288	  0.032304	  0.003766	 -0.115826
 -0.009582	  0.028419	 -0.036507	 -0.059654	  0.027870	  0.050234	  0.016419
 -0.008695	  0.065131	 -0.018674	 -0.052147	  0.005475	  0.120616	  0.171089
 -0.025008	  0.080557	 -0.032675	 -0.068428	 -0.022494	  0.030405	 -0.101287
 -0.023741	  0.117173	 -0.056146	 -0.089302	 -0.025282	  0.022106	 -0.084530
 -0.051235	  0.112105	 -0.025104	 -0.086546	  0.023245	  0.113426	  0.125920
 -0.050126	  0.074222	  0.014648	 -0.061808	  0.054889	  0.056094	 -0.119658
 -0.060452	  0.041343	  0.036821	 -0.028201	  0.068984	  0.038767	 -0.197073
 -0.055891	  0.058352	  0.055668	  0.002936	  0.061065	  0.151056	  0.088354
 -0.071570	  0.059303	  0.119399	 -0.026490	  0.028820	  0.080832	 -0.050543
 -0.060706	  0.054171	  0.136472	 -0.018856	  0.041458	  0.018654	 -0.123333
 -0.054307	  0.067950	  0.133779	 -0.010874	  0.087229	  0.119856	  0.152496
 -0.037488	  0.044700	  0.091176	 -0.033934	  0.094008	  0.052863	  0.030578
 -0.070588	  0.033487	  0.064790	 -0.033870	  0.124258	  0.004336	 -0.116712
 -0.099761	  0.032410	  0.044391	 -0.023608	  0.149249	  0.092394	  0.140998
 -0.081706	 -0.008356	  0.032798	 -0.071026	  0.076650	  0.077253	  0.060923
 -0.088010	 -0.039461	  0.030359	 -0.094782	  0.040983	  0.016341	 -0.173791
 -0.067009	 -0.029230	  0.028079	 -0.118222	  0.029707	  0.082416	  0.098743
 -0.051171	 -0.003066	  0.047527	 -0.153223	  0.053748	  0.093376	  0.075968
 -0.041510	  0.030636	  0.048699	 -0.157563	  0.040825	 -0.003519	 -0.192606
 -0.034384	  0.000038	  0.043790	 -0.151291	  0.074274	  0.074719	 -0.050068
 -0.043158	  0.026043	  0.014046	 -0.152875	  0.066735	  0.090145	  0.012079
 -0.031343	  0.016097	 -0.016679	 -0.161585	  0.049504	  0.026414	 -0.182724
 -0.012844	  0.023161	 -0.023901	 -0.194844	  0.078518	  0.047478	 -0.116047
 -0.020605	  0.029971	 -0.054784	 -0.184740	  0.092170	  0.082796	 -0.027325
 -0.040339	  0.007862	 -0.070748	 -0.211220	  0.062522	  0.088181	 -0.171827
 -0.008980	  0.000260	 -0.066282	 -0.149770	  0.018335	  0.085298	 -0.147881
  0.012749	  0.019487	 -0.060771	 -0.101212	  0.048237	  0.098760	 -0.022288
  0.020700	  0.018441	 -0.073599	 -0.117367	  0.048775	  0.067022	 -0.078290
  0.013700	  0.002224	 -0.083070	 -0.088954	  0.065753	  0.040541	 -0.116776
  0.008758	 -0.007152	 -0.053802	 -0.097158	  0.083333	  0.080009	 -0.061819
 -0.016709	  0.018726	 -0.054626	 -0.133173	  0.102687	  0.097683	 -0.076707
 -0.022347	  0.019803	 -0.073092	 -0.112647	  0.067464	  0.113363	 -0.096250
 -0.039832	  0.034152	 -0.058522	 -0.090094	  0.033413	  0.132115	 -0.089947
 -0.058172	  0.034913	  0.004639	 -0.069283	  0.016910	  0.129137	 -0.098214
 -0.046484	  0.023161	  0.048668	 -0.050943	 -0.011313	  0.142536	 -0.125550
 -0.024501	  0.051542	  0.035712	 -0.046350	 -0.011440	  0.095466	 -0.092259
  0.011197	  0.037732	  0.034382	 -0.047554	 -0.029241	  0.108390	 -0.087318
  0.029411	  0.035863	  0.011639	 -0.035296	  0.032906	  0.114250	 -0.091531
  0.039705	  0.029211	 -0.030299	 -0.019838	  0.047698	  0.115263	 -0.061534
  0.014523	  0.024935	 -0.002678	 -0.023228	  0.012222	  0.110227	 -0.045158
 -0.018894	 -0.006804	  0.028237	 -0.037038	 -0.012865	  0.119920	 -0.063213
 -0.073566	 -0.014754	  0.026495	 -0.045812	 -0.019295	  0.073357	 -0.049973
 -0.061371	 -0.014564	 -0.002868	 -0.040269	 -0.013372	  0.052039	 -0.044208
 -0.071697	 -0.013962	 -0.016267	 -0.061808	 -0.031553	  0.051216	 -0.068123
 -0.075086	  0.001495	 -0.034005	 -0.042074	 -0.072510	  0.025305	 -0.067236
 -0.064032	  0.004219	 -0.002520	 -0.009480	 -0.045427	  0.041080	 -0.020546
 -0.052945	  0.006246	  0.027952	 -0.030545	 -0.054645	  0.046560	 -0.046868
 -0.042904	  0.014007	  0.016295	 -0.066084	 -0.002729	  0.058184	 -0.064226
 -0.069733	  0.016002	  0.035966	 -0.084361	 -0.010268	  0.030310	 -0.053077
 -0.069828	 -0.001356	  0.023169	 -0.092660	 -0.022811	  0.048080	 -0.024126
 -0.071285	  0.008970	  0.009802	 -0.078564	 -0.011851	  0.076556	 -0.030809
 -0.073756	  0.020722	 -0.021113	 -0.057500	 -0.000923	  0.073008	 -0.011392
 -0.074801	  0.028451	 -0.054531	 -0.009829	  0.022390	  0.067560	 -0.006039
 -0.035144	  0.038650	 -0.021082	 -0.025381	  0.021249	  0.082796	 -0.028117
  0.009075	  0.033392	 -0.035145	 -0.054143	  0.003321	  0.064298	 -0.039330
  0.013636	  0.045714	 -0.035399	 -0.029056	 -0.026707	  0.056822	 -0.030619
 -0.014967	 -0.002496	  0.005652	 -0.012680	 -0.047423	  0.072438	 -0.030872
 -0.038881	 -0.005347	  0.014078	 -0.004888	 -0.034087	  0.079248	 -0.024569
 -0.013319	  0.023953	  0.004354	 -0.033585	 -0.058636	  0.063189	 -0.050131
 -0.002835	  0.015717	  0.004100	 -0.051830	 -0.066301	  0.043645	 -0.063561
  0.008632	 -0.014754	 -0.041037	 -0.052781	 -0.036273	  0.067529	 -0.063846
  0.008030	 -0.012759	 -0.038250	 -0.080116	 -0.017933	  0.078267	 -0.035117
 -0.041796	  0.019898	 -0.015823	 -0.065197	 -0.004376	  0.109372	 -0.068914
 -0.031723	  0.005264	 -0.017249	 -0.071532	  0.011272	  0.083366	 -0.066064
 -0.085191	 -0.025651	 -0.025896	 -0.058862	  0.021503	  0.088719	 -0.058715
 -0.096245	  0.000228	 -0.035874	 -0.071691	  0.034996	  0.103480	 -0.065050
 -0.095802	 -0.001831	 -0.023362	 -0.083030	  0.016656	  0.127078	 -0.037556
 -0.093585	  0.003015	 -0.003438	 -0.068301	  0.040793	  0.109942	  0.007201
 -0.083955	 -0.001863	 -0.035779	 -0.057057	  0.056979	  0.124924	  0.019745
 -0.095105	 -0.013012	 -0.054784	 -0.047396	  0.069554	  0.153084	  0.029342
 -0.123043	 -0.022135	 -0.067613	 -0.051925	  0.061889	  0.180673	  0.032352
 -0.123486	 -0.018840	 -0.085224	 -0.058134	  0.019824	  0.163948	  0.019270
 -0.083670	  0.008844	 -0.042462	 -0.076062	  0.040065	  0.131133	  0.016799
 -0.068244	  0.023446	 -0.025041	 -0.065958	 -0.006245	  0.138418	 -0.000337
 -0.050950	  0.029940	 -0.032960	 -0.024495	 -0.013720	  0.180641	 -0.005722
 -0.036442	  0.020754	 -0.045123	  0.018996	 -0.027847	  0.148649	  0.013505
 -0.042556	  0.000893	 -0.006004	 -0.012204	 -0.087429	  0.111050	 -0.010410
 -0.005147	  0.024143	  0.015345	 -0.002670	 -0.118280	  0.102657	  0.017116
  0.012591	  0.017649	  0.033685	  0.001321	 -0.111153	  0.095181	  0.010464
  0.040212	  0.028989	  0.031753	 -0.042043	 -0.095854	  0.070253	  0.015120
  0.030297	  0.003047	  0.048731	 -0.014232	 -0.115208	  0.070411	  0.043533
  0.022474	  0.004378	  0.054242	  0.018869	 -0.103963	  0.063411	  0.039035
  0.013985	 -0.005062	  0.070682	  0.001638	 -0.073903	  0.040288	  0.053796
 -0.023075	  0.016351	  0.032798	 -0.024019	 -0.042196	  0.035948	  0.069823
 -0.037709	  0.050592	  0.021395	 -0.058419	 -0.038078	  0.070981	  0.073656
 -0.035904	  0.055913	 -0.020195	 -0.081668	 -0.053568	  0.072407	  0.077045
 -0.041986	  0.072099	 -0.057286	 -0.086135	 -0.035893	  0.055745	  0.071534
 -0.014016	  0.063864	 -0.059852	 -0.111063	  0.025082	  0.043329	  0.071724
  0.020985	  0.046252	 -0.059377	 -0.103334	  0.071676	  0.063126	  0.043280
  0.001726	  0.008274	 -0.013574	 -0.101022	  0.086976	  0.091634	  0.024243
 -0.032895	  0.029813	  0.032101	 -0.106629	  0.090112	  0.062809	  0.036406
 -0.062828	  0.047488	  0.053989	 -0.121959	  0.100089	  0.035315	  0.035836
 -0.079806	  0.052112	  0.013730	 -0.129847	  0.110162	  0.027079	  0.032003
 -0.094408	  0.043623	 -0.020543	 -0.129498	  0.120076	  0.031609	  0.036311
 -0.097196	  0.091390	 -0.037236	 -0.115054	  0.066482	  0.020364	  0.040714
 -0.070747	  0.075837	 -0.053200	 -0.099787	  0.063187	  0.006047	  0.050692
 -0.012749	  0.067665	 -0.075753	 -0.081447	  0.092519	 -0.004279	  0.065262
  0.025324	  0.014419	 -0.065839	 -0.111728	  0.109972	 -0.023506	  0.045117
 -0.008600	 -0.007501	 -0.029539	 -0.097823	  0.110130	 -0.038425	  0.022342
  0.014460	 -0.013392	 -0.040530	 -0.075492	  0.073767	  0.000630	  0.053511
  0.009613	  0.020469	 -0.052250	 -0.068048	  0.082446	  0.015930	  0.035709
 -0.019718	  0.019898	 -0.090102	 -0.070424	  0.070600	  0.034301	  0.022817
 -0.016550	 -0.000405	 -0.077749	 -0.100610	  0.071645	  0.051089	 -0.007813
 -0.025831	 -0.036230	 -0.059219	 -0.089207	  0.080577	  0.004780	 -0.017885
 -0.025388	 -0.042090	 -0.049684	 -0.074035	  0.106994	  0.025812	  0.013188
 -0.015885	 -0.023022	 -0.049938	 -0.052179	  0.104904	  0.031134	  0.009260
 -0.015695	 -0.004745	 -0.052060	 -0.032952	  0.056346	  0.063031	  0.031623
 -0.011989	  0.003776	 -0.026910	 -0.050753	  0.007566	  0.057107	  0.064407
 -0.016899	  0.012201	 -0.015190	 -0.047459	 -0.020657	  0.021093	  0.029913
  0.009138	  0.074222	  0.002833	 -0.037766	  0.000439	  0.045546	  0.070679
  0.017216	  0.080272	 -0.008190	 -0.048188	  0.012950	  0.075637	  0.074258
 -0.009772	  0.076090	 -0.037996	 -0.044482	  0.022390	  0.055935	  0.031433
 -0.035365	  0.043845	 -0.040879	 -0.063233	  0.028820	  0.051438	  0.004667
 -0.047212	  0.012455	 -0.037521	 -0.073845	  0.026888	  0.008549	  0.013822
 -0.032610	  0.003681	 -0.049114	 -0.079736	  0.043200	  0.005033	 -0.003442
