:RUN-1	LEVEL SWEEP	TEMP:NaN	8/27/2019	12:52 PM	HR:-636.36:SW EAR: R	SW FREQ: 5.66	# AVERAGES: 512	REP RATE (/sec): 80	DRIVER: 	SAMPLE (µsec): 40	MASKER dB: 2147483647:NOTES-:CHAMBER-SEWELL-PXI1:CFTS Version: V2.7.2 (R850):LEVELS:20;30;40;50;60;70;80;:DATA -0.030207	 -0.052277	 -0.045682	 -0.008242	 -0.001532	  0.002705	 -0.002992
 -0.018234	 -0.046639	 -0.034437	 -0.007957	  0.003790	 -0.003345	 -0.000996
 -0.038063	 -0.036566	 -0.028546	 -0.008622	 -0.003115	  0.001850	 -0.005272
 -0.038094	 -0.024403	 -0.017935	 -0.010016	 -0.002735	 -0.000304	  0.002583
 -0.029067	 -0.013665	 -0.011504	 -0.002065	  0.003568	  0.000266	  0.000999
 -0.041357	 -0.003212	 -0.007798	 -0.009065	  0.000717	 -0.002521	 -0.005716
 -0.032583	  0.007431	 -0.002825	 -0.002002	 -0.000328	  0.002927	  0.005371
 -0.023492	  0.009965	  0.001577	 -0.001970	 -0.001056	 -0.004549	  0.000873
 -0.012469	  0.019974	  0.010003	 -0.003776	 -0.001056	  0.002642	 -0.002643
 -0.018741	  0.018137	  0.016116	  0.001007	  0.002998	 -0.006291	  0.008823
 -0.036067	  0.016110	  0.015895	  0.001387	 -0.003242	  0.003655	 -0.004195
 -0.015763	  0.013639	  0.028913	  0.008103	  0.004994	 -0.003155	 -0.002105
 -0.010632	  0.014463	  0.028596	 -0.003586	 -0.001658	  0.002863	  0.001728
  0.003875	  0.011580	  0.026696	  0.009876	 -0.002323	 -0.001983	  0.002045
  0.026207	  0.016522	  0.034425	 -0.002097	  0.000211	  0.003339	  0.000493
  0.031243	  0.007051	  0.017922	  0.009180	 -0.006726	 -0.000906	  0.002108
  0.055570	  0.013133	  0.008768	  0.006804	  0.002143	  0.003972	  0.000081
  0.072389	  0.019246	 -0.003712	  0.004270	  0.005437	  0.001216	  0.005687
  0.079231	  0.009268	 -0.015907	  0.009718	 -0.003875	 -0.002585	 -0.004164
  0.076254	  0.000241	 -0.020564	  0.009053	  0.003790	  0.000203	 -0.002707
  0.068081	 -0.004352	 -0.023003	  0.004460	  0.000337	 -0.002806	  0.005434
  0.047872	 -0.031910	 -0.028514	  0.003541	  0.005152	 -0.001793	 -0.002707
  0.036311	 -0.046480	 -0.024871	  0.010985	 -0.006821	 -0.001983	 -0.001566
  0.015785	 -0.038498	 -0.024523	  0.000405	  0.005976	 -0.003187	  0.004135
  0.003749	 -0.047969	 -0.027310	  0.009528	 -0.003717	  0.001406	 -0.002453
  0.001753	 -0.040620	 -0.026994	  0.000627	  0.002333	  0.002990	  0.001791
 -0.034483	 -0.037991	 -0.026962	  0.009876	  0.001984	 -0.000811	  0.003818
 -0.026311	 -0.049173	 -0.019202	 -0.001558	  0.001509	 -0.001286	  0.002171
 -0.030144	 -0.023991	 -0.017523	  0.001989	  0.007496	  0.000076	  0.002266
 -0.005342	 -0.027602	 -0.015401	 -0.002445	 -0.001817	  0.000773	  0.002678
 -0.014306	 -0.025511	 -0.015274	  0.006265	  0.010093	  0.002737	 -0.004290
 -0.012627	 -0.021489	 -0.011916	  0.000849	 -0.000074	 -0.000589	  0.001443
 -0.004899	 -0.027729	 -0.005328	  0.004998	  0.002270	 -0.000557	 -0.003689
  0.021772	 -0.040209	 -0.009921	 -0.001337	  0.001256	  0.002103	  0.003755
  0.037198	 -0.025670	 -0.003871	 -0.000925	 -0.001310	  0.001913	 -0.002041
  0.031971	 -0.026272	 -0.005898	 -0.000101	  0.000052	 -0.003978	  0.005117
  0.013536	 -0.030864	 -0.012360	  0.001704	  0.001446	  0.003212	  0.002583
  0.009292	 -0.023833	 -0.011504	 -0.004504	  0.002143	  0.003719	  0.000334
 -0.019533	 -0.036154	 -0.010111	 -0.000545	 -0.000138	  0.003719	  0.001284
 -0.032678	 -0.031150	 -0.012075	 -0.000291	 -0.002292	 -0.001064	  0.007018
 -0.039900	 -0.040937	 -0.010301	 -0.001970	  0.004043	  0.002800	  0.001126
 -0.027958	 -0.040810	 -0.009382	 -0.011504	 -0.005744	  0.001248	  0.002741
  0.000201	 -0.038688	 -0.012233	 -0.002097	  0.003758	  0.003370	  0.000714
  0.012491	 -0.040050	 -0.011695	 -0.006151	  0.000337	  0.002262	  0.001791
  0.013441	 -0.035299	 -0.012360	 -0.005708	  0.001699	  0.004637	  0.001316
  0.004667	 -0.029756	 -0.010934	 -0.003332	  0.000116	  0.004035	  0.001031
  0.024148	 -0.038593	 -0.013437	 -0.001844	  0.003061	  0.000456	  0.000366
  0.017686	 -0.023579	 -0.014799	  0.000247	 -0.000074	  0.000488	  0.003217
  0.015437	 -0.014425	 -0.022876	  0.002876	  0.001794	  0.003117	 -0.000173
  0.023768	 -0.013886	 -0.020690	  0.004967	  0.002776	 -0.002870	 -0.001915
  0.033587	  0.003472	 -0.028894	  0.004618	  0.000559	  0.005049	  0.000714
  0.016229	 -0.005873	 -0.026962	  0.007501	  0.001034	 -0.000526	 -0.007711
  0.008500	 -0.003117	 -0.024270	  0.013772	  0.001826	  0.001691	  0.004737
 -0.001984	 -0.003054	 -0.030225	  0.007722	 -0.005206	 -0.004960	 -0.006444
 -0.002523	 -0.009642	 -0.027279	  0.012125	  0.000939	  0.003212	  0.001886
  0.008722	 -0.028267	 -0.024935	  0.015008	 -0.004066	 -0.005689	 -0.005177
 -0.024601	 -0.013950	 -0.032537	  0.010320	 -0.000961	 -0.002426	  0.002298
 -0.043669	 -0.038942	 -0.038587	  0.011619	 -0.007898	 -0.001318	  0.000017
 -0.025583	 -0.042236	 -0.033677	  0.015546	 -0.003559	 -0.000146	 -0.003055
 -0.023714	 -0.051168	 -0.043497	  0.012790	 -0.001532	 -0.004137	  0.001665
 -0.001858	 -0.061938	 -0.045967	  0.013646	 -0.004192	  0.003940	  0.000968
 -0.010980	 -0.058105	 -0.033931	  0.006804	 -0.002070	  0.000203	 -0.003435
 -0.015795	 -0.050060	 -0.030288	  0.017795	  0.001224	  0.003434	  0.000936
  0.011699	 -0.055128	 -0.027881	  0.009813	 -0.001532	 -0.000272	  0.001411
  0.037641	 -0.049585	 -0.027691	  0.009211	 -0.000486	  0.007171	  0.001221
  0.034062	 -0.055635	 -0.023034	  0.013392	 -0.002925	 -0.002806	 -0.002580
  0.045370	 -0.063047	 -0.027627	  0.001102	  0.000021	  0.002325	  0.000778
  0.041221	 -0.064915	 -0.028166	  0.010827	 -0.004699	  0.003054	  0.001728
  0.030324	 -0.061558	 -0.030193	  0.005062	  0.002808	  0.004130	  0.003977
  0.018003	 -0.072169	 -0.034659	  0.003541	 -0.004857	  0.002452	  0.000556
 -0.004709	 -0.059436	 -0.042831	  0.004777	  0.000591	  0.002103	 -0.002548
 -0.007528	 -0.058169	 -0.038935	  0.009971	 -0.001500	  0.004669	  0.006004
  0.009704	 -0.059404	 -0.048470	 -0.001590	  0.002301	 -0.000431	 -0.006951
  0.018446	 -0.047241	 -0.050402	  0.001134	 -0.002577	  0.005049	  0.001474
  0.020315	 -0.048761	 -0.044193	  0.005315	 -0.001658	  0.001438	 -0.003435
  0.004002	 -0.031371	 -0.047963	  0.001356	  0.002681	 -0.001349	 -0.000173
  0.010559	 -0.020792	 -0.048850	  0.005854	  0.001604	 -0.000779	  0.001728
  0.033524	 -0.032036	 -0.043813	  0.004080	  0.003315	  0.002357	 -0.005747
  0.042456	 -0.022344	 -0.042926	  0.013329	  0.002143	 -0.000494	  0.000936
  0.027284	 -0.025068	 -0.058194	  0.007722	 -0.001627	  0.000741	  0.003407
  0.022437	 -0.042299	 -0.048881	  0.015198	 -0.004541	 -0.000874	  0.000809
  0.015817	 -0.034792	 -0.058194	  0.015325	  0.001224	 -0.000051	 -0.002865
  0.006726	 -0.036154	 -0.057149	  0.013487	 -0.001627	  0.003592	  0.002298
 -0.003790	 -0.041666	 -0.054298	  0.016465	 -0.004541	 -0.000019	 -0.000141
 -0.001541	 -0.030864	 -0.057212	  0.017162	  0.002966	  0.004067	  0.000461
  0.013980	 -0.036724	 -0.055280	  0.019347	 -0.006093	  0.000108	  0.004452
  0.017623	 -0.029502	 -0.050148	  0.021248	 -0.002387	  0.007140	 -0.001535
  0.011129	 -0.024783	 -0.054836	  0.022356	 -0.003084	  0.000108	  0.000683
  0.005681	 -0.028932	 -0.052587	  0.021216	  0.001193	  0.004511	 -0.001946
  0.016261	 -0.028267	 -0.053854	  0.024004	 -0.007296	 -0.000051	 -0.002960
 -0.006229	 -0.034064	 -0.054139	  0.025904	 -0.001088	  0.002610	 -0.003942
 -0.014116	 -0.035426	 -0.060950	  0.023338	 -0.003369	  0.001945	  0.000873
 -0.006166	 -0.033937	 -0.063547	  0.028913	 -0.006441	 -0.001349	 -0.002422
 -0.013609	 -0.020475	 -0.071529	  0.022990	  0.003188	 -0.000146	 -0.008155
 -0.015320	 -0.023706	 -0.069724	  0.028723	 -0.003971	  0.000266	 -0.000996
 -0.034863	 -0.012271	 -0.067760	  0.024352	 -0.003210	 -0.000399	 -0.000299
 -0.062263	 -0.008787	 -0.075362	  0.027044	  0.000781	 -0.001508	 -0.008472
 -0.063815	 -0.006379	 -0.073430	  0.025397	 -0.000138	 -0.004359	 -0.006001
 -0.069928	  0.002331	 -0.071466	  0.023528	  0.001699	  0.001691	 -0.000679
 -0.066824	  0.001856	 -0.066715	  0.024827	 -0.003210	  0.002705	 -0.002517
 -0.045633	  0.013386	 -0.066208	  0.020203	  0.005215	 -0.003630	 -0.009549
 -0.012406	  0.008730	 -0.063959	  0.021343	 -0.000740	  0.002578	 -0.003023
  0.002989	  0.010187	 -0.063484	  0.019062	 -0.008500	 -0.002078	 -0.003752
  0.010907	 -0.005492	 -0.066873	  0.020551	  0.002966	  0.001945	 -0.002960
  0.035424	 -0.012905	 -0.071498	  0.016623	 -0.005998	 -0.004485	 -0.001503
  0.030704	 -0.027697	 -0.072606	  0.015420	  0.003632	 -0.002078	 -0.004069
  0.018921	 -0.035014	 -0.064846	  0.015451	 -0.003052	 -0.004359	 -0.003657
  0.012238	 -0.037199	 -0.068013	  0.014343	 -0.002165	 -0.001666	 -0.000996
  0.017876	 -0.050788	 -0.066841	  0.011777	  0.000274	 -0.000272	 -0.003879
  0.018700	 -0.052752	 -0.055787	  0.009275	 -0.000360	  0.004511	 -0.004037
 -0.010790	 -0.056141	 -0.071719	  0.005252	  0.005247	 -0.000082	 -0.001218
 -0.027578	 -0.064282	 -0.064751	  0.005980	 -0.004699	 -0.004042	  0.000049
 -0.017220	 -0.056870	 -0.075267	  0.000120	  0.002713	  0.001913	 -0.003467
 -0.016713	 -0.054114	 -0.074222	 -0.000101	 -0.002608	 -0.004960	  0.000683
 -0.025678	 -0.048888	 -0.077579	 -0.007387	  0.001984	  0.001090	 -0.005747
 -0.005437	 -0.034697	 -0.081570	 -0.003174	  0.000432	  0.003054	  0.004072
  0.016514	 -0.041032	 -0.087367	 -0.005233	  0.004582	 -0.001856	 -0.005557
  0.033207	 -0.025321	 -0.099815	 -0.006626	 -0.006536	  0.006379	 -0.002517
  0.023799	 -0.023104	 -0.107417	 -0.006500	  0.003695	  0.002167	 -0.000331
  0.021772	 -0.026398	 -0.113056	 -0.006151	  0.002966	 -0.003218	  0.003280
  0.037388	 -0.030611	 -0.116920	 -0.010364	  0.002333	  0.002927	 -0.005146
  0.017147	 -0.032765	 -0.115843	  0.000786	 -0.000898	 -0.005087	  0.003660
  0.018953	 -0.040969	 -0.116635	 -0.005866	  0.005912	  0.001977	 -0.002200
  0.019365	 -0.026398	 -0.122875	 -0.000640	  0.000242	 -0.001349	  0.005054
  0.023197	 -0.032892	 -0.109951	  0.000691	  0.005469	 -0.004517	 -0.003277
  0.035931	 -0.020602	 -0.104535	 -0.000101	  0.002681	  0.003244	  0.001126
  0.027917	 -0.015597	 -0.099087	 -0.000988	  0.001826	 -0.002838	  0.002108
  0.012016	 -0.018606	 -0.089996	  0.011840	  0.002206	 -0.002205	  0.000302
  0.026935	 -0.019841	 -0.082552	  0.006487	 -0.002323	 -0.000272	  0.004610
  0.040651	 -0.016706	 -0.073905	  0.010795	  0.003853	 -0.003440	  0.001189
  0.062063	 -0.017941	 -0.073398	  0.004397	 -0.003020	 -0.000969	  0.002488
  0.083697	 -0.018606	 -0.064181	  0.015293	  0.000211	 -0.006227	 -0.000711
  0.084552	 -0.029312	 -0.059493	  0.015388	 -0.001975	 -0.002553	 -0.000553
  0.088512	 -0.043946	 -0.055913	  0.007976	 -0.000803	 -0.007874	 -0.000173
  0.082525	 -0.050757	 -0.045904	  0.013899	  0.000274	 -0.004644	 -0.000553
  0.078122	 -0.056711	 -0.054931	  0.011397	  0.003315	 -0.002426	  0.002678
  0.067575	 -0.062761	 -0.049388	  0.004587	 -0.003115	 -0.002616	 -0.002073
  0.058705	 -0.061811	 -0.051194	  0.011302	  0.007528	 -0.000969	 -0.003023
  0.047999	 -0.068115	 -0.045904	  0.003731	 -0.002450	 -0.004263	  0.001063
  0.031591	 -0.055920	 -0.053633	 -0.000862	 -0.001690	 -0.005879	 -0.005779
  0.041949	 -0.049078	 -0.055755	 -0.000735	  0.000971	  0.000646	  0.002615
  0.034759	 -0.041634	 -0.065859	  0.002971	  0.006292	 -0.000621	 -0.006698
 -0.006514	 -0.033842	 -0.080082	 -0.004314	 -0.004509	 -0.001983	  0.000081
 -0.015985	 -0.041666	 -0.086543	 -0.004061	  0.004614	 -0.000272	 -0.000521
 -0.035624	 -0.050725	 -0.086670	 -0.001115	  0.002143	 -0.003060	 -0.004766
 -0.017727	 -0.038530	 -0.091770	 -0.000133	  0.001509	  0.001185	 -0.005304
 -0.004994	 -0.043154	 -0.095856	  0.000912	 -0.000866	 -0.005626	 -0.000965
 -0.022985	 -0.040779	 -0.105897	  0.003510	  0.000781	  0.002230	  0.001633
 -0.049402	 -0.048286	 -0.104883	 -0.001178	 -0.006473	 -0.003250	 -0.002485
 -0.069833	 -0.049585	 -0.118820	  0.000659	  0.004835	  0.002547	 -0.003910
 -0.077847	 -0.055539	 -0.114924	 -0.000196	 -0.004509	 -0.002236	  0.001094
 -0.091119	 -0.056711	 -0.111408	 -0.001368	  0.004202	 -0.001634	 -0.003245
 -0.101445	 -0.064535	 -0.116413	  0.002813	  0.000527	 -0.001856	 -0.007331
 -0.079716	 -0.073880	 -0.107006	  0.002306	  0.000211	 -0.004073	 -0.000458
 -0.062009	 -0.074228	 -0.115495	  0.007057	  0.004677	  0.006158	 -0.002928
 -0.055136	 -0.075907	 -0.111567	  0.007849	  0.003885	 -0.003535	  0.000746
 -0.051176	 -0.071662	 -0.103109	  0.005917	 -0.000486	  0.000741	 -0.004861
 -0.029700	 -0.077712	 -0.093924	  0.006424	  0.002491	 -0.006101	 -0.002865
 -0.036225	 -0.079328	 -0.094019	  0.007216	 -0.002767	  0.000995	 -0.002992
 -0.035972	 -0.085568	 -0.078656	  0.008483	 -0.000898	 -0.004770	  0.000207
 -0.041579	 -0.070965	 -0.074285	  0.005727	 -0.001151	  0.001248	 -0.007046
 -0.023492	 -0.073880	 -0.070611	  0.005378	  0.000559	 -0.002205	  0.001063
 -0.023524	 -0.074450	 -0.075140	  0.009686	 -0.001310	  0.003244	 -0.001566
 -0.031569	 -0.070142	 -0.076661	  0.007057	 -0.002957	 -0.003377	 -0.002643
 -0.018202	 -0.072771	 -0.077104	  0.008483	 -0.003115	  0.003845	 -0.002390
 -0.035972	 -0.065549	 -0.071909	  0.008704	 -0.007645	 -0.002806	  0.001918
 -0.035370	 -0.051042	 -0.077041	  0.009908	  0.000686	  0.002198	 -0.000869
 -0.039330	 -0.047114	 -0.062375	  0.009718	 -0.010559	 -0.004010	 -0.003372
 -0.038950	 -0.047241	 -0.069945	  0.011745	  0.003346	  0.000646	 -0.004702
 -0.036796	 -0.044358	 -0.060094	  0.012854	 -0.006314	 -0.001856	  0.004167
 -0.022415	 -0.047716	 -0.058004	  0.010827	 -0.001753	  0.001406	 -0.005399
 -0.008763	 -0.038815	 -0.053221	  0.013234	 -0.000961	  0.002167	  0.000398
  0.008500	 -0.034760	 -0.053443	  0.009623	 -0.004319	 -0.003662	 -0.002992
  0.006441	 -0.020222	 -0.056927	  0.018175	  0.001319	 -0.001223	 -0.000363
 -0.009587	 -0.017339	 -0.056895	  0.011333	 -0.006600	 -0.001888	 -0.003467
  0.000930	 -0.028235	 -0.061330	  0.018080	  0.000306	  0.000171	 -0.004322
 -0.013198	 -0.016896	 -0.062438	  0.007881	 -0.008880	 -0.001444	 -0.003847
 -0.030904	 -0.030579	 -0.059588	  0.014881	 -0.003020	  0.003972	 -0.005969
 -0.023999	 -0.032068	 -0.058796	  0.012790	 -0.005903	  0.000013	 -0.000204
 -0.050353	 -0.029787	 -0.060633	  0.011492	 -0.000771	  0.001533	 -0.007268
 -0.057385	 -0.044295	 -0.059873	  0.008388	 -0.005016	  0.002515	 -0.005874
 -0.060837	 -0.052974	 -0.070421	  0.015736	 -0.010401	 -0.001128	 -0.006413
 -0.039710	 -0.063648	 -0.071783	  0.006804	  0.001541	  0.001121	  0.000366
 -0.013894	 -0.081735	 -0.080367	  0.013614	 -0.009577	  0.001913	 -0.003308
 -0.014306	 -0.089559	 -0.080968	  0.012315	 -0.004351	 -0.002775	 -0.006824
 -0.007464	 -0.096496	 -0.087494	  0.003953	 -0.006758	 -0.002743	 -0.000774
 -0.007528	 -0.097383	 -0.088475	  0.012664	 -0.009862	  0.001375	  0.000651
 -0.008541	 -0.094595	 -0.093639	  0.003225	 -0.000613	 -0.005562	 -0.000933
 -0.011835	 -0.085029	 -0.101367	  0.011523	 -0.009229	 -0.001318	 -0.000838
  0.000866	 -0.090794	 -0.104852	  0.009813	 -0.003844	  0.000044	  0.002361
  0.022057	 -0.087753	 -0.105992	  0.007342	 -0.009545	 -0.008033	  0.001063
  0.029216	 -0.080785	 -0.107386	  0.011777	 -0.000708	  0.002642	 -0.004734
  0.015817	 -0.088070	 -0.113689	  0.010827	 -0.007170	 -0.002965	 -0.003023
  0.012143	 -0.066879	 -0.117237	  0.007912	 -0.000296	  0.000108	  0.002013
  0.006948	 -0.066214	 -0.118314	  0.012125	 -0.008342	 -0.002553	 -0.002168
  0.046067	 -0.060417	 -0.121449	  0.005378	 -0.002418	  0.000710	  0.002203
  0.059909	 -0.052847	 -0.121069	  0.007817	 -0.002292	 -0.006481	 -0.003435
  0.043723	 -0.054399	 -0.122115	  0.013677	 -0.004699	  0.001153	 -0.000331
  0.033397	 -0.049965	 -0.122273	  0.007469	 -0.009862	 -0.004834	  0.002045
  0.015310	 -0.043725	 -0.116413	  0.009560	 -0.001278	  0.000013	 -0.006539
 -0.000496	 -0.041697	 -0.118567	  0.008673	 -0.014613	 -0.002521	  0.000746
 -0.027261	 -0.033493	 -0.108114	  0.015578	 -0.001627	 -0.005404	 -0.001725
 -0.044588	 -0.040494	 -0.100417	  0.010922	 -0.009387	 -0.000969	 -0.003055
 -0.052823	 -0.055318	 -0.089236	  0.015831	 -0.002482	 -0.003567	 -0.003942
 -0.046805	 -0.051422	 -0.071529	  0.007786	 -0.007962	 -0.006829	 -0.001915
 -0.049181	 -0.050313	 -0.068108	  0.017732	 -0.006631	  0.002167	 -0.003372
 -0.055864	 -0.067291	 -0.059778	  0.011397	 -0.009482	 -0.007273	 -0.000838
 -0.058715	 -0.055096	 -0.053823	  0.013266	 -0.006283	 -0.001824	 -0.001820
 -0.063054	 -0.060101	 -0.047741	  0.012315	 -0.007455	 -0.000209	 -0.005779
 -0.079589	 -0.065137	 -0.046126	  0.009908	 -0.003305	 -0.008001	  0.001633
 -0.080634	 -0.066372	 -0.038650	  0.008039	 -0.006695	  0.005176	  0.000366
 -0.063815	 -0.085758	 -0.034627	  0.008609	 -0.007550	 -0.004105	  0.001760
 -0.053045	 -0.089432	 -0.027215	  0.003731	 -0.007898	  0.002103	  0.000524
 -0.030923	 -0.007691	  0.012170	  0.007798	  0.002048	  0.000006	  0.003324
 -0.030923	 -0.022958	 -0.000152	 -0.001229	 -0.001753	  0.003015	 -0.000128
 -0.036561	 -0.017067	 -0.007247	  0.004694	 -0.001753	  0.001305	 -0.001174
 -0.026013	 -0.004840	  0.001147	  0.003681	  0.004645	  0.001495	  0.005985
 -0.024145	 -0.005885	 -0.015229	  0.001748	 -0.001848	 -0.002876	 -0.001364
 -0.025982	 -0.018492	 -0.010383	  0.001463	  0.003283	  0.003015	  0.002944
 -0.027027	  0.002540	 -0.001672	  0.003142	 -0.001056	  0.000481	  0.001170
 -0.033394	 -0.004682	 -0.007089	  0.000640	 -0.001532	  0.001558	 -0.004848
 -0.015339	 -0.000754	 -0.010637	  0.000862	  0.000559	  0.000196	  0.000695
 -0.003492	  0.024523	  0.004092	  0.002160	  0.000179	 -0.004302	 -0.001839
  0.011427	  0.020659	  0.001970	 -0.004682	 -0.000106	  0.000196	  0.002437
  0.049912	  0.014640	 -0.004206	 -0.000374	  0.002935	  0.001305	 -0.002567
  0.045224	  0.028071	  0.004346	  0.000545	 -0.001373	 -0.004967	  0.007664
  0.044021	  0.019043	 -0.002243	 -0.003478	 -0.001785	  0.000767	 -0.004373
  0.035880	  0.000418	 -0.002369	 -0.003858	 -0.001975	  0.002034	 -0.001870
  0.044908	  0.011663	  0.006531	 -0.000627	  0.001161	  0.003237	 -0.003106
  0.019694	 -0.003541	  0.009224	 -0.000849	  0.000781	 -0.003415	  0.001012
 -0.001750	 -0.014913	  0.005106	 -0.006741	 -0.000676	 -0.001609	  0.001931
  0.005409	 -0.006012	  0.008305	  0.002635	  0.000021	 -0.000722	 -0.002346
 -0.000927	 -0.014723	  0.008337	 -0.007532	 -0.001753	 -0.000722	 -0.003549
 -0.034439	 -0.024510	  0.001590	 -0.001166	 -0.004889	 -0.005885	  0.002944
 -0.055725	 -0.009623	 -0.003668	 -0.004365	 -0.003432	  0.002477	  0.001329
 -0.070517	 -0.014248	 -0.005410	 -0.004777	 -0.001848	 -0.002401	  0.000822
 -0.079703	 -0.024004	 -0.008673	 -0.009781	 -0.003749	  0.004061	 -0.004499
 -0.079513	 -0.031130	 -0.015768	 -0.000849	 -0.004129	  0.001432	  0.005573
 -0.057815	 -0.035882	 -0.009306	 -0.006836	 -0.000613	 -0.001102	  0.000822
 -0.037416	 -0.050928	 -0.023655	 -0.000057	 -0.000961	  0.000355	 -0.007604
 -0.047236	 -0.044624	 -0.027488	 -0.007247	  0.001794	 -0.008166	  0.004623
 -0.051639	 -0.045986	 -0.018397	  0.003522	 -0.004066	  0.005550	 -0.002694
 -0.033172	 -0.049787	 -0.025587	 -0.004206	 -0.003242	 -0.003066	 -0.003739
 -0.026742	 -0.053652	 -0.023117	 -0.004302	 -0.003432	  0.001812	  0.002279
 -0.004854	 -0.045511	 -0.024194	  0.001875	 -0.000676	 -0.003225	 -0.003961
  0.030939	 -0.036864	 -0.018745	 -0.006582	 -0.001373	  0.005043	  0.006429
  0.021183	 -0.054982	 -0.035122	 -0.000817	 -0.002894	  0.001368	 -0.000002
  0.010382	 -0.023972	 -0.011460	  0.000228	 -0.000771	  0.002319	  0.003134
  0.048107	 -0.038574	 -0.021533	 -0.004523	 -0.003464	 -0.000089	 -0.004658
  0.061094	 -0.043104	 -0.019949	 -0.006075	 -0.001373	  0.000767	  0.006682
  0.062487	 -0.032714	 -0.010858	 -0.003478	  0.000147	  0.001717	 -0.002662
  0.057483	 -0.045099	 -0.021058	 -0.009465	 -0.006758	  0.002414	  0.002469
  0.044908	 -0.059860	 -0.015926	 -0.006614	  0.001098	 -0.001102	 -0.000097
  0.034328	 -0.040886	 -0.003193	 -0.003985	 -0.007138	  0.000418	 -0.000793
  0.037907	 -0.057991	  0.001273	 -0.009781	 -0.001468	  0.002540	  0.000315
  0.045605	 -0.061254	  0.010332	 -0.011397	 -0.001278	 -0.002053	 -0.003106
  0.044021	 -0.034741	  0.019867	 -0.006075	 -0.005966	 -0.004998	  0.002722
  0.060619	 -0.027139	  0.033836	 -0.006455	  0.005342	  0.000355	  0.001234
  0.044876	 -0.024130	  0.031143	 -0.012315	 -0.008848	 -0.000310	 -0.001902
  0.037052	 -0.003320	  0.035799	  0.000196	  0.002903	  0.000165	  0.001170
  0.058275	  0.008020	  0.044510	 -0.002908	 -0.001310	 -0.000437	 -0.002567
  0.060144	 -0.011587	  0.029908	 -0.007691	 -0.006726	 -0.003130	  0.000759
  0.048075	 -0.003826	  0.035831	  0.003459	  0.002365	 -0.003668	  0.003198
  0.062266	  0.002255	  0.039284	 -0.010827	 -0.005047	 -0.000564	 -0.004690
  0.055170	 -0.020519	  0.040012	 -0.001039	 -0.005523	  0.002350	  0.008297
  0.056628	 -0.018397	  0.039094	  0.000481	  0.001858	 -0.003225	 -0.005038
  0.047853	 -0.016623	  0.047456	 -0.004935	 -0.003907	 -0.000310	  0.012795
  0.051559	 -0.044117	  0.040709	 -0.003510	  0.001668	  0.006278	 -0.007129
  0.038858	 -0.050896	  0.026202	 -0.002211	 -0.003084	 -0.011112	  0.007664
  0.024731	 -0.038479	  0.022908	 -0.001958	 -0.005428	  0.005961	  0.002089
  0.008133	 -0.058023	  0.013500	 -0.012189	 -0.005776	 -0.001736	 -0.001775
  0.009875	 -0.063344	  0.000545	 -0.003890	 -0.001056	 -0.006139	 -0.000477
  0.022577	 -0.051181	  0.001115	 -0.007406	 -0.003274	  0.004061	  0.005573
  0.050768	 -0.078358	 -0.009148	 -0.009021	 -0.004541	 -0.009908	 -0.001775
  0.053302	 -0.082635	 -0.017510	 -0.016180	 -0.002925	  0.001875	  0.000600
  0.038668	 -0.077947	 -0.014628	 -0.007406	 -0.003369	 -0.003826	  0.001044
  0.046080	 -0.089666	 -0.010890	 -0.009876	 -0.003780	 -0.000437	  0.000315
  0.038699	 -0.085960	 -0.014944	 -0.012632	  0.000749	 -0.005537	  0.000062
  0.060650	 -0.079340	 -0.001672	 -0.007817	  0.002301	  0.003047	  0.000949
  0.067841	 -0.067811	 -0.001577	 -0.007564	 -0.008880	 -0.008926	  0.000822
  0.063691	 -0.084440	 -0.006614	 -0.014881	  0.001921	 -0.003826	  0.008868
  0.062551	 -0.062837	  0.007133	 -0.007152	 -0.002799	 -0.001229	 -0.004911
  0.055361	 -0.056724	  0.016541	 -0.009813	  0.000116	 -0.000374	  0.005858
  0.035944	 -0.059385	  0.021102	 -0.009275	 -0.001405	 -0.005347	 -0.005418
  0.042500	 -0.041647	  0.026645	 -0.008704	 -0.000898	  0.001210	  0.002691
  0.052130	 -0.043199	  0.050877	 -0.006962	 -0.001848	 -0.003066	 -0.006273
  0.066764	 -0.054032	  0.035894	 -0.012094	  0.001699	  0.001020	  0.003546
  0.043166	 -0.037751	  0.062755	 -0.010130	 -0.001817	 -0.004302	  0.001297
  0.052636	 -0.037085	  0.065067	 -0.015103	 -0.002102	  0.003237	  0.002342
  0.059320	 -0.047918	  0.065954	 -0.018587	 -0.003432	 -0.001958	 -0.001585
  0.078103	 -0.047190	  0.075869	 -0.015990	 -0.001088	  0.001748	 -0.000445
  0.068221	 -0.027171	  0.073905	 -0.022008	 -0.008088	 -0.004397	 -0.000603
  0.063501	 -0.042249	  0.072194	 -0.024954	  0.001573	  0.008369	 -0.001490
  0.050292	 -0.040411	  0.067316	 -0.023687	 -0.007296	 -0.001419	 -0.002060
  0.069139	 -0.032778	  0.075805	 -0.023370	 -0.000011	  0.002699	  0.000157
  0.046745	 -0.053905	  0.069629	 -0.020836	 -0.001722	  0.001653	 -0.001205
  0.050356	 -0.062837	  0.072353	 -0.026664	 -0.006029	  0.001970	 -0.000223
  0.046080	 -0.050516	  0.090091	 -0.021976	 -0.007138	  0.001939	 -0.002726
  0.052731	 -0.070250	  0.084231	 -0.025049	 -0.001880	  0.006215	  0.000949
  0.061125	 -0.078422	  0.086322	 -0.018397	 -0.006916	 -0.004808	  0.006302
  0.087258	 -0.058561	  0.087335	 -0.021470	 -0.002228	  0.006025	 -0.008649
  0.094226	 -0.070503	  0.090281	 -0.016211	 -0.008342	 -0.000912	 -0.001902
  0.072750	 -0.067367	  0.092435	 -0.023307	 -0.000993	 -0.003193	  0.000759
  0.077945	 -0.043452	  0.095127	 -0.007912	 -0.006505	  0.003522	  0.002184
  0.067270	 -0.053683	  0.092435	 -0.017954	 -0.001880	  0.001780	 -0.002251
  0.058560	 -0.052955	  0.085466	 -0.011745	 -0.003305	 -0.000437	 -0.005671
  0.040727	 -0.034741	  0.093512	 -0.006265	 -0.006219	 -0.001261	  0.001899
  0.015640	 -0.046968	  0.084548	 -0.005347	 -0.004826	  0.002762	  0.002913
 -0.007958	 -0.060303	  0.081887	 -0.011492	 -0.000708	  0.002730	 -0.008174
 -0.003872	 -0.041298	  0.084421	  0.000767	 -0.004699	  0.002825	  0.000822
  0.003825	 -0.034076	  0.088064	 -0.003668	 -0.004604	  0.000798	 -0.007794
  0.000879	 -0.040760	  0.073810	  0.001685	 -0.005998	  0.000576	  0.001392
 -0.004886	 -0.022546	  0.080842	  0.005138	 -0.000771	  0.002097	  0.002913
  0.000214	 -0.017415	  0.080905	  0.002224	 -0.011034	  0.002477	 -0.003486
  0.011015	 -0.016053	  0.070737	  0.006595	 -0.002165	  0.003617	  0.002596
  0.003413	 -0.009148	  0.076661	  0.008685	 -0.005871	  0.001685	 -0.001554
  0.009305	  0.010649	  0.080367	  0.007513	  0.000401	  0.003111	  0.001392
  0.033758	 -0.011207	  0.068077	  0.017396	 -0.009830	 -0.001736	 -0.005640
  0.029292	 -0.014723	  0.077484	  0.008274	  0.000306	  0.003712	  0.000030
  0.045193	 -0.006899	  0.080620	  0.020912	 -0.004984	  0.001115	  0.003546
  0.029577	 -0.024099	  0.078593	  0.013342	 -0.005238	  0.002034	 -0.004690
  0.038573	 -0.027615	  0.079195	  0.016541	  0.001383	  0.002414	 -0.000984
  0.042944	 -0.002528	  0.087589	  0.018916	 -0.003179	  0.004346	  0.004243
  0.090298	 -0.037212	  0.080335	  0.020342	 -0.010116	  0.003871	 -0.005735
  0.097267	 -0.038131	  0.077738	  0.027215	 -0.000360	  0.002319	  0.001360
  0.109399	 -0.012284	  0.076724	  0.031998	 -0.003210	 -0.003066	  0.003356
  0.114150	 -0.031130	  0.074475	  0.025505	 -0.002007	  0.004124	 -0.003961
  0.102842	 -0.016908	  0.074095	  0.032790	 -0.003305	  0.000735	  0.002722
  0.088683	  0.008495	  0.088412	  0.026170	  0.000971	  0.000988	 -0.001649
  0.091629	  0.000830	  0.089014	  0.029306	 -0.005016	 -0.000627	 -0.001269
  0.072592	  0.003364	  0.089236	  0.031903	  0.002238	  0.000070	 -0.001522
  0.062678	  0.024776	  0.091896	  0.036211	 -0.005333	  0.003142	  0.001867
  0.044623	  0.013943	  0.087462	  0.031365	 -0.005554	  0.000545	 -0.004468
  0.044464	  0.018726	  0.085435	  0.031777	 -0.000296	  0.000862	  0.002564
  0.010857	  0.042610	  0.091326	  0.030320	 -0.000993	 -0.002591	 -0.002314
  0.010508	  0.038587	  0.089457	  0.039125	 -0.002545	 -0.001736	  0.005447
  0.004268	  0.032632	  0.080367	  0.025220	 -0.004921	  0.005328	 -0.003834
  0.017730	  0.027659	  0.094811	  0.038080	 -0.001722	 -0.003288	  0.003166
  0.009115	  0.035134	  0.108779	  0.031080	 -0.000581	 -0.001166	 -0.003518
  0.029292	  0.015749	  0.096046	  0.031270	 -0.003780	 -0.004650	  0.004306
  0.040632	  0.024270	  0.105327	  0.032442	 -0.008088	  0.004599	 -0.003581
  0.044528	  0.028356	  0.107196	  0.030826	  0.001383	  0.002604	 -0.001047
  0.035500	  0.000767	  0.097978	  0.023921	 -0.004731	  0.002350	 -0.003644
  0.013264	  0.013975	  0.112675	  0.035768	 -0.003179	  0.005645	  0.001139
  0.001069	  0.011980	  0.118029	  0.024998	 -0.001658	  0.004187	 -0.000477
  0.006359	 -0.011333	  0.103648	  0.024840	 -0.002387	  0.005011	 -0.001395
 -0.006153	 -0.011143	  0.108114	  0.026804	  0.001446	  0.003617	  0.003229
 -0.009225	 -0.003066	  0.109064	  0.023858	 -0.007677	  0.003617	  0.000315
 -0.005519	 -0.028406	  0.093702	  0.020025	 -0.001215	  0.003617	 -0.006463
 -0.015180	 -0.022673	  0.085371	  0.021197	  0.000021	  0.004251	  0.004306
  0.001544	 -0.020646	  0.079828	  0.028609	 -0.009862	  0.000957	 -0.003613
  0.014531	 -0.033411	  0.073081	  0.021165	  0.001699	  0.005771	  0.003451
  0.006676	 -0.032302	  0.062058	  0.020944	 -0.006219	  0.000925	 -0.005418
  0.011395	 -0.017352	  0.064751	  0.024491	 -0.003305	  0.008717	  0.000062
  0.023400	 -0.023402	  0.049198	  0.024460	 -0.003115	 -0.001799	 -0.002092
  0.036609	 -0.019094	  0.044225	  0.018695	 -0.005998	  0.009319	 -0.001079
  0.011870	  0.005708	  0.048216	  0.029528	 -0.004351	  0.001210	 -0.003771
  0.006992	 -0.004048	  0.044352	  0.022401	 -0.004857	  0.004314	 -0.006558
  0.004617	 -0.006804	  0.035578	  0.019455	 -0.000866	 -0.001451	  0.005890
  0.008671	  0.012835	  0.041058	  0.028292	 -0.002545	  0.004726	 -0.006812
 -0.011031	  0.005201	  0.044954	  0.021831	 -0.005079	 -0.000786	  0.000727
 -0.016416	 -0.003763	  0.043053	  0.025505	  0.001541	  0.005074	 -0.001490
  0.007562	  0.008875	  0.042293	  0.022971	 -0.009704	  0.004663	 -0.002092
  0.005123	  0.006215	  0.055501	  0.023446	  0.002745	  0.007165	  0.001139
  0.018142	 -0.012252	  0.050845	  0.021387	 -0.005966	 -0.000279	  0.000220
  0.039935	  0.010332	  0.069344	  0.022527	  0.001953	  0.004884	  0.004116
  0.034867	  0.025568	  0.073683	  0.023224	 -0.004066	  0.002477	  0.004908
  0.020771	  0.019265	  0.069692	  0.021070	 -0.004604	  0.000608	 -0.005418
  0.018902	  0.020880	  0.076851	  0.020659	 -0.002545	  0.002699	  0.006809
  0.046681	  0.031016	  0.085625	  0.019550	  0.000876	  0.005328	 -0.007224
  0.062899	  0.003237	  0.070611	  0.017776	 -0.006536	  0.002477	  0.008139
  0.041994	  0.004979	  0.083756	  0.018125	  0.001826	  0.001970	 -0.001427
  0.040600	  0.001273	  0.089552	  0.023129	 -0.009039	  0.008812	  0.002342
  0.034867	 -0.031194	  0.083217	  0.010237	  0.000907	 -0.003605	  0.000410
  0.031921	 -0.038733	  0.086512	  0.021546	 -0.004477	  0.002192	  0.002564
  0.013454	 -0.038923	  0.097250	  0.013880	  0.001953	  0.003776	 -0.006780
 -0.015370	 -0.056724	  0.087620	  0.015876	 -0.003242	 -0.001767	 -0.000002
 -0.028801	 -0.059417	  0.097123	  0.010142	 -0.000169	  0.004187	  0.003736
 -0.046317	 -0.053778	  0.097693	  0.013532	 -0.005966	  0.002857	  0.000125
 -0.036720	 -0.074114	  0.092878	  0.004029	  0.002238	  0.001400	  0.002406
 -0.050815	 -0.074241	  0.100385	  0.004663	 -0.002418	  0.003681	  0.001297
 -0.040426	 -0.061000	  0.102888	  0.004156	 -0.001817	 -0.001292	  0.002818
 -0.021104	 -0.080417	  0.103553	  0.005201	 -0.000835	  0.005138	  0.005415
  0.008418	 -0.074272	  0.102413	  0.000323	 -0.001151	 -0.003510	 -0.000730
  0.004268	 -0.064421	  0.099213	  0.001780	 -0.002450	  0.004599	  0.007030
  0.033568	 -0.052005	  0.096964	  0.007102	 -0.000043	  0.001305	 -0.004848
  0.033410	 -0.055520	  0.087145	  0.001527	 -0.006568	  0.002604	  0.010008
  0.039871	 -0.036420	  0.088000	  0.006848	  0.003505	  0.000735	 -0.002536
  0.024097	 -0.035217	  0.076407	 -0.002939	 -0.001943	  0.005645	  0.001994
  0.034233	 -0.049534	  0.078086	  0.001242	  0.000527	  0.000798	  0.002532
  0.023305	 -0.021723	  0.069407	 -0.004302	 -0.003875	  0.004948	  0.000030
  0.002463	 -0.014343	  0.066778	 -0.005252	  0.001224	  0.000545	 -0.001047
  0.034455	 -0.001102	  0.053791	 -0.008198	 -0.005934	  0.002192	  0.003039
  0.016273	  0.017713	  0.038904	 -0.010795	  0.000274	 -0.000247	 -0.000635
  0.021816	  0.028799	  0.036465	 -0.009845	 -0.000233	  0.005613	  0.004591
  0.042880	  0.023509	  0.016541	 -0.012125	  0.000939	 -0.001134	 -0.003391
  0.044939	  0.029876	  0.021957	 -0.017985	 -0.000740	  0.002572	  0.003134
  0.038889	  0.038017	  0.025220	 -0.016370	 -0.001215	  0.001812	 -0.003993
  0.042184	  0.022337	  0.012740	 -0.023465	 -0.001912	  0.005138	 -0.002567
  0.009811	  0.020754	  0.005803	 -0.022610	 -0.000011	  0.001970	  0.000632
  0.007848	  0.031650	  0.007102	 -0.017859	 -0.003685	  0.005993	  0.000822
  0.024509	  0.009857	  0.008622	 -0.021723	 -0.004382	  0.001305	  0.001044
  0.021056	  0.006753	  0.002414	 -0.020899	  0.000749	  0.007102	 -0.001965
  0.018681	 -0.001356	  0.014324	 -0.018112	 -0.002102	 -0.001039	  0.001551
  0.042310	 -0.022071	  0.015527	 -0.019252	 -0.000043	  0.007228	 -0.001269
  0.054062	 -0.034805	  0.009097	 -0.019062	 -0.001753	 -0.000089	 -0.003296
  0.065021	 -0.030465	  0.009287	 -0.015134	  0.001889	  0.001970	 -0.003771
  0.046270	 -0.062933	  0.019233	 -0.027139	 -0.000455	  0.002287	  0.002057
  0.038383	 -0.066955	 -0.002211	 -0.014501	  0.001921	  0.005169	 -0.000033
  0.018649	 -0.052860	  0.016161	 -0.017573	 -0.006758	  0.002350	  0.000600
  0.027613	 -0.069869	  0.017966	 -0.018619	  0.003251	  0.002065	 -0.008079
  0.000436	 -0.072087	  0.013880	 -0.017668	  0.003220	  0.000133	  0.001519
  0.004712	 -0.048425	  0.036085	 -0.013931	  0.000971	  0.006500	 -0.001047
 -0.003872	 -0.066480	  0.040456	 -0.018175	  0.002713	  0.001495	 -0.003898
  0.015545	 -0.081653	  0.036021	 -0.020709	  0.003727	  0.005518	 -0.001047
  0.034328	 -0.061539	  0.052144	 -0.017510	  0.003442	  0.005074	  0.000410
  0.040283	 -0.070915	  0.057180	 -0.015325	  0.001161	  0.003997	  0.003388
  0.044464	 -0.081463	  0.064117	 -0.012474	  0.002840	  0.001748	 -0.002124
  0.038921	 -0.056534	  0.076914	 -0.014058	  0.006134	  0.001748	  0.003388
  0.035215	 -0.055774	  0.083281	 -0.016655	 -0.004509	  0.000608	 -0.001744
  0.005757	 -0.063091	  0.086702	 -0.011048	  0.006166	  0.002952	  0.001012
  0.004902	 -0.034266	  0.080620	 -0.009021	 -0.001595	  0.007608	  0.001741
  0.007816	 -0.028470	  0.081158	 -0.014153	 -0.004857	 -0.001261	 -0.004848
 -0.008434	 -0.025334	  0.086290	 -0.007532	  0.001193	  0.007038	  0.004655
 -0.031018	  0.007165	  0.075425	 -0.007786	 -0.002260	  0.001178	  0.001107
 -0.019362	  0.026170	  0.084358	 -0.007216	 -0.000201	  0.003902	  0.002469
