:RUN-1	DP I-O	1:04 PM	TEMP: NaN	HR: -636
Level Step Size:5.00	Start dB SPL: 0	Stop dB SPL: 80	# Buffers Averaged: 8.00	Update Interval:5	Ear:Right	Etymotics Gain:40	Ipsi Driver:Starship	
:NOTES-
:CHAMBER-SEWELL-PXI1
:CFTS Version: V2.7.2 (R850)
:dB	f1(Hz)	f2(Hz)	f1(dB)	f2(dB)	2f1-f2(dB)	2f1-f2Nse(dB)	f2-f1(dB)	f2-f1Nse(dB)	2f1-f2Phase Shox (1)	PostexposureTime(min)
:DATA
  0.00	4720.00	5660.00	 11.05	  4.23	 17.07	  9.47	 19.55	 20.10	  0.00	   NaN
  5.00	4720.00	5660.00	 15.16	  6.87	 12.41	  9.09	 18.25	 17.25	  0.00	   NaN
 10.00	4720.00	5660.00	 19.81	 10.53	 14.92	 11.29	 18.19	 18.17	  0.00	   NaN
 15.00	4720.00	5660.00	 25.39	 15.36	 12.72	  9.70	 17.16	 18.43	  0.00	   NaN
 20.00	4720.00	5660.00	 30.04	 20.15	 16.33	 10.63	 18.94	 18.26	  0.00	   NaN
 25.00	4720.00	5660.00	 35.04	 25.07	 16.71	 10.81	 21.14	 21.33	  0.00	   NaN
 30.00	4720.00	5660.00	 40.03	 29.99	 16.75	  9.61	 17.98	 19.73	  0.00	   NaN
 35.00	4720.00	5660.00	 44.99	 34.99	 14.95	 12.14	 23.44	 22.85	  0.00	   NaN
 40.00	4720.00	5660.00	 50.02	 39.99	 12.98	 10.89	 23.13	 21.79	  0.00	   NaN
 45.00	4720.00	5660.00	 54.99	 45.01	 12.92	  9.14	 18.66	 18.89	  0.00	   NaN
 50.00	4720.00	5660.00	 60.00	 50.00	 11.55	  7.75	 19.03	 20.74	  0.00	   NaN
 55.00	4720.00	5660.00	 65.00	 55.00	 11.79	  7.93	 18.44	 19.64	  0.00	   NaN
 60.00	4720.00	5660.00	 70.00	 60.00	  8.77	  7.94	 19.34	 19.48	  0.00	   NaN
 65.00	4720.00	5660.00	 74.99	 65.00	 11.96	  6.23	 17.50	 18.00	  0.00	   NaN
 70.00	4720.00	5660.00	 79.99	 70.00	 10.67	  7.57	 19.05	 19.06	  0.00	   NaN
 75.00	4720.00	5660.00	 85.00	 75.00	 15.82	 11.59	 21.67	 20.48	  0.00	   NaN
 80.00	4720.00	5660.00	 90.02	 79.99	 10.22	  8.69	 29.12	 19.49	  0.00	   NaN
  0.00	6660.00	8000.00	  8.27	  1.58	 -1.08	  0.55	 13.85	 19.69	  0.00	   NaN
  5.00	6660.00	8000.00	 15.61	  5.41	 -3.63	 -0.59	 10.43	 18.79	  0.00	   NaN
 10.00	6660.00	8000.00	 19.80	  9.71	 -0.26	 -0.81	 13.71	 19.13	  0.00	   NaN
 15.00	6660.00	8000.00	 24.93	 15.53	  0.26	  1.68	 15.41	 19.25	  0.00	   NaN
 20.00	6660.00	8000.00	 30.14	 19.17	 -0.28	 -0.24	 12.38	 18.35	  0.00	   NaN
 25.00	6660.00	8000.00	 35.05	 24.86	  2.40	  3.99	 17.50	 19.41	  0.00	   NaN
 30.00	6660.00	8000.00	 40.06	 29.92	  3.81	  3.28	 18.81	 21.74	  0.00	   NaN
 35.00	6660.00	8000.00	 45.02	 34.91	  1.69	  2.33	 15.51	 19.33	  0.00	   NaN
 40.00	6660.00	8000.00	 50.00	 39.90	 -0.94	  1.27	 13.46	 20.26	  0.00	   NaN
 45.00	6660.00	8000.00	 55.02	 44.91	  2.11	  0.73	 15.32	 19.47	  0.00	   NaN
 50.00	6660.00	8000.00	 60.01	 49.91	  2.12	  1.34	 13.92	 19.72	  0.00	   NaN
 55.00	6660.00	8000.00	 65.00	 54.91	  2.67	 -2.29	 11.32	 18.58	  0.00	   NaN
 60.00	6660.00	8000.00	 69.99	 59.92	  8.59	  1.07	 13.37	 19.05	  0.00	   NaN
 65.00	6660.00	8000.00	 74.97	 64.96	 12.99	 -0.09	 15.20	 19.15	  0.00	   NaN
 70.00	6660.00	8000.00	 79.97	 69.99	 13.19	 -0.73	 14.29	 19.38	  0.00	   NaN
 75.00	6660.00	8000.00	 84.96	 75.03	 19.45	  1.15	 17.82	 20.33	  0.00	   NaN
 80.00	6660.00	8000.00	 89.95	 80.08	 23.83	  1.41	 25.42	 18.78	  0.00	   NaN
  0.00	9440.00	11320.00	 10.95	 -1.68	 -0.33	 -0.87	 10.20	 13.07	  0.00	   NaN
  5.00	9440.00	11320.00	 15.39	  4.42	 -1.96	 -2.06	  7.75	 13.35	  0.00	   NaN
 10.00	9440.00	11320.00	 20.31	  9.81	  1.64	  1.51	  9.85	 14.27	  0.00	   NaN
 15.00	9440.00	11320.00	 25.36	 14.99	 -3.11	 -1.02	  8.24	 13.08	  0.00	   NaN
 20.00	9440.00	11320.00	 30.24	 20.26	 -3.02	 -1.96	 11.34	 12.21	  0.00	   NaN
 25.00	9440.00	11320.00	 35.24	 25.07	  4.14	  2.18	 12.97	 16.88	  0.00	   NaN
 30.00	9440.00	11320.00	 40.23	 30.06	  7.86	  6.70	 18.05	 17.21	  0.00	   NaN
 35.00	9440.00	11320.00	 45.13	 35.11	  7.35	  6.23	 15.56	 19.08	  0.00	   NaN
 40.00	9440.00	11320.00	 50.09	 40.15	  5.93	 -1.06	  8.63	 13.98	  0.00	   NaN
 45.00	9440.00	11320.00	 55.09	 45.15	 10.87	  1.43	  9.28	 14.99	  0.00	   NaN
 50.00	9440.00	11320.00	 60.09	 50.14	 19.88	  2.23	 12.58	 15.21	  0.00	   NaN
 55.00	9440.00	11320.00	 65.10	 55.12	 24.80	 -0.54	 10.14	 13.18	  0.00	   NaN
 60.00	9440.00	11320.00	 70.06	 60.07	 27.29	 -1.08	 10.27	 13.30	  0.00	   NaN
 65.00	9440.00	11320.00	 75.02	 65.05	 30.05	 -1.27	 12.98	 12.68	  0.00	   NaN
 70.00	9440.00	11320.00	 79.96	 70.05	 30.39	  2.92	 11.46	 16.08	  0.00	   NaN
 75.00	9440.00	11320.00	 84.92	 75.07	 36.02	  1.21	 24.51	 14.07	  0.00	   NaN
 80.00	9440.00	11320.00	 89.94	 80.09	 42.58	  3.74	 34.30	 12.93	  0.00	   NaN
  0.00	13340.00	16000.00	 11.33	  8.75	 -7.77	 -7.48	  6.39	  9.88	  0.00	   NaN
  5.00	13340.00	16000.00	 14.75	  9.53	 -6.63	 -7.76	  8.34	  8.43	  0.00	   NaN
 10.00	13340.00	16000.00	 19.73	 13.08	-11.87	 -5.43	  8.20	  7.45	  0.00	   NaN
 15.00	13340.00	16000.00	 25.04	 14.38	 -5.36	 -8.42	  5.93	  6.76	  0.00	   NaN
 20.00	13340.00	16000.00	 29.98	 20.31	 -7.53	 -5.42	  7.95	  9.82	  0.00	   NaN
 25.00	13340.00	16000.00	 34.92	 25.26	 -6.75	 -7.06	  2.13	  8.44	  0.00	   NaN
 30.00	13340.00	16000.00	 39.97	 29.84	  3.58	 -9.45	  5.49	  7.74	  0.00	   NaN
 35.00	13340.00	16000.00	 44.95	 35.02	 11.87	 -5.89	 10.57	 10.07	  0.00	   NaN
 40.00	13340.00	16000.00	 50.00	 40.06	 19.73	 -8.78	  5.61	  8.23	  0.00	   NaN
 45.00	13340.00	16000.00	 54.98	 45.06	 25.64	 -8.14	  5.05	  7.66	  0.00	   NaN
 50.00	13340.00	16000.00	 59.97	 50.11	 30.21	 -7.55	  7.16	 10.30	  0.00	   NaN
 55.00	13340.00	16000.00	 64.94	 55.07	 33.04	 -5.87	 10.05	 11.12	  0.00	   NaN
 60.00	13340.00	16000.00	 69.94	 60.09	 33.57	 -4.63	 11.31	 11.28	  0.00	   NaN
 65.00	13340.00	16000.00	 75.02	 65.13	 31.57	 -3.03	 12.74	 12.83	  0.00	   NaN
 70.00	13340.00	16000.00	 80.11	 70.10	 20.87	 -8.31	  4.26	  8.73	  0.00	   NaN
 75.00	13340.00	16000.00	 85.13	 75.08	 40.11	 -4.56	  8.72	  8.88	  0.00	   NaN
 80.00	13340.00	16000.00	 90.16	 80.08	 46.18	 -2.82	 14.54	 10.72	  0.00	   NaN
  0.00	18880.00	22640.00	 12.01	 10.05	  3.01	  3.95	  9.23	  9.72	  0.00	   NaN
  5.00	18880.00	22640.00	 16.42	 10.91	  5.24	  4.10	 10.55	 11.17	  0.00	   NaN
 10.00	18880.00	22640.00	 18.03	 12.14	  6.03	  5.44	  5.48	  8.61	  0.00	   NaN
 15.00	18880.00	22640.00	 25.27	 15.87	  0.55	  2.55	  7.44	  9.24	  0.00	   NaN
 20.00	18880.00	22640.00	 29.74	 20.42	  3.65	  4.26	  9.84	  8.78	  0.00	   NaN
 25.00	18880.00	22640.00	 35.19	 25.70	  6.72	  7.55	  8.99	 11.19	  0.00	   NaN
 30.00	18880.00	22640.00	 40.03	 30.28	  7.00	  7.68	  9.09	 11.89	  0.00	   NaN
 35.00	18880.00	22640.00	 45.05	 35.14	  4.69	  7.74	  9.16	 12.50	  0.00	   NaN
 40.00	18880.00	22640.00	 49.95	 40.07	 10.10	  8.87	 11.73	 12.55	  0.00	   NaN
 45.00	18880.00	22640.00	 54.95	 44.93	 19.17	  9.06	  7.75	 12.28	  0.00	   NaN
 50.00	18880.00	22640.00	 59.93	 50.00	 25.85	  7.00	  9.68	 11.53	  0.00	   NaN
 55.00	18880.00	22640.00	 64.93	 55.02	 31.19	  8.06	  9.06	 11.75	  0.00	   NaN
 60.00	18880.00	22640.00	 69.93	 60.00	 35.50	  5.52	  2.41	 11.04	  0.00	   NaN
 65.00	18880.00	22640.00	 74.96	 65.00	 38.08	  5.23	  9.14	  9.88	  0.00	   NaN
 70.00	18880.00	22640.00	 79.96	 70.00	 37.87	  3.82	  6.80	  9.53	  0.00	   NaN
 75.00	18880.00	22640.00	 84.93	 75.02	 35.77	  4.33	  9.07	  8.41	  0.00	   NaN
 80.00	18880.00	22640.00	 89.94	 80.01	 36.55	  4.83	 10.90	 11.15	  0.00	   NaN
  0.00	26660.00	32000.00	 18.45	 23.82	  0.14	  4.69	  5.36	  2.92	  0.00	   NaN
  5.00	26660.00	32000.00	 18.79	 22.73	  0.14	  2.47	  6.04	  0.62	  0.00	   NaN
 10.00	26660.00	32000.00	 21.10	 22.12	  2.31	  0.15	  5.55	  1.78	  0.00	   NaN
 15.00	26660.00	32000.00	 24.20	 22.84	 -2.11	 -0.57	  6.53	 -1.73	  0.00	   NaN
 20.00	26660.00	32000.00	 30.07	 26.26	  3.95	  5.95	  6.75	  2.60	  0.00	   NaN
 25.00	26660.00	32000.00	 35.14	 26.55	  4.37	  3.31	 10.50	  4.11	  0.00	   NaN
 30.00	26660.00	32000.00	 40.02	 29.91	  0.45	  1.02	  7.24	  1.85	  0.00	   NaN
 35.00	26660.00	32000.00	 44.86	 35.33	  6.33	  6.77	 12.48	  6.46	  0.00	   NaN
 40.00	26660.00	32000.00	 49.82	 39.83	  4.89	  3.69	 11.13	  3.64	  0.00	   NaN
 45.00	26660.00	32000.00	 54.83	 45.29	 10.30	  4.12	 11.98	  3.73	  0.00	   NaN
 50.00	26660.00	32000.00	 59.83	 49.96	 16.48	  2.22	 12.65	  2.20	  0.00	   NaN
 55.00	26660.00	32000.00	 64.86	 54.98	 21.75	  2.27	 10.49	  2.15	  0.00	   NaN
 60.00	26660.00	32000.00	 69.87	 59.98	 25.08	  2.56	 12.81	  2.54	  0.00	   NaN
 65.00	26660.00	32000.00	 74.90	 65.01	 25.78	  3.66	  8.25	  1.72	  0.00	   NaN
 70.00	26660.00	32000.00	 79.91	 70.02	 23.85	  2.35	  6.44	  1.32	  0.00	   NaN
 75.00	26660.00	32000.00	 84.89	 75.02	 21.09	  3.24	 12.61	  0.60	  0.00	   NaN
 80.00	26660.00	32000.00	 89.91	 80.05	 23.27	  2.05	  9.05	  0.98	  0.00	   NaN
  0.00	37700.00	45240.00	 27.84	 26.57	 12.15	 12.03	  0.63	  2.67	  0.00	   NaN
  5.00	37700.00	45240.00	 25.36	 27.64	  7.55	 11.61	 -0.64	  2.39	  0.00	   NaN
 10.00	37700.00	45240.00	 27.58	 31.58	 12.45	 14.48	  3.34	  3.78	  0.00	   NaN
 15.00	37700.00	45240.00	 30.16	 33.28	 14.64	 15.37	  3.89	  5.63	  0.00	   NaN
 20.00	37700.00	45240.00	 33.66	 33.39	 16.21	 14.28	  4.92	  4.45	  0.00	   NaN
 25.00	37700.00	45240.00	 34.25	 29.23	 15.74	 14.12	  4.66	  3.29	  0.00	   NaN
 30.00	37700.00	45240.00	 40.17	 31.06	 15.70	 14.42	  3.91	  3.80	  0.00	   NaN
 35.00	37700.00	45240.00	 45.08	 37.46	 12.55	 15.38	  3.15	  2.89	  0.00	   NaN
 40.00	37700.00	45240.00	 49.66	 39.63	 17.67	 16.67	  2.42	  6.32	  0.00	   NaN
 45.00	37700.00	45240.00	 55.07	 45.69	 17.00	 15.45	  2.63	  4.99	  0.00	   NaN
 50.00	37700.00	45240.00	 59.84	 50.06	 10.64	 15.17	  2.13	  3.43	  0.00	   NaN
 55.00	37700.00	45240.00	 64.80	 55.21	 16.45	 14.94	  3.93	  6.11	  0.00	   NaN
 60.00	37700.00	45240.00	 69.77	 60.07	 15.05	 16.24	  3.27	  2.87	  0.00	   NaN
 65.00	37700.00	45240.00	 74.71	 65.13	 16.17	 14.35	  5.44	  3.84	  0.00	   NaN
 70.00	37700.00	45240.00	 79.71	 70.13	 13.98	 14.11	  1.81	  3.10	  0.00	   NaN
 75.00	37700.00	45240.00	 84.65	 75.10	 12.18	 13.84	 -1.21	  4.57	  0.00	   NaN
 80.00	37700.00	45240.00	 89.61	 80.11	 15.81	 13.83	  4.02	  5.52	  0.00	   NaN
