:RUN-2	LEVEL SWEEP	TEMP:NaN	8/27/2019	6:19 PM	HR:-636.36:SW EAR: R	SW FREQ: 8.00	# AVERAGES: 512	REP RATE (/sec): 80	DRIVER: 	SAMPLE (µsec): 40	MASKER dB: 2147483647:NOTES-:CHAMBER-SEWELL-PXI1:CFTS Version: V2.7.2 (R850):LEVELS:20;30;40;50;60;70;80;:DATA -0.036626	 -0.031118	 -0.057054	  0.036952	  0.025016	 -0.065021	 -0.079915
 -0.024970	 -0.037770	 -0.048470	  0.000906	  0.032649	 -0.036165	 -0.034905
 -0.041979	 -0.056110	 -0.022971	  0.008730	  0.056976	 -0.039586	 -0.009564
 -0.007992	 -0.085821	 -0.017333	  0.016205	  0.045921	 -0.012345	 -0.009311
  0.001099	 -0.076699	 -0.013088	 -0.020950	  0.051750	 -0.019092	 -0.051946
  0.015828	 -0.063300	  0.012505	 -0.007805	  0.054094	 -0.048202	 -0.019352
  0.038033	 -0.006728	  0.019981	 -0.016484	  0.032143	 -0.019631	 -0.040574
  0.069740	  0.008761	  0.016972	 -0.027475	  0.014309	  0.025000	 -0.025434
  0.054599	  0.040722	  0.013677	 -0.042964	 -0.015434	  0.050625	  0.013527
  0.050386	  0.023332	  0.015800	 -0.040905	 -0.038652	  0.056327	  0.052931
  0.077247	  0.009046	  0.008419	 -0.029502	 -0.073653	  0.053508	  0.037188
  0.043417	  0.004865	 -0.009636	 -0.023041	 -0.064214	  0.012013	  0.023220
  0.041232	  0.007684	  0.000405	 -0.002008	 -0.038018	 -0.008671	  0.006400
  0.051906	  0.027862	  0.012537	  0.022413	 -0.014990	 -0.017762	 -0.002532
  0.025648	  0.003788	  0.015103	  0.009553	 -0.009415	  0.025982	 -0.002691
 -0.031970	  0.001983	  0.026221	  0.004232	 -0.020122	  0.021991	  0.006748
 -0.092755	  0.037206	  0.005188	 -0.007488	 -0.020438	  0.014198	 -0.007600
 -0.101846	  0.049337	  0.002623	  0.009173	 -0.015751	  0.003556	  0.041623
 -0.068618	  0.074139	  0.000786	  0.042464	 -0.008465	 -0.010572	  0.042953
 -0.062378	  0.068818	  0.018334	  0.067994	  0.006295	  0.013850	  0.059234
 -0.046382	  0.078732	  0.013266	  0.064922	  0.003255	  0.038113	  0.073583
 -0.020535	  0.066537	  0.013867	  0.062166	  0.061601	  0.072734	  0.062750
  0.011457	  0.008065	 -0.004884	  0.093968	  0.058908	  0.081382	  0.080330
 -0.012838	 -0.017181	 -0.012771	  0.083262	  0.089443	  0.055756	  0.099019
 -0.027915	 -0.022375	 -0.013278	  0.069166	  0.126440	  0.077771	  0.146563
  0.007181	 -0.029819	  0.015863	  0.037237	  0.112629	  0.113659	  0.129174
 -0.006123	 -0.032607	  0.056756	  0.075881	  0.108353	  0.123288	  0.123852
 -0.008340	 -0.012366	  0.094038	  0.075850	  0.079624	  0.095699	  0.110263
  0.006516	 -0.014837	  0.094418	  0.045283	  0.100846	  0.103111	  0.102471
 -0.017748	 -0.024783	  0.106581	  0.037903	  0.100941	  0.075617	  0.085937
  0.023525	 -0.021425	  0.092042	  0.013449	  0.103665	  0.098138	  0.082104
  0.039078	 -0.030453	  0.075666	  0.011327	  0.121657	  0.153982	  0.102725
  0.030272	 -0.030674	  0.030750	  0.000082	  0.085294	  0.148819	  0.121635
  0.045445	 -0.052530	  0.073575	  0.053709	  0.116811	  0.096238	  0.202597
  0.006959	 -0.075273	  0.082635	  0.097896	  0.109684	  0.076694	  0.275070
 -0.025540	 -0.059246	  0.078485	  0.078510	  0.107498	  0.112329	  0.333226
 -0.016671	 -0.073784	  0.061887	  0.026119	  0.147916	  0.146380	  0.349824
 -0.031780	 -0.045182	  0.104744	 -0.004954	  0.179243	  0.163231	  0.373960
 -0.053287	 -0.058359	  0.056597	  0.011771	  0.214656	  0.157403	  0.371268
 -0.060414	 -0.045467	  0.069363	  0.058270	  0.252191	  0.167982	  0.384096
 -0.031495	 -0.038371	  0.108798	  0.084117	  0.264037	  0.137542	  0.364078
 -0.037798	 -0.009135	  0.075349	  0.044491	  0.311994	  0.116826	  0.270984
 -0.035137	  0.047120	  0.068824	  0.052948	  0.288269	  0.066684	  0.182641
 -0.017241	  0.056116	  0.106866	  0.042496	  0.295048	  0.008402	  0.093634
  0.008860	  0.039075	  0.094640	  0.050351	  0.300116	 -0.035817	 -0.022646
  0.010602	  0.053392	  0.118364	  0.077750	  0.254123	 -0.075569	 -0.106776
 -0.019268	  0.037586	  0.092327	  0.084402	  0.154821	 -0.150735	 -0.177222
 -0.022119	  0.028368	  0.054412	  0.065935	  0.105471	 -0.228720	 -0.211653
 -0.032255	 -0.008723	  0.075254	  0.048767	  0.042975	 -0.293939	 -0.235378
 -0.002322	 -0.058200	  0.064326	  0.034513	 -0.051924	 -0.293876	 -0.218558
 -0.050912	 -0.056015	  0.062046	 -0.033113	 -0.095794	 -0.278735	 -0.247098
 -0.042328	 -0.031308	  0.038669	 -0.107804	 -0.136940	 -0.271830	 -0.231988
 -0.037133	  0.008350	 -0.018125	 -0.125447	 -0.180969	 -0.296125	 -0.216404
 -0.060288	  0.049401	 -0.046252	 -0.141158	 -0.208843	 -0.290391	 -0.188815
 -0.068555	  0.029635	 -0.046316	 -0.129406	 -0.202762	 -0.221339	 -0.161796
 -0.047459	  0.013006	 -0.065891	 -0.149140	 -0.158321	 -0.229480	 -0.105572
 -0.021707	  0.027133	 -0.078878	 -0.144991	 -0.165131	 -0.173541	 -0.036330
 -0.005236	  0.046265	 -0.045619	 -0.148855	 -0.124080	 -0.088841	  0.039374
  0.024887	  0.031916	 -0.026424	 -0.137198	 -0.077201	 -0.025712	  0.114444
  0.041834	  0.014621	 -0.079353	 -0.080500	  0.007087	  0.029181	  0.160595
 -0.001055	 -0.024593	 -0.114703	 -0.073975	  0.062931	  0.098296	  0.224865
 -0.019331	 -0.038435	 -0.121545	 -0.024244	  0.113643	  0.176313	  0.326669
 -0.042391	 -0.000615	 -0.140613	  0.048292	  0.168822	  0.231903	  0.384540
 -0.042328	  0.035970	 -0.123382	  0.090389	  0.191469	  0.254361	  0.365123
 -0.038812	  0.015318	 -0.086607	  0.110217	  0.224063	  0.282773	  0.316343
 -0.069854	  0.003883	 -0.074855	  0.084624	  0.255200	  0.241152	  0.231738
 -0.088225	  0.011834	 -0.045334	  0.095900	  0.223873	  0.190883	  0.131106
 -0.108117	  0.019088	 -0.028736	  0.092353	  0.232996	  0.126551	  0.051601
 -0.124779	  0.005974	  0.002813	  0.089185	  0.216049	  0.024746	 -0.040733
 -0.119647	  0.041165	  0.028026	  0.092194	  0.185578	 -0.029323	 -0.118274
 -0.106534	  0.048957	  0.034995	  0.084212	  0.142563	 -0.103570	 -0.156760
 -0.068143	  0.029097	  0.052986	  0.087728	  0.074999	 -0.148264	 -0.158153
 -0.068935	  0.073316	  0.061887	  0.091719	  0.048297	 -0.162296	 -0.128410
 -0.058134	  0.058492	  0.081874	  0.045663	  0.016305	 -0.106168	 -0.083273
 -0.004412	  0.062578	  0.102812	 -0.034951	 -0.002067	 -0.072687	 -0.039846
 -0.012806	  0.060487	  0.073069	 -0.044041	  0.039966	 -0.034550	  0.034686
 -0.030291	  0.074994	  0.035280	 -0.088102	  0.065940	  0.026045	  0.133038
 -0.019743	  0.107493	  0.006075	 -0.114677	  0.070058	  0.057245	  0.221317
 -0.026712	  0.107145	 -0.034564	 -0.101564	  0.076963	  0.095382	  0.248273
 -0.047237	  0.074868	 -0.032600	 -0.111161	  0.146205	  0.173018	  0.290179
 -0.026807	  0.068881	 -0.017745	 -0.092473	  0.202239	  0.191327	  0.257110
 -0.053161	  0.079524	 -0.015844	 -0.055064	  0.191754	  0.161805	  0.208267
 -0.046889	  0.044174	 -0.037700	 -0.007646	  0.166953	  0.133361	  0.145518
 -0.072989	 -0.008058	 -0.057149	  0.024282	  0.164830	  0.094020	  0.027781
 -0.053889	 -0.067671	 -0.069882	  0.048102	  0.139173	  0.036308	 -0.115930
 -0.037070	 -0.107360	 -0.090186	  0.044586	  0.094353	 -0.047188	 -0.204906
 -0.040744	 -0.128709	 -0.043908	  0.055102	  0.031192	 -0.123684	 -0.311177
 -0.043848	 -0.108659	 -0.045872	  0.039835	 -0.044892	 -0.163753	 -0.354192
 -0.012426	 -0.068621	 -0.069945	  0.000716	 -0.081952	 -0.218203	 -0.407660
  0.009050	 -0.082147	 -0.036591	 -0.034760	 -0.145904	 -0.287224	 -0.410352
  0.022955	 -0.087120	 -0.053538	 -0.063110	 -0.212898	 -0.326121	 -0.390998
  0.052445	 -0.072359	 -0.069312	 -0.096084	 -0.266746	 -0.356181	 -0.411176
  0.069930	 -0.042489	 -0.061742	 -0.122089	 -0.299498	 -0.342434	 -0.395781
  0.072844	 -0.026081	 -0.051257	 -0.166847	 -0.325092	 -0.359824	 -0.342092
  0.047377	 -0.017466	 -0.060284	 -0.168684	 -0.343527	 -0.353805	 -0.293027
 -0.019712	  0.016870	 -0.076914	 -0.168810	 -0.321481	 -0.341452	 -0.296733
 -0.029373	  0.026690	 -0.126518	 -0.168557	 -0.300322	 -0.310378	 -0.282289
 -0.017653	  0.056053	 -0.120848	 -0.158009	 -0.255976	 -0.262517	 -0.247921
 -0.044102	  0.028749	 -0.116413	 -0.135140	 -0.219074	 -0.267712	 -0.209689
 -0.047871	  0.032740	 -0.119739	 -0.101912	 -0.209857	 -0.203759	 -0.168638
 -0.051102	  0.057953	 -0.097218	 -0.117401	 -0.162756	 -0.127200	 -0.143298
 -0.047237	  0.054532	 -0.118884	 -0.099980	 -0.085246	 -0.083298	 -0.109437
 -0.019236	  0.038156	 -0.115241	 -0.064282	 -0.035484	 -0.002621	 -0.062145
  0.022607	 -0.003244	 -0.110712	 -0.033842	  0.025427	  0.002162	  0.007825
  0.057925	 -0.045530	 -0.119391	 -0.033335	  0.070438	  0.049200	  0.049225
  0.054345	 -0.030041	 -0.127214	 -0.020031	  0.113041	  0.104790	  0.086317
  0.034232	 -0.007393	 -0.114893	 -0.017307	  0.126503	  0.100134	  0.111815
  0.025774	  0.022002	 -0.113594	 -0.025701	  0.128562	  0.092658	  0.146183
  0.012312	 -0.020633	 -0.133866	 -0.036281	  0.136893	  0.074477	  0.173582
  0.025014	 -0.017466	 -0.103395	 -0.058390	  0.135309	  0.096016	  0.222236
  0.046775	  0.004042	 -0.108336	 -0.051643	  0.137843	  0.094400	  0.256857
  0.048454	 -0.036946	 -0.069692	  0.003630	  0.112059	  0.107609	  0.284002
  0.034643	 -0.031910	 -0.074633	  0.047025	  0.105883	  0.094622	  0.343964
  0.006199	 -0.026620	 -0.064085	  0.100461	  0.092832	  0.123922	  0.348082
 -0.007422	 -0.048539	 -0.077928	  0.076958	  0.057356	  0.152176	  0.322171
  0.013484	 -0.056775	 -0.053538	  0.063306	  0.069456	  0.183376	  0.318053
  0.040186	 -0.061241	 -0.014830	  0.043541	  0.094068	  0.154172	  0.317578
  0.029005	 -0.069508	 -0.011663	  0.073727	  0.081493	  0.106564	  0.266613
  0.018521	 -0.072327	 -0.034406	  0.079841	  0.085357	  0.092563	  0.211371
 -0.035074	 -0.060988	 -0.017554	  0.037966	  0.065148	  0.055661	  0.170953
 -0.035327	 -0.026398	 -0.047139	  0.052157	  0.038161	  0.008053	  0.123599
 -0.028010	 -0.000931	 -0.077009	  0.057953	  0.055836	 -0.063818	  0.094679
 -0.064247	  0.009807	 -0.090439	  0.016585	  0.032998	 -0.089507	  0.036998
 -0.063012	  0.027482	 -0.096109	  0.000906	  0.068316	 -0.112028	 -0.038104
 -0.042328	  0.033975	 -0.074158	 -0.014362	  0.038383	 -0.120390	 -0.126700
 -0.039604	  0.025423	 -0.067633	 -0.041127	  0.025998	 -0.142658	 -0.185236
 -0.055916	  0.038156	 -0.031460	 -0.045435	 -0.008148	 -0.155866	 -0.193440
 -0.068365	  0.049876	 -0.008210	 -0.045815	 -0.037068	 -0.192578	 -0.207472
 -0.060921	  0.040278	 -0.025885	 -0.059055	 -0.065259	 -0.204900	 -0.248871
 -0.049645	  0.018834	 -0.015210	 -0.059721	 -0.072608	 -0.211045	 -0.288972
 -0.027662	  0.008065	  0.008419	 -0.065707	 -0.052747	 -0.215828	 -0.282225
 -0.018033	  0.003852	  0.006931	 -0.106758	 -0.085373	 -0.236923	 -0.273768
 -0.013852	 -0.021267	 -0.021229	 -0.100645	 -0.140393	 -0.231507	 -0.312919
  0.027801	 -0.027095	 -0.018283	 -0.096369	 -0.139316	 -0.251272	 -0.326571
  0.047884	 -0.018543	 -0.011029	 -0.102862	 -0.126297	 -0.206230	 -0.296099
  0.027421	 -0.027127	 -0.045904	 -0.092441	 -0.116541	 -0.167143	 -0.244659
  0.011235	  0.004485	 -0.074602	 -0.076604	 -0.105645	 -0.158717	 -0.232337
  0.012661	  0.039296	 -0.083566	 -0.070585	 -0.088509	 -0.141961	 -0.216151
  0.004678	  0.031726	 -0.145238	 -0.087373	 -0.072734	 -0.127549	 -0.160529
  0.013896	  0.010282	 -0.109698	 -0.084839	 -0.064626	 -0.102367	 -0.130026
  0.022670	  0.003440	 -0.072131	 -0.049933	 -0.067888	 -0.020581	 -0.085205
 -0.025255	  0.017567	 -0.087557	 -0.011796	 -0.057879	 -0.008069	 -0.043457
 -0.056360	  0.001634	 -0.130160	 -0.017466	 -0.061110	 -0.011268	  0.005101
 -0.092090	 -0.052689	 -0.131459	 -0.006791	 -0.035231	  0.007578	  0.047736
 -0.084963	 -0.050281	 -0.069027	 -0.012398	 -0.015751	  0.032982	  0.045962
 -0.072958	 -0.057187	 -0.062217	 -0.004669	  0.023432	  0.037923	  0.028351
  0.005565	 -0.045245	 -0.062628	 -0.049014	  0.012947	  0.011918	  0.030600
  0.017032	 -0.053544	 -0.082901	 -0.043693	  0.014531	 -0.044464	 -0.024769
  0.002366	 -0.043535	 -0.079606	 -0.053639	  0.002019	 -0.054664	 -0.062906
  0.016113	 -0.019050	 -0.073398	 -0.065042	 -0.021515	 -0.119598	 -0.136867
  0.022860	 -0.020348	 -0.075520	 -0.043661	 -0.054584	 -0.181872	 -0.214250
  0.041707	 -0.019335	 -0.088317	 -0.065707	 -0.106437	 -0.224665	 -0.254541
  0.026091	 -0.001280	 -0.063642	 -0.082875	 -0.136148	 -0.247883	 -0.295592
  0.024982	  0.016015	 -0.065606	 -0.091333	 -0.139791	 -0.293147	 -0.336739
  0.006611	  0.020291	 -0.065574	 -0.113759	 -0.164023	 -0.343986	 -0.391505
 -0.024399	  0.030206	 -0.042071	 -0.152909	 -0.194526	 -0.377847	 -0.399139
 -0.020852	  0.006417	 -0.054013	 -0.174449	 -0.212296	 -0.374584	 -0.398632
 -0.005204	  0.022825	 -0.054710	 -0.169697	 -0.211599	 -0.373697	 -0.408452
  0.012407	  0.018137	 -0.096679	 -0.213156	 -0.212454	 -0.391879	 -0.427742
  0.006801	 -0.034127	 -0.070104	 -0.207201	 -0.211219	 -0.373096	 -0.429737
  0.035340	 -0.053227	 -0.073018	 -0.170648	 -0.216382	 -0.363498	 -0.465372
  0.053332	 -0.052942	 -0.083122	 -0.150755	 -0.250085	 -0.353995	 -0.436104
  0.072812	 -0.060734	 -0.054393	 -0.159656	 -0.229496	 -0.352443	 -0.376776
  0.053744	 -0.040684	 -0.051922	 -0.145149	 -0.191042	 -0.323144	 -0.355015
  0.012597	 -0.048729	 -0.091865	 -0.139859	 -0.196332	 -0.294351	 -0.319761
 -0.014042	 -0.018923	 -0.070135	 -0.115501	 -0.200069	 -0.307084	 -0.297271
 -0.048409	  0.004105	 -0.068995	 -0.110560	 -0.169186	 -0.297993	 -0.276112
 -0.024811	 -0.029249	 -0.074475	 -0.095039	 -0.153982	 -0.310727	 -0.248301
 -0.020598	 -0.059055	 -0.077357	 -0.097066	 -0.153380	 -0.314781	 -0.217449
 -0.011223	 -0.076794	 -0.059461	 -0.080880	 -0.107799	 -0.287097	 -0.185077
 -0.027409	 -0.062825	 -0.060855	 -0.045720	 -0.106659	 -0.230652	 -0.198349
 -0.037608	 -0.101976	 -0.037003	 -0.032290	 -0.078246	 -0.186686	 -0.179978
 -0.025571	 -0.118510	  0.007659	  0.017694	 -0.081762	 -0.153586	 -0.182100
 -0.044102	 -0.148507	  0.016972	  0.057636	 -0.094369	 -0.135816	 -0.196354
 -0.054459	 -0.152909	  0.007754	  0.037649	 -0.095066	 -0.134834	 -0.224830
 -0.092153	 -0.150375	  0.060557	  0.000906	 -0.135768	 -0.167681	 -0.215327
 -0.131335	 -0.111478	  0.048837	 -0.035837	 -0.167222	 -0.113263	 -0.171615
 -0.125032	 -0.125352	  0.061570	 -0.086296	 -0.121958	 -0.088683	 -0.166547
 -0.123321	 -0.098935	  0.029515	 -0.084934	 -0.084676	 -0.061284	 -0.106142
 -0.119362	 -0.061019	  0.047918	 -0.070870	 -0.082966	 -0.038763	 -0.088563
 -0.122150	 -0.065010	  0.025492	 -0.072708	 -0.079830	 -0.039586	 -0.061575
 -0.121959	 -0.070205	 -0.002762	 -0.093233	 -0.046381	 -0.038256	 -0.095975
 -0.119362	 -0.037896	 -0.020405	 -0.099093	 -0.035579	 -0.059922	 -0.134587
 -0.132982	 -0.016452	 -0.053158	 -0.100455	 -0.025887	 -0.062868	 -0.108613
 -0.141535	  0.013228	 -0.069439	 -0.071536	 -0.008022	 -0.025047	 -0.120966
 -0.143087	  0.014526	 -0.039822	 -0.043598	  0.004648	 -0.017572	 -0.164013
 -0.148028	  0.013798	 -0.045650	 -0.006031	 -0.002669	 -0.033156	 -0.192236
 -0.154902	  0.014970	 -0.047709	  0.000399	 -0.008402	 -0.023812	 -0.212065
 -0.171405	  0.020069	 -0.051004	  0.001920	 -0.020882	 -0.014816	 -0.248586
 -0.165798	  0.027260	 -0.081507	 -0.040557	 -0.039729	 -0.034328	 -0.287230
 -0.176251	  0.017282	 -0.068108	 -0.046227	 -0.017239	 -0.064420	 -0.268415
 -0.160002	  0.028749	 -0.075679	 -0.037073	 -0.018031	 -0.070533	 -0.242600
 -0.130607	 -0.007266	 -0.082489	 -0.086106	 -0.037575	 -0.082253	 -0.226920
 -0.145368	 -0.009325	 -0.078878	 -0.108532	 -0.020407	 -0.074239	 -0.231608
 -0.143562	  0.013703	 -0.051320	 -0.096907	 -0.023289	 -0.042564	 -0.158660
 -0.119520	 -0.001850	 -0.023034	 -0.103686	 -0.070105	 -0.022513	 -0.147447
 -0.104126	 -0.022534	 -0.029179	 -0.087310	 -0.074287	 -0.060048	 -0.133637
 -0.099660	 -0.037516	 -0.032220	 -0.111953	 -0.043878	 -0.127137	 -0.090717
 -0.106344	 -0.056363	 -0.050402	 -0.108691	 -0.052494	 -0.142341	 -0.105255
 -0.120249	 -0.073024	 -0.017681	 -0.104066	 -0.068046	 -0.113738	 -0.116183
 -0.147807	 -0.058137	 -0.005043	 -0.113569	 -0.060761	 -0.080321	 -0.079535
 -0.116258	 -0.047019	  0.002021	 -0.098776	 -0.024049	 -0.091439	 -0.062779
 -0.114928	 -0.044390	  0.000152	 -0.077997	  0.008734	 -0.102969	 -0.056602
 -0.128865	 -0.008280	 -0.005835	 -0.010117	  0.019187	 -0.075569	 -0.019700
 -0.129467	 -0.035172	 -0.013088	  0.005467	  0.032428	 -0.046872	 -0.016406
 -0.124430	 -0.041761	  0.014628	  0.034577	  0.035057	 -0.033631	  0.020369
 -0.109796	 -0.027063	  0.030877	  0.058365	  0.045224	 -0.000689	  0.020622
 -0.100103	 -0.010085	  0.060113	  0.082882	  0.067302	  0.035358	  0.017106
 -0.115371	  0.007843	  0.068381	  0.098086	  0.030369	  0.039380	  0.041591
 -0.091995	  0.004992	  0.071738	  0.107493	  0.011110	  0.040457	  0.060850
 -0.089176	  0.019468	  0.080227	  0.134924	  0.004427	  0.068237	  0.076719
 -0.105995	  0.029952	  0.051213	  0.144173	  0.016527	  0.092595	  0.069244
 -0.113914	  0.058238	  0.054792	  0.097991	  0.020929	  0.091455	  0.113399
  0.091105	 -0.015581	  0.005572	 -0.060456	  0.008339	  0.008370	 -0.049554
  0.099720	 -0.027618	  0.002119	 -0.042907	  0.019013	  0.025507	 -0.021142
  0.100766	 -0.025939	  0.006965	 -0.058270	  0.009257	  0.019932	  0.022127
  0.048913	 -0.037849	  0.017798	 -0.059410	  0.035643	  0.034819	  0.054562
  0.014799	 -0.045958	  0.028125	 -0.054754	  0.047679	  0.054426	  0.035430
 -0.014944	 -0.030595	  0.038831	 -0.019563	  0.044132	  0.054965	  0.037046
 -0.043737	  0.013814	  0.055935	 -0.004865	  0.048091	  0.055788	 -0.008313
 -0.049724	  0.028796	  0.073008	  0.001311	  0.005741	  0.060761	  0.006321
 -0.068539	  0.036303	  0.078393	  0.016611	  0.002922	  0.036910	  0.028874
 -0.094481	  0.036715	  0.056379	  0.048318	 -0.014151	 -0.028151	 -0.032260
 -0.073132	  0.056829	  0.038102	  0.078156	  0.010207	 -0.036419	  0.047720
 -0.064390	  0.046946	  0.031450	  0.061114	  0.010271	 -0.023242	  0.076450
 -0.037814	  0.045014	  0.001897	  0.030326	 -0.068569	 -0.091692	 -0.136947
 -0.037085	  0.017488	 -0.011501	  0.040874	 -0.038383	 -0.055487	 -0.002833
 -0.015261	 -0.009183	 -0.021226	  0.046069	 -0.021341	  0.011696	  0.126877
 -0.022642	 -0.005413	 -0.042987	 -0.000874	 -0.040030	 -0.062361	 -0.146798
  0.003617	 -0.019034	 -0.043493	  0.028457	 -0.021151	 -0.061347	 -0.094438
  0.031967	 -0.022550	 -0.098197	  0.009959	 -0.016527	  0.026393	  0.189499
  0.063104	 -0.018590	 -0.103962	 -0.031884	 -0.010192	 -0.020359	 -0.034952
  0.067760	 -0.023595	 -0.113211	 -0.028210	 -0.010952	 -0.010508	 -0.097669
  0.091168	 -0.009056	 -0.089771	 -0.049971	  0.032570	  0.078879	  0.150190
  0.100417	  0.006687	 -0.093730	 -0.016300	  0.026995	  0.043878	 -0.022060
  0.121259	  0.002252	 -0.073585	 -0.013196	 -0.018332	  0.043593	 -0.128141
  0.111535	  0.041625	 -0.047073	 -0.013069	 -0.000974	  0.130542	  0.154656
  0.051922	  0.068549	  0.003544	  0.001533	 -0.000150	  0.093577	  0.024502
  0.043370	  0.052743	  0.048333	  0.009642	 -0.010730	  0.055345	 -0.169255
  0.037985	 -0.005033	  0.059895	  0.015027	 -0.018364	  0.141375	  0.092699
  0.044827	 -0.018115	  0.041682	 -0.023902	 -0.023717	  0.146094	  0.039390
  0.043845	 -0.041365	  0.004241	 -0.052188	 -0.060334	  0.079006	 -0.188672
  0.045555	 -0.031165	  0.006205	 -0.045125	 -0.027613	  0.134628	  0.069165
  0.057244	 -0.005508	 -0.017520	 -0.010915	  0.004189	  0.141692	  0.053422
  0.031935	  0.012768	 -0.023126	 -0.004549	 -0.008228	  0.024715	 -0.221995
  0.055755	  0.005008	 -0.033642	  0.004796	 -0.003223	  0.089111	  0.053802
  0.042926	  0.006338	 -0.024266	  0.013316	 -0.009970	  0.116605	  0.126529
  0.031048	  0.025597	 -0.039091	  0.030896	 -0.039966	 -0.001576	 -0.213601
  0.042515	  0.005198	 -0.049132	  0.036091	 -0.025047	  0.026140	 -0.066564
  0.046442	  0.000605	 -0.057114	  0.039448	 -0.058876	  0.063739	  0.071604
  0.060918	 -0.010133	 -0.086350	  0.038593	 -0.047315	 -0.024826	 -0.225257
  0.068552	 -0.017292	 -0.082549	  0.036313	 -0.042944	 -0.020771	 -0.139132
  0.079290	 -0.008327	 -0.064146	  0.037009	 -0.056976	  0.036371	  0.051965
  0.084199	  0.014922	 -0.047453	  0.038783	 -0.049754	 -0.012187	 -0.220379
  0.045587	  0.063037	 -0.038267	 -0.019214	  0.007895	 -0.033663	 -0.211605
  0.019233	  0.083499	 -0.038584	 -0.022730	  0.046571	  0.041946	  0.074835
  0.001463	  0.070766	 -0.023728	 -0.011137	  0.017429	 -0.019757	 -0.171916
 -0.019379	  0.069626	  0.011495	 -0.004675	  0.024968	 -0.012219	 -0.264820
 -0.008198	  0.079825	  0.025147	  0.023167	  0.055820	  0.093292	  0.029887
 -0.035153	  0.096264	 -0.038330	  0.021584	  0.024810	  0.032697	 -0.130073
 -0.014754	  0.085336	 -0.021321	  0.026620	  0.038747	  0.002289	 -0.217909
 -0.027361	  0.084481	 -0.008524	  0.034222	  0.057214	  0.097093	  0.095645
 -0.004397	  0.053313	 -0.011406	  0.045372	  0.026172	  0.095826	 -0.022599
 -0.034235	  0.039471	 -0.022493	  0.029376	  0.017018	  0.068332	 -0.204130
 -0.038764	 -0.009246	 -0.054421	  0.043186	  0.045050	  0.175774	  0.091432
 -0.028248	 -0.033699	 -0.028163	  0.023516	  0.040426	  0.130447	  0.026561
 -0.047728	 -0.033003	 -0.015936	  0.007108	  0.020470	  0.019488	 -0.235805
 -0.070250	 -0.056189	 -0.054390	  0.009230	  0.036941	  0.072069	  0.018896
 -0.116812	 -0.071805	 -0.089549	 -0.007083	  0.014610	  0.018063	  0.046802
 -0.128057	 -0.083588	 -0.113686	 -0.019404	 -0.013232	 -0.075253	 -0.198428
 -0.132682	 -0.062049	 -0.073015	  0.030579	 -0.020898	 -0.016590	  0.047372
 -0.106423	 -0.024133	 -0.064716	  0.052815	 -0.039333	 -0.019789	  0.114967
 -0.081177	 -0.065628	 -0.110993	  0.044643	 -0.086307	 -0.111679	 -0.187754
 -0.066734	 -0.045863	 -0.130632	  0.030706	 -0.143925	 -0.093941	 -0.022820
 -0.042312	 -0.052419	 -0.170733	  0.038752	 -0.153396	 -0.044369	  0.101347
 -0.005632	 -0.043867	 -0.154832	  0.002135	 -0.197234	 -0.125300	 -0.198967
  0.036940	 -0.041682	 -0.168389	 -0.012911	 -0.187383	 -0.124698	 -0.114235
  0.081697	 -0.046433	 -0.162086	 -0.005626	 -0.156880	 -0.033188	  0.119465
  0.101526	 -0.054637	 -0.139755	  0.023009	 -0.166858	 -0.099072	 -0.127571
  0.128133	 -0.067782	 -0.117835	 -0.018042	 -0.122417	 -0.088018	 -0.128426
  0.121228	 -0.057614	 -0.097373	 -0.050351	 -0.112091	 -0.029070	  0.164824
  0.116857	 -0.057551	 -0.095473	 -0.063971	 -0.140440	 -0.114087	 -0.065550
  0.107101	 -0.034776	 -0.103645	 -0.032264	 -0.156025	 -0.131096	 -0.103307
  0.081760	 -0.005002	 -0.145583	  0.008343	 -0.056057	 -0.019979	  0.178825
  0.087905	  0.000035	 -0.144759	  0.020602	 -0.046270	 -0.087036	  0.007524
  0.040487	  0.011248	 -0.139343	  0.038973	 -0.052193	 -0.102082	 -0.134223
  0.047488	  0.034054	 -0.100604	  0.081988	 -0.007214	 -0.024097	  0.166028
  0.091770	 -0.001517	 -0.087269	  0.063648	 -0.000372	 -0.046301	  0.041195
  0.072543	 -0.015518	 -0.103518	  0.039670	 -0.038541	 -0.095398	 -0.159468
  0.063990	 -0.046623	 -0.106781	  0.055983	  0.023036	  0.043118	  0.087695
  0.088349	 -0.090145	 -0.107984	  0.070775	  0.030638	  0.042199	  0.010945
  0.108811	 -0.164107	 -0.150144	  0.047652	  0.009225	 -0.052890	 -0.225764
  0.100195	 -0.124671	 -0.152045	  0.100962	  0.043561	  0.018285	  0.041861
  0.068298	 -0.111842	 -0.130791	  0.141063	  0.040236	  0.031652	  0.073346
  0.024966	 -0.143898	 -0.123759	  0.160987	 -0.017572	 -0.034930	 -0.215216
 -0.032873	 -0.145672	 -0.112799	  0.222088	 -0.075506	  0.031525	 -0.013350
 -0.040601	 -0.139748	 -0.101459	  0.201499	 -0.076235	  0.014293	  0.067264
 -0.017700	 -0.109340	 -0.090309	  0.156837	 -0.111394	 -0.134137	 -0.251421
 -0.006709	 -0.080040	 -0.074567	  0.125194	 -0.046935	 -0.102778	 -0.116073
  0.002794	 -0.075099	 -0.024108	  0.134316	 -0.002653	 -0.087163	  0.047150
 -0.010066	 -0.070126	  0.027333	  0.106442	 -0.056944	 -0.172147	 -0.252498
 -0.032112	 -0.047446	  0.036012	  0.113442	 -0.071325	 -0.102367	 -0.162984
 -0.012284	 -0.053370	  0.039464	  0.079486	 -0.029482	 -0.005282	  0.084812
  0.004029	 -0.055872	  0.027333	  0.046195	 -0.072592	 -0.076931	 -0.150250
  0.026550	 -0.032876	  0.010545	  0.013475	 -0.062773	 -0.015196	 -0.086995
  0.043021	 -0.034301	  0.035853	  0.049363	 -0.073162	  0.097188	  0.156525
  0.035736	 -0.062872	  0.038609	  0.031846	 -0.094131	  0.023796	 -0.107235
  0.082742	 -0.076176	  0.046116	  0.015122	 -0.111426	 -0.020993	 -0.184238
  0.062787	 -0.114440	  0.015359	  0.065359	 -0.090330	  0.102288	  0.079586
  0.043306	 -0.114756	 -0.008841	  0.048698	 -0.090900	  0.034851	 -0.148857
 -0.001482	 -0.137278	  0.010956	  0.047716	 -0.068094	 -0.000087	 -0.309989
 -0.050674	 -0.100281	  0.001644	  0.075590	 -0.021120	  0.068648	 -0.034825
 -0.081621	 -0.081212	 -0.009664	  0.079169	 -0.022292	  0.037892	 -0.146006
 -0.076299	 -0.083620	 -0.012800	  0.066658	 -0.012694	  0.009415	 -0.329849
 -0.050642	 -0.058533	 -0.004754	  0.070775	  0.016036	  0.101020	 -0.021047
 -0.074589	 -0.043170	  0.014916	  0.020697	 -0.011997	  0.085785	 -0.015757
 -0.125745	 -0.010766	  0.004178	  0.011669	 -0.026663	  0.012330	 -0.206917
 -0.128500	 -0.021061	  0.023880	  0.008058	  0.029308	  0.081287	  0.096627
 -0.105663	 -0.003608	 -0.001999	  0.016991	  0.051829	  0.077074	  0.077020
 -0.056281	 -0.009531	 -0.053028	 -0.025454	  0.000103	 -0.031034	 -0.201374
 -0.046683	 -0.008771	 -0.061548	 -0.042907	 -0.025649	 -0.013612	  0.035399
 -0.063376	 -0.013015	 -0.049892	 -0.049179	 -0.015228	  0.025221	  0.096564
 -0.073607	 -0.027333	 -0.048751	 -0.034862	 -0.041392	 -0.065623	 -0.181736
 -0.072562	 -0.053021	 -0.045837	  0.001026	 -0.010097	  0.001497	 -0.019209
 -0.033189	 -0.062714	 -0.023031	  0.005112	  0.005551	  0.026869	  0.116646
  0.005835	 -0.080927	 -0.045140	  0.002008	  0.001528	 -0.082601	 -0.153259
  0.057275	 -0.096860	 -0.061263	 -0.008793	 -0.012726	 -0.088461	 -0.068433
  0.076534	 -0.095593	 -0.056924	  0.000393	  0.048915	 -0.041012	  0.074043
  0.087240	 -0.059863	 -0.069721	  0.018036	  0.069504	 -0.098819	 -0.201976
  0.078593	 -0.070348	 -0.055847	  0.054589	  0.056928	 -0.140250	 -0.184460
  0.070642	 -0.067402	 -0.081504	  0.067734	  0.075459	 -0.074968	  0.034005
  0.051479	 -0.062492	 -0.082834	  0.085061	  0.068617	 -0.124571	 -0.121267
  0.021514	 -0.075733	 -0.108808	  0.096274	  0.065449	 -0.097552	 -0.182908
  0.003459	 -0.063886	 -0.128383	  0.125922	  0.089902	 -0.028658	 -0.007838
  0.000640	 -0.027079	 -0.139881	  0.134569	  0.096174	 -0.020328	 -0.011734
  0.002730	 -0.021283	 -0.119419	  0.124307	  0.102351	 -0.000341	 -0.105208
 -0.008134	 -0.008993	 -0.123062	  0.103179	  0.100292	  0.045494	 -0.062668
  0.004631	 -0.007187	 -0.115428	  0.068780	  0.101844	  0.057847	 -0.064790
  0.007038	 -0.026762	 -0.111500	  0.091871	  0.075332	  0.052621	 -0.134286
  0.002952	 -0.009404	 -0.129112	  0.054811	  0.073938	  0.084518	 -0.120634
  0.014767	 -0.006680	 -0.137347	  0.015850	  0.064911	  0.078088	 -0.121489
  0.021007	 -0.010703	 -0.146406	  0.007551	  0.036403	  0.097124	 -0.153449
  0.002445	 -0.037279	 -0.104880	  0.011701	 -0.006612	  0.086925	 -0.139069
  0.031777	 -0.044184	 -0.079477	  0.010466	 -0.049342	  0.096396	 -0.129788
  0.053316	 -0.038134	 -0.044602	  0.013823	 -0.103824	  0.115654	 -0.111638
  0.015686	 -0.049949	 -0.057304	  0.005619	 -0.065402	  0.145144	 -0.077872
  0.006722	 -0.010988	 -0.063290	 -0.006829	 -0.045573	  0.163262	 -0.070999
  0.020215	 -0.013776	 -0.041086	 -0.015096	 -0.052890	  0.127596	 -0.064664
  0.042895	 -0.018432	 -0.046249	 -0.007019	 -0.025839	  0.117207	 -0.070935
  0.056610	 -0.024640	 -0.047389	  0.010909	  0.011981	  0.138556	 -0.052215
  0.062090	 -0.017070	 -0.044064	 -0.031789	  0.033996	  0.139094	 -0.027097
  0.038207	 -0.005952	 -0.024393	 -0.032930	  0.050530	  0.124238	 -0.005811
  0.044193	 -0.011368	 -0.043145	 -0.024694	  0.044575	  0.132379	 -0.010530
  0.027501	 -0.033351	 -0.004564	  0.003307	  0.026679	  0.111157	  0.015158
  0.015876	 -0.034555	 -0.013275	  0.022059	  0.038588	  0.070897	  0.000904
  0.034057	 -0.042632	 -0.054231	  0.042996	  0.071657	  0.052621	 -0.015979
 -0.022515	 -0.045388	 -0.089423	  0.019145	  0.063327	  0.023511	 -0.013635
 -0.050611	 -0.111652	 -0.110107	  0.010180	  0.062852	  0.021991	 -0.009897
 -0.082001	 -0.155998	 -0.099052	  0.016009	  0.043181	  0.026805	 -0.004702
 -0.116749	 -0.168509	 -0.075517	  0.031466	  0.040109	  0.009162	 -0.008282
 -0.123084	 -0.182700	 -0.068612	  0.015058	  0.000705	  0.026140	 -0.020635
 -0.145352	 -0.193976	 -0.105989	  0.019746	 -0.035057	  0.028167	 -0.030834
 -0.134455	 -0.182542	 -0.097056	  0.074735	  0.003429	  0.030448	 -0.063808
 -0.099581	 -0.185171	 -0.066616	  0.092885	  0.009257	  0.026267	 -0.065424
 -0.063313	 -0.155776	 -0.018723	  0.085346	  0.014864	  0.027946	 -0.065360
 -0.064611	 -0.121947	  0.015961	  0.094912	 -0.028912	  0.073780	 -0.050916
 -0.040063	 -0.102371	  0.021789	  0.079993	 -0.014119	  0.117903	 -0.047971
 -0.014279	 -0.084728	  0.015486	  0.123895	 -0.016622	  0.134660	 -0.051423
  0.014640	 -0.058723	 -0.003329	  0.158168	 -0.055551	  0.123795	 -0.098524
  0.002730	 -0.071171	 -0.039787	  0.115152	 -0.055329	  0.097726	 -0.093900
  0.014070	 -0.052673	 -0.070449	  0.100392	 -0.038858	  0.134280	 -0.062668
  0.009889	 -0.040510	 -0.043873	  0.090509	 -0.030527	  0.149167	 -0.032672
  0.021577	 -0.046084	 -0.034149	  0.066372	 -0.039935	  0.140710	 -0.030106
  0.036306	 -0.036170	 -0.028828	  0.068590	  0.000198	  0.082585	 -0.048573
  0.077738	 -0.016816	 -0.044254	  0.086645	  0.011664	  0.052874	  0.010597
  0.042673	 -0.015296	 -0.014130	  0.042711	 -0.005694	  0.037765	  0.022095
  0.055406	  0.006085	  0.003164	  0.024909	  0.024651	  0.061426	  0.006416
  0.031682	  0.017235	 -0.002189	  0.044643	  0.043245	  0.044543	  0.023742
  0.010618	  0.021827	  0.006047	  0.041697	 -0.004332	  0.043466	 -0.001851
  0.016668	  0.020022	  0.026699	  0.059309	 -0.038256	  0.079925	 -0.060071
 -0.010795	  0.043367	 -0.002917	  0.066087	 -0.016907	  0.082142	 -0.082750
 -0.012030	  0.043208	 -0.029683	  0.049996	  0.016511	  0.096649	 -0.087375
 -0.011017	  0.056829	 -0.036240	  0.059531	  0.025475	  0.119329	 -0.138815
  0.043116	  0.014162	 -0.010329	  0.073594	  0.000578	  0.096586	 -0.142712
  0.060981	 -0.047478	 -0.016633	  0.058897	  0.004791	  0.110967	 -0.097226
  0.072448	 -0.033794	 -0.029493	  0.015312	  0.017683	  0.125886	 -0.088262
  0.086036	 -0.001391	 -0.001745	 -0.013988	  0.024398	  0.133203	 -0.069447
  0.096141	  0.002822	  0.040731	 -0.031504	 -0.002653	  0.109731	 -0.045405
  0.110585	  0.014732	  0.066547	 -0.040753	 -0.019092	  0.107292	  0.018009
  0.101747	  0.027339	  0.044184	 -0.032074	 -0.015450	  0.108369	  0.048924
  0.135862	  0.009918	  0.046338	 -0.049718	  0.016384	  0.091898	  0.018452
  0.118187	  0.027086	  0.046718	 -0.013829	  0.045747	  0.074255	  0.037109
  0.107196	  0.027307	  0.060940	 -0.011422	  0.061458	  0.054901	  0.056526
  0.095666	  0.023633	  0.048777	  0.025195	  0.088857	  0.029941	  0.076355
  0.068615	  0.022493	  0.053085	  0.061811	  0.083409	  0.039570	  0.088772
  0.029591	  0.018058	  0.056981	  0.087437	  0.062662	  0.021515	  0.057445
  0.032062	 -0.033288	  0.053306	  0.064852	  0.050752	  0.030353	  0.067201
  0.010142	  0.012357	  0.043930	  0.042584	  0.020787	  0.045240	  0.053200
 -0.034678	 -0.006744	  0.020396	  0.043344	  0.036244	  0.037448	  0.055829
 -0.028153	 -0.038007	  0.003671	  0.033082	  0.018221	  0.005076	  0.088740
 -0.066448	 -0.056917	 -0.014922	  0.047177	  0.001022	  0.006945	  0.097419
 -0.051593	 -0.059103	 -0.027592	  0.052499	 -0.012726	  0.047172	  0.066155
 -0.061824	 -0.048365	 -0.041688	  0.047526	  0.016131	  0.043308	  0.027068
 -0.072087	 -0.018622	 -0.015556	  0.046670	  0.057245	  0.044828	  0.011611
 -0.098536	 -0.027111	  0.027238	  0.061843	  0.067223	  0.049231	  0.024566
 -0.124573	  0.023665	  0.030690	  0.070902	  0.073210	  0.039792	 -0.022092
 -0.113993	  0.052077	  0.021124	  0.030168	  0.120279	  0.036973	  0.011611
 -0.109147	  0.041149	  0.044691	  0.040399	  0.131080	 -0.000467	  0.006321
 -0.091187	  0.050494	  0.053782	  0.045593	  0.100545	  0.017873	  0.002456
 -0.080354	  0.009601	  0.003671	  0.055254	  0.104536	  0.024556	 -0.032640
 -0.083616	  0.011913	  0.001517	  0.118542	  0.096238	  0.039697	 -0.046419
 -0.046651	 -0.003639	 -0.021289	  0.123071	  0.068743	  0.051100	 -0.038785
 -0.026791	  0.032407	 -0.036398	  0.144801	  0.047869	  0.053983	 -0.028744
 -0.008799	  0.033674	 -0.040041	  0.105143	  0.069789	  0.078278	 -0.046514
  0.007165	  0.023316	 -0.017203	  0.100043	  0.083821	  0.093513	 -0.031721
  0.021799	  0.009601	 -0.042511	  0.100107	  0.093608	  0.109858	 -0.043916
  0.007989	 -0.005477	 -0.080110	  0.117496	  0.089491	  0.084549	 -0.024626
  0.063135	 -0.027808	 -0.066141	  0.118067	  0.046476	  0.056928	 -0.020191
  0.067221	 -0.005382	 -0.090056	  0.122216	  0.058607	  0.068142	 -0.045437
  0.071529	  0.009506	 -0.081725	  0.075938	  0.074793	  0.082205	 -0.028269
  0.074507	 -0.025464	 -0.040643	  0.062825	  0.064942	  0.100007	 -0.050410
  0.110110	 -0.012350	 -0.038077	  0.043059	  0.012235	  0.085024	 -0.033337
  0.121766	 -0.003925	 -0.034783	  0.016040	 -0.008988	  0.057847	 -0.043473
  0.103870	 -0.001549	 -0.051064	 -0.017155	 -0.009083	  0.036656	 -0.052754
  0.081032	  0.007859	 -0.044539	 -0.012404	 -0.005409	  0.018696	 -0.070365
  0.061646	  0.009094	 -0.037792	 -0.035654	  0.028009	  0.004696	 -0.047052
