:RUN-5	LEVEL SWEEP	TEMP:NaN	8/27/2019	6:25 PM	HR:-636.36:SW EAR: R	SW FREQ: 22.60	# AVERAGES: 512	REP RATE (/sec): 80	DRIVER: 	SAMPLE (µsec): 40	MASKER dB: 2147483647:NOTES-:CHAMBER-SEWELL-PXI1:CFTS Version: V2.7.2 (R850):LEVELS:20;30;40;50;60;70;80;:DATA -0.048504	 -0.022355	 -0.031648	 -0.036205	  0.049352	  0.031067	 -0.137354
 -0.013155	 -0.022450	 -0.053979	 -0.027653	  0.035446	  0.052448	 -0.080972
  0.023113	 -0.025427	 -0.056260	 -0.019480	  0.023093	  0.036800	 -0.033332
  0.035784	 -0.029704	 -0.034087	  0.001267	  0.030093	  0.021976	 -0.028422
  0.078514	 -0.029355	 -0.009729	  0.015363	  0.014889	  0.016085	 -0.081003
  0.048517	 -0.027169	  0.008738	  0.046721	  0.000762	  0.003415	 -0.103936
  0.058653	  0.002605	  0.029137	  0.043522	  0.016758	  0.020076	 -0.076474
  0.023209	 -0.018110	  0.041205	  0.006715	  0.007129	  0.004555	 -0.043468
 -0.011603	  0.018696	  0.035883	  0.022521	  0.002789	  0.017700	 -0.043088
 -0.043943	  0.010429	  0.032431	  0.034906	 -0.021601	 -0.035388	 -0.043911
 -0.040427	  0.015497	  0.054192	  0.031073	 -0.024800	 -0.038365	 -0.029277
 -0.032033	  0.028642	  0.043739	  0.007412	 -0.037945	 -0.065923	 -0.001498
 -0.034599	  0.036561	  0.027046	 -0.022236	 -0.040163	 -0.039094	  0.015131
 -0.010494	  0.022877	  0.024607	 -0.022775	 -0.020492	 -0.027342	  0.024697
 -0.011349	  0.002795	  0.003353	 -0.014729	 -0.045389	 -0.038682	  0.034327
 -0.008277	 -0.016653	  0.002371	 -0.015616	 -0.070508	 -0.072258	  0.069961
 -0.000548	 -0.006264	 -0.002919	 -0.034019	 -0.041873	 -0.021324	  0.102777
  0.003697	  0.011411	 -0.030793	 -0.012195	 -0.010610	  0.006677	  0.116271
 -0.020092	  0.031525	 -0.034594	 -0.017421	  0.043175	  0.049154	  0.152919
  0.003538	  0.016447	 -0.048690	  0.012829	  0.089896	  0.078422	  0.186653
  0.043101	  0.008212	 -0.036590	  0.036997	  0.112449	  0.095685	  0.212215
  0.064386	 -0.026789	 -0.074442	  0.067944	  0.128033	  0.115957	  0.191214
  0.076708	 -0.060967	 -0.093003	  0.063921	  0.163858	  0.052005	  0.205088
  0.097931	 -0.072212	 -0.091800	  0.092777	  0.203452	  0.021406	  0.219690
  0.110157	 -0.069361	 -0.078433	  0.104750	  0.251979	  0.001039	  0.218202
  0.089347	 -0.086656	 -0.030160	  0.104370	  0.214665	  0.001482	  0.257637
  0.098944	 -0.059510	 -0.006150	  0.117294	  0.175514	  0.024099	  0.321178
  0.119787	 -0.072465	 -0.044572	  0.117547	  0.190624	  0.049597	  0.339233
  0.110886	 -0.078357	 -0.040486	  0.134303	  0.189388	  0.119156	  0.397167
  0.065305	 -0.072434	 -0.028481	  0.112574	  0.216882	  0.187385	  0.440562
  0.044684	 -0.062994	 -0.026770	  0.112701	  0.274753	  0.288556	  0.532041
  0.042182	 -0.066003	 -0.019675	  0.120049	  0.335570	  0.391532	  0.568752
  0.085292	 -0.080321	 -0.031395	  0.092840	  0.346276	  0.447819	  0.534448
  0.048770	 -0.063343	 -0.034087	  0.089134	  0.378838	  0.439710	  0.462798
  0.036861	 -0.051084	 -0.007924	  0.165757	  0.391762	  0.385926	  0.361849
  0.057798	 -0.069044	  0.013901	  0.186029	  0.338674	  0.342055	  0.249117
  0.036766	 -0.072845	  0.013077	  0.193473	  0.243585	  0.251844	  0.088016
  0.027295	 -0.078388	  0.015960	  0.159929	  0.147038	  0.160302	 -0.103239
  0.027928	 -0.057578	 -0.036906	  0.133543	  0.053279	  0.005980	 -0.282870
 -0.012173	 -0.064546	 -0.068487	  0.096135	 -0.056095	 -0.100322	 -0.425251
 -0.013155	 -0.069298	 -0.082962	  0.033829	 -0.151596	 -0.190122	 -0.530634
 -0.008023	 -0.035468	 -0.092908	  0.000317	 -0.246591	 -0.232788	 -0.621321
 -0.017463	 -0.011554	 -0.077229	 -0.007127	 -0.312951	 -0.283089	 -0.676182
 -0.036309	 -0.037622	 -0.104026	 -0.031422	 -0.369396	 -0.343779	 -0.714003
 -0.029499	 -0.026378	 -0.132851	 -0.060310	 -0.359735	 -0.367250	 -0.683975
 -0.057183	 -0.032998	 -0.131584	 -0.050364	 -0.362586	 -0.364114	 -0.624298
 -0.074732	 -0.056247	 -0.172255	 -0.060975	 -0.334775	 -0.339122	 -0.566618
 -0.036785	 -0.041455	 -0.213148	 -0.079473	 -0.330815	 -0.298926	 -0.455247
 -0.055125	 -0.082696	 -0.231171	 -0.107696	 -0.296828	 -0.209380	 -0.259494
 -0.034251	 -0.062361	 -0.232660	 -0.131389	 -0.243803	 -0.058384	 -0.043310
 -0.026047	 -0.048709	 -0.216981	 -0.114031	 -0.124831	  0.041710	  0.166096
 -0.055916	 -0.050673	 -0.165096	 -0.099429	 -0.003704	  0.167176	  0.319214
 -0.003937	 -0.067809	 -0.149924	 -0.040861	  0.131264	  0.260396	  0.480568
  0.011172	 -0.079782	 -0.144793	 -0.034431	  0.211878	  0.335055	  0.563304
  0.043639	 -0.041138	 -0.122208	  0.016851	  0.278681	  0.405723	  0.607238
  0.056911	 -0.038636	 -0.091641	  0.083781	  0.319796	  0.417094	  0.570146
  0.096283	 -0.058528	 -0.028322	  0.123946	  0.356887	  0.399198	  0.474867
  0.071703	 -0.065433	 -0.018281	  0.160024	  0.344724	  0.387604	  0.392226
  0.064038	 -0.027360	  0.006774	  0.152200	  0.310990	  0.363088	  0.271860
  0.069486	 -0.032998	  0.014059	  0.125561	  0.289862	  0.293022	  0.141326
  0.071577	 -0.034265	 -0.003109	  0.107474	  0.253943	  0.232205	 -0.055726
  0.078672	 -0.022925	 -0.041880	  0.087582	  0.200126	  0.129704	 -0.234565
  0.061472	 -0.022387	 -0.035639	  0.041811	  0.153500	  0.059448	 -0.374222
  0.046902	 -0.003793	 -0.032630	  0.034653	  0.051126	 -0.020279	 -0.479384
  0.068821	  0.019805	 -0.031363	  0.057617	 -0.046403	 -0.127183	 -0.528956
  0.116904	  0.031271	 -0.060251	  0.084256	 -0.128315	 -0.210267	 -0.557938
  0.134864	 -0.003698	 -0.089012	  0.063224	 -0.191666	 -0.255658	 -0.548468
  0.107687	 -0.026251	 -0.109791	  0.070161	 -0.187104	 -0.274568	 -0.531109
  0.079496	 -0.041202	 -0.104755	  0.065885	 -0.213047	 -0.250051	 -0.473302
  0.079020	 -0.072560	 -0.098895	  0.030028	 -0.252799	 -0.253124	 -0.385245
  0.085672	 -0.119693	 -0.114859	  0.041811	 -0.246337	 -0.253472	 -0.231651
  0.049657	 -0.137653	 -0.082392	  0.022173	 -0.233350	 -0.214638	 -0.169853
  0.035308	 -0.101258	 -0.093257	  0.017168	 -0.164900	 -0.181094	 -0.129720
  0.022765	 -0.117317	 -0.099022	  0.016535	 -0.150234	 -0.135133	 -0.061840
  0.021688	 -0.104109	 -0.072098	  0.006272	 -0.121442	 -0.069375	 -0.018001
 -0.007136	 -0.090013	 -0.052649	  0.037218	 -0.065788	 -0.034564	 -0.010684
  0.010063	 -0.096855	 -0.073428	  0.018688	 -0.025782	 -0.000703	 -0.045685
  0.021593	 -0.108733	 -0.045712	  0.024010	 -0.011307	 -0.002762	 -0.049138
  0.008670	 -0.121214	 -0.031047	  0.056509	 -0.005035	 -0.011599	 -0.064944
 -0.012585	 -0.113897	 -0.028829	  0.058188	 -0.023818	  0.001261	 -0.114801
  0.003158	 -0.091122	 -0.056260	  0.044757	  0.005291	 -0.010016	 -0.123543
 -0.025065	 -0.082348	 -0.070292	  0.027051	  0.032215	 -0.015907	 -0.110430
 -0.044767	 -0.078990	 -0.097723	  0.023978	 -0.025339	 -0.043180	 -0.142929
 -0.026997	 -0.091534	 -0.127435	  0.035191	 -0.065630	 -0.071212	 -0.185088
 -0.018856	 -0.078230	 -0.120909	  0.016249	 -0.091002	 -0.090281	 -0.165545
  0.021213	 -0.086846	 -0.105832	 -0.051124	 -0.117260	 -0.065701	 -0.144101
  0.056404	 -0.079339	 -0.135607	 -0.089831	 -0.123057	 -0.064307	 -0.177486
  0.088016	 -0.105408	 -0.178178	 -0.076052	 -0.113491	 -0.031998	 -0.172988
  0.106768	 -0.124603	 -0.175043	 -0.064839	 -0.081024	 -0.010744	 -0.137607
  0.105501	 -0.097869	 -0.185685	 -0.077414	 -0.021569	 -0.002414	 -0.109955
  0.094478	 -0.056026	 -0.210234	 -0.062242	  0.004309	  0.013202	 -0.043215
  0.060364	 -0.050483	 -0.176626	 -0.038676	  0.038012	  0.032778	  0.032363
  0.050386	 -0.072338	 -0.172667	 -0.030630	  0.092810	  0.098282	  0.098247
  0.026724	 -0.072560	 -0.178527	 -0.019322	  0.127685	  0.158402	  0.152222
  0.020770	 -0.107751	 -0.148150	  0.009091	  0.153468	  0.205408	  0.212785
  0.001194	 -0.096570	 -0.135448	  0.019797	  0.181564	  0.225775	  0.231600
 -0.004666	 -0.075158	 -0.124742	  0.038169	  0.217991	  0.243450	  0.263814
 -0.019553	 -0.065212	 -0.107352	  0.063414	  0.235191	  0.297298	  0.286114
 -0.024748	 -0.036894	 -0.112294	  0.084573	  0.244408	  0.313199	  0.350446
 -0.013345	 -0.058180	 -0.063640	  0.131231	  0.251630	  0.348802	  0.393936
 -0.010937	 -0.066320	 -0.077989	  0.128032	  0.257902	  0.327295	  0.388805
  0.032616	 -0.087353	 -0.102443	  0.155589	  0.301646	  0.302968	  0.419593
  0.034073	 -0.061379	 -0.105008	  0.196355	  0.325687	  0.294637	  0.445757
  0.020833	 -0.097489	 -0.090945	  0.179631	  0.324072	  0.301036	  0.417630
  0.010507	 -0.102588	 -0.090818	  0.175830	  0.304085	  0.286909	  0.385321
  0.025046	 -0.089507	 -0.078084	  0.145833	  0.256001	  0.276487	  0.358840
  0.024444	 -0.081904	 -0.054803	  0.130439	  0.266866	  0.223653	  0.307684
  0.021181	 -0.045573	 -0.044857	  0.078175	  0.278871	  0.179973	  0.240438
  0.008606	 -0.078737	 -0.028101	  0.085112	  0.265757	  0.124193	  0.130239
  0.006642	 -0.109557	 -0.023603	  0.106936	  0.206683	  0.089571	  0.042942
 -0.012965	 -0.100181	  0.027489	  0.109121	  0.176686	  0.051339	 -0.013978
 -0.057247	 -0.087479	 -0.000068	  0.070953	  0.168229	  0.038194	 -0.057595
 -0.040332	 -0.047378	 -0.025440	  0.060373	  0.159202	 -0.010396	 -0.129720
 -0.046984	 -0.046048	 -0.081917	  0.066075	  0.117992	 -0.088792	 -0.196840
 -0.057437	 -0.028753	 -0.070356	  0.018657	  0.066488	 -0.113341	 -0.238335
 -0.035581	 -0.002241	 -0.055532	 -0.016313	  0.026134	 -0.165225	 -0.306975
  0.013326	 -0.006264	 -0.029178	 -0.031422	 -0.001994	 -0.210172	 -0.366018
 -0.008562	 -0.043926	 -0.052522	 -0.032784	 -0.008899	 -0.268613	 -0.413309
 -0.065831	 -0.060334	 -0.105610	 -0.052106	 -0.048303	 -0.297596	 -0.423445
 -0.099343	 -0.099674	 -0.107796	 -0.098288	 -0.076209	 -0.312135	 -0.408811
 -0.090981	 -0.094480	 -0.141562	 -0.149856	 -0.089861	 -0.294523	 -0.385055
 -0.066939	 -0.131476	 -0.136589	 -0.167531	 -0.125496	 -0.288283	 -0.342578
 -0.028739	 -0.123304	 -0.123317	 -0.168766	 -0.096957	 -0.252965	 -0.297757
 -0.006535	 -0.128404	 -0.114638	 -0.131041	 -0.144026	 -0.240200	 -0.213216
  0.025457	 -0.140092	 -0.148562	 -0.098605	 -0.170000	 -0.231458	 -0.201591
  0.011045	 -0.134834	 -0.190057	 -0.100949	 -0.197019	 -0.203045	 -0.173780
  0.015923	 -0.117888	 -0.191767	 -0.106651	 -0.173611	 -0.216475	 -0.126394
  0.035150	 -0.157672	 -0.160282	 -0.105827	 -0.225875	 -0.247486	 -0.132697
  0.037304	 -0.188207	 -0.154929	 -0.101551	 -0.248998	 -0.258255	 -0.120249
  0.022765	 -0.156468	 -0.174314	 -0.071491	 -0.243677	 -0.224553	 -0.154458
  0.006009	 -0.166129	 -0.174599	 -0.070858	 -0.231640	 -0.197660	 -0.192120
  0.014529	 -0.160681	 -0.155024	 -0.085650	 -0.265184	 -0.188950	 -0.218474
  0.013357	 -0.168821	 -0.189962	 -0.061228	 -0.254541	 -0.206656	 -0.215022
 -0.000580	 -0.143513	 -0.216220	 -0.071143	 -0.247668	 -0.250748	 -0.244638
 -0.056772	 -0.127200	 -0.219071	 -0.099017	 -0.278361	 -0.294238	 -0.288920
 -0.087022	 -0.108005	 -0.205736	 -0.124262	 -0.248681	 -0.334149	 -0.391358
 -0.063360	 -0.103064	 -0.180491	 -0.077383	 -0.306996	 -0.378210	 -0.459998
 -0.053984	 -0.124033	 -0.184957	 -0.086854	 -0.327046	 -0.393065	 -0.457116
 -0.059179	 -0.106104	 -0.208998	 -0.077414	 -0.315104	 -0.443809	 -0.486004
 -0.022974	 -0.100593	 -0.224678	 -0.080582	 -0.308706	 -0.436397	 -0.529114
  0.007339	 -0.066067	 -0.247072	 -0.102470	 -0.327426	 -0.421668	 -0.482615
 -0.002449	 -0.024224	 -0.225248	 -0.115868	 -0.302308	 -0.360820	 -0.479130
 -0.019870	 -0.047885	 -0.203487	 -0.105796	 -0.255808	 -0.343303	 -0.456546
 -0.053446	 -0.065655	 -0.244728	 -0.115108	 -0.239527	 -0.339344	 -0.456292
 -0.036056	 -0.068316	 -0.249004	 -0.126384	 -0.246496	 -0.340326	 -0.470325
 -0.020092	 -0.066669	 -0.245869	 -0.147164	 -0.203987	 -0.312990	 -0.469058
 -0.044165	 -0.090647	 -0.253059	 -0.185111	 -0.183398	 -0.335670	 -0.504851
 -0.079039	 -0.137780	 -0.255054	 -0.207537	 -0.157646	 -0.339692	 -0.530666
 -0.100389	 -0.148074	 -0.282865	 -0.223469	 -0.152008	 -0.381282	 -0.544540
 -0.072673	 -0.192166	 -0.273489	 -0.224926	 -0.133130	 -0.339439	 -0.526833
 -0.077456	 -0.195460	 -0.228447	 -0.247099	 -0.170348	 -0.296329	 -0.490343
 -0.087750	 -0.189284	 -0.229777	 -0.233510	 -0.159895	 -0.286288	 -0.502823
 -0.074288	 -0.187035	 -0.205419	 -0.230533	 -0.161543	 -0.243083	 -0.478497
 -0.103524	 -0.185673	 -0.182391	 -0.196989	 -0.172470	 -0.232091	 -0.470768
 -0.088795	 -0.168885	 -0.165318	 -0.178744	 -0.136044	 -0.236684	 -0.484103
 -0.061206	 -0.163595	 -0.143842	 -0.154576	 -0.095563	 -0.205326	 -0.501018
 -0.032223	 -0.188238	 -0.152585	 -0.132213	 -0.113776	 -0.175836	 -0.468456
  0.006040	 -0.148011	 -0.115113	 -0.103610	 -0.121505	 -0.152111	 -0.490597
 -0.009861	 -0.167269	 -0.061106	 -0.099872	 -0.116183	 -0.129843	 -0.504439
 -0.033395	 -0.130146	 -0.069342	 -0.095469	 -0.114980	 -0.106404	 -0.521670
 -0.052369	 -0.067746	 -0.094777	 -0.055463	 -0.087359	 -0.096299	 -0.498040
 -0.023291	 -0.037147	 -0.083754	 -0.056857	 -0.060277	 -0.083217	 -0.489710
 -0.016766	 -0.023875	 -0.121004	 -0.041938	 -0.056317	 -0.065384	 -0.472732
 -0.004317	 -0.031731	 -0.114701	 -0.042698	 -0.056064	 -0.072163	 -0.489710
 -0.001973	 -0.037211	 -0.126611	 -0.039816	 -0.049665	 -0.057750	 -0.507353
 -0.010367	 -0.064325	 -0.113941	 -0.048590	 -0.042602	 -0.078751	 -0.516761
 -0.000738	 -0.068189	 -0.088316	 -0.043744	 -0.046213	 -0.090471	 -0.506656
 -0.000358	 -0.062994	 -0.122240	 -0.053785	 -0.030280	 -0.131776	 -0.493353
  0.004583	 -0.075063	 -0.124552	 -0.046879	 -0.060498	 -0.186226	 -0.458066
 -0.006471	 -0.089728	 -0.143304	 -0.074912	 -0.078965	 -0.211471	 -0.420214
  0.007878	 -0.126757	 -0.097565	 -0.058853	 -0.065218	 -0.251160	 -0.396584
  0.049151	 -0.136671	 -0.111787	 -0.073297	 -0.081721	 -0.291989	 -0.344003
  0.065495	 -0.114308	 -0.141562	 -0.072790	 -0.092015	 -0.285433	 -0.327089
  0.054979	 -0.123082	 -0.148277	 -0.065758	 -0.104907	 -0.308144	 -0.319075
  0.029607	 -0.089031	 -0.145996	 -0.059328	 -0.106839	 -0.313845	 -0.288952
 -0.006788	 -0.097425	 -0.152585	 -0.094646	 -0.150520	 -0.322524	 -0.303681
 -0.013250	 -0.092611	 -0.186541	 -0.114538	 -0.212255	 -0.306338	 -0.298644
 -0.007041	 -0.104299	 -0.214383	 -0.066867	 -0.227332	 -0.288188	 -0.339537
 -0.010526	 -0.081999	 -0.170006	 -0.082071	 -0.214757	 -0.271749	 -0.327089
 -0.030291	 -0.115322	 -0.156576	 -0.078491	 -0.156506	 -0.265034	 -0.302667
 -0.073623	 -0.148264	 -0.181441	 -0.047703	 -0.147479	 -0.267694	 -0.288445
 -0.080433	 -0.126377	 -0.188156	 -0.005385	 -0.156728	 -0.252174	 -0.320817
 -0.064500	 -0.144495	 -0.213021	  0.039531	 -0.119985	 -0.272161	 -0.339094
 -0.078374	 -0.162772	 -0.225216	  0.036268	 -0.122360	 -0.307289	 -0.307387
 -0.076949	 -0.150038	 -0.214035	  0.028096	 -0.143709	 -0.337760	 -0.315432
 -0.061238	 -0.146839	 -0.207541	  0.043870	 -0.156665	 -0.311596	 -0.337763
 -0.071501	 -0.143481	 -0.226673	  0.028888	 -0.132845	 -0.246757	 -0.313405
 -0.053509	 -0.171260	 -0.226420	  0.027938	 -0.115993	 -0.187999	 -0.275870
 -0.035106	 -0.192926	 -0.199559	 -0.003199	 -0.082259	 -0.154899	 -0.225759
 -0.037671	 -0.168061	 -0.189486	 -0.041716	 -0.055113	 -0.121703	 -0.186989
 -0.040807	 -0.148042	 -0.167631	 -0.036268	 -0.042918	 -0.108906	 -0.190727
 -0.002068	 -0.162993	 -0.161359	 -0.044916	 -0.024103	 -0.102666	 -0.131335
  0.027295	 -0.166351	 -0.142480	 -0.052043	 -0.017547	 -0.055090	 -0.096556
  0.028467	 -0.115132	 -0.147358	 -0.065726	 -0.016596	  0.010827	 -0.049930
  0.007054	 -0.106770	 -0.143494	 -0.080297	 -0.017832	  0.026601	 -0.075207
 -0.014105	 -0.078927	 -0.100035	 -0.091573	 -0.003198	  0.012949	 -0.078628
 -0.006978	 -0.060460	 -0.100606	 -0.086284	  0.004119	  0.053968	 -0.043468
 -0.050215	 -0.087384	 -0.098895	 -0.090655	  0.026577	  0.125333	  0.010032
 -0.040776	 -0.094194	 -0.113656	 -0.120936	  0.064968	  0.140094	  0.030716
 -0.020757	 -0.092674	 -0.114448	 -0.117104	  0.076244	  0.193657	  0.054662
 -0.042961	 -0.115290	 -0.141815	 -0.090845	  0.075896	  0.182317	  0.115067
 -0.090601	 -0.063058	 -0.140738	 -0.063889	  0.110168	  0.181240	  0.094731
 -0.125444	 -0.066669	 -0.167440	 -0.044124	  0.132531	  0.200847	  0.096442
 -0.128073	 -0.068664	 -0.194966	 -0.033481	  0.162274	  0.198946	  0.100148
 -0.106787	 -0.042025	 -0.195030	 -0.004086	  0.166329	  0.178516	  0.142561
 -0.098171	 -0.086972	 -0.192179	  0.028159	  0.154609	  0.162520	  0.130968
 -0.104696	 -0.077375	 -0.208270	  0.041558	  0.123028	  0.118238	  0.125805
 -0.079261	 -0.105376	 -0.184292	  0.056921	  0.106462	  0.127867	  0.149023
 -0.058419	 -0.089253	 -0.226357	  0.035540	  0.109123	  0.125079	  0.171892
 -0.053287	 -0.083742	 -0.196867	  0.018087	  0.136269	  0.146745	  0.185576
 -0.044545	 -0.083393	 -0.195441	  0.043490	  0.119608	  0.150166	  0.179431
 -0.034282	 -0.079275	 -0.180301	  0.053848	  0.148210	  0.155203	  0.126153
 -0.017241	 -0.059225	 -0.157779	  0.042350	  0.144663	  0.139555	  0.080414
  0.090829	  0.033397	  0.037562	  0.035584	  0.030689	  0.000247	 -0.020602
  0.058583	  0.024053	  0.035567	  0.049458	  0.047952	 -0.042863	  0.007399
  0.073566	 -0.017252	  0.051784	  0.041792	  0.036422	 -0.076185	  0.001571
  0.041130	 -0.037683	  0.061414	  0.017751	 -0.011630	 -0.076756	 -0.002642
  0.039958	 -0.047407	  0.016276	  0.005049	  0.001231	 -0.040963	 -0.041602
  0.069321	 -0.049719	 -0.002951	 -0.003440	  0.004335	 -0.008337	 -0.009040
  0.057095	 -0.084752	 -0.061360	  0.027317	 -0.024268	 -0.055470	  0.009427
  0.024311	 -0.111676	 -0.073175	  0.023136	 -0.050495	 -0.048121	 -0.024339
  0.039103	 -0.097612	 -0.036178	 -0.025739	 -0.040834	 -0.011790	 -0.052720
  0.037931	 -0.039425	  0.000660	 -0.051048	 -0.035703	 -0.014894	 -0.040747
  0.013953	 -0.006419	  0.009181	 -0.091181	 -0.018123	  0.016592	  0.009933
 -0.013383	  0.008183	  0.020394	 -0.062768	  0.011050	  0.039208	  0.068121
 -0.035967	  0.016229	  0.005855	 -0.057066	  0.051151	  0.080861	  0.135621
 -0.051647	  0.079073	 -0.000131	 -0.008065	  0.056947	  0.114658	  0.168120
 -0.069923	  0.075335	  0.015675	 -0.003123	  0.042884	  0.135627	  0.164952
 -0.052470	  0.065072	 -0.005453	  0.000868	 -0.009602	  0.072657	  0.094475
 -0.077937	  0.051515	 -0.016824	  0.037580	 -0.023223	  0.016338	  0.000462
 -0.106191	  0.052149	  0.012697	  0.018099	 -0.007163	  0.002021	 -0.081830
 -0.093553	  0.057122	 -0.028227	  0.014077	 -0.036051	 -0.032157	 -0.175811
 -0.044710	  0.029818	 -0.042766	  0.031720	 -0.025567	 -0.070674	 -0.210749
 -0.006731	  0.018604	 -0.053346	  0.057345	 -0.036653	 -0.037510	 -0.200898
  0.028429	  0.045624	 -0.072890	  0.049331	 -0.046092	 -0.021546	 -0.161018
  0.065710	  0.094245	 -0.080365	  0.040557	 -0.027942	 -0.034311	 -0.087215
  0.082625	  0.107454	 -0.055658	  0.038942	 -0.009761	 -0.018220	 -0.021108
  0.110816	  0.110305	 -0.087840	  0.014932	 -0.009507	  0.005125	 -0.006569
  0.115979	  0.108341	 -0.117045	  0.031086	  0.009625	 -0.009319	 -0.047906
  0.121079	  0.063013	 -0.144856	  0.056743	 -0.026802	 -0.079891	 -0.118732
  0.100110	  0.030990	 -0.122145	  0.070997	 -0.023476	 -0.096901	 -0.194246
  0.079299	 -0.010695	 -0.149861	  0.118922	 -0.035798	 -0.087589	 -0.251420
  0.037329	 -0.020293	 -0.114606	  0.124687	 -0.015336	 -0.115653	 -0.284045
  0.019179	 -0.019089	 -0.117964	  0.120886	  0.001041	 -0.158351	 -0.236912
  0.031564	 -0.018297	 -0.090469	  0.078631	 -0.044065	 -0.118219	 -0.167765
  0.057760	 -0.030587	 -0.071464	  0.075622	 -0.041088	 -0.079480	 -0.066879
  0.066724	 -0.010632	 -0.091008	  0.100107	  0.004081	 -0.064846	  0.036636
  0.032198	 -0.001351	 -0.097850	  0.105903	  0.035313	 -0.017903	  0.094570
  0.040909	 -0.009492	 -0.101936	  0.091966	  0.050391	  0.006455	  0.093461
 -0.002296	  0.002355	 -0.090659	  0.080975	  0.030118	  0.012094	  0.062609
  0.034542	 -0.033026	 -0.092338	  0.081640	  0.035123	 -0.022242	 -0.020507
  0.064760	 -0.060425	 -0.083057	  0.044928	  0.029865	 -0.073113	 -0.124180
  0.040750	 -0.035149	 -0.055151	  0.028615	  0.045988	 -0.102064	 -0.189336
  0.010374	 -0.018487	 -0.040296	  0.013316	  0.054508	 -0.083471	 -0.180245
 -0.003627	 -0.007401	 -0.043210	  0.025670	  0.055554	 -0.062343	 -0.159941
  0.011007	 -0.031252	 -0.049830	  0.030769	  0.074971	 -0.043021	 -0.142013
  0.011989	 -0.009618	 -0.036273	  0.033905	  0.119633	 -0.039157	 -0.073214
  0.029949	 -0.021877	 -0.060473	  0.007488	  0.083301	 -0.043053	 -0.043503
 -0.011102	 -0.025393	 -0.069659	 -0.033563	  0.055744	 -0.060696	 -0.010434
 -0.019591	 -0.010759	 -0.112294	 -0.080664	  0.034711	 -0.058574	 -0.046512
 -0.035556	 -0.001858	 -0.143304	 -0.036889	 -0.008082	 -0.075140	 -0.111953
 -0.039895	  0.000486	 -0.098420	 -0.034197	 -0.012421	 -0.086512	 -0.158199
 -0.042271	  0.026713	 -0.077989	 -0.028115	  0.019887	 -0.120119	 -0.206504
 -0.069607	  0.017052	 -0.095252	 -0.017789	  0.031354	 -0.140835	 -0.252718
 -0.047465	  0.032573	 -0.087650	  0.008850	  0.045608	 -0.138016	 -0.195513
 -0.049461	  0.031401	 -0.107574	  0.047526	  0.045069	 -0.125124	 -0.056902
 -0.049493	  0.052434	 -0.114163	  0.037231	  0.048522	 -0.102856	 -0.001660
 -0.030392	  0.049330	 -0.090501	  0.029027	  0.058753	 -0.084009	  0.078510
 -0.038660	  0.071534	 -0.134815	  0.051168	  0.074907	 -0.056927	  0.113322
 -0.012654	  0.077806	 -0.146060	  0.056616	  0.089446	 -0.058099	  0.076198
  0.009708	  0.062728	 -0.137222	  0.052404	  0.076650	 -0.076534	  0.011105
 -0.010057	  0.026175	 -0.125281	  0.049204	  0.063378	 -0.062217	 -0.085568
 -0.028935	  0.002102	 -0.158856	  0.052340	  0.050676	 -0.101937	 -0.183159
 -0.052312	 -0.008605	 -0.167726	 -0.001349	  0.072532	 -0.093068	 -0.223482
 -0.066819	  0.005079	 -0.163164	 -0.005974	  0.090365	 -0.080905	 -0.221898
 -0.056778	 -0.039678	 -0.179604	  0.008502	  0.096890	 -0.031808	 -0.143692
 -0.033972	 -0.092101	 -0.166205	 -0.007843	  0.113615	 -0.019550	 -0.068051
 -0.081168	 -0.088775	 -0.164938	 -0.008445	  0.130434	 -0.009319	 -0.036091
 -0.080408	 -0.106893	 -0.148087	  0.015280	  0.138987	 -0.005359	 -0.036946
 -0.112115	 -0.089092	 -0.134720	  0.009325	  0.104524	 -0.015084	 -0.034570
 -0.081643	 -0.086051	 -0.124647	  0.002832	  0.096922	 -0.038999	 -0.076572
 -0.097037	 -0.081743	 -0.127593	 -0.002711	  0.097270	 -0.049388	 -0.162697
 -0.079141	 -0.085100	 -0.125977	 -0.020006	  0.061572	 -0.090218	 -0.218129
 -0.038280	 -0.073317	 -0.120909	 -0.019753	  0.052450	 -0.142133	 -0.287656
 -0.018799	 -0.082281	 -0.104660	 -0.017029	  0.018430	 -0.156007	 -0.288005
 -0.038216	 -0.093716	 -0.070102	 -0.013924	  0.031195	 -0.149260	 -0.247935
 -0.031184	 -0.065113	 -0.065984	 -0.004232	  0.020394	 -0.152333	 -0.174480
 -0.030234	 -0.047660	 -0.085180	 -0.009173	  0.028851	 -0.128006	 -0.062476
 -0.028017	 -0.034325	 -0.085813	  0.009484	  0.012032	 -0.120879	  0.041514
 -0.032166	 -0.037809	 -0.088917	  0.065644	  0.014661	 -0.094304	  0.038695
 -0.040782	 -0.023397	 -0.079890	  0.073880	  0.032367	 -0.107956	  0.024092
 -0.061878	 -0.027895	 -0.110013	  0.106125	  0.044214	 -0.140740	 -0.037073
 -0.066661	  0.001025	 -0.127118	  0.108311	  0.020806	 -0.154614	 -0.117781
 -0.054022	  0.000740	 -0.112610	  0.137895	 -0.003299	 -0.178433	 -0.213441
 -0.036506	  0.031180	 -0.104090	  0.147556	 -0.003489	 -0.194334	 -0.231369
 -0.024152	  0.008563	 -0.105610	  0.165073	  0.034553	 -0.168076	 -0.215785
 -0.030202	  0.020917	 -0.150082	  0.107740	  0.037657	 -0.142767	 -0.146574
 -0.039863	 -0.005247	 -0.197025	  0.074545	  0.089320	 -0.081190	 -0.062540
 -0.028492	  0.013061	 -0.161042	  0.087690	  0.126792	  0.002369	  0.000082
 -0.078064	  0.033175	 -0.168707	  0.098523	  0.163883	  0.026949	  0.005150
 -0.101694	  0.070330	 -0.159585	  0.117560	  0.156661	  0.064516	  0.006291
 -0.070272	  0.072801	 -0.135987	  0.133651	  0.157200	  0.088051	 -0.018891
 -0.081168	  0.081543	 -0.134340	  0.131022	  0.150326	  0.079340	 -0.125542
 -0.080218	  0.031465	 -0.141974	  0.112302	  0.147887	  0.059417	 -0.227568
 -0.061371	 -0.002270	 -0.148720	  0.118637	  0.136928	 -0.005011	 -0.266149
 -0.046072	 -0.019438	 -0.111312	  0.123135	  0.120900	 -0.014894	 -0.276221
 -0.078666	 -0.050701	 -0.105389	  0.075463	  0.093121	 -0.000323	 -0.239225
 -0.112241	 -0.079747	 -0.076786	  0.079739	  0.078360	  0.014628	 -0.177901
 -0.122568	 -0.095933	 -0.033486	  0.070617	  0.072247	  0.034995	 -0.090287
 -0.148066	 -0.074964	 -0.049703	  0.023737	  0.059133	  0.041330	 -0.040272
 -0.168529	 -0.064385	 -0.085021	  0.016104	  0.038893	  0.047475	 -0.043376
 -0.121459	 -0.094920	 -0.080460	  0.004384	  0.035567	  0.002116	 -0.074766
 -0.106508	 -0.092069	 -0.083754	  0.009864	  0.014788	 -0.062058	 -0.121361
 -0.097449	 -0.113640	 -0.051224	  0.004004	 -0.015557	 -0.096046	 -0.149869
 -0.075625	 -0.159759	 -0.063260	  0.037706	  0.017923	 -0.134246	 -0.177109
 -0.068783	 -0.102870	 -0.088569	  0.051802	  0.019349	 -0.158161	 -0.198649
 -0.062321	 -0.071638	 -0.122271	  0.049838	  0.061129	 -0.142767	 -0.157661
  0.018768	 -0.079969	 -0.149322	  0.047811	  0.052038	 -0.115336	 -0.083224
  0.062258	 -0.082471	 -0.148625	  0.070839	  0.027078	 -0.112961	  0.018707
  0.091051	 -0.069548	 -0.139851	  0.059309	  0.003860	 -0.069629	  0.061754
  0.091082	 -0.080286	 -0.111217	  0.018258	  0.047857	 -0.071751	  0.086556
  0.080978	 -0.090200	 -0.098072	  0.001945	  0.070663	 -0.087177	  0.080633
  0.089023	 -0.086938	 -0.143684	  0.008565	  0.057644	 -0.108494	  0.012721
  0.100015	 -0.054882	 -0.198894	  0.007583	  0.095750	 -0.130635	 -0.131053
  0.110404	 -0.064987	 -0.189201	  0.011923	  0.136833	 -0.114069	 -0.222373
  0.104259	 -0.077910	 -0.147358	  0.020602	  0.183744	 -0.129653	 -0.254207
  0.069163	 -0.069231	 -0.158603	  0.030231	  0.156598	 -0.096426	 -0.260574
  0.078412	 -0.064353	 -0.141467	  0.057567	  0.130244	 -0.100702	 -0.200327
  0.036728	 -0.055136	 -0.095347	  0.078726	  0.146905	 -0.066239	 -0.137389
  0.029886	 -0.078797	 -0.103266	  0.083762	  0.137783	 -0.064687	 -0.048888
  0.012306	 -0.096314	 -0.093605	  0.083097	  0.146272	 -0.062818	 -0.015280
  0.001283	 -0.043542	 -0.044128	  0.068843	  0.132651	 -0.067348	 -0.016230
 -0.021460	 -0.044303	 -0.027499	  0.060798	  0.104999	 -0.101969	 -0.066531
 -0.029125	 -0.027325	 -0.036938	  0.067893	  0.123592	 -0.105960	 -0.066594
 -0.074960	 -0.067679	 -0.042861	  0.073975	  0.115262	 -0.141468	 -0.060734
 -0.072362	 -0.070593	 -0.043527	  0.076350	  0.112316	 -0.108874	 -0.041254
 -0.076322	 -0.075313	 -0.016286	  0.061685	  0.128534	 -0.096363	 -0.058644
 -0.072141	 -0.081870	 -0.042861	  0.038055	  0.151657	 -0.100797	 -0.091871
 -0.096309	 -0.082186	 -0.068455	  0.048634	  0.139842	 -0.103490	 -0.079201
 -0.093268	 -0.063466	 -0.078401	  0.072644	  0.150263	 -0.038302	 -0.063553
 -0.078159	 -0.035972	 -0.091261	  0.086265	  0.139810	 -0.011663	 -0.055666
 -0.090132	 -0.037366	 -0.107257	  0.055064	  0.135629	 -0.031745	 -0.057788
 -0.059819	 -0.023682	 -0.098008	  0.069033	  0.151593	 -0.039347	 -0.106188
 -0.050031	 -0.016048	 -0.108556	  0.062635	  0.207025	 -0.049388	 -0.136375
 -0.067421	 -0.053932	 -0.116665	  0.062160	  0.195210	 -0.042705	 -0.127696
 -0.102169	 -0.078290	 -0.112832	  0.048951	  0.185581	 -0.095571	 -0.130198
 -0.118640	 -0.068059	 -0.130412	  0.058739	  0.199170	 -0.082267	 -0.154113
 -0.119590	 -0.061439	 -0.114764	  0.086993	  0.155173	 -0.103838	 -0.178060
 -0.126400	 -0.051240	 -0.106687	  0.079676	  0.151530	 -0.085466	 -0.152656
 -0.109011	 -0.043511	 -0.095506	  0.076572	  0.108483	 -0.078023	 -0.144262
 -0.113002	 -0.015066	 -0.102950	  0.114044	  0.046621	 -0.070769	 -0.090129
 -0.120414	 -0.014560	 -0.074600	  0.118415	  0.033033	 -0.055248	 -0.069730
 -0.085603	  0.019713	 -0.068170	  0.118352	  0.035060	 -0.076534	 -0.067101
 -0.040085	  0.018129	 -0.053631	  0.113822	  0.057074	 -0.111155	 -0.115438
  0.001568	  0.018921	 -0.053029	  0.094405	  0.048237	 -0.092118	 -0.115881
  0.023487	  0.014328	 -0.056102	  0.124877	  0.018652	 -0.063642	 -0.091839
  0.018229	  0.026143	 -0.074600	  0.135203	  0.023593	 -0.059303	 -0.046797
 -0.006066	  0.054081	 -0.029780	  0.105618	 -0.016318	 -0.053949	  0.005182
 -0.012274	  0.089747	  0.004271	  0.095039	  0.016688	 -0.037193	  0.014748
 -0.030836	  0.064122	 -0.027879	  0.097066	  0.057233	 -0.029718	  0.035147
 -0.078444	  0.059181	 -0.023349	  0.102894	  0.091917	 -0.019233	  0.038853
 -0.044488	  0.036343	 -0.045459	  0.078916	  0.089953	 -0.057972	  0.058808
 -0.034193	  0.007835	 -0.081695	  0.071504	  0.113836	 -0.115590	  0.079176
 -0.054054	 -0.012311	 -0.106275	  0.081387	  0.120330	 -0.118915	  0.074614
 -0.054529	  0.002038	 -0.091515	  0.052847	  0.163598	 -0.090123	  0.057573
 -0.056651	 -0.016365	 -0.098578	  0.044865	  0.172721	 -0.074728	  0.048197
 -0.038945	 -0.033628	 -0.104692	  0.000108	  0.148679	 -0.077864	  0.045726
 -0.039040	 -0.033881	 -0.081664	  0.039322	  0.166037	 -0.044954	  0.044238
 -0.049144	 -0.039361	 -0.108588	  0.041887	  0.152734	 -0.025632	  0.022825
 -0.064760	 -0.009523	 -0.131647	  0.027634	  0.105822	 -0.032632	  0.030681
 -0.048162	 -0.004645	 -0.123570	  0.027222	  0.098791	 -0.062058	  0.044079
 -0.027573	 -0.012437	 -0.115810	  0.035584	  0.116655	 -0.072670	  0.073126
 -0.036664	 -0.051778	 -0.135385	  0.057535	  0.139778	 -0.034089	  0.079081
 -0.030234	 -0.052222	 -0.098990	  0.078219	  0.130909	  0.011492	  0.083262
 -0.035492	 -0.072494	 -0.057242	  0.066182	  0.131194	  0.026474	  0.090199
 -0.020161	 -0.125930	 -0.080112	  0.052214	  0.132810	  0.039493	  0.079366
 -0.008917	 -0.151524	 -0.078369	  0.037516	  0.125081	  0.057738	  0.071383
  0.005401	 -0.140596	 -0.072921	  0.030073	  0.060463	  0.097237	  0.024219
 -0.013826	 -0.152189	 -0.022621	 -0.002585	  0.040793	  0.078390	 -0.001850
 -0.030994	 -0.128179	 -0.023666	 -0.007938	  0.033001	  0.074652	  0.003187
 -0.073693	 -0.128939	 -0.018186	  0.005017	  0.047857	  0.053557	  0.027260
 -0.081548	 -0.073349	 -0.051921	  0.045055	  0.053622	  0.053398	  0.030554
 -0.075688	 -0.059760	 -0.059966	  0.084617	  0.036739	  0.050896	  0.010820
 -0.093901	 -0.037176	 -0.057876	  0.130578	  0.008484	  0.085897	 -0.014267
 -0.093490	 -0.020103	 -0.048658	  0.124750	  0.011683	  0.076046	 -0.010339
 -0.082403	 -0.018709	 -0.033771	  0.139131	 -0.015462	  0.056692	 -0.013696
 -0.052692	 -0.022795	  0.011778	  0.114044	 -0.001874	  0.012886	 -0.009357
 -0.055701	 -0.039298	  0.025082	  0.094944	 -0.016476	  0.009148	  0.006512
 -0.070113	 -0.047248	  0.028946	  0.075400	  0.001167	 -0.008654	  0.028020
 -0.080630	 -0.052126	  0.020964	  0.089844	  0.008358	 -0.009889	  0.047880
 -0.048447	 -0.027832	  0.019729	  0.083604	  0.040413	 -0.003776	  0.060519
 -0.059914	 -0.026881	 -0.005706	  0.025131	  0.054572	  0.045289	  0.058650
 -0.094060	 -0.010790	 -0.013815	  0.000076	  0.083111	  0.015071	  0.019024
 -0.090639	  0.009102	 -0.005928	  0.035616	  0.091062	 -0.001463	  0.027798
 -0.058805	  0.003749	 -0.000290	  0.097509	  0.089478	 -0.002920	 -0.009135
 -0.039705	 -0.011329	 -0.001715	  0.114551	  0.135977	  0.020994	  0.000969
 -0.035207	 -0.036764	  0.024797	  0.096274	  0.139430	  0.020773	  0.001064
 -0.046072	 -0.027325	  0.005950	  0.067766	  0.142534	  0.034330	 -0.004384
 -0.030297	 -0.034325	 -0.036273	  0.060671	  0.157833	  0.004935	 -0.001691
 -0.014143	 -0.042687	 -0.051540	  0.071345	  0.148141	 -0.041723	 -0.005144
 -0.008822	 -0.036701	 -0.000290	  0.060639	  0.128882	 -0.041818	 -0.017656
  0.010595	 -0.040945	 -0.019295	  0.050725	  0.129167	 -0.058764	 -0.010054
  0.008410	 -0.025646	 -0.021005	  0.015248	  0.132176	 -0.054520	 -0.009167
 -0.000301	 -0.025646	 -0.050020	  0.026588	  0.138796	 -0.023478	  0.011992
 -0.052153	  0.007867	 -0.057812	  0.037896	  0.134109	 -0.003681	 -0.001660
 -0.044076	 -0.001446	 -0.039631	  0.038878	  0.080292	 -0.013817	 -0.004067
 -0.015853	 -0.036384	 -0.028544	  0.015312	  0.073514	 -0.011378	 -0.028520
 -0.006731	 -0.010347	 -0.046029	  0.013981	  0.078803	 -0.017776	 -0.002483
  0.001124	  0.020030	 -0.023730	  0.027729	  0.050612	 -0.009129	 -0.006918
 -0.007079	 -0.003885	 -0.032092	  0.028457	  0.048934	 -0.007450	  0.006829
 -0.017691	 -0.006482	 -0.020245	  0.064060	  0.072595	  0.007406	  0.003567
 -0.011926	 -0.024316	  0.005222	  0.061589	  0.061319	 -0.013753	  0.014178
 -0.025356	 -0.003853	 -0.008747	  0.078853	  0.094704	 -0.012645	  0.031853
 -0.003658	 -0.045095	  0.007914	  0.086803	  0.069966	 -0.023161	  0.050509
 -0.009233	 -0.088648	 -0.015526	  0.074735	  0.025937	 -0.009477	  0.047215
 -0.021333	 -0.085291	 -0.015304	  0.045150	  0.040001	 -0.019202	  0.065587
 -0.011862	 -0.079684	  0.004176	  0.032226	  0.043264	 -0.037193	  0.052125
  0.002518	 -0.076992	 -0.008367	  0.056363	  0.024449	 -0.065669	  0.041450
  0.007016	 -0.072272	 -0.044033	  0.039448	  0.017797	 -0.025853	  0.031441
  0.007079	 -0.041705	 -0.014195	  0.011036	  0.063251	 -0.022242	 -0.005397
 -0.011514	 -0.062041	 -0.019295	 -0.019214	  0.052766	 -0.004251	  0.005467
 -0.008473	 -0.038063	 -0.005295	 -0.008540	  0.030974	  0.001831	  0.050129
 -0.008790	 -0.028053	  0.011525	  0.007646	  0.056409	  0.006075	  0.019594
  0.011862	 -0.000084	 -0.017521	  0.016896	  0.068952	  0.005949	 -0.001311
  0.017564	 -0.011297	 -0.046282	 -0.012277	  0.084885	 -0.011188	 -0.035141
  0.019655	 -0.041927	 -0.051065	  0.001945	  0.053463	 -0.030256	 -0.017339
