:RUN-4	LEVEL SWEEP	TEMP:NaN	8/27/2019	6:23 PM	HR:-636.36:SW EAR: R	SW FREQ: 16.00	# AVERAGES: 512	REP RATE (/sec): 80	DRIVER: 	SAMPLE (µsec): 40	MASKER dB: 2147483647:NOTES-:CHAMBER-SEWELL-PXI1:CFTS Version: V2.7.2 (R850):LEVELS:20;30;40;50;60;70;80;:DATA  0.064854	 -0.029358	  0.032846	 -0.062296	 -0.046480	 -0.043889	 -0.175576
  0.056966	 -0.022390	  0.026637	 -0.043354	 -0.022661	 -0.039676	 -0.122900
  0.042237	 -0.034046	  0.056571	 -0.040757	 -0.082368	 -0.018137	 -0.085492
  0.052247	 -0.017797	  0.050679	 -0.032964	 -0.088957	 -0.047817	 -0.048020
  0.006666	 -0.035915	  0.014284	 -0.026154	 -0.091079	 -0.056148	 -0.085903
  0.007205	 -0.038132	  0.004876	  0.001688	 -0.066499	 -0.053835	 -0.064206
  0.010911	 -0.007281	 -0.006147	  0.016037	 -0.051612	 -0.062103	 -0.030567
  0.014490	  0.076057	 -0.036333	  0.032223	 -0.029249	 -0.083262	 -0.014127
  0.003625	  0.052237	 -0.053691	  0.026807	 -0.035489	 -0.071320	  0.012037
  0.020191	  0.052206	 -0.051379	  0.002607	 -0.017307	 -0.065397	  0.006905
 -0.011801	  0.060410	 -0.008110	 -0.000972	 -0.017656	 -0.062198	 -0.043395
 -0.014556	  0.043812	 -0.032437	  0.001467	  0.032455	 -0.046392	 -0.054291
 -0.045313	  0.025377	 -0.011056	 -0.023177	  0.042496	 -0.037871	 -0.050300
 -0.022380	 -0.027331	 -0.018405	 -0.012090	  0.079841	 -0.000653	 -0.054038
 -0.035937	 -0.057518	 -0.007097	  0.017906	  0.073506	  0.044897	 -0.014634
 -0.035462	 -0.018937	 -0.018088	 -0.003506	  0.045917	  0.063173	  0.054006
 -0.005592	 -0.018589	 -0.026292	 -0.004140	  0.022065	  0.106790	  0.115552
 -0.027100	  0.007100	 -0.010423	  0.036975	  0.049496	  0.140651	  0.163065
 -0.044870	  0.002095	  0.034651	  0.065007	  0.102045	  0.158833	  0.231800
 -0.036381	 -0.012000	  0.058914	  0.048694	  0.101538	  0.174354	  0.260086
 -0.013321	 -0.011620	  0.083590	  0.020313	  0.097167	  0.226681	  0.296196
  0.028934	  0.002539	  0.102310	  0.045464	  0.107810	  0.270045	  0.313332
  0.037581	  0.027499	  0.110260	  0.061840	  0.132295	  0.274479	  0.298572
  0.033495	  0.018598	  0.108423	  0.104443	  0.103756	  0.259560	  0.256348
 -0.005085	 -0.006299	  0.075576	  0.145114	  0.091656	  0.233206	  0.207885
  0.034889	 -0.003575	  0.087802	  0.131589	  0.116426	  0.214043	  0.223374
  0.059247	  0.015051	  0.100853	  0.115023	  0.167740	  0.184015	  0.211243
  0.077904	  0.048025	  0.101961	  0.116923	  0.153201	  0.184775	  0.300060
  0.071917	  0.050907	  0.101296	  0.113249	  0.159441	  0.251261	  0.400344
  0.107362	  0.042450	  0.111147	  0.117398	  0.171319	  0.301182	  0.515769
  0.097448	  0.014100	  0.072345	  0.137385	  0.223298	  0.375365	  0.657801
  0.058075	  0.017743	  0.099617	  0.145906	  0.237362	  0.444544	  0.813485
  0.037391	 -0.018145	  0.082766	  0.193451	  0.304926	  0.518379	  0.916747
  0.029219	 -0.010923	  0.070761	  0.209193	  0.374580	  0.562186	  0.943006
  0.030676	  0.010268	  0.072155	  0.233045	  0.384399	  0.566019	  0.972971
  0.036314	  0.027024	  0.073422	  0.267032	  0.406445	  0.524936	  0.886750
 -0.002963	  0.002729	  0.090970	  0.270992	  0.377114	  0.429372	  0.715007
 -0.004484	  0.011978	  0.110102	  0.231999	  0.296310	  0.308657	  0.498189
 -0.013606	  0.047201	  0.185331	  0.208180	  0.214936	  0.178535	  0.249728
  0.045405	  0.062912	  0.191919	  0.178056	  0.138852	  0.016484	  0.025150
  0.039672	  0.081949	  0.180643	  0.142010	  0.041450	 -0.179206	 -0.223121
  0.022250	  0.062722	  0.161226	  0.098235	 -0.057947	 -0.347307	 -0.467654
  0.022092	  0.048056	  0.110735	  0.025318	 -0.139828	 -0.507141	 -0.672023
  0.022884	 -0.000470	  0.033574	 -0.005027	 -0.223292	 -0.607045	 -0.826187
  0.071791	 -0.002371	 -0.025374	 -0.070500	 -0.270108	 -0.641254	 -0.909335
  0.051392	  0.006435	 -0.066741	 -0.127515	 -0.300516	 -0.693772	 -0.931539
  0.022504	 -0.010163	 -0.118562	 -0.164100	 -0.364881	 -0.671567	 -0.870881
  0.022630	 -0.058943	 -0.150966	 -0.203346	 -0.424018	 -0.624244	 -0.783964
  0.002200	 -0.113266	 -0.180424	 -0.251524	 -0.435231	 -0.549079	 -0.614343
 -0.003280	 -0.104270	 -0.203515	 -0.281141	 -0.363709	 -0.473882	 -0.362619
  0.001630	 -0.097112	 -0.199208	 -0.257447	 -0.305616	 -0.316297	 -0.106239
  0.028680	 -0.090333	 -0.178524	 -0.202174	 -0.225604	 -0.131377	  0.185016
  0.017372	 -0.084283	 -0.174754	 -0.082030	 -0.128519	  0.055476	  0.447762
  0.031309	 -0.073197	 -0.146595	  0.025540	 -0.013316	  0.230482	  0.680259
 -0.007461	 -0.034363	 -0.107824	  0.065419	  0.082882	  0.384614	  0.883044
 -0.014556	 -0.056377	 -0.081724	  0.144291	  0.184179	  0.507388	  1.030683
 -0.012307	 -0.033286	 -0.030030	  0.176219	  0.288961	  0.588920	  1.042910
  0.016074	 -0.011430	  0.020841	  0.228357	  0.340624	  0.638840	  0.987541
 -0.002108	 -0.035535	  0.071521	  0.245493	  0.343284	  0.641469	  0.816083
 -0.008506	 -0.012507	  0.095373	  0.305550	  0.371824	  0.589300	  0.630846
 -0.020543	 -0.025684	  0.131198	  0.297599	  0.423138	  0.500324	  0.378900
 -0.007905	 -0.001326	  0.174846	  0.303807	  0.442238	  0.343310	  0.113714
  0.013318	  0.037667	  0.170665	  0.296680	  0.332166	  0.202671	 -0.192111
  0.032862	  0.015399	  0.199299	  0.312993	  0.233529	  0.056680	 -0.438418
  0.080089	  0.038807	  0.180009	  0.268521	  0.110629	 -0.134481	 -0.646366
  0.089687	  0.044414	  0.128537	  0.188763	 -0.025701	 -0.313700	 -0.778579
  0.088673	  0.051636	  0.127998	  0.089777	 -0.125352	 -0.492348	 -0.863722
  0.065646	  0.059459	  0.092554	  0.040174	 -0.208785	 -0.555477	 -0.826631
  0.074863	  0.020150	  0.052009	  0.018730	 -0.305616	 -0.556142	 -0.728406
  0.070555	  0.004566	  0.021538	 -0.008416	 -0.377867	 -0.472045	 -0.587957
  0.041889	 -0.006805	 -0.003264	 -0.050481	 -0.377266	 -0.345977	 -0.482668
  0.031056	 -0.010892	 -0.036998	 -0.122384	 -0.344260	 -0.252756	 -0.386851
  0.034255	 -0.020521	 -0.025817	 -0.123176	 -0.259370	 -0.145029	 -0.299395
  0.013223	 -0.080134	 -0.001839	 -0.115225	 -0.177141	 -0.048007	 -0.197686
 -0.020195	 -0.106203	 -0.015301	 -0.085641	 -0.088133	  0.021362	 -0.130851
 -0.045630	 -0.091062	  0.039783	 -0.074396	  0.022065	  0.078916	 -0.072790
 -0.062893	 -0.109750	  0.067213	 -0.050354	  0.098498	  0.086455	 -0.057237
 -0.092193	 -0.100343	  0.074530	 -0.032299	  0.129666	  0.049585	 -0.105574
 -0.091717	 -0.086120	  0.062779	 -0.017063	  0.143888	 -0.008001	 -0.156729
 -0.076133	 -0.097175	  0.047733	  0.008118	  0.160011	 -0.057763	 -0.187550
 -0.077780	 -0.075002	  0.060277	  0.045717	  0.130806	 -0.116204	 -0.189450
 -0.049621	 -0.044404	  0.073644	  0.055821	  0.071764	 -0.221556	 -0.196704
 -0.061468	 -0.018462	  0.084223	 -0.001194	 -0.003497	 -0.279015	 -0.218370
 -0.068183	 -0.041838	  0.081119	 -0.053744	 -0.053005	 -0.301568	 -0.212098
 -0.050983	 -0.033793	  0.097178	 -0.094351	 -0.118478	 -0.310849	 -0.220175
 -0.072079	 -0.042408	  0.089608	 -0.110601	 -0.188069	 -0.335080	 -0.211813
 -0.060359	 -0.043295	  0.090970	 -0.145634	 -0.197793	 -0.309265	 -0.201455
 -0.028462	 -0.065563	  0.024420	 -0.141896	 -0.199250	 -0.282436	 -0.238990
 -0.000714	 -0.059418	 -0.010296	 -0.146109	 -0.163996	 -0.240023	 -0.299743
  0.011576	 -0.057454	  0.020809	 -0.197486	 -0.118700	 -0.212909	 -0.267656
  0.038215	 -0.025367	 -0.007984	 -0.184911	 -0.039638	 -0.165649	 -0.252832
  0.065107	 -0.041902	 -0.027813	 -0.201541	 -0.001945	 -0.102837	 -0.245104
  0.058804	 -0.059577	  0.000759	 -0.175313	  0.030681	 -0.062039	 -0.268765
  0.070333	 -0.083270	  0.016375	 -0.118456	  0.035115	  0.003117	 -0.239972
  0.068148	 -0.083586	  0.044756	 -0.074523	  0.048197	  0.097161	 -0.192333
  0.074388	 -0.101166	  0.052769	 -0.070563	  0.082375	  0.128836	 -0.136774
  0.068433	 -0.111112	  0.041937	 -0.031476	  0.153486	  0.201119	 -0.052043
  0.067293	 -0.090998	  0.058851	  0.016101	  0.188804	  0.256519	  0.025404
  0.065804	 -0.121533	  0.104242	  0.046762	  0.195899	  0.300326	  0.085713
  0.026875	 -0.100533	  0.102563	  0.087908	  0.225832	  0.321739	  0.124072
 -0.011230	 -0.061350	  0.159230	  0.135358	  0.218927	  0.327599	  0.192934
 -0.002678	 -0.033793	  0.168701	  0.196365	  0.195614	  0.327979	  0.252040
  0.002295	 -0.035155	  0.164520	  0.168871	  0.221588	  0.363360	  0.344754
 -0.004072	 -0.010828	  0.133795	  0.172165	  0.239864	  0.379071	  0.431481
 -0.002298	 -0.010480	  0.104495	  0.186260	  0.225927	  0.369569	  0.472279
 -0.037901	 -0.000470	  0.085427	  0.214388	  0.241258	  0.345337	  0.503352
 -0.023774	  0.000448	  0.109753	  0.223099	  0.252376	  0.307643	  0.493881
 -0.024122	  0.008399	  0.111210	  0.198265	  0.265426	  0.289937	  0.456695
 -0.011832	  0.018788	  0.105509	  0.173844	  0.239643	  0.290792	  0.392045
 -0.004484	  0.035386	  0.097780	  0.168395	  0.202234	  0.229120	  0.295531
 -0.003090	  0.005168	  0.104907	  0.147521	  0.180188	  0.203812	  0.220777
  0.005051	  0.025915	  0.074720	  0.122561	  0.129603	  0.138782	  0.122837
  0.026241	  0.025788	  0.057774	  0.124430	  0.086683	  0.082844	  0.023186
  0.047337	  0.001050	  0.053340	  0.112013	  0.022572	  0.021457	 -0.063034
  0.065234	 -0.007914	  0.065376	  0.119394	 -0.030136	 -0.048007	 -0.136774
  0.098366	 -0.012222	  0.048873	  0.097284	 -0.074861	 -0.079967	 -0.195532
  0.089845	 -0.002751	  0.052674	  0.071596	 -0.124560	 -0.149305	 -0.293345
  0.130928	 -0.015928	  0.059136	  0.009132	 -0.150217	 -0.168373	 -0.354098
  0.180152	 -0.001706	  0.051693	 -0.002873	 -0.161557	 -0.166251	 -0.428409
  0.168052	  0.004851	  0.047796	 -0.034643	 -0.172580	 -0.153391	 -0.488338
  0.191428	 -0.008833	  0.024103	 -0.054187	 -0.155729	 -0.192352	 -0.499171
  0.172011	 -0.014376	 -0.008997	 -0.113356	 -0.154145	 -0.232516	 -0.486850
  0.125829	 -0.003891	 -0.038075	 -0.103474	 -0.141380	 -0.215253	 -0.454572
  0.106633	 -0.020267	 -0.059583	 -0.104044	 -0.120474	 -0.219054	 -0.422580
  0.105556	 -0.034141	 -0.035573	 -0.127864	 -0.142488	 -0.239358	 -0.382606
  0.060482	 -0.011082	 -0.059393	 -0.144335	 -0.138529	 -0.239801	 -0.324545
  0.109104	 -0.005982	 -0.054958	 -0.181902	 -0.143534	 -0.258585	 -0.277507
  0.060387	 -0.072943	 -0.031930	 -0.208762	 -0.107107	 -0.233783	 -0.227841
  0.060577	 -0.036739	 -0.016283	 -0.218328	 -0.087595	 -0.210977	 -0.183083
  0.059912	 -0.051183	 -0.067787	 -0.190834	 -0.053291	 -0.203596	 -0.166549
  0.043441	 -0.061825	 -0.067977	 -0.165082	 -0.042204	 -0.170020	 -0.166137
  0.036061	 -0.053907	 -0.071746	 -0.141579	 -0.024054	 -0.130078	 -0.193600
  0.067229	 -0.040698	 -0.088724	 -0.155168	 -0.017244	 -0.127861	 -0.205224
  0.044803	 -0.077315	 -0.066140	 -0.138982	 -0.008913	 -0.150762	 -0.229551
  0.053070	 -0.076586	 -0.057809	 -0.097709	 -0.047906	 -0.144775	 -0.268860
  0.055129	 -0.074749	 -0.051791	 -0.077912	 -0.052214	 -0.104706	 -0.332432
  0.043156	 -0.101293	 -0.015903	 -0.052698	 -0.076097	 -0.112055	 -0.402847
  0.055414	 -0.098632	 -0.063162	 -0.057988	 -0.103274	 -0.147246	 -0.502719
  0.035649	 -0.053717	 -0.087457	 -0.071038	 -0.165801	 -0.167676	 -0.601419
  0.031943	 -0.071486	 -0.073868	 -0.088016	 -0.193327	 -0.242494	 -0.682476
  0.007901	 -0.082288	 -0.041750	 -0.083518	 -0.253669	 -0.304831	 -0.783362
 -0.002805	 -0.122135	 -0.066678	 -0.110221	 -0.314739	 -0.372394	 -0.837622
 -0.018199	 -0.148616	 -0.056130	 -0.126755	 -0.342011	 -0.463556	 -0.901131
 -0.028335	 -0.116782	 -0.088597	 -0.150797	 -0.333775	 -0.492919	 -0.918457
  0.013318	 -0.089035	 -0.086982	 -0.136606	 -0.322087	 -0.482371	 -0.962074
 -0.023299	 -0.101958	 -0.086982	 -0.166983	 -0.319205	 -0.471189	 -0.992768
 -0.039928	 -0.082319	 -0.072918	 -0.215129	 -0.318318	 -0.505114	 -1.012026
 -0.053010	 -0.078613	 -0.045044	 -0.255357	 -0.308784	 -0.507869	 -0.980984
 -0.059314	 -0.105854	 -0.070733	 -0.275946	 -0.301878	 -0.498240	 -0.966319
 -0.052979	 -0.141774	 -0.120431	 -0.288489	 -0.290729	 -0.506729	 -0.964893
 -0.079111	 -0.155489	 -0.159043	 -0.259950	 -0.284299	 -0.507299	 -0.954979
 -0.080473	 -0.197491	 -0.194773	 -0.262769	 -0.285249	 -0.481801	 -0.939965
 -0.068880	 -0.206202	 -0.215805	 -0.278987	 -0.278407	 -0.453388	 -0.906357
 -0.054499	 -0.211206	 -0.242476	 -0.304327	 -0.284995	 -0.436632	 -0.866922
 -0.060296	 -0.185074	 -0.253753	 -0.289123	 -0.292946	 -0.409169	 -0.847125
 -0.083830	 -0.191694	 -0.223914	 -0.283041	 -0.303177	 -0.386204	 -0.829671
 -0.062354	 -0.150010	 -0.226258	 -0.251397	 -0.268144	 -0.336886	 -0.794005
 -0.078002	 -0.116180	 -0.225720	 -0.213482	 -0.238306	 -0.329601	 -0.769742
 -0.102170	 -0.099772	 -0.207348	 -0.139299	 -0.260986	 -0.297260	 -0.719695
 -0.084907	 -0.095971	 -0.212543	 -0.108035	 -0.220790	 -0.307111	 -0.692264
 -0.057160	 -0.083523	 -0.175008	 -0.076613	 -0.191237	 -0.320193	 -0.619918
 -0.076418	 -0.077220	 -0.158378	 -0.011045	 -0.106663	 -0.319496	 -0.617510
 -0.076418	 -0.091347	 -0.121888	 -0.008955	 -0.096401	 -0.292319	 -0.569427
 -0.030901	 -0.083238	 -0.100539	  0.072578	 -0.102894	 -0.287599	 -0.541521
  0.005557	 -0.077853	 -0.061040	  0.080591	 -0.099758	 -0.283988	 -0.566291
 -0.035114	 -0.095971	 -0.064778	  0.063994	 -0.060988	 -0.259662	 -0.580197
 -0.064160	 -0.076871	 -0.059488	  0.069854	 -0.080183	 -0.257951	 -0.575509
 -0.042272	 -0.070695	 -0.052741	  0.071944	 -0.049806	 -0.259440	 -0.570061
 -0.032548	 -0.069871	 -0.057334	  0.059686	 -0.049775	 -0.302297	 -0.588527
 -0.051300	 -0.092424	 -0.077733	  0.051577	 -0.058390	 -0.281327	 -0.598600
 -0.027005	 -0.104429	 -0.020400	  0.049898	 -0.080943	 -0.275499	 -0.606044
 -0.015063	 -0.078867	 -0.047895	  0.021295	 -0.080056	 -0.287061	 -0.625461
  0.018544	 -0.027711	 -0.054451	  0.018856	 -0.072422	 -0.295645	 -0.643231
  0.028300	 -0.042725	 -0.072158	 -0.014910	 -0.091744	 -0.275024	 -0.657896
  0.008313	 -0.074686	 -0.090530	 -0.019566	 -0.107075	 -0.230077	 -0.683268
 -0.029634	 -0.067970	 -0.077321	 -0.013104	 -0.106790	 -0.189976	 -0.697871
 -0.058585	 -0.065468	 -0.085367	 -0.016778	 -0.131212	 -0.213257	 -0.681431
 -0.052567	 -0.067559	 -0.059424	 -0.018584	 -0.154176	 -0.231756	 -0.676838
 -0.045725	 -0.093152	 -0.037347	  0.014612	 -0.143153	 -0.244711	 -0.685295
 -0.057793	 -0.118144	 -0.059393	  0.020662	 -0.107075	 -0.234796	 -0.643864
 -0.072902	 -0.099741	 -0.072601	  0.017273	 -0.125447	 -0.227131	 -0.620203
 -0.058300	 -0.080451	 -0.058094	  0.034441	 -0.128519	 -0.216520	 -0.580862
 -0.018389	 -0.086089	 -0.015174	  0.007960	 -0.126239	 -0.201094	 -0.482067
 -0.018421	 -0.079342	 -0.019419	 -0.026439	 -0.104193	 -0.174328	 -0.389575
 -0.012466	 -0.063789	  0.040416	 -0.045255	 -0.113094	 -0.174107	 -0.341492
 -0.010660	 -0.047508	  0.038389	 -0.044399	 -0.156299	 -0.194886	 -0.281467
 -0.012371	 -0.059481	  0.023628	  0.004856	 -0.133112	 -0.158681	 -0.223533
 -0.031249	 -0.066450	  0.008677	 -0.015606	 -0.084586	 -0.159187	 -0.158408
 -0.017344	 -0.073387	  0.002216	 -0.046458	 -0.058390	 -0.142621	 -0.064206
 -0.040720	 -0.075256	  0.010198	 -0.039458	 -0.041697	 -0.137173	  0.014792
 -0.029412	 -0.076523	  0.041588	 -0.038191	 -0.052277	 -0.096280	  0.071808
 -0.000461	 -0.059418	  0.052833	 -0.070025	 -0.026462	 -0.090832	  0.132308
  0.068718	 -0.045291	  0.029805	 -0.125646	 -0.011986	 -0.057130	  0.196229
  0.065265	 -0.053970	  0.037755	 -0.128085	 -0.024529	 -0.010852	  0.211654
  0.066089	 -0.076301	  0.071426	 -0.119153	 -0.046670	 -0.002870	  0.206555
  0.058297	 -0.100184	  0.090305	 -0.112596	 -0.002357	  0.031498	  0.203577
  0.088198	 -0.111587	  0.063729	 -0.085039	 -0.024403	  0.060766	  0.194993
  0.063777	 -0.108768	  0.097622	 -0.018901	 -0.007741	  0.059974	  0.227872
  0.026146	 -0.082731	  0.138451	  0.019680	  0.025549	  0.102577	  0.219858
  0.032038	 -0.039779	  0.136646	  0.051735	  0.063591	  0.120727	  0.208804
  0.046894	 -0.028155	  0.126415	  0.073781	  0.098783	  0.079454	  0.195817
  0.019368	 -0.012095	  0.106301	  0.103366	  0.050288	  0.109197	  0.210419
  0.038690	 -0.025842	  0.146117	  0.075650	  0.041862	  0.160226	  0.237375
  0.078252	 -0.022580	  0.184475	  0.051165	  0.038853	  0.180974	  0.271933
  0.072171	  0.003964	  0.172787	  0.055378	  0.077243	  0.157091	  0.281689
  0.073058	  0.045839	  0.119034	  0.041092	  0.100620	  0.180974	  0.265883
  0.090954	  0.067853	  0.123247	  0.069473	  0.102584	  0.217939	  0.279155
  0.091239	  0.060980	  0.147700	  0.070804	  0.115887	  0.233967	  0.293757
  0.102959	  0.068265	  0.105762	  0.135168	  0.166599	  0.273054	  0.298191
  0.101882	  0.074663	  0.122424	  0.144322	  0.153866	  0.266275	  0.281720
  0.076573	  0.046536	  0.125591	  0.114991	  0.171414	  0.214803	  0.264552
  0.061844	  0.078845	  0.113713	  0.091836	  0.171161	  0.219808	  0.269779
  0.040305	  0.052871	  0.146718	  0.054428	  0.157445	  0.215373	  0.276050
  0.019387	  0.047866	 -0.036805	  0.026838	  0.031447	 -0.010602	  0.017117
  0.014731	  0.044509	 -0.064679	  0.041346	  0.024922	 -0.014941	  0.004162
  0.014002	  0.041468	 -0.071490	 -0.009842	  0.041045	 -0.004298	  0.009199
  0.022744	  0.010901	 -0.064901	  0.006123	  0.073037	  0.011444	 -0.001983
 -0.001234	 -0.029897	 -0.064236	  0.010906	  0.071295	 -0.003792	 -0.036256
 -0.006714	 -0.024449	 -0.049634	  0.026838	  0.028850	  0.047111	 -0.060867
 -0.006048	 -0.017797	 -0.012193	 -0.007529	  0.014026	  0.089461	 -0.015825
 -0.020461	  0.008145	  0.030473	  0.007010	 -0.007830	  0.089334	  0.091523
 -0.055082	 -0.018462	  0.023315	 -0.027358	 -0.031428	 -0.032521	 -0.096629
 -0.054100	  0.018060	  0.031772	 -0.012534	 -0.029781	 -0.017095	  0.086961
 -0.023565	  0.041024	  0.048053	 -0.027706	 -0.021260	 -0.019407	  0.135805
 -0.022583	  0.021259	  0.061420	 -0.036037	 -0.062882	 -0.115922	 -0.273567
 -0.011211	  0.028608	  0.023758	 -0.038191	  0.002464	  0.044513	  0.246605
  0.021477	  0.006308	  0.007794	 -0.056119	 -0.006246	 -0.024190	 -0.054437
  0.059424	 -0.017353	  0.046406	 -0.045825	 -0.022274	 -0.047503	 -0.225040
  0.019482	 -0.031734	  0.032184	 -0.031507	  0.013614	  0.097538	  0.245813
  0.008301	 -0.021946	  0.017075	 -0.014149	 -0.035388	 -0.068473	 -0.162387
  0.001997	 -0.030023	  0.011785	  0.022531	 -0.015432	 -0.027263	 -0.042654
  0.005450	 -0.041110	  0.025247	  0.081985	 -0.002414	  0.089809	  0.326680
  0.014002	 -0.035377	  0.004658	  0.083221	 -0.065764	 -0.083202	 -0.194220
  0.019514	  0.011503	 -0.010515	  0.095764	 -0.019898	  0.028929	  0.145339
  0.017803	  0.023254	  0.023156	  0.124652	  0.010637	  0.050817	  0.197698
  0.022586	  0.042196	  0.016093	  0.095289	 -0.013848	 -0.091659	 -0.269829
  0.017993	  0.021956	  0.022364	  0.098805	  0.025144	  0.041979	  0.220219
 -0.005763	  0.008082	  0.009219	  0.074288	  0.026728	 -0.008701	  0.015724
 -0.016723	 -0.030942	  0.018342	  0.055315	  0.038384	 -0.075694	 -0.275024
  0.025310	 -0.038164	 -0.010863	  0.063265	  0.055362	  0.092755	  0.287625
  0.028129	 -0.030594	 -0.035411	  0.024114	  0.027646	 -0.013991	 -0.140562
  0.035763	 -0.037404	 -0.043235	  0.039002	  0.048774	 -0.011172	 -0.129856
  0.021224	 -0.063536	  0.010138	  0.041251	  0.047538	  0.098171	  0.287498
  0.008205	 -0.094483	  0.015808	  0.008657	 -0.004314	 -0.066667	 -0.237869
 -0.014759	 -0.045481	  0.019197	 -0.035277	 -0.020659	  0.006946	  0.022787
 -0.063824	 -0.016245	  0.011658	 -0.027516	 -0.038745	  0.059496	  0.226586
 -0.059516	  0.004534	  0.039944	 -0.027991	 -0.095602	 -0.100306	 -0.325990
 -0.084920	 -0.016466	  0.034686	 -0.001606	 -0.058416	  0.055188	  0.156552
 -0.058123	 -0.030182	  0.015427	 -0.003475	 -0.113974	  0.020313	  0.072106
 -0.079852	 -0.022675	  0.024233	 -0.004837	 -0.162817	 -0.090962	 -0.318578
 -0.082323	 -0.016466	  0.063891	  0.018761	 -0.123952	  0.074732	  0.258578
 -0.080929	  0.003362	  0.067153	  0.005521	 -0.158446	 -0.034738	 -0.063686
 -0.036235	  0.008557	  0.064999	  0.017779	 -0.127404	 -0.085419	 -0.227574
 -0.022076	 -0.013141	  0.051126	  0.025128	 -0.056737	  0.088922	  0.280878
  0.028858	 -0.013932	  0.025374	  0.049265	 -0.049071	 -0.065558	 -0.219022
  0.084828	  0.027150	  0.051727	  0.093610	 -0.044478	 -0.043069	 -0.064953
  0.105702	  0.028608	  0.083339	  0.079166	 -0.006373	  0.050437	  0.280022
  0.061230	  0.065541	  0.043207	  0.054808	 -0.008147	 -0.077595	 -0.273947
  0.073647	  0.095633	  0.045234	  0.058355	  0.051466	  0.029974	  0.113284
  0.061673	  0.099370	 -0.008487	  0.048694	  0.073132	  0.063075	  0.199029
  0.039817	  0.073587	 -0.073137	  0.062473	 -0.013500	 -0.077247	 -0.274010
  0.050809	  0.048341	 -0.062177	  0.034060	  0.034266	  0.074130	  0.275968
  0.055022	  0.021164	 -0.051629	  0.012109	  0.012220	  0.021232	  0.072834
 -0.000062	  0.008684	 -0.053530	  0.033459	 -0.047203	 -0.083455	 -0.234290
 -0.022678	  0.033074	 -0.046403	  0.092723	  0.000500	  0.087592	  0.303145
 -0.004338	  0.046092	 -0.047195	  0.099660	 -0.050212	 -0.071893	 -0.116964
  0.016188	  0.031585	 -0.051598	  0.060953	 -0.038777	 -0.072622	 -0.147183
 -0.002691	 -0.004208	 -0.042222	  0.107674	  0.007944	  0.057057	  0.248759
 -0.057743	  0.019453	 -0.026321	  0.104253	 -0.048501	 -0.119248	 -0.318324
 -0.073422	  0.030318	  0.002504	  0.113059	 -0.055153	 -0.043861	 -0.067519
 -0.055494	 -0.007122	  0.006178	  0.113439	 -0.024966	  0.014865	  0.152624
 -0.052199	 -0.005507	  0.005671	  0.082809	 -0.048913	 -0.138285	 -0.367706
 -0.075322	 -0.007819	  0.006590	  0.077171	 -0.043306	 -0.010222	  0.108184
 -0.115107	 -0.010923	 -0.049444	  0.077202	 -0.057814	 -0.051178	  0.067006
 -0.122424	  0.033897	 -0.047163	  0.056487	 -0.071719	 -0.170625	 -0.312274
 -0.070729	  0.045586	 -0.042918	  0.036436	  0.001419	  0.026078	  0.244483
 -0.029393	  0.037635	 -0.081436	  0.050848	 -0.042546	 -0.130049	 -0.040722
 -0.046403	  0.028354	 -0.061639	  0.049391	 -0.048058	 -0.183486	 -0.206479
 -0.063919	 -0.002846	 -0.051661	  0.045274	  0.017573	 -0.002303	  0.324843
 -0.069431	 -0.011842	 -0.041493	  0.033205	 -0.037415	 -0.157322	 -0.173410
 -0.048683	 -0.057929	 -0.049950	  0.035296	 -0.023604	 -0.146520	 -0.012341
 -0.008868	 -0.074686	 -0.031642	  0.051419	 -0.000703	 -0.045445	  0.287466
  0.004816	 -0.080831	 -0.032402	  0.034916	 -0.060031	 -0.190613	 -0.267865
  0.041021	 -0.082129	 -0.016343	  0.041568	 -0.007672	 -0.070943	  0.143153
  0.066298	 -0.088433	  0.019165	  0.030925	  0.027868	 -0.030430	  0.220663
  0.065633	 -0.078043	 -0.010578	 -0.018267	 -0.050433	 -0.191753	 -0.313921
  0.069180	 -0.090777	 -0.036647	 -0.001764	 -0.002097	 -0.021498	  0.242075
  0.048560	 -0.065405	 -0.071648	  0.012806	 -0.032505	 -0.048675	  0.036059
  0.074819	 -0.042915	 -0.114505	  0.043056	 -0.049071	 -0.169390	 -0.242208
  0.126164	 -0.001041	 -0.058629	  0.030798	 -0.014957	  0.011539	  0.265008
  0.081154	 -0.044847	 -0.041873	  0.021042	 -0.113214	 -0.113642	 -0.185668
  0.052298	 -0.045513	 -0.071173	 -0.001606	 -0.145871	 -0.113198	 -0.173283
  0.006432	 -0.070378	 -0.110989	  0.005458	 -0.113277	  0.055600	  0.271724
 -0.024293	 -0.064613	 -0.094961	 -0.002683	 -0.149641	 -0.152539	 -0.295265
 -0.085395	 -0.042630	 -0.050045	  0.025667	 -0.096046	 -0.066382	 -0.020671
 -0.093631	 -0.030499	 -0.038642	  0.047903	 -0.038270	  0.008118	  0.183508
 -0.076526	 -0.012634	 -0.038896	  0.018413	 -0.056610	 -0.160394	 -0.358203
 -0.064331	 -0.028915	 -0.035696	  0.040015	 -0.040867	 -0.001923	  0.087817
 -0.063761	  0.013530	 -0.016723	  0.058102	 -0.092720	 -0.023620	  0.018194
 -0.066802	  0.035196	 -0.035760	  0.011476	 -0.125124	 -0.089157	 -0.377145
 -0.048652	  0.023064	 -0.043077	  0.052781	 -0.049737	  0.064881	  0.222310
 -0.034144	  0.046124	 -0.041556	  0.041282	 -0.069724	 -0.027706	 -0.085447
 -0.020524	  0.045871	  0.003929	  0.008150	 -0.083851	 -0.106388	 -0.250951
 -0.002121	  0.030381	 -0.010420	 -0.007212	 -0.000291	  0.027789	  0.249012
  0.010264	  0.012960	  0.027971	 -0.039173	 -0.063325	 -0.154566	 -0.232516
 -0.006365	  0.018852	  0.091702	 -0.092261	 -0.020817	 -0.110474	 -0.076578
  0.004214	  0.055532	  0.090656	 -0.077722	  0.021565	  0.033490	  0.260986
  0.004119	  0.063134	  0.064556	 -0.083011	 -0.018125	 -0.116429	 -0.366122
 -0.032212	  0.071844	  0.047926	 -0.036164	  0.025936	 -0.008289	 -0.039676
  0.046596	  0.086795	  0.029871	 -0.012471	  0.018936	 -0.004172	  0.048603
  0.045329	  0.069025	  0.003201	 -0.016778	 -0.058194	 -0.154788	 -0.440243
  0.045424	  0.051160	 -0.017103	  0.005838	 -0.016319	  0.001783	  0.097921
  0.063004	  0.039726	 -0.007569	  0.012014	 -0.053474	 -0.052825	 -0.088045
  0.031233	  0.057115	 -0.003736	  0.006186	 -0.111503	 -0.117538	 -0.334162
  0.021034	  0.049070	 -0.013334	 -0.018204	 -0.051194	  0.006630	  0.267036
  0.000413	  0.054803	 -0.012700	 -0.032648	 -0.061900	 -0.145634	 -0.124313
  0.003929	  0.061328	 -0.015804	 -0.023589	 -0.059334	 -0.167996	 -0.141481
 -0.026986	  0.064907	 -0.000125	  0.016924	 -0.010364	 -0.037304	  0.298806
 -0.047385	  0.082329	  0.008364	 -0.005882	 -0.080873	 -0.215034	 -0.220954
 -0.059738	  0.072034	  0.030663	  0.007833	 -0.036306	 -0.111519	  0.002452
  0.006242	  0.046092	  0.017486	  0.021707	 -0.021926	 -0.041865	  0.226459
  0.005608	  0.034309	 -0.000252	  0.003367	 -0.085846	 -0.202744	 -0.300206
 -0.022203	  0.043812	 -0.002722	 -0.004045	 -0.049325	 -0.028688	  0.186929
 -0.031452	  0.016571	 -0.006555	 -0.009525	 -0.068710	 -0.047472	  0.108754
 -0.022868	  0.048025	 -0.026226	 -0.055707	 -0.105295	 -0.207337	 -0.281422
  0.015681	  0.008177	 -0.015044	 -0.024000	 -0.013848	 -0.016272	  0.280941
  0.018152	  0.025187	  0.010866	 -0.024444	 -0.035451	 -0.115605	 -0.056338
  0.024202	  0.005580	 -0.028855	 -0.015733	 -0.059714	 -0.152127	 -0.250951
  0.041116	 -0.007344	 -0.010515	  0.021897	  0.007247	 -0.020199	  0.220219
  0.033862	 -0.004778	 -0.007220	  0.013186	  0.011904	 -0.129764	 -0.243507
  0.022871	 -0.015231	  0.024011	  0.028897	  0.012537	 -0.088650	 -0.100335
  0.016473	  0.002475	  0.031392	  0.029563	  0.009116	 -0.100845	  0.017878
  0.039786	 -0.013267	  0.015649	  0.033902	 -0.023826	 -0.146837	 -0.153803
  0.001332	 -0.015991	  0.020400	  0.030323	 -0.036750	 -0.101478	 -0.057510
  0.015491	 -0.041617	  0.011310	  0.010937	 -0.006785	 -0.110981	 -0.126087
  0.016694	 -0.030499	  0.000033	 -0.013199	 -0.017269	 -0.115447	 -0.153486
  0.021446	 -0.004937	  0.012165	 -0.038349	 -0.039125	 -0.097519	 -0.069483
  0.000984	  0.001779	 -0.008677	 -0.042530	 -0.036306	 -0.131696	 -0.059410
 -0.027366	 -0.010892	 -0.013619	 -0.047535	 -0.043877	 -0.119216	 -0.024852
 -0.044629	  0.031712	 -0.020587	 -0.047092	 -0.060855	 -0.094288	 -0.030459
 -0.079598	  0.065541	 -0.015994	 -0.066984	 -0.065226	 -0.070816	 -0.063465
 -0.106079	  0.062025	 -0.017832	 -0.114053	 -0.083344	 -0.041422	 -0.062103
 -0.119034	  0.047644	 -0.009343	 -0.101130	 -0.073113	 -0.091374	 -0.050826
 -0.163126	  0.057844	 -0.030755	 -0.075694	 -0.060443	 -0.119755	 -0.034703
 -0.166832	  0.030857	 -0.047005	 -0.086084	 -0.054773	 -0.105533	 -0.011485
 -0.199648	  0.024236	 -0.039656	 -0.090994	 -0.056959	 -0.068599	 -0.023047
 -0.213268	  0.019548	 -0.017705	 -0.077532	 -0.049958	 -0.035435	 -0.013228
 -0.189353	  0.037952	 -0.027809	 -0.065590	 -0.051320	 -0.005692	 -0.019911
 -0.163538	  0.002159	 -0.027746	 -0.032046	 -0.087177	 -0.021435	 -0.004739
 -0.181973	 -0.038386	 -0.061607	 -0.031096	 -0.093829	 -0.039870	 -0.004390
 -0.194041	 -0.061952	 -0.045579	 -0.027896	 -0.104978	 -0.048961	 -0.019879
 -0.161226	 -0.078930	 -0.037375	  0.000675	 -0.109413	 -0.071608	 -0.018549
 -0.122867	 -0.096763	 -0.013207	 -0.015796	 -0.083154	 -0.070531	 -0.045441
 -0.091223	 -0.105031	 -0.032909	 -0.058115	 -0.068932	 -0.049436	 -0.038568
 -0.072091	 -0.083111	 -0.025972	 -0.082220	 -0.094906	 -0.060047	 -0.049623
 -0.042697	 -0.064866	 -0.023343	 -0.085070	 -0.116223	 -0.032363	 -0.092606
 -0.007791	 -0.026254	 -0.039466	 -0.071038	 -0.101019	 -0.008955	 -0.112213
  0.029618	 -0.029232	 -0.036900	 -0.037526	 -0.106182	 -0.042752	 -0.058080
  0.053881	 -0.024480	 -0.025940	 -0.080002	 -0.074538	 -0.052793	 -0.047089
  0.066076	 -0.007186	 -0.009026	 -0.125488	 -0.055787	 -0.078925	 -0.001223
  0.062244	 -0.054413	 -0.019986	 -0.109017	 -0.056705	 -0.079337	  0.009103
 -0.014886	 -0.029327	  0.001902	 -0.106926	 -0.022623	 -0.039236	 -0.040658
 -0.013429	  0.000955	  0.001110	 -0.092229	 -0.026170	 -0.052920	 -0.058428
 -0.024103	 -0.006235	 -0.004750	 -0.075409	 -0.037542	 -0.055961	 -0.038124
 -0.034525	  0.021512	 -0.042253	 -0.075124	 -0.050212	 -0.066952	 -0.051618
 -0.023438	  0.011725	 -0.050679	 -0.040852	 -0.036211	 -0.042847	 -0.055007
 -0.006333	 -0.003163	 -0.026289	  0.004191	 -0.020690	 -0.077532	 -0.040848
  0.004088	  0.037223	 -0.005257	  0.000453	 -0.012676	 -0.097265	 -0.054310
 -0.022171	  0.063355	  0.033071	  0.017748	  0.002053	 -0.090138	 -0.070877
 -0.045357	  0.032187	  0.016409	  0.024178	  0.005537	 -0.108542	 -0.065935
 -0.054670	  0.046504	  0.027527	  0.032128	 -0.009224	 -0.055327	 -0.051428
 -0.060657	  0.048215	  0.018468	 -0.000497	 -0.006310	 -0.056753	 -0.061437
 -0.064553	  0.017996	  0.027274	  0.010811	  0.013551	 -0.062613	 -0.061501
 -0.075766	  0.024426	  0.034211	  0.010367	  0.031891	 -0.060490	 -0.045726
 -0.071838	  0.049608	  0.031392	  0.008530	  0.014469	 -0.057766	 -0.021083
 -0.055177	  0.023635	 -0.013967	  0.027029	  0.062362	 -0.077278	 -0.021273
 -0.067182	  0.020150	 -0.007315	 -0.008701	  0.046620	 -0.070151	 -0.040753
 -0.044597	  0.035925	 -0.009121	 -0.031159	  0.018207	 -0.016050	 -0.054817
  0.016409	  0.035988	 -0.011402	 -0.002271	 -0.016382	 -0.008511	 -0.063401
  0.011246	  0.026517	 -0.063254	  0.012204	 -0.059144	 -0.015923	 -0.035527
 -0.001836	  0.006973	 -0.033954	  0.020884	 -0.060316	 -0.008986	 -0.017852
 -0.009849	 -0.009054	 -0.039054	  0.037576	 -0.066429	 -0.020611	  0.015629
  0.007635	 -0.026222	 -0.053055	  0.024336	 -0.070040	  0.002829	  0.023167
  0.001015	 -0.026571	 -0.045009	  0.025065	 -0.100892	  0.004856	  0.015534
 -0.006745	 -0.027870	 -0.095816	  0.012870	 -0.124775	 -0.000371	  0.001121
  0.018373	 -0.054762	 -0.065946	  0.032033	 -0.109540	  0.027092	  0.029724
  0.009377	 -0.068382	 -0.047290	  0.045717	 -0.109350	  0.040807	  0.025321
 -0.024167	 -0.052133	 -0.054322	  0.045559	 -0.104598	  0.017399	  0.002230
 -0.023660	 -0.028440	 -0.028823	  0.066148	 -0.107924	  0.027345	  0.016262
  0.015111	 -0.040381	 -0.022868	  0.082175	 -0.070072	  0.027820	  0.038340
  0.038360	 -0.040825	 -0.012574	  0.069410	 -0.030700	  0.070139	  0.041539
  0.044062	 -0.005348	 -0.016913	  0.047364	 -0.030890	  0.097284	  0.058612
  0.034148	 -0.000882	 -0.017673	  0.011856	 -0.016034	  0.104158	  0.079581
  0.049827	  0.003077	 -0.016818	  0.007010	 -0.025283	  0.125887	  0.076699
  0.079507	  0.000892	 -0.006809	  0.036214	 -0.011378	  0.152399	  0.061875
  0.127970	 -0.006837	 -0.013239	  0.064279	  0.038036	  0.148883	  0.032765
  0.131106	  0.000923	 -0.009374	  0.049898	  0.061412	  0.137005	  0.015280
  0.160817	  0.024965	 -0.006429	  0.030323	  0.065118	  0.129435	 -0.004105
  0.141210	  0.038649	  0.003708	  0.039984	  0.038891	  0.099153	  0.017022
  0.118847	  0.071781	 -0.013017	  0.023228	  0.077725	  0.085755	  0.057662
  0.085335	  0.100479	 -0.033986	  0.002385	  0.072657	  0.110081	  0.017497
  0.076688	  0.092338	 -0.045959	 -0.019598	  0.054190	  0.062663	  0.011289
  0.101078	  0.074632	 -0.058439	 -0.053458	  0.003541	  0.054554	 -0.004865
  0.111562	  0.068423	 -0.064109	 -0.023937	 -0.017301	  0.054079	 -0.051998
  0.101489	  0.036495	 -0.076684	  0.019997	 -0.042926	  0.075112	 -0.037681
  0.063606	  0.016286	 -0.078617	  0.031273	 -0.061710	  0.016386	 -0.040532
  0.058252	 -0.002593	 -0.034936	  0.020535	 -0.057909	  0.016101	 -0.030807
  0.032279	 -0.029422	 -0.036488	  0.032825	 -0.016763	  0.020915	 -0.033500
  0.050714	 -0.009403	 -0.042443	  0.064089	  0.022483	  0.055093	 -0.027418
  0.071619	  0.031648	 -0.032909	  0.056867	  0.001261	  0.049898	  0.010054
  0.052836	  0.084578	 -0.043235	  0.063772	 -0.017111	  0.047459	  0.021964
  0.020591	  0.091230	 -0.018370	  0.077836	 -0.071878	  0.040459	 -0.009933
  0.016156	  0.077926	  0.002947	  0.054079	 -0.086797	 -0.012407	 -0.025106
  0.021509	  0.067695	  0.006843	  0.050785	 -0.112295	 -0.043481	 -0.026816
  0.008364	  0.060821	  0.008332	  0.083601	 -0.139061	 -0.022923	 -0.005055
  0.003549	  0.049165	  0.016156	  0.094465	 -0.142862	  0.017336	 -0.016110
  0.023093	  0.054201	  0.023536	  0.113375	 -0.109128	  0.014897	 -0.057636
  0.041275	  0.052301	  0.043333	  0.117968	 -0.091770	 -0.026978	 -0.048641
  0.023283	  0.039377	  0.050460	  0.090316	 -0.081317	 -0.071577	 -0.027513
  0.037442	  0.034214	  0.047325	  0.074858	 -0.083344	 -0.071672	 -0.020196
  0.042668	 -0.000280	  0.070764	  0.060098	 -0.042420	 -0.059065	  0.002325
  0.086127	 -0.004842	  0.078240	  0.025318	 -0.021229	 -0.056341	  0.020063
  0.095313	 -0.026064	  0.078366	 -0.005439	  0.011270	 -0.083582	  0.017402
  0.104593	 -0.046526	  0.064873	  0.004444	  0.038574	 -0.068916	  0.031213
  0.136364	 -0.017765	  0.048116	  0.039129	  0.064928	 -0.089568	  0.004891
  0.130282	 -0.008009	  0.032405	  0.017178	  0.075159	 -0.076645	  0.022756
