:RUN-3	LEVEL SWEEP	TEMP:NaN	8/27/2019	2:52 PM	HR:-636.36:SW EAR: R	SW FREQ: 11.30	# AVERAGES: 512	REP RATE (/sec): 80	DRIVER: 	SAMPLE (µsec): 40	MASKER dB: 2147483647:NOTES-:CHAMBER-SEWELL-PXI1:CFTS Version: V2.7.2 (R850):LEVELS:20;30;40;50;60;70;80;:DATA -0.007288	 -0.008095	  0.005390	  0.031566	  0.046872	 -0.024647	 -0.074736
 -0.033484	 -0.034607	  0.007607	  0.019181	  0.009843	 -0.030760	 -0.060768
 -0.043620	 -0.044996	  0.016698	  0.003533	  0.015450	 -0.006528	 -0.052912
 -0.021067	 -0.033086	  0.012928	 -0.012368	  0.000245	 -0.008429	 -0.040970
 -0.008175	  0.014141	  0.022969	 -0.040527	 -0.008212	  0.003671	 -0.023106
  0.003418	  0.002770	  0.016951	 -0.036092	 -0.032475	 -0.006085	 -0.034572
  0.015739	  0.025671	  0.002602	  0.032516	  0.004205	 -0.012135	 -0.059532
 -0.008999	  0.050663	 -0.025621	  0.013543	 -0.024556	 -0.021891	 -0.062130
 -0.003266	  0.050125	 -0.020521	  0.010407	 -0.055250	 -0.033262	 -0.069447
 -0.001334	  0.045025	 -0.022865	  0.013131	 -0.041724	 -0.024868	 -0.038436
 -0.000478	  0.009073	  0.000385	  0.001411	 -0.043815	 -0.061327	 -0.032862
 -0.011501	 -0.002266	 -0.007376	 -0.020603	 -0.036435	 -0.037158	 -0.018038
 -0.015366	 -0.015000	 -0.031702	 -0.006571	 -0.008782	 -0.001239	 -0.026083
 -0.006212	 -0.014778	 -0.028376	 -0.018766	 -0.004728	  0.006015	 -0.020698
 -0.018565	 -0.038186	  0.013752	 -0.048921	  0.011490	 -0.018280	  0.000081
  0.005540	 -0.011484	  0.028988	 -0.037898	  0.014056	  0.008232	  0.051775
  0.032591	 -0.001696	  0.014005	 -0.006159	  0.044147	  0.032527	  0.116868
  0.071393	  0.011259	 -0.008041	  0.027987	  0.044147	  0.045229	  0.134447
  0.028188	  0.021902	  0.003774	  0.042209	  0.026758	  0.077190	  0.135334
  0.022486	 -0.026435	 -0.001547	  0.032421	  0.038763	  0.113743	  0.175784
  0.004780	 -0.039643	  0.002824	  0.017090	  0.054505	  0.144436	  0.189246
  0.011907	  0.008345	 -0.025684	  0.060327	  0.103285	  0.160844	  0.218545
 -0.016981	  0.040464	 -0.039526	  0.055164	  0.110032	  0.163568	  0.220066
  0.012160	  0.067831	  0.002507	  0.052757	  0.114213	  0.146242	  0.248067
  0.014567	  0.061148	 -0.010321	  0.059757	  0.133630	  0.119539	  0.240465
  0.006712	  0.022662	  0.001430	  0.093745	  0.154536	  0.118779	  0.207934
  0.030659	  0.023771	  0.009381	  0.077337	  0.124096	  0.087579	  0.226464
  0.036804	  0.049301	  0.016127	  0.058300	  0.096824	  0.102023	  0.213161
  0.044057	  0.050758	  0.001652	  0.034163	  0.133155	  0.125780	  0.248003
  0.026572	  0.039418	  0.006213	  0.018199	  0.140662	  0.176618	  0.334667
  0.038419	  0.038246	 -0.012982	  0.008696	  0.094606	  0.232937	  0.419810
  0.047351	  0.037201	 -0.003448	  0.034322	  0.111553	  0.285138	  0.507266
  0.028631	  0.021237	  0.010268	  0.062608	  0.127073	  0.350421	  0.608817
  0.030627	  0.033717	  0.024363	  0.033372	  0.172306	  0.397902	  0.657914
  0.026826	  0.011196	  0.061043	  0.013163	  0.229448	  0.435216	  0.672389
  0.039559	  0.009739	  0.063577	  0.090419	  0.293464	  0.463913	  0.682779
  0.029772	  0.021965	  0.071116	  0.163620	  0.308668	  0.418839	  0.602228
  0.060623	  0.012304	  0.089899	  0.219591	  0.318329	  0.368444	  0.512112
  0.072597	  0.010816	  0.102601	  0.256936	  0.297962	  0.328660	  0.378126
  0.067370	  0.039323	  0.120688	  0.248795	  0.246774	  0.231068	  0.204323
  0.030500	  0.025798	  0.148530	  0.220034	  0.184311	  0.139812	  0.030331
  0.036772	  0.045912	  0.138299	  0.221586	  0.060619	  0.038862	 -0.178315
  0.053686	  0.028870	  0.153693	  0.180630	 -0.017746	 -0.083499	 -0.341062
  0.076809	  0.052183	  0.161961	  0.088930	 -0.078974	 -0.198417	 -0.458198
  0.041301	  0.061274	  0.128702	  0.032358	 -0.166873	 -0.249193	 -0.539445
  0.014092	  0.097511	  0.075994	 -0.025291	 -0.261108	 -0.283149	 -0.594687
  0.029708	  0.088737	  0.061296	 -0.068433	 -0.291579	 -0.302312	 -0.627502
  0.035378	  0.067641	 -0.001231	 -0.150377	 -0.317965	 -0.319860	 -0.629023
  0.057202	  0.053007	 -0.072405	 -0.189781	 -0.331078	 -0.338327	 -0.585659
  0.055967	  0.048446	 -0.103827	 -0.220950	 -0.357084	 -0.336712	 -0.480941
  0.038831	 -0.000524	 -0.163155	 -0.253638	 -0.324743	 -0.306810	 -0.382050
  0.027396	 -0.049938	 -0.201704	 -0.240588	 -0.267474	 -0.250967	 -0.215438
 -0.011596	 -0.082310	 -0.203509	 -0.232099	 -0.182109	 -0.175104	 -0.054876
  0.018590	 -0.089659	 -0.230465	 -0.205682	 -0.111030	 -0.082137	  0.083133
  0.029392	 -0.053264	 -0.217478	 -0.132607	 -0.014357	 -0.017900	  0.191906
  0.031735	 -0.051331	 -0.196889	 -0.071822	  0.029292	  0.065977	  0.348699
  0.052736	 -0.071160	 -0.149724	 -0.049586	  0.077755	  0.162048	  0.465201
  0.027618	 -0.080821	 -0.114502	 -0.004544	  0.138635	  0.245734	  0.511986
  0.051184	 -0.084749	 -0.053336	  0.058047	  0.181587	  0.333601	  0.497985
  0.081561	 -0.084464	  0.004946	  0.085129	  0.253521	  0.365498	  0.426019
  0.076271	 -0.057096	  0.072985	  0.120447	  0.294953	  0.395717	  0.316454
  0.054858	 -0.009552	  0.101936	  0.168879	  0.299260	  0.380354	  0.195042
  0.033984	 -0.000683	  0.092687	  0.220351	  0.317822	  0.330687	  0.070938
  0.042885	  0.035301	  0.114638	  0.265868	  0.258399	  0.262522	 -0.021997
  0.015201	  0.081230	  0.111882	  0.260325	  0.200243	  0.165025	 -0.106887
  0.035505	  0.068876	  0.112357	  0.269923	  0.143830	  0.090968	 -0.180088
  0.041682	  0.066057	  0.122493	  0.220826	  0.040093	  0.010260	 -0.230832
  0.045736	  0.094628	  0.150938	  0.202391	 -0.021389	 -0.003487	 -0.272770
  0.036962	  0.120095	  0.163671	  0.162860	 -0.075934	 -0.036271	 -0.245276
  0.001771	  0.129851	  0.164748	  0.114809	 -0.105613	 -0.037665	 -0.202388
  0.001327	  0.090162	  0.111629	  0.063685	 -0.108052	 -0.028067	 -0.164409
 -0.003361	  0.097194	  0.080745	 -0.020096	 -0.148280	 -0.009537	 -0.118860
 -0.003487	  0.123041	  0.044223	 -0.010879	 -0.102763	  0.022961	 -0.121996
  0.001010	  0.101185	  0.012231	 -0.006919	 -0.121356	  0.017355	 -0.108376
 -0.000035	  0.065614	  0.038459	  0.004927	 -0.080146	  0.050646	 -0.069066
  0.014853	  0.046735	  0.023128	  0.003185	 -0.087052	  0.063221	 -0.062921
  0.030152	  0.033875	  0.005801	 -0.003087	 -0.094052	  0.044026	 -0.046038
  0.042727	  0.006191	 -0.030847	 -0.030328	 -0.086767	  0.016405	 -0.046197
  0.054352	 -0.044806	 -0.043359	 -0.009105	 -0.073748	  0.007250	 -0.060134
  0.052641	 -0.076577	 -0.002973	  0.020258	 -0.101496	 -0.054041	 -0.080501
  0.044691	 -0.031503	  0.024426	  0.024312	 -0.105582	 -0.121636	 -0.086710
  0.017893	 -0.024978	  0.035671	 -0.003182	 -0.117143	 -0.118279	 -0.067229
  0.020966	 -0.002298	  0.050780	 -0.009517	 -0.092341	 -0.113084	 -0.044835
  0.024133	 -0.003058	  0.041246	 -0.022409	 -0.131175	 -0.124899	 -0.042237
  0.049949	  0.003657	  0.012643	 -0.041414	 -0.176978	 -0.141148	 -0.049238
  0.064519	 -0.010375	 -0.007914	 -0.046070	 -0.206151	 -0.097912	 -0.016200
  0.037754	 -0.016140	 -0.011493	 -0.066311	 -0.203839	 -0.110075	 -0.030264
  0.039084	 -0.044395	 -0.027141	 -0.049174	 -0.191327	 -0.146311	 -0.066849
  0.081814	 -0.025611	 -0.035440	 -0.113855	 -0.195064	 -0.138456	 -0.074831
  0.113236	 -0.010977	 -0.055997	 -0.129186	 -0.202065	 -0.131392	 -0.078189
  0.125748	 -0.002615	 -0.063441	 -0.129250	 -0.176218	 -0.131139	 -0.070333
  0.126191	  0.008535	 -0.092360	 -0.119050	 -0.126551	 -0.097151	 -0.078601
  0.149061	  0.010309	 -0.060210	 -0.131594	 -0.095034	 -0.070037	 -0.104765
  0.156948	 -0.004800	 -0.076776	 -0.109167	 -0.066653	 -0.038489	 -0.096972
  0.119033	  0.014490	 -0.049124	 -0.089592	 -0.073590	  0.002879	 -0.081166
  0.083430	 -0.001570	 -0.064581	 -0.127064	 -0.024113	  0.018780	 -0.083384
  0.054193	 -0.024249	 -0.067717	 -0.118163	  0.002526	  0.035790	 -0.055066
  0.074402	 -0.024978	 -0.053558	 -0.081198	 -0.019108	  0.020079	 -0.013064
  0.083715	 -0.023109	 -0.009815	 -0.081705	  0.004807	 -0.007035	  0.006891
  0.064614	 -0.017756	  0.049101	 -0.059025	  0.008354	  0.014631	  0.042019
  0.065248	 -0.011896	  0.041246	 -0.046514	  0.021943	  0.057678	  0.087346
  0.013966	 -0.011642	  0.028291	 -0.025956	  0.032649	  0.085108	  0.105116
  0.019002	 -0.037014	  0.019992	  0.025928	  0.044749	  0.113585	  0.140339
  0.016120	 -0.023425	  0.025408	  0.038883	  0.036799	  0.178265	  0.199287
  0.017735	  0.006223	  0.037762	  0.046422	  0.050799	  0.196320	  0.237614
  0.046496	  0.013128	  0.011503	  0.073821	  0.057768	  0.194800	  0.217563
  0.053908	  0.067071	  0.002634	  0.096215	  0.060872	  0.221186	  0.216518
  0.064234	  0.114521	  0.006403	  0.096025	  0.055487	  0.203859	  0.231976
  0.046053	  0.051297	  0.020024	  0.099320	  0.064040	  0.215104	  0.197576
  0.021346	  0.027445	  0.057400	  0.040467	  0.056057	  0.211715	  0.166946
  0.036265	  0.059849	  0.018408	  0.049431	  0.020138	  0.217036	  0.164634
  0.043170	  0.062890	  0.007543	  0.033847	  0.024794	  0.191284	  0.127511
  0.046433	  0.065202	  0.018693	  0.033245	  0.082601	  0.181718	  0.107904
  0.045007	  0.062953	  0.037128	  0.016425	  0.088049	  0.138323	  0.053422
  0.047700	  0.055161	  0.050052	  0.004832	  0.067334	  0.119033	 -0.018544
  0.053845	  0.017151	  0.046504	  0.003470	  0.044623	  0.055429	 -0.110529
  0.065977	 -0.010090	  0.041689	 -0.000869	  0.016400	  0.043329	 -0.186138
  0.059546	 -0.019941	  0.001715	  0.019181	  0.007753	  0.035410	 -0.189053
  0.047510	 -0.026150	  0.014385	  0.018136	 -0.021420	  0.009499	 -0.220791
  0.053623	 -0.038566	  0.034563	 -0.004005	 -0.051164	  0.010798	 -0.275526
  0.006839	 -0.030584	  0.052998	 -0.026685	 -0.072608	  0.004811	 -0.338845
  0.003576	  0.009010	  0.049228	 -0.003784	 -0.076377	  0.002563	 -0.355665
  0.015961	  0.034129	  0.044572	 -0.001471	 -0.081825	 -0.001112	 -0.326017
  0.063791	  0.031056	  0.040549	 -0.015408	 -0.076726	 -0.021701	 -0.351769
  0.060782	  0.001281	 -0.011272	 -0.049871	 -0.096681	 -0.068200	 -0.327759
  0.051913	 -0.014936	 -0.044404	 -0.069953	 -0.135262	 -0.065033	 -0.318383
  0.064741	 -0.010565	 -0.071613	 -0.070809	 -0.140931	 -0.069626	 -0.294088
  0.050456	 -0.015855	 -0.105442	 -0.081927	 -0.105170	 -0.108174	 -0.287594
  0.052546	  0.011956	 -0.066640	 -0.074768	 -0.106279	 -0.121890	 -0.272295
  0.051691	  0.017816	 -0.039019	 -0.059817	 -0.096713	 -0.163638	 -0.272074
  0.059958	  0.018924	 -0.045133	 -0.020825	 -0.078563	 -0.160344	 -0.277617
  0.071425	  0.000204	 -0.029485	 -0.006571	 -0.112677	 -0.105419	 -0.279707
  0.090176	 -0.023235	 -0.041395	  0.013986	 -0.121641	 -0.088219	 -0.277965
  0.059420	 -0.031661	 -0.002213	  0.014651	 -0.110080	 -0.076943	 -0.265770
  0.071203	 -0.016172	 -0.000059	  0.014841	 -0.099975	 -0.081124	 -0.278757
  0.070284	 -0.037996	  0.014987	  0.010819	 -0.077612	 -0.087712	 -0.312903
  0.080515	 -0.015063	  0.018250	  0.023045	 -0.052209	 -0.065286	 -0.314487
  0.073547	 -0.031503	  0.008019	  0.019814	 -0.044860	 -0.084228	 -0.326238
  0.034396	 -0.056083	  0.002095	 -0.008820	 -0.056200	 -0.075422	 -0.344800
  0.020998	 -0.054721	  0.007607	 -0.039703	 -0.069694	 -0.110328	 -0.358420
  0.010165	 -0.035494	  0.024490	 -0.063840	 -0.104441	 -0.152393	 -0.387847
  0.008454	 -0.004135	  0.008969	 -0.061908	 -0.132474	 -0.161262	 -0.394562
  0.009848	  0.003150	  0.000702	 -0.098873	 -0.164720	 -0.176055	 -0.419744
  0.018527	 -0.022380	  0.000543	 -0.112018	 -0.196458	 -0.166837	 -0.427188
  0.007377	 -0.039770	 -0.021471	 -0.104701	 -0.235957	 -0.129333	 -0.426649
 -0.012357	 -0.061879	 -0.007882	 -0.116738	 -0.210047	 -0.137664	 -0.422024
  0.024197	 -0.063907	 -0.019190	 -0.146354	 -0.196870	 -0.110677	 -0.416260
  0.037310	 -0.070115	 -0.037530	 -0.143060	 -0.246822	 -0.100161	 -0.412554
  0.038894	 -0.066694	 -0.035725	 -0.134476	 -0.211409	 -0.086002	 -0.435518
  0.052990	 -0.039422	 -0.059830	 -0.124593	 -0.149959	 -0.096645	 -0.425002
  0.059230	 -0.018896	 -0.048490	 -0.124086	 -0.112709	 -0.111374	 -0.424717
  0.048302	 -0.050476	 -0.064645	 -0.110624	 -0.084739	 -0.108301	 -0.431939
  0.057899	 -0.075183	 -0.079564	 -0.069668	 -0.077866	 -0.122903	 -0.454492
  0.028695	 -0.091939	 -0.106076	 -0.076827	 -0.097790	 -0.166489	 -0.496271
  0.032211	 -0.101188	 -0.101451	 -0.080216	 -0.092310	 -0.236143	 -0.538368
  0.008296	 -0.119275	 -0.068541	 -0.060451	 -0.094685	 -0.241591	 -0.547934
 -0.044539	 -0.062956	 -0.063251	 -0.050948	 -0.108337	 -0.263668	 -0.572039
 -0.006053	 -0.070495	 -0.088559	 -0.011544	 -0.115401	 -0.291226	 -0.577709
  0.026066	 -0.052060	 -0.078835	 -0.006476	 -0.147900	 -0.298226	 -0.574319
  0.010481	 -0.026878	 -0.062649	 -0.043346	 -0.166303	 -0.306208	 -0.520598
 -0.033484	 -0.053454	 -0.027870	 -0.082940	 -0.147773	 -0.288565	 -0.469822
 -0.022999	 -0.031218	  0.004851	 -0.069953	 -0.112265	 -0.237980	 -0.442835
 -0.039249	 -0.003185	 -0.006109	 -0.051993	 -0.118569	 -0.227875	 -0.434631
 -0.012863	  0.017182	 -0.018494	 -0.060166	 -0.146126	 -0.203454	 -0.413282
 -0.020275	 -0.013606	 -0.069428	 -0.040939	 -0.182204	 -0.150208	 -0.333175
  0.000599	 -0.032896	 -0.076238	 -0.061496	 -0.178688	 -0.125913	 -0.266594
  0.024355	 -0.038186	 -0.031956	 -0.042396	 -0.175046	 -0.083816	 -0.251865
  0.047415	 -0.055734	  0.000226	 -0.039133	 -0.132949	 -0.063037	 -0.184555
  0.048397	 -0.064382	 -0.006900	 -0.021712	 -0.125791	 -0.068960	 -0.126114
  0.045134	 -0.027036	  0.008937	 -0.045595	 -0.057910	 -0.051381	 -0.101882
  0.024355	  0.021142	  0.016539	  0.012688	 -0.038145	 -0.035226	 -0.092950
  0.023563	  0.043504	  0.039821	 -0.028110	 -0.041756	 -0.026325	 -0.072012
  0.009119	  0.053355	  0.038332	 -0.050346	 -0.061997	  0.002658	 -0.080311
  0.027808	  0.030708	  0.023476	 -0.050378	 -0.016923	  0.015549	 -0.099506
  0.057899	 -0.008696	  0.020720	 -0.074008	 -0.041408	  0.034808	 -0.090131
  0.067085	 -0.027892	  0.005073	 -0.087026	 -0.047901	  0.020364	 -0.108185
  0.031419	  0.026653	  0.017743	 -0.094945	 -0.063232	 -0.011121	 -0.142521
 -0.017900	  0.035396	 -0.015833	 -0.094027	 -0.082047	 -0.028828	 -0.138435
 -0.009031	  0.015757	 -0.017005	 -0.090447	 -0.100419	 -0.010266	 -0.143123
 -0.025248	 -0.005687	 -0.017987	 -0.088864	 -0.103238	 -0.042860	 -0.101344
 -0.016633	 -0.003723	 -0.056599	 -0.104099	 -0.102224	 -0.082454	 -0.104131
 -0.042290	 -0.039041	 -0.075478	 -0.083732	 -0.068332	 -0.064241	 -0.138087
 -0.030633	 -0.064603	 -0.069966	 -0.109199	 -0.073843	 -0.073490	 -0.123580
 -0.036652	 -0.056621	 -0.074527	 -0.069858	 -0.050435	 -0.085115	 -0.081103
 -0.049353	 -0.076577	 -0.076554	 -0.089244	 -0.021642	 -0.074282	 -0.048794
 -0.029239	 -0.115284	 -0.076776	 -0.068116	 -0.009859	 -0.039439	 -0.053641
 -0.016886	 -0.124945	 -0.056504	 -0.061623	 -0.036846	 -0.055530	 -0.066121
 -0.027719	 -0.128397	 -0.038322	 -0.032101	 -0.056073	 -0.046503	 -0.044328
 -0.042385	 -0.107872	 -0.030499	 -0.011386	 -0.064911	 -0.045521	 -0.028427
 -0.042828	 -0.093491	 -0.027838	 -0.037645	 -0.053001	 -0.043715	 -0.021712
 -0.024393	 -0.055671	 -0.024164	 -0.013983	 -0.055060	 -0.082106	 -0.003277
 -0.016189	 -0.061182	 -0.027711	 -0.014712	 -0.071024	 -0.078146	 -0.006856
 -0.006528	 -0.042336	 -0.027014	 -0.049649	 -0.074698	 -0.071938	  0.003312
 -0.014796	 -0.032865	 -0.038164	 -0.053862	 -0.037702	 -0.038805	  0.034353
 -0.036050	 -0.054911	 -0.011937	 -0.070777	 -0.039190	 -0.013402	  0.051775
 -0.024171	 -0.054499	 -0.000154	 -0.043980	 -0.024335	 -0.015207	  0.049653
 -0.014067	 -0.045883	 -0.030625	  0.005782	 -0.006755	 -0.003678	  0.043191
 -0.006402	 -0.016552	 -0.044879	  0.002520	 -0.015339	  0.009436	  0.044395
 -0.012230	  0.000078	 -0.052133	 -0.002010	 -0.041693	  0.034840	  0.050730
 -0.026800	 -0.024344	 -0.020616	  0.034385	 -0.042199	  0.020079	  0.051458
 -0.030918	 -0.025643	 -0.007597	  0.006828	 -0.049548	  0.021314	  0.089025
 -0.003899	 -0.059820	 -0.015199	 -0.019051	 -0.032380	  0.016405	  0.111831
 -0.024235	 -0.069450	 -0.009149	 -0.053039	 -0.023321	  0.012097	  0.100270
 -0.018723	 -0.054404	 -0.051658	 -0.084904	 -0.008148	  0.038546	  0.160199
 -0.012325	 -0.015887	 -0.050232	 -0.052342	 -0.011221	  0.029518	  0.177748
 -0.003171	 -0.006289	 -0.053780	 -0.052342	 -0.010904	  0.050519	  0.176639
  0.008898	 -0.040593	 -0.036612	 -0.072076	 -0.040457	  0.065691	  0.195201
 -0.024108	 -0.053707	 -0.033064	 -0.057980	 -0.050847	  0.060877	  0.188454
 -0.039597	 -0.043856	 -0.032589	 -0.052247	 -0.045557	  0.046243	  0.199414
 -0.072571	 -0.043223	 -0.018272	 -0.012083	 -0.057150	  0.049917	  0.184875
 -0.067091	 -0.044236	 -0.042345	 -0.025101	 -0.051797	  0.083113	  0.164317
 -0.097626	 -0.045630	 -0.052069	 -0.026051	 -0.022181	  0.098285	  0.159027
 -0.111310	 -0.023330	 -0.069808	 -0.016770	 -0.018126	  0.129137	  0.153674
 -0.000377	 -0.011015	  0.030689	  0.022143	  0.010255	 -0.011558	 -0.022497
 -0.027396	  0.018791	  0.032019	  0.014826	 -0.002130	 -0.019065	 -0.014103
 -0.055397	  0.041788	  0.029770	  0.015396	  0.004363	 -0.019287	 -0.014927
 -0.079280	 -0.008956	  0.045449	 -0.001519	  0.007151	 -0.018970	  0.005757
 -0.075511	 -0.025712	  0.029137	  0.011373	  0.008069	 -0.016120	  0.008861
 -0.038007	 -0.001798	 -0.006530	  0.029301	 -0.008148	 -0.026256	  0.018427
 -0.017133	  0.024335	 -0.023413	  0.024930	 -0.019615	 -0.029201	  0.036482
  0.001777	  0.019171	 -0.015589	  0.003739	 -0.026647	 -0.023183	  0.010382
 -0.018717	 -0.026346	  0.017575	 -0.006872	 -0.014198	  0.021637	  0.154219
 -0.037247	 -0.043229	  0.031702	 -0.022139	 -0.004221	 -0.059610	 -0.212866
  0.015809	 -0.033505	  0.028598	  0.001174	  0.052478	  0.155941	  0.370593
  0.008967	 -0.035152	  0.016466	 -0.012288	 -0.052779	 -0.126381	 -0.457906
 -0.018273	 -0.027043	 -0.001398	  0.017201	  0.070343	  0.185747	  0.452442
  0.008175	 -0.025174	 -0.017711	 -0.031294	 -0.023226	 -0.155681	 -0.507446
  0.031869	 -0.005757	 -0.011566	  0.008807	  0.042595	  0.126388	  0.310727
  0.063702	  0.011759	 -0.041943	 -0.014252	 -0.021484	 -0.058311	 -0.251510
  0.040009	  0.025538	 -0.021322	  0.001459	  0.018490	  0.005578	  0.029292
  0.036556	  0.042611	 -0.027531	 -0.013555	 -0.005393	  0.009601	  0.067397
  0.083753	  0.018665	 -0.038205	 -0.040574	 -0.060286	 -0.092425	 -0.337920
  0.076721	  0.041027	 -0.056197	 -0.007854	  0.024382	  0.151158	  0.354597
  0.076309	 -0.007848	 -0.051889	 -0.013936	 -0.033172	 -0.141174	 -0.544887
  0.042511	  0.000610	 -0.053599	  0.014857	  0.093719	  0.207762	  0.515888
  0.078241	 -0.018395	 -0.058699	 -0.027936	 -0.029909	 -0.176270	 -0.567915
  0.105102	 -0.003761	  0.007597	  0.024708	  0.065370	  0.136524	  0.435939
  0.092115	 -0.000626	  0.002371	 -0.006302	 -0.022846	 -0.148649	 -0.436779
  0.107129	  0.019425	  0.005317	  0.012038	  0.054315	  0.073015	  0.231032
  0.093889	  0.032697	  0.016688	  0.005640	  0.004997	 -0.035156	 -0.151131
  0.033579	  0.025792	 -0.020087	  0.030315	  0.017002	 -0.031672	 -0.095636
  0.012705	  0.016732	 -0.011883	  0.041591	  0.047885	  0.071336	  0.221814
  0.004216	  0.010714	 -0.017521	  0.029871	 -0.011506	 -0.094611	 -0.330920
  0.044887	  0.011316	 -0.006118	  0.052931	  0.079655	  0.193888	  0.509680
  0.030633	  0.008497	  0.008231	  0.022491	 -0.007673	 -0.138956	 -0.512071
  0.021099	  0.021420	  0.038988	  0.033672	  0.070755	  0.204246	  0.578573
  0.017900	  0.027755	 -0.009191	 -0.014696	 -0.088445	 -0.170822	 -0.506243
  0.038615	  0.045019	 -0.017996	  0.036618	  0.010065	  0.129080	  0.428147
  0.033547	  0.054204	  0.007724	  0.026007	 -0.069472	 -0.118304	 -0.344984
  0.012863	  0.067191	  0.017670	  0.061072	  0.011870	  0.045236	  0.138667
  0.031742	  0.076155	  0.037911	  0.079412	 -0.000831	  0.029746	 -0.040774
  0.008365	  0.083092	 -0.006213	  0.076086	 -0.013660	  0.004469	 -0.190155
  0.042353	  0.086703	 -0.013974	  0.097847	  0.056659	  0.156923	  0.285197
  0.076689	  0.090346	 -0.064496	  0.082072	 -0.066431	 -0.089036	 -0.484355
  0.115333	  0.073906	 -0.059966	  0.104023	  0.000879	  0.204372	  0.468153
  0.106654	  0.071056	 -0.052681	  0.058062	 -0.116256	 -0.134902	 -0.590309
  0.110645	  0.059462	 -0.031490	  0.051632	  0.023020	  0.229111	  0.481520
  0.092368	  0.026805	 -0.010711	 -0.000632	 -0.077676	 -0.079882	 -0.529968
  0.072698	  0.034154	  0.056187	  0.014509	  0.021690	  0.161484	  0.336796
  0.077481	  0.025443	  0.055490	 -0.014506	 -0.074603	 -0.030310	 -0.273144
  0.061295	  0.003461	  0.015770	  0.003137	 -0.045937	  0.085368	  0.060334
  0.066205	  0.027977	 -0.007702	  0.007002	 -0.057340	  0.072160	  0.098692
  0.065983	  0.036530	  0.010036	 -0.010356	 -0.115908	 -0.052863	 -0.238143
 -0.001010	  0.038620	  0.033571	  0.015427	 -0.000768	  0.143841	  0.387191
 -0.028156	  0.028737	  0.017322	 -0.024357	 -0.101496	 -0.177189	 -0.490342
  0.002030	  0.052114	 -0.011915	  0.000730	 -0.002510	  0.181218	  0.562577
  0.010868	  0.074857	 -0.012263	  0.001680	 -0.108369	 -0.181686	 -0.539882
  0.054358	  0.052779	 -0.028924	  0.058031	 -0.008529	  0.149257	  0.528210
  0.060440	  0.051227	 -0.034943	  0.035383	 -0.096966	 -0.133857	 -0.421480
  0.063259	  0.072006	 -0.019263	  0.049130	 -0.003651	  0.085178	  0.301858
  0.080395	  0.045240	 -0.027182	  0.046976	 -0.069535	 -0.041016	 -0.129655
  0.063290	  0.033457	  0.002308	  0.086444	 -0.069915	 -0.003323	 -0.010746
  0.053946	  0.031398	  0.015041	  0.075579	 -0.012678	  0.083246	  0.237969
  0.071146	  0.051100	  0.036834	  0.033672	 -0.037702	 -0.083556	 -0.276153
  0.117265	  0.059621	  0.042599	  0.010074	  0.057705	  0.179761	  0.488964
  0.117550	  0.092056	 -0.009792	  0.025374	 -0.033710	 -0.139273	 -0.499369
  0.113211	  0.102002	  0.000629	  0.073108	  0.048455	  0.231391	  0.575057
  0.089137	  0.114166	 -0.009539	  0.067312	 -0.063739	 -0.105191	 -0.555054
  0.048498	  0.156357	  0.011842	  0.108711	  0.018585	  0.228857	  0.443953
  0.077734	  0.117048	 -0.004186	  0.045867	 -0.047331	 -0.050646	 -0.396203
  0.083563	  0.102541	  0.009118	  0.084068	 -0.006248	  0.100826	  0.170912
  0.096011	  0.109319	 -0.035228	  0.037949	 -0.012773	  0.011153	 -0.105487
  0.082359	  0.060793	 -0.046314	  0.028224	 -0.047901	 -0.021473	 -0.154203
  0.057082	  0.064752	 -0.050273	  0.043809	  0.016432	  0.092653	  0.298088
  0.054231	  0.090599	 -0.060695	 -0.009058	 -0.032855	 -0.125684	 -0.408905
  0.080142	  0.078373	 -0.033739	  0.030568	  0.065623	  0.164651	  0.455040
  0.091481	  0.077169	 -0.041594	 -0.020397	 -0.044575	 -0.169808	 -0.597848
  0.090943	  0.072766	 -0.031902	  0.018247	  0.059605	  0.171683	  0.473633
  0.090309	  0.080178	 -0.036336	 -0.043299	 -0.076155	 -0.187800	 -0.554611
  0.084640	  0.089681	 -0.010584	 -0.022076	  0.014278	  0.100382	  0.351968
  0.092527	  0.086450	  0.014724	 -0.020239	 -0.039634	 -0.090050	 -0.295444
  0.098260	  0.080241	  0.050042	 -0.039878	 -0.011918	  0.043778	  0.088018
  0.082676	  0.051575	  0.020046	 -0.024895	 -0.021104	  0.005483	  0.014373
  0.071431	  0.009099	 -0.034911	 -0.020271	 -0.008085	 -0.050139	 -0.223319
  0.101016	  0.047109	 -0.035893	  0.018817	  0.008671	  0.160945	  0.386906
  0.097753	  0.081572	 -0.035861	 -0.017737	 -0.105645	 -0.112856	 -0.420023
  0.081979	  0.091138	 -0.027277	 -0.005542	  0.028278	  0.214255	  0.604927
  0.053693	  0.061300	 -0.012041	  0.014731	 -0.062630	 -0.155174	 -0.485685
  0.079160	  0.076409	  0.021693	  0.097752	  0.075379	  0.195693	  0.587316
  0.092558	  0.066653	  0.001642	  0.049320	 -0.038557	 -0.126318	 -0.430032
  0.075264	  0.067286	  0.005380	  0.068800	  0.051433	  0.123664	  0.360996
  0.074345	  0.092278	 -0.013562	  0.055750	 -0.007483	 -0.055175	 -0.170326
  0.114193	  0.089681	  0.011747	  0.035415	 -0.001370	  0.001872	  0.026821
  0.128858	  0.091138	 -0.009317	  0.051759	 -0.010936	  0.059331	  0.157703
  0.093572	  0.082395	 -0.026200	  0.026229	 -0.053698	 -0.095530	 -0.263673
  0.080775	  0.094875	 -0.004439	  0.077543	  0.005123	  0.163004	  0.470244
  0.105134	  0.061078	  0.003638	  0.015649	 -0.119360	 -0.116562	 -0.478432
  0.114351	  0.082015	  0.011082	  0.034338	 -0.026203	  0.243523	  0.544079
  0.107889	  0.068553	 -0.014132	 -0.027968	 -0.160063	 -0.131323	 -0.537633
  0.124329	  0.065703	  0.006869	  0.000762	 -0.049105	  0.147072	  0.491561
  0.104120	  0.074603	 -0.006276	 -0.047923	 -0.132632	 -0.131291	 -0.412706
  0.085622	  0.070771	 -0.010616	 -0.006935	 -0.063295	  0.062879	  0.227769
  0.100541	  0.062820	 -0.035830	 -0.024800	 -0.087622	 -0.020934	 -0.120121
  0.082169	  0.046381	 -0.007765	 -0.034588	 -0.048186	  0.008999	 -0.115338
  0.060155	  0.076345	 -0.008050	 -0.029551	  0.005599	  0.139375	  0.184279
  0.092875	  0.070549	 -0.024331	 -0.030058	 -0.106785	 -0.070094	 -0.430412
  0.099875	  0.069884	 -0.023666	  0.009377	  0.010572	  0.175516	  0.440691
  0.131076	  0.052209	 -0.053251	 -0.021918	 -0.087242	 -0.172912	 -0.589581
  0.164651	  0.025412	 -0.041689	  0.023600	  0.001449	  0.218024	  0.477592
  0.146533	  0.030955	 -0.046758	  0.004690	 -0.090853	 -0.144373	 -0.638424
  0.159583	  0.058449	 -0.016127	  0.051126	 -0.031303	  0.170828	  0.331791
  0.150461	  0.081952	 -0.033612	  0.033261	 -0.092246	 -0.054098	 -0.369817
  0.113401	  0.093830	 -0.021576	  0.027052	 -0.051575	  0.075232	  0.111362
  0.122808	  0.108876	 -0.002159	 -0.005035	 -0.050118	  0.019167	 -0.042801
  0.117614	  0.111980	 -0.003331	  0.003137	 -0.080495	 -0.049410	 -0.219613
  0.129238	  0.127976	  0.038798	  0.045297	 -0.068110	  0.122523	  0.260743
  0.155624	  0.115274	  0.036327	  0.016061	 -0.151416	 -0.079692	 -0.491609
  0.159837	  0.113374	  0.025114	  0.051157	 -0.042580	  0.251283	  0.474235
  0.136587	  0.124967	 -0.007575	  0.053470	 -0.158986	 -0.079027	 -0.555783
  0.105894	  0.108559	  0.001801	  0.047483	 -0.079323	  0.199273	  0.387159
  0.066205	  0.117840	 -0.002697	  0.024772	 -0.114831	 -0.028283	 -0.318376
  0.057842	  0.121768	 -0.010173	  0.087901	 -0.033077	  0.135098	  0.140725
  0.037665	  0.123858	 -0.020404	  0.100792	 -0.058639	  0.073300	 -0.117935
  0.037190	  0.117207	 -0.006467	  0.083688	 -0.031873	  0.073458	 -0.066146
  0.009031	  0.118220	 -0.016761	  0.063447	 -0.046095	  0.071969	 -0.046222
  0.007605	  0.117492	 -0.030223	  0.051062	 -0.039317	  0.000890	 -0.095066
  0.012483	  0.105233	 -0.009412	  0.007034	 -0.037511	  0.011660	  0.017223
 -0.000219	  0.124935	 -0.020119	 -0.005700	 -0.006406	 -0.013427	 -0.019393
  0.015112	  0.130320	 -0.037983	  0.012925	 -0.037448	 -0.015834	 -0.009194
  0.018311	  0.131651	 -0.049862	  0.005671	 -0.064024	 -0.004020	 -0.018158
  0.023601	  0.147076	 -0.034531	  0.049542	 -0.066083	  0.005451	 -0.056707
  0.039692	  0.121926	 -0.062627	  0.037125	 -0.075934	  0.035068	 -0.020755
  0.059616	  0.115116	 -0.102918	  0.079697	 -0.098423	  0.031900	 -0.064942
  0.063259	  0.111410	 -0.090850	  0.093665	 -0.080400	  0.031457	 -0.043245
  0.103740	  0.088952	 -0.075202	  0.099937	 -0.079101	  0.028353	 -0.019615
  0.126293	  0.057530	 -0.046124	  0.085208	 -0.087939	  0.033452	 -0.021040
  0.101808	  0.093133	 -0.067885	  0.086697	 -0.064150	  0.009506	 -0.018665
  0.063417	  0.096333	 -0.045839	  0.067882	 -0.059938	  0.015524	 -0.036530
  0.027149	  0.077549	 -0.029716	  0.060438	 -0.069947	  0.030982	 -0.029371
  0.007669	  0.062218	 -0.021132	  0.033451	 -0.084201	  0.036050	 -0.032032
  0.034593	  0.060286	 -0.004376	 -0.014886	 -0.051575	  0.049733	 -0.034534
  0.016854	  0.031145	 -0.013150	 -0.051376	 -0.051575	  0.035480	 -0.044543
  0.041593	  0.010714	 -0.020245	 -0.063254	 -0.063549	  0.043145	 -0.072734
  0.070797	  0.050277	 -0.004059	 -0.070349	 -0.095699	  0.033642	 -0.079608
  0.048942	  0.073273	  0.016973	 -0.076906	 -0.088762	  0.022239	 -0.091201
  0.062942	  0.080558	  0.011747	 -0.054955	 -0.098011	  0.016633	 -0.071404
  0.107858	  0.046412	 -0.033200	 -0.053213	 -0.093450	  0.007352	 -0.067318
  0.056227	  0.004506	 -0.048056	 -0.050521	 -0.069472	  0.039407	 -0.074698
  0.035036	  0.053032	 -0.044350	 -0.028981	 -0.075490	  0.018723	 -0.085785
  0.007922	  0.037068	 -0.024553	 -0.005573	 -0.108559	  0.028099	 -0.087432
  0.039724	  0.088319	  0.011842	 -0.002722	 -0.104030	  0.031013	 -0.093925
  0.051254	  0.099152	  0.022833	 -0.030375	 -0.071024	  0.014447	 -0.101876
  0.045140	  0.109129	 -0.005136	  0.009092	 -0.043530	  0.015587	 -0.086165
  0.057716	  0.103491	 -0.037128	  0.003137	 -0.022814	 -0.019287	 -0.058766
  0.044570	  0.083187	 -0.045744	 -0.020144	  0.004712	 -0.002531	 -0.093862
  0.017868	  0.063105	 -0.024553	  0.012450	 -0.015782	  0.011438	 -0.112297
  0.016981	  0.065481	 -0.023951	  0.028034	 -0.025190	  0.018407	 -0.082490
  0.036525	  0.053064	  0.002593	  0.023378	 -0.002795	  0.018882	 -0.073336
  0.060946	  0.024841	  0.002498	  0.031740	 -0.006311	  0.034466	 -0.059653
  0.090975	  0.026552	 -0.003236	  0.044981	 -0.007230	  0.034498	 -0.041122
  0.086255	  0.042453	 -0.010236	  0.026482	 -0.017081	  0.044190	 -0.015117
  0.046661	  0.077169	 -0.020467	  0.029523	 -0.036530	  0.017235	  0.006707
  0.028416	  0.057562	 -0.010426	  0.013115	 -0.042833	  0.015144	 -0.026362
  0.059965	  0.044417	  0.004208	  0.034338	 -0.031905	  0.004469	 -0.045842
  0.057526	  0.057404	  0.001199	  0.014889	 -0.030099	  0.022176	 -0.041534
  0.055087	  0.069409	 -0.010331	  0.014414	 -0.016574	 -0.012382	 -0.054109
  0.047643	  0.074572	 -0.005295	  0.014224	 -0.013723	 -0.046243	 -0.052336
  0.036240	  0.082300	 -0.043875	 -0.002406	 -0.049548	 -0.008644	 -0.088477
  0.037728	  0.053317	  0.000249	 -0.025054	 -0.100704	  0.012610	 -0.072766
  0.033421	  0.020850	  0.018367	 -0.017737	 -0.087939	  0.008397	 -0.055693
  0.025248	  0.028579	  0.031671	 -0.031389	 -0.107926	  0.044380	 -0.020565
  0.017741	  0.042485	  0.023910	 -0.054322	 -0.120152	  0.051761	 -0.005709
  0.050525	  0.059304	  0.018969	 -0.045136	 -0.092246	  0.055277	 -0.030575
  0.100065	  0.073336	  0.007882	 -0.018528	 -0.086165	  0.023791	 -0.041978
  0.078241	  0.093799	 -0.008810	 -0.001741	 -0.084518	 -0.005192	 -0.039919
  0.043018	  0.090853	 -0.017141	 -0.011243	 -0.072513	 -0.004970	 -0.019076
  0.076784	  0.123953	 -0.018186	 -0.008931	 -0.042896	 -0.034206	  0.012029
  0.097500	  0.150877	  0.003891	  0.027876	 -0.033235	  0.005451	 -0.016986
  0.094332	  0.132696	 -0.037097	 -0.016121	 -0.047267	  0.014384	 -0.018190
  0.105925	  0.129845	 -0.013467	 -0.035950	 -0.055566	  0.022429	 -0.039032
  0.112672	  0.131999	 -0.025820	 -0.035348	 -0.008560	  0.018850	 -0.073780
  0.125342	  0.084866	 -0.028006	 -0.027778	  0.032554	  0.029936	 -0.068205
  0.095187	  0.036435	 -0.039314	 -0.005985	  0.021943	  0.002791	 -0.081857
  0.095124	  0.003999	 -0.046441	 -0.011845	 -0.012140	 -0.008993	 -0.101306
  0.090119	  0.022339	 -0.067537	 -0.015361	 -0.048186	 -0.007567	 -0.096174
  0.110518	  0.030923	 -0.076596	 -0.014474	 -0.026710	  0.014605	 -0.122528
  0.112672	  0.070074	 -0.074125	  0.007445	 -0.041376	  0.020212	 -0.130985
  0.124804	  0.056833	 -0.085528	  0.036523	 -0.060539	 -0.006965	 -0.141692
  0.103296	  0.073811	 -0.101587	  0.044664	 -0.075554	  0.019198	 -0.127279
  0.121035	  0.090948	 -0.066491	  0.040704	 -0.055661	 -0.022486	 -0.139886
  0.136112	  0.103903	 -0.036400	  0.062370	 -0.041313	 -0.023785	 -0.117903
  0.107319	  0.098645	 -0.021671	  0.042795	 -0.021389	 -0.035980	 -0.098708
  0.049100	  0.111885	 -0.026802	  0.010708	 -0.067445	 -0.001296	 -0.064879
  0.052648	  0.092056	 -0.029083	  0.000413	 -0.056327	  0.004469	 -0.073051
  0.037855	  0.079006	 -0.026359	 -0.053973	 -0.049168	  0.006908	 -0.074857
  0.046883	  0.041027	 -0.059428	 -0.039307	 -0.032570	  0.019832	 -0.065006
  0.078146	  0.046697	 -0.079446	 -0.022298	 -0.043466	 -0.012287	 -0.053603
  0.082232	  0.044353	 -0.089963	  0.013052	 -0.070676	  0.001207	 -0.067793
  0.100509	  0.059526	 -0.080207	  0.026799	 -0.065639	 -0.015739	 -0.053191
  0.123600	  0.057562	 -0.066206	  0.022776	 -0.072703	 -0.018210	 -0.081128
  0.098197	  0.042358	 -0.049292	 -0.003799	 -0.061775	 -0.010228	 -0.062440
  0.121573	  0.012805	 -0.049197	 -0.023723	 -0.030416	 -0.053877	 -0.075617
  0.139121	  0.004411	 -0.079003	 -0.004243	 -0.061711	 -0.068637	 -0.054046
  0.130062	  0.026615	 -0.093795	  0.004753	 -0.078183	 -0.068732	 -0.072544
  0.096898	  0.030321	 -0.044128	 -0.010610	 -0.085911	 -0.055777	 -0.060951
  0.079857	  0.042548	 -0.023318	 -0.011148	 -0.071911	 -0.074592	 -0.040331
  0.061232	  0.049485	 -0.016919	 -0.029456	 -0.052684	 -0.058660	 -0.045462
  0.032977	  0.050688	 -0.014924	  0.009061	 -0.043276	 -0.026953	 -0.047489
  0.056892	  0.030765	 -0.000670	 -0.009754	 -0.030480	 -0.002404	 -0.065639
  0.070164	  0.069504	 -0.013467	  0.001364	 -0.011886	  0.004343	 -0.040679
  0.095187	  0.095097	 -0.011186	 -0.007474	 -0.031398	  0.029683	 -0.006248
  0.099084	  0.081128	 -0.010077	  0.002504	 -0.034534	  0.039059	 -0.002510
  0.090626	  0.040141	 -0.000512	 -0.024167	 -0.021420	  0.058507	 -0.007927
  0.085336	  0.021832	 -0.024268	 -0.066390	 -0.006185	  0.039249	 -0.018475
  0.099780	  0.019362	 -0.023793	 -0.061449	 -0.013565	  0.010773	 -0.029656
  0.123790	  0.012393	 -0.006435	  0.003644	 -0.039412	  0.040484	 -0.029498
