:RUN-2	LEVEL SWEEP	TEMP:NaN	8/27/2019	2:50 PM	HR:-636.36:SW EAR: R	SW FREQ: 8.00	# AVERAGES: 512	REP RATE (/sec): 80	DRIVER: 	SAMPLE (µsec): 40	MASKER dB: 2147483647:NOTES-:CHAMBER-SEWELL-PXI1:CFTS Version: V2.7.2 (R850):LEVELS:20;30;40;50;60;70;80;:DATA -0.022271	  0.015491	 -0.022407	 -0.039990	 -0.023763	  0.007662	 -0.031121
 -0.018977	 -0.014474	 -0.012429	 -0.036094	  0.027298	 -0.007415	 -0.027605
 -0.009854	 -0.035728	 -0.031308	 -0.005496	  0.034583	 -0.012673	 -0.013858
 -0.004533	 -0.064426	 -0.022787	  0.010279	  0.022800	 -0.005610	 -0.017722
  0.024355	 -0.046593	 -0.028140	  0.031184	 -0.002825	  0.024197	 -0.020510
  0.030310	 -0.013714	 -0.005968	 -0.013731	  0.002876	  0.055777	 -0.033338
  0.005318	 -0.015709	  0.010820	 -0.028872	 -0.007102	  0.043677	 -0.012274
 -0.003614	 -0.012320	  0.042179	 -0.037171	  0.003130	  0.043994	 -0.000618
 -0.001745	 -0.040955	  0.046898	 -0.033180	  0.027013	  0.022771	  0.016329
  0.025686	 -0.012035	  0.069451	  0.003880	  0.016338	  0.004907	  0.026401
  0.046211	 -0.018655	  0.070370	  0.019940	 -0.000070	 -0.010488	  0.020605
  0.006110	 -0.008171	  0.056053	  0.014998	  0.004903	 -0.016284	  0.010437
 -0.016696	 -0.015456	  0.002078	  0.014745	 -0.001653	  0.018717	 -0.022157
  0.009563	  0.007319	 -0.019905	  0.038945	 -0.002984	 -0.009727	 -0.026085
  0.017577	  0.017771	 -0.058200	  0.023297	  0.012030	 -0.036778	 -0.009645
 -0.001334	  0.050017	 -0.056363	  0.025166	  0.008989	 -0.038045	  0.009645
 -0.024932	  0.035605	 -0.048729	  0.001885	 -0.023985	 -0.028479	  0.013446
 -0.044317	  0.082294	 -0.014520	 -0.004767	 -0.020785	 -0.049322	 -0.000618
 -0.015746	  0.056162	  0.015698	  0.013351	 -0.048311	 -0.023475	  0.035302
 -0.001112	  0.033577	  0.007209	  0.001631	 -0.028482	  0.016595	  0.083385
 -0.008872	  0.044094	 -0.024941	 -0.029062	 -0.030003	  0.051121	  0.092413
 -0.002537	  0.060375	 -0.093708	 -0.034225	  0.010256	  0.059071	  0.118640
 -0.014954	  0.072506	 -0.082115	 -0.047434	  0.048077	  0.099331	  0.113477
 -0.053534	  0.053660	 -0.071726	 -0.030361	  0.051118	  0.095783	  0.122124
 -0.026104	  0.031772	 -0.069413	 -0.005527	  0.052195	  0.112983	  0.128016
 -0.001334	  0.075389	 -0.063743	 -0.031723	  0.042565	  0.102561	  0.145659
 -0.000953	  0.065633	 -0.062096	 -0.043221	  0.030497	  0.108390	  0.150822
  0.012382	  0.074344	 -0.074038	  0.002106	 -0.003934	  0.117861	  0.119432
  0.010291	  0.076497	 -0.068273	  0.036791	  0.013867	  0.102435	  0.104133
 -0.032977	  0.072411	 -0.041602	  0.042904	 -0.012708	  0.074751	  0.132989
 -0.040136	  0.007699	  0.008730	  0.015030	 -0.017143	  0.129739	  0.133622
 -0.000668	  0.000097	 -0.006538	  0.006668	  0.007437	  0.165532	  0.115567
  0.022835	  0.037790	  0.002015	  0.047877	  0.030560	  0.206900	  0.164411
  0.011938	  0.076117	  0.020576	  0.078951	  0.038226	  0.208864	  0.237802
  0.025400	  0.064714	  0.035749	  0.045153	  0.058688	  0.213742	  0.305683
 -0.000447	  0.047483	  0.036794	  0.031248	  0.090205	  0.259354	  0.351897
 -0.012230	  0.036048	  0.021178	  0.028397	  0.092581	  0.288844	  0.376477
  0.024545	  0.034401	  0.039233	  0.056841	  0.091092	  0.319062	  0.386518
  0.064709	  0.016504	  0.004422	  0.061244	  0.090205	  0.347792	  0.409831
  0.036613	 -0.012288	  0.034925	  0.078412	  0.109812	  0.340697	  0.380975
  0.046591	  0.005576	  0.060107	  0.114332	  0.130116	  0.293247	  0.273532
  0.055460	 -0.001265	  0.060044	  0.149175	  0.159352	  0.269427	  0.174674
  0.070411	  0.015871	  0.060329	  0.156238	  0.137465	  0.227932	  0.076322
  0.051754	  0.038297	  0.073094	  0.171791	  0.133062	  0.177474	 -0.022600
  0.066388	  0.007635	  0.126815	  0.141003	  0.136324	  0.066230	 -0.109359
  0.074592	  0.030156	  0.125358	  0.132545	  0.127677	  0.006554	 -0.194281
  0.030152	  0.017106	  0.141703	  0.125418	  0.046145	 -0.054326	 -0.240653
  0.035885	  0.005798	  0.143128	  0.075308	 -0.035641	 -0.131582	 -0.257853
  0.033319	  0.010803	  0.117503	  0.015283	 -0.064466	 -0.151506	 -0.294089
  0.002753	  0.011531	  0.102900	 -0.030994	 -0.137731	 -0.162339	 -0.344643
  0.025369	  0.012292	  0.067614	 -0.046072	 -0.144858	 -0.167280	 -0.358580
  0.040826	  0.040546	  0.064605	 -0.089910	 -0.167505	 -0.158316	 -0.301280
  0.065058	  0.039089	 -0.008407	 -0.137170	 -0.185402	 -0.134433	 -0.209041
  0.064171	  0.037252	 -0.019905	 -0.133781	 -0.152175	 -0.070797	 -0.141636
  0.061827	  0.031202	 -0.001375	 -0.102961	 -0.127721	 -0.039471	 -0.087756
  0.062556	  0.029523	 -0.026652	 -0.130708	 -0.097630	 -0.013022	 -0.013193
  0.052166	  0.010993	 -0.040367	 -0.172805	 -0.101019	  0.005350	  0.062796
  0.063569	 -0.014094	 -0.042489	 -0.165424	 -0.074507	  0.061162	  0.140147
  0.067117	  0.013242	 -0.052024	 -0.135713	 -0.002382	  0.074307	  0.200204
  0.079724	  0.011848	 -0.040874	 -0.070240	  0.018936	  0.063126	  0.271347
  0.060085	  0.003676	 -0.021457	 -0.042936	  0.031226	  0.091665	  0.315787
  0.032369	  0.002377	  0.010123	 -0.028999	  0.043135	  0.159482	  0.341349
  0.037817	 -0.003261	  0.025264	  0.023614	  0.062077	  0.220489	  0.340652
  0.039813	  0.010581	  0.014115	  0.042302	  0.087893	  0.228598	  0.275718
  0.068099	 -0.012320	  0.039423	  0.062891	  0.111839	  0.213805	  0.212906
  0.043835	  0.028351	  0.040912	  0.100078	  0.151528	  0.188592	  0.154560
  0.028251	  0.017486	  0.050573	  0.095137	  0.133378	  0.163283	  0.100458
  0.020681	  0.011595	  0.057731	  0.084621	  0.140727	  0.174401	  0.067104
  0.016943	  0.000318	  0.042115	  0.092413	  0.120645	  0.191569	  0.024533
  0.040510	  0.002789	  0.030332	  0.074770	  0.108830	  0.124671	 -0.014428
  0.044279	  0.038265	  0.025708	  0.067833	  0.083268	  0.135124	 -0.017057
  0.078140	  0.077068	  0.006354	  0.022030	  0.052163	  0.131006	 -0.026211
  0.082923	  0.079982	 -0.019841	 -0.005749	  0.053081	  0.100313	 -0.073851
  0.087262	  0.054800	 -0.015470	 -0.020890	  0.011650	  0.090335	 -0.110753
  0.032686	  0.062814	 -0.034222	 -0.028334	  0.007279	  0.070063	 -0.111830
  0.028663	  0.067248	 -0.021995	 -0.048289	 -0.049420	  0.047827	 -0.094978
  0.071203	  0.068705	 -0.008470	 -0.039167	 -0.059714	  0.057899	 -0.091906
  0.066483	  0.064334	 -0.049775	 -0.018546	 -0.036813	  0.061732	 -0.048891
  0.053686	  0.041750	 -0.033937	 -0.018324	 -0.031365	  0.056632	 -0.031184
  0.047732	  0.035985	 -0.030358	 -0.020922	 -0.022781	  0.063157	 -0.061466
  0.049125	  0.034084	 -0.031086	 -0.017311	 -0.023953	  0.033921	 -0.076100
  0.019857	  0.030917	 -0.046860	 -0.003437	  0.013836	  0.002024	 -0.059819
 -0.037855	  0.057809	 -0.012366	  0.008663	  0.014501	 -0.009664	 -0.085539
 -0.022398	  0.050334	 -0.005461	  0.013826	  0.033569	 -0.000700	 -0.099888
 -0.018216	  0.045836	  0.027735	  0.027732	 -0.019043	 -0.042670	 -0.075118
  0.019065	  0.026736	  0.006671	  0.032578	 -0.034152	 -0.032945	 -0.095992
  0.018527	  0.035351	 -0.005524	  0.015568	 -0.066968	 -0.033706	 -0.125577
 -0.025882	  0.010581	 -0.020538	  0.003310	 -0.098295	 -0.028511	 -0.158677
 -0.019737	 -0.000632	 -0.026018	 -0.024374	 -0.115304	 -0.052109	 -0.140781
 -0.019008	  0.005608	 -0.034951	 -0.050126	 -0.141373	 -0.041371	 -0.094820
  0.000725	  0.018880	 -0.009199	 -0.063050	 -0.148088	 -0.044602	 -0.101092
  0.012730	  0.034623	  0.003503	 -0.076797	 -0.127436	 -0.056068	 -0.116676
 -0.001524	  0.040134	 -0.003402	 -0.073471	 -0.113816	 -0.064241	 -0.118545
  0.023785	  0.041971	 -0.004891	 -0.088517	 -0.117395	 -0.077513	 -0.062891
  0.052831	  0.050397	 -0.016927	 -0.088105	 -0.081887	 -0.064431	 -0.056398
  0.053560	  0.031677	 -0.037548	 -0.078159	 -0.068298	 -0.027909	 -0.071729
  0.051247	  0.043650	 -0.049268	 -0.079299	 -0.094177	 -0.017425	 -0.024406
  0.012762	  0.017138	 -0.025385	 -0.091938	 -0.121101	 -0.026800	 -0.032420
 -0.024393	 -0.003514	 -0.031181	 -0.085856	 -0.086385	 -0.004184	 -0.005211
 -0.020877	 -0.017483	 -0.039702	 -0.074073	 -0.058479	  0.001612	  0.041447
  0.004780	 -0.024990	 -0.048508	 -0.045185	 -0.026012	 -0.011755	  0.059692
 -0.007193	 -0.056349	 -0.058707	 -0.055258	 -0.011948	 -0.003994	  0.056683
  0.014346	 -0.073580	 -0.014710	 -0.070937	  0.012695	  0.018590	  0.059629
  0.022771	 -0.105065	  0.002173	 -0.019940	  0.022071	  0.071140	  0.050823
  0.022676	 -0.070824	  0.000938	 -0.046705	  0.023750	  0.098539	  0.087218
  0.003291	 -0.045738	 -0.007868	 -0.051108	 -0.007545	  0.088244	  0.074294
  0.033446	 -0.072883	 -0.020443	 -0.064950	 -0.000830	  0.095435	  0.094788
  0.031514	 -0.072567	  0.016363	 -0.034985	  0.008831	  0.117417	  0.095675
  0.004716	 -0.093789	  0.009015	  0.000079	 -0.011093	  0.141490	  0.102137
  0.009626	 -0.043204	  0.008001	  0.040814	 -0.029654	  0.102720	  0.115472
 -0.015366	 -0.017230	  0.007970	  0.035270	 -0.063167	  0.122739	  0.117088
 -0.022524	 -0.000759	 -0.004416	  0.014618	 -0.016699	  0.150011	  0.117468
 -0.022398	  0.042098	 -0.019050	  0.016107	 -0.019867	  0.156156	  0.125799
 -0.040864	  0.033356	  0.003978	  0.000966	  0.023845	  0.155016	  0.135238
 -0.032470	  0.022839	  0.024536	 -0.016107	  0.018175	  0.138450	  0.141066
 -0.008714	  0.070226	  0.025739	 -0.023551	  0.021565	  0.143011	  0.094440
 -0.014099	  0.068452	  0.044618	  0.005337	  0.030085	  0.128630	  0.105811
 -0.040294	  0.046818	  0.066442	 -0.019940	 -0.028071	  0.104019	  0.090512
  0.000757	  0.031930	  0.077528	 -0.041352	 -0.054615	  0.069017	  0.064507
  0.011305	 -0.003546	  0.050573	 -0.002138	 -0.056103	  0.081212	  0.053389
  0.017165	 -0.026637	  0.053012	 -0.050411	 -0.049388	  0.056854	  0.032768
 -0.027846	 -0.049507	  0.067646	 -0.062891	 -0.051764	  0.016658	  0.024121
 -0.005863	 -0.000822	  0.034989	 -0.056303	 -0.023003	 -0.003202	  0.018071
  0.006047	 -0.022013	  0.035084	 -0.027732	 -0.039094	 -0.000478	 -0.030994
 -0.004976	 -0.038040	  0.015001	 -0.017406	 -0.046981	 -0.015271	 -0.025388
  0.027618	 -0.066960	  0.030174	 -0.006699	 -0.053886	  0.007536	 -0.066122
  0.020301	 -0.085268	 -0.001058	 -0.034510	 -0.075710	 -0.024678	 -0.119844
 -0.005673	 -0.037027	 -0.008787	 -0.049873	 -0.080937	 -0.031869	 -0.173660
 -0.012578	 -0.041937	 -0.011986	 -0.062986	 -0.087240	 -0.019769	 -0.152944
  0.001042	 -0.051154	 -0.029819	 -0.078317	 -0.098612	 -0.021954	 -0.153419
  0.012002	 -0.078807	 -0.030516	 -0.059249	 -0.128988	 -0.013433	 -0.124088
  0.021283	 -0.102278	 -0.045308	 -0.043728	 -0.107512	 -0.005578	 -0.102454
 -0.021764	 -0.076494	 -0.022185	 -0.048796	 -0.106182	 -0.002220	 -0.077114
 -0.005610	 -0.068417	 -0.042109	 -0.048986	 -0.105739	 -0.022271	 -0.077209
 -0.009506	 -0.059801	 -0.045055	 -0.072489	 -0.061837	 -0.014130	 -0.066502
 -0.009759	 -0.069684	 -0.038086	 -0.091272	 -0.004663	  0.011337	 -0.063145
 -0.014859	 -0.064806	 -0.028362	 -0.092729	 -0.022496	 -0.000827	 -0.034669
 -0.000478	 -0.045231	  0.012531	 -0.072457	 -0.002224	  0.033098	 -0.021777
  0.017038	 -0.030438	  0.011264	 -0.066376	 -0.001273	  0.041270	 -0.034289
  0.032496	 -0.033162	 -0.015217	 -0.071317	  0.053937	  0.069081	 -0.052217
  0.006934	 -0.058851	 -0.020602	 -0.024247	  0.063724	  0.048555	 -0.083702
 -0.004628	 -0.040955	 -0.063268	  0.009233	  0.029072	 -0.009189	 -0.104608
 -0.023538	 -0.020619	 -0.030801	 -0.008822	  0.006360	 -0.009316	 -0.127161
 -0.004374	  0.003929	 -0.031688	  0.007238	 -0.003015	 -0.025724	 -0.139070
  0.006174	 -0.022520	 -0.039037	  0.003025	 -0.042451	 -0.067598	 -0.135808
  0.023183	 -0.053815	 -0.019525	 -0.014491	 -0.081444	 -0.082739	 -0.150030
 -0.021226	 -0.058598	 -0.006094	 -0.035936	 -0.063262	 -0.109441	 -0.191430
 -0.048942	 -0.045801	  0.017821	 -0.084526	 -0.084326	 -0.118532	 -0.250789
 -0.046154	 -0.058218	 -0.003307	 -0.095390	 -0.133835	 -0.104152	 -0.271632
 -0.032597	 -0.029932	 -0.008058	 -0.061688	 -0.130002	 -0.107826	 -0.310212
  0.008549	 -0.039307	  0.020513	 -0.058805	 -0.109571	 -0.100351	 -0.317212
  0.013205	 -0.041303	  0.028939	 -0.064032	 -0.104567	 -0.134243	 -0.320285
  0.006364	 -0.039434	  0.021241	 -0.053325	 -0.129083	 -0.142447	 -0.301470
  0.000155	  0.025120	  0.036826	 -0.048099	 -0.140296	 -0.132279	 -0.316611
 -0.017583	 -0.009184	  0.002521	 -0.063652	 -0.159111	 -0.092939	 -0.342014
 -0.015049	 -0.002913	  0.001571	 -0.071950	 -0.165763	 -0.066268	 -0.370079
 -0.032217	  0.020210	  0.030681	 -0.073851	 -0.141722	 -0.059806	 -0.321805
 -0.026705	 -0.002026	  0.004897	 -0.086109	 -0.151763	 -0.040104	 -0.289750
 -0.017298	  0.019165	  0.019024	 -0.092254	 -0.169913	 -0.014542	 -0.290954
 -0.011501	  0.033831	 -0.002135	 -0.084462	 -0.134658	 -0.021764	 -0.289623
 -0.010203	  0.072031	 -0.027000	 -0.092033	 -0.126169	 -0.030475	 -0.230707
 -0.013465	  0.080932	 -0.048191	 -0.110911	 -0.138522	 -0.019357	 -0.234698
 -0.019262	  0.069180	 -0.062920	 -0.092128	 -0.158003	 -0.031710	 -0.190575
 -0.010171	  0.060470	 -0.052879	 -0.089689	 -0.133138	 -0.037317	 -0.128111
 -0.037412	  0.057682	 -0.051327	 -0.081706	 -0.123952	 -0.040389	 -0.119210
 -0.036208	  0.018912	 -0.052847	 -0.081453	 -0.121925	 -0.028321	 -0.082245
 -0.017868	  0.030790	 -0.072517	 -0.078697	 -0.050592	 -0.027624	 -0.081453
  0.010830	  0.020876	 -0.075400	 -0.074991	 -0.030510	  0.005920	 -0.081263
  0.008011	  0.031962	 -0.038973	 -0.103372	 -0.063104	  0.045007	 -0.039008
  0.042125	  0.016885	 -0.019366	 -0.119495	 -0.072321	  0.043424	 -0.003880
  0.028441	 -0.008424	  0.003440	 -0.113762	 -0.054678	  0.028663	 -0.011767
  0.034079	 -0.016596	  0.008413	 -0.118513	 -0.032790	  0.007377	 -0.021175
  0.041175	 -0.033416	  0.002901	 -0.109676	 -0.075647	 -0.012832	 -0.028112
  0.005888	 -0.036868	  0.015318	 -0.072869	 -0.099879	  0.010735	 -0.039642
 -0.008334	 -0.026036	  0.021843	 -0.059439	 -0.108969	  0.006142	 -0.033180
 -0.034466	 -0.053688	  0.002141	 -0.058267	 -0.114196	  0.039718	  0.012528
 -0.037919	 -0.023501	 -0.007045	 -0.097164	 -0.111250	  0.042980	 -0.037266
 -0.050177	  0.005798	  0.008286	 -0.114205	 -0.096774	  0.061764	 -0.078507
 -0.049480	  0.003676	  0.020291	 -0.128111	 -0.093068	  0.077095	 -0.062543
 -0.021321	  0.053153	 -0.002895	 -0.098811	 -0.105137	  0.090588	 -0.073883
 -0.028067	  0.052868	 -0.014172	 -0.098874	 -0.085878	  0.083303	 -0.079109
 -0.023665	  0.018310	 -0.050820	 -0.104196	 -0.069629	  0.065596	 -0.101218
 -0.008270	  0.004753	 -0.074830	 -0.077272	 -0.077452	  0.051279	 -0.100268
 -0.003234	 -0.016723	 -0.031973	 -0.091526	 -0.075900	  0.044121	 -0.101852
 -0.010171	 -0.029963	 -0.046924	 -0.089245	 -0.073810	  0.035600	 -0.077747
 -0.003171	 -0.003198	 -0.035774	 -0.086109	 -0.098992	  0.027364	 -0.066154
 -0.014225	  0.017011	 -0.073975	 -0.063620	 -0.099720	  0.017006	 -0.081801
 -0.017171	  0.026387	 -0.066087	 -0.082847	 -0.110680	  0.011527	 -0.103182
 -0.020941	 -0.005161	 -0.046575	 -0.092983	 -0.105675	  0.019160	 -0.103024
 -0.013972	 -0.011307	 -0.004225	 -0.112527	 -0.117680	  0.030183	 -0.077525
  0.018939	 -0.020112	 -0.009262	 -0.104608	 -0.111725	  0.041998	 -0.084399
  0.011812	 -0.035887	 -0.020380	 -0.130993	 -0.113499	  0.025369	 -0.058520
  0.017957	 -0.039909	 -0.013000	 -0.113255	 -0.124205	  0.018812	 -0.040243
 -0.011628	 -0.036615	  0.011232	 -0.112748	 -0.106182	  0.055745	 -0.017374
 -0.031457	 -0.044090	  0.025708	 -0.108852	 -0.085023	  0.068542	  0.004799
 -0.044444	 -0.023945	  0.002743	 -0.141636	 -0.090819	  0.059673	  0.031533
 -0.009664	 -0.016311	 -0.007203	 -0.132324	 -0.068868	  0.033763	  0.023170
 -0.044475	 -0.031927	 -0.005049	 -0.122758	 -0.059176	  0.014567	  0.010722
 -0.045331	 -0.033353	  0.008445	 -0.146071	 -0.060823	  0.041111	  0.008600
 -0.022113	 -0.042222	  0.021685	 -0.140401	 -0.047551	  0.023278	  0.010152
 -0.016823	 -0.036837	  0.007874	 -0.140623	 -0.035324	  0.037849	  0.006478
 -0.003519	 -0.046339	 -0.022565	 -0.138690	 -0.044067	  0.077158	  0.027383
  0.015581	 -0.029710	 -0.030168	 -0.117024	 -0.048438	  0.065375	  0.030392
 -0.001017	 -0.045231	 -0.034919	 -0.085191	 -0.014545	  0.045673	  0.055448
 -0.008809	 -0.020397	 -0.022629	 -0.096055	 -0.025822	  0.054732	  0.030456
 -0.014796	  0.008205	 -0.029091	 -0.111260	 -0.031080	  0.093914	  0.037836
 -0.020117	 -0.026669	 -0.054684	 -0.094408	 -0.047614	  0.057424	  0.020541
 -0.018375	 -0.042095	 -0.068336	 -0.071095	 -0.047994	  0.047256	  0.057190
 -0.005705	 -0.024008	 -0.065295	 -0.052692	 -0.053538	  0.067529	  0.065077
 -0.008904	 -0.011275	 -0.069920	 -0.051995	 -0.042166	  0.061447	  0.067041
 -0.018153	 -0.020081	 -0.072549	 -0.024406	 -0.064719	  0.092869	  0.098209
 -0.010551	 -0.040321	 -0.053956	 -0.028777	 -0.030098	  0.094358	  0.085476
 -0.015017	 -0.057774	 -0.018669	 -0.026813	 -0.007482	  0.069556	  0.066724
  0.026652	 -0.001687	 -0.064896	 -0.014362	  0.030234	 -0.002075	  0.031862
  0.015819	 -0.020312	 -0.048077	  0.001318	  0.023836	 -0.000428	  0.037912
  0.028425	 -0.013121	 -0.046746	  0.017662	  0.011229	 -0.035841	  0.049569
  0.013221	 -0.028072	 -0.027329	  0.033120	 -0.027288	 -0.031438	  0.044184
  0.016009	  0.025998	 -0.021786	  0.017599	 -0.037393	 -0.010627	  0.003133
 -0.005340	  0.022893	 -0.013424	  0.002268	 -0.002867	 -0.026496	  0.003481
 -0.007843	  0.018934	 -0.011777	  0.002078	 -0.006446	 -0.035112	 -0.002062
  0.006158	  0.008259	  0.017618	 -0.025226	  0.007650	 -0.014523	  0.084728
  0.014172	  0.027074	  0.038745	 -0.002800	  0.000744	 -0.016170	  0.055302
 -0.013006	  0.033124	  0.041659	 -0.004257	 -0.016455	 -0.023075	 -0.044729
 -0.005340	  0.010857	  0.044098	 -0.011321	 -0.028999	  0.007966	  0.027903
 -0.001349	 -0.008053	  0.017745	  0.001539	 -0.000649	  0.007111	  0.031672
 -0.012436	 -0.034914	  0.005581	 -0.018479	 -0.000554	 -0.038470	 -0.174439
  0.010846	 -0.013280	  0.026107	 -0.015565	  0.020858	  0.005622	  0.000979
 -0.001413	  0.011617	  0.007703	  0.022065	  0.035682	  0.061244	  0.144500
 -0.029192	  0.017572	  0.003522	  0.011327	 -0.010374	  0.010564	 -0.124139
 -0.025613	  0.014563	  0.023763	  0.018391	  0.022030	  0.033497	 -0.042797
 -0.041134	 -0.004126	  0.020659	 -0.016832	  0.009265	  0.095834	  0.156505
 -0.008255	 -0.033172	 -0.002591	  0.004390	 -0.018831	  0.006636	 -0.112039
  0.019620	 -0.034154	 -0.010573	 -0.022914	 -0.011672	  0.005781	 -0.171525
  0.027950	 -0.003556	  0.019993	 -0.031625	  0.017216	  0.083639	  0.103068
  0.036629	  0.039206	  0.049420	 -0.004162	  0.009265	  0.041542	 -0.059046
  0.063617	  0.010540	  0.065194	 -0.008692	  0.002740	 -0.008093	 -0.166837
  0.086043	  0.020138	  0.066778	  0.003060	  0.018641	  0.091811	  0.122644
  0.073626	  0.009843	  0.055280	 -0.009990	  0.001410	  0.060104	  0.060180
  0.055381	 -0.013945	  0.068615	  0.010313	  0.031628	 -0.002201	 -0.056860
  0.068178	 -0.017999	  0.106119	  0.029921	  0.076638	  0.052724	  0.195497
  0.038181	 -0.002510	  0.119581	  0.045600	  0.040624	  0.045470	  0.117797
  0.049585	 -0.026900	  0.095254	  0.070275	  0.046832	  0.013636	 -0.064494
  0.054589	 -0.012108	  0.065416	  0.066696	  0.069733	  0.057665	  0.168795
  0.051105	 -0.049897	  0.034659	  0.077402	  0.105526	  0.063557	  0.137943
  0.037421	 -0.050847	  0.030541	  0.060994	  0.084050	  0.012052	 -0.103486
  0.071441	 -0.041534	  0.067158	  0.044111	  0.078412	  0.068815	  0.126096
  0.064915	 -0.044385	  0.059683	  0.035337	  0.054973	  0.088390	  0.204556
 -0.001571	 -0.062630	  0.040266	  0.001349	  0.025388	  0.025356	 -0.084735
 -0.010250	 -0.030511	  0.062027	  0.052632	  0.009645	  0.048479	  0.051311
 -0.054659	 -0.010144	  0.109951	  0.046043	  0.018736	  0.055986	  0.177822
 -0.059252	  0.004173	  0.101082	  0.035717	 -0.016075	 -0.040687	 -0.099432
 -0.085922	 -0.004601	  0.118092	  0.059949	 -0.022157	  0.000903	  0.010988
 -0.103819	  0.013612	  0.138839	  0.052980	 -0.021048	  0.114807	  0.208800
 -0.082248	  0.009558	  0.122716	  0.053677	 -0.040275	  0.046579	 -0.087047
 -0.074709	  0.007087	  0.143939	  0.082755	  0.005116	  0.032008	 -0.035701
 -0.056528	  0.000847	  0.155057	  0.107747	  0.039800	  0.121396	  0.210258
 -0.048894	 -0.004094	  0.113024	  0.087443	 -0.001410	  0.088295	 -0.010614
 -0.029065	 -0.016701	  0.117268	  0.030427	 -0.028112	  0.069670	 -0.050430
 -0.024029	 -0.015465	  0.113974	  0.030396	 -0.014080	  0.119907	  0.198696
 -0.014305	 -0.012108	  0.071276	  0.047469	 -0.039610	  0.045026	 -0.000985
  0.015312	 -0.013597	  0.056927	  0.046898	 -0.008758	  0.029981	 -0.099274
  0.024529	 -0.014420	  0.079131	  0.000557	  0.053135	  0.097671	  0.162428
 -0.001413	  0.010192	  0.063959	 -0.037675	  0.039800	  0.013668	  0.036804
 -0.017124	  0.010445	  0.051479	 -0.042553	  0.024121	 -0.032325	 -0.104405
  0.001818	  0.016146	  0.058226	 -0.029692	  0.029791	  0.087250	  0.144975
  0.041444	 -0.042009	  0.063959	 -0.017022	  0.031279	  0.035365	  0.080167
  0.045562	 -0.064626	  0.060379	 -0.018638	  0.006731	 -0.009772	 -0.119261
  0.038783	 -0.052621	  0.082267	 -0.016072	 -0.001758	  0.060262	  0.198094
  0.018289	 -0.045304	  0.068393	 -0.008343	 -0.002708	  0.049334	  0.186881
  0.057820	 -0.041154	  0.076344	  0.003852	 -0.034605	 -0.044235	 -0.054896
  0.054843	 -0.035072	  0.078403	  0.006037	 -0.027985	  0.019496	  0.144975
  0.035141	 -0.026805	  0.073493	 -0.001628	 -0.003754	  0.048479	  0.207438
  0.006063	 -0.048851	  0.047203	 -0.046449	 -0.046293	 -0.032071	 -0.065919
  0.028806	 -0.053096	  0.007893	 -0.073816	 -0.049334	  0.024216	  0.065248
  0.073246	 -0.062757	 -0.002148	 -0.013633	 -0.057126	  0.054592	  0.188750
  0.072042	 -0.080558	  0.049800	 -0.029692	 -0.061878	 -0.051013	 -0.047104
  0.041982	 -0.065766	  0.094716	 -0.027539	 -0.071285	 -0.002803	  0.063189
  0.014013	 -0.080875	  0.109001	  0.004073	 -0.031248	  0.053547	  0.224638
  0.011416	 -0.046222	  0.134880	 -0.002895	 -0.032546	 -0.005179	 -0.043525
 -0.014115	 -0.027629	  0.123888	 -0.030833	 -0.021302	  0.023677	  0.029201
 -0.001033	 -0.005836	  0.081254	 -0.045847	  0.002518	  0.069702	  0.278328
  0.009040	  0.017540	  0.076724	 -0.023421	 -0.037709	  0.015980	  0.019414
  0.017592	  0.053207	  0.082932	 -0.024656	 -0.078792	  0.020795	 -0.010044
  0.042901	  0.038193	  0.094589	 -0.032607	 -0.039293	  0.102074	  0.265056
  0.032670	  0.020866	  0.089616	 -0.042743	 -0.057792	  0.034605	  0.067434
  0.023262	 -0.013533	  0.062407	 -0.053861	 -0.028175	  0.031153	 -0.023411
  0.032100	 -0.021104	  0.081475	 -0.056838	 -0.029632	  0.129695	  0.275635
  0.044802	 -0.030575	  0.092245	 -0.019050	 -0.082087	  0.071665	  0.118209
  0.028362	 -0.055281	  0.077231	 -0.017719	 -0.053832	  0.032831	 -0.038647
  0.042204	 -0.077707	  0.073335	  0.031251	 -0.038913	  0.135396	  0.216878
  0.042616	 -0.102097	  0.099182	  0.030522	 -0.007269	  0.079362	  0.144405
  0.028045	 -0.057023	  0.130287	  0.009965	 -0.021903	 -0.026655	 -0.069626
  0.013791	 -0.025602	  0.143939	 -0.008027	 -0.000143	  0.037139	  0.144753
 -0.021432	 -0.014452	  0.138332	 -0.021394	 -0.011704	  0.048067	  0.138228
  0.026335	 -0.030036	  0.112992	 -0.011447	 -0.047465	  0.002613	 -0.092242
  0.060101	 -0.045969	  0.094019	  0.030934	  0.002487	  0.070303	  0.081466
  0.038181	 -0.037670	  0.104852	  0.003662	 -0.011514	  0.105305	  0.144151
  0.040209	 -0.035072	  0.104345	 -0.001438	 -0.085856	  0.030899	 -0.097025
  0.034729	 -0.058164	  0.102096	  0.028368	 -0.045217	  0.086046	  0.055682
  0.043059	 -0.048281	  0.116001	  0.031694	  0.002296	  0.139451	  0.208420
  0.060544	 -0.019267	  0.092498	 -0.017307	 -0.048036	  0.019718	 -0.042606
  0.061178	 -0.027249	  0.094684	 -0.018828	 -0.028239	  0.029949	  0.065628
  0.051770	 -0.043625	  0.090629	 -0.003339	  0.000934	  0.084145	  0.230181
  0.033874	 -0.033204	  0.095856	  0.010409	 -0.020098	  0.005844	 -0.028796
  0.042774	 -0.014990	  0.077769	 -0.011447	 -0.004450	  0.020922	  0.022201
  0.037580	 -0.035326	  0.078276	  0.002521	  0.056556	  0.107015	  0.246114
  0.048698	 -0.040457	  0.116065	  0.001920	  0.041827	  0.006953	 -0.003963
  0.093645	 -0.020629	  0.111567	  0.013164	  0.024818	 -0.018483	 -0.024266
  0.087532	  0.003983	  0.085751	 -0.005334	  0.018514	  0.049334	  0.193660
  0.050060	 -0.026235	  0.078846	 -0.022249	 -0.008822	 -0.007776	 -0.008682
  0.025765	 -0.052050	  0.063262	 -0.038308	  0.014808	 -0.021460	 -0.073268
  0.001153	 -0.031588	  0.062914	 -0.052815	  0.036537	  0.077494	  0.233571
  0.012968	 -0.001465	  0.046221	 -0.031023	  0.010279	  0.039832	  0.052800
  0.043123	 -0.018031	  0.071434	  0.002553	 -0.003817	 -0.000839	 -0.130220
  0.049394	 -0.031271	  0.100449	  0.001539	  0.028619	  0.134383	  0.129739
  0.076255	 -0.056042	  0.092878	 -0.045308	 -0.013446	  0.102105	  0.042980
  0.083921	 -0.058576	  0.072258	 -0.037580	 -0.030868	 -0.013985	 -0.132691
  0.061463	 -0.066209	  0.053158	 -0.009800	  0.000459	  0.056810	  0.128599
  0.055128	 -0.072734	  0.062153	 -0.006981	  0.036949	  0.072299	  0.141776
  0.091934	 -0.083092	  0.077452	 -0.035647	  0.037773	  0.010247	 -0.101206
  0.121044	 -0.084739	  0.087145	 -0.042743	  0.027605	  0.065996	  0.088719
  0.119524	 -0.073210	  0.120278	 -0.013760	  0.005084	  0.084494	  0.146812
  0.113980	 -0.052272	  0.122875	 -0.021235	  0.002803	 -0.010785	 -0.097563
  0.084744	 -0.052399	  0.090851	  0.008698	  0.028080	  0.020510	  0.069144
  0.097351	 -0.043023	  0.079100	  0.004010	  0.022664	  0.058742	  0.191854
  0.079423	 -0.031715	  0.036275	 -0.001216	 -0.016424	 -0.022790	 -0.095409
  0.039860	 -0.037290	  0.000196	 -0.030104	 -0.025673	 -0.035334	  0.012730
  0.029882	 -0.036593	  0.024175	 -0.018416	 -0.008917	  0.046357	  0.197714
  0.031023	 -0.034439	  0.013532	 -0.026176	 -0.020478	 -0.043981	 -0.067725
 -0.010282	 -0.029308	  0.003712	 -0.036629	 -0.023361	 -0.050063	 -0.050399
 -0.044840	 -0.021040	 -0.008736	 -0.052214	 -0.012211	  0.005147	  0.130309
 -0.032866	 -0.047141	  0.030605	 -0.065517	 -0.031406	 -0.032451	  0.007884
 -0.023522	 -0.053096	  0.044193	 -0.039417	 -0.040370	 -0.027732	 -0.023696
  0.022819	 -0.073526	  0.064814	 -0.020222	  0.006002	  0.026085	  0.101960
  0.043249	 -0.041851	  0.053728	  0.002965	  0.006541	  0.066661	  0.110544
  0.039385	 -0.023701	  0.040772	 -0.017687	 -0.006889	  0.036791	  0.028663
  0.026018	 -0.044068	  0.049863	  0.013038	 -0.024247	  0.025451	  0.059420
  0.031276	 -0.040014	  0.070009	  0.013544	 -0.015600	  0.042968	  0.113173
  0.039670	 -0.046507	  0.061932	  0.012341	 -0.032641	  0.018641	  0.075289
  0.033810	 -0.011348	  0.082964	  0.005752	 -0.020383	  0.030392	  0.039939
 -0.004137	 -0.009099	  0.096014	  0.006227	  0.005242	  0.015853	  0.063854
 -0.000589	  0.006137	  0.086036	 -0.018353	 -0.000174	 -0.030646	  0.054035
  0.007203	  0.009716	  0.094811	  0.007431	 -0.012939	 -0.017817	  0.040446
 -0.009458	  0.005884	  0.121608	  0.010725	 -0.029569	 -0.008030	  0.076176
  0.002610	 -0.002700	  0.115304	 -0.017783	 -0.033117	 -0.004609	  0.057709
  0.003529	 -0.007895	  0.079891	 -0.003909	 -0.022980	  0.000523	  0.055555
  0.012778	 -0.041503	  0.075425	 -0.037801	 -0.035714	  0.021523	  0.069017
  0.028457	 -0.025602	  0.054805	 -0.042489	 -0.026021	  0.022442	  0.070348
  0.044865	 -0.023258	  0.049356	 -0.006601	 -0.031945	  0.046579	  0.062175
  0.064915	 -0.058481	  0.061551	 -0.025100	 -0.025705	  0.053420	  0.067782
  0.061431	 -0.074762	  0.080398	  0.013164	  0.004070	  0.055796	  0.094738
  0.048032	 -0.105075	  0.042261	 -0.002927	  0.018261	  0.039578	  0.083936
  0.035236	 -0.103301	  0.032759	 -0.003624	 -0.001726	  0.004229	  0.043455
  0.017276	 -0.123732	  0.014197	 -0.003624	 -0.008473	  0.006383	  0.030722
  0.030041	 -0.104948	  0.007830	 -0.007963	 -0.012084	 -0.005496	 -0.002791
  0.033747	 -0.074160	  0.012550	  0.003820	  0.045407	 -0.025768	  0.018812
  0.031561	 -0.084581	  0.034342	 -0.017117	  0.009740	 -0.037488	  0.015834
  0.006823	 -0.059779	  0.025980	 -0.034127	 -0.004229	  0.023772	  0.027966
  0.003750	 -0.031778	  0.006658	 -0.051453	 -0.023139	 -0.004545	  0.042505
  0.000773	 -0.029973	 -0.004682	 -0.020000	  0.013098	 -0.005591	 -0.000352
  0.021140	 -0.049041	  0.022084	 -0.027792	  0.008061	  0.020541	 -0.025755
  0.051548	 -0.068553	  0.019962	 -0.008945	  0.006066	 -0.001758	 -0.016379
  0.049711	 -0.077074	  0.063674	  0.030269	  0.006034	 -0.022854	 -0.018533
  0.029851	 -0.058702	  0.032569	  0.002426	  0.021207	  0.003247	 -0.027244
  0.003085	 -0.059558	  0.008179	 -0.047209	  0.054402	  0.025546	 -0.004533
 -0.003313	 -0.059336	  0.015876	 -0.055128	  0.038691	  0.025578	  0.056537
 -0.000779	 -0.068395	  0.029686	 -0.024624	  0.024438	 -0.017976	  0.054257
 -0.003313	 -0.045240	 -0.000057	 -0.006221	  0.024057	 -0.011134	  0.058058
 -0.012626	 -0.035168	 -0.000184	 -0.000203	  0.021207	 -0.001505	  0.039813
 -0.006734	 -0.051765	 -0.001672	 -0.045688	  0.037076	  0.006984	  0.021251
 -0.013766	 -0.044290	  0.011568	 -0.033177	  0.013098	  0.018007	  0.043614
  0.025606	 -0.025443	  0.021767	 -0.022597	 -0.006446	  0.040719	  0.084348
  0.064092	 -0.030226	  0.025505	 -0.029692	  0.003722	  0.008600	  0.091570
  0.096939	 -0.025665	  0.039220	 -0.007171	 -0.024723	  0.043981	  0.080230
  0.104510	 -0.025823	  0.040456	 -0.050566	 -0.035682	  0.059914	  0.087832
  0.096749	 -0.018063	  0.075077	 -0.038815	 -0.037804	  0.025134	  0.074180
  0.093867	 -0.014990	  0.059017	 -0.019525	 -0.038216	  0.020985	  0.057646
  0.076762	 -0.062503	  0.070389	 -0.019968	 -0.034669	  0.050411	  0.027143
  0.040779	 -0.086703	  0.042958	 -0.081101	 -0.043348	  0.066977	  0.019192
  0.019208	 -0.069947	  0.070357	 -0.089749	 -0.016424	  0.040117	  0.041777
  0.024403	 -0.064847	  0.073937	 -0.116895	 -0.022442	  0.024691	  0.028283
  0.027855	 -0.053698	  0.081602	 -0.097509	 -0.019560	  0.018926	  0.042537
  0.041317	 -0.027407	  0.079543	 -0.088355	  0.002075	  0.022030	  0.067972
  0.036376	 -0.006343	  0.088475	 -0.054811	 -0.020066	  0.005052	  0.067434
 -0.004485	 -0.009447	  0.100734	 -0.057028	  0.017152	  0.007396	  0.065248
 -0.004485	 -0.023163	  0.056452	 -0.060291	  0.007618	  0.015252	  0.102213
 -0.006132	 -0.035864	  0.059303	 -0.068400	 -0.021112	  0.030836	  0.089733
  0.016072	 -0.060001	  0.044732	 -0.062888	  0.008188	  0.034542	  0.069587
  0.020158	 -0.078658	  0.040487	 -0.062350	  0.009297	  0.052977	  0.035790
  0.038498	 -0.111695	  0.038333	 -0.060069	 -0.014682	  0.030456	  0.024007
  0.057978	 -0.100070	  0.051510	 -0.067798	 -0.046388	 -0.012654	  0.052198
  0.070839	 -0.129813	  0.089869	 -0.065549	 -0.034067	 -0.011387	  0.055999
  0.036408	 -0.154330	  0.103109	 -0.077174	 -0.042017	  0.008505	  0.062207
  0.010466	 -0.130352	  0.075615	 -0.103591	 -0.044488	  0.035239	  0.079977
 -0.044238	 -0.089522	  0.068552	 -0.115818	 -0.013731	  0.074548	  0.085172
 -0.037839	 -0.058544	  0.103901	 -0.114931	 -0.000586	  0.062765	  0.056474
  0.015027	 -0.030670	  0.115273	 -0.080848	  0.001980	  0.078666	  0.063189
  0.018226	 -0.026742	  0.124269	 -0.068115	 -0.044646	  0.097196	  0.004431
  0.002800	 -0.044765	  0.117934	 -0.066499	 -0.045882	  0.077304	 -0.031932
 -0.005784	 -0.061046	  0.105010	 -0.072961	 -0.049271	  0.049524	 -0.049417
  0.036503	 -0.055661	  0.092055	 -0.031815	 -0.034447	  0.003627	 -0.048245
  0.029629	 -0.032538	  0.089331	 -0.040684	 -0.064665	  0.008030	 -0.002917
 -0.006164	 -0.013533	  0.078973	 -0.028172	 -0.079077	  0.018989	  0.003386
  0.004067	 -0.036783	  0.039474	 -0.039575	 -0.092951	  0.007301	  0.029328
  0.013031	 -0.051797	  0.020690	 -0.053861	 -0.039673	  0.014238	  0.008327
  0.025891	 -0.051955	  0.042008	 -0.061589	 -0.033528	 -0.020763	  0.001137
  0.002515	 -0.057404	  0.041153	 -0.051897	 -0.014998	 -0.023361	 -0.000257
 -0.009838	 -0.066526	  0.012930	 -0.057377	  0.034795	  0.032008	  0.010893
 -0.024092	 -0.037702	  0.017903	 -0.005207	  0.062385	  0.067358	  0.045673
 -0.014336	 -0.047996	  0.011061	  0.028685	  0.078381	  0.065647	  0.033699
 -0.046360	 -0.035991	  0.009731	  0.051048	  0.072616	  0.024596	  0.038229
 -0.061216	 -0.059843	  0.033614	  0.036414	  0.052660	  0.019084	  0.059166
 -0.057003	 -0.090568	 -0.002496	 -0.015502	 -0.003817	  0.011514	  0.083968
 -0.045758	 -0.063897	  0.019360	 -0.015470	 -0.009708	  0.025261	  0.058374
 -0.053550	 -0.054394	  0.069122	 -0.004606	 -0.006097	  0.024659	  0.052736
 -0.032043	 -0.057720	  0.100987	 -0.006950	 -0.007365	  0.022632	  0.026604
 -0.018359	 -0.025031	  0.098770	 -0.023896	 -0.018324	  0.021492	  0.042410
  0.008122	 -0.014135	  0.102571	 -0.020507	  0.008220	  0.017817	  0.084317
 -0.011295	 -0.062630	  0.094779	 -0.021267	  0.007269	  0.013921	  0.098855
 -0.009712	 -0.077739	  0.083946	 -0.003402	  0.028429	  0.000428	  0.079407
 -0.017472	 -0.063327	  0.070104	  0.000716	  0.011831	 -0.005686	  0.068099
 -0.009743	 -0.029656	  0.037352	 -0.016230	  0.012876	  0.007491	  0.061479
 -0.008191	 -0.024081	  0.037352	 -0.022629	  0.016392	  0.011229	  0.069017
 -0.034862	 -0.049105	  0.034279	 -0.010307	  0.029696	  0.039167	  0.076429
 -0.055071	 -0.075744	  0.018536	 -0.022407	  0.006984	  0.057697	  0.069081
 -0.026721	 -0.086101	  0.003902	 -0.004606	 -0.004482	  0.056018	  0.063696
