:RUN-4	LEVEL SWEEP	TEMP:NaN	8/27/2019	4:34 PM	HR:-636.36:SW EAR: R	SW FREQ: 16.00	# AVERAGES: 512	REP RATE (/sec): 80	DRIVER: 	SAMPLE (µsec): 40	MASKER dB: 2147483647:NOTES-:CHAMBER-SEWELL-PXI1:CFTS Version: V2.7.2 (R850):LEVELS:20;30;40;50;60;70;80;:DATA -0.024890	  0.036127	 -0.067991	  0.022539	 -0.000630	 -0.031585	 -0.099294
 -0.035375	  0.040150	 -0.052470	  0.001094	  0.031900	 -0.013467	 -0.048170
 -0.009401	  0.017407	 -0.045723	 -0.018544	  0.037158	 -0.016001	 -0.022513
 -0.017827	  0.008823	 -0.032610	  0.002837	  0.009316	  0.006615	 -0.025522
 -0.027488	  0.014810	 -0.015157	  0.019466	  0.003709	  0.005950	 -0.034265
 -0.005283	 -0.033242	 -0.016519	 -0.001281	  0.011121	  0.020901	 -0.051084
 -0.021058	 -0.025988	 -0.014745	 -0.034097	  0.024932	  0.001959	 -0.034455
  0.017428	 -0.034445	 -0.007713	 -0.021268	  0.022746	 -0.021132	 -0.021310
  0.008590	 -0.041446	  0.010342	  0.012909	  0.010646	 -0.052998	 -0.041708
 -0.012886	  0.000112	  0.023297	  0.011832	 -0.023278	 -0.025947	 -0.045098
 -0.023402	  0.029285	  0.015030	  0.018262	 -0.014979	 -0.030793	 -0.032713
  0.020437	  0.060137	  0.027415	 -0.023612	  0.000858	 -0.004376	 -0.028310
 -0.000627	  0.053834	  0.021333	  0.023109	 -0.040256	  0.016118	 -0.037337
  0.021831	  0.028810	  0.022949	  0.009837	 -0.010355	 -0.000163	 -0.023273
  0.015401	  0.032326	 -0.003595	  0.015380	  0.009442	  0.004652	 -0.017097
  0.011916	  0.012149	  0.016455	  0.027892	 -0.014979	  0.029010	  0.020945
  0.023794	 -0.043631	  0.049714	 -0.008250	 -0.035156	  0.022801	  0.065354
  0.027057	 -0.071569	  0.042809	 -0.014300	 -0.018780	  0.006774	  0.096554
  0.027881	 -0.039070	  0.014491	 -0.035142	 -0.009753	  0.032431	  0.164086
  0.003902	 -0.044581	  0.012686	 -0.008662	  0.006338	  0.049250	  0.215210
  0.026867	 -0.062383	  0.028429	 -0.003023	  0.005610	  0.081464	  0.238998
 -0.007722	 -0.065772	  0.027795	 -0.003435	  0.055118	  0.131765	  0.231301
 -0.019157	 -0.042966	 -0.012781	  0.030489	  0.054421	  0.159385	  0.282140
 -0.061919	 -0.013635	 -0.041415	  0.061911	  0.064716	  0.184757	  0.289267
 -0.100341	 -0.017246	 -0.015220	  0.092256	  0.101744	  0.203034	  0.294620
 -0.103794	 -0.011671	  0.007618	  0.082690	  0.109473	  0.194893	  0.263737
 -0.064073	  0.012846	  0.019433	  0.084052	  0.108681	  0.211998	  0.256990
 -0.078580	  0.018864	  0.008695	  0.069798	  0.129143	  0.239492	  0.303457
 -0.064675	  0.012529	  0.003975	  0.084686	  0.159995	  0.235026	  0.325123
 -0.030149	  0.011991	 -0.024121	  0.077749	  0.173330	  0.266638	  0.389076
 -0.013519	  0.010122	 -0.024564	  0.090926	  0.150651	  0.305314	  0.513085
 -0.023180	 -0.026115	 -0.029822	  0.081328	  0.167344	  0.388081	  0.605640
 -0.042914	 -0.049649	 -0.040592	  0.127796	  0.228065	  0.446110	  0.669244
 -0.034520	 -0.016644	 -0.047941	  0.156969	  0.284859	  0.509113	  0.732626
 -0.029863	  0.018484	 -0.026053	  0.178635	  0.313557	  0.545951	  0.725499
 -0.038099	  0.018611	 -0.045882	  0.207871	  0.340006	  0.557196	  0.635193
 -0.027741	  0.024502	 -0.010184	  0.249429	  0.354482	  0.501035	  0.527845
 -0.040791	  0.036983	  0.039420	  0.233179	  0.367880	  0.424730	  0.337350
 -0.042185	  0.051015	  0.070747	  0.239926	  0.344060	  0.280702	  0.163611
 -0.041552	  0.070178	  0.100807	  0.194979	  0.287615	  0.180323	 -0.031192
 -0.054444	  0.049209	  0.105748	  0.124596	  0.217866	  0.070663	 -0.243005
 -0.071960	  0.051395	  0.139039	  0.117501	  0.152266	 -0.095126	 -0.404074
 -0.085960	  0.064065	  0.140306	  0.072396	  0.015239	 -0.246660	 -0.536699
 -0.048425	  0.055766	  0.099413	  0.026150	 -0.123404	 -0.395091	 -0.662925
  0.008210	  0.038851	  0.071412	 -0.010024	 -0.227077	 -0.474913	 -0.761213
  0.043972	  0.022253	  0.068973	 -0.086044	 -0.266766	 -0.520684	 -0.796056
  0.024650	  0.034639	  0.036854	 -0.143408	 -0.335027	 -0.525340	 -0.795961
 -0.000532	  0.036286	 -0.023266	 -0.183889	 -0.393024	 -0.497466	 -0.724913
  0.034216	  0.011674	 -0.056240	 -0.196971	 -0.424383	 -0.476116	 -0.632010
  0.035229	 -0.025259	 -0.085159	 -0.203972	 -0.381874	 -0.428033	 -0.519847
  0.048058	  0.005592	 -0.079267	 -0.224877	 -0.318429	 -0.352076	 -0.326058
  0.042166	 -0.024468	 -0.102454	 -0.217180	 -0.287039	 -0.287015	 -0.126503
  0.009097	 -0.052469	 -0.033212	 -0.197256	 -0.217258	 -0.172984	  0.011158
 -0.009148	 -0.081895	 -0.012147	 -0.147368	 -0.148998	 -0.048531	  0.134565
  0.000196	 -0.106697	 -0.013414	 -0.109136	 -0.080706	  0.067590	  0.263515
 -0.004175	 -0.136313	 -0.039388	 -0.054084	 -0.027301	  0.180861	  0.383913
 -0.032588	 -0.115724	 -0.025514	 -0.007870	  0.049480	  0.290996	  0.478242
 -0.049977	 -0.124435	  0.023994	  0.031914	  0.073332	  0.400023	  0.575802
 -0.072942	 -0.104733	  0.031850	  0.091147	  0.147357	  0.483139	  0.579191
 -0.077978	 -0.064537	  0.057412	  0.131058	  0.210296	  0.508131	  0.580110
 -0.043167	 -0.032925	  0.078856	  0.178920	  0.264460	  0.513959	  0.539850
 -0.086467	 -0.063048	  0.084937	  0.166661	  0.266456	  0.516968	  0.406814
 -0.073354	 -0.057632	  0.071159	  0.171983	  0.274533	  0.426503	  0.200069
 -0.097870	 -0.026083	  0.053832	  0.205020	  0.272031	  0.332206	  0.031208
 -0.061982	 -0.009897	  0.066059	  0.193649	  0.254989	  0.195527	 -0.121625
 -0.020614	  0.011389	  0.062575	  0.172648	  0.179824	  0.081464	 -0.246204
 -0.015420	  0.017502	  0.058679	  0.146072	  0.116220	  0.028693	 -0.287446
 -0.023243	  0.048576	  0.037804	  0.117786	  0.076531	 -0.009507	 -0.322383
 -0.018745	  0.064603	  0.016107	  0.107428	  0.000383	 -0.056862	 -0.374553
 -0.010003	  0.051553	 -0.017944	  0.064002	 -0.056125	 -0.076817	 -0.331379
 -0.011270	  0.014525	 -0.019813	  0.014746	 -0.082764	 -0.077578	 -0.299387
  0.009952	  0.006543	 -0.015473	  0.009108	 -0.084158	 -0.043843	 -0.241548
 -0.002021	  0.023837	 -0.008853	 -0.003308	 -0.102118	 -0.087144	 -0.187478
 -0.015103	  0.017375	 -0.018292	 -0.000489	 -0.121852	 -0.119642	 -0.169423
 -0.033348	  0.022539	 -0.030392	 -0.027002	 -0.100439	 -0.082044	 -0.159192
 -0.054158	  0.030869	 -0.075055	 -0.044962	 -0.069841	 -0.093003	 -0.152160
 -0.068951	  0.048322	 -0.048701	 -0.064030	 -0.022740	 -0.121448	 -0.171989
 -0.073164	  0.072427	 -0.022157	 -0.053007	 -0.017038	 -0.105357	 -0.173921
 -0.047950	  0.082627	 -0.000744	 -0.037296	 -0.001549	 -0.078655	 -0.159351
 -0.053557	  0.058585	 -0.004229	 -0.028395	 -0.029043	 -0.069437	 -0.175283
 -0.062521	  0.056811	  0.007808	 -0.068370	 -0.060813	 -0.083849	 -0.163152
 -0.049882	  0.049843	 -0.013921	 -0.058582	 -0.061542	 -0.130222	 -0.180478
 -0.032176	  0.026593	  0.016139	 -0.077429	 -0.038641	 -0.150146	 -0.198628
 -0.020868	  0.009235	  0.001758	 -0.021648	 -0.075479	 -0.140643	 -0.209714
  0.001210	  0.016299	 -0.009328	 -0.018988	 -0.126065	 -0.141752	 -0.178356
 -0.013899	 -0.036599	 -0.005781	  0.000461	 -0.154192	 -0.134815	 -0.143260
 -0.001039	 -0.027160	  0.010310	  0.005180	 -0.154351	 -0.100796	 -0.125553
 -0.007722	  0.003217	  0.027827	 -0.015599	 -0.149821	 -0.101524	 -0.091819
  0.006753	  0.031186	  0.035967	 -0.065360	 -0.155079	 -0.046662	 -0.054790
  0.002224	  0.046707	  0.050918	 -0.079709	 -0.132146	 -0.045332	 -0.043419
 -0.003510	  0.058395	  0.027478	 -0.090067	 -0.110069	 -0.028956	 -0.013549
  0.026012	  0.089152	  0.012116	 -0.084334	 -0.067370	  0.010797	  0.044005
  0.042388	  0.097261	  0.022664	 -0.029282	 -0.037120	  0.020394	  0.106120
  0.052397	  0.092794	  0.001536	 -0.016359	 -0.013934	  0.060242	  0.130669
  0.060728	  0.114809	 -0.006541	  0.008918	 -0.003576	  0.106013	  0.172955
  0.040741	  0.099129	  0.016392	  0.022349	  0.037348	  0.147159	  0.207608
  0.064624	  0.032706	  0.016487	  0.044300	  0.095378	  0.147507	  0.203522
  0.076312	  0.045155	  0.059724	  0.099193	  0.125089	  0.174178	  0.228229
  0.073746	  0.069450	  0.097132	  0.151204	  0.119546	  0.191156	  0.251257
  0.074032	  0.092921	  0.141731	  0.178856	  0.135732	  0.177820	  0.281316
  0.064339	  0.065870	  0.171443	  0.210246	  0.139375	  0.221437	  0.264719
  0.016668	  0.046042	  0.169194	  0.250442	  0.155149	  0.237402	  0.232695
 -0.002496	  0.035272	  0.176131	  0.257569	  0.190087	  0.258371	  0.228197
 -0.005569	  0.028462	  0.125957	  0.218007	  0.210232	  0.292865	  0.251478
 -0.008546	  0.028620	  0.102866	  0.221396	  0.220558	  0.314499	  0.244573
 -0.036008	  0.011294	  0.076100	  0.194789	  0.224771	  0.306391	  0.252555
 -0.047348	 -0.028965	  0.095929	  0.211545	  0.214857	  0.310160	  0.263040
 -0.054570	 -0.032608	  0.116391	  0.220224	  0.200128	  0.287956	  0.211599
 -0.062172	 -0.002295	  0.089784	  0.184653	  0.183720	  0.247886	  0.171245
 -0.038479	  0.020923	  0.063842	  0.173091	  0.204087	  0.230845	  0.146348
 -0.018524	  0.035874	  0.054149	  0.177304	  0.154990	  0.227456	  0.090029
 -0.049882	  0.040498	  0.059122	  0.173725	  0.141750	  0.223845	  0.040457
 -0.083046	  0.039802	  0.048479	  0.144647	  0.145868	  0.210604	 -0.019567
 -0.091219	  0.041892	  0.044931	  0.113003	  0.164937	  0.173988	 -0.047125
 -0.090173	  0.004294	  0.089182	  0.083989	  0.114256	  0.105601	 -0.098281
 -0.093531	 -0.016042	  0.075213	  0.044775	  0.070924	  0.038956	 -0.139395
 -0.056312	  0.018801	  0.074833	  0.002551	  0.052521	 -0.034372	 -0.209746
 -0.058941	  0.039200	  0.062891	 -0.037296	 -0.021441	 -0.124837	 -0.272495
 -0.050991	  0.048861	  0.018292	 -0.034825	 -0.073294	 -0.134403	 -0.325139
 -0.020583	  0.048259	 -0.056081	 -0.081768	 -0.101485	 -0.140928	 -0.348642
 -0.019411	  0.056178	 -0.073344	 -0.075148	 -0.147509	 -0.144729	 -0.307369
 -0.033031	  0.008887	 -0.097449	 -0.080058	 -0.135916	 -0.168486	 -0.302903
  0.005835	 -0.017594	 -0.120160	 -0.089909	 -0.150074	 -0.171178	 -0.283454
  0.042736	 -0.005811	 -0.064348	 -0.084619	 -0.146432	 -0.185971	 -0.242878
  0.052176	  0.017566	 -0.058140	 -0.079773	 -0.163283	 -0.170608	 -0.234389
  0.033424	  0.051046	 -0.061086	 -0.056365	 -0.163346	 -0.160725	 -0.234643
  0.022242	  0.067201	 -0.066882	 -0.066913	 -0.215642	 -0.112135	 -0.212217
  0.057560	  0.057255	 -0.032895	 -0.050283	 -0.215959	 -0.094049	 -0.167586
  0.051669	  0.035620	 -0.018102	 -0.083067	 -0.196891	 -0.071243	 -0.150450
  0.028261	  0.033245	 -0.020668	 -0.079583	 -0.183777	 -0.027150	 -0.143671
 -0.005664	  0.037014	 -0.007586	 -0.103624	 -0.156410	  0.008801	 -0.120137
 -0.010130	  0.026941	 -0.013541	 -0.103498	 -0.107344	  0.047065	 -0.106611
  0.015496	  0.054151	 -0.007935	 -0.129281	 -0.084855	  0.073165	 -0.115385
  0.013310	  0.078826	  0.000079	 -0.162414	 -0.079185	  0.067622	 -0.092579
  0.019297	  0.065870	  0.013351	 -0.155857	 -0.038482	  0.031227	 -0.101797
 -0.014944	  0.024597	 -0.009233	 -0.168369	 -0.014694	  0.030467	 -0.141011
  0.032442	  0.018864	 -0.032135	 -0.161812	  0.021606	 -0.012105	 -0.155011
  0.087525	  0.010597	 -0.006193	 -0.127571	  0.059426	 -0.010331	 -0.182917
  0.063230	  0.037299	  0.049081	 -0.089054	  0.070924	  0.017068	 -0.201257
  0.036401	  0.030172	  0.061434	 -0.081958	  0.025692	 -0.023444	 -0.238824
  0.013595	  0.027955	  0.070905	 -0.049174	  0.003487	 -0.054455	 -0.301129
  0.010174	  0.030552	  0.051552	 -0.007110	  0.001017	 -0.113212	 -0.364607
 -0.040221	  0.007810	  0.073503	  0.028589	  0.005578	 -0.159237	 -0.382788
 -0.038606	  0.031186	  0.075150	  0.026815	 -0.071615	 -0.230316	 -0.394508
 -0.054950	  0.031566	  0.072236	  0.007113	 -0.091729	 -0.241529	 -0.424853
 -0.075793	 -0.015630	  0.045470	 -0.015725	 -0.114313	 -0.278874	 -0.443827
 -0.078010	 -0.053482	  0.021207	 -0.028237	 -0.114155	 -0.230823	 -0.457764
 -0.062584	 -0.057030	  0.014365	 -0.029061	 -0.146749	 -0.213496	 -0.472619
 -0.074779	 -0.073311	  0.027763	 -0.060134	 -0.165374	 -0.248624	 -0.504580
 -0.066575	 -0.081261	 -0.004862	 -0.106982	 -0.162016	 -0.284006	 -0.511548
 -0.060494	 -0.092443	 -0.032705	 -0.119240	 -0.206330	 -0.302472	 -0.547563
 -0.002591	 -0.043473	 -0.035017	 -0.140779	 -0.218715	 -0.282865	 -0.574962
  0.009224	 -0.043061	 -0.037678	 -0.170966	 -0.198569	 -0.288915	 -0.537395
  0.004853	 -0.039577	 -0.007713	 -0.134128	 -0.224353	 -0.303359	 -0.516395
  0.006722	 -0.040875	 -0.025546	 -0.114014	 -0.215896	 -0.272634	 -0.470085
  0.010998	 -0.051265	 -0.042556	 -0.135268	 -0.207787	 -0.265697	 -0.431632
  0.027786	 -0.077017	 -0.072901	 -0.146671	 -0.191284	 -0.256226	 -0.368344
  0.008432	 -0.054939	 -0.110214	 -0.106887	 -0.219919	 -0.279698	 -0.320166
  0.017713	 -0.057885	 -0.110816	 -0.100647	 -0.219665	 -0.266331	 -0.313293
  0.031492	 -0.037961	 -0.087440	 -0.058392	 -0.246431	 -0.205292	 -0.253616
 -0.010573	  0.016108	 -0.096499	 -0.052532	 -0.241996	 -0.148562	 -0.209271
 -0.024320	  0.018991	 -0.089562	 -0.004354	 -0.265119	 -0.108303	 -0.198089
 -0.020456	  0.041544	 -0.117246	  0.000429	 -0.222136	 -0.126674	 -0.203918
 -0.006645	  0.045471	 -0.120445	 -0.054401	 -0.234109	 -0.111850	 -0.224697
 -0.011112	  0.036191	 -0.102010	 -0.079519	 -0.207692	 -0.152901	 -0.215131
  0.011283	  0.047467	 -0.078856	 -0.068401	 -0.170030	 -0.150494	 -0.239648
  0.032188	  0.056938	 -0.041542	 -0.039387	 -0.137943	 -0.143937	 -0.231634
  0.041818	  0.055766	  0.001916	 -0.053292	 -0.109182	 -0.123697	 -0.240376
  0.065479	  0.072491	 -0.018514	 -0.035586	 -0.100408	 -0.125407	 -0.301383
  0.084231	  0.065712	 -0.023709	 -0.019146	 -0.076461	 -0.087967	 -0.338665
  0.064339	  0.027828	 -0.012749	 -0.032672	 -0.078488	 -0.110583	 -0.327420
  0.058352	  0.034100	 -0.007491	 -0.029947	 -0.092806	 -0.108746	 -0.297138
  0.081349	  0.054024	 -0.007618	 -0.029251	 -0.116245	 -0.114226	 -0.333913
  0.056040	  0.066694	 -0.006921	 -0.016327	 -0.092679	 -0.094207	 -0.391721
  0.047361	  0.053549	 -0.027668	  0.001665	 -0.086914	 -0.099307	 -0.409015
  0.043465	  0.014461	 -0.051266	  0.008285	 -0.082543	 -0.093954	 -0.404391
  0.046221	  0.018199	 -0.051552	 -0.023929	 -0.103607	 -0.095189	 -0.376041
  0.047171	 -0.009010	 -0.010405	 -0.035997	 -0.128060	 -0.066270	 -0.364638
 -0.010161	 -0.033368	  0.010120	 -0.015820	 -0.161858	 -0.095949	 -0.307939
 -0.017827	 -0.037550	  0.005432	 -0.043314	 -0.140857	 -0.109981	 -0.311329
 -0.023275	 -0.041065	 -0.030076	 -0.062573	 -0.166514	 -0.133706	 -0.324759
 -0.020836	 -0.044645	 -0.057253	 -0.068370	 -0.191189	 -0.112515	 -0.304930
 -0.042850	 -0.055003	 -0.074548	 -0.068560	 -0.164487	 -0.110203	 -0.309048
 -0.036895	 -0.049776	 -0.039452	 -0.054622	 -0.154857	 -0.102158	 -0.286559
 -0.023909	 -0.019305	 -0.044741	 -0.029694	 -0.188212	 -0.071971	 -0.272020
  0.013310	  0.030711	 -0.055416	 -0.027889	 -0.158215	 -0.077356	 -0.228371
  0.008590	  0.043634	 -0.054529	 -0.038088	 -0.115960	 -0.076437	 -0.183867
 -0.010320	  0.065237	 -0.065900	 -0.025861	 -0.103480	 -0.039409	 -0.141264
  0.001558	  0.083419	 -0.041637	 -0.030803	 -0.088529	 -0.020562	 -0.100498
  0.028958	  0.113225	 -0.037203	 -0.026526	 -0.106268	  0.004683	 -0.034170
  0.031682	  0.112591	 -0.019781	 -0.030549	 -0.099362	  0.005032	  0.004949
  0.055565	  0.082278	 -0.025800	 -0.000869	 -0.081782	  0.000502	  0.027059
  0.007387	  0.068436	 -0.024406	 -0.006761	 -0.086724	  0.031069	  0.038018
 -0.016592	  0.076988	 -0.047275	 -0.028965	 -0.088466	  0.016878	  0.081604
  0.005771	  0.114239	 -0.004482	 -0.003245	 -0.088466	  0.001959	  0.110365
 -0.009275	  0.115189	  0.008378	 -0.011702	 -0.064900	  0.037150	  0.108971
 -0.006962	  0.082500	  0.002645	 -0.029124	 -0.055492	  0.058943	  0.111030
 -0.014374	  0.067898	  0.036791	 -0.041192	 -0.016911	  0.055966	  0.136148
 -0.019981	  0.077400	  0.072869	 -0.040337	  0.033927	  0.075319	  0.170865
 -0.002464	  0.055893	  0.076987	 -0.037740	  0.056607	  0.099202	  0.199531
 -0.017890	  0.040974	  0.097417	  0.027765	  0.084133	  0.131194	  0.213500
  0.001115	  0.010882	  0.096214	  0.080663	  0.094332	  0.144403	  0.225916
 -0.017288	 -0.038975	  0.075086	  0.110089	  0.105419	  0.125366	  0.228387
 -0.014628	 -0.066913	  0.031723	  0.091052	  0.118247	  0.130909	  0.217206
 -0.053778	 -0.071157	  0.014238	  0.104926	  0.122523	  0.166829	  0.194273
 -0.070978	 -0.061433	 -0.016645	  0.113067	  0.160280	  0.165689	  0.205929
 -0.085612	 -0.040400	 -0.019876	  0.145502	  0.142764	  0.162458	  0.215305
 -0.079372	 -0.058107	 -0.044741	  0.130520	  0.132438	  0.149566	  0.193196
 -0.040728	 -0.042839	 -0.030931	  0.095297	  0.150999	  0.178042	  0.172417
 -0.020963	 -0.061148	  0.030678	  0.106510	  0.173932	  0.176237	  0.204916
 -0.018049	 -0.068338	  0.033528	  0.139420	  0.202535	  0.180576	  0.195413
 -0.005188	 -0.061718	  0.026528	  0.114840	  0.207128	  0.185391	  0.181571
  0.010681	 -0.073058	  0.055004	  0.111293	  0.199874	  0.164770	  0.143117
 -0.082688	  0.031683	 -0.054196	 -0.009007	  0.002417	 -0.019526	  0.026127
 -0.064982	  0.052874	 -0.006810	  0.006229	 -0.010158	  0.009108	  0.017385
 -0.045533	  0.070295	 -0.010580	  0.027071	 -0.014023	 -0.010530	  0.006869
 -0.031343	  0.057150	 -0.055178	  0.027610	  0.002734	  0.007651	 -0.004123
 -0.008758	  0.030194	 -0.058441	  0.017885	  0.022784	  0.022824	  0.014186
  0.012179	 -0.013422	 -0.060880	  0.041990	  0.022214	  0.001918	  0.002878
  0.017311	  0.007072	 -0.061197	  0.019501	  0.033300	  0.006226	 -0.004883
  0.000871	  0.050435	 -0.039848	  0.027198	  0.006091	  0.033118	  0.056472
  0.028207	  0.050530	 -0.036617	  0.043764	 -0.016398	 -0.012178	 -0.117108
  0.058108	  0.054078	 -0.034114	  0.033818	  0.011634	  0.041607	  0.047128
  0.047592	  0.023828	 -0.027621	  0.017189	 -0.006737	  0.047657	  0.079469
  0.055701	  0.032887	  0.007254	 -0.020252	 -0.020421	 -0.069732	 -0.194998
  0.064919	  0.025190	  0.049128	 -0.011858	  0.023228	  0.013479	  0.198568
  0.007745	 -0.026948	  0.056509	 -0.034442	  0.000928	 -0.048984	  0.010923
 -0.002487	 -0.076076	  0.086537	 -0.037831	 -0.004995	 -0.088705	 -0.141467
  0.005432	 -0.090932	  0.086569	 -0.023989	  0.029309	  0.048164	  0.234804
 -0.010247	 -0.100973	  0.075862	 -0.008817	 -0.024064	 -0.045088	 -0.116348
  0.000554	 -0.083425	  0.054703	 -0.026397	 -0.024919	  0.014905	 -0.071528
 -0.016550	 -0.053397	  0.034051	 -0.044198	  0.005774	  0.103279	  0.176617
 -0.036031	 -0.041043	 -0.005131	 -0.045465	 -0.038698	 -0.055193	 -0.220972
 -0.019084	 -0.031351	 -0.046658	 -0.039700	 -0.029163	  0.025358	  0.033476
 -0.012116	 -0.013137	 -0.063572	 -0.012745	  0.013630	  0.037141	  0.142978
  0.031755	 -0.035183	 -0.076718	 -0.003717	 -0.001067	 -0.083542	 -0.198831
  0.021999	 -0.038034	 -0.093379	 -0.026333	 -0.002620	  0.037363	  0.169331
 -0.017184	 -0.028151	 -0.093410	 -0.067891	 -0.011584	  0.001728	  0.050391
 -0.005939	 -0.027581	 -0.085207	 -0.060479	 -0.015448	 -0.074768	 -0.130634
  0.042397	 -0.007879	 -0.089863	 -0.005016	  0.018033	  0.049779	  0.266923
  0.047909	  0.010049	 -0.099080	  0.006071	 -0.015543	  0.005877	 -0.008684
  0.020636	 -0.013834	 -0.079537	 -0.018826	 -0.045128	  0.006162	 -0.068613
  0.049208	 -0.014626	 -0.070256	 -0.023166	  0.007485	  0.094283	  0.245891
  0.045628	 -0.011554	 -0.040988	 -0.037356	 -0.041992	 -0.027508	 -0.150969
  0.047117	 -0.007499	 -0.009946	 -0.011794	 -0.025743	  0.054436	  0.056314
  0.039167	 -0.012979	 -0.019829	 -0.002640	 -0.005312	  0.106510	  0.227044
  0.007903	  0.018506	 -0.042445	 -0.021740	 -0.052730	 -0.024087	 -0.138838
 -0.007269	  0.014927	 -0.062369	 -0.053479	 -0.004140	  0.068056	  0.190427
  0.040243	 -0.024224	 -0.050712	 -0.038687	 -0.002968	  0.044458	  0.176839
  0.032736	  0.017714	 -0.054355	 -0.073529	 -0.031254	 -0.057758	 -0.122145
  0.023487	  0.001877	 -0.049223	 -0.038655	  0.002290	  0.067898	  0.242565
 -0.003944	 -0.002970	 -0.053690	 -0.012206	 -0.004108	  0.023584	  0.058183
 -0.000459	 -0.038224	 -0.081469	 -0.054746	 -0.028435	 -0.024531	 -0.052617
  0.018134	 -0.024667	 -0.090148	 -0.105236	 -0.013928	  0.106478	  0.294766
  0.013478	 -0.017350	 -0.059455	 -0.152433	 -0.074269	 -0.013001	 -0.092275
  0.035461	  0.009130	 -0.026829	 -0.164089	 -0.086116	  0.002076	 -0.043463
  0.066851	  0.010017	 -0.038707	 -0.134758	 -0.034327	  0.114144	  0.206613
  0.021112	 -0.003223	 -0.013430	 -0.128803	 -0.041137	 -0.011037	 -0.181441
  0.028239	 -0.047442	 -0.028096	 -0.082937	 -0.010443	  0.066092	  0.034585
  0.038628	 -0.055012	 -0.048178	 -0.055285	  0.009924	  0.102677	  0.117479
  0.037456	 -0.072434	 -0.060278	 -0.075810	 -0.003285	 -0.005082	 -0.261516
  0.022917	 -0.109272	 -0.022173	 -0.034410	  0.042201	  0.067771	  0.092455
  0.021080	 -0.095588	 -0.043300	 -0.000106	  0.036373	  0.001760	  0.027996
  0.001219	 -0.110982	 -0.044631	 -0.009989	  0.011001	 -0.042649	 -0.178780
  0.008251	 -0.112154	 -0.022458	  0.027040	  0.055568	  0.089183	  0.212917
 -0.012401	 -0.140599	 -0.049128	  0.009967	  0.039002	 -0.008186	 -0.029209
 -0.003975	 -0.148993	 -0.001394	  0.003093	  0.045305	 -0.018544	 -0.093384
 -0.046008	 -0.123938	 -0.022363	 -0.009862	  0.085153	  0.084844	  0.223655
 -0.070588	 -0.110602	 -0.020209	 -0.048189	  0.058482	 -0.056998	 -0.184799
 -0.052375	 -0.073225	 -0.014571	 -0.020347	  0.088890	  0.021842	 -0.028259
 -0.053167	 -0.041202	 -0.028793	 -0.045370	  0.101339	  0.058648	  0.157422
 -0.058837	 -0.041582	 -0.060468	 -0.073181	  0.075460	 -0.044993	 -0.214795
 -0.076353	 -0.061569	 -0.055432	 -0.080846	  0.123828	  0.039295	  0.112759
 -0.121111	 -0.012345	 -0.049002	 -0.072833	  0.105457	  0.029792	  0.088464
 -0.103151	 -0.009210	 -0.033608	 -0.097508	  0.052717	 -0.062415	 -0.207383
 -0.105875	  0.003239	 -0.027494	 -0.067543	  0.090506	  0.073979	  0.170725
 -0.129505	 -0.020834	 -0.064143	 -0.083602	  0.090474	  0.037584	 -0.035766
 -0.122631	 -0.062234	 -0.030250	 -0.119554	  0.063043	 -0.057790	 -0.184799
 -0.130803	 -0.078452	 -0.011815	 -0.122500	  0.074605	  0.101252	  0.170187
 -0.107237	 -0.119091	 -0.018498	 -0.141916	  0.038495	  0.017312	 -0.162024
 -0.070145	 -0.141929	 -0.045201	 -0.132129	 -0.026661	  0.047467	 -0.098135
 -0.037583	 -0.145667	 -0.053468	 -0.111191	 -0.012914	  0.100587	  0.158150
 -0.045248	 -0.149341	 -0.029997	 -0.119269	 -0.069740	 -0.044613	 -0.235986
 -0.010785	 -0.144938	 -0.034019	 -0.131717	 -0.017824	  0.036856	  0.023688
 -0.019464	 -0.163627	 -0.010294	 -0.133047	  0.006250	  0.092129	  0.092551
 -0.054117	 -0.140567	 -0.010706	 -0.151292	 -0.020896	 -0.007806	 -0.276689
 -0.054846	 -0.129924	  0.023820	 -0.122436	  0.038242	  0.091274	  0.050961
 -0.068403	 -0.116906	  0.013240	 -0.105300	  0.037988	  0.050128	 -0.054296
 -0.045248	 -0.084502	  0.010960	 -0.141948	  0.055093	  0.007936	 -0.253471
 -0.031913	 -0.078705	  0.006715	 -0.145306	  0.129625	  0.125325	  0.127267
 -0.017817	 -0.076330	 -0.032689	 -0.139984	  0.066908	 -0.013983	 -0.178812
 -0.039800	 -0.085769	 -0.013494	 -0.134790	  0.054903	 -0.037961	 -0.186857
 -0.032610	 -0.081683	 -0.003674	 -0.138115	  0.080750	  0.051141	  0.168191
 -0.040940	 -0.058560	 -0.001394	 -0.166813	  0.086927	 -0.077872	 -0.234117
 -0.034954	 -0.048297	 -0.009756	 -0.145306	  0.114959	 -0.024658	 -0.079573
 -0.023392	 -0.028025	 -0.026892	 -0.107897	  0.106819	  0.016489	  0.134394
 -0.067136	 -0.014278	 -0.031834	 -0.120536	  0.059274	 -0.141191	 -0.214985
 -0.075847	 -0.021468	 -0.046911	 -0.085883	  0.088004	 -0.036251	  0.080672
 -0.076068	 -0.029007	 -0.077319	 -0.078724	  0.078881	 -0.052754	  0.047223
 -0.074611	 -0.031541	 -0.078016	 -0.099408	  0.015752	 -0.147716	 -0.219071
 -0.047656	 -0.034740	 -0.050744	 -0.071977	  0.037196	 -0.008123	  0.174748
 -0.044203	 -0.034391	 -0.058758	 -0.031528	  0.048156	 -0.066722	 -0.031047
 -0.065647	 -0.038636	 -0.063319	 -0.056647	  0.067225	 -0.096687	 -0.115335
 -0.068846	 -0.096633	 -0.061228	 -0.045719	  0.109764	  0.010217	  0.235786
 -0.106160	 -0.117824	 -0.056129	 -0.098965	  0.066116	 -0.086425	 -0.111660
 -0.124817	 -0.109272	 -0.055400	 -0.092123	  0.097823	 -0.061433	 -0.074252
 -0.106952	 -0.111141	 -0.076338	 -0.092186	  0.092121	  0.028715	  0.191219
 -0.117119	 -0.128657	 -0.087139	 -0.114549	  0.087782	 -0.117086	 -0.174599
 -0.130011	 -0.112851	 -0.074659	 -0.118540	  0.089366	 -0.065550	  0.047825
 -0.113667	 -0.081651	 -0.073233	 -0.137260	  0.057437	 -0.034350	  0.129072
 -0.108884	 -0.057356	 -0.081184	 -0.144767	  0.017906	 -0.139576	 -0.231266
 -0.104671	 -0.055487	 -0.091795	 -0.110938	  0.076220	 -0.023327	  0.120932
 -0.123011	 -0.095937	 -0.065948	 -0.100137	  0.076505	 -0.021142	  0.013521
 -0.154560	 -0.056469	 -0.029838	 -0.092820	  0.051640	 -0.129820	 -0.210234
 -0.140654	 -0.047663	 -0.019354	 -0.101721	  0.065577	  0.001823	  0.157675
 -0.140496	 -0.075981	 -0.004878	 -0.099472	  0.053572	 -0.074261	 -0.135638
 -0.142175	 -0.059478	 -0.048717	 -0.080688	  0.062948	 -0.091524	 -0.161137
 -0.121332	 -0.061601	 -0.032531	 -0.100422	  0.105647	  0.004230	  0.149978
 -0.092349	 -0.086846	 -0.015394	 -0.123165	  0.038653	 -0.110498	 -0.204406
 -0.080249	 -0.092326	  0.002661	 -0.097856	  0.082904	 -0.025766	 -0.055690
 -0.067326	 -0.034391	  0.017802	 -0.089240	  0.121009	  0.086523	  0.110605
 -0.092983	 -0.058116	 -0.003674	 -0.124115	  0.053161	  0.021937	 -0.255688
 -0.118386	 -0.070121	 -0.004530	 -0.127378	  0.098615	  0.082310	  0.045291
 -0.102232	 -0.091597	 -0.026766	 -0.165103	  0.085121	  0.090324	  0.022611
 -0.074801	 -0.121372	 -0.056762	 -0.183506	  0.008340	  0.005814	 -0.305070
 -0.051647	 -0.123843	 -0.034019	 -0.165071	  0.054016	  0.144932	  0.059608
 -0.072932	 -0.126820	 -0.017738	 -0.165166	  0.057500	  0.038186	 -0.114226
 -0.098748	 -0.149088	 -0.028413	 -0.193547	  0.084107	 -0.053831	 -0.247611
 -0.136885	 -0.166889	 -0.055812	 -0.163456	  0.070107	  0.032960	  0.077885
 -0.163777	 -0.154536	 -0.038327	 -0.162284	  0.055188	 -0.091556	 -0.170101
 -0.164189	 -0.125331	 -0.056667	 -0.165198	  0.052686	 -0.026558	 -0.098737
 -0.157822	 -0.102113	 -0.033417	 -0.180719	  0.027820	  0.013543	 -0.013403
 -0.178855	 -0.116272	 -0.062495	 -0.180212	 -0.010000	 -0.027889	 -0.119896
 -0.209928	 -0.110000	 -0.050237	 -0.143437	  0.002765	 -0.015852	 -0.037128
 -0.204290	 -0.112503	 -0.024168	 -0.159433	 -0.003253	  0.000176	 -0.040708
 -0.150284	 -0.100846	 -0.006398	 -0.182144	  0.039920	 -0.039513	  0.004905
 -0.097164	 -0.096348	 -0.045042	 -0.183506	  0.030703	 -0.070080	  0.001389
 -0.100838	 -0.049532	 -0.092745	 -0.175809	  0.030006	 -0.067641	 -0.017490
 -0.101852	 -0.014341	 -0.120778	 -0.179008	  0.028549	 -0.082592	  0.012222
 -0.132545	 -0.015861	 -0.140258	 -0.181954	  0.019205	 -0.034382	  0.019697
 -0.142586	 -0.004458	 -0.117294	 -0.192312	  0.064437	 -0.025291	  0.015421
 -0.148351	 -0.006644	 -0.092745	 -0.169221	  0.039414	 -0.004385	  0.004366
 -0.124056	  0.013343	 -0.116153	 -0.133047	  0.032065	 -0.027318	 -0.029843
 -0.094377	 -0.014373	 -0.122900	 -0.135930	  0.018635	 -0.041541	 -0.020499
 -0.057538	  0.001908	 -0.088247	 -0.159686	  0.031400	 -0.038563	  0.016593
 -0.073408	  0.034629	 -0.049635	 -0.116861	  0.007327	 -0.069035	  0.006805
 -0.055194	  0.039095	 -0.006145	 -0.132382	  0.012109	 -0.030929	 -0.036716
 -0.067516	  0.022149	  0.003326	 -0.158704	  0.016449	 -0.020001	 -0.030160
 -0.097893	 -0.008861	  0.042318	 -0.180022	  0.002860	  0.005149	 -0.010394
 -0.099666	 -0.021753	  0.041020	 -0.182714	  0.002924	  0.011040	  0.004556
 -0.073471	 -0.013232	  0.067849	 -0.182303	  0.062600	 -0.016517	  0.025557
 -0.089720	 -0.021373	  0.076369	 -0.184393	  0.090126	  0.008411	  0.075446
 -0.084937	 -0.027423	  0.063256	 -0.225571	  0.101909	  0.017692	  0.095021
 -0.064729	 -0.068094	  0.049350	 -0.232191	  0.100357	  0.007208	  0.023087
 -0.081643	 -0.072529	  0.040829	 -0.213186	  0.082619	 -0.002517	  0.021946
 -0.078507	 -0.075189	  0.077541	 -0.189081	  0.088764	  0.031534	  0.037404
 -0.049778	 -0.053903	  0.095279	 -0.166972	  0.109511	  0.029254	  0.022706
 -0.017849	 -0.043261	  0.093125	 -0.159750	  0.086673	  0.051807	  0.029042
 -0.036728	 -0.032047	  0.084795	 -0.159718	  0.071247	  0.017059	  0.009941
 -0.049271	 -0.044306	  0.097592	 -0.172483	  0.107706	  0.034639	 -0.016793
 -0.028840	 -0.056723	  0.029870	 -0.173687	  0.076885	  0.003565	 -0.004281
 -0.036918	 -0.057356	 -0.005195	 -0.164913	  0.065736	 -0.002928	  0.004683
 -0.036886	 -0.031477	 -0.019322	 -0.189334	  0.091963	  0.005212	 -0.008874
 -0.057348	 -0.039491	 -0.010675	 -0.202670	  0.076220	  0.002710	 -0.026454
 -0.033592	 -0.104806	  0.005765	 -0.213693	  0.103619	 -0.023296	 -0.015969
 -0.031343	 -0.082094	 -0.006652	 -0.184520	  0.118127	 -0.010024	  0.004810
 -0.062448	 -0.096475	  0.003738	 -0.168144	  0.115403	 -0.000204	 -0.010679
 -0.100743	 -0.086624	  0.003199	 -0.186230	  0.113977	  0.003533	  0.009403
 -0.135048	 -0.055329	  0.033639	 -0.130007	  0.091868	 -0.028047	  0.014281
 -0.138215	 -0.038636	  0.020145	 -0.146034	  0.056740	 -0.029282	  0.001167
 -0.134889	  0.019425	  0.017358	 -0.178153	  0.065989	 -0.015440	  0.012602
 -0.140623	  0.044100	  0.008647	 -0.178058	  0.068206	 -0.036156	 -0.001557
 -0.120825	  0.028167	 -0.013715	 -0.195036	  0.053097	 -0.065646	 -0.002824
 -0.107965	  0.006090	  0.013589	 -0.170868	  0.021105	 -0.073153	 -0.003837
 -0.080978	  0.034566	  0.044789	 -0.160130	  0.025603	 -0.062605	  0.001389
 -0.097196	  0.045145	  0.041621	 -0.142297	  0.025508	 -0.039735	  0.024892
 -0.124753	  0.044258	  0.036965	 -0.122119	  0.044007	 -0.023011	  0.028693
 -0.194407	  0.044797	  0.004593	 -0.101499	  0.032984	 -0.030803	  0.063979
 -0.182972	  0.048218	  0.007159	 -0.117938	  0.012616	 -0.017879	  0.028756
 -0.162890	  0.043435	  0.004118	 -0.138084	  0.018920	 -0.006001	  0.007946
 -0.161433	  0.030860	 -0.013050	 -0.146224	  0.019236	  0.009805	  0.014344
 -0.095073	  0.027439	 -0.001109	 -0.119585	  0.008182	 -0.004195	  0.059196
 -0.067009	 -0.022418	 -0.001362	 -0.109291	  0.010842	 -0.000078	  0.034711
 -0.068973	 -0.018237	 -0.026892	 -0.113567	  0.047586	  0.034322	  0.022706
 -0.043158	 -0.009938	  0.005100	 -0.097476	  0.049296	  0.050159	  0.036834
 -0.019528	  0.017334	 -0.024548	 -0.114961	  0.043088	  0.051395	  0.041110
 -0.037424	  0.054394	 -0.038169	 -0.104191	  0.042264	  0.009330	  0.053368
 -0.045977	  0.074318	 -0.066328	 -0.092661	  0.038653	 -0.009517	  0.071233
 -0.070208	  0.031176	 -0.033164	 -0.140206	  0.030038	 -0.010309	  0.074147
 -0.119273	  0.029846	 -0.011150	 -0.146890	 -0.003190	 -0.014775	  0.079880
 -0.093363	  0.017334	  0.032024	 -0.180307	 -0.012692	 -0.026400	  0.066070
 -0.099065	  0.022751	  0.054830	 -0.167542	 -0.016652	 -0.021744	  0.082985
 -0.095517	  0.036308	  0.068640	 -0.138654	 -0.005850	 -0.020635	  0.093596
 -0.029822	  0.062630	  0.074754	 -0.118889	 -0.015416	 -0.026051	  0.083967
 -0.008251	  0.088002	  0.064301	 -0.132921	 -0.012597	 -0.014680	  0.094229
 -0.006383	  0.137701	  0.024200	 -0.131400	 -0.015987	 -0.020603	  0.096130
 -0.022410	  0.152746	  0.016028	 -0.096684	  0.034884	 -0.019780	  0.083143
 -0.031279	  0.113406	  0.030123	 -0.102671	  0.064690	 -0.023232	  0.063092
 -0.045375	  0.098043	  0.043459	 -0.095164	  0.067193	 -0.046989	  0.061825
 -0.039262	  0.090758	  0.040481	 -0.115563	  0.102099	 -0.018639	  0.021756
 -0.037773	  0.095762	  0.019924	 -0.146224	  0.102669	  0.005022	  0.019064
 -0.051868	  0.102414	  0.016313	 -0.127789	  0.080116	  0.014936	 -0.025883
 -0.064507	  0.064119	  0.032974	 -0.130228	  0.054333	  0.037141	 -0.043622
 -0.065077	  0.044607	  0.010485	 -0.124495	  0.056170	  0.070748	 -0.010648
 -0.051900	  0.049960	 -0.005797	 -0.128138	  0.068301	  0.069766	 -0.007037
 -0.032040	  0.021864	  0.005987	 -0.114327	  0.058419	  0.052250	 -0.029019
 -0.018831	  0.017619	  0.008204	 -0.098711	  0.027409	  0.041354	 -0.009001
 -0.032895	 -0.010572	  0.039531	 -0.068620	  0.010177	  0.031819	 -0.017806
 -0.042999	 -0.058021	  0.026607	 -0.026650	 -0.000592	  0.008982	 -0.008240
 -0.049619	 -0.097235	 -0.003136	 -0.056742	  0.007675	  0.017471	 -0.004218
 -0.052724	 -0.098407	  0.023345	 -0.049931	 -0.008543	  0.049082	 -0.001842
 -0.030202	 -0.061220	  0.009629	 -0.054208	 -0.040250	  0.041069	  0.015770
 -0.028904	 -0.055867	  0.005575	 -0.029818	 -0.064957	  0.038535	  0.028345
 -0.032356	 -0.053682	 -0.016630	 -0.058389	 -0.072717	  0.041956	  0.013172
 -0.029569	 -0.032839	 -0.079600	 -0.070362	 -0.048137	  0.023489	  0.051753
 -0.035365	 -0.014975	 -0.072030	 -0.075968	 -0.025394	 -0.003087	  0.063663
 -0.040243	  0.001560	 -0.075672	 -0.063013	  0.005553	 -0.022187	  0.058183
 -0.026116	  0.007135	 -0.038105	 -0.045022	  0.011476	 -0.011988	  0.058500
  0.007111	 -0.032491	 -0.047070	 -0.048601	  0.008372	  0.006067	  0.037150
 -0.010120	 -0.011839	 -0.064174	 -0.033460	  0.010684	  0.011135	  0.061604
 -0.034479	 -0.031382	 -0.057997	 -0.018985	  0.006756	 -0.015947	  0.051404
 -0.010532	 -0.029482	 -0.065980	 -0.024369	 -0.026313	 -0.006159	  0.084347
  0.008536	 -0.050071	 -0.066962	 -0.033872	 -0.066604	 -0.032165	  0.080102
  0.016709	 -0.078420	 -0.041748	 -0.060194	 -0.066445	 -0.064569	  0.029675
  0.018863	 -0.052161	 -0.017643	 -0.109988	 -0.062739	 -0.079139	  0.017543
  0.045565	 -0.042089	 -0.026417	 -0.129183	 -0.075251	 -0.057061	  0.011778
