:RUN-1	LEVEL SWEEP	TEMP:NaN	8/27/2019	4:28 PM	HR:-636.36:SW EAR: R	SW FREQ: 5.66	# AVERAGES: 512	REP RATE (/sec): 80	DRIVER: 	SAMPLE (µsec): 40	MASKER dB: 2147483647:NOTES-:CHAMBER-SEWELL-PXI1:CFTS Version: V2.7.2 (R850):LEVELS:20;30;40;50;60;70;80;:DATA  0.067242	 -0.035291	  0.070688	  0.039193	 -0.045115	  0.023494	 -0.044574
  0.031797	 -0.022938	  0.078449	 -0.035592	 -0.054016	  0.044083	 -0.008369
  0.029263	  0.006489	  0.070783	 -0.051746	 -0.074732	  0.008036	  0.017162
  0.044974	 -0.003331	  0.048357	 -0.046298	 -0.074795	  0.005660	  0.014469
  0.016055	  0.005253	  0.031823	 -0.010283	 -0.077392	  0.015606	  0.021881
 -0.009824	 -0.007575	  0.044271	  0.002513	 -0.020947	  0.000434	  0.021089
 -0.032155	 -0.014512	  0.057321	  0.023039	 -0.020218	 -0.051228	  0.034045
 -0.013340	  0.010100	  0.045158	  0.041094	 -0.024653	 -0.062568	  0.041488
 -0.007132	  0.029073	  0.025678	  0.039827	 -0.031780	 -0.046509	  0.036895
 -0.009697	 -0.002380	  0.019057	  0.024845	 -0.042708	 -0.022626	 -0.000830
 -0.031237	  0.013647	 -0.019333	  0.038212	 -0.048789	 -0.009480	  0.011302
 -0.039029	  0.007344	 -0.023071	  0.042804	 -0.028042	  0.005882	 -0.004092
 -0.039757	  0.014281	 -0.061556	  0.025415	 -0.012585	 -0.011824	 -0.006405
 -0.026010	  0.011969	 -0.084362	  0.025035	  0.010918	 -0.012014	 -0.014830
 -0.001018	 -0.023603	 -0.067131	 -0.011424	  0.043734	 -0.015720	 -0.017111
  0.023245	  0.016086	 -0.045180	 -0.031062	  0.065242	 -0.004127	 -0.046506
 -0.004439	  0.028851	 -0.048854	 -0.025899	  0.091184	  0.001606	 -0.035641
  0.005602	  0.023752	 -0.052085	 -0.021687	  0.122701	  0.032236	 -0.020469
 -0.004946	 -0.013150	 -0.053289	 -0.023460	  0.120642	  0.050133	  0.004967
  0.000407	 -0.044065	 -0.036723	 -0.044524	  0.101351	  0.048929	 -0.004473
 -0.009127	 -0.040929	  0.002428	 -0.018202	  0.113958	  0.029480	  0.021026
 -0.009507	 -0.042703	 -0.018858	  0.030609	  0.068441	  0.019281	  0.053968
 -0.001557	 -0.024236	 -0.013853	  0.013441	  0.079907	  0.009937	  0.057579
 -0.006150	 -0.019073	 -0.006505	  0.025066	  0.086021	 -0.004032	  0.062711
  0.004937	  0.000027	 -0.017147	  0.058547	  0.066762	  0.045540	  0.089033
  0.014344	 -0.008589	 -0.007233	  0.078217	  0.028593	  0.074903	  0.092422
 -0.002507	  0.010226	 -0.003337	  0.087847	  0.029037	  0.024444	  0.091694
 -0.009792	 -0.012421	  0.001161	  0.055791	  0.059762	  0.004140	  0.090458
  0.002339	 -0.010933	  0.000021	  0.036374	  0.043164	  0.025648	  0.076078
  0.009656	 -0.005200	 -0.018129	  0.024464	  0.019059	  0.006611	  0.074557
 -0.007734	 -0.016856	 -0.049963	  0.020283	  0.061441	 -0.003652	  0.067335
 -0.002159	 -0.073935	 -0.027315	  0.031591	  0.062866	  0.003697	  0.068602
 -0.003996	 -0.123253	  0.001098	  0.038180	  0.056468	  0.030209	  0.072467
 -0.009697	 -0.126991	  0.026248	  0.016546	  0.043037	  0.053553	  0.106296
 -0.000480	 -0.085465	  0.007591	 -0.016809	  0.033186	  0.045191	  0.139777
  0.018399	 -0.076279	 -0.030673	 -0.022732	 -0.008467	  0.039711	  0.171262
 -0.003964	 -0.118439	 -0.023261	  0.011034	 -0.023544	  0.050196	  0.233757
 -0.026390	 -0.140897	  0.008858	 -0.005025	 -0.024748	  0.088871	  0.260396
 -0.033422	 -0.130697	  0.025139	  0.003242	  0.006801	  0.102587	  0.269456
 -0.045079	 -0.100257	  0.058018	  0.022279	  0.037716	  0.126470	  0.245382
 -0.004186	 -0.072288	  0.075376	  0.017116	  0.036702	  0.124411	  0.205693
  0.022833	 -0.079827	  0.058652	 -0.001731	  0.044748	  0.115764	  0.169298
  0.065975	 -0.069469	  0.062041	 -0.009365	  0.073667	  0.132837	  0.095146
  0.051879	 -0.040296	  0.042339	  0.024718	  0.050418	  0.165684	  0.049692
  0.030657	 -0.008019	  0.025202	  0.029881	  0.061504	  0.136194	 -0.015052
  0.039969	  0.019127	  0.026184	  0.014898	  0.061409	  0.105026	 -0.102888
  0.034426	  0.013679	  0.015003	  0.042899	  0.064608	  0.084975	 -0.107322
  0.047508	  0.022643	  0.024632	  0.043438	  0.064545	  0.048612	 -0.151763
  0.071075	  0.043771	 -0.001310	  0.022944	  0.041770	 -0.011983	 -0.206276
  0.098600	  0.052861	 -0.022279	  0.041696	  0.003792	 -0.016196	 -0.181759
  0.104144	  0.045576	 -0.001341	  0.061176	 -0.047269	 -0.056518	 -0.135513
  0.127013	  0.038734	 -0.004224	  0.084838	 -0.039604	 -0.070392	 -0.127373
  0.146842	  0.038798	 -0.014898	  0.071154	 -0.053351	 -0.099248	 -0.133961
  0.165340	  0.015389	 -0.042171	  0.064914	 -0.076442	 -0.107167	 -0.091231
  0.161919	  0.018367	 -0.053986	  0.051103	 -0.081320	 -0.125349	 -0.052746
  0.127045	  0.026412	 -0.075462	  0.054017	 -0.105868	 -0.076569	 -0.072099
  0.099202	 -0.007480	 -0.048601	  0.043470	 -0.159748	 -0.073623	 -0.060094
  0.090048	 -0.039345	 -0.097223	  0.032162	 -0.176979	 -0.071532	 -0.049705
  0.070346	 -0.022874	 -0.081132	 -0.010062	 -0.185912	 -0.040554	  0.002401
  0.032177	 -0.046346	 -0.054493	 -0.000496	 -0.152019	 -0.031400	  0.027424
  0.032938	 -0.050559	 -0.001373	 -0.006102	 -0.135453	  0.003475	  0.069141
  0.022611	 -0.053251	  0.029669	 -0.001034	 -0.115973	  0.037272	  0.116876
  0.024385	 -0.061170	  0.013229	  0.024718	 -0.071912	  0.132647	  0.162108
  0.000470	 -0.064844	 -0.016609	  0.003147	 -0.077709	  0.188459	  0.176235
  0.013616	 -0.038522	 -0.024908	  0.013061	 -0.061776	  0.209333	  0.160049
  0.043200	 -0.033169	 -0.021329	  0.003274	  0.020674	  0.194350	  0.172529
  0.054097	 -0.031110	 -0.014202	  0.006726	  0.042594	  0.195871	  0.167905
  0.036390	 -0.032187	 -0.043501	  0.017623	  0.081966	  0.195776	  0.191756
  0.050866	 -0.055437	 -0.019872	  0.039225	  0.120008	  0.197549	  0.181493
  0.051088	 -0.078401	  0.011487	 -0.010062	  0.143480	  0.183866	  0.195525
  0.061920	 -0.040422	  0.025646	 -0.016365	  0.180603	  0.218709	  0.191851
  0.074084	 -0.005390	  0.014971	  0.009134	  0.205753	  0.178449	  0.149818
  0.075129	  0.024005	 -0.004097	  0.060036	  0.205912	  0.134896	  0.090490
  0.102528	  0.015231	 -0.022627	  0.064850	  0.167236	  0.095460	  0.049407
  0.139588	 -0.011345	 -0.030704	  0.075715	  0.165906	  0.066509	  0.003985
  0.134710	 -0.009507	  0.002365	  0.055506	  0.128909	  0.030525	 -0.014450
  0.083776	  0.020743	  0.018614	  0.060891	  0.129036	  0.022670	 -0.032188
  0.047540	  0.037847	  0.012437	  0.047271	  0.122511	  0.004583	 -0.000957
  0.016973	  0.073102	  0.006704	  0.074860	  0.096410	  0.038888	  0.058435
 -0.011915	  0.085962	  0.047312	  0.078819	  0.057133	  0.049246	  0.104395
 -0.020784	  0.083840	  0.048959	  0.077204	  0.037462	  0.063500	  0.086942
  0.024290	  0.060907	  0.020293	  0.055126	  0.032869	  0.086718	  0.074684
  0.047318	  0.048237	  0.038506	  0.014835	  0.036322	  0.065273	  0.081716
  0.042789	  0.055427	  0.032424	  0.025826	  0.017380	  0.058178	  0.061570
  0.044151	  0.077220	  0.014116	  0.011573	  0.028530	  0.038856	  0.064770
  0.019032	  0.083428	  0.018012	  0.017274	  0.020389	 -0.008720	  0.058340
 -0.016508	  0.059862	  0.018076	  0.026618	  0.003126	 -0.020567	 -0.006817
  0.031766	  0.071075	  0.023334	  0.027759	  0.004298	 -0.051070	 -0.045270
  0.032716	  0.049187	  0.045538	  0.050470	  0.035372	 -0.058292	 -0.056547
  0.041300	  0.044246	  0.044113	  0.065421	  0.001796	 -0.098456	 -0.057022
  0.036929	  0.050391	  0.044398	  0.067321	 -0.038907	 -0.134313	 -0.066620
  0.073672	  0.048363	  0.007781	  0.065421	 -0.030513	 -0.158925	 -0.094747
  0.104365	  0.023847	 -0.028202	  0.074543	 -0.007358	 -0.153001	 -0.078118
  0.080292	  0.044594	 -0.045243	  0.063964	 -0.004032	 -0.169061	 -0.106182
  0.061414	  0.052861	 -0.062792	  0.042899	  0.003538	 -0.158988	 -0.137857
  0.039621	  0.082699	 -0.083159	  0.028646	  0.028593	 -0.126742	 -0.112264
  0.017955	  0.064930	 -0.097001	  0.005111	  0.016747	 -0.125982	 -0.131839
  0.003986	  0.037467	 -0.053986	 -0.002175	 -0.022182	 -0.082587	 -0.135893
  0.035377	  0.057518	 -0.024559	  0.005016	 -0.023734	 -0.051577	 -0.130414
  0.066007	  0.030847	  0.012152	  0.005523	 -0.022119	 -0.045780	 -0.138554
  0.104587	  0.046526	  0.019374	 -0.036479	 -0.040015	 -0.036341	 -0.127151
  0.130054	  0.044467	 -0.002387	 -0.043637	 -0.035803	  0.031983	 -0.110680
  0.140285	  0.032748	 -0.032257	 -0.007401	 -0.046160	  0.052096	 -0.070769
  0.122642	 -0.007607	 -0.032478	  0.019301	 -0.018381	  0.051526	 -0.033234
  0.039716	  0.002308	 -0.053004	 -0.010030	  0.023969	  0.068821	 -0.009351
 -0.005611	 -0.029178	 -0.014107	 -0.028655	  0.074839	  0.103981	  0.030592
  0.004366	  0.027363	  0.023397	 -0.028560	  0.099451	  0.086622	  0.063566
  0.023593	  0.023245	  0.062326	 -0.026058	  0.104677	  0.081871	  0.067462
  0.028345	 -0.001747	  0.068566	 -0.013989	  0.095777	  0.117759	  0.065023
  0.010290	 -0.016127	  0.064543	 -0.038411	  0.097424	  0.116334	  0.068507
  0.006710	 -0.010679	  0.071955	 -0.062453	  0.124443	  0.110854	  0.046430
 -0.002761	 -0.038965	  0.031094	 -0.058367	  0.124538	  0.083170	  0.040728
  0.034458	 -0.029748	  0.059380	 -0.078354	  0.151715	  0.052096	  0.033474
  0.050802	 -0.034594	  0.064987	 -0.074964	  0.154439	  0.021783	  0.049851
  0.052576	  0.028186	  0.079399	 -0.048452	  0.159792	  0.018267	  0.046556
  0.039526	  0.046590	  0.081648	 -0.002523	  0.136733	  0.012407	  0.046366
  0.046083	  0.030562	  0.080571	  0.061271	  0.131633	 -0.000580	  0.045384
  0.042820	  0.047413	  0.113228	  0.130640	  0.111931	 -0.004571	  0.050642
  0.049979	  0.047350	  0.072937	  0.154207	  0.091342	 -0.015119	  0.018619
  0.050517	  0.043549	  0.055326	  0.155569	  0.085767	 -0.028771	  0.017605
  0.073419	  0.017923	  0.023714	  0.154523	  0.041802	 -0.040174	  0.004555
  0.063631	 -0.008906	  0.019184	  0.135613	  0.042340	 -0.031305	  0.026633
  0.057106	 -0.040517	  0.029289	  0.138971	  0.009937	 -0.030386	 -0.016668
  0.039146	 -0.059174	  0.016270	  0.165071	 -0.037196	 -0.016512	 -0.067095
  0.034743	 -0.061803	  0.038506	  0.165134	 -0.020757	 -0.029594	 -0.099689
  0.039241	 -0.085750	  0.028433	  0.150817	 -0.026997	 -0.071881	 -0.106911
  0.031797	 -0.104312	  0.007211	  0.108689	 -0.067985	 -0.084994	 -0.087430
  0.011969	 -0.106529	  0.023492	  0.127504	 -0.119235	 -0.103968	 -0.062565
 -0.012516	 -0.142417	  0.022922	  0.121929	 -0.114041	 -0.104665	 -0.060855
 -0.014480	 -0.152078	  0.003885	  0.115309	 -0.101085	 -0.107135	 -0.091421
 -0.030128	 -0.097280	  0.016460	  0.114897	 -0.090569	 -0.110841	 -0.071783
 -0.064116	 -0.114954	  0.021180	  0.074448	 -0.076885	 -0.096841	 -0.077579
 -0.019358	 -0.087935	  0.028148	  0.065674	 -0.085248	 -0.090347	 -0.102571
 -0.018662	 -0.098357	 -0.003274	  0.064787	 -0.085691	 -0.089967	 -0.104978
  0.027521	 -0.084673	 -0.034094	  0.051864	 -0.068397	 -0.095352	 -0.090946
  0.061699	 -0.069152	 -0.068176	  0.045053	 -0.063392	 -0.112964	 -0.101146
  0.054382	 -0.062532	 -0.087340	  0.059212	 -0.063138	 -0.101085	 -0.074918
  0.013331	 -0.091705	 -0.061810	  0.009830	 -0.079926	 -0.062885	 -0.071941
 -0.031712	 -0.086225	 -0.038560	 -0.033090	 -0.058736	 -0.044007	 -0.060886
 -0.043590	 -0.084103	 -0.022976	  0.013378	 -0.024019	 -0.024906	 -0.048976
 -0.003869	 -0.073143	 -0.016736	  0.000455	 -0.019331	  0.006452	 -0.051764
  0.021503	 -0.066840	 -0.043311	 -0.009492	 -0.039445	  0.038318	 -0.028039
  0.048585	 -0.039060	 -0.038972	 -0.005912	 -0.015594	  0.051938	 -0.038650
  0.055680	 -0.007068	 -0.030293	  0.010559	 -0.035961	  0.045096	 -0.028672
  0.002624	  0.012697	 -0.040619	 -0.002681	 -0.018730	  0.044463	  0.005220
  0.018145	  0.053843	 -0.029342	  0.011129	 -0.005141	  0.064196	  0.016592
  0.022295	  0.004303	 -0.023387	  0.022722	  0.047123	  0.104741	  0.024384
  0.033318	 -0.023888	 -0.021202	 -0.010949	  0.060712	  0.109777	  0.026411
  0.044752	  0.016213	 -0.006695	 -0.014148	  0.066952	  0.102523	  0.040316
  0.062016	  0.008991	 -0.008912	  0.026207	  0.020009	  0.123429	  0.051498
  0.060780	  0.023340	  0.007939	  0.034220	  0.031349	  0.077057	  0.036579
  0.060337	 -0.022621	 -0.031148	  0.010781	  0.030906	  0.046553	  0.007722
  0.054794	 -0.053884	 -0.052434	  0.028012	  0.041707	  0.019122	  0.003636
  0.046463	 -0.065414	 -0.064312	  0.052180	  0.064165	  0.029163	 -0.047804
  0.018874	 -0.080555	 -0.067289	  0.048918	  0.053839	 -0.015055	 -0.063769
  0.003258	 -0.090723	 -0.008532	  0.033714	  0.015131	 -0.066781	 -0.093607
 -0.002761	 -0.068772	  0.003125	  0.015279	  0.010190	 -0.116860	 -0.100037
 -0.025947	 -0.075740	 -0.007391	 -0.004075	 -0.051640	 -0.111665	 -0.080335
 -0.033897	 -0.075424	 -0.052402	 -0.001636	 -0.100199	 -0.114262	 -0.085910
 -0.059934	 -0.059048	 -0.075367	 -0.019659	 -0.118950	 -0.137544	 -0.098580
 -0.022874	 -0.050970	 -0.041316	 -0.019089	 -0.115339	 -0.090759	 -0.099594
 -0.006403	 -0.071211	 -0.048094	 -0.035212	 -0.154902	 -0.117367	 -0.062280
  0.010321	 -0.036178	 -0.027157	 -0.000116	 -0.169472	 -0.105362	 -0.063009
 -0.013688	 -0.062912	  0.003220	  0.023324	 -0.131209	 -0.098013	 -0.015686
 -0.014449	 -0.060124	 -0.001215	  0.022944	 -0.131050	 -0.083221	 -0.012898
 -0.034499	 -0.059618	  0.011202	  0.037800	 -0.108561	 -0.079103	 -0.018061
  0.004683	 -0.063419	  0.041230	  0.006758	 -0.125254	 -0.087782	 -0.005771
  0.034933	 -0.095316	  0.036796	 -0.029510	 -0.085501	 -0.072293	  0.000944
  0.052703	 -0.099877	  0.064828	 -0.047724	 -0.089904	 -0.046509	 -0.004599
  0.038988	 -0.079130	  0.064385	 -0.041674	 -0.072958	 -0.068935	  0.024004
  0.025399	 -0.071306	  0.053932	 -0.023999	 -0.047301	 -0.051387	  0.080069
  0.029073	 -0.087967	  0.049973	 -0.004138	 -0.026553	 -0.025413	  0.069458
  0.023910	 -0.075709	  0.054312	  0.003052	 -0.029119	  0.001764	  0.054665
  0.035788	 -0.074030	  0.025012	  0.015089	 -0.039509	 -0.012490	  0.046398
  0.039083	 -0.067948	 -0.029437	  0.045180	 -0.040554	  0.002525	  0.037244
  0.050517	 -0.077197	 -0.023387	  0.058040	 -0.078216	  0.034232	  0.034963
  0.107121	 -0.070482	 -0.033017	  0.061905	 -0.040237	  0.031888	  0.024985
  0.114755	 -0.101397	 -0.071344	  0.075018	 -0.021739	  0.030209	 -0.038397
  0.069333	 -0.097818	 -0.076792	  0.075620	 -0.010304	  0.065368	 -0.076597
  0.056916	 -0.113719	 -0.053099	  0.071027	 -0.023449	  0.062613	 -0.045777
  0.075287	 -0.092117	 -0.035456	  0.097888	 -0.039160	  0.050418	 -0.040487
  0.059196	 -0.082139	 -0.038116	  0.083317	 -0.068175	  0.036290	 -0.045460
  0.033064	 -0.134340	 -0.062000	  0.077711	 -0.048378	  0.033313	 -0.050338
  0.006235	 -0.149100	 -0.044357	  0.033017	 -0.028169	  0.018584	 -0.030320
 -0.028449	 -0.134213	 -0.034220	  0.002862	 -0.010526	  0.005280	 -0.053062
 -0.016919	 -0.129747	 -0.012048	  0.037293	  0.003190	  0.000181	 -0.074285
  0.005222	 -0.102981	 -0.039700	  0.045940	  0.022702	 -0.002037	 -0.104408
  0.004588	 -0.077324	 -0.047746	  0.041791	 -0.019680	 -0.019807	 -0.111979
  0.002719	 -0.071559	 -0.078344	  0.009260	 -0.026648	 -0.052052	 -0.111440
 -0.017965	 -0.045776	 -0.087688	 -0.006166	 -0.012616	 -0.045115	 -0.132568
 -0.034658	 -0.060061	 -0.070805	  0.006758	 -0.003050	 -0.057912	 -0.164623
 -0.027404	 -0.070704	 -0.094562	  0.013631	 -0.029499	 -0.083822	 -0.144319
 -0.022938	 -0.056418	 -0.066973	  0.015785	 -0.048346	 -0.108497	 -0.130224
 -0.065224	 -0.080523	 -0.067036	  0.005871	 -0.069283	 -0.146825	 -0.178433
 -0.076406	 -0.095791	 -0.055665	 -0.010442	 -0.064469	 -0.166273	 -0.157116
 -0.113941	 -0.077989	 -0.063203	 -0.026660	 -0.074288	 -0.152051	 -0.147835
 -0.087144	 -0.094524	 -0.053606	 -0.022763	 -0.079483	 -0.138146	 -0.160347
 -0.100827	 -0.123919	 -0.030895	 -0.055928	 -0.076664	 -0.088637	 -0.153695
 -0.073175	 -0.087935	 -0.014708	 -0.030841	 -0.064912	 -0.072831	 -0.133803
 -0.048278	 -0.091483	  0.005595	 -0.021560	 -0.053763	 -0.050183	 -0.132251
  0.013964	 -0.115018	 -0.018636	 -0.043891	 -0.079166	 -0.024906	 -0.123508
  0.073925	 -0.117235	 -0.053036	 -0.078829	 -0.113819	 -0.054048	 -0.121956
  0.086532	 -0.060726	 -0.072991	 -0.070055	 -0.106470	 -0.021960	 -0.121259
  0.094831	 -0.088759	 -0.065801	 -0.060425	 -0.076759	  0.018204	 -0.081760
  0.117099	 -0.082677	 -0.039669	 -0.034325	 -0.065799	  0.022037	 -0.065004
  0.111714	 -0.095506	 -0.046637	 -0.034768	 -0.067795	  0.069645	 -0.054108
  0.079215	 -0.104343	 -0.030261	 -0.047565	 -0.068175	  0.077342	 -0.051922
  0.124321	 -0.063450	 -0.046130	 -0.029289	 -0.064120	  0.073572	 -0.050433
  0.139272	 -0.051350	 -0.047746	 -0.004202	 -0.063930	  0.090075	 -0.053379
  0.136896	 -0.048151	 -0.046035	  0.000708	 -0.050817	  0.111614	 -0.028419
  0.109212	 -0.014227	 -0.058325	 -0.016333	 -0.001150	  0.079939	  0.002559
  0.109909	 -0.024616	 -0.053891	 -0.056688	  0.038951	  0.062201	  0.011872
  0.121438	 -0.036970	 -0.022406	 -0.047565	  0.040820	  0.027263	  0.017985
  0.007347	  0.050311	 -0.025003	 -0.088297	  0.043313	 -0.000079	 -0.007203
  0.016375	  0.047461	 -0.016736	 -0.119307	 -0.004105	  0.004355	  0.003472
  0.012700	  0.020885	 -0.026808	 -0.096500	 -0.021907	  0.003595	  0.027228
  0.004021	  0.001436	 -0.049298	 -0.090292	  0.004891	 -0.009233	  0.031631
  0.005637	 -0.000242	 -0.062095	 -0.060169	  0.019905	 -0.006953	  0.009585
  0.023850	 -0.012754	 -0.064027	 -0.079427	  0.010909	 -0.014080	 -0.015217
  0.045421	 -0.016777	 -0.035773	 -0.060042	  0.029882	 -0.018926	  0.023459
  0.036108	 -0.021877	 -0.002957	  0.002992	  0.043820	  0.000839	  0.057130
  0.023882	 -0.004867	  0.015383	  0.023327	  0.022375	  0.012084	  0.043541
  0.007379	 -0.018962	  0.015478	  0.019685	  0.017149	  0.035334	  0.076642
 -0.005165	  0.004857	 -0.016704	  0.041794	 -0.010409	  0.017184	  0.072872
 -0.025564	  0.020727	 -0.016894	  0.049364	 -0.038441	 -0.016804	  0.014463
 -0.024518	 -0.011424	 -0.021297	  0.070872	 -0.053392	 -0.026465	 -0.098016
 -0.039216	 -0.015066	  0.005754	  0.045722	 -0.048007	 -0.026085	 -0.076287
 -0.055402	 -0.019026	  0.004297	  0.064569	 -0.019879	 -0.000333	  0.043002
 -0.018595	 -0.034642	  0.018076	  0.039798	 -0.009965	  0.011831	  0.001508
  0.009153	 -0.019849	  0.052855	  0.021648	 -0.029699	 -0.018736	 -0.123261
 -0.025278	 -0.002840	  0.065969	  0.071284	 -0.005911	 -0.014586	 -0.104161
 -0.014477	  0.014487	  0.094793	  0.081737	  0.027317	  0.036316	  0.008635
  0.016343	  0.018161	  0.064987	  0.061243	  0.022154	  0.030741	  0.010979
  0.014347	  0.015025	  0.008478	  0.023517	  0.000741	  0.013319	 -0.134316
 -0.024170	  0.004192	  0.000369	  0.033495	  0.015534	  0.007491	 -0.198047
 -0.022681	 -0.001984	  0.018487	  0.054908	  0.046322	  0.017786	 -0.059816
 -0.016885	 -0.014560	  0.012786	  0.057473	  0.062761	  0.026433	  0.035210
 -0.025120	 -0.025678	 -0.001088	  0.060989	  0.057693	  0.034890	 -0.083287
 -0.033451	 -0.007939	 -0.002830	  0.079076	  0.037516	  0.008441	 -0.189368
  0.000062	  0.016451	 -0.028012	  0.041952	  0.039417	  0.017722	 -0.148095
  0.023185	  0.015785	 -0.053732	  0.037201	  0.072866	  0.046769	  0.004485
  0.013777	  0.034506	 -0.016356	  0.052183	  0.041507	  0.011704	  0.008413
  0.026036	  0.023704	 -0.024876	  0.061686	  0.021584	 -0.023994	 -0.159149
  0.011813	  0.043660	 -0.007740	  0.047432	  0.037295	 -0.040782	 -0.195576
  0.004465	  0.078819	  0.022573	  0.026622	  0.053227	 -0.016202	 -0.039797
 -0.011246	  0.059276	  0.062959	  0.036948	  0.061146	 -0.019591	  0.065555
 -0.008269	  0.079548	  0.075186	  0.023422	  0.032955	 -0.069733	 -0.026873
  0.021981	  0.058991	  0.104866	  0.007236	  0.022724	 -0.104956	 -0.114899
  0.031990	  0.077299	  0.128432	 -0.016489	  0.035806	 -0.073946	 -0.049901
  0.050426	  0.039067	  0.115699	 -0.035304	  0.053164	 -0.046864	  0.075185
  0.026732	  0.001975	  0.123744	  0.005336	  0.046449	 -0.060832	  0.047722
  0.011782	 -0.059285	  0.174045	 -0.006099	  0.028837	 -0.122884	 -0.042679
  0.030850	 -0.053679	  0.169547	  0.011607	  0.005207	 -0.109137	 -0.021584
  0.034620	 -0.074046	  0.153646	  0.020825	  0.001596	 -0.064633	  0.094253
  0.058661	 -0.083358	  0.131600	  0.003372	  0.008945	 -0.053896	  0.092321
  0.085712	 -0.109871	  0.153107	  0.021332	  0.025004	 -0.100427	 -0.027634
  0.078458	 -0.089250	  0.142464	  0.009485	  0.036724	 -0.130486	 -0.072961
  0.082513	 -0.085481	  0.175122	  0.005399	  0.043503	 -0.050380	  0.026436
  0.099237	 -0.046362	  0.151524	  0.006318	  0.027063	  0.000744	  0.128716
  0.055937	 -0.058715	  0.143003	  0.057061	  0.001691	 -0.026972	  0.039201
  0.045452	 -0.080983	  0.110694	  0.096434	  0.014805	 -0.084747	 -0.105460
  0.057743	 -0.142401	  0.076326	  0.089560	  0.064884	 -0.045248	 -0.056648
  0.037375	 -0.124441	  0.054977	  0.078411	  0.110781	  0.018071	  0.092606
  0.031009	 -0.120577	  0.057480	  0.083320	  0.141886	  0.058203	  0.023997
  0.052991	 -0.116649	  0.063846	  0.069668	  0.137262	  0.036791	 -0.140113
  0.038421	 -0.107527	  0.042592	  0.062130	  0.140113	  0.011799	 -0.134981
  0.077001	 -0.071765	  0.069104	  0.086425	  0.116008	  0.046072	 -0.011289
  0.116595	 -0.055484	  0.070466	  0.075972	  0.101310	  0.038343	  0.079334
  0.144818	 -0.021465	  0.030682	  0.046577	  0.076445	  0.032451	 -0.029661
  0.139972	  0.004319	  0.010030	  0.014807	  0.036819	 -0.002170	 -0.144927
  0.115803	 -0.014623	  0.026850	  0.014331	  0.066974	  0.045787	 -0.096147
  0.127713	  0.015975	  0.009365	 -0.015412	  0.082242	  0.061814	  0.035084
  0.115392	  0.028804	 -0.014360	 -0.017059	  0.110306	  0.028650	 -0.033335
  0.089798	  0.001785	 -0.039542	 -0.022665	  0.050852	 -0.019781	 -0.133461
  0.057743	  0.020062	 -0.012618	 -0.040593	 -0.009173	 -0.005812	 -0.137103
  0.040384	  0.012586	 -0.056425	 -0.016425	  0.012651	  0.026655	  0.019816
  0.034271	 -0.013324	 -0.075367	  0.022250	  0.055761	  0.015188	  0.038124
 -0.031519	 -0.025012	 -0.080625	  0.009739	  0.047114	 -0.006573	 -0.063458
 -0.024043	 -0.021496	 -0.059751	  0.013128	  0.024086	 -0.047529	 -0.121678
 -0.019799	 -0.019564	 -0.066561	  0.061053	  0.061083	 -0.029220	 -0.055286
 -0.017423	 -0.010632	 -0.048031	  0.061559	  0.084934	  0.044425	  0.065048
  0.019732	 -0.015256	 -0.005523	  0.071759	  0.079454	  0.043601	 -0.003434
  0.022044	 -0.036891	  0.024886	  0.062256	  0.075558	  0.001410	 -0.158421
 -0.003106	 -0.025773	  0.039805	  0.043409	  0.089305	 -0.028112	 -0.134854
 -0.028383	 -0.026343	  0.059475	  0.055414	  0.100138	  0.005496	  0.000748
 -0.077891	  0.008437	  0.066380	  0.090732	  0.155919	 -0.023931	  0.008191
 -0.099145	  0.024876	  0.057733	  0.098968	  0.142013	 -0.053420	 -0.122850
 -0.076022	  0.014138	  0.080064	  0.112430	  0.137072	 -0.059059	 -0.196526
 -0.095218	 -0.008415	  0.098753	  0.114330	  0.144991	 -0.017057	 -0.106252
 -0.077860	 -0.002935	  0.130840	  0.087596	  0.150629	  0.023234	 -0.005017
 -0.040546	 -0.024411	  0.128464	  0.062890	  0.172168	  0.014333	 -0.053924
 -0.034243	 -0.092608	  0.113862	  0.068876	  0.159941	 -0.010405	 -0.199979
 -0.018025	 -0.074236	  0.097010	  0.086583	  0.150565	  0.019591	 -0.189241
 -0.029175	 -0.067806	  0.065272	  0.092379	  0.177965	  0.101123	 -0.039892
  0.000188	 -0.080096	  0.014370	  0.126304	  0.191173	  0.115346	 -0.044168
 -0.001110	 -0.073254	 -0.015817	  0.098810	  0.138117	  0.059312	 -0.171313
 -0.029966	 -0.099766	  0.004012	  0.086488	  0.128804	  0.053610	 -0.202165
 -0.014224	 -0.107622	  0.045760	  0.066279	  0.146859	  0.100997	 -0.100138
 -0.026736	 -0.099196	  0.066127	  0.069700	  0.125669	  0.126210	 -0.022565
  0.030153	 -0.099639	  0.052760	  0.039133	  0.120125	  0.092951	 -0.118953
  0.038262	 -0.092354	  0.049719	  0.037550	  0.097541	  0.045850	 -0.203020
  0.050299	 -0.089155	  0.043036	  0.009834	  0.099600	  0.043189	 -0.123451
  0.045452	 -0.082693	  0.069294	  0.044486	  0.134506	  0.069733	  0.040658
  0.088214	 -0.027325	  0.060964	  0.056776	  0.125035	  0.059470	  0.013766
  0.097717	  0.019238	  0.025424	  0.029536	  0.145656	  0.032261	 -0.094563
  0.075132	  0.025003	  0.020103	  0.004639	  0.165580	  0.040465	 -0.097446
  0.089259	  0.031750	  0.009016	  0.036504	  0.145973	  0.096626	  0.036224
  0.086155	  0.005808	  0.011677	  0.030581	  0.142900	  0.093458	  0.085891
  0.044661	 -0.033913	  0.035465	  0.002327	  0.105111	  0.057665	 -0.064884
  0.037692	 -0.037112	  0.048230	 -0.023806	  0.083255	  0.025419	 -0.139067
  0.050837	 -0.066856	  0.061091	 -0.016837	  0.077142	  0.062099	 -0.044802
  0.054353	 -0.048642	  0.060172	 -0.018643	  0.049109	  0.116803	  0.046075
  0.082069	 -0.055801	  0.041579	  0.016707	  0.045530	  0.124310	 -0.031245
  0.059010	 -0.066856	  0.051208	  0.004290	  0.042204	  0.049366	 -0.150660
  0.033289	 -0.071765	  0.055231	 -0.003818	  0.070870	  0.067896	 -0.100423
  0.014759	 -0.055104	  0.046773	 -0.012244	  0.132162	  0.085666	  0.032169
  0.006175	 -0.047882	  0.057195	 -0.019624	  0.130357	  0.115504	  0.070972
 -0.014414	 -0.044873	  0.049656	 -0.023679	  0.113980	  0.081675	 -0.088165
 -0.021224	 -0.035750	  0.078670	 -0.009425	  0.111573	  0.048162	 -0.160860
  0.017135	 -0.023429	  0.091467	 -0.006923	  0.134348	  0.061593	 -0.052689
  0.030343	 -0.003473	  0.102585	 -0.008348	  0.157312	  0.128744	  0.037681
  0.017293	  0.041727	  0.122699	  0.011576	  0.129660	  0.097291	 -0.077142
  0.010325	  0.037863	  0.105246	  0.005146	  0.091966	  0.054561	 -0.202069
 -0.011943	  0.040524	  0.069326	  0.005494	  0.097319	  0.071887	 -0.165801
 -0.028129	  0.034727	  0.070847	  0.007490	  0.128583	  0.151392	 -0.035172
 -0.010993	  0.038307	  0.056878	  0.043314	  0.096084	  0.113477	 -0.026715
 -0.010993	  0.022627	  0.065652	  0.063935	  0.111478	  0.024438	 -0.127728
 -0.022143	  0.026048	  0.057638	  0.109706	  0.101754	  0.032641	 -0.165865
  0.011497	 -0.000654	  0.039805	  0.097859	  0.110496	  0.091399	 -0.017117
  0.021728	 -0.061914	  0.061724	  0.096339	  0.109578	  0.107490	  0.028717
  0.007822	 -0.085797	  0.024062	  0.090764	  0.077459	  0.057316	 -0.100835
 -0.014351	 -0.128369	  0.031854	  0.076573	  0.068210	  0.006604	 -0.136787
 -0.020781	 -0.148261	  0.044778	  0.043283	  0.111985	  0.034827	 -0.037390
 -0.050777	 -0.143731	  0.051240	  0.025766	  0.159751	  0.036537	  0.000241
 -0.091923	 -0.112151	  0.066539	  0.031753	  0.143692	  0.012528	 -0.039575
 -0.109915	 -0.102712	  0.041040	  0.083004	  0.120347	  0.040940	 -0.038530
 -0.093982	 -0.081141	  0.044936	  0.113095	  0.114202	  0.047909	  0.025074
 -0.103010	 -0.071797	  0.035687	  0.140463	  0.118352	  0.082213	  0.003630
 -0.097435	 -0.103852	  0.044366	  0.124055	  0.103939	  0.087313	 -0.084554
 -0.087584	 -0.100495	  0.031126	  0.108471	  0.083414	  0.092318	 -0.104351
 -0.081249	 -0.116396	  0.029859	  0.078062	  0.106917	  0.099255	 -0.085251
 -0.070321	 -0.110029	  0.032456	  0.066659	  0.130610	  0.088485	 -0.034570
 -0.049859	 -0.085481	 -0.003052	  0.051043	  0.123103	  0.090639	 -0.013633
 -0.075516	 -0.090675	 -0.014297	  0.026431	  0.129058	  0.092381	 -0.040874
 -0.104245	 -0.102902	 -0.029089	  0.014680	  0.113474	  0.098526	 -0.054272
 -0.100349	 -0.081901	 -0.036501	  0.001471	  0.087120	  0.095073	 -0.059372
 -0.087869	 -0.075154	 -0.021487	 -0.012466	  0.061209	  0.079616	 -0.060259
 -0.030410	 -0.078259	 -0.005238	  0.005146	  0.045308	  0.084431	 -0.054463
  0.004401	 -0.105499	  0.003188	  0.003784	  0.014457	  0.085761	 -0.068083
 -0.033261	 -0.103821	 -0.018700	  0.027762	  0.013696	  0.080344	 -0.034634
 -0.040989	 -0.071417	 -0.006853	  0.060989	  0.035932	  0.076733	 -0.040652
 -0.022111	 -0.097549	  0.003790	  0.071854	  0.050281	  0.066027	 -0.085979
 -0.022079	 -0.075154	  0.044778	  0.080184	  0.052372	  0.055099	 -0.086233
 -0.008269	 -0.063625	  0.060837	  0.063143	  0.016959	  0.044456	 -0.105175
  0.004940	 -0.037873	  0.073476	  0.058265	  0.016801	  0.033813	 -0.070554
 -0.048623	 -0.082060	  0.068503	  0.040812	  0.018036	  0.023297	  0.006006
 -0.045519	 -0.114305	  0.061471	  0.041889	  0.013950	  0.062448	 -0.004289
 -0.058031	 -0.123934	  0.026501	  0.078696	  0.021045	  0.062448	 -0.047621
 -0.037632	 -0.098246	  0.029985	  0.045500	 -0.006037	  0.065584	 -0.054241
 -0.035636	 -0.088933	  0.029162	  0.065265	  0.004416	  0.053610	 -0.028394
 -0.068642	 -0.080444	  0.050543	  0.086139	  0.022946	  0.050601	  0.005879
 -0.084511	 -0.087286	  0.028307	  0.117086	  0.044516	  0.050570	 -0.025828
 -0.117802	 -0.076010	  0.052126	  0.109167	  0.063522	  0.051013	 -0.019271
 -0.097625	 -0.088141	  0.041737	  0.096972	  0.109958	  0.033972	 -0.028425
 -0.079317	 -0.087286	  0.043257	  0.085316	  0.082844	 -0.022949	 -0.056078
 -0.078651	 -0.062928	  0.012912	  0.062130	  0.101184	 -0.028650	 -0.043820
 -0.061578	 -0.052095	  0.018266	  0.065962	  0.112302	 -0.020827	 -0.051738
 -0.071873	 -0.022447	  0.024347	  0.045088	  0.120030	 -0.002645	 -0.038625
 -0.054546	  0.006156	  0.003346	  0.044138	  0.123198	 -0.006984	 -0.041032
 -0.072855	  0.017528	 -0.001975	  0.065931	  0.109894	  0.009455	 -0.080595
 -0.070194	 -0.005025	 -0.012745	  0.067673	  0.129026	  0.052597	 -0.070712
 -0.069719	 -0.008446	 -0.021645	  0.062700	  0.151737	  0.086236	 -0.047526
 -0.051284	 -0.049846	 -0.005903	  0.067293	  0.119112	  0.087788	 -0.101500
 -0.017391	 -0.042656	 -0.003147	  0.058867	  0.108659	  0.073059	 -0.127221
 -0.042288	 -0.031854	 -0.011319	  0.090257	  0.120474	  0.060072	 -0.074893
 -0.011943	 -0.041484	 -0.015405	  0.099063	  0.119967	  0.075688	 -0.058010
  0.007062	 -0.069675	  0.017315	  0.082909	  0.110338	  0.105400	 -0.057187
 -0.003011	 -0.079431	  0.006356	  0.057822	  0.101500	  0.121649	 -0.065929
 -0.031043	 -0.100083	 -0.012840	  0.081863	  0.053544	  0.128618	 -0.070205
 -0.089421	 -0.095205	 -0.011383	  0.033653	  0.035521	  0.143378	 -0.080088
 -0.109155	 -0.070783	 -0.008975	 -0.022634	  0.049046	  0.136505	 -0.047082
 -0.120906	 -0.036637	  0.005120	 -0.057445	  0.049078	  0.129283	 -0.033810
 -0.153754	 -0.029764	  0.058842	 -0.029792	  0.015027	  0.122441	 -0.001977
 -0.179379	  0.015374	  0.083865	  0.010055	  0.013570	  0.107110	  0.011644
 -0.142065	  0.026840	  0.084340	  0.006349	  0.047557	  0.128206	 -0.011891
 -0.152803	  0.000835	  0.055611	  0.034762	  0.056268	  0.117500	  0.045093
 -0.150808	  0.000486	  0.072684	  0.051043	  0.082115	  0.072711	  0.011929
 -0.159550	 -0.008383	  0.087856	  0.059532	  0.063395	  0.100522	 -0.004764
 -0.171808	 -0.009080	  0.098277	  0.056111	  0.037326	  0.101757	 -0.010085
 -0.152201	 -0.037714	  0.113292	  0.011702	  0.042679	  0.103657	  0.002933
 -0.138296	 -0.042529	  0.123934	  0.009168	  0.080563	  0.119970	  0.035020
 -0.158885	 -0.027356	  0.059317	  0.017816	  0.051580	  0.110531	  0.051871
 -0.132214	 -0.057004	  0.033153	  0.028680	  0.061114	  0.112210	  0.043668
 -0.088186	 -0.044778	  0.045348	  0.018038	  0.064219	  0.134287	  0.016142
 -0.103580	 -0.031696	  0.041547	  0.020381	  0.080690	  0.116613	 -0.022851
 -0.094426	 -0.023650	  0.064607	  0.024848	  0.080658	  0.094250	 -0.020190
 -0.058031	 -0.066855	  0.038728	  0.060926	  0.098269	  0.091367	 -0.043123
 -0.035953	 -0.080286	  0.054756	  0.007711	  0.100899	  0.110246	 -0.053956
 -0.048180	 -0.130238	  0.037397	  0.004512	  0.129185	  0.110151	 -0.047431
 -0.037949	 -0.113545	  0.042244	  0.005621	  0.099283	  0.101155	 -0.073246
 -0.040356	 -0.121717	  0.059222	  0.045183	  0.102767	  0.063366	 -0.117496
 -0.022523	 -0.141736	  0.060489	  0.054591	  0.080658	  0.058679	 -0.091934
 -0.023568	 -0.119120	  0.045063	  0.066342	  0.059721	  0.052312	 -0.089495
 -0.046216	 -0.068598	  0.030904	  0.073691	  0.052625	  0.082720	 -0.062508
 -0.079000	 -0.063530	  0.000622	  0.046862	  0.063743	  0.072204	 -0.027887
 -0.034179	 -0.067172	 -0.030324	  0.032101	  0.098174	  0.053864	 -0.030389
 -0.031930	 -0.047185	 -0.007708	  0.078949	  0.080405	  0.039167	 -0.043440
 -0.019989	 -0.044714	  0.036606	  0.035839	  0.065137	  0.020858	 -0.053227
 -0.054863	 -0.062769	  0.031664	  0.022662	  0.068811	  0.025071	 -0.061178
 -0.084195	 -0.033881	 -0.004034	  0.017816	  0.050630	  0.065140	 -0.093962
 -0.122142	 -0.016713	  0.005120	  0.002643	  0.079549	  0.059344	 -0.093835
 -0.145423	  0.003369	  0.005849	  0.027603	  0.085726	  0.062606	 -0.111320
 -0.131803	  0.023831	  0.009111	  0.016485	  0.084206	  0.060294	 -0.090002
 -0.112829	  0.017401	  0.034800	 -0.003628	  0.077997	  0.048637	 -0.073214
 -0.115458	 -0.006799	  0.049497	  0.017879	  0.087943	  0.037044	 -0.062856
 -0.144029	  0.019872	  0.044619	  0.029884	  0.079644	  0.075340	 -0.072866
 -0.121540	  0.016546	  0.052443	  0.039513	  0.063933	  0.073439	 -0.111478
 -0.096928	  0.015532	  0.025614	  0.074483	  0.063743	  0.079553	 -0.095735
 -0.112766	 -0.017315	  0.030809	  0.072329	  0.076128	  0.066027	 -0.089464
 -0.109218	  0.004446	  0.051366	  0.088167	  0.111922	  0.094250	 -0.094563
 -0.136142	  0.030261	  0.082503	  0.080216	  0.157217	  0.116898	 -0.100613
 -0.136332	  0.058452	  0.086843	  0.046704	  0.113759	  0.092476	 -0.089939
 -0.158917	  0.057597	  0.095332	  0.014046	  0.113759	  0.105653	 -0.078916
 -0.147640	  0.032098	  0.080381	  0.020001	  0.133651	  0.117690	 -0.064725
 -0.119069	  0.008532	  0.084752	  0.006571	  0.146574	  0.116169	 -0.020443
 -0.092272	  0.020315	  0.053900	  0.013603	  0.137927	  0.098463	 -0.058675
