:RUN-7	LEVEL SWEEP	TEMP:NaN	8/27/2019	4:40 PM	HR:-492.50:SW EAR: R	SW FREQ: 45.20	# AVERAGES: 512	REP RATE (/sec): 80	DRIVER: 	SAMPLE (µsec): 40	MASKER dB: 2147483647:NOTES-:CHAMBER-SEWELL-PXI1:CFTS Version: V2.7.2 (R850):LEVELS:20;30;40;50;60;70;80;:DATA -0.032122	  0.006709	 -0.082601	 -0.022063	 -0.001180	 -0.047809	  0.012892
 -0.025343	  0.017162	 -0.074841	  0.008250	 -0.014895	 -0.057914	 -0.008806
  0.002974	 -0.009034	 -0.034867	 -0.019529	  0.001924	 -0.036564	  0.010294
  0.000599	 -0.023383	 -0.003825	 -0.012117	 -0.002162	 -0.032510	  0.040734
  0.003576	 -0.011473	  0.009574	 -0.011040	 -0.021230	 -0.026238	  0.032182
 -0.005008	  0.004808	  0.003619	  0.012463	 -0.046951	 -0.020727	 -0.006969
  0.017260	  0.027773	 -0.010793	 -0.024471	 -0.047774	 -0.004256	 -0.018847
  0.002372	  0.030465	  0.033869	 -0.025991	 -0.013343	  0.012469	 -0.042477
  0.003861	  0.053873	  0.053001	 -0.021493	  0.009811	  0.025393	 -0.064301
  0.013015	  0.055077	  0.042073	  0.011861	 -0.003366	  0.033406	 -0.044219
  0.046053	  0.030529	  0.015212	  0.020603	  0.006517	  0.026913	 -0.024738
  0.053686	  0.030814	 -0.017445	 -0.001760	  0.021753	  0.006007	 -0.002977
  0.009436	 -0.029211	 -0.029007	  0.019653	 -0.002954	  0.000021	 -0.020272
  0.008296	 -0.043877	  0.019995	 -0.007334	  0.018585	 -0.007581	  0.010485
  0.002911	 -0.048184	  0.019362	  0.020033	 -0.001560	 -0.005554	  0.004213
 -0.002537	 -0.049705	  0.003936	 -0.001918	 -0.012615	  0.005817	  0.005955
 -0.031995	 -0.055692	  0.042865	 -0.001918	 -0.006470	  0.028908	  0.024770
 -0.027814	 -0.013120	  0.025507	  0.004671	  0.014594	  0.039330	  0.013082
 -0.019959	  0.029293	  0.005551	  0.002137	  0.051274	  0.033533	  0.033861
 -0.019262	 -0.002825	 -0.021183	  0.049966	  0.050039	  0.027356	  0.045137
  0.015264	 -0.009224	 -0.018332	  0.101059	  0.090457	  0.029352	  0.047798
  0.036075	 -0.002984	 -0.012504	  0.088388	  0.078040	  0.026913	  0.044631
  0.024038	  0.026791	  0.012171	  0.039387	  0.048265	  0.037334	  0.029743
  0.035758	  0.026379	 -0.018395	  0.015630	  0.027581	  0.032995	  0.029616
  0.032337	  0.019981	 -0.014214	  0.019368	  0.030971	  0.006862	  0.073645
  0.063252	  0.017130	 -0.007404	 -0.006511	 -0.018253	  0.001129	  0.084636
  0.083841	  0.008483	 -0.007246	 -0.039200	 -0.001687	  0.004740	  0.106017
  0.084760	  0.048235	 -0.025586	 -0.038978	  0.042405	  0.038918	  0.183527
  0.106933	  0.060177	 -0.003951	 -0.046327	  0.044939	  0.081680	  0.223343
  0.085330	  0.082571	 -0.034962	  0.003087	  0.051876	  0.137111	  0.275575
  0.066737	  0.051434	 -0.006074	  0.055763	  0.093719	  0.166284	  0.308898
  0.070443	  0.014754	 -0.007119	  0.048161	  0.163342	  0.204801	  0.344501
  0.063062	 -0.005011	  0.019330	  0.063967	  0.230588	  0.214209	  0.344216
  0.019984	 -0.003269	 -0.001639	  0.069732	  0.250259	  0.183547	  0.299997
  0.013522	  0.011967	 -0.009811	  0.081040	  0.246933	  0.133659	  0.229456
  0.010988	 -0.017840	 -0.029418	  0.076035	  0.225805	  0.080634	  0.168228
  0.018052	  0.039493	 -0.011712	  0.114362	  0.209271	  0.025899	  0.045296
  0.013459	  0.009845	  0.004379	  0.156775	  0.175442	 -0.024654	 -0.066328
  0.034301	  0.017637	 -0.025744	  0.145404	  0.139173	 -0.088607	 -0.130312
  0.062714	 -0.014767	 -0.026093	  0.122566	  0.096950	 -0.117526	 -0.185681
  0.077348	 -0.005898	  0.009637	  0.121679	  0.029735	 -0.147238	 -0.234587
  0.081276	 -0.052746	 -0.004142	  0.105620	 -0.024240	 -0.212996	 -0.301581
  0.065818	 -0.085530	 -0.027391	  0.043441	 -0.105994	 -0.270106	 -0.344311
  0.094421	 -0.073113	 -0.026536	 -0.018991	 -0.184200	 -0.307895	 -0.356696
  0.100724	 -0.037478	 -0.019441	 -0.034575	 -0.235577	 -0.315085	 -0.331134
  0.101770	 -0.010174	 -0.025206	 -0.041449	 -0.248469	 -0.264437	 -0.286947
  0.090208	 -0.014830	 -0.061664	 -0.063020	 -0.246727	 -0.231114	 -0.238040
  0.093154	 -0.019740	 -0.076615	 -0.068880	 -0.225821	 -0.156234	 -0.170508
  0.095751	 -0.030351	 -0.059193	 -0.033118	 -0.180906	 -0.113029	 -0.106936
  0.120997	 -0.010301	 -0.050197	 -0.057508	 -0.142705	 -0.038750	 -0.011371
  0.095593	  0.011777	 -0.072180	 -0.061753	 -0.108939	  0.035750	  0.046626
  0.108643	  0.014976	 -0.102620	 -0.051838	 -0.104188	  0.069960	  0.162209
  0.085077	  0.005410	 -0.066700	 -0.024978	 -0.067128	  0.152252	  0.223691
  0.060022	 -0.020849	 -0.080447	  0.053197	 -0.003207	  0.191530	  0.253814
  0.060845	 -0.006817	 -0.109209	  0.068686	  0.053523	  0.213132	  0.207125
  0.090335	 -0.026899	 -0.104426	  0.086678	  0.143861	  0.227671	  0.138738
  0.091190	 -0.023478	 -0.104774	  0.164472	  0.153174	  0.200937	  0.082324
  0.108675	 -0.047266	 -0.133440	  0.209737	  0.113833	  0.141673	 -0.015236
  0.088656	 -0.056642	 -0.118109	  0.247747	  0.056501	  0.080603	 -0.103610
  0.042759	 -0.073715	 -0.087986	  0.267132	  0.037559	  0.050796	 -0.081374
  0.020903	 -0.065923	 -0.073542	  0.243059	  0.016590	 -0.005396	 -0.095058
  0.016785	 -0.051415	 -0.043007	  0.198809	 -0.064119	 -0.074670	 -0.091732
  0.027998	 -0.086638	  0.004284	  0.167007	 -0.107641	 -0.113979	 -0.091383
  0.065280	 -0.074538	  0.002890	  0.127381	 -0.118632	 -0.120884	 -0.091700
  0.081687	 -0.059714	 -0.050863	  0.125512	 -0.082427	 -0.112902	 -0.108298
  0.049125	 -0.025885	 -0.082538	  0.108597	 -0.084644	 -0.132667	 -0.117515
  0.051533	 -0.031428	 -0.092009	  0.060514	 -0.113374	 -0.132826	 -0.106714
  0.093186	 -0.023604	 -0.069995	  0.038405	 -0.113817	 -0.117020	 -0.119733
  0.081909	  0.003320	 -0.069551	  0.020572	 -0.090441	 -0.108974	 -0.153213
  0.072818	 -0.021736	 -0.103729	  0.035269	 -0.091803	 -0.088132	 -0.179219
  0.086185	 -0.018726	 -0.102683	  0.039893	 -0.130827	 -0.088449	 -0.190210
  0.090271	 -0.027057	 -0.088113	  0.044866	 -0.158321	 -0.133396	 -0.176178
  0.090557	 -0.019233	 -0.053618	  0.003308	 -0.121831	 -0.149487	 -0.147290
  0.062017	 -0.013848	 -0.032998	 -0.052408	 -0.132601	 -0.080086	 -0.106017
  0.054003	 -0.041723	 -0.001101	 -0.064350	 -0.112424	 -0.037800	 -0.057522
  0.057361	 -0.025948	  0.030575	 -0.013448	 -0.126044	  0.021211	 -0.010896
  0.067719	  0.009084	  0.024778	 -0.031471	 -0.125949	  0.059634	  0.059708
  0.079470	  0.027488	  0.033362	 -0.045947	 -0.077074	  0.079050	  0.083813
  0.062270	  0.039810	  0.056580	 -0.053580	 -0.078626	  0.072589	  0.073265
  0.065881	  0.024542	  0.034692	 -0.050856	 -0.048249	  0.102997	  0.099239
  0.054732	  0.003573	  0.028769	 -0.067993	  0.003381	  0.082313	  0.110040
  0.072660	 -0.014925	  0.037005	 -0.066377	  0.013422	  0.068566	  0.125751
  0.087167	 -0.012867	 -0.003793	 -0.046865	  0.012345	  0.100558	  0.128665
  0.112666	 -0.000418	 -0.065877	 -0.050318	  0.001544	  0.106513	  0.122615
  0.147509	  0.006487	 -0.079307	 -0.059725	  0.017445	  0.079367	  0.106271
  0.158880	  0.006614	 -0.053428	 -0.021208	  0.057800	  0.046298	  0.074405
  0.135250	 -0.021926	 -0.058908	  0.001978	  0.060365	  0.032741	  0.065251
  0.082796	 -0.052302	 -0.061949	  0.019495	  0.050356	  0.047565	  0.067658
  0.048808	 -0.051669	 -0.079529	  0.043790	  0.073004	  0.077847	  0.046848
  0.036107	 -0.041501	 -0.065402	  0.058392	  0.055392	  0.102332	  0.042888
  0.035980	 -0.013943	 -0.045034	  0.107330	  0.019219	  0.092354	  0.016154
  0.057392	 -0.026835	 -0.054379	  0.118892	  0.000752	  0.056403	 -0.015648
  0.078932	 -0.052207	 -0.057546	  0.119652	  0.033568	  0.055547	 -0.034336
  0.080230	 -0.087969	 -0.117603	  0.110846	  0.033600	  0.042434	 -0.004783
  0.055872	 -0.066144	 -0.109810	  0.078442	  0.070501	  0.023745	  0.033512
  0.051279	 -0.018695	 -0.102367	  0.104701	  0.103665	  0.030017	  0.065568
 -0.000130	 -0.020532	 -0.108987	  0.077714	  0.074239	  0.058271	  0.068830
 -0.022873	 -0.013943	 -0.129322	  0.078886	  0.003951	  0.076960	  0.052613
 -0.066078	  0.002148	 -0.143861	  0.027287	 -0.051734	  0.073064	  0.082197
 -0.077228	  0.008641	 -0.138413	  0.023866	 -0.066589	  0.066190	  0.128317
 -0.109093	  0.009275	 -0.106865	  0.013445	 -0.035833	  0.088806	  0.132561
 -0.074092	  0.048235	 -0.117349	  0.017626	  0.008006	  0.115034	  0.155494
 -0.080522	  0.094513	 -0.133187	  0.028174	  0.045700	  0.118993	  0.163033
 -0.071684	  0.110192	 -0.101480	  0.032703	  0.084248	  0.150257	  0.145453
 -0.040833	  0.102083	 -0.077945	  0.024183	  0.110064	  0.182185	  0.173834
 -0.037253	  0.098250	 -0.080764	  0.027065	  0.111141	  0.233658	  0.172314
 -0.046503	  0.103065	 -0.076456	  0.037106	  0.113453	  0.220164	  0.156634
 -0.069562	  0.075761	 -0.043292	  0.052310	  0.120105	  0.216015	  0.136077
 -0.069562	  0.071263	 -0.018554	  0.041065	  0.138001	  0.187633	  0.129837
 -0.051254	  0.083300	  0.003017	  0.016010	  0.121752	  0.144555	  0.091130
 -0.015049	  0.039493	  0.014579	  0.026495	  0.134137	  0.112056	  0.056984
  0.030754	  0.012759	  0.022941	  0.040654	  0.121087	  0.101160	  0.025625
  0.012857	  0.030750	  0.010746	  0.023106	  0.054220	  0.038950	 -0.004815
  0.010545	 -0.001780	 -0.000055	  0.044930	  0.017065	  0.015320	 -0.023218
 -0.020846	  0.010351	 -0.003350	  0.067356	  0.005219	 -0.026745	 -0.054482
 -0.005261	  0.026379	 -0.003603	  0.061844	 -0.020375	 -0.065547	 -0.085048
  0.019541	 -0.006943	 -0.045921	  0.043536	 -0.038367	 -0.071756	 -0.088818
  0.038166	  0.017542	 -0.012345	  0.033242	 -0.042199	 -0.136753	 -0.125339
  0.056886	  0.003383	  0.020090	  0.037359	 -0.027565	 -0.170994	 -0.152675
  0.068416	  0.014976	  0.051734	  0.049048	  0.023875	 -0.211792	 -0.163286
  0.103132	  0.032017	  0.028262	  0.046165	  0.015956	 -0.240553	 -0.160372
  0.117354	  0.063154	  0.010682	  0.031753	  0.020106	 -0.267604	 -0.157236
  0.102276	  0.074336	  0.005266	  0.007680	  0.003381	 -0.245115	 -0.141715
  0.082353	  0.066322	  0.005995	 -0.027195	  0.006771	 -0.211317	 -0.107474
  0.066958	  0.012886	 -0.016812	  0.001503	 -0.002827	 -0.201244	 -0.128982
  0.051754	  0.017415	 -0.007816	  0.010024	 -0.028389	 -0.212236	 -0.152073
  0.038926	  0.037529	  0.000800	  0.056428	 -0.053159	 -0.240585	 -0.180676
  0.043994	  0.076014	 -0.006295	  0.038531	 -0.049326	 -0.257278	 -0.212700
  0.058279	  0.101165	  0.033140	  0.044455	 -0.087749	 -0.225983	 -0.276589
  0.060022	  0.106169	  0.049295	  0.048953	 -0.096776	 -0.196050	 -0.288372
  0.053465	  0.100594	  0.032285	  0.016517	 -0.109921	 -0.197222	 -0.291033
  0.065881	  0.076996	  0.003207	  0.020223	 -0.088921	 -0.219426	 -0.277222
  0.077000	  0.053493	 -0.004363	 -0.003217	 -0.115053	 -0.208783	 -0.297938
  0.104462	  0.044339	 -0.044749	 -0.018706	 -0.107989	 -0.202258	 -0.296893
  0.107661	  0.024922	 -0.084692	 -0.030996	 -0.098550	 -0.204760	 -0.282164
  0.088149	  0.041235	 -0.108417	 -0.014525	 -0.098550	 -0.187846	 -0.244692
  0.096987	  0.038764	 -0.104331	 -0.014651	 -0.107070	 -0.182176	 -0.222297
  0.103068	  0.024130	 -0.121277	 -0.023299	 -0.104631	 -0.163424	 -0.192142
  0.072692	  0.002528	 -0.151178	 -0.037743	 -0.089712	 -0.188828	 -0.206491
  0.070696	 -0.006753	 -0.113992	 -0.044616	 -0.089776	 -0.178723	 -0.157078
  0.060180	 -0.012867	 -0.117444	 -0.032516	 -0.080875	 -0.144387	 -0.129267
  0.045958	 -0.016668	 -0.115607	 -0.075975	 -0.077707	 -0.135993	 -0.136014
  0.052958	  0.000817	 -0.129259	 -0.136633	 -0.072544	 -0.141441	 -0.169526
  0.074782	  0.001451	 -0.134834	 -0.112243	 -0.043150	 -0.156455	 -0.176273
  0.059388	  0.005030	 -0.117539	 -0.069450	 -0.096047	 -0.177836	 -0.229234
  0.068796	  0.017542	 -0.114308	 -0.028113	 -0.102319	 -0.175334	 -0.229361
  0.056727	  0.028153	 -0.090457	 -0.021145	 -0.141818	 -0.165546	 -0.270507
  0.025939	  0.068159	 -0.077343	 -0.011294	 -0.187304	 -0.177868	 -0.281530
  0.022676	  0.095273	 -0.117634	 -0.026245	 -0.183376	 -0.184963	 -0.297019
  0.018115	  0.080924	 -0.116716	 -0.045535	 -0.201146	 -0.206502	 -0.300440
  0.053148	  0.062046	 -0.110792	 -0.050951	 -0.195286	 -0.249074	 -0.295721
  0.040541	  0.057294	 -0.110887	 -0.069291	 -0.220278	 -0.257626	 -0.316500
  0.048904	  0.045860	 -0.124001	 -0.093491	 -0.209635	 -0.306375	 -0.370189
  0.055460	  0.046493	 -0.115354	 -0.089088	 -0.218916	 -0.294623	 -0.397589
  0.065090	  0.005664	 -0.112883	 -0.129316	 -0.226423	 -0.292121	 -0.369017
  0.035030	  0.022198	 -0.120580	 -0.134701	 -0.217427	 -0.280021	 -0.316025
  0.019002	  0.012600	 -0.112693	 -0.107048	 -0.224111	 -0.235612	 -0.271109
  0.035188	  0.021660	 -0.114878	 -0.068468	 -0.253727	 -0.218507	 -0.215551
  0.043962	  0.028691	 -0.085135	 -0.052820	 -0.225758	 -0.190918	 -0.194835
  0.054257	 -0.005201	 -0.071673	 -0.040403	 -0.158099	 -0.230101	 -0.183020
  0.050424	 -0.001685	 -0.052098	 -0.070052	 -0.162154	 -0.211412	 -0.188722
  0.053940	  0.002306	 -0.028341	 -0.089817	 -0.157593	 -0.209068	 -0.181943
 -0.001302	 -0.025347	 -0.034011	 -0.141574	 -0.110681	 -0.183823	 -0.136996
 -0.025819	 -0.006626	 -0.012694	 -0.169829	 -0.129338	 -0.184710	 -0.108298
  0.016753	 -0.033741	  0.001655	 -0.132420	 -0.132157	 -0.182461	 -0.100759
 -0.017836	 -0.039886	  0.017049	 -0.155480	 -0.158828	 -0.134948	 -0.105891
 -0.002506	 -0.047171	 -0.013644	 -0.130393	 -0.163199	 -0.108847	 -0.125719
 -0.007320	 -0.050972	 -0.021943	 -0.092668	 -0.110270	 -0.099123	 -0.140512
 -0.033642	 -0.027469	 -0.015165	 -0.085731	 -0.069377	 -0.097223	 -0.152738
 -0.042131	 -0.010332	 -0.022133	 -0.067201	 -0.036941	 -0.098616	 -0.153372
 -0.026769	 -0.007133	 -0.010572	 -0.050761	 -0.027059	 -0.122595	 -0.168829
  0.014631	 -0.034469	 -0.040632	 -0.045915	 -0.062978	 -0.074892	 -0.173296
  0.035695	 -0.060031	 -0.071071	 -0.080283	 -0.053824	 -0.014582	 -0.132720
  0.034174	 -0.027659	 -0.095873	 -0.062766	 -0.057055	 -0.013948	 -0.120303
  0.052958	 -0.000672	 -0.105186	 -0.029095	 -0.063960	 -0.016926	 -0.118624
  0.042695	 -0.008210	 -0.118394	 -0.007778	 -0.038810	 -0.027537	 -0.146847
  0.030310	 -0.014260	 -0.111711	  0.011354	 -0.014452	 -0.038243	 -0.117484
  0.054795	 -0.033487	 -0.121720	  0.003942	 -0.006596	 -0.060226	 -0.110610
  0.056759	 -0.024460	 -0.127295	 -0.036127	 -0.014135	 -0.050216	 -0.080804
  0.043487	  0.027488	 -0.110887	 -0.050571	 -0.000578	 -0.033967	 -0.045644
  0.038514	  0.043199	 -0.088461	 -0.047942	  0.025142	 -0.043755	 -0.040228
  0.041206	  0.021628	 -0.093719	 -0.066251	  0.008925	 -0.064185	 -0.034684
  0.032306	 -0.016763	 -0.048487	 -0.035620	  0.002019	 -0.057597	 -0.030345
  0.034840	 -0.016002	 -0.057831	 -0.037964	 -0.001148	 -0.062285	 -0.000602
  0.040573	 -0.045619	 -0.060492	 -0.035462	  0.006897	 -0.059117	 -0.005448
  0.023120	 -0.046094	 -0.052098	 -0.046295	 -0.014230	 -0.026270	  0.009154
  0.003069	 -0.037257	 -0.076361	 -0.066441	  0.003350	 -0.022627	 -0.022870
  0.019952	 -0.041849	 -0.058243	 -0.068341	  0.051306	 -0.035994	  0.007634
  0.017133	 -0.042800	 -0.071863	 -0.031851	  0.052193	 -0.004857	  0.026449
  0.031672	 -0.067792	 -0.086181	 -0.030869	  0.016717	 -0.011478	  0.040323
  0.023690	 -0.073113	 -0.110571	 -0.053739	 -0.032158	  0.003030	  0.027811
  0.011432	 -0.041786	 -0.134707	 -0.033340	 -0.062092	  0.015351	  0.048717
 -0.048688	 -0.008907	 -0.160237	 -0.015317	 -0.108433	 -0.034062	  0.035128
 -0.074947	 -0.003427	 -0.139617	 -0.020258	 -0.129908	 -0.047081	  0.039024
 -0.088472	 -0.004916	 -0.152762	 -0.029254	 -0.161742	 -0.040587	  0.041210
 -0.062372	  0.006931	 -0.161346	 -0.043634	 -0.172607	 -0.029532	  0.027716
 -0.071209	 -0.049040	 -0.144051	 -0.039168	 -0.133994	 -0.039574	  0.016123
 -0.082517	 -0.032980	 -0.133187	 -0.003502	 -0.099247	 -0.046891	  0.000063
 -0.071114	 -0.036750	 -0.129386	  0.003942	 -0.094400	 -0.028265	 -0.005828
 -0.044444	 -0.017206	 -0.148233	 -0.000841	 -0.070834	 -0.010686	 -0.021919
 -0.059901	 -0.043750	 -0.142816	 -0.017661	 -0.041661	 -0.011573	 -0.022616
 -0.064146	 -0.055121	 -0.092009	 -0.031629	 -0.029498	  0.025614	 -0.029965
 -0.022398	 -0.099277	 -0.094448	  0.017182	 -0.020565	  0.062516	  0.014222
  0.018844	 -0.080778	 -0.072307	  0.038468	  0.010382	  0.069358	  0.069116
  0.062714	 -0.035514	 -0.065782	  0.035301	  0.040188	  0.103314	  0.102913
  0.071298	 -0.000101	 -0.072877	  0.028965	  0.053808	  0.105024	  0.133385
  0.059356	  0.037149	 -0.063533	  0.056966	  0.070185	  0.132043	  0.124864
  0.072818	  0.009084	 -0.072655	  0.106253	  0.093878	  0.153836	  0.120018
  0.037025	 -0.018790	 -0.044749	  0.173278	  0.089950	  0.177656	  0.110895
  0.037120	 -0.027405	 -0.051591	  0.182908	  0.086529	  0.187285	  0.116692
  0.019604	 -0.024143	 -0.033156	  0.198967	  0.074999	  0.197421	  0.119701
  0.000092	 -0.046411	 -0.016558	  0.171726	  0.112693	  0.189692	  0.139751
 -0.002125	 -0.034913	 -0.018902	  0.125860	  0.127295	  0.185606	  0.136616
  0.000412	  0.032093	 -0.007277	  0.069972	  0.009431	 -0.044391	  0.002224
  0.033734	  0.006626	 -0.032523	  0.050682	  0.044749	 -0.007300	 -0.037276
  0.004023	  0.030415	 -0.038668	  0.068579	  0.027993	 -0.025228	 -0.047253
 -0.020716	  0.046094	 -0.020359	  0.036840	  0.018459	 -0.004956	 -0.053873
 -0.007349	  0.062818	 -0.007467	  0.025120	  0.016051	 -0.002105	  0.012455
  0.012765	  0.053253	  0.028009	  0.017518	  0.043419	 -0.009453	  0.024428
  0.017041	  0.015717	  0.039254	 -0.002374	  0.060144	 -0.030359	 -0.007089
  0.012227	  0.024681	  0.061870	 -0.028981	  0.048265	 -0.051138	  0.014260
 -0.022014	  0.006722	  0.048630	 -0.049507	  0.053745	 -0.007806	  0.002319
 -0.027494	  0.012803	  0.043213	 -0.035031	  0.055962	 -0.006254	  0.013848
 -0.019607	 -0.000025	  0.016352	 -0.051946	  0.010033	 -0.009644	  0.016731
  0.004688	 -0.022610	 -0.006549	 -0.044597	 -0.013185	 -0.018323	  0.001368
  0.005923	 -0.013836	  0.018443	 -0.022868	 -0.046191	 -0.027033	 -0.093277
  0.015679	 -0.029642	  0.009479	  0.007224	 -0.062345	 -0.035839	 -0.075571
 -0.017453	 -0.039144	 -0.007753	 -0.004560	 -0.047331	  0.025484	 -0.004048
 -0.000158	 -0.064865	 -0.015323	 -0.000790	 -0.038177	  0.063716	  0.085371
  0.017200	 -0.045448	 -0.028088	  0.000730	 -0.032729	  0.059440	  0.057750
  0.008774	 -0.035122	 -0.009653	  0.014160	 -0.036878	  0.032991	 -0.007722
 -0.017010	 -0.026538	 -0.028848	 -0.010103	 -0.047521	  0.045947	 -0.000627
 -0.000665	 -0.013994	 -0.062741	 -0.040068	 -0.063897	  0.052250	  0.095983
  0.015806	 -0.036990	 -0.050388	 -0.025149	 -0.071309	  0.035620	  0.143939
 -0.000570	 -0.018397	 -0.026948	 -0.034715	 -0.066558	  0.055354	  0.108273
 -0.022680	 -0.008894	 -0.027423	  0.021256	 -0.062377	  0.006352	  0.017111
 -0.017295	 -0.016655	 -0.018649	  0.024233	 -0.028326	 -0.020793	 -0.025271
  0.003484	 -0.027741	 -0.010983	  0.046089	  0.005662	 -0.007648	 -0.013931
 -0.011150	 -0.031226	 -0.014373	  0.024392	 -0.018158	  0.015697	  0.093797
  0.012543	 -0.066290	 -0.015101	  0.040799	 -0.001908	  0.040213	  0.116381
  0.040956	 -0.108893	 -0.002589	  0.086444	 -0.012171	 -0.007838	  0.054646
  0.064966	 -0.077630	 -0.016115	  0.056985	  0.007467	 -0.010372	 -0.008926
  0.078396	 -0.071643	 -0.011902	  0.040261	  0.014214	  0.006859	  0.016573
  0.117009	 -0.067050	  0.007863	  0.030220	  0.032554	  0.047435	  0.133391
  0.100696	 -0.067240	  0.032982	  0.028066	  0.044781	  0.057445	  0.146758
  0.066075	 -0.088146	  0.015782	  0.057429	  0.033029	  0.008126	  0.059936
  0.059930	 -0.074621	  0.008434	  0.049573	  0.004743	 -0.062320	 -0.022990
  0.075894	 -0.076173	  0.018950	  0.032184	  0.042089	 -0.065012	 -0.010415
  0.056699	 -0.061254	  0.025950	  0.015016	  0.059478	 -0.025038	  0.098897
  0.065853	 -0.021089	  0.044607	  0.032754	  0.013422	 -0.004385	  0.174569
  0.079442	 -0.039081	  0.018190	  0.043365	 -0.036941	  0.000049	  0.134531
  0.081722	 -0.049787	  0.052304	  0.047388	 -0.026647	 -0.027223	  0.041089
  0.085238	 -0.078390	  0.048851	  0.045962	 -0.019963	 -0.048097	 -0.012886
  0.092207	 -0.065340	  0.029783	  0.057429	  0.020011	 -0.065646	  0.033234
  0.125086	 -0.046366	  0.039634	  0.051886	  0.024445	 -0.062225	  0.067792
  0.099365	 -0.042724	  0.046856	  0.071810	  0.014024	 -0.054464	  0.053949
  0.054482	  0.008274	  0.052652	  0.066266	 -0.019520	 -0.060387	 -0.036040
  0.022078	 -0.013424	  0.015402	  0.082167	 -0.027565	 -0.088990	 -0.079530
  0.016535	 -0.064421	  0.029719	  0.089548	 -0.000990	 -0.050061	 -0.005632
  0.021381	 -0.076109	  0.001750	  0.088692	  0.024826	 -0.027698	  0.099467
  0.001330	 -0.102812	 -0.013707	  0.073710	  0.006581	 -0.061338	  0.138427
 -0.034273	 -0.072245	 -0.024034	  0.064239	  0.006390	 -0.064885	  0.047424
  0.020937	 -0.043072	 -0.024477	  0.053279	 -0.015339	 -0.073216	 -0.010130
  0.030187	  0.017333	 -0.031256	  0.009441	 -0.032380	 -0.063840	  0.004409
  0.027589	  0.010142	 -0.012409	 -0.011687	 -0.020407	 -0.007901	  0.055248
  0.054387	  0.038777	  0.006090	 -0.023913	 -0.045050	  0.016425	  0.112485
  0.069812	  0.046917	  0.000008	 -0.000474	 -0.053349	  0.030616	  0.040741
  0.065441	  0.009636	 -0.006010	  0.034718	 -0.051544	 -0.003213	 -0.015198
  0.021888	  0.028324	 -0.018205	  0.031677	 -0.080495	  0.011579	  0.023414
  0.031612	  0.025537	 -0.023368	  0.033387	 -0.082839	  0.054531	  0.082679
  0.041495	  0.016953	 -0.036640	  0.046976	 -0.053824	  0.113542	  0.153315
  0.029331	  0.001052	 -0.070406	  0.036650	 -0.027597	  0.049178	  0.111123
  0.053436	 -0.000691	 -0.069678	  0.003074	 -0.018918	  0.008791	 -0.004111
  0.078713	  0.010586	 -0.056121	 -0.007822	 -0.025126	  0.016900	  0.006785
  0.088406	  0.035926	 -0.049786	 -0.022931	  0.014721	  0.050888	  0.105580
  0.102153	  0.047583	 -0.045319	 -0.018814	 -0.001307	  0.064857	  0.147487
  0.085523	  0.056578	 -0.053935	  0.039944	 -0.023701	  0.043951	  0.143939
  0.016154	  0.053664	 -0.054917	  0.043777	 -0.004537	  0.014556	  0.045555
  0.044535	  0.039981	 -0.059288	  0.041623	  0.004838	 -0.019463	  0.024871
  0.055115	  0.024618	 -0.044306	  0.018120	  0.027296	 -0.002517	  0.076851
  0.033354	 -0.000944	 -0.063786	  0.043714	  0.017857	  0.036159	  0.134721
  0.015616	 -0.020012	 -0.076076	  0.038424	 -0.001592	  0.071319	  0.107322
  0.029141	 -0.039113	 -0.052415	  0.037600	  0.008259	  0.044014	  0.043560
  0.057776	 -0.026791	 -0.032744	  0.013337	  0.028278	  0.012086	  0.013817
  0.105067	 -0.010668	 -0.028880	  0.026609	  0.059003	  0.037901	  0.077452
  0.082673	  0.019075	 -0.058433	  0.013685	  0.100498	  0.074201	  0.143591
  0.083338	  0.026233	 -0.069361	 -0.016691	  0.086877	  0.039897	  0.149260
  0.084700	 -0.006772	 -0.033916	 -0.018307	  0.050863	  0.024407	  0.046727
  0.059993	 -0.029895	 -0.020676	 -0.021569	 -0.004126	 -0.005969	 -0.078200
  0.078016	 -0.025271	 -0.051686	  0.005006	 -0.025570	 -0.030011	 -0.029705
  0.050681	 -0.012569	 -0.054759	  0.014477	 -0.042326	  0.023742	  0.036781
  0.000095	 -0.015198	 -0.048202	  0.032944	 -0.045399	  0.017471	  0.056705
 -0.014412	  0.000133	 -0.038921	  0.039849	 -0.037575	  0.011389	 -0.024954
  0.029110	  0.020469	 -0.039206	  0.022839	  0.004173	 -0.016327	 -0.099549
  0.040513	  0.029528	 -0.053777	  0.001395	  0.027265	 -0.014553	 -0.048108
  0.029743	  0.017776	 -0.079244	  0.010581	  0.007879	  0.014271	  0.024111
  0.018688	  0.044225	 -0.087923	 -0.001234	  0.031857	  0.048291	  0.077864
 -0.012353	  0.027184	 -0.066890	 -0.015709	  0.032808	  0.017914	  0.033646
 -0.007317	  0.036053	 -0.037401	 -0.039022	 -0.002162	 -0.027192	 -0.000500
  0.025689	  0.043497	 -0.045351	 -0.078997	  0.000594	 -0.045753	 -0.014723
  0.033798	  0.061583	 -0.042310	 -0.075481	 -0.001053	 -0.042523	  0.087208
  0.059866	  0.065131	 -0.047663	 -0.068924	 -0.017366	  0.005371	  0.164211
  0.053436	  0.028102	 -0.024921	 -0.058693	 -0.043213	 -0.026970	  0.136052
  0.056667	 -0.019157	 -0.002273	 -0.043394	 -0.045050	 -0.042713	  0.085815
  0.079473	 -0.035343	 -0.003571	 -0.040891	 -0.064657	 -0.039323	  0.032220
  0.059708	 -0.017130	 -0.015355	 -0.057869	 -0.040331	  0.006574	  0.083217
  0.069559	 -0.023053	 -0.017255	 -0.038421	 -0.025412	  0.013353	  0.148183
  0.089546	 -0.056344	  0.016131	 -0.002342	 -0.039507	 -0.014648	  0.159365
  0.072600	 -0.061919	  0.025285	  0.016694	 -0.042770	 -0.046830	  0.078086
  0.028096	 -0.083521	  0.048249	  0.058379	  0.006676	 -0.045500	  0.024966
  0.022838	 -0.059068	  0.055661	  0.096738	 -0.015022	 -0.057663	  0.082552
 -0.013082	 -0.027329	  0.044353	  0.065728	 -0.016669	 -0.016454	  0.136210
 -0.027589	  0.001653	  0.025095	  0.087774	  0.009083	 -0.012938	  0.143876
 -0.007064	 -0.004998	  0.035231	  0.081851	  0.013169	 -0.047971	  0.036876
  0.003168	 -0.020393	  0.034566	  0.052012	  0.021215	 -0.047527	 -0.053715
 -0.026132	 -0.024985	  0.035896	  0.045202	 -0.001402	 -0.021965	 -0.027108
 -0.009503	 -0.024890	  0.033457	  0.038075	  0.013898	 -0.021870	  0.072194
 -0.036490	 -0.007406	  0.025063	  0.029238	  0.039840	 -0.065012	  0.093290
 -0.025942	 -0.007121	  0.019837	  0.024455	  0.072909	 -0.052817	 -0.020298
 -0.053816	 -0.023402	 -0.015576	  0.013717	  0.044496	 -0.070745	 -0.100911
 -0.093410	 -0.028216	 -0.005345	  0.014541	  0.049627	 -0.045880	 -0.123622
 -0.098162	 -0.004713	 -0.026663	  0.008554	  0.082728	 -0.003372	 -0.045860
 -0.098415	 -0.017764	 -0.020423	  0.029871	  0.028658	  0.023616	 -0.015071
 -0.095659	 -0.000247	 -0.020834	  0.023441	 -0.003872	 -0.005462	 -0.085770
 -0.076147	  0.009952	 -0.021595	  0.002504	 -0.000515	 -0.055319	 -0.146460
 -0.059645	  0.004884	 -0.030432	 -0.036583	  0.011110	 -0.119177	 -0.104427
 -0.062274	  0.039062	 -0.052827	 -0.028379	  0.002589	 -0.098271	 -0.032936
 -0.013905	  0.019708	 -0.022672	 -0.002089	  0.006200	 -0.078949	  0.040836
  0.008774	  0.020342	 -0.023812	 -0.006207	  0.002146	 -0.100267	 -0.016782
 -0.032626	  0.018378	 -0.040283	 -0.026606	 -0.003492	 -0.096022	 -0.098346
 -0.035160	  0.019297	 -0.035912	 -0.064078	 -0.007198	 -0.107869	 -0.108260
 -0.004023	  0.006151	 -0.023622	 -0.079155	 -0.003207	 -0.091239	 -0.053873
  0.000095	  0.027437	 -0.020993	 -0.075829	  0.010097	 -0.083890	 -0.006139
  0.038486	  0.046442	 -0.001322	 -0.053181	  0.005219	 -0.092506	 -0.002274
  0.062210	  0.049832	  0.009479	  0.004499	 -0.011411	 -0.055953	  0.008337
  0.061450	  0.048786	  0.050498	  0.014889	 -0.007357	 -0.022757	  0.009857
  0.042793	  0.059841	  0.074096	  0.014667	  0.007309	 -0.021395	 -0.002021
  0.027716	  0.080272	  0.060920	  0.013210	  0.017160	 -0.037169	 -0.031954
  0.049762	  0.059968	  0.039444	  0.025025	 -0.006058	 -0.039862	 -0.020012
  0.047386	  0.055438	  0.015307	  0.023030	 -0.013913	 -0.007331	 -0.008134
  0.008426	  0.055850	  0.039064	  0.008047	  0.011332	 -0.015028	 -0.009306
 -0.035191	  0.018410	  0.034471	  0.005355	  0.037211	 -0.042903	 -0.049692
 -0.080899	  0.019233	  0.048788	 -0.017452	  0.014816	 -0.090131	 -0.031321
 -0.062939	  0.036465	  0.045335	  0.036777	 -0.014800	 -0.094470	 -0.026316
 -0.071238	  0.054361	  0.033996	  0.014065	 -0.019393	 -0.082528	 -0.017637
 -0.050744	  0.076027	  0.037258	  0.006527	  0.012631	 -0.065550	  0.013025
 -0.088533	  0.061045	  0.037480	 -0.009786	  0.011775	 -0.045278	  0.011473
 -0.054228	  0.068615	  0.026425	  0.017201	 -0.027122	 -0.077999	  0.025822
 -0.041811	  0.104250	  0.042675	 -0.019162	 -0.024271	 -0.135458	  0.015844
 -0.055590	  0.110015	  0.053983	 -0.002057	  0.012504	 -0.148730	  0.017206
 -0.023661	  0.081697	  0.040331	  0.014572	  0.021911	 -0.136883	  0.054836
 -0.065885	  0.055026	  0.057309	  0.033324	  0.021943	 -0.113760	  0.062153
 -0.053880	  0.069249	  0.074287	  0.053058	  0.011617	 -0.103783	  0.060253
 -0.067057	  0.072638	  0.053349	  0.053818	 -0.000135	 -0.120000	  0.037953
 -0.054038	  0.080620	  0.041756	  0.046089	 -0.002605	 -0.123896	  0.068457
 -0.092967	  0.016889	  0.026647	  0.044600	  0.013391	 -0.124277	  0.038682
 -0.119543	 -0.001799	 -0.020043	  0.029143	 -0.035389	 -0.102357	  0.053094
 -0.122330	  0.014894	 -0.005092	  0.007635	 -0.050467	 -0.075908	  0.035039
 -0.115076	 -0.024289	 -0.025681	 -0.009311	 -0.058956	 -0.053767	  0.025473
 -0.110103	 -0.027995	 -0.075126	  0.000192	 -0.079133	 -0.053862	 -0.023275
 -0.122647	 -0.011365	 -0.061696	  0.004341	 -0.055060	 -0.020508	 -0.083458
 -0.096388	 -0.040760	 -0.072972	  0.050017	 -0.034914	  0.015855	 -0.076585
 -0.076433	 -0.045099	 -0.088271	  0.021667	 -0.012646	  0.017882	 -0.093119
 -0.077573	  0.001147	 -0.063026	 -0.009469	  0.015196	  0.008126	 -0.064390
 -0.075166	 -0.008546	 -0.053872	 -0.014632	  0.031889	  0.007619	 -0.072879
 -0.066550	  0.000735	 -0.063438	 -0.019764	  0.029228	 -0.021237	 -0.079119
 -0.070066	 -0.010035	 -0.040030	 -0.016565	  0.029387	 -0.046419	 -0.091314
 -0.061133	 -0.026728	  0.020597	  0.004468	  0.010793	 -0.053546	 -0.122355
 -0.045961	 -0.009433	  0.024366	  0.022903	 -0.040964	 -0.059881	 -0.120613
 -0.050585	  0.017079	  0.012488	  0.016093	 -0.034217	 -0.044550	 -0.121627
 -0.043459	  0.049451	 -0.031636	 -0.049919	 -0.024113	 -0.035427	 -0.108006
 -0.023471	  0.031016	 -0.032491	 -0.050552	 -0.048598	 -0.027350	 -0.100785
 -0.039024	  0.059017	 -0.038731	 -0.077920	 -0.048344	 -0.008883	 -0.069458
 -0.033481	  0.064307	 -0.055456	 -0.065186	 -0.034851	  0.024122	 -0.065657
 -0.030788	  0.036306	 -0.061411	 -0.031357	 -0.025792	 -0.006413	 -0.060018
 -0.011466	  0.043370	 -0.042564	 -0.017230	 -0.033235	 -0.002327	 -0.044402
 -0.005892	  0.067475	 -0.045826	 -0.026036	 -0.030416	  0.033910	 -0.006075
  0.006525	  0.105232	 -0.017667	 -0.029932	  0.001354	  0.019751	  0.016351
  0.000950	  0.102128	 -0.030400	 -0.063444	 -0.008972	 -0.007426	  0.033519
  0.001774	  0.083756	 -0.003761	 -0.058439	  0.000531	  0.002583	  0.011663
  0.002851	  0.109540	 -0.030939	 -0.039529	  0.013422	  0.027575	 -0.004650
 -0.017580	  0.060696	 -0.065402	 -0.024167	  0.024034	  0.043983	  0.028926
  0.002312	  0.050402	 -0.044686	 -0.056697	  0.016938	  0.021557	  0.054646
 -0.002281	  0.022496	 -0.011775	 -0.057679	  0.028722	  0.026846	  0.072321
 -0.006557	  0.018346	  0.021769	 -0.105857	  0.014594	 -0.016295	  0.070009
 -0.011276	  0.036116	  0.024398	 -0.088024	 -0.000705	 -0.032830	  0.025188
 -0.015394	  0.034913	 -0.040695	 -0.091477	  0.028943	 -0.044613	  0.057940
 -0.019480	  0.047963	 -0.050451	 -0.054512	  0.050166	 -0.044993	  0.038714
 -0.016059	  0.038967	 -0.044021	 -0.039593	  0.041930	 -0.038626	  0.045650
 -0.002281	  0.068330	 -0.031319	 -0.046181	  0.013327	 -0.025450	  0.017111
  0.003769	  0.096489	 -0.012250	 -0.062906	  0.004585	 -0.034129	  0.031016
  0.018087	  0.113562	  0.023986	 -0.070919	 -0.016004	 -0.054084	  0.003807
  0.027621	  0.103680	 -0.007626	 -0.059390	 -0.028674	 -0.042523	 -0.043642
  0.012258	  0.080810	 -0.008449	 -0.036045	  0.001481	 -0.026653	 -0.022198
 -0.025150	  0.066018	 -0.028278	 -0.047258	 -0.017144	 -0.026812	 -0.024510
 -0.040513	  0.070452	 -0.042215	 -0.074594	 -0.049516	 -0.031880	 -0.037339
  0.000158	  0.085276	 -0.059162	 -0.083780	 -0.031588	 -0.012241	 -0.039461
  0.006525	  0.066746	 -0.046555	 -0.073548	 -0.021896	 -0.020160	 -0.028977
  0.020241	  0.073430	 -0.012187	 -0.034144	 -0.046571	 -0.010372	 -0.030719
  0.031612	  0.075869	  0.012773	 -0.039529	 -0.030448	 -0.015155	 -0.007501
  0.004023	  0.042451	  0.026900	 -0.053340	 -0.058702	 -0.036061	  0.021799
 -0.018752	  0.000323	  0.025126	 -0.027746	 -0.064150	 -0.001376	  0.001717
 -0.027336	  0.017079	 -0.017382	 -0.015931	 -0.068458	  0.033245	 -0.004238
 -0.033924	  0.001242	 -0.030939	 -0.009976	 -0.073115	  0.026593	 -0.033855
 -0.003674	 -0.052321	 -0.027961	  0.007572	 -0.082712	 -0.020065	 -0.062806
  0.014317	 -0.084820	 -0.021626	 -0.011718	 -0.047458	 -0.038690	 -0.014691
  0.025752	 -0.078453	 -0.028246	 -0.028189	 -0.031113	 -0.044550	 -0.034298
  0.015204	 -0.084187	  0.019552	 -0.027112	 -0.025126	 -0.054527	  0.003744
  0.007602	 -0.089571	  0.044290	  0.010011	  0.006581	 -0.022060	  0.037953
  0.003769	 -0.060969	  0.062725	  0.002314	  0.027518	 -0.004100	  0.052461
  0.020716	 -0.019569	  0.046919	  0.018342	  0.057198	  0.064033	  0.052176
  0.020019	 -0.037022	  0.028294	  0.029460	  0.048107	  0.097926	  0.037985
  0.032055	 -0.046810	  0.026425	 -0.012067	  0.056216	  0.084844	  0.040899
  0.043902	 -0.007722	  0.032602	 -0.016026	  0.038383	  0.065775	  0.029243
  0.060183	 -0.012886	  0.009732	 -0.007505	  0.048519	  0.070780	  0.023224
  0.054545	 -0.026379	 -0.031034	 -0.025339	  0.027233	  0.062323	  0.005581
  0.071966	 -0.021121	 -0.020929	 -0.047891	  0.029165	  0.032865	 -0.007691
  0.054450	 -0.034900	 -0.036070	 -0.016406	  0.019061	  0.002900	 -0.034456
  0.060943	 -0.030339	 -0.057736	  0.006590	  0.013106	 -0.024151	 -0.034520
  0.038169	  0.007798	 -0.094258	 -0.003039	 -0.009035	 -0.076067	 -0.008134
  0.042382	  0.019518	 -0.060048	  0.002092	 -0.038557	 -0.056618	 -0.022040
  0.035730	 -0.004492	 -0.053872	  0.001585	 -0.078784	 -0.070682	 -0.018999
  0.025119	 -0.014691	 -0.032269	  0.028383	 -0.093165	 -0.068148	  0.009984
  0.002217	 -0.024225	 -0.017635	  0.053438	 -0.070042	 -0.041477	  0.000767
  0.013620	 -0.013234	  0.005868	  0.028794	 -0.056485	 -0.079678	 -0.007944
  0.032436	  0.003332	  0.036530	  0.031265	 -0.064245	 -0.082307	 -0.005569
