:RUN-3	LEVEL SWEEP	TEMP:NaN	8/27/2019	4:32 PM	HR:-636.36:SW EAR: R	SW FREQ: 11.30	# AVERAGES: 512	REP RATE (/sec): 80	DRIVER: 	SAMPLE (µsec): 40	MASKER dB: 2147483647:NOTES-:CHAMBER-SEWELL-PXI1:CFTS Version: V2.7.2 (R850):LEVELS:20;30;40;50;60;70;80;:DATA  0.000391	  0.043460	  0.027611	 -0.015060	  0.021302	 -0.065383	 -0.110742
 -0.000464	  0.025247	  0.036797	 -0.019019	  0.024628	 -0.021132	 -0.063007
  0.012079	 -0.001772	  0.078989	  0.002298	  0.012496	 -0.003996	 -0.037825
  0.063995	 -0.019986	  0.072939	 -0.008123	 -0.008632	  0.011620	 -0.052903
  0.065136	 -0.009564	  0.062137	  0.018041	 -0.003500	  0.024132	 -0.027752
  0.048031	 -0.000664	  0.030335	  0.018104	 -0.000903	 -0.006181	 -0.006688
  0.004224	 -0.007094	  0.029512	  0.055608	  0.000428	 -0.013784	 -0.008367
 -0.007369	  0.018753	  0.010507	  0.053105	  0.001441	 -0.062025	 -0.036273
 -0.026216	 -0.004053	 -0.024685	  0.031756	 -0.022727	 -0.033834	 -0.035481
 -0.030175	  0.005735	 -0.032635	  0.022919	  0.012528	 -0.029399	 -0.060441
 -0.057638	  0.018595	 -0.039540	 -0.002928	 -0.001790	 -0.031553	 -0.054233
 -0.051746	  0.009061	 -0.027219	  0.011864	  0.023329	 -0.031870	 -0.060378
 -0.031759	  0.008237	 -0.013472	  0.005307	  0.035239	 -0.004186	 -0.048563
 -0.030524	  0.002821	 -0.018159	 -0.012463	  0.023551	 -0.009729	 -0.050717
 -0.047945	 -0.005858	 -0.012236	 -0.026907	  0.000713	 -0.023223	 -0.029494
 -0.030207	 -0.010736	 -0.015784	 -0.040590	 -0.045058	 -0.010078	  0.041078
 -0.020134	 -0.017958	 -0.047554	 -0.031056	 -0.050950	  0.033064	  0.095655
  0.031528	 -0.011275	 -0.056613	 -0.023042	 -0.033370	  0.064486	  0.135692
  0.051325	 -0.024610	 -0.049581	 -0.024056	  0.015188	  0.112094	  0.188210
  0.057470	 -0.018338	 -0.011349	 -0.015757	 -0.003912	  0.100976	  0.222229
  0.030546	 -0.002564	  0.014593	 -0.001345	  0.026591	  0.101578	  0.255805
  0.028614	 -0.019479	  0.052888	 -0.035871	  0.043696	  0.110605	  0.250167
  0.027062	 -0.031705	  0.072622	 -0.028870	  0.066914	  0.173069	  0.198188
 -0.004455	 -0.050806	  0.084057	 -0.018323	  0.100965	  0.190712	  0.203224
  0.020093	 -0.080802	  0.066825	  0.000809	  0.176067	  0.175983	  0.224130
  0.036786	 -0.070223	  0.069359	  0.014873	  0.201534	  0.158657	  0.235438
  0.030388	 -0.062335	  0.067237	  0.036951	  0.202611	  0.130878	  0.238289
  0.033619	 -0.091508	  0.064196	  0.018136	  0.181769	  0.161951	  0.234488
  0.064154	 -0.069399	  0.065527	 -0.018006	  0.200140	  0.191663	  0.297046
  0.049203	 -0.081024	  0.063468	 -0.056650	  0.196783	  0.215482	  0.358180
 -0.000496	 -0.046973	  0.112279	 -0.039735	  0.251264	  0.292675	  0.445477
 -0.019216	  0.001617	  0.102587	 -0.050473	  0.275844	  0.404552	  0.565653
 -0.035750	 -0.029742	  0.053363	 -0.066532	  0.293329	  0.471609	  0.680318
 -0.052475	 -0.044882	  0.006326	 -0.048477	  0.354241	  0.520611	  0.786430
 -0.042941	 -0.001392	 -0.012775	 -0.041192	  0.428139	  0.559128	  0.821590
 -0.050638	  0.015364	  0.010000	  0.034987	  0.470584	  0.552159	  0.768343
 -0.057321	 -0.003958	  0.049689	  0.058902	  0.501309	  0.524602	  0.668978
 -0.044271	 -0.009311	  0.100243	  0.136190	  0.514898	  0.419725	  0.544937
 -0.053615	 -0.026131	  0.134927	  0.192983	  0.459466	  0.323749	  0.375759
 -0.043669	 -0.037502	  0.171227	  0.223360	  0.393138	  0.177662	  0.208482
 -0.058493	 -0.030977	  0.219659	  0.214111	  0.299031	 -0.005136	  0.033001
 -0.060457	  0.028699	  0.205152	  0.151489	  0.173280	 -0.132629	 -0.160820
 -0.028053	  0.040894	  0.198373	  0.064603	  0.039800	 -0.264874	 -0.346248
 -0.007148	  0.006875	  0.158050	 -0.061274	 -0.125577	 -0.393729	 -0.483972
  0.033365	  0.033134	  0.065717	 -0.186550	 -0.253830	 -0.505511	 -0.625846
  0.027315	  0.073077	 -0.015150	 -0.297731	 -0.333525	 -0.544725	 -0.721347
  0.023799	  0.081027	 -0.091013	 -0.350470	 -0.406283	 -0.586156	 -0.768606
  0.008848	  0.063764	 -0.146001	 -0.381512	 -0.428995	 -0.590939	 -0.810418
  0.009260	  0.057397	 -0.196586	 -0.372864	 -0.456267	 -0.589609	 -0.807250
  0.014772	  0.029206	 -0.226868	 -0.362190	 -0.437832	 -0.533132	 -0.775638
  0.008753	 -0.038199	 -0.258132	 -0.383571	 -0.394247	 -0.486854	 -0.691509
  0.031971	 -0.085332	 -0.284359	 -0.376349	 -0.357187	 -0.405354	 -0.565726
  0.040334	 -0.112604	 -0.246729	 -0.346067	 -0.304131	 -0.321161	 -0.396358
  0.061144	 -0.116247	 -0.224746	 -0.311858	 -0.230454	 -0.255213	 -0.257969
  0.068145	 -0.136772	 -0.199469	 -0.269223	 -0.113794	 -0.191862	 -0.128765
  0.079041	 -0.133922	 -0.180622	 -0.190573	 -0.021365	 -0.122050	  0.060812
  0.084331	 -0.138261	 -0.149960	 -0.123770	  0.006763	  0.008896	  0.244529
  0.056805	 -0.102658	 -0.074478	 -0.019590	  0.075276	  0.148267	  0.369805
  0.028962	 -0.081657	 -0.000231	  0.084812	  0.161338	  0.261032	  0.484247
  0.034252	 -0.036330	  0.067681	  0.157539	  0.292094	  0.360397	  0.518520
  0.027569	 -0.021918	  0.120452	  0.246958	  0.415248	  0.417254	  0.544557
  0.051357	 -0.016089	  0.150131	  0.298969	  0.443439	  0.445730	  0.540376
  0.040682	  0.010581	  0.172082	  0.300584	  0.436470	  0.420897	  0.495049
  0.025003	  0.023980	  0.203631	  0.269004	  0.396464	  0.378135	  0.399674
  0.010939	  0.057904	  0.236732	  0.205242	  0.365327	  0.293784	  0.252416
  0.057438	  0.063352	  0.220387	  0.182150	  0.297510	  0.194355	  0.112379
  0.100105	  0.084385	  0.236320	  0.153389	  0.191113	  0.115325	  0.017543
  0.112078	  0.079127	  0.276231	  0.105465	  0.119020	  0.070821	 -0.080523
  0.095100	  0.071429	  0.252696	  0.034924	  0.076353	  0.075256	 -0.169468
  0.089716	  0.082516	  0.240850	 -0.028680	  0.058425	  0.102623	 -0.191324
  0.064185	  0.053406	  0.265715	 -0.047686	  0.029822	  0.118588	 -0.186224
  0.076634	  0.039089	  0.240755	 -0.090701	  0.022474	  0.161698	 -0.093669
  0.057312	  0.053723	  0.148738	 -0.128774	  0.011356	  0.172531	  0.000280
  0.013853	  0.065379	  0.093844	 -0.126145	  0.076607	  0.169617	  0.081337
  0.017718	  0.070321	  0.079496	 -0.104004	  0.144550	  0.215451	  0.096257
  0.015279	  0.082357	  0.107085	 -0.087787	  0.193805	  0.245194	  0.067147
 -0.010378	  0.047103	  0.106166	 -0.047622	  0.203340	  0.241615	  0.013616
 -0.022637	  0.017898	  0.080034	 -0.007553	  0.206982	  0.188558	 -0.002317
 -0.044398	  0.019260	  0.049531	  0.018833	  0.180850	  0.108198	  0.000344
 -0.048896	  0.015649	  0.050006	  0.006416	  0.162003	  0.018905	 -0.034848
 -0.008985	  0.014921	  0.064133	  0.000302	  0.157157	 -0.068233	 -0.045110
 -0.005469	 -0.033859	  0.068473	  0.012022	  0.115947	 -0.160884	 -0.047201
 -0.051176	 -0.037154	  0.069296	 -0.029156	  0.081421	 -0.190658	 -0.034151
 -0.035244	 -0.028189	  0.083392	 -0.049174	  0.039388	 -0.211152	 -0.050337
 -0.018994	 -0.009216	  0.055612	 -0.075306	 -0.046167	 -0.238900	 -0.099782
 -0.022605	 -0.005003	  0.037304	 -0.133716	 -0.112843	 -0.291259	 -0.101429
  0.006061	  0.017011	 -0.004761	 -0.154970	 -0.177714	 -0.292495	 -0.116887
  0.001880	  0.004246	 -0.053319	 -0.220538	 -0.154560	 -0.295060	 -0.108429
 -0.013578	  0.011436	 -0.042581	 -0.230737	 -0.111703	 -0.279571	 -0.122557
  0.000961	 -0.019067	 -0.058799	 -0.226144	 -0.137582	 -0.271145	 -0.144286
  0.014328	 -0.011370	 -0.077424	 -0.248507	 -0.129758	 -0.209790	 -0.159395
 -0.002523	 -0.044154	 -0.113312	 -0.248507	 -0.083227	 -0.187586	 -0.120783
 -0.007718	 -0.055715	 -0.105330	 -0.249584	 -0.045375	 -0.152300	 -0.093289
 -0.031031	 -0.044566	 -0.082175	 -0.241887	 -0.016645	 -0.088917	 -0.057527
 -0.046710	 -0.038516	 -0.067921	 -0.211985	  0.005274	 -0.078971	 -0.042861
 -0.049751	 -0.025782	 -0.041853	 -0.185695	  0.033908	 -0.075994	  0.000565
 -0.051525	 -0.036203	 -0.035803	 -0.132037	  0.091051	 -0.065984	  0.063473
 -0.052348	 -0.030185	 -0.056708	 -0.092221	  0.104956	 -0.050273	  0.072500
 -0.018614	 -0.034968	 -0.018318	 -0.039070	  0.110468	 -0.022272	  0.090618
 -0.017062	 -0.029900	  0.025933	 -0.001978	  0.160166	  0.040381	  0.133538
  0.000835	 -0.046434	  0.063436	  0.001760	  0.196086	  0.085804	  0.164707
  0.006536	 -0.020144	  0.037114	  0.055037	  0.178728	  0.095528	  0.208387
 -0.013609	 -0.003166	  0.054567	  0.107460	  0.173153	  0.130339	  0.243008
 -0.003030	  0.016441	  0.069549	  0.141606	  0.192032	  0.174495	  0.240094
  0.027790	 -0.011497	  0.048042	  0.151710	  0.194344	  0.213994	  0.265181
  0.050913	 -0.002659	  0.066635	  0.193142	  0.220064	  0.238985	  0.277123
  0.065326	  0.026197	  0.061631	  0.200776	  0.220666	  0.249660	  0.334011
  0.095005	  0.026736	  0.094953	  0.169860	  0.224879	  0.258719	  0.351655
  0.092503	  0.021287	  0.129669	  0.176069	  0.225291	  0.234044	  0.369044
  0.079706	  0.047705	  0.134452	  0.145756	  0.231657	  0.223908	  0.316147
  0.065231	  0.069751	  0.150258	  0.134099	  0.222028	  0.171042	  0.281779
  0.067575	  0.063067	  0.125932	  0.121239	  0.153483	  0.137593	  0.219917
  0.026270	  0.045456	  0.092989	  0.129569	  0.087820	  0.075446	  0.175888
  0.001056	 -0.007505	  0.068568	  0.120985	  0.040370	  0.062902	  0.085994
 -0.016872	  0.009219	  0.037652	  0.079301	  0.050158	  0.029833	  0.016308
 -0.005817	  0.040799	  0.028213	  0.055829	  0.007523	 -0.011091	 -0.048183
  0.007962	  0.028826	  0.024539	  0.026403	 -0.014777	 -0.065002	 -0.139630
  0.001151	  0.049542	  0.021403	  0.011104	 -0.044678	 -0.133801	 -0.208618
 -0.013546	  0.058221	  0.022353	 -0.015947	 -0.047909	 -0.137697	 -0.210677
 -0.039140	  0.015776	  0.024317	 -0.053229	 -0.096911	 -0.134435	 -0.229334
 -0.057036	  0.010993	  0.028593	 -0.118575	 -0.125007	 -0.168549	 -0.278082
 -0.055231	 -0.001424	  0.072749	 -0.179392	 -0.150093	 -0.181188	 -0.349130
 -0.029637	 -0.019225	  0.103790	 -0.239448	 -0.159279	 -0.196297	 -0.393190
  0.001785	 -0.027176	  0.112786	 -0.259435	 -0.159153	 -0.186889	 -0.429680
  0.026048	 -0.017990	  0.093211	 -0.255286	 -0.167261	 -0.212388	 -0.441369
  0.023071	 -0.018655	  0.058875	 -0.225257	 -0.155573	 -0.256480	 -0.456034
  0.030166	 -0.018243	  0.046110	 -0.251580	 -0.145215	 -0.233262	 -0.442446
  0.011889	 -0.022076	  0.053173	 -0.265802	 -0.130423	 -0.226800	 -0.387837
  0.039162	 -0.016850	  0.055454	 -0.272010	 -0.105685	 -0.251982	 -0.338012
  0.054334	 -0.035000	  0.001226	 -0.217212	 -0.107237	 -0.213401	 -0.299527
  0.044230	 -0.038516	 -0.029911	 -0.219556	 -0.102264	 -0.201840	 -0.240737
 -0.004328	 -0.047005	 -0.041124	 -0.228298	 -0.084304	 -0.186066	 -0.228320
 -0.014496	 -0.042602	 -0.053477	 -0.223927	 -0.057221	 -0.165033	 -0.187111
  0.006853	 -0.073992	 -0.049043	 -0.149648	 -0.047687	 -0.137064	 -0.199433
  0.007328	 -0.078617	 -0.039097	 -0.131657	 -0.034764	 -0.136620	 -0.188029
 -0.011519	 -0.115835	 -0.046097	 -0.126937	  0.009328	 -0.116823	 -0.168834
  0.005839	 -0.125401	 -0.037671	 -0.068940	  0.037234	 -0.135860	 -0.182233
  0.045433	 -0.105636	 -0.025698	 -0.070238	  0.070810	 -0.134308	 -0.188726
  0.020695	 -0.084160	 -0.037640	 -0.046640	  0.098368	 -0.182835	 -0.171812
  0.020853	 -0.099776	 -0.038748	 -0.019495	  0.081865	 -0.161485	 -0.204912
  0.014043	 -0.114188	 -0.085026	 -0.008978	  0.102422	 -0.171590	 -0.250620
 -0.008256	 -0.082037	 -0.108466	 -0.016042	  0.069290	 -0.214257	 -0.294522
  0.000455	 -0.028379	 -0.111507	 -0.038563	  0.055131	 -0.195220	 -0.336016
 -0.007243	 -0.022266	 -0.082999	 -0.026685	  0.040845	 -0.189075	 -0.352139
 -0.025234	 -0.002627	 -0.054649	 -0.030233	  0.024247	 -0.219673	 -0.373393
 -0.033026	  0.036555	 -0.037703	 -0.034889	 -0.004545	 -0.248149	 -0.363542
 -0.043036	  0.044981	 -0.016037	 -0.063270	  0.006034	 -0.287522	 -0.366488
 -0.059729	  0.069212	 -0.018286	 -0.051677	  0.019845	 -0.321256	 -0.426893
 -0.035117	  0.071461	 -0.021105	 -0.056143	 -0.003025	 -0.317898	 -0.439056
 -0.051746	  0.076054	  0.010443	 -0.063998	 -0.008853	 -0.343333	 -0.472917
 -0.044239	  0.072475	  0.016747	 -0.094407	 -0.000966	 -0.382357	 -0.518593
 -0.040787	  0.046533	 -0.019110	 -0.116674	 -0.037488	 -0.375991	 -0.525973
 -0.035655	  0.051696	 -0.050152	 -0.144612	 -0.067801	 -0.380489	 -0.581468
 -0.036511	  0.023093	 -0.051133	 -0.178600	 -0.045090	 -0.363416	 -0.585174
 -0.048040	 -0.001519	 -0.056740	 -0.168083	  0.003722	 -0.361293	 -0.566328
 -0.031728	  0.007034	 -0.059052	 -0.148635	 -0.029379	 -0.364208	 -0.568862
  0.016577	  0.007160	 -0.067731	 -0.138372	 -0.108630	 -0.353691	 -0.556857
  0.036628	 -0.040479	 -0.055315	 -0.161843	 -0.155447	 -0.346659	 -0.564015
  0.034220	 -0.068544	 -0.049550	 -0.212809	 -0.136695	 -0.337949	 -0.548304
  0.027695	 -0.072820	 -0.017906	 -0.250059	 -0.118703	 -0.300445	 -0.500696
  0.045940	 -0.117546	 -0.003494	 -0.260797	 -0.140559	 -0.278874	 -0.460659
  0.084489	 -0.143868	  0.011805	 -0.252530	 -0.153641	 -0.230601	 -0.380204
  0.087815	 -0.174308	  0.027263	 -0.230420	 -0.160926	 -0.244823	 -0.335858
  0.088924	 -0.155651	  0.000751	 -0.202103	 -0.184746	 -0.249036	 -0.305925
  0.110970	 -0.136804	 -0.019490	 -0.168083	 -0.196181	 -0.243461	 -0.284639
  0.111381	 -0.079408	 -0.013281	 -0.189116	 -0.197290	 -0.233959	 -0.276023
  0.102037	 -0.049000	 -0.015847	 -0.179043	 -0.182181	 -0.196455	 -0.232565
  0.089716	 -0.004116	  0.012946	 -0.175305	 -0.136695	 -0.171558	 -0.212356
  0.062506	 -0.009121	  0.010095	 -0.132385	 -0.111101	 -0.140516	 -0.188980
  0.070425	 -0.023945	 -0.007168	 -0.105746	 -0.081231	 -0.117488	 -0.172604
  0.028899	 -0.033099	  0.023905	 -0.081230	 -0.064032	 -0.150241	 -0.166902
 -0.032044	 -0.058439	  0.008448	 -0.080786	 -0.039452	 -0.151476	 -0.163101
 -0.079652	 -0.087992	  0.000592	 -0.078854	  0.006731	 -0.168993	 -0.184418
 -0.084910	 -0.083526	  0.011394	 -0.064062	  0.018609	 -0.142829	 -0.190057
 -0.076390	 -0.030850	  0.030304	 -0.059184	  0.009392	 -0.086858	 -0.206845
 -0.071480	 -0.018814	  0.042530	 -0.039830	 -0.015505	 -0.089741	 -0.241497
 -0.067711	 -0.013429	  0.019217	 -0.036092	 -0.006414	 -0.143779	 -0.293128
 -0.064417	 -0.021538	 -0.003367	 -0.046799	 -0.034415	 -0.211437	 -0.349130
 -0.028148	 -0.047796	 -0.028201	 -0.070397	 -0.031153	 -0.219198	 -0.349257
  0.024243	 -0.063317	 -0.029531	 -0.103814	 -0.024818	 -0.229714	 -0.357239
  0.020315	 -0.055272	 -0.044988	 -0.087565	 -0.068244	 -0.270227	 -0.359234
 -0.010663	 -0.041461	 -0.051387	 -0.080026	 -0.053705	 -0.274851	 -0.373520
 -0.038633	 -0.062019	 -0.057437	 -0.067356	 -0.062131	 -0.242891	 -0.401806
 -0.055484	 -0.065566	 -0.010621	 -0.069700	 -0.060737	 -0.233927	 -0.382231
 -0.012912	 -0.060530	 -0.025793	 -0.038025	 -0.064919	 -0.244918	 -0.320242
 -0.001129	 -0.042633	 -0.033459	 -0.042966	 -0.069892	 -0.246312	 -0.264335
 -0.004550	 -0.023216	 -0.015689	 -0.059437	 -0.090164	 -0.221605	 -0.261801
 -0.001478	 -0.027144	  0.002144	 -0.079994	 -0.095865	 -0.217551	 -0.241782
 -0.001224	 -0.039276	  0.010032	 -0.099728	 -0.105178	 -0.218438	 -0.178400
  0.029944	 -0.066422	 -0.016354	 -0.105018	 -0.118291	 -0.229682	 -0.115525
  0.026967	 -0.062747	 -0.027884	 -0.095325	 -0.113413	 -0.241054	 -0.082266
 -0.011044	 -0.065661	 -0.053287	 -0.127697	 -0.080978	 -0.236999	 -0.090311
 -0.016048	 -0.060530	 -0.061175	 -0.141983	 -0.080978	 -0.225786	 -0.109728
 -0.023460	 -0.035380	 -0.021327	 -0.151137	 -0.035841	 -0.203170	 -0.125534
 -0.014179	 -0.024357	 -0.033300	 -0.133684	  0.006224	 -0.189613	 -0.094714
 -0.020451	 -0.014252	 -0.037260	 -0.105176	 -0.015822	 -0.194840	 -0.091990
 -0.004297	 -0.024642	 -0.047649	 -0.082592	 -0.018419	 -0.171115	 -0.109855
  0.004541	 -0.010578	 -0.062220	 -0.081293	 -0.014777	 -0.138236	 -0.100067
 -0.024442	 -0.042317	 -0.071849	 -0.068211	 -0.009835	 -0.108429	 -0.088632
 -0.063276	 -0.061290	 -0.019173	 -0.028839	  0.001853	 -0.095031	 -0.054138
 -0.039836	 -0.069209	  0.001606	  0.003597	  0.002993	 -0.083311	 -0.024236
 -0.030872	 -0.084128	  0.030399	  0.017154	  0.017437	 -0.021987	 -0.020879
 -0.048072	 -0.051978	  0.016747	  0.003343	  0.028017	  0.022136	 -0.013118
 -0.002206	 -0.044439	  0.029987	 -0.006856	  0.072267	  0.047603	 -0.017490
 -0.012596	 -0.070413	  0.030240	 -0.003435	  0.095675	  0.062997	 -0.025693
 -0.030429	 -0.081467	  0.020865	  0.001823	  0.122283	  0.100501	  0.027870
 -0.000654	 -0.085173	  0.014466	 -0.025259	  0.105906	  0.110004	  0.081749
 -0.015700	 -0.105192	 -0.000643	 -0.013413	  0.130803	  0.106393	  0.112759
 -0.043637	 -0.073232	  0.004995	 -0.010879	  0.120255	  0.092519	  0.118398
 -0.040882	 -0.042032	  0.010032	 -0.034224	  0.089594	  0.121914	  0.154634
 -0.036035	 -0.010863	 -0.001657	 -0.035237	  0.125007	  0.124448	  0.218428
 -0.021655	 -0.011116	  0.023177	 -0.031816	  0.129600	  0.136041	  0.255108
 -0.023935	 -0.023185	  0.038539	 -0.050631	  0.147781	  0.160494	  0.269711
 -0.002837	  0.072478	 -0.041802	 -0.003755	 -0.001033	  0.016400	  0.005149
 -0.047530	  0.027214	 -0.043322	  0.011924	 -0.013671	 -0.004474	  0.008601
 -0.040625	  0.035164	 -0.034390	 -0.011927	  0.028615	 -0.011791	 -0.000109
 -0.031724	  0.007575	 -0.027073	 -0.011896	  0.021489	 -0.024810	  0.030552
 -0.058458	  0.007353	 -0.032869	 -0.037806	 -0.006512	 -0.005013	 -0.009485
 -0.065554	 -0.001991	 -0.014118	 -0.024502	  0.013190	  0.015481	  0.031281
 -0.035811	 -0.022231	 -0.053775	 -0.011516	  0.034602	 -0.001243	  0.002868
  0.011956	 -0.017607	 -0.069740	 -0.023584	  0.018131	 -0.028326	 -0.075275
 -0.000302	 -0.004810	 -0.088586	 -0.008253	  0.064092	  0.048519	  0.188359
 -0.024407	 -0.014471	 -0.060744	 -0.034575	 -0.021590	 -0.140646	 -0.414802
  0.010847	 -0.041015	 -0.006516	 -0.022919	  0.050313	  0.187700	  0.493075
  0.008250	 -0.089763	  0.005299	 -0.020480	 -0.119625	 -0.205644	 -0.774001
  0.011892	 -0.063219	  0.071564	  0.042206	 -0.009648	  0.294382	  0.697730
  0.040622	 -0.081939	  0.064279	  0.021648	 -0.138852	 -0.167729	 -0.736592
  0.050188	 -0.014851	  0.030418	  0.050726	  0.012398	  0.196031	  0.484555
  0.062605	  0.006308	  0.034536	  0.012526	 -0.023554	 -0.121388	 -0.356488
  0.036568	  0.025440	  0.075238	  0.018133	  0.022946	 -0.014579	  0.023457
  0.026210	  0.044730	  0.053382	  0.018734	  0.043883	  0.008291	  0.183861
  0.029662	  0.055912	  0.052305	  0.000996	 -0.027482	 -0.202952	 -0.447175
  0.018449	  0.069722	  0.085913	  0.034319	  0.052309	  0.161790	  0.664439
  0.030929	  0.065478	  0.048061	 -0.013163	 -0.124978	 -0.320087	 -0.751131
  0.038246	  0.092972	  0.052337	  0.085094	  0.049236	  0.216398	  0.902700
 -0.001189	  0.051984	  0.010684	  0.079804	 -0.125833	 -0.345776	 -0.782901
 -0.001031	  0.074378	  0.010716	  0.159341	  0.012493	  0.207307	  0.818888
  0.016042	  0.045015	  0.012806	  0.115059	 -0.132105	 -0.162566	 -0.509765
 -0.002488	  0.090374	 -0.003982	  0.106253	 -0.045061	  0.140725	  0.465930
  0.013730	  0.087619	  0.020250	  0.051993	 -0.077433	 -0.021040	 -0.052215
 -0.002615	  0.079415	  0.036278	  0.008598	 -0.059822	 -0.056168	 -0.029282
  0.022979	  0.085116	  0.008910	  0.029852	 -0.009648	  0.105566	  0.457409
  0.037486	  0.085781	  0.023703	 -0.008601	 -0.118105	 -0.200988	 -0.484868
  0.054052	  0.087334	  0.052305	  0.048858	 -0.007494	  0.203158	  0.823956
  0.063650	  0.086257	  0.010177	  0.015820	 -0.145535	 -0.286036	 -0.768172
  0.077967	  0.087904	  0.026712	  0.058424	  0.024751	  0.235751	  0.960603
  0.082655	  0.069785	  0.037576	  0.035047	 -0.140436	 -0.306245	 -0.727755
  0.070333	  0.071971	  0.040839	  0.129313	  0.007583	  0.221529	  0.746098
  0.059279	  0.079098	  0.035866	  0.103878	 -0.096945	 -0.124302	 -0.424210
  0.077429	  0.055342	  0.074795	  0.141603	 -0.021685	  0.134105	  0.294534
  0.077682	  0.043273	  0.054079	  0.119367	 -0.042306	  0.055202	  0.023901
  0.055668	  0.063007	  0.041884	  0.106602	 -0.048070	 -0.087400	 -0.262096
  0.069035	  0.058667	  0.050120	  0.124625	  0.015407	  0.158400	  0.494659
  0.038753	  0.069247	  0.057183	  0.078759	 -0.118865	 -0.219771	 -0.697853
  0.019685	  0.056957	  0.069410	  0.109706	  0.028806	  0.260268	  0.784203
  0.006856	  0.060220	  0.058134	  0.013128	 -0.086176	 -0.303077	 -0.906308
 -0.012149	  0.085306	  0.040871	  0.067736	  0.084649	  0.225837	  0.775778
 -0.042272	  0.067790	  0.018920	  0.013476	 -0.056211	 -0.315462	 -0.793829
 -0.059599	  0.033232	  0.029594	  0.068338	  0.058834	  0.099104	  0.544104
 -0.054879	 -0.002783	  0.013598	  0.045627	 -0.012024	 -0.218599	 -0.362823
 -0.025294	 -0.026951	  0.001752	  0.065709	  0.058264	 -0.053793	  0.124977
 -0.018547	 -0.032748	  0.022436	  0.084049	  0.064060	 -0.002098	  0.184843
 -0.010882	 -0.042377	  0.030861	  0.046070	 -0.000748	 -0.172607	 -0.373656
 -0.030394	 -0.069047	  0.068397	  0.085633	  0.116641	  0.137906	  0.663964
 -0.038345	 -0.053970	  0.038242	  0.055224	 -0.037237	 -0.255723	 -0.718379
 -0.012371	 -0.049567	  0.049961	  0.109199	  0.129090	  0.306577	  0.886451
  0.030549	 -0.086912	  0.053002	  0.054781	 -0.032581	 -0.230889	 -0.826201
  0.008915	 -0.094768	  0.112742	  0.082972	  0.167765	  0.286622	  0.784900
  0.008472	 -0.065183	  0.124620	  0.038025	 -0.016205	 -0.190472	 -0.612646
 -0.015950	 -0.042979	  0.133743	  0.083795	  0.061716	  0.166889	  0.469952
 -0.008063	 -0.033920	  0.139159	  0.054749	 -0.032835	 -0.002637	 -0.159531
  0.036061	 -0.000565	  0.131240	  0.078886	 -0.022540	  0.037591	 -0.042554
  0.063967	  0.020055	  0.077899	  0.101439	  0.009832	  0.122892	  0.337550
  0.053799	  0.011345	  0.024875	  0.053197	 -0.057636	 -0.174571	 -0.478913
  0.053577	  0.016666	  0.034916	  0.117561	  0.055571	  0.200560	  0.755157
  0.025545	  0.052016	  0.030830	  0.072171	 -0.125928	 -0.343178	 -0.816414
  0.023802	  0.058129	  0.027092	  0.124783	  0.057757	  0.214117	  0.888383
  0.010689	  0.081157	  0.007168	  0.082750	 -0.140816	 -0.290312	 -0.774666
 -0.008443	  0.115493	  0.013313	  0.141951	  0.033113	  0.223810	  0.750976
 -0.022982	  0.087112	  0.024875	  0.094375	 -0.082977	 -0.151511	 -0.475302
  0.024404	  0.059111	  0.047111	  0.108534	 -0.018676	  0.070501	  0.366944
  0.045563	  0.067378	  0.032255	  0.110593	 -0.044554	 -0.051449	 -0.003467
  0.020477	  0.065921	 -0.010633	  0.104258	 -0.101823	 -0.082871	 -0.153988
  0.024214	  0.063545	 -0.027390	  0.095642	 -0.042876	  0.151907	  0.502166
  0.017974	  0.059998	 -0.045001	  0.076447	 -0.156717	 -0.192435	 -0.597347
 -0.006479	  0.070071	 -0.081016	  0.146639	  0.006886	  0.274205	  0.840775
 -0.030046	  0.091103	 -0.112153	  0.105113	 -0.128177	 -0.220817	 -0.789902
 -0.035050	  0.103900	 -0.090265	  0.186994	  0.075907	  0.293812	  0.921674
 -0.001189	  0.081537	 -0.118298	  0.153038	 -0.067361	 -0.220500	 -0.679671
  0.009263	  0.060536	 -0.066699	  0.220063	  0.060449	  0.241041	  0.699725
  0.003847	  0.019675	 -0.084532	  0.171694	 -0.021115	 -0.110080	 -0.329818
  0.003499	  0.026232	 -0.057703	  0.211320	  0.015027	  0.052510	  0.230835
  0.033083	  0.031300	 -0.019724	  0.199030	  0.010877	  0.042595	  0.197481
  0.047210	  0.024300	 -0.017760	  0.201216	 -0.048957	 -0.106880	 -0.232796
  0.068971	 -0.010606	 -0.016588	  0.222122	  0.031023	  0.168473	  0.695164
  0.071537	 -0.036073	 -0.017665	  0.214393	 -0.108285	 -0.305326	 -0.624050
  0.058138	 -0.037182	 -0.006611	  0.253924	  0.047969	  0.212850	  0.914832
  0.077049	 -0.029738	 -0.057956	  0.187817	 -0.140974	 -0.336020	 -0.790408
  0.072994	 -0.022928	 -0.028435	  0.252371	  0.022249	  0.179749	  0.881921
  0.088040	 -0.004652	 -0.032553	  0.215533	 -0.095710	 -0.310426	 -0.640711
  0.064664	  0.023128	 -0.019978	  0.221678	 -0.006734	  0.061030	  0.540240
  0.072202	  0.029431	 -0.022923	  0.188546	 -0.030902	 -0.188413	 -0.213696
  0.029536	  0.052079	 -0.013231	  0.162730	 -0.002743	 -0.112645	  0.062196
  0.050441	  0.071939	 -0.024444	  0.155192	  0.013760	 -0.007705	  0.293964
  0.066342	  0.038459	 -0.024919	  0.143915	 -0.042211	 -0.222369	 -0.427948
  0.086171	  0.067125	 -0.012819	  0.166215	  0.074766	  0.105091	  0.746573
  0.080976	  0.082772	 -0.034517	  0.114552	 -0.073569	 -0.368423	 -0.733710
  0.082148	  0.096868	  0.003557	  0.170047	  0.107360	  0.191849	  0.917810
  0.039007	  0.114859	 -0.042847	  0.066152	 -0.080601	 -0.353029	 -0.767349
  0.018861	  0.128702	 -0.044019	  0.113349	  0.080816	  0.167966	  0.812679
  0.016390	  0.162024	 -0.066572	  0.098493	 -0.016078	 -0.282457	 -0.563011
  0.053799	  0.157684	 -0.079052	  0.118828	  0.049109	  0.050134	  0.376922
  0.082655	  0.137286	 -0.094858	  0.111005	  0.009864	 -0.082205	 -0.112430
  0.092253	  0.156798	 -0.100813	  0.108407	  0.012714	 -0.081002	 -0.149680
  0.097638	  0.179604	 -0.117443	  0.121964	  0.025638	  0.104394	  0.379329
  0.083130	  0.174726	 -0.118995	  0.101914	 -0.100937	 -0.202128	 -0.627787
  0.101629	  0.125724	 -0.090012	  0.166785	  0.026272	  0.237589	  0.738876
  0.084302	  0.101524	 -0.100750	  0.119937	 -0.127132	 -0.263166	 -0.841025
  0.073659	  0.066713	 -0.116429	  0.150472	  0.061843	  0.281110	  0.898488
  0.065455	  0.064527	 -0.126628	  0.124847	 -0.084592	 -0.278561	 -0.758004
  0.016327	  0.062342	 -0.129479	  0.152784	  0.045118	  0.200940	  0.704856
  0.028839	  0.054170	 -0.167173	  0.137137	 -0.080664	 -0.140108	 -0.403494
 -0.001063	  0.041816	 -0.147819	  0.138625	 -0.017219	  0.059320	  0.305526
 -0.020226	  0.052839	 -0.139172	  0.148888	 -0.016775	 -0.011284	  0.084400
 -0.061594	  0.043115	 -0.122321	  0.111258	 -0.055673	 -0.126519	 -0.217307
 -0.072427	  0.008779	 -0.080953	  0.140304	  0.030959	  0.133979	  0.596939
 -0.048354	  0.009666	 -0.102840	  0.104923	 -0.123553	 -0.300290	 -0.617113
  0.008282	  0.024870	 -0.101763	  0.150789	 -0.000684	  0.196442	  0.899058
  0.037264	  0.023128	 -0.106134	  0.088293	 -0.142526	 -0.301240	 -0.695794
  0.039323	  0.031617	 -0.108478	  0.126969	  0.051643	  0.105217	  0.725192
  0.033147	  0.051509	 -0.136448	  0.114647	 -0.057003	 -0.272226	 -0.382874
  0.055383	  0.069120	 -0.141769	  0.116294	  0.044675	 -0.038240	  0.281326
  0.038658	  0.095791	 -0.175979	  0.104289	  0.036028	 -0.173335	 -0.049966
  0.037486	  0.120719	 -0.188490	  0.119969	  0.044358	 -0.203142	  0.054974
  0.070080	  0.097976	 -0.148706	  0.136883	  0.067988	 -0.145271	  0.112782
  0.118733	  0.073333	 -0.165747	  0.168178	  0.021615	 -0.183883	  0.002773
  0.116009	  0.108714	 -0.202047	  0.173912	  0.011162	 -0.154900	  0.151330
  0.095294	  0.113022	 -0.181965	  0.107995	 -0.015318	 -0.171403	  0.063812
  0.074705	  0.107162	 -0.185830	  0.065170	  0.006126	 -0.160317	  0.067137
  0.081863	  0.095854	 -0.174015	  0.074388	  0.032385	 -0.181951	  0.067422
  0.098239	  0.101397	 -0.175313	  0.082148	  0.011828	 -0.159145	  0.029222
  0.095674	  0.101302	 -0.155421	  0.103878	 -0.047437	 -0.107102	  0.023045
  0.068718	  0.087144	 -0.113546	  0.115281	 -0.071859	 -0.112550	 -0.029251
  0.078696	  0.059808	 -0.118203	  0.100963	 -0.064035	 -0.113025	 -0.039197
  0.046672	  0.080017	 -0.080319	  0.106348	 -0.077053	 -0.117840	 -0.085443
  0.046260	  0.108809	 -0.040788	  0.064727	 -0.070877	 -0.086291	 -0.054939
  0.037328	  0.120118	 -0.024380	  0.047591	 -0.032138	 -0.079355	 -0.051297
  0.009865	  0.139946	 -0.058210	  0.067673	 -0.044491	 -0.018918	 -0.018291
 -0.029507	  0.111470	 -0.067807	  0.069478	 -0.046962	 -0.002605	  0.020226
 -0.029951	  0.108366	 -0.076866	  0.101629	 -0.029255	  0.009083	  0.021272
 -0.040784	  0.102348	 -0.128941	  0.116231	 -0.030396	  0.021848	  0.052282
 -0.031439	  0.107289	 -0.140882	  0.104416	 -0.018359	 -0.006470	  0.053612
 -0.010249	  0.106307	 -0.138760	  0.093932	 -0.015350	 -0.042706	  0.052313
 -0.022887	  0.131299	 -0.193527	  0.093995	 -0.010440	 -0.051290	  0.051458
  0.018798	  0.122018	 -0.191436	  0.068433	  0.006031	 -0.023004	  0.042146
  0.052722	  0.107891	 -0.177816	  0.086773	  0.009357	 -0.067888	  0.025674
  0.043124	  0.145553	 -0.172684	  0.080470	  0.019525	 -0.069472	  0.032865
  0.035776	  0.184640	 -0.145665	  0.092316	  0.018004	 -0.062567	  0.028018
  0.010055	  0.207225	 -0.132710	  0.098303	  0.023294	 -0.064879	  0.040974
  0.020698	  0.194238	 -0.101225	  0.091588	  0.021964	 -0.069662	  0.038915
  0.043853	  0.166078	 -0.107401	  0.068591	 -0.035052	 -0.065576	  0.030077
  0.053831	  0.166870	 -0.075821	  0.079203	 -0.050953	 -0.046571	  0.035019
  0.067989	  0.129018	 -0.028118	  0.057220	 -0.034862	 -0.063517	  0.032896
  0.065044	  0.116000	 -0.011742	  0.055383	 -0.017092	 -0.080622	  0.035684
  0.045310	  0.112357	 -0.000086	  0.093805	 -0.010345	 -0.081350	  0.020575
  0.044803	  0.095728	  0.002829	  0.059849	  0.012936	 -0.038272	  0.035462
  0.052310	  0.092528	 -0.018299	  0.058360	 -0.025676	 -0.049897	  0.018516
  0.032862	  0.119801	 -0.044178	  0.066596	 -0.030839	 -0.067096	  0.022792
  0.042523	  0.101556	 -0.069803	  0.073184	 -0.046455	 -0.071341	 -0.049871
  0.058329	  0.078560	 -0.107243	  0.095800	 -0.053107	 -0.098328	 -0.091841
  0.055446	  0.112959	 -0.174268	  0.064410	 -0.036066	 -0.086608	 -0.091398
  0.045247	  0.120688	 -0.177562	  0.058677	 -0.006734	 -0.086767	 -0.075243
  0.053799	  0.137507	 -0.169865	  0.045247	  0.014045	 -0.089047	 -0.052279
 -0.010249	  0.117425	 -0.165462	  0.034445	  0.019113	 -0.101939	 -0.034730
  0.017024	  0.162436	 -0.178734	  0.042839	  0.031751	 -0.056643	 -0.021997
  0.035807	  0.161390	 -0.172082	  0.039988	  0.010592	 -0.056992	 -0.001661
 -0.003375	  0.147992	 -0.152856	  0.057663	  0.003307	 -0.064879	  0.003882
 -0.025674	  0.107352	 -0.142308	  0.036061	  0.022851	 -0.087685	  0.027385
 -0.016964	  0.087777	 -0.144778	  0.048224	  0.012049	 -0.063422	  0.047720
 -0.003945	  0.126738	 -0.125235	  0.016992	  0.000488	 -0.096681	  0.050888
 -0.036729	  0.139566	 -0.142814	  0.055953	 -0.000653	 -0.111695	  0.033783
 -0.046517	  0.161359	 -0.126343	  0.069352	  0.009990	 -0.112519	 -0.029314
 -0.072934	  0.177577	 -0.138538	  0.067293	  0.021108	 -0.112740	 -0.039482
 -0.067898	  0.205039	 -0.133058	  0.039735	  0.013791	 -0.127438	 -0.057663
 -0.017787	  0.204849	 -0.106008	  0.048161	  0.027285	 -0.131841	 -0.057537
  0.007458	  0.203107	 -0.079527	  0.050220	  0.023547	 -0.114451	 -0.083035
  0.008028	  0.194143	 -0.086527	  0.064822	  0.058105	 -0.102541	 -0.084999
  0.027825	  0.174662	 -0.065020	  0.050948	  0.057440	 -0.064689	 -0.064283
  0.073976	  0.137982	 -0.052920	  0.038880	  0.048191	 -0.064911	 -0.036663
  0.068750	  0.091483	 -0.068061	  0.031024	  0.046639	 -0.057182	 -0.063587
  0.064505	  0.072858	 -0.064608	  0.024499	  0.023769	 -0.047616	 -0.067198
  0.067514	  0.089424	 -0.061124	  0.024784	  0.021013	 -0.072354	 -0.050663
  0.050030	  0.040961	 -0.051748	  0.005494	 -0.013639	 -0.109034	 -0.074420
  0.057885	  0.031775	 -0.028435	 -0.019878	 -0.021843	 -0.097600	 -0.079836
  0.052057	  0.088727	 -0.036544	  0.005462	 -0.075723	 -0.136180	 -0.069098
  0.025164	  0.099275	 -0.029100	 -0.003723	 -0.051396	 -0.131841	 -0.094660
 -0.022792	  0.063165	 -0.055454	  0.001345	 -0.059125	 -0.112234	 -0.071600
 -0.030964	  0.048183	 -0.047694	  0.019463	 -0.045441	 -0.108337	 -0.054718
 -0.011516	  0.032060	 -0.059097	 -0.008665	 -0.040468	 -0.104156	 -0.039735
  0.004575	  0.057115	 -0.071925	  0.008060	 -0.020260	 -0.109478	 -0.024341
  0.021268	  0.075487	 -0.069549	  0.009042	  0.000013	 -0.094210	 -0.015852
 -0.009330	  0.096995	 -0.077500	  0.011924	 -0.005689	 -0.066589	 -0.003277
  0.006381	  0.098990	 -0.084374	  0.042808	 -0.014495	 -0.096713	  0.027670
 -0.030489	  0.103678	 -0.086527	  0.019431	  0.009769	 -0.113279	  0.049399
 -0.033973	  0.114194	 -0.087098	  0.035459	 -0.030079	 -0.098075	  0.098053
 -0.059630	  0.111407	 -0.071735	  0.063935	 -0.015382	 -0.050372	  0.074835
 -0.056653	  0.135607	 -0.048929	  0.065804	  0.018163	 -0.039032	  0.062576
 -0.057888	  0.144603	 -0.047345	  0.046577	  0.038435	 -0.043086	  0.046010
 -0.017851	  0.167124	 -0.057893	  0.008060	  0.036091	 -0.041724	  0.026118
 -0.032801	  0.163766	 -0.051051	  0.003784	  0.040019	 -0.057974	  0.022317
 -0.040942	  0.178527	 -0.055296	 -0.008918	  0.026240	 -0.086862	  0.000556
 -0.021905	  0.190437	  0.009259	  0.013983	  0.009008	 -0.072703	 -0.033685
 -0.005307	  0.216569	  0.037355	  0.005843	 -0.000336	 -0.080907	 -0.059564
  0.014775	  0.223031	  0.029943	  0.023644	  0.023611	 -0.078879	 -0.058233
 -0.037204	  0.208682	  0.047142	  0.019653	  0.027285	 -0.094527	 -0.069510
 -0.022855	  0.164748	  0.031653	  0.049301	  0.050535	 -0.084549	 -0.081832
 -0.018864	  0.175138	  0.029689	  0.043473	  0.077364	 -0.048249	 -0.039070
  0.018196	  0.153788	  0.013852	  0.051645	  0.066943	 -0.029624	 -0.079709
  0.048636	  0.152046	  0.025762	  0.069003	  0.065105	 -0.005488	 -0.067768
  0.053894	  0.162404	  0.063709	  0.055478	  0.097256	 -0.023036	 -0.054622
  0.050948	  0.128448	  0.060826	  0.022916	  0.074450	 -0.042928	 -0.019431
  0.028205	  0.128353	  0.065958	 -0.002932	  0.035901	 -0.062757	  0.001221
  0.026083	  0.114321	  0.072578	 -0.000873	 -0.011549	 -0.082712	 -0.003784
  0.023897	  0.121163	  0.122403	 -0.005941	  0.023231	 -0.069345	  0.038345
  0.038278	  0.102031	  0.121389	  0.017562	  0.020158	 -0.059272	  0.048797
  0.002358	  0.099592	  0.144671	  0.046704	 -0.003978	 -0.079545	  0.090894
