:RUN-6	LEVEL SWEEP	TEMP:NaN	8/27/2019	4:38 PM	HR:-578.19:SW EAR: R	SW FREQ: 32.00	# AVERAGES: 512	REP RATE (/sec): 80	DRIVER: 	SAMPLE (µsec): 40	MASKER dB: 2147483647:NOTES-:CHAMBER-SEWELL-PXI1:CFTS Version: V2.7.2 (R850):LEVELS:20;30;40;50;60;70;80;:DATA  0.112550	 -0.055519	 -0.012325	  0.010135	 -0.041040	 -0.078528	  0.051572
  0.094052	 -0.028627	  0.018590	 -0.006147	 -0.043036	 -0.032789	  0.040359
  0.055503	  0.017778	  0.006649	  0.011782	 -0.044334	 -0.037730	 -0.007091
  0.028484	 -0.007658	 -0.021416	  0.023628	 -0.037683	 -0.040137	  0.018566
  0.013470	  0.014325	 -0.040484	  0.024040	 -0.012089	 -0.044984	  0.011503
  0.035199	  0.012235	 -0.037317	  0.040701	  0.002482	 -0.011598	 -0.016150
  0.032792	  0.001972	 -0.024171	  0.016026	 -0.006672	 -0.025535	 -0.012349
  0.013533	  0.021325	 -0.032312	  0.023090	  0.026080	 -0.041214	 -0.008959
  0.031683	  0.004791	 -0.037127	  0.027208	  0.035519	 -0.029621	 -0.025050
  0.011823	  0.013248	 -0.037222	  0.036837	  0.033302	 -0.042640	 -0.027616
 -0.024572	  0.015624	 -0.014004	  0.012478	  0.047682	 -0.037857	 -0.019887
 -0.045256	  0.000261	  0.017006	 -0.009568	 -0.005500	 -0.012960	 -0.038196
 -0.054252	  0.000546	  0.022993	 -0.031265	 -0.011075	 -0.001557	 -0.014376
 -0.048075	 -0.000245	  0.002974	 -0.043840	 -0.034452	  0.019824	 -0.006552
 -0.077882	 -0.000657	  0.036202	 -0.054958	 -0.048769	  0.046938	  0.007322
 -0.077026	 -0.015228	  0.043677	 -0.039374	 -0.002365	  0.054603	 -0.019951
 -0.051971	 -0.016558	  0.032337	 -0.029523	  0.013251	  0.053495	 -0.012792
 -0.017065	 -0.002906	  0.010260	 -0.035573	  0.022279	  0.069713	  0.004883
 -0.030242	  0.008529	  0.021029	  0.016026	  0.051135	  0.091030	  0.033992
 -0.002748	  0.016764	  0.044659	  0.008297	  0.055285	  0.101546	  0.040771
  0.000768	  0.022973	  0.069524	  0.003641	  0.077996	  0.104175	  0.066808
 -0.017604	  0.062978	  0.085108	 -0.026039	  0.047271	  0.091980	  0.065573
 -0.025681	  0.077581	  0.051469	  0.022615	  0.057090	  0.079564	  0.084768
 -0.033378	  0.037258	  0.048618	  0.019605	  0.039922	  0.079659	  0.082107
 -0.037907	  0.029118	  0.068511	  0.006524	  0.031275	  0.050232	  0.056862
 -0.028025	  0.032792	  0.040098	 -0.008839	  0.020885	  0.065088	  0.082804
 -0.022196	  0.025697	  0.008676	 -0.034084	  0.012174	  0.068065	  0.164716
 -0.030210	 -0.000404	  0.010418	 -0.020020	  0.040904	  0.122199	  0.239375
 -0.034011	  0.011759	  0.018178	  0.003008	  0.076412	  0.168730	  0.342352
 -0.034423	  0.033140	  0.041745	  0.054702	  0.078154	  0.200563	  0.439943
 -0.033568	  0.020248	  0.039052	  0.083685	  0.083824	  0.270534	  0.495977
 -0.028056	  0.008592	  0.049284	  0.108835	  0.109608	  0.340917	  0.541114
 -0.028975	  0.033964	  0.047605	  0.136361	  0.159908	  0.339428	  0.561291
 -0.047157	  0.030385	  0.056411	  0.157932	  0.200959	  0.357388	  0.522869
 -0.057514	  0.063010	  0.056917	  0.149633	  0.175746	  0.312504	  0.440925
 -0.059763	  0.065417	  0.069524	  0.156284	  0.149392	  0.238289	  0.281155
 -0.073510	  0.086418	  0.093027	  0.153845	  0.154016	  0.155679	  0.099687
 -0.068918	  0.105930	  0.097367	  0.127238	  0.077299	  0.030879	 -0.073292
 -0.043799	  0.099975	  0.095625	  0.099459	 -0.003061	 -0.119737	 -0.260303
 -0.026821	  0.090663	  0.102276	  0.088436	 -0.092101	 -0.240579	 -0.369044
 -0.007404	  0.059779	  0.038419	  0.018307	 -0.143668	 -0.313337	 -0.452445
 -0.005757	  0.028927	 -0.001017	 -0.022649	 -0.185416	 -0.343238	 -0.469138
 -0.018079	  0.015180	 -0.027497	 -0.057017	 -0.199480	 -0.357176	 -0.485800
 -0.030147	 -0.017540	 -0.063766	 -0.103517	 -0.196978	 -0.304309	 -0.472718
 -0.047252	 -0.006042	 -0.084291	 -0.138169	 -0.177086	 -0.293572	 -0.476645
 -0.067239	 -0.006549	 -0.093762	 -0.168673	 -0.134577	 -0.274186	 -0.412535
 -0.060809	 -0.001544	 -0.073268	 -0.179030	 -0.146202	 -0.222936	 -0.303160
 -0.059858	  0.015117	 -0.067028	 -0.182958	 -0.127039	 -0.165762	 -0.197174
 -0.051686	  0.015846	 -0.054675	 -0.162686	 -0.082661	 -0.120814	 -0.081781
 -0.028658	  0.011158	 -0.073427	 -0.174818	 -0.045443	 -0.005738	  0.071148
 -0.032966	 -0.004490	 -0.074472	 -0.142826	  0.001310	  0.102180	  0.148150
 -0.013486	 -0.023970	 -0.082802	 -0.115173	  0.044547	  0.172974	  0.208428
  0.010587	 -0.049754	 -0.047453	 -0.059678	  0.078598	  0.221564	  0.229714
  0.008465	 -0.041835	 -0.004311	 -0.024803	  0.115594	  0.231922	  0.191007
  0.000546	 -0.057673	  0.025781	  0.053751	  0.103653	  0.249787	  0.147168
  0.016891	 -0.014975	  0.023025	  0.067689	  0.094467	  0.228786	  0.082392
  0.011253	 -0.013866	  0.026731	  0.104939	  0.063457	  0.166607	  0.043463
  0.002225	  0.018063	  0.031292	  0.090875	  0.010591	  0.134964	  0.026105
  0.016131	  0.008877	  0.013332	  0.067277	 -0.006229	  0.107755	 -0.019064
  0.000768	 -0.000752	  0.005698	  0.054892	 -0.008763	  0.065785	 -0.043771
  0.028041	  0.015592	  0.027048	  0.052516	 -0.039076	  0.058816	 -0.070726
  0.023258	  0.032538	  0.023373	  0.037344	 -0.036542	  0.071803	 -0.090745
  0.006090	  0.071214	 -0.013972	  0.024072	 -0.020990	  0.058753	 -0.092804
 -0.004490	  0.081192	 -0.022968	  0.042032	 -0.034198	  0.063631	 -0.106298
  0.014515	  0.076567	 -0.023538	  0.025465	 -0.018202	  0.076523	 -0.166196
 -0.004648	  0.091803	 -0.025692	  0.021411	 -0.023080	  0.057296	 -0.171549
 -0.016717	  0.074508	  0.016373	  0.014094	 -0.033628	  0.025557	 -0.147317
 -0.028880	  0.054489	  0.014789	 -0.005291	 -0.014370	  0.003448	 -0.155838
 -0.034772	  0.078024	 -0.006117	 -0.008364	 -0.052760	 -0.016223	 -0.138860
 -0.008386	  0.085024	 -0.033832	 -0.006527	 -0.058620	 -0.044128	 -0.162585
  0.001243	  0.051734	 -0.045394	  0.009438	 -0.077625	 -0.071116	 -0.179689
  0.016289	  0.053444	 -0.028067	  0.004180	 -0.095775	 -0.075899	 -0.156186
  0.024145	  0.030923	 -0.029081	 -0.014287	 -0.111106	 -0.102759	 -0.131004
  0.005868	  0.005329	 -0.014130	 -0.045614	 -0.117378	 -0.071052	 -0.109085
 -0.027233	 -0.010477	  0.011527	 -0.056637	 -0.079621	 -0.017331	 -0.109402
 -0.003445	 -0.015925	  0.014061	 -0.058348	 -0.054629	 -0.000480	 -0.095116
 -0.020264	 -0.001417	 -0.000320	 -0.072633	 -0.033945	  0.027268	 -0.095338
 -0.021563	 -0.003856	 -0.012293	 -0.099240	 -0.059982	  0.053748	 -0.101261
 -0.056374	  0.019932	 -0.018977	 -0.112671	 -0.058271	  0.051183	 -0.126000
 -0.041930	 -0.001417	 -0.026769	 -0.064081	 -0.032361	  0.042440	 -0.143643
 -0.083140	  0.018886	 -0.033547	 -0.046121	 -0.041389	  0.024259	 -0.101800
 -0.100086	  0.027344	 -0.036176	 -0.023853	 -0.038284	  0.025335	 -0.086849
 -0.091344	  0.038747	 -0.056575	 -0.026862	 -0.011962	  0.008136	 -0.058373
 -0.081999	  0.027280	 -0.073363	 -0.025849	  0.009450	  0.019064	 -0.011303
 -0.090457	  0.000483	 -0.073363	 -0.013559	  0.007360	  0.024417	  0.040929
 -0.113073	  0.016954	 -0.037348	  0.016533	  0.035456	  0.037594	  0.093859
 -0.094923	  0.012425	 -0.028828	  0.062335	  0.057533	  0.030594	  0.123602
 -0.102620	  0.000736	 -0.031647	  0.086250	  0.064945	  0.034965	  0.127086
 -0.119440	 -0.009178	 -0.030031	  0.086092	  0.053257	  0.024037	  0.104438
 -0.082791	 -0.021468	 -0.005261	  0.066548	  0.032827	  0.035947	  0.114479
 -0.045224	 -0.010952	  0.001486	  0.060182	  0.046415	  0.055142	  0.109253
 -0.027708	 -0.011617	  0.003608	  0.066770	  0.054493	  0.101230	  0.161042
 -0.008608	 -0.007721	 -0.014194	  0.049950	  0.083444	  0.159924	  0.203297
 -0.012092	  0.028167	  0.021789	  0.034841	  0.143025	  0.192486	  0.225565
 -0.010065	  0.046507	  0.030088	  0.069146	  0.152971	  0.206962	  0.242099
 -0.007024	  0.019298	  0.020459	  0.122772	  0.145939	  0.205441	  0.261991
  0.017809	  0.039919	  0.016436	  0.108486	  0.154713	  0.186499	  0.215397
  0.015370	  0.073273	 -0.014637	  0.149379	  0.170994	  0.175033	  0.183278
  0.031620	  0.086038	 -0.025819	  0.174561	  0.179768	  0.163630	  0.168264
  0.059431	  0.056422	 -0.012040	  0.168764	  0.182334	  0.157327	  0.184577
  0.041091	  0.030004	  0.003069	  0.169873	  0.172800	  0.150421	  0.173427
 -0.002146	  0.045430	 -0.009379	  0.171489	  0.154397	  0.165499	  0.167440
 -0.008259	  0.048661	 -0.029556	  0.151691	  0.141885	  0.160019	  0.190912
 -0.018776	  0.085119	  0.001010	  0.126510	  0.133491	  0.163060	  0.159965
 -0.041582	  0.077074	  0.025432	  0.121156	  0.130862	  0.168096	  0.152141
 -0.079782	  0.077739	  0.037405	  0.078173	  0.114296	  0.172657	  0.100701
 -0.068601	  0.078373	  0.038926	  0.070888	  0.117495	  0.155838	  0.102189
 -0.028658	  0.080273	 -0.010234	  0.090938	  0.124052	  0.156535	  0.083469
 -0.037242	  0.087875	 -0.021131	  0.105541	  0.129310	  0.161064	  0.053314
 -0.020043	  0.073495	  0.051152	  0.120555	  0.125192	  0.171707	  0.060378
  0.010873	  0.069915	  0.046971	  0.072218	  0.089716	  0.141077	  0.017141
 -0.001227	  0.084454	  0.005255	  0.085173	  0.102988	  0.116655	 -0.032272
  0.018855	  0.048630	  0.029106	  0.106491	  0.084996	  0.066798	 -0.057296
  0.034661	  0.042675	  0.067687	  0.132211	  0.092915	  0.065817	 -0.082478
  0.021294	  0.048534	  0.094959	  0.099269	  0.044198	  0.055395	 -0.121027
 -0.000594	  0.013438	  0.105286	  0.063571	  0.035361	  0.021534	 -0.123276
 -0.018585	 -0.030527	  0.065121	  0.032877	  0.045909	 -0.001874	 -0.124099
 -0.018649	 -0.010540	  0.081054	  0.036742	  0.048918	 -0.037730	 -0.171675
 -0.002684	  0.007452	  0.061162	  0.003578	  0.056615	 -0.060600	 -0.202179
 -0.013834	  0.007610	  0.047035	 -0.015174	  0.036564	 -0.056957	 -0.243768
 -0.043102	  0.005361	  0.050076	 -0.005671	  0.023641	 -0.059776	 -0.193975
 -0.021341	  0.003872	  0.041903	 -0.017043	  0.015817	 -0.048310	 -0.181558
 -0.012504	  0.010968	  0.049347	 -0.008934	  0.020442	 -0.047359	 -0.158784
 -0.040473	 -0.006454	  0.020364	 -0.035478	  0.038877	 -0.054930	 -0.147032
 -0.066510	  0.012963	  0.009341	 -0.039026	  0.073625	 -0.048341	 -0.100438
 -0.042754	  0.026710	  0.026129	 -0.046374	  0.066783	 -0.031902	 -0.085645
 -0.005852	  0.051417	  0.049695	 -0.069972	  0.035582	 -0.042735	 -0.110764
 -0.034930	  0.031050	  0.049980	 -0.065601	 -0.014274	 -0.049228	 -0.140475
 -0.055139	  0.026774	  0.023880	 -0.067312	 -0.035212	 -0.056767	 -0.191409
 -0.043134	  0.009891	  0.040256	 -0.100254	 -0.010188	 -0.079446	 -0.246524
 -0.020803	  0.019868	  0.012350	 -0.101204	 -0.063530	 -0.079953	 -0.266765
 -0.026853	 -0.003793	 -0.012198	 -0.075832	 -0.092354	 -0.107226	 -0.276742
 -0.025902	 -0.031541	 -0.028891	 -0.067850	 -0.109522	 -0.144254	 -0.277281
 -0.040156	 -0.020866	 -0.036620	 -0.076117	 -0.095680	 -0.135702	 -0.262837
 -0.007658	 -0.040980	 -0.030792	 -0.068452	 -0.096282	 -0.157589	 -0.232239
 -0.002019	 -0.041613	 -0.053028	 -0.068864	 -0.089883	 -0.182391	 -0.259036
 -0.032586	 -0.053998	 -0.080839	 -0.071619	 -0.087571	 -0.220402	 -0.312662
 -0.038636	 -0.038604	 -0.082359	 -0.120875	 -0.116206	 -0.223632	 -0.342944
 -0.060270	 -0.027866	 -0.090183	 -0.142762	 -0.112310	 -0.226420	 -0.349722
 -0.033631	 -0.034962	 -0.112989	 -0.156668	 -0.107020	 -0.256797	 -0.372117
 -0.031857	 -0.023717	 -0.101554	 -0.186506	 -0.143288	 -0.265856	 -0.389760
  0.000768	  0.004379	 -0.103835	 -0.188438	 -0.163243	 -0.291259	 -0.424539
  0.004062	 -0.025174	 -0.152805	 -0.174121	 -0.161406	 -0.300192	 -0.466446
  0.029941	 -0.050578	 -0.164050	 -0.187424	 -0.120133	 -0.284924	 -0.485514
  0.060159	 -0.071863	 -0.168643	 -0.191067	 -0.104486	 -0.292210	 -0.452889
  0.030828	 -0.089031	 -0.167534	 -0.178967	 -0.110662	 -0.326007	 -0.450260
  0.008085	 -0.081809	 -0.164018	 -0.221222	 -0.091594	 -0.311246	 -0.432427
  0.023194	 -0.073320	 -0.161421	 -0.210104	 -0.073856	 -0.287110	 -0.423589
 -0.000721	 -0.062582	 -0.197847	 -0.201837	 -0.050068	 -0.246407	 -0.420992
 -0.020328	 -0.084248	 -0.191829	 -0.112892	 -0.052792	 -0.228574	 -0.420612
 -0.068284	 -0.051148	 -0.171082	 -0.056764	 -0.073222	 -0.199749	 -0.406548
 -0.063121	 -0.052098	 -0.134275	 -0.017898	 -0.044524	 -0.187016	 -0.392421
 -0.049406	 -0.056596	 -0.113939	 -0.034021	 -0.037492	 -0.184323	 -0.389348
 -0.059795	 -0.025396	 -0.087459	 -0.029998	 -0.023270	 -0.156607	 -0.333220
 -0.072117	 -0.001227	 -0.079477	  0.002564	 -0.014623	 -0.155499	 -0.300847
 -0.052035	 -0.010698	 -0.060788	  0.022710	 -0.044081	 -0.162182	 -0.247855
 -0.056342	 -0.019789	 -0.062625	  0.023058	 -0.066000	 -0.141815	 -0.261570
 -0.071293	 -0.031889	 -0.039281	  0.040289	 -0.091214	 -0.129050	 -0.221057
 -0.078072	 -0.037401	 -0.037443	  0.049665	 -0.079747	 -0.140105	 -0.163978
 -0.049627	 -0.057388	 -0.022841	  0.000759	 -0.071512	 -0.106054	 -0.128534
 -0.059447	 -0.062424	  0.000567	 -0.000730	 -0.041800	 -0.093225	 -0.123751
 -0.056533	 -0.036640	 -0.029113	  0.016755	 -0.049814	 -0.060790	 -0.136896
 -0.006486	 -0.057673	 -0.033706	 -0.008681	 -0.045126	 -0.068012	 -0.139968
 -0.006707	 -0.074714	  0.011400	  0.006935	 -0.039583	 -0.086827	 -0.140444
 -0.011047	 -0.068949	  0.002753	  0.005415	 -0.056751	 -0.054455	 -0.159132
 -0.000309	 -0.036799	 -0.034054	 -0.019387	 -0.084815	 -0.055373	 -0.130022
 -0.037591	 -0.051591	 -0.048023	 -0.036333	 -0.104929	 -0.068423	 -0.123972
 -0.015133	 -0.074746	 -0.054326	 -0.065760	 -0.105151	 -0.069722	 -0.141109
 -0.000879	 -0.068696	 -0.042765	 -0.098258	 -0.073222	 -0.071464	 -0.158974
 -0.018966	 -0.047220	 -0.040326	 -0.124676	 -0.030302	 -0.056260	 -0.145575
 -0.012504	 -0.059035	 -0.020307	 -0.154831	 -0.041959	 -0.061962	 -0.133127
 -0.009495	 -0.092484	 -0.022556	 -0.133101	 -0.055072	 -0.048246	 -0.146905
 -0.045288	 -0.117634	 -0.063671	 -0.119956	 -0.061597	 -0.040581	 -0.135217
 -0.074682	 -0.102842	 -0.070259	 -0.083529	 -0.054154	 -0.005104	 -0.123181
 -0.049184	 -0.086276	 -0.110265	 -0.069972	 -0.033533	 -0.007860	 -0.114755
 -0.060555	 -0.114530	 -0.091070	 -0.078588	 -0.038474	  0.006457	 -0.101673
 -0.072022	 -0.102810	 -0.063195	 -0.105892	 -0.033090	 -0.018155	 -0.107121
 -0.096792	 -0.090172	 -0.059679	 -0.077543	 -0.063181	 -0.030888	 -0.099139
 -0.108987	 -0.064926	 -0.063671	 -0.085873	 -0.066000	 -0.051826	 -0.103700
 -0.089190	 -0.076963	 -0.060313	 -0.067787	 -0.070498	 -0.048626	 -0.065753
 -0.097520	 -0.085864	 -0.026642	 -0.066805	 -0.069453	 -0.079700	 -0.096257
 -0.123938	 -0.055170	 -0.030760	 -0.107856	 -0.076707	 -0.101334	 -0.116054
 -0.104489	 -0.013137	 -0.028194	 -0.084670	 -0.055928	 -0.090659	 -0.124162
 -0.123336	 -0.010888	 -0.045869	 -0.040799	  0.001753	 -0.065858	 -0.127045
 -0.085737	 -0.008639	 -0.042100	 -0.012197	  0.011984	 -0.060695	 -0.129231
 -0.060967	  0.011506	 -0.055372	  0.005478	 -0.011139	 -0.068930	 -0.130117
 -0.070026	  0.012045	 -0.050082	  0.003768	 -0.019818	 -0.091325	 -0.126063
 -0.045193	  0.010081	 -0.034213	  0.008107	 -0.000116	 -0.072478	 -0.125525
 -0.062614	  0.036846	 -0.023506	  0.015899	 -0.012501	 -0.063039	 -0.115832
 -0.075823	  0.016289	 -0.042385	 -0.019228	  0.063362	 -0.066079	 -0.046875
 -0.099896	 -0.001132	 -0.048530	 -0.011721	  0.083507	 -0.022843	 -0.058563
 -0.097710	  0.001908	 -0.069499	  0.002279	  0.083507	 -0.002919	 -0.039019
 -0.073415	  0.001117	 -0.078495	 -0.002060	  0.063900	 -0.029843	 -0.083270
 -0.035215	 -0.040093	 -0.099939	  0.009754	  0.074353	  0.006140	 -0.085455
 -0.029228	 -0.054094	 -0.085495	  0.000759	  0.039352	  0.047540	 -0.029073
 -0.013993	 -0.052668	 -0.119134	  0.008677	  0.009957	  0.064391	 -0.004461
 -0.036355	 -0.061094	 -0.183498	  0.000315	  0.009482	  0.062807	 -0.028598
 -0.030369	 -0.066637	 -0.167027	 -0.026229	  0.020505	  0.046558	 -0.033951
 -0.052541	 -0.064103	 -0.137189	 -0.039849	  0.033619	  0.018050	  0.009761
 -0.087289	 -0.061220	 -0.142289	 -0.043302	  0.043723	  0.040920	  0.028418
 -0.040600	 -0.026093	 -0.126198	 -0.043967	  0.067575	  0.028535	  0.032092
 -0.030115	 -0.020169	 -0.136460	 -0.048306	  0.083919	  0.011240	  0.054613
 -0.027771	 -0.007151	 -0.138076	 -0.030252	  0.047809	  0.029042	  0.067441
 -0.046016	 -0.024065	 -0.141497	 -0.012133	  0.052719	  0.039748	  0.068392
 -0.083552	 -0.010192	 -0.091703	 -0.036713	  0.018668	  0.055744	  0.072066
 -0.066795	  0.002542	 -0.069055	 -0.028098	  0.002165	  0.064993	  0.102854
 -0.029102	 -0.037021	 -0.058001	 -0.020242	  0.037293	  0.009276	  0.088094
  0.012488	 -0.050831	 -0.092052	 -0.033166	  0.027093	  0.010385	  0.084134
  0.016416	 -0.045224	 -0.075042	 -0.051696	  0.016831	  0.025145	  0.099402
 -0.017572	 -0.003825	 -0.058602	 -0.041116	  0.001912	  0.038766	  0.093890
 -0.011617	 -0.003255	 -0.021289	 -0.049732	  0.008848	  0.038101	  0.081157
 -0.005092	  0.019552	  0.002436	 -0.059519	  0.028012	  0.035028	  0.069025
 -0.043166	  0.025982	  0.008296	 -0.045899	  0.046225	  0.062111	  0.042450
 -0.034626	  0.061553	  0.032771	 -0.019523	  0.036143	 -0.041895	  0.042149
 -0.060220	  0.029593	  0.041704	 -0.015469	  0.048021	 -0.024157	 -0.001183
 -0.054993	 -0.011490	 -0.010402	  0.002840	  0.002441	 -0.016555	 -0.015690
 -0.055342	 -0.043451	 -0.038213	  0.002586	 -0.010483	 -0.010030	 -0.021202
 -0.027911	 -0.024065	 -0.067228	 -0.000676	  0.023410	 -0.026596	  0.012469
 -0.021322	 -0.029704	 -0.048096	 -0.015437	  0.019672	 -0.018741	  0.002301
 -0.044572	 -0.017477	 -0.047937	 -0.016482	 -0.002469	 -0.010252	  0.008890
 -0.039947	  0.028674	 -0.042458	 -0.006948	  0.001965	  0.003717	  0.007148
 -0.046694	  0.037353	 -0.035172	  0.008003	  0.023821	  0.001690	 -0.020473
 -0.014797	  0.035611	 -0.035331	 -0.014867	  0.008364	  0.007550	 -0.006948
 -0.008747	  0.002764	 -0.020158	 -0.042076	 -0.007094	  0.033492	  0.106703
  0.033539	 -0.014499	 -0.001248	 -0.037705	 -0.054005	  0.043691	  0.064765
  0.063948	 -0.017002	  0.000748	 -0.037990	 -0.052928	  0.016957	 -0.025763
  0.057011	 -0.053650	  0.029572	 -0.018826	 -0.028284	  0.034791	  0.050416
  0.033223	 -0.029355	  0.019024	  0.029162	 -0.026321	  0.064249	  0.107495
  0.009498	 -0.012314	  0.030807	  0.025424	 -0.007157	  0.035171	 -0.082018
  0.033159	 -0.003445	  0.046772	  0.045601	  0.018025	 -0.024411	 -0.120346
  0.064328	  0.012298	  0.052188	  0.044619	  0.027622	 -0.012311	  0.006039
  0.055775	  0.022529	  0.049401	  0.044714	  0.002947	 -0.023809	 -0.016546
  0.058690	  0.026077	  0.043256	  0.023049	 -0.023692	 -0.032551	 -0.098205
  0.075953	  0.016321	  0.063306	  0.032900	 -0.028475	 -0.010157	 -0.040999
  0.028186	 -0.001449	  0.078194	  0.027863	 -0.016375	  0.025668	  0.062801
 -0.021196	  0.028231	  0.066981	  0.032488	  0.009599	 -0.034832	 -0.033238
 -0.036748	  0.017239	  0.040500	  0.010093	  0.032279	 -0.059697	 -0.106408
 -0.064464	  0.016891	  0.004707	  0.035909	  0.072031	 -0.044714	 -0.003115
 -0.070799	  0.040141	  0.030332	  0.072874	  0.065886	 -0.049751	 -0.021835
 -0.078021	  0.045272	  0.010820	  0.065240	  0.035446	 -0.092386	 -0.129912
 -0.052206	  0.004728	 -0.016199	  0.061692	  0.055180	 -0.079874	 -0.103716
 -0.027626	  0.054901	 -0.044105	  0.046393	  0.038994	 -0.046013	 -0.019365
 -0.027087	  0.087178	 -0.020665	  0.032710	  0.043333	 -0.081078	 -0.094847
 -0.046948	  0.084993	 -0.021013	  0.054597	  0.055782	 -0.124124	 -0.127314
 -0.028766	  0.074223	 -0.026050	  0.056688	  0.056352	 -0.069896	 -0.018256
 -0.001874	  0.076852	  0.006037	  0.072684	  0.064588	 -0.027863	  0.016112
 -0.021512	  0.067888	  0.022192	  0.053774	  0.063257	 -0.052348	 -0.125952
 -0.031490	  0.085753	  0.024282	  0.028623	  0.070099	 -0.016207	 -0.120852
 -0.054708	  0.088857	  0.018137	  0.020198	  0.071619	  0.040524	 -0.032732
 -0.037857	  0.077612	 -0.006316	  0.020293	  0.075357	  0.023989	 -0.076032
 -0.051319	  0.099975	  0.028558	  0.019279	  0.106399	 -0.007876	 -0.124337
 -0.027657	  0.124555	  0.028780	  0.062516	  0.118404	  0.019967	 -0.060733
  0.020426	  0.092753	  0.040627	  0.030904	  0.109440	  0.024623	  0.005944
  0.022168	  0.107989	  0.055324	  0.036099	  0.093412	 -0.043384	 -0.088860
  0.017923	  0.112360	  0.070053	  0.082250	  0.070479	 -0.051240	 -0.085154
  0.025431	  0.093418	  0.080886	  0.089250	  0.067945	 -0.013736	  0.027546
  0.005950	  0.085911	  0.069388	  0.097486	  0.077289	 -0.026311	 -0.028994
 -0.009001	  0.037290	  0.101317	  0.122762	  0.062845	 -0.040723	 -0.119142
  0.009339	  0.049263	  0.113448	  0.100241	  0.040229	  0.018826	 -0.025953
  0.016086	  0.003714	  0.071732	  0.083992	  0.037030	  0.041696	  0.075566
  0.022358	 -0.038097	  0.086017	  0.068154	  0.049225	  0.019935	 -0.029723
  0.019000	 -0.042184	  0.117883	  0.028307	  0.029365	 -0.040153	 -0.084679
  0.020426	 -0.027613	  0.099511	 -0.006314	  0.032500	 -0.043796	 -0.001753
  0.016118	  0.007293	  0.133499	 -0.006378	 -0.015836	 -0.045475	  0.005247
  0.025969	  0.031968	  0.068343	 -0.028836	 -0.018465	 -0.032329	 -0.106535
 -0.005200	  0.004854	  0.037301	  0.011012	 -0.011782	  0.003337	 -0.076824
 -0.022589	  0.005995	  0.041735	  0.019406	 -0.011655	  0.030293	  0.022954
 -0.007955	  0.044322	  0.035654	  0.039868	 -0.041588	 -0.037302	 -0.038433
 -0.020562	  0.059653	  0.002046	  0.065842	 -0.030185	 -0.043606	 -0.096811
 -0.019042	  0.036181	 -0.005968	  0.082186	  0.010581	 -0.035782	  0.017062
 -0.029273	  0.036244	  0.011327	  0.092829	 -0.004085	 -0.034293	  0.039868
 -0.060663	  0.080907	 -0.004162	  0.060806	 -0.009121	 -0.090897	 -0.107929
 -0.086098	  0.080907	  0.005119	  0.023334	 -0.034968	 -0.101508	 -0.096019
 -0.107669	  0.112455	 -0.006728	  0.026279	 -0.013714	 -0.030556	  0.026976
 -0.129240	  0.119265	 -0.000900	  0.022637	 -0.006048	 -0.049307	 -0.065199
 -0.124425	  0.131460	  0.007874	  0.018234	 -0.012415	 -0.050764	 -0.150057
 -0.084895	  0.098296	  0.034989	  0.023397	  0.026134	  0.000676	 -0.051674
 -0.064496	  0.080241	  0.045441	 -0.006916	  0.030537	  0.034410	  0.031664
 -0.042228	  0.072481	  0.062166	 -0.029216	  0.002599	 -0.054629	 -0.090634
 -0.020087	  0.099722	  0.004644	 -0.040651	  0.022269	 -0.061534	 -0.075462
  0.016340	  0.084961	 -0.006633	 -0.084362	  0.032025	 -0.016048	  0.059760
  0.016150	  0.050973	 -0.027539	 -0.118857	 -0.024420	 -0.046552	  0.020419
  0.007946	  0.058544	 -0.004130	 -0.133681	 -0.046434	 -0.085544	 -0.103843
  0.015358	  0.058132	  0.037839	 -0.074068	 -0.031610	 -0.074268	 -0.027949
  0.006457	  0.058702	  0.048641	 -0.048854	 -0.031262	 -0.035022	  0.068027
  0.006140	  0.069820	  0.068153	 -0.062063	 -0.019732	 -0.065430	 -0.055475
 -0.002190	  0.045177	  0.080823	 -0.097128	 -0.000220	 -0.116776	 -0.078471
 -0.001715	  0.091581	  0.079429	 -0.084901	  0.035573	 -0.099164	  0.047407
  0.018399	  0.111030	  0.084244	 -0.067353	  0.084321	 -0.088838	  0.033755
 -0.004439	  0.106215	  0.071003	 -0.010686	  0.097086	 -0.104106	 -0.102037
  0.025177	  0.089776	  0.032233	  0.013071	  0.074534	 -0.087635	 -0.089209
  0.009498	  0.088667	  0.090800	 -0.004541	  0.082009	 -0.052950	 -0.021139
 -0.029146	  0.121103	  0.122286	 -0.005491	  0.096390	 -0.063403	 -0.101879
 -0.076057	  0.137732	  0.132865	  0.005627	  0.084195	 -0.105911	 -0.176348
 -0.041246	  0.130859	  0.125295	  0.020610	  0.073045	 -0.073792	 -0.055221
 -0.044857	  0.116351	  0.089502	  0.011645	  0.131422	 -0.071290	 -0.036754
 -0.059903	  0.101591	  0.082787	 -0.004889	  0.105702	 -0.129414	 -0.126966
 -0.056450	  0.113501	  0.100335	  0.006641	  0.083719	 -0.103472	 -0.116925
 -0.055056	  0.125284	  0.071732	 -0.004382	  0.091543	 -0.071480	 -0.000391
 -0.052364	  0.153506	  0.043192	 -0.004066	  0.099240	 -0.118518	 -0.071312
 -0.048975	  0.162217	  0.056718	  0.004265	  0.042858	 -0.151144	 -0.172040
 -0.020815	  0.183471	  0.078415	 -0.002862	  0.060438	 -0.156180	 -0.086231
 -0.039472	  0.183471	  0.082533	 -0.030071	  0.044759	 -0.093906	 -0.037230
 -0.039282	  0.188349	  0.060392	  0.004740	 -0.020777	 -0.111898	 -0.145591
 -0.054708	  0.188761	  0.052695	  0.019057	 -0.014791	 -0.102237	 -0.156329
 -0.077609	  0.164023	  0.064985	  0.020356	 -0.006999	 -0.050448	 -0.052370
 -0.077419	  0.153285	  0.059537	 -0.017939	 -0.010325	 -0.041959	 -0.055253
 -0.058794	  0.108654	  0.030079	 -0.026587	  0.005830	 -0.048452	 -0.155220
 -0.066460	  0.076504	  0.011771	  0.004550	  0.005133	 -0.034705	 -0.097634
 -0.050242	  0.059684	  0.014083	  0.003948	  0.002441	 -0.007338	 -0.038180
 -0.020372	  0.059969	  0.039518	  0.002713	 -0.005795	 -0.090960	 -0.106345
 -0.016729	  0.062472	  0.029540	 -0.001753	 -0.053403	 -0.105975	 -0.159180
 -0.039282	  0.099247	  0.007146	 -0.001912	 -0.007949	 -0.086684	 -0.041949
 -0.039884	  0.098993	 -0.002452	 -0.019238	 -0.003609	 -0.107653	 -0.023007
 -0.034341	  0.080146	 -0.005904	 -0.005839	 -0.020112	 -0.150035	 -0.171470
 -0.039441	  0.089079	 -0.025575	 -0.034062	 -0.019764	 -0.129858	 -0.142360
 -0.041214	  0.102921	 -0.055381	 -0.033143	  0.005165	 -0.065050	 -0.028804
 -0.047233	  0.078088	 -0.053702	 -0.084806	 -0.001012	 -0.110314	 -0.083951
 -0.047613	  0.081604	 -0.045340	 -0.101435	 -0.007696	 -0.129193	 -0.173212
 -0.044604	  0.053603	 -0.076128	 -0.079706	 -0.029710	 -0.091911	 -0.072136
 -0.049006	  0.037702	 -0.124402	 -0.069602	 -0.037597	 -0.127704	 -0.014962
 -0.056894	  0.028072	 -0.118320	 -0.056520	 -0.030438	 -0.160804	 -0.125699
 -0.085433	  0.031557	 -0.108627	 -0.060891	 -0.025180	 -0.153329	 -0.097919
 -0.101334	  0.042991	 -0.111922	 -0.046891	  0.013907	 -0.109269	  0.049719
 -0.078211	  0.010524	 -0.116071	 -0.056552	  0.036048	 -0.131600	 -0.030166
 -0.113751	  0.031018	 -0.084364	 -0.052719	 -0.030597	 -0.144080	 -0.107644
 -0.119231	  0.016828	 -0.035331	 -0.066846	 -0.059738	 -0.124219	 -0.008088
 -0.089012	  0.024968	 -0.028077	 -0.044927	 -0.085522	 -0.142496	  0.007781
 -0.086447	  0.056707	 -0.002927	 -0.068145	 -0.084857	 -0.160709	 -0.081068
 -0.095823	  0.076662	 -0.006284	 -0.040112	 -0.086219	 -0.141039	 -0.103494
 -0.066681	  0.088414	  0.000779	 -0.035297	 -0.083400	 -0.108604	 -0.010306
 -0.063640	  0.103745	  0.023839	 -0.061620	 -0.074499	 -0.136288	 -0.005903
 -0.077324	  0.153443	  0.049052	 -0.087403	 -0.071680	 -0.107368	 -0.019618
 -0.067441	  0.146696	  0.063813	 -0.106155	 -0.095436	 -0.121084	 -0.017718
 -0.027752	  0.142357	  0.109616	 -0.099662	 -0.067213	 -0.115382	 -0.041918
 -0.011186	  0.118537	  0.124408	 -0.104413	 -0.042127	 -0.109490	 -0.065516
 -0.027752	  0.077296	  0.130078	 -0.111888	 -0.022044	 -0.102173	 -0.089811
 -0.015082	  0.045399	  0.106892	 -0.117083	 -0.039181	 -0.115160	 -0.050755
 -0.036241	  0.055661	  0.108475	 -0.078629	 -0.023153	 -0.110948	 -0.019808
 -0.019929	  0.035389	  0.089787	 -0.103494	 -0.026732	 -0.111138	 -0.006790
 -0.036780	  0.034344	  0.054976	 -0.123260	 -0.044597	 -0.143668	  0.002523
 -0.045142	  0.032665	 -0.004384	 -0.118889	 -0.027271	 -0.175660	 -0.020727
 -0.060061	  0.039349	 -0.033810	 -0.098870	 -0.030438	 -0.168185	 -0.017433
 -0.077958	  0.074287	 -0.015280	 -0.088290	  0.016124	 -0.182565	 -0.008975
 -0.089266	  0.075649	  0.016110	 -0.096621	  0.024106	 -0.169040	 -0.008817
 -0.099719	  0.063549	  0.023490	 -0.041062	  0.004468	 -0.148673	  0.031569
 -0.110995	  0.019995	 -0.003307	 -0.007011	  0.022871	 -0.136763	  0.025678
 -0.107321	  0.063168	 -0.020982	 -0.025320	  0.013020	 -0.102585	 -0.006821
 -0.109221	  0.079830	 -0.035679	  0.012596	  0.001870	 -0.057004	  0.012627
 -0.100067	  0.070802	 -0.049236	  0.029732	 -0.002976	 -0.069611	 -0.007613
 -0.056007	  0.053127	 -0.051517	  0.028117	  0.012798	 -0.070245	  0.020261
 -0.049830	  0.043973	 -0.037168	  0.020103	  0.005101	 -0.072399	  0.042814
 -0.050305	  0.057214	 -0.044707	 -0.032763	 -0.020904	 -0.086431	  0.045316
 -0.085718	  0.061363	 -0.052404	 -0.072864	 -0.063697	 -0.076548	  0.050353
 -0.090343	  0.050752	 -0.046259	 -0.051040	 -0.059770	 -0.097707	  0.056688
 -0.105547	  0.049136	 -0.046702	 -0.057882	 -0.034303	 -0.100811	  0.011677
 -0.106465	  0.094812	 -0.051295	 -0.024179	 -0.021728	 -0.123998	 -0.006821
 -0.094175	  0.127121	 -0.048729	 -0.015595	 -0.008234	 -0.109997	  0.009206
 -0.116285	  0.117428	 -0.046290	 -0.028899	  0.006052	 -0.120418	  0.018487
 -0.122240	  0.123003	 -0.051453	 -0.028582	 -0.010293	 -0.119278	  0.034483
 -0.137602	  0.153792	 -0.048856	 -0.013410	 -0.009279	 -0.125550	  0.050923
 -0.147137	  0.144891	 -0.074640	 -0.065896	 -0.002469	 -0.132360	  0.048832
 -0.183215	  0.166430	 -0.058675	 -0.060828	 -0.014696	 -0.138030	  0.040217
 -0.192717	  0.150117	 -0.028235	 -0.079643	 -0.032086	 -0.111676	  0.041800
 -0.163038	  0.206056	 -0.036154	 -0.092661	 -0.061417	 -0.066190	  0.027800
 -0.145521	  0.208210	 -0.017592	 -0.087245	 -0.054258	 -0.064195	  0.031126
 -0.170228	  0.205897	 -0.029312	 -0.073466	 -0.039339	 -0.024252	  0.026881
 -0.137571	  0.196680	 -0.024878	 -0.073276	 -0.029488	 -0.020483	  0.011931
 -0.137254	  0.194874	  0.010789	 -0.021075	 -0.022710	  0.008120	  0.027483
 -0.131869	  0.169693	  0.014970	 -0.028075	 -0.018402	  0.004477	  0.022447
 -0.119769	  0.136687	  0.028432	 -0.018256	 -0.041525	  0.005966	  0.007781
 -0.129272	  0.097346	 -0.008122	  0.004740	 -0.004338	  0.002513	  0.005627
 -0.121733	  0.068046	 -0.018923	  0.023302	  0.040451	 -0.008098	  0.028022
 -0.079605	  0.056042	 -0.001596	  0.015985	  0.037980	 -0.012564	  0.015953
 -0.080175	  0.054901	 -0.013348	  0.038221	  0.035034	 -0.051841	 -0.004414
 -0.071496	  0.064277	 -0.015217	  0.003220	  0.021097	 -0.055769	 -0.016165
 -0.056514	  0.055788	  0.011834	 -0.025826	  0.032595	 -0.075281	 -0.032542
 -0.065034	  0.025380	  0.003693	 -0.033429	 -0.002627	 -0.089725	 -0.022152
 -0.065699	  0.030416	 -0.039575	 -0.045624	 -0.027968	 -0.090580	 -0.035868
 -0.071433	  0.071436	 -0.024086	 -0.056615	 -0.013999	 -0.098879	 -0.024686
 -0.054803	  0.050055	 -0.035837	 -0.049108	 -0.046846	 -0.103092	  0.002333
 -0.078433	  0.062250	 -0.043598	 -0.011097	 -0.057743	 -0.148926	  0.037492
 -0.044572	  0.063897	 -0.059594	 -0.006980	 -0.007030	 -0.163560	  0.023904
 -0.051160	  0.058607	 -0.058960	 -0.028519	 -0.017990	 -0.170909	  0.030587
 -0.072795	  0.056390	 -0.111573	 -0.024971	 -0.040416	 -0.165239	  0.018392
 -0.056387	  0.030860	 -0.106378	 -0.035963	 -0.047828	 -0.168090	  0.010442
 -0.009571	  0.022212	 -0.102007	 -0.059339	 -0.044312	 -0.160234	  0.003283
 -0.005611	  0.014325	 -0.120220	 -0.044135	 -0.046308	 -0.128527	 -0.030039
 -0.062342	 -0.005694	 -0.120220	 -0.054144	 -0.018750	 -0.112880	 -0.042678
 -0.063926	 -0.024889	 -0.097668	 -0.042741	 -0.023755	 -0.157700	 -0.014803
 -0.056450	 -0.040441	 -0.089210	 -0.023071	 -0.030027	 -0.172398	  0.052982
 -0.049513	 -0.012789	 -0.060196	 -0.018224	 -0.010103	 -0.124600	  0.084150
 -0.036621	 -0.028690	 -0.061209	 -0.002355	 -0.007759	 -0.130840	  0.089852
 -0.061423	 -0.028785	 -0.040399	 -0.009292	 -0.037755	 -0.092354	  0.080444
 -0.053631	  0.011854	 -0.038371	 -0.028931	 -0.038801	 -0.042466	  0.084594
 -0.051984	  0.005488	 -0.033082	 -0.020442	 -0.036393	 -0.028117	  0.068059
 -0.073998	 -0.012409	 -0.058802	 -0.041569	 -0.038769	 -0.011044	  0.034135
 -0.083406	  0.001497	 -0.073658	 -0.054524	 -0.014917	 -0.007464	  0.055136
 -0.083786	  0.009859	 -0.048539	 -0.031591	 -0.026447	 -0.050606	  0.022573
 -0.059269	 -0.009938	 -0.013665	 -0.014613	 -0.039814	 -0.057163	 -0.001246
 -0.050907	 -0.018237	 -0.011669	  0.005120	 -0.020936	 -0.078227	 -0.003939
 -0.062373	  0.040901	  0.002015	  0.009428	 -0.029647	 -0.064923	  0.015637
 -0.058034	  0.032000	 -0.013633	 -0.013600	 -0.026447	 -0.028433	  0.007433
 -0.055817	  0.036118	 -0.036186	  0.007464	 -0.032782	 -0.034800	  0.026469
 -0.051921	  0.034787	 -0.014330	 -0.010527	 -0.018338	 -0.037429	  0.041325
 -0.044287	  0.037543	 -0.006664	  0.013007	  0.025975	 -0.031601	  0.016523
 -0.049101	  0.077802	  0.010915	  0.030461	  0.010518	 -0.026850	  0.023650
 -0.046472	  0.119107	 -0.009610	  0.026026	  0.006875	 -0.040058	 -0.003527
 -0.038332	  0.117365	  0.002933	  0.040597	  0.011500	 -0.080856	  0.011899
 -0.018693	  0.117492	  0.009458	  0.094698	 -0.008614	 -0.112468	 -0.017876
 -0.007702	  0.136655	 -0.008090	  0.118391	  0.000445	 -0.072779	  0.003695
 -0.006371	  0.124619	  0.001349	  0.127324	  0.012038	 -0.033311	  0.007559
 -0.026359	  0.155185	 -0.006601	  0.120704	  0.027781	 -0.057195	  0.020895
 -0.030920	  0.150782	 -0.023072	  0.117314	  0.028446	 -0.069580	  0.053710
 -0.016824	  0.117302	 -0.019461	  0.103979	  0.040736	 -0.064005	  0.082566
 -0.029051	  0.098265	 -0.035774	  0.067362	 -0.007157	 -0.055262	  0.060552
 -0.036463	  0.074762	 -0.025575	  0.067616	 -0.018972	 -0.030302	  0.009808
 -0.039726	  0.056390	 -0.012968	  0.093970	 -0.012669	  0.001341	  0.037746
 -0.079541	  0.056390	 -0.010656	  0.097200	 -0.023913	  0.004446	  0.005310
 -0.117615	  0.058386	 -0.017783	  0.065905	  0.037759	 -0.024981	 -0.005206
 -0.089519	  0.046729	 -0.040050	  0.049624	  0.015966	 -0.040913	 -0.002640
 -0.056640	  0.026615	 -0.060924	  0.039076	  0.021667	 -0.061249	 -0.005491
 -0.061487	 -0.028785	 -0.078124	  0.043701	  0.050524	 -0.068408	 -0.006188
 -0.066618	 -0.054442	 -0.091808	  0.010125	  0.029143	 -0.064512	 -0.005871
 -0.088664	 -0.072940	 -0.105080	 -0.016957	  0.007382	 -0.047058	  0.016270
 -0.120213	 -0.058781	 -0.073689	 -0.010559	 -0.034018	 -0.027135	 -0.010496
