:RUN-2	LEVEL SWEEP	TEMP:NaN	8/27/2019	4:30 PM	HR:-636.36:SW EAR: R	SW FREQ: 8.00	# AVERAGES: 512	REP RATE (/sec): 80	DRIVER: 	SAMPLE (µsec): 40	MASKER dB: 2147483647:NOTES-:CHAMBER-SEWELL-PXI1:CFTS Version: V2.7.2 (R850):LEVELS:20;30;40;50;60;70;80;:DATA  0.021069	  0.045899	  0.029821	 -0.022664	 -0.144737	 -0.030487	  0.020739
 -0.031259	  0.043080	  0.006634	 -0.064222	 -0.152149	 -0.028714	  0.044147
 -0.019602	  0.048908	 -0.000619	 -0.087693	 -0.111161	 -0.016424	  0.045953
 -0.007597	  0.063226	 -0.022063	 -0.051013	 -0.100360	  0.007048	  0.015956
 -0.007281	  0.058949	 -0.040213	  0.005496	 -0.053100	  0.010342	 -0.028547
 -0.017512	  0.059298	 -0.076608	  0.008283	 -0.020222	  0.038533	 -0.035484
 -0.015294	  0.059108	 -0.066662	  0.036411	  0.048134	  0.040687	 -0.015180
 -0.009941	  0.072918	 -0.050571	  0.038470	  0.056084	  0.045058	 -0.033647
 -0.040603	  0.028984	 -0.080441	  0.060991	  0.029192	  0.009867	 -0.024493
 -0.040888	 -0.005257	 -0.040023	  0.066027	  0.011929	 -0.007460	 -0.034882
 -0.018145	 -0.011307	 -0.035082	  0.080439	  0.024156	 -0.037298	 -0.034091
 -0.044847	 -0.018275	 -0.019308	  0.070683	  0.047944	 -0.023772	 -0.030891
 -0.030023	 -0.051471	 -0.015760	  0.063366	  0.051935	 -0.049524	 -0.012678
 -0.001167	 -0.016185	 -0.022349	  0.026781	  0.063876	 -0.027637	 -0.006153
  0.031078	 -0.028253	 -0.001601	  0.006509	  0.055261	 -0.000586	  0.021690
  0.039726	 -0.036647	  0.035459	  0.000016	  0.044871	 -0.003088	 -0.003080
  0.045332	 -0.060530	  0.074610	 -0.014555	  0.037903	  0.021523	  0.006802
  0.059459	 -0.086757	  0.087628	 -0.060009	  0.027798	  0.010690	 -0.004347
  0.028956	 -0.088563	  0.118448	 -0.075181	  0.029857	  0.011767	  0.044591
  0.058541	 -0.077128	  0.118702	 -0.088137	  0.052790	  0.029474	  0.063596
  0.031110	 -0.107790	  0.118923	 -0.095770	  0.020291	  0.026560	  0.134929
  0.048215	 -0.119034	  0.102484	 -0.079489	  0.014843	  0.092698	  0.154726
  0.073872	 -0.115011	  0.083447	 -0.046705	  0.018296	  0.075435	  0.198913
  0.089392	 -0.093251	  0.091683	 -0.053515	  0.007146	  0.058330	  0.210791
  0.112610	 -0.057838	  0.089624	 -0.088453	 -0.000108	  0.062036	  0.212692
  0.093225	 -0.017071	  0.087311	 -0.056081	  0.026246	  0.042492	  0.209429
  0.100986	 -0.009058	  0.074483	 -0.043094	  0.089755	  0.029759	  0.209809
  0.073301	  0.001680	  0.067514	 -0.046800	  0.065365	  0.006858	  0.178071
  0.062152	  0.007604	  0.076605	 -0.033750	  0.050098	  0.025388	  0.170310
  0.057464	  0.029206	  0.048541	 -0.018863	  0.010630	  0.024881	  0.195555
  0.059111	  0.047008	  0.003277	 -0.027130	  0.024567	  0.023392	  0.219660
  0.060473	  0.080425	 -0.027923	 -0.037044	  0.015888	  0.053705	  0.274459
  0.046187	  0.071366	 -0.019244	 -0.047719	  0.019531	  0.081738	  0.308351
  0.045744	  0.057366	 -0.008380	 -0.031945	  0.047880	  0.075720	  0.328909
  0.031237	  0.023885	  0.002992	  0.013034	  0.024694	  0.119147	  0.363055
  0.013467	  0.040894	  0.019083	  0.018071	  0.006322	  0.175941	  0.401793
  0.049197	  0.064429	  0.062985	  0.037868	  0.017440	  0.262826	  0.457574
  0.053948	  0.057841	  0.048224	  0.052914	  0.056971	  0.318955	  0.482217
  0.055785	  0.018088	  0.059120	  0.028492	  0.122222	  0.310181	  0.455768
  0.039187	  0.019672	  0.070555	  0.062258	  0.168215	  0.319050	  0.439835
  0.037952	  0.012545	  0.063111	  0.075530	  0.200809	  0.286297	  0.361376
  0.029526	  0.029681	  0.060482	  0.070588	  0.249272	  0.232196	  0.278640
  0.048436	  0.029745	  0.069130	  0.069068	  0.254340	  0.174674	  0.172179
  0.072605	  0.039216	  0.053165	  0.100585	  0.220384	  0.094820	  0.080701
  0.086383	  0.049320	  0.073343	  0.089087	  0.181202	  0.034257	 -0.040616
  0.080143	  0.033577	  0.090511	  0.066186	  0.099575	 -0.041891	 -0.170358
  0.070356	  0.038107	  0.075750	  0.059946	  0.064066	 -0.131437	 -0.296077
  0.006973	  0.038994	  0.081927	  0.024501	  0.002426	 -0.247875	 -0.358161
  0.002285	  0.044125	  0.065329	 -0.010659	 -0.057123	 -0.279139	 -0.371053
 -0.003226	  0.084005	  0.073976	 -0.017501	 -0.096211	 -0.301913	 -0.367252
  0.000100	  0.083751	  0.057790	 -0.049873	 -0.138909	 -0.362825	 -0.355247
  0.014259	  0.059900	  0.060894	 -0.100902	 -0.192789	 -0.390889	 -0.305421
  0.007639	  0.065443	  0.055541	 -0.137898	 -0.230261	 -0.400899	 -0.270768
  0.001493	  0.068199	  0.025671	 -0.173438	 -0.285059	 -0.380183	 -0.229971
 -0.032684	  0.066741	  0.058329	 -0.164981	 -0.259338	 -0.342268	 -0.188191
 -0.031069	  0.054483	  0.046419	 -0.157664	 -0.239826	 -0.273627	 -0.147235
 -0.012570	  0.037283	  0.032386	 -0.157727	 -0.234948	 -0.234793	 -0.066748
 -0.004525	  0.045076	  0.063650	 -0.160356	 -0.199852	 -0.181357	  0.009970
  0.007417	  0.050809	  0.059247	 -0.157220	 -0.166878	 -0.163714	  0.126028
 -0.032399	  0.030030	  0.079994	 -0.135998	 -0.130547	 -0.087661	  0.231824
 -0.057106	  0.029396	  0.084366	 -0.130613	 -0.090097	  0.007840	  0.310790
 -0.056662	  0.006558	  0.078632	 -0.128934	 -0.021584	  0.112685	  0.401413
 -0.048870	 -0.017071	  0.055636	 -0.119844	  0.016902	  0.156714	  0.434387
 -0.048649	 -0.020967	  0.034572	 -0.080249	  0.093430	  0.190131	  0.458175
 -0.001769	 -0.016406	  0.054084	 -0.085476	  0.148545	  0.187439	  0.466506
  0.015272	  0.028921	  0.069573	 -0.052312	  0.173220	  0.191303	  0.468850
 -0.008453	  0.023790	  0.102230	 -0.039388	  0.224565	  0.175085	  0.394825
 -0.002751	  0.017645	  0.084841	  0.009645	  0.215918	  0.189909	  0.305532
  0.004946	  0.007604	  0.068718	  0.044963	  0.213827	  0.165804	  0.219724
  0.027277	  0.033292	  0.101882	  0.095929	  0.208601	  0.086299	  0.157925
  0.044952	  0.038645	  0.119399	  0.128491	  0.174677	  0.025293	  0.107815
  0.051762	  0.044315	  0.071094	  0.144677	  0.137395	 -0.029220	  0.075189
  0.101239	  0.060755	  0.070524	  0.152849	  0.070275	 -0.109454	  0.054854
  0.109443	  0.064841	  0.110086	  0.125735	  0.010218	 -0.116138	  0.058465
  0.068772	  0.077448	  0.129345	  0.149080	 -0.023611	 -0.133464	  0.075443
  0.069184	  0.066932	  0.130548	  0.111861	 -0.023833	 -0.092920	  0.102493
  0.072826	  0.078461	  0.139671	  0.102834	 -0.054241	 -0.042461	  0.149500
  0.073111	  0.052836	  0.113824	  0.083924	 -0.043566	 -0.015727	  0.153617
  0.068423	  0.008079	  0.091429	  0.078159	  0.002078	  0.062638	  0.194288
  0.061392	  0.035446	  0.089022	  0.027510	  0.027418	  0.101123	  0.211393
  0.032409	  0.095978	  0.043314	  0.018578	  0.069325	  0.133464	  0.185863
  0.017046	  0.096865	  0.046070	  0.048574	  0.094728	  0.155288	  0.159826
 -0.009023	  0.083688	  0.047242	  0.058615	  0.101792	  0.116233	  0.094480
 -0.015136	  0.064556	  0.049586	  0.076955	  0.116046	  0.106096	  0.043736
  0.014259	  0.073647	  0.086298	  0.110151	  0.087126	  0.095327	 -0.012868
  0.022051	  0.061452	  0.105081	  0.116074	  0.056559	  0.074231	 -0.057340
 -0.014756	  0.062149	  0.117435	  0.101630	  0.034830	  0.055289	 -0.129212
  0.004313	  0.090656	  0.135901	  0.088770	  0.020006	  0.002613	 -0.163389
 -0.009973	  0.061262	  0.107774	  0.065014	 -0.024593	 -0.090956	 -0.217649
  0.008082	  0.055687	  0.124530	  0.026433	 -0.075875	 -0.169510	 -0.251288
  0.017553	  0.062022	  0.157441	  0.012306	 -0.106695	 -0.199507	 -0.258764
  0.003679	  0.073140	  0.178188	  0.013003	 -0.162887	 -0.244233	 -0.244826
  0.000702	  0.088471	  0.168939	 -0.009835	 -0.170964	 -0.281863	 -0.229147
 -0.012064	  0.084131	  0.136313	 -0.034162	 -0.191807	 -0.311859	 -0.178245
  0.028291	  0.065411	  0.111575	 -0.067643	 -0.215436	 -0.311638	 -0.138049
  0.045459	  0.052393	  0.100932	 -0.111133	 -0.197033	 -0.253862	 -0.092658
  0.023603	  0.052107	  0.072551	 -0.142048	 -0.193517	 -0.195104	 -0.046412
  0.027055	  0.024043	  0.046767	 -0.133242	 -0.162444	 -0.187280	 -0.002352
  0.022241	  0.005925	  0.013001	 -0.138057	 -0.139257	 -0.161148	  0.013993
  0.050654	 -0.011180	  0.014522	 -0.124341	 -0.096084	 -0.107712	  0.040441
  0.010236	  0.009821	 -0.039168	 -0.149777	 -0.045752	 -0.068498	  0.088525
 -0.023847	  0.012988	 -0.032073	 -0.153926	 -0.017022	 -0.039958	  0.125996
 -0.054350	  0.023346	 -0.041449	 -0.133622	  0.009648	 -0.036094	  0.177089
 -0.077631	  0.025437	 -0.031788	 -0.089404	  0.039391	 -0.010817	  0.145889
 -0.094324	  0.040293	 -0.015317	 -0.076575	  0.072524	  0.013351	  0.144685
 -0.080862	  0.057524	  0.011544	 -0.055574	  0.096470	  0.055099	  0.173541
 -0.056852	  0.073077	  0.025038	  0.002740	  0.133689	  0.061022	  0.171451
 -0.053748	  0.089073	  0.004069	  0.052882	  0.128843	  0.073629	  0.209271
 -0.055807	  0.068072	 -0.038376	  0.070145	  0.126308	  0.066914	  0.230652
 -0.010511	  0.069022	 -0.040562	  0.099508	  0.087538	  0.085412	  0.225900
  0.013752	  0.029365	 -0.025801	  0.126115	  0.059505	  0.099920	  0.245919
  0.009887	  0.001839	 -0.001570	  0.152596	  0.052062	  0.092286	  0.233502
  0.011281	 -0.008646	  0.029757	  0.170904	  0.057225	  0.111386	  0.247440
 -0.007502	  0.019989	  0.045152	  0.169764	  0.072365	  0.106572	  0.216461
  0.007607	  0.056732	  0.052342	  0.184905	  0.084402	  0.118608	  0.172496
  0.004091	  0.073330	  0.052152	  0.141098	  0.085764	  0.105495	  0.138033
  0.011535	  0.073362	  0.072709	  0.141478	  0.060234	  0.113825	  0.108892
  0.026865	  0.053691	  0.093805	  0.142681	  0.046613	  0.137012	  0.088715
  0.028259	  0.043397	  0.072931	  0.133020	  0.020228	  0.134731	  0.084058
  0.005009	  0.056637	  0.079108	  0.082213	  0.036446	  0.119622	  0.055044
 -0.011810	  0.065094	  0.085062	  0.035492	  0.016712	  0.095739	  0.020169
 -0.032906	  0.035826	  0.091017	 -0.006319	  0.001920	  0.071634	 -0.044258
 -0.052069	  0.005133	  0.142712	 -0.063557	 -0.012619	  0.040497	 -0.105518
 -0.040540	  0.005291	  0.171314	 -0.046832	 -0.010117	  0.017311	 -0.162122
 -0.041522	 -0.030597	  0.120982	 -0.035999	 -0.007361	 -0.005464	 -0.151289
 -0.020774	  0.025057	  0.061971	 -0.033718	 -0.029692	 -0.026750	 -0.147013
 -0.000407	  0.051474	  0.046419	 -0.050728	 -0.067608	 -0.048796	 -0.182426
  0.003457	  0.066520	  0.065329	 -0.080534	 -0.110148	 -0.052565	 -0.208685
 -0.042345	  0.087172	  0.077872	 -0.099761	 -0.134918	 -0.096689	 -0.235197
 -0.051689	  0.117074	  0.097352	 -0.115884	 -0.191395	 -0.084811	 -0.240677
 -0.055934	  0.097340	  0.081230	 -0.099096	 -0.224686	 -0.089404	 -0.220310
 -0.034996	  0.109662	  0.078189	 -0.093205	 -0.224369	 -0.089435	 -0.223572
 -0.039526	  0.150998	  0.105810	 -0.081010	 -0.183381	 -0.109834	 -0.203395
 -0.061762	  0.143459	  0.100900	 -0.090702	 -0.177553	 -0.125640	 -0.198232
 -0.053558	  0.091702	  0.090827	 -0.109296	 -0.165041	 -0.102897	 -0.148628
 -0.040761	  0.045202	  0.069161	 -0.095580	 -0.168715	 -0.075973	 -0.110998
 -0.028123	  0.071619	  0.064093	 -0.090702	 -0.154271	 -0.056144	 -0.056675
 -0.049916	  0.102345	  0.012716	 -0.110088	 -0.161145	 -0.056525	 -0.025316
 -0.027363	  0.085873	 -0.027955	 -0.090227	 -0.126524	 -0.076543	 -0.053001
  0.022146	  0.055655	 -0.039960	 -0.107649	 -0.097288	 -0.093585	 -0.013090
  0.026264	  0.023441	 -0.065554	 -0.108092	 -0.059562	 -0.062511	 -0.013280
  0.024775	  0.002377	 -0.080346	 -0.087376	 -0.045023	 -0.005717	  0.016368
  0.042291	  0.005481	 -0.093840	 -0.079521	 -0.017814	  0.026718	  0.040695
  0.068297	 -0.024990	 -0.106351	 -0.094282	  0.001033	 -0.022885	  0.029323
  0.032187	 -0.037090	 -0.135239	 -0.064222	  0.007273	 -0.011419	  0.028817
  0.024236	 -0.024357	 -0.102139	 -0.035651	  0.024314	  0.015917	  0.046555
  0.014924	 -0.045959	 -0.065269	 -0.046547	 -0.002420	 -0.021460	  0.061347
  0.013277	 -0.065851	 -0.051110	 -0.054719	  0.019246	 -0.047687	  0.043451
  0.033042	 -0.063507	 -0.029919	 -0.058995	 -0.006379	 -0.055226	  0.000119
  0.028196	 -0.058439	 -0.031091	 -0.074294	 -0.046860	 -0.044551	 -0.018981
  0.060821	 -0.064901	 -0.004040	 -0.089499	 -0.062223	 -0.070272	 -0.050435
  0.043590	 -0.073168	  0.042649	 -0.042397	 -0.044770	 -0.097259	 -0.081509
  0.014100	 -0.054797	  0.045373	 -0.059344	 -0.036123	 -0.112590	 -0.140298
  0.017363	 -0.029805	  0.000426	 -0.083702	 -0.037580	 -0.133496	 -0.184643
  0.009982	 -0.032592	  0.021902	 -0.076733	 -0.042363	 -0.161338	 -0.197377
  0.006562	 -0.044756	  0.070460	 -0.064222	 -0.074070	 -0.184049	 -0.195540
  0.026327	 -0.007600	  0.084904	 -0.070050	 -0.121012	 -0.181800	 -0.213975
  0.018123	  0.017170	  0.076478	 -0.041415	 -0.116134	 -0.164727	 -0.234880
 -0.003163	  0.049890	  0.064220	 -0.046832	 -0.097098	 -0.158171	 -0.260822
  0.011535	  0.070986	  0.046925	 -0.047624	 -0.080943	 -0.136980	 -0.276597
  0.028513	  0.054198	  0.072772	 -0.043569	 -0.073689	 -0.158931	 -0.299213
  0.039124	  0.071366	  0.060514	 -0.083417	 -0.056490	 -0.134192	 -0.258320
  0.013213	  0.078746	  0.054274	 -0.096277	 -0.074861	 -0.152596	 -0.270610
  0.005421	  0.098607	  0.041002	 -0.077747	 -0.076350	 -0.135650	 -0.232631
 -0.005570	  0.095566	  0.030518	 -0.068530	 -0.095514	 -0.123550	 -0.185784
 -0.008991	  0.072855	  0.007426	 -0.013605	 -0.090731	 -0.113952	 -0.163326
  0.001969	  0.045297	  0.006413	 -0.031279	 -0.146606	 -0.130708	 -0.121736
  0.016951	  0.033862	  0.016992	 -0.087060	 -0.141221	 -0.101345	 -0.094907
  0.018250	  0.023030	  0.051677	 -0.087376	 -0.141031	 -0.074231	 -0.109700
  0.032187	  0.007794	  0.069352	 -0.092318	 -0.135995	 -0.055099	 -0.137257
 -0.001421	  0.005893	  0.034699	 -0.085983	 -0.128519	 -0.056556	 -0.115084
 -0.039494	 -0.035000	 -0.016964	 -0.092096	 -0.126365	 -0.015727	 -0.124555
 -0.050993	 -0.009438	  0.012273	 -0.051583	 -0.115057	 -0.019940	 -0.106374
 -0.026191	  0.014160	  0.025006	 -0.060326	 -0.119017	 -0.057950	 -0.105677
 -0.007692	  0.056447	  0.014110	 -0.055606	 -0.113537	 -0.064253	 -0.078689
 -0.011240	  0.034306	  0.005621	 -0.041004	 -0.107899	 -0.070050	 -0.079576
 -0.014344	  0.010201	 -0.028208	 -0.027352	 -0.064060	 -0.067041	 -0.080685
 -0.023372	  0.029270	 -0.042336	 -0.076448	 -0.043186	 -0.058995	 -0.070137
  0.025123	  0.019419	 -0.005561	 -0.083132	 -0.014868	 -0.074358	 -0.062250
  0.020815	  0.013083	  0.011069	 -0.076543	 -0.010275	 -0.106191	 -0.067255
  0.030255	 -0.009374	 -0.000778	 -0.102042	 -0.000361	 -0.136568	 -0.081223
  0.058097	 -0.014569	 -0.002932	 -0.123518	  0.010662	 -0.150664	 -0.094400
  0.051667	 -0.030945	 -0.013955	 -0.122916	 -0.020158	 -0.153609	 -0.087844
  0.030857	 -0.020366	 -0.005149	 -0.065647	 -0.032353	 -0.173216	 -0.057214
  0.006625	 -0.040511	  0.012653	 -0.037741	 -0.072993	 -0.167040	 -0.081952
  0.031933	 -0.008868	  0.038500	 -0.039452	 -0.086898	 -0.140242	 -0.103840
  0.022368	 -0.026669	  0.050030	 -0.027542	 -0.101374	 -0.146799	 -0.135008
  0.013245	 -0.024547	  0.046292	 -0.007903	 -0.102071	 -0.172266	 -0.168299
  0.007448	 -0.018814	  0.048319	  0.036284	 -0.108279	 -0.165013	 -0.160063
  0.045554	  0.005260	  0.042649	  0.042397	 -0.112428	 -0.184746	 -0.171910
  0.080048	 -0.003039	  0.067419	  0.005971	 -0.139099	 -0.150727	 -0.169027
  0.069215	  0.017296	  0.079329	  0.046484	 -0.173435	 -0.161845	 -0.184453
  0.059776	  0.027686	  0.025640	  0.030678	 -0.175241	 -0.152944	 -0.138841
  0.064939	  0.034528	  0.021965	  0.041162	 -0.191553	 -0.124785	 -0.161964
  0.068138	  0.022744	  0.040432	  0.061751	 -0.182526	 -0.113065	 -0.167475
  0.059111	  0.030093	  0.042396	  0.041447	 -0.182146	 -0.084019	 -0.145018
  0.062247	  0.074819	  0.031500	  0.023487	 -0.180023	 -0.114047	 -0.080717
  0.069374	  0.073710	  0.003910	  0.072331	 -0.126334	 -0.116549	 -0.040109
  0.037477	  0.079190	  0.008060	  0.089087	 -0.104003	 -0.119970	 -0.038113
  0.024521	  0.045741	  0.004766	  0.081010	 -0.094342	 -0.122979	 -0.035072
  0.040042	  0.025152	  0.018069	  0.076607	 -0.081038	 -0.123264	 -0.006343
  0.025028	  0.019767	  0.055763	  0.069987	 -0.070870	 -0.087376	  0.040917
  0.059459	  0.051189	  0.011892	  0.052755	 -0.073975	 -0.063398	  0.053397
  0.070831	  0.040989	 -0.002615	  0.036664	 -0.051263	 -0.053230	  0.081429
  0.067980	 -0.009628	  0.017119	  0.055163	 -0.014552	 -0.032451	  0.073067
  0.068107	  0.003264	  0.022916	  0.037583	  0.027862	 -0.014872	  0.098059
  0.084926	  0.005640	  0.036473	  0.048004	  0.050414	 -0.003532	  0.085674
  0.082329	  0.032089	  0.028965	  0.020066	  0.063750	  0.000174	  0.113897
  0.096329	  0.054103	  0.000236	  0.006351	  0.035147	  0.030646	  0.117222
  0.108113	  0.070099	 -0.028335	 -0.021080	  0.005562	  0.031850	  0.132300
  0.096773	  0.092335	 -0.029919	 -0.003912	  0.029921	 -0.000333	  0.130589
  0.109538	  0.083181	 -0.029634	  0.005686	  0.018042	  0.011324	  0.145699
  0.108398	  0.077986	 -0.004737	  0.018071	 -0.000836	  0.055226	  0.155803
 -0.046628	 -0.023948	  0.000100	 -0.045549	 -0.033408	 -0.090100	  0.006824
 -0.024582	 -0.008586	 -0.001927	 -0.048463	 -0.035499	 -0.040434	  0.001725
 -0.019007	 -0.004468	 -0.001262	 -0.011181	 -0.016177	 -0.024533	 -0.013131
 -0.032976	 -0.014224	  0.005675	  0.017073	  0.009702	  0.000459	 -0.033181
 -0.001110	 -0.020274	  0.025155	 -0.008711	  0.012490	  0.014586	 -0.024217
  0.010515	  0.047670	 -0.009593	 -0.006683	 -0.005755	 -0.000681	 -0.039200
 -0.019007	  0.033036	 -0.009086	  0.002249	 -0.001828	 -0.023741	 -0.025674
 -0.005228	  0.029615	  0.003647	  0.009693	  0.000865	  0.004514	  0.059691
  0.028094	  0.050616	 -0.020267	 -0.004340	  0.014897	  0.045787	  0.094058
  0.021474	  0.019099	 -0.006710	 -0.034273	 -0.014276	  0.023962	  0.029441
  0.015139	  0.016026	 -0.021978	 -0.018403	 -0.003823	  0.011102	  0.154210
  0.001551	  0.016153	 -0.009561	 -0.005226	  0.008372	  0.045597	  0.138530
  0.024737	  0.007600	 -0.019064	 -0.012353	 -0.027611	 -0.031596	 -0.139420
  0.041556	  0.033764	 -0.013172	  0.008901	 -0.002429	  0.046420	  0.002041
  0.007347	 -0.003834	  0.005611	  0.041400	 -0.001036	  0.064095	  0.108566
 -0.015047	 -0.010138	 -0.019919	  0.046436	 -0.007117	 -0.019369	 -0.143697
  0.008677	 -0.018943	 -0.006552	  0.017295	  0.035454	 -0.024279	 -0.084844
  0.014316	 -0.052836	  0.020720	  0.038042	  0.044988	  0.040909	  0.126114
 -0.000730	 -0.058189	  0.035513	  0.015331	  0.018413	 -0.006161	 -0.092984
 -0.009092	 -0.038139	  0.042671	 -0.001235	  0.003779	 -0.036537	 -0.124850
 -0.001237	 -0.046121	  0.064242	 -0.008172	  0.030006	  0.055511	  0.090289
  0.020302	 -0.026007	  0.051794	  0.009249	  0.032477	 -0.023551	 -0.056526
  0.047543	 -0.036998	  0.026992	  0.024422	 -0.000181	 -0.068435	 -0.148163
  0.027398	 -0.027844	  0.003616	  0.049287	  0.027377	  0.019243	  0.130231
  0.004876	  0.005858	 -0.040761	  0.049065	  0.030766	 -0.009867	  0.004290
  0.001646	 -0.002029	 -0.061445	  0.000222	  0.031020	 -0.078571	 -0.204988
  0.030312	 -0.012260	 -0.024860	 -0.031454	  0.034536	 -0.036189	 -0.009488
  0.009659	 -0.034908	  0.019422	 -0.057142	  0.000073	 -0.044456	 -0.042937
  0.023723	 -0.038170	  0.041880	 -0.081152	 -0.028055	 -0.087883	 -0.248035
  0.023660	 -0.009282	  0.040106	 -0.092682	  0.016481	 -0.042081	 -0.041987
  0.044249	 -0.010106	  0.063831	 -0.102850	  0.016734	 -0.036474	  0.030201
  0.043013	  0.000125	  0.088696	 -0.095849	 -0.025521	 -0.088390	 -0.178920
  0.008202	 -0.004943	  0.083564	 -0.099175	 -0.028847	  0.009202	 -0.014968
 -0.002567	  0.008551	  0.066365	 -0.093791	  0.007612	  0.042081	  0.087058
 -0.025057	  0.004908	  0.093574	 -0.092207	  0.010019	 -0.031311	 -0.160833
 -0.051189	 -0.013179	  0.109918	 -0.129805	  0.040047	  0.000966	 -0.030616
 -0.047198	 -0.017708	  0.125629	 -0.099112	  0.012331	  0.074611	  0.114172
 -0.055560	 -0.014414	  0.098388	 -0.108140	 -0.046141	  0.031343	 -0.142968
 -0.033641	 -0.042066	  0.080017	 -0.139023	 -0.023969	  0.025546	 -0.106256
 -0.018627	 -0.034971	  0.054581	 -0.085808	 -0.014529	  0.051013	  0.071854
  0.025307	 -0.012893	  0.022114	 -0.098827	 -0.065115	 -0.011831	 -0.110944
  0.020302	 -0.026292	  0.031712	 -0.040418	 -0.049024	  0.019274	 -0.093396
  0.024769	 -0.031043	  0.017743	 -0.001901	 -0.010887	  0.111893	  0.124815
  0.042285	 -0.042225	  0.007480	 -0.057871	 -0.028372	  0.050538	 -0.078414
  0.041620	 -0.059424	 -0.014788	 -0.046373	 -0.045318	  0.013921	 -0.147403
  0.029298	 -0.048306	  0.001493	 -0.046341	 -0.045159	  0.060231	  0.097448
  0.018624	 -0.070954	  0.003331	 -0.059233	 -0.051336	  0.000649	 -0.065712
  0.024737	 -0.078683	 -0.030467	 -0.057301	 -0.071165	 -0.036474	 -0.156493
  0.022520	 -0.047134	 -0.026476	 -0.063826	 -0.050133	  0.056936	  0.080786
  0.019352	 -0.034243	 -0.035693	 -0.079157	 -0.059065	  0.036759	 -0.023109
  0.009628	 -0.065284	 -0.057708	 -0.077636	 -0.039743	  0.004102	 -0.227636
  0.009659	 -0.021667	 -0.049789	 -0.069812	 -0.004995	  0.066946	 -0.010819
 -0.001395	 -0.009853	 -0.025747	 -0.069749	 -0.026693	  0.071570	 -0.021462
 -0.010138	 -0.023505	 -0.007851	 -0.071333	 -0.071988	  0.023741	 -0.237361
  0.047796	 -0.009187	 -0.016625	 -0.091320	 -0.071038	  0.074896	 -0.070273
  0.079820	 -0.035130	  0.033169	 -0.090338	 -0.063119	  0.056366	 -0.033688
  0.065566	 -0.059298	  0.060441	 -0.115552	 -0.093591	 -0.049429	 -0.262352
  0.070634	 -0.019070	  0.094366	 -0.088659	 -0.070658	 -0.043569	 -0.106003
  0.032972	 -0.016441	  0.097438	 -0.087551	 -0.052635	 -0.020795	 -0.005719
  0.053656	 -0.021889	  0.128511	 -0.102565	 -0.095935	 -0.091906	 -0.244107
  0.045104	 -0.026324	  0.119832	 -0.077414	 -0.045540	 -0.043601	 -0.130995
  0.083178	 -0.018943	  0.116063	 -0.042160	  0.010241	  0.030519	  0.016517
  0.100409	  0.033384	  0.107637	 -0.047576	  0.017811	 -0.048226	 -0.207712
  0.097210	  0.013397	  0.109316	 -0.057649	  0.023829	 -0.029696	 -0.186712
  0.111591	  0.007062	  0.118312	 -0.042096	  0.058926	  0.055923	 -0.020195
  0.108423	  0.018814	  0.110045	 -0.039848	  0.031843	 -0.040624	 -0.193712
  0.107568	  0.026479	  0.102284	 -0.041431	  0.021295	 -0.062226	 -0.197798
  0.069114	 -0.009758	  0.083754	 -0.019829	  0.054839	 -0.020605	 -0.003343
  0.033353	 -0.024677	  0.049070	 -0.051916	  0.021834	 -0.054212	 -0.210468
  0.027429	  0.005066	  0.039092	 -0.097307	  0.015340	 -0.054149	 -0.277335
  0.047955	  0.013587	  0.039314	 -0.105035	  0.020377	  0.007871	 -0.013226
  0.021506	  0.000125	  0.039345	 -0.106397	 -0.018489	 -0.017437	 -0.149113
  0.018212	  0.031769	  0.037445	 -0.079663	 -0.017507	 -0.022410	 -0.234383
  0.015393	  0.061765	  0.040517	 -0.062495	  0.023798	  0.089689	  0.033083
  0.029330	  0.050996	  0.008019	 -0.033703	  0.016512	  0.069321	 -0.017217
  0.072820	  0.033828	  0.023476	 -0.027653	  0.003684	  0.033275	 -0.188961
  0.086409	  0.032624	  0.015621	 -0.008236	 -0.000244	  0.096214	  0.029409
  0.063824	  0.015298	 -0.006425	 -0.019037	 -0.031697	  0.063461	  0.030929
  0.046973	  0.000569	 -0.043264	 -0.037345	 -0.026661	 -0.016234	 -0.185856
  0.038864	  0.001392	 -0.055680	 -0.069306	  0.009069	  0.010975	 -0.006701
  0.063096	 -0.020179	 -0.053368	 -0.054291	  0.037038	  0.030963	  0.013001
  0.047670	  0.005288	 -0.041363	 -0.051789	 -0.018711	 -0.043443	 -0.221079
  0.036045	 -0.024487	 -0.017258	 -0.065885	  0.006788	 -0.017627	 -0.061468
  0.073517	 -0.046533	 -0.034110	 -0.070668	  0.024526	 -0.018578	  0.043251
  0.081879	 -0.072221	 -0.042630	 -0.063382	 -0.015733	 -0.096309	 -0.194219
  0.102341	 -0.050460	 -0.036834	 -0.048653	  0.015911	 -0.047339	 -0.114777
  0.103925	 -0.053501	 -0.031892	 -0.047070	 -0.001511	 -0.053040	  0.012526
  0.100504	 -0.067438	  0.009634	 -0.024390	 -0.052572	 -0.126875	 -0.211450
  0.119224	 -0.050524	  0.034784	 -0.002027	 -0.047757	 -0.094503	 -0.130013
  0.136266	 -0.052234	  0.067061	  0.033449	 -0.033978	 -0.027098	  0.076827
  0.113111	 -0.056289	  0.064876	  0.051504	 -0.070943	 -0.053230	 -0.105179
  0.129139	 -0.070764	  0.032852	  0.065314	 -0.097867	 -0.063303	 -0.146294
  0.123184	 -0.067153	  0.005358	  0.079283	 -0.012946	  0.027225	  0.045817
  0.103197	 -0.085367	  0.017648	  0.050585	 -0.007434	 -0.005179	 -0.103786
  0.112382	 -0.086222	  0.046948	  0.003421	 -0.054124	 -0.031818	 -0.164824
  0.107568	 -0.079158	  0.067346	  0.020114	  0.015404	  0.027795	  0.035839
  0.125749	 -0.061642	  0.092117	  0.006937	  0.016829	  0.026623	 -0.116646
  0.107536	 -0.034021	  0.090089	  0.002629	 -0.009810	  0.007269	 -0.230899
  0.113871	  0.018624	  0.102506	  0.015172	  0.021802	  0.093711	  0.029472
  0.085142	  0.068797	  0.100415	 -0.028254	  0.001562	  0.075245	 -0.053865
  0.093187	  0.064648	  0.105769	 -0.088849	 -0.020326	 -0.001663	 -0.257601
  0.093631	  0.065725	  0.083913	 -0.101171	  0.043183	  0.050570	 -0.040910
  0.073960	  0.064109	  0.053504	 -0.114380	  0.035518	  0.040814	 -0.090799
  0.093821	  0.043520	  0.008304	 -0.125213	  0.019775	 -0.013224	 -0.289688
  0.072060	  0.037280	 -0.013236	 -0.115298	  0.033395	  0.037551	 -0.088613
  0.048335	  0.026574	 -0.009371	 -0.051662	  0.004317	  0.070430	 -0.052535
  0.054797	  0.017166	 -0.031037	 -0.054925	  0.015435	  0.013890	 -0.255384
  0.018814	  0.003261	  0.000195	 -0.075546	  0.074446	  0.072552	 -0.111895
  0.007125	 -0.017866	 -0.019507	 -0.081025	  0.100103	  0.072172	 -0.002266
  0.038611	 -0.078176	 -0.038417	 -0.084605	  0.101751	 -0.027288	 -0.234573
  0.019352	 -0.056130	 -0.053748	 -0.100823	  0.088099	  0.042207	 -0.093618
  0.007252	 -0.015427	 -0.062776	 -0.072378	  0.064564	  0.075498	  0.071094
  0.022963	 -0.006337	 -0.032843	 -0.064079	  0.029436	 -0.018292	 -0.116994
  0.011148	 -0.055877	 -0.030435	 -0.039562	  0.038938	 -0.005812	 -0.037679
  0.000157	 -0.084131	 -0.011462	 -0.006557	  0.062695	  0.038976	  0.155413
  0.009438	 -0.097625	 -0.079880	 -0.021793	  0.008498	 -0.066249	 -0.043634
  0.031452	 -0.071683	 -0.106203	 -0.011720	 -0.002778	 -0.082245	 -0.080061
  0.026954	 -0.021477	 -0.089478	 -0.010896	 -0.032933	 -0.023582	  0.063967
  0.032466	 -0.016568	 -0.092234	 -0.023091	 -0.043354	 -0.041004	 -0.058332
  0.026827	  0.029995	 -0.113108	 -0.024358	 -0.044558	 -0.075625	 -0.165901
  0.051756	  0.040226	 -0.100944	 -0.034716	 -0.045286	 -0.084050	 -0.073948
  0.041430	  0.029647	 -0.110447	 -0.080709	 -0.034865	 -0.061086	 -0.023774
  0.020176	  0.015551	 -0.075731	 -0.135159	 -0.027041	 -0.100395	 -0.101632
  0.012954	  0.021221	 -0.041680	 -0.130471	 -0.002429	 -0.089118	 -0.117438
  0.029837	  0.074277	 -0.055142	 -0.141114	 -0.052318	 -0.057221	 -0.025073
  0.052738	  0.043457	 -0.066133	 -0.131294	 -0.040060	 -0.079394	 -0.060771
  0.085839	  0.014252	 -0.103985	 -0.136014	 -0.030779	 -0.074263	 -0.123424
  0.060498	  0.020999	 -0.085582	 -0.113683	 -0.036259	 -0.035777	 -0.082912
  0.017293	  0.013650	 -0.074052	 -0.103262	 -0.015606	 -0.037519	 -0.079332
 -0.061420	  0.017895	 -0.047540	 -0.077509	  0.020092	 -0.016392	 -0.117184
 -0.062877	  0.006017	 -0.047952	 -0.060848	  0.006376	 -0.021302	 -0.105496
 -0.047261	  0.001994	 -0.056061	 -0.067183	 -0.026946	 -0.011134	 -0.042747
 -0.103358	 -0.005450	 -0.052513	 -0.023820	 -0.019154	  0.020098	 -0.051331
 -0.111150	  0.009944	 -0.068699	  0.001710	 -0.000719	  0.037171	 -0.052187
 -0.119988	  0.037312	 -0.030942	  0.024105	  0.004254	  0.042492	 -0.070748
 -0.120368	  0.030914	 -0.034743	  0.052391	 -0.014498	  0.077905	 -0.064793
 -0.126228	  0.045674	 -0.034046	  0.061513	 -0.001131	  0.068910	 -0.051648
 -0.086444	  0.054733	 -0.061730	  0.042318	  0.041536	  0.049904	 -0.040625
 -0.067122	  0.072281	 -0.048237	  0.043364	  0.032698	  0.055289	 -0.044680
 -0.086032	  0.077603	 -0.028756	  0.045201	  0.042486	  0.035144	 -0.042399
 -0.076402	  0.102151	 -0.048205	  0.017453	  0.009956	  0.045628	 -0.044933
 -0.011183	  0.077159	 -0.033983	  0.024105	 -0.020294	  0.064095	 -0.028399
  0.014886	  0.050869	 -0.016688	 -0.004910	 -0.052381	  0.043316	 -0.075721
  0.014664	  0.064616	  0.014765	 -0.034875	 -0.033218	  0.050411	 -0.078350
  0.010990	  0.099839	  0.029589	 -0.043712	  0.010969	  0.034954	 -0.053454
  0.004496	  0.107251	 -0.003448	 -0.021349	  0.015530	  0.011989	 -0.045915
 -0.003676	  0.114916	 -0.063948	  0.004941	  0.039160	  0.012116	 -0.061024
 -0.009821	  0.138546	 -0.066323	  0.032879	  0.094339	 -0.003405	 -0.083672
  0.001329	  0.142411	 -0.086437	  0.053816	  0.096524	 -0.020510	 -0.102424
  0.031325	  0.123849	 -0.060495	  0.059550	  0.067890	 -0.021048	 -0.105116
  0.009216	  0.116247	 -0.048839	  0.056445	  0.049866	 -0.003817	 -0.099446
 -0.004721	  0.101581	 -0.042187	  0.087202	  0.039952	 -0.004640	 -0.093270
 -0.011721	  0.112668	 -0.064359	  0.073867	  0.021485	 -0.038470	 -0.069323
 -0.026070	  0.126636	 -0.072627	  0.056730	  0.043975	 -0.047275	 -0.031376
 -0.059551	  0.099079	 -0.105316	  0.053943	  0.028992	 -0.088675	 -0.045503
 -0.028509	  0.089450	 -0.117574	  0.042255	  0.033585	 -0.095865	 -0.066282
  0.013809	  0.082576	 -0.092107	  0.051821	  0.000200	 -0.057570	 -0.054309
 -0.033356	  0.065155	 -0.047762	  0.031422	 -0.004172	 -0.062796	 -0.041195
 -0.090308	  0.016596	 -0.012760	 -0.011752	  0.011318	 -0.071380	 -0.028810
 -0.097973	 -0.024582	 -0.024607	 -0.036047	  0.015942	 -0.082815	 -0.007651
 -0.089611	 -0.015016	 -0.026254	 -0.058219	 -0.016588	 -0.070810	 -0.015380
 -0.127843	  0.002849	  0.012168	 -0.041178	 -0.005154	 -0.058615	 -0.004325
 -0.116693	  0.040068	  0.028671	 -0.006969	  0.012141	 -0.012084	 -0.004579
 -0.130124	  0.030977	  0.039662	 -0.024168	  0.050310	 -0.001219	 -0.003217
 -0.134843	  0.083431	  0.048943	 -0.033386	  0.050152	 -0.038406	  0.016327
 -0.125911	  0.081056	  0.077799	 -0.052328	  0.064817	 -0.037678	  0.001408
 -0.119132	  0.080739	  0.068804	 -0.020652	  0.095225	 -0.012876	 -0.007810
 -0.068674	  0.059231	  0.076976	 -0.039372	  0.105868	  0.048923	  0.012241
 -0.078145	  0.047575	  0.097280	 -0.070604	  0.070265	  0.047719	 -0.001791
 -0.085367	  0.050204	  0.093352	 -0.073392	  0.046160	  0.044868	 -0.021303
 -0.104784	  0.049507	  0.087777	 -0.090053	  0.000421	  0.023012	 -0.010344
 -0.136839	  0.058028	  0.056830	 -0.108330	  0.003082	 -0.012433	 -0.003533
 -0.147704	  0.056602	  0.055278	 -0.117167	 -0.019186	  0.007618	  0.013191
 -0.119671	  0.050235	  0.032472	 -0.079410	 -0.019724	  0.000016	 -0.009235
 -0.116947	  0.026511	  0.018091	 -0.080835	  0.005394	  0.013288	 -0.010249
 -0.109725	  0.051819	  0.017268	 -0.025942	  0.005964	 -0.003722	 -0.008348
 -0.107381	  0.040131	 -0.003385	 -0.008806	  0.016987	 -0.033528	  0.003720
 -0.113748	  0.034493	 -0.032906	  0.013494	  0.055600	 -0.021935	  0.021997
 -0.106874	  0.052516	 -0.064106	  0.003706	  0.093040	 -0.006446	  0.045595
 -0.071714	  0.078046	 -0.075984	 -0.054323	  0.089651	  0.036474	  0.036409
 -0.046944	  0.088404	 -0.056536	 -0.056129	  0.073908	  0.018261	  0.009580
 -0.041655	  0.088658	 -0.071613	 -0.056255	  0.039445	  0.025451	  0.012368
 -0.022301	  0.098509	 -0.072753	 -0.077319	  0.010906	  0.028714	  0.006064
 -0.028098	  0.081531	 -0.076935	 -0.092080	  0.013662	  0.041225	  0.038912
 -0.005386	  0.091287	 -0.067685	 -0.101361	  0.016861	  0.066597	  0.054021
  0.001297	  0.085870	 -0.066228	 -0.056572	  0.019807	  0.067231	  0.069320
 -0.045709	  0.093409	 -0.075351	 -0.021603	 -0.004298	  0.059660	  0.046514
 -0.093792	  0.081214	 -0.095750	  0.014697	 -0.052381	  0.015822	  0.030328
 -0.061895	  0.073200	 -0.081306	 -0.027146	 -0.060744	  0.001220	  0.025830
 -0.033609	  0.079408	 -0.078170	  0.001330	 -0.057671	  0.003595	  0.026717
 -0.037569	  0.075924	 -0.094071	 -0.005828	 -0.028847	 -0.017374	 -0.010755
 -0.035795	  0.092712	 -0.103764	 -0.020304	  0.002195	 -0.043379	 -0.031819
 -0.026609	  0.087264	 -0.097017	  0.011276	  0.003430	 -0.065077	 -0.055703
 -0.047103	  0.110640	 -0.099614	  0.046278	  0.025191	 -0.050538	 -0.066789
 -0.046374	  0.129836	 -0.121882	  0.035761	  0.060383	 -0.031469	 -0.067929
 -0.016251	  0.084286	 -0.099202	  0.029901	  0.070012	 -0.018578	 -0.050349
 -0.029270	  0.067372	 -0.061002	  0.014476	  0.035137	  0.032420	 -0.059599
 -0.033229	  0.039086	 -0.035060	 -0.024295	  0.023259	  0.050570	 -0.056241
 -0.049985	  0.024737	 -0.011272	  0.004878	  0.011571	  0.052280	 -0.046010
 -0.045709	  0.055842	 -0.010575	 -0.004720	  0.032635	  0.064285	 -0.033783
 -0.049130	  0.085934	  0.014069	  0.001267	  0.037260	  0.038343	 -0.040467
 -0.057746	  0.067942	  0.042133	 -0.039562	  0.047554	  0.008853	 -0.044458
 -0.047578	  0.059516	  0.028544	 -0.060722	  0.036785	  0.001156	 -0.054657
 -0.099874	  0.045452	  0.065668	 -0.054640	  0.070329	 -0.017437	 -0.037014
 -0.088724	  0.056982	  0.080460	 -0.047481	  0.114452	 -0.000143	 -0.025168
 -0.084416	  0.071585	  0.070039	 -0.039721	  0.146983	 -0.013605	 -0.043634
 -0.058157	  0.064141	  0.074093	 -0.011435	  0.139571	  0.011419	 -0.013828
 -0.016029	  0.043520	  0.084831	  0.004910	  0.120724	  0.001061	  0.044486
 -0.030853	  0.028411	  0.067505	  0.046436	  0.120819	  0.042112	  0.021522
 -0.027496	  0.036678	  0.064274	  0.041495	  0.087053	  0.016329	  0.028934
  0.005130	  0.020017	  0.071496	  0.006525	  0.076822	  0.019053	  0.038753
  0.006048	  0.018148	  0.086985	  0.026259	  0.089334	  0.047624	 -0.011072
  0.016375	  0.050267	  0.056387	  0.004244	  0.078628	  0.050221	 -0.032263
