:RUN-5	LEVEL SWEEP	TEMP:NaN	8/27/2019	4:36 PM	HR:-636.36:SW EAR: R	SW FREQ: 22.60	# AVERAGES: 512	REP RATE (/sec): 80	DRIVER: 	SAMPLE (µsec): 40	MASKER dB: 2147483647:NOTES-:CHAMBER-SEWELL-PXI1:CFTS Version: V2.7.2 (R850):LEVELS:20;30;40;50;60;70;80;:DATA -0.011661	  0.000641	  0.020972	 -0.003114	 -0.011733	 -0.002122	  0.001807
  0.054572	 -0.008291	  0.046154	 -0.014232	 -0.001723	 -0.013367	  0.007635
  0.047540	 -0.029482	  0.054580	 -0.015119	 -0.004130	 -0.008014	  0.010866
  0.019476	 -0.035944	  0.046281	 -0.009290	 -0.013443	 -0.025752	  0.028889
  0.017068	 -0.006581	  0.032692	 -0.017684	  0.005626	 -0.051314	  0.006210
  0.006425	  0.002859	  0.037317	  0.001859	  0.009395	 -0.068672	  0.002060
  0.017353	  0.006786	  0.036905	 -0.005521	  0.016839	 -0.076401	 -0.008012
  0.005158	  0.014420	 -0.007409	  0.007878	  0.010852	 -0.089863	 -0.005003
 -0.010109	  0.015339	  0.016253	  0.032109	 -0.037326	 -0.048970	 -0.035190
  0.025557	  0.002954	  0.021637	  0.012376	 -0.032068	 -0.019385	 -0.082101
 -0.038078	 -0.003888	  0.035163	 -0.010146	 -0.015502	 -0.034906	 -0.084255
 -0.037698	  0.010239	  0.036461	  0.029987	 -0.021140	 -0.048083	 -0.053118
 -0.017901	  0.036688	 -0.011875	  0.006421	 -0.028394	 -0.029490	 -0.024927
 -0.019960	  0.039729	 -0.019097	  0.007054	 -0.028457	  0.014127	 -0.017452
 -0.031142	  0.048471	 -0.019414	 -0.002227	 -0.032765	  0.017992	  0.011721
 -0.030413	  0.031715	 -0.039148	 -0.034346	 -0.017783	  0.027748	  0.050840
 -0.007322	  0.003619	 -0.065470	 -0.015911	  0.011676	  0.086284	  0.044379
  0.027553	 -0.018205	 -0.084031	 -0.000200	  0.048451	  0.120366	  0.026387
  0.013362	 -0.054125	 -0.062746	  0.002493	  0.055482	  0.127810	  0.032817
 -0.029780	 -0.056944	 -0.075226	  0.027611	  0.086144	  0.122013	  0.086444
 -0.026264	 -0.084819	 -0.091824	  0.008860	  0.090072	  0.090940	  0.101331
 -0.004471	 -0.084343	 -0.111589	  0.012787	  0.092606	  0.137851	  0.125056
 -0.013087	 -0.077850	 -0.112729	  0.028277	  0.084750	  0.130787	  0.106652
  0.004652	 -0.029133	 -0.120078	  0.019407	  0.032550	  0.109280	  0.130916
 -0.006878	 -0.024509	 -0.124639	  0.016778	  0.024156	  0.104465	  0.163098
 -0.041911	 -0.000245	 -0.104810	  0.031983	  0.026500	  0.095596	  0.195533
 -0.063704	  0.000546	 -0.034808	  0.013389	  0.031219	  0.120620	  0.276971
 -0.004344	 -0.010762	  0.029239	 -0.009956	  0.036066	  0.162304	  0.326732
  0.003480	  0.006913	  0.033516	  0.011140	  0.050414	  0.230185	  0.442126
 -0.017901	  0.059051	  0.020307	  0.019534	  0.076420	  0.293218	  0.591190
  0.009593	  0.073305	  0.025407	  0.019978	  0.142463	  0.371393	  0.711936
  0.013616	  0.096459	  0.017076	  0.037652	  0.183577	  0.401295	  0.782604
  0.001167	  0.090314	 -0.006997	  0.075568	  0.200555	  0.456473	  0.807184
 -0.007924	  0.109256	 -0.004368	  0.102967	  0.261182	  0.477600	  0.757612
  0.002117	  0.070422	  0.041213	  0.129986	  0.336189	  0.448364	  0.633476
 -0.014892	  0.025221	  0.088631	  0.152539	  0.346705	  0.359388	  0.434999
 -0.026929	  0.061521	  0.095948	  0.148706	  0.331881	  0.219447	  0.238137
 -0.051984	  0.052114	  0.077228	  0.160553	  0.267580	  0.077731	  0.036238
 -0.041214	  0.065829	  0.067757	  0.148484	  0.205497	 -0.080392	 -0.138895
 -0.050654	  0.062915	  0.113306	  0.119153	  0.156463	 -0.211338	 -0.309846
 -0.082519	  0.041281	  0.108333	  0.103917	  0.062990	 -0.331070	 -0.414185
 -0.071496	  0.039602	  0.041023	  0.030874	 -0.040050	 -0.415327	 -0.500532
 -0.106275	 -0.018966	  0.044602	 -0.058704	 -0.131275	 -0.492868	 -0.553239
 -0.093194	  0.003999	  0.009949	 -0.110968	 -0.181417	 -0.504081	 -0.551086
 -0.079890	 -0.020454	  0.027941	 -0.155187	 -0.204097	 -0.503036	 -0.515419
 -0.075044	  0.011158	  0.019959	 -0.186355	 -0.224369	 -0.435789	 -0.420235
 -0.085813	  0.029244	 -0.014409	 -0.231746	 -0.233301	 -0.428662	 -0.373735
 -0.076532	  0.030765	 -0.016721	 -0.254837	 -0.191332	 -0.408833	 -0.288846
 -0.040232	 -0.019061	 -0.018812	 -0.239443	 -0.178883	 -0.345166	 -0.156253
 -0.028893	 -0.012947	 -0.030817	 -0.225474	 -0.175367	 -0.251724	 -0.049317
 -0.053441	 -0.027518	 -0.066990	 -0.185722	 -0.134886	 -0.148621	  0.070891
 -0.059998	 -0.038224	 -0.068352	 -0.129276	 -0.032670	 -0.068292	  0.197434
 -0.046536	 -0.042944	 -0.062999	 -0.090538	  0.051776	  0.062590	  0.312859
 -0.033074	 -0.022862	 -0.054035	 -0.032508	  0.115697	  0.127778	  0.422107
 -0.011028	  0.016732	 -0.042917	  0.020231	  0.146866	  0.197337	  0.525368
 -0.006498	 -0.008133	 -0.020237	  0.015416	  0.166726	  0.195722	  0.546179
  0.007091	  0.007072	  0.026610	  0.016113	  0.142336	  0.219383	  0.506585
  0.021059	 -0.006929	  0.058983	  0.074237	  0.101823	  0.232655	  0.494770
  0.003701	 -0.015640	  0.059616	  0.098152	  0.086936	  0.217166	  0.452705
 -0.041373	  0.016289	  0.085273	  0.071988	  0.066442	  0.213333	  0.356127
 -0.058097	 -0.004680	  0.086445	  0.029797	  0.105276	  0.214157	  0.204751
 -0.070356	  0.008275	  0.063544	 -0.006123	  0.106828	  0.146150	  0.112892
 -0.061423	 -0.003698	  0.093699	 -0.021169	  0.098878	  0.076686	  0.020686
 -0.071116	 -0.039428	  0.089518	 -0.010209	  0.075248	  0.016535	 -0.047131
 -0.082266	 -0.034265	  0.102029	  0.006737	  0.025074	 -0.075609	 -0.088404
 -0.075962	 -0.030622	  0.078051	 -0.051735	 -0.019208	 -0.112701	 -0.129139
 -0.031933	 -0.037622	  0.040389	 -0.071501	 -0.041381	 -0.142476	 -0.141904
 -0.021829	  0.011189	  0.029430	 -0.076284	 -0.048761	 -0.145675	 -0.128822
 -0.041626	 -0.009210	  0.039059	 -0.084741	 -0.089717	 -0.153625	 -0.159294
 -0.050273	  0.027027	  0.036271	 -0.126932	 -0.108247	 -0.193093	 -0.162524
 -0.028132	 -0.009780	  0.022018	 -0.120534	 -0.131877	 -0.214822	 -0.157520
 -0.047011	 -0.025174	  0.005705	 -0.104348	 -0.131909	 -0.161766	 -0.103767
 -0.037762	 -0.043419	 -0.016310	 -0.106153	 -0.116419	 -0.109692	 -0.079155
 -0.044572	 -0.061284	 -0.025622	 -0.087117	 -0.104731	 -0.079093	 -0.041430
 -0.007924	 -0.069646	 -0.053401	 -0.054903	 -0.127189	 -0.065156	 -0.010420
 -0.015842	 -0.067302	 -0.100883	 -0.089334	 -0.088482	 -0.072220	  0.031709
 -0.016159	 -0.086054	 -0.097430	 -0.108909	 -0.068273	 -0.065093	  0.001554
  0.031639	 -0.057071	 -0.088023	 -0.070867	 -0.056490	 -0.038644	  0.020971
  0.045354	 -0.030654	 -0.063823	 -0.074985	  0.003915	 -0.046658	  0.014034
  0.005507	 -0.014911	 -0.052261	 -0.067129	  0.012626	 -0.084193	 -0.022361
 -0.051192	 -0.055646	 -0.010038	 -0.078501	  0.041039	 -0.098447	 -0.014537
 -0.037033	 -0.051655	  0.021669	 -0.074225	  0.028083	 -0.109755	  0.000382
 -0.060631	 -0.037052	  0.010171	 -0.063138	  0.016490	 -0.105859	  0.053565
 -0.062342	 -0.015323	 -0.017545	 -0.085026	  0.027260	 -0.068862	  0.062687
 -0.073650	 -0.010192	 -0.022011	 -0.099533	  0.045790	  0.003009	  0.057112
 -0.074949	  0.005836	  0.009759	 -0.085976	  0.012721	  0.032594	  0.062212
 -0.089963	  0.030860	  0.016696	 -0.082967	  0.037206	  0.006145	  0.087932
 -0.054011	  0.021706	 -0.013966	 -0.061903	  0.032866	  0.019892	  0.130852
 -0.050654	 -0.017414	 -0.019382	 -0.070645	  0.072239	  0.019829	  0.178302
 -0.057622	 -0.029102	 -0.011875	 -0.027694	  0.101412	  0.034463	  0.185175
 -0.055025	  0.040901	  0.009791	  0.009113	  0.128684	  0.027241	  0.130377
 -0.076627	  0.058544	  0.044792	  0.039933	  0.184528	  0.048305	  0.154862
 -0.087650	  0.066114	  0.061422	  0.072590	  0.180600	  0.071903	  0.220430
 -0.049703	  0.055376	  0.054738	  0.072274	  0.189944	  0.111339	  0.281627
 -0.019042	  0.026932	  0.018121	  0.102777	  0.215538	  0.162589	  0.277002
 -0.020182	  0.031208	  0.027814	  0.135688	  0.240625	  0.187296	  0.329076
 -0.030825	  0.013438	  0.017773	  0.168662	  0.272712	  0.186821	  0.337185
 -0.040359	 -0.033758	 -0.013142	  0.198056	  0.285477	  0.180201	  0.379947
 -0.043653	 -0.011490	 -0.056506	  0.218962	  0.293998	  0.219066	  0.392617
 -0.080555	 -0.006549	 -0.076841	  0.198816	  0.280441	  0.199301	  0.365471
 -0.087365	 -0.050514	 -0.059040	  0.194350	  0.278255	  0.180138	  0.399301
 -0.055183	 -0.061315	 -0.033193	  0.179368	  0.246231	  0.111655	  0.382386
 -0.021259	 -0.047157	 -0.014029	  0.177372	  0.203058	  0.077700	  0.355715
 -0.017204	 -0.032174	 -0.002151	  0.144050	  0.151237	  0.116153	  0.335095
 -0.024395	 -0.002494	 -0.006300	  0.126597	  0.129318	  0.122964	  0.319954
 -0.003331	 -0.040093	  0.025407	  0.106546	  0.094538	  0.140448	  0.312067
 -0.011598	 -0.074524	  0.078241	  0.109112	  0.089628	  0.143869	  0.285079
 -0.022368	 -0.054854	  0.077988	  0.086939	  0.062704	  0.116945	  0.243965
 -0.035671	 -0.040600	  0.108966	  0.062454	  0.065650	  0.114950	  0.225973
 -0.016127	 -0.075379	  0.109125	  0.037304	  0.055387	  0.131199	  0.134685
 -0.019390	 -0.069773	  0.150904	  0.026629	 -0.005144	  0.113081	  0.105480
 -0.030698	 -0.046016	  0.147008	 -0.010747	  0.005404	  0.099049	  0.014319
 -0.049798	 -0.067112	  0.136809	 -0.058324	 -0.010339	  0.054133	 -0.033416
 -0.043337	 -0.066669	  0.107161	 -0.064912	  0.009427	 -0.019195	 -0.050457
 -0.074505	 -0.062899	  0.049322	 -0.050183	 -0.014995	 -0.038707	 -0.095626
 -0.056165	 -0.049311	  0.049227	 -0.047966	 -0.011733	 -0.098732	 -0.120111
 -0.048563	 -0.027423	  0.056037	 -0.059021	  0.001064	 -0.107664	 -0.134682
 -0.044414	 -0.010413	  0.063195	 -0.084393	 -0.001438	 -0.136774	 -0.159230
  0.014059	 -0.005662	  0.029239	 -0.059908	  0.005435	 -0.117769	 -0.136772
  0.027458	 -0.005219	 -0.013269	 -0.049898	 -0.014172	 -0.140132	 -0.100156
  0.030245	 -0.023812	 -0.005033	 -0.060034	 -0.048222	 -0.192333	 -0.076906
  0.012539	  0.009257	  0.006338	 -0.089967	 -0.064060	 -0.192586	 -0.068575
 -0.001525	  0.034439	 -0.024672	 -0.101307	 -0.064884	 -0.196229	 -0.077318
 -0.015874	  0.019583	 -0.028346	 -0.100199	 -0.058960	 -0.176400	 -0.037565
  0.006457	  0.005456	 -0.011020	 -0.071817	 -0.052214	 -0.161132	 -0.023343
  0.007186	 -0.021975	  0.000890	 -0.081225	 -0.045593	 -0.131072	 -0.063983
 -0.008082	 -0.024287	  0.016443	 -0.084202	 -0.047241	 -0.145390	 -0.102278
 -0.004091	 -0.087543	  0.027941	 -0.084836	 -0.037706	 -0.140670	 -0.094106
 -0.034658	 -0.098027	  0.023126	 -0.082397	 -0.043630	 -0.131611	 -0.094359
 -0.031870	 -0.079339	  0.035828	 -0.060858	 -0.049173	 -0.135729	 -0.122424
 -0.041943	 -0.066352	  0.009506	 -0.087085	 -0.050788	 -0.158155	 -0.154321
 -0.048531	 -0.025934	  0.027909	 -0.134281	 -0.064535	 -0.188151	 -0.182353
 -0.066681	 -0.008228	  0.026167	 -0.117430	 -0.047082	 -0.199048	 -0.190240
 -0.075835	 -0.014024	  0.004501	 -0.101339	 -0.036249	 -0.202152	 -0.174181
 -0.053061	 -0.021975	  0.034498	 -0.100072	 -0.027602	 -0.203957	 -0.170538
 -0.083026	 -0.033441	  0.044380	 -0.107706	 -0.027317	 -0.189735	 -0.135569
 -0.069152	 -0.043071	  0.029905	 -0.086230	 -0.046765	 -0.205668	 -0.125243
 -0.065699	 -0.055804	  0.033611	 -0.080718	 -0.046480	 -0.189989	 -0.119921
 -0.058161	 -0.067746	  0.067693	 -0.103429	 -0.089622	 -0.199840	 -0.103957
 -0.013784	 -0.063723	  0.065793	 -0.111253	 -0.104700	 -0.239149	 -0.093346
 -0.004598	 -0.043419	  0.090500	 -0.089144	 -0.098269	 -0.227967	 -0.116405
 -0.015272	 -0.039935	  0.066363	 -0.100705	 -0.112017	 -0.227365	 -0.152452
 -0.044889	 -0.026789	  0.063322	 -0.138811	 -0.096179	 -0.190305	 -0.202435
 -0.033612	 -0.043134	  0.022334	 -0.147205	 -0.083160	 -0.172282	 -0.208137
  0.004398	 -0.050324	  0.004248	 -0.139919	 -0.080468	 -0.184350	 -0.220459
  0.009561	 -0.044274	 -0.011907	 -0.169156	 -0.100360	 -0.225338	 -0.273261
 -0.007924	 -0.035658	 -0.026731	 -0.140426	 -0.096844	 -0.283209	 -0.382890
 -0.016001	 -0.015671	 -0.053845	 -0.149010	 -0.085663	 -0.280675	 -0.450105
  0.002371	 -0.064166	 -0.050139	 -0.131082	 -0.108184	 -0.272566	 -0.482128
  0.042313	 -0.093181	 -0.047066	 -0.115529	 -0.119460	 -0.278838	 -0.461191
  0.024480	 -0.109462	 -0.041460	 -0.091836	 -0.137610	 -0.273326	 -0.427488
  0.003828	 -0.073447	 -0.080009	 -0.089461	 -0.104573	 -0.292141	 -0.418746
 -0.015652	 -0.064926	 -0.099362	 -0.085121	 -0.089020	 -0.289069	 -0.418841
 -0.037857	 -0.087099	 -0.098190	 -0.047681	 -0.061621	 -0.280865	 -0.382161
 -0.045871	 -0.063438	 -0.091095	  0.010760	 -0.054209	 -0.246054	 -0.341268
 -0.018788	 -0.066257	 -0.090018	  0.006706	 -0.077269	 -0.188563	 -0.337467
  0.005887	 -0.048424	 -0.098190	 -0.006598	 -0.056521	 -0.149444	 -0.282764
  0.002498	 -0.087638	 -0.108928	  0.006642	 -0.047621	 -0.127303	 -0.219730
 -0.040106	 -0.074651	 -0.059958	 -0.010051	 -0.080721	 -0.132815	 -0.172090
 -0.056957	 -0.070628	 -0.029011	  0.007339	 -0.080563	 -0.128222	 -0.129329
 -0.064559	 -0.064768	  0.019452	 -0.000833	 -0.071979	 -0.157901	 -0.065946
 -0.048373	 -0.076868	  0.059299	  0.003823	 -0.062001	 -0.119226	 -0.053308
 -0.036051	 -0.060555	  0.034656	 -0.004571	 -0.034729	 -0.100949	 -0.031927
 -0.055975	 -0.032079	  0.016949	 -0.029277	 -0.000805	 -0.096895	 -0.027968
 -0.053061	 -0.026726	  0.005135	 -0.086008	  0.017535	 -0.115488	 -0.019067
 -0.046884	 -0.032744	 -0.037279	 -0.096429	  0.043319	 -0.121633	 -0.032434
 -0.046061	 -0.080669	 -0.051913	 -0.105045	  0.027925	 -0.150363	 -0.031515
 -0.048341	 -0.117888	 -0.037817	 -0.107484	  0.007526	 -0.161639	 -0.053656
 -0.036051	 -0.110697	 -0.017798	 -0.143087	  0.005784	 -0.158947	 -0.098920
 -0.067156	 -0.082760	 -0.016721	 -0.175269	  0.006417	 -0.141557	 -0.116627
 -0.075139	 -0.054474	 -0.016468	 -0.195256	 -0.006728	 -0.159802	 -0.103672
 -0.080555	 -0.041202	  0.030506	 -0.217239	  0.022065	 -0.198129	 -0.110894
 -0.100289	 -0.022038	  0.018692	 -0.224112	 -0.020697	 -0.259674	 -0.145958
 -0.104628	 -0.025364	 -0.000440	 -0.229877	 -0.093328	 -0.258407	 -0.167973
 -0.106846	 -0.048804	 -0.007155	 -0.221863	 -0.085093	 -0.261575	 -0.160624
 -0.095886	 -0.056723	 -0.029075	 -0.239221	 -0.092568	 -0.251660	 -0.140320
 -0.097280	 -0.068252	 -0.013554	 -0.232728	 -0.086803	 -0.223976	 -0.120080
 -0.092338	 -0.070691	 -0.033066	 -0.194623	 -0.090889	 -0.196450	 -0.104369
 -0.066713	 -0.046428	 -0.074941	 -0.176188	 -0.064757	 -0.174531	 -0.113364
 -0.058667	 -0.023907	 -0.068479	 -0.138367	 -0.098460	 -0.167087	 -0.110514
 -0.049830	 -0.049659	 -0.056791	 -0.114801	 -0.086771	 -0.167246	 -0.098984
 -0.022431	 -0.061569	 -0.074782	 -0.130512	 -0.083129	 -0.132403	 -0.078458
 -0.008652	 -0.066985	 -0.098729	 -0.152685	 -0.064472	 -0.145390	 -0.081752
 -0.021924	 -0.069361	 -0.122390	 -0.149834	 -0.069762	 -0.116122	 -0.059010
 -0.051477	 -0.055361	 -0.098887	 -0.129973	 -0.075907	 -0.086062	 -0.044914
 -0.025377	 -0.044686	 -0.085489	 -0.083221	 -0.056585	 -0.051314	  0.001585
 -0.050210	 -0.068791	 -0.090683	 -0.071089	 -0.045942	 -0.038961	 -0.009754
 -0.017965	 -0.071578	 -0.086534	 -0.075333	 -0.022914	 -0.014254	  0.025564
 -0.007639	 -0.091312	 -0.068986	 -0.094402	  0.024916	 -0.003326	  0.086063
  0.011018	 -0.109430	 -0.043994	 -0.088384	  0.051460	 -0.041305	  0.085081
  0.008674	 -0.114213	 -0.055745	 -0.107389	  0.019784	 -0.039372	  0.088978
  0.012697	 -0.115544	 -0.082194	 -0.092755	  0.032359	 -0.054640	  0.113589
  0.019127	 -0.130558	 -0.057139	 -0.063423	  0.032740	 -0.038707	  0.138423
 -0.006118	 -0.123304	 -0.073642	 -0.054079	  0.035717	 -0.035603	  0.126925
  0.021756	 -0.125965	 -0.097335	 -0.026648	  0.011802	 -0.011783	  0.143966
  0.038069	 -0.103349	 -0.097240	 -0.019712	  0.054564	  0.015679	  0.138676
  0.059672	 -0.072338	 -0.103702	 -0.016861	  0.077655	  0.018974	  0.138359
  0.039969	 -0.078072	 -0.111304	 -0.011476	  0.050826	  0.018403	  0.113811
  0.022833	 -0.086656	 -0.105792	 -0.065292	  0.084117	 -0.006905	  0.137409
  0.036644	 -0.066700	 -0.071773	 -0.079229	  0.096755	 -0.024200	  0.194235
  0.041648	 -0.053492	 -0.041238	 -0.119647	  0.087411	 -0.013620	  0.198352
  0.065025	 -0.056279	 -0.047225	 -0.120566	  0.083610	 -0.029901	  0.210832
  0.050802	 -0.060682	 -0.014599	 -0.119299	  0.096755	 -0.064016	  0.228349
  0.052640	 -0.038478	 -0.002277	 -0.121389	  0.083547	 -0.048622	  0.211941
  0.008484	 -0.032238	  0.001460	 -0.106597	  0.092353	 -0.050395	  0.169084
 -0.037667	 -0.038256	 -0.005825	 -0.089556	  0.108159	 -0.022870	  0.159645
 -0.058224	 -0.016305	  0.005705	 -0.077456	  0.128019	  0.002566	  0.138264
 -0.051572	 -0.014436	  0.045426	 -0.074953	  0.124788	 -0.027843	  0.166582
 -0.062152	  0.028357	  0.083404	 -0.071469	  0.129571	 -0.010865	  0.264174
 -0.059206	  0.010968	  0.078210	 -0.060446	  0.121304	 -0.007729	  0.279663
 -0.063229	 -0.010255	  0.042480	 -0.035423	  0.141829	 -0.038549	  0.236394
 -0.087080	 -0.010001	  0.008397	 -0.011539	  0.129634	 -0.038486	  0.248653
 -0.076754	 -0.038129	 -0.017545	 -0.050215	  0.120258	 -0.004941	  0.247608
 -0.034873	 -0.011892	 -0.031577	  0.059157	 -0.016389	  0.003681	  0.043238
 -0.019257	 -0.003213	 -0.049980	  0.078954	  0.017377	  0.016129	  0.039881
 -0.038832	  0.017154	 -0.029265	  0.066601	  0.004770	  0.038904	  0.066615
  0.001079	 -0.015915	 -0.047383	  0.061469	  0.010979	  0.052841	  0.065189
  0.005640	 -0.001313	 -0.004273	  0.032233	  0.026690	  0.047614	  0.014065
  0.015142	 -0.017467	 -0.024482	 -0.011067	  0.041799	  0.024871	  0.003961
 -0.005542	 -0.038120	 -0.000820	 -0.029091	  0.028907	  0.020247	 -0.004591
 -0.031610	 -0.044296	 -0.002753	 -0.035077	  0.030396	  0.004314	 -0.047955
 -0.015709	 -0.016897	 -0.013681	 -0.037326	  0.016997	  0.013532	 -0.070476
 -0.019130	 -0.015915	 -0.012350	 -0.046924	 -0.044326	  0.007450	 -0.109215
 -0.020809	 -0.010530	 -0.014663	 -0.075463	 -0.010909	  0.015622	 -0.074182
 -0.004275	  0.015570	 -0.028885	 -0.049394	  0.054025	 -0.004143	  0.028984
 -0.016786	  0.047404	 -0.018622	 -0.048508	  0.020418	  0.000513	  0.157333
 -0.013270	  0.017882	 -0.006078	 -0.025638	  0.011676	  0.004853	  0.231707
  0.035605	  0.034670	  0.018945	 -0.005968	  0.004200	  0.026455	  0.192714
  0.055085	  0.040277	  0.018660	 -0.007995	  0.005309	 -0.010288	  0.080235
  0.035415	  0.004832	  0.015017	 -0.000836	 -0.013506	 -0.025746	 -0.022203
  0.027337	 -0.004702	  0.052267	 -0.000266	 -0.030896	 -0.062362	 -0.141619
  0.019419	 -0.007490	  0.078811	  0.036319	 -0.075812	 -0.081906	 -0.221029
  0.025374	  0.009963	  0.101111	  0.038821	 -0.081703	 -0.092581	 -0.232654
  0.044981	  0.003248	  0.128542	  0.042052	 -0.071821	 -0.087608	 -0.170380
  0.057271	 -0.001598	  0.159077	  0.061247	 -0.077649	 -0.068254	 -0.049032
  0.069307	 -0.015250	  0.130886	  0.085922	 -0.057503	 -0.046113	  0.068895
  0.086919	 -0.036599	  0.128352	  0.081044	 -0.030833	 -0.017700	  0.176655
  0.074375	 -0.002453	  0.098007	  0.067963	 -0.021679	 -0.045131	  0.178619
  0.081724	  0.000207	  0.075707	  0.011137	 -0.017687	 -0.057738	  0.141178
  0.090276	  0.031914	  0.065761	  0.024726	 -0.032797	 -0.075603	  0.060248
  0.066393	  0.036444	  0.047263	  0.014621	 -0.054748	 -0.105948	 -0.015298
  0.031582	  0.028779	  0.053693	 -0.017624	 -0.068780	 -0.138225	 -0.106491
  0.014952	  0.061594	  0.084450	 -0.002262	 -0.070902	 -0.195240	 -0.176050
  0.014826	  0.092699	  0.078400	 -0.003845	 -0.077395	 -0.171927	 -0.123405
  0.007762	  0.108569	  0.049860	 -0.028489	 -0.069920	 -0.113518	 -0.031452
  0.029903	  0.138597	  0.038647	 -0.053607	 -0.057187	 -0.034837	  0.084480
  0.023283	  0.129411	  0.040072	 -0.034064	 -0.046860	  0.038112	  0.170035
  0.006273	  0.156398	  0.024457	  0.011327	 -0.044897	  0.067918	  0.252739
 -0.005922	  0.154846	  0.017393	  0.028495	 -0.047747	  0.046981	  0.222014
 -0.019795	  0.161371	  0.029778	  0.042527	 -0.096084	  0.058067	  0.141844
 -0.055113	  0.155638	  0.018216	  0.060709	 -0.128203	  0.027279	  0.032564
 -0.059548	  0.118610	 -0.038324	  0.052568	 -0.156394	 -0.014279	 -0.066802
 -0.030723	  0.071414	 -0.059800	  0.048957	 -0.166403	 -0.031637	 -0.118274
 -0.039719	  0.062830	 -0.042727	  0.058745	 -0.150090	 -0.017764	 -0.129550
  0.016219	  0.027131	 -0.037057	  0.034545	 -0.092726	 -0.025619	 -0.058788
  0.064936	  0.013860	  0.012705	  0.013323	 -0.093106	 -0.020804	  0.089959
  0.040134	  0.023521	  0.031837	  0.036889	 -0.092631	  0.020120	  0.192968
  0.031835	  0.011294	  0.010361	  0.026056	 -0.067925	  0.025980	  0.251884
  0.004499	  0.005782	 -0.006237	  0.048672	 -0.065834	  0.040519	  0.259011
 -0.002596	  0.002393	  0.001270	  0.023807	 -0.057788	  0.033709	  0.187361
 -0.059010	  0.024756	  0.021131	 -0.001058	 -0.064472	 -0.030655	  0.069085
 -0.075607	  0.030679	  0.053946	  0.040880	 -0.067164	 -0.072467	 -0.080295
 -0.068449	  0.056748	  0.067598	  0.033690	 -0.033684	 -0.084123	 -0.172787
 -0.074562	  0.060549	  0.076531	  0.031568	 -0.033113	 -0.085105	 -0.188150
 -0.053055	  0.059029	  0.061992	  0.001349	 -0.021489	 -0.057294	 -0.117862
 -0.070191	  0.028715	  0.077988	  0.008350	 -0.027317	 -0.027013	 -0.032022
 -0.040955	  0.001791	  0.099622	 -0.039797	 -0.011479	  0.003649	  0.091670
 -0.036520	 -0.010435	  0.137411	 -0.026145	  0.002775	  0.005043	  0.170668
 -0.005890	 -0.016929	  0.095029	 -0.008470	 -0.010624	  0.050370	  0.225942
 -0.022330	 -0.051582	  0.057050	  0.033405	 -0.022851	  0.058257	  0.186538
  0.001522	 -0.056966	  0.037919	  0.030776	 -0.009642	  0.014767	  0.099462
  0.036555	 -0.050156	  0.023031	  0.008888	 -0.029597	 -0.035122	 -0.018877
  0.035826	 -0.047812	  0.031583	 -0.002388	 -0.059721	 -0.057009	 -0.089164
  0.003391	 -0.054591	  0.025850	  0.002870	 -0.069920	 -0.083553	 -0.103957
 -0.012542	 -0.020540	  0.037728	 -0.003402	 -0.088387	 -0.062552	 -0.108518
 -0.010388	 -0.004575	  0.061105	 -0.001470	 -0.079423	 -0.032112	 -0.051788
 -0.010071	  0.008411	  0.078146	  0.023807	 -0.103179	 -0.015546	  0.043460
 -0.065440	  0.018833	  0.031298	  0.043287	 -0.087532	  0.031745	  0.150491
 -0.061860	  0.017090	  0.032280	  0.032645	 -0.057060	  0.034247	  0.195217
 -0.036077	  0.013828	 -0.006775	  0.016997	 -0.086645	  0.051035	  0.204244
 -0.029963	  0.006828	 -0.011147	  0.024884	 -0.112587	  0.048089	  0.171523
 -0.026827	  0.014683	 -0.020966	  0.049939	 -0.124402	  0.015686	  0.088281
 -0.011275	  0.006891	  0.020529	  0.048039	 -0.161177	 -0.042534	 -0.032972
  0.005165	  0.051870	  0.009696	  0.023585	 -0.195513	 -0.083205	 -0.126858
  0.030315	  0.064413	 -0.021314	  0.034830	 -0.191363	 -0.094323	 -0.144501
  0.018278	  0.074233	 -0.040541	  0.082692	 -0.206916	 -0.068096	 -0.124197
  0.047515	  0.064160	 -0.032686	  0.082913	 -0.178883	 -0.067906	 -0.044724
  0.064271	  0.066314	 -0.053750	  0.083325	 -0.129881	 -0.063851	  0.112924
  0.017265	  0.068341	 -0.069239	  0.102869	 -0.105745	 -0.044878	  0.249445
  0.017835	  0.042494	 -0.092077	  0.117059	 -0.092821	 -0.018365	  0.289862
 -0.005130	  0.028462	 -0.083810	  0.110819	 -0.121012	 -0.050896	  0.209439
 -0.003514	 -0.003720	 -0.050804	  0.118105	 -0.110338	 -0.068159	  0.126418
 -0.001234	 -0.026495	  0.009727	  0.133055	 -0.101564	 -0.117858	  0.010898
  0.009789	 -0.023707	  0.024266	  0.111294	 -0.133841	 -0.173606	 -0.130532
  0.000192	 -0.044486	  0.015429	  0.086113	 -0.135393	 -0.188715	 -0.205381
  0.010043	 -0.059912	 -0.027301	  0.076800	 -0.133112	 -0.147632	 -0.152262
 -0.036647	 -0.123200	 -0.022771	  0.076642	 -0.109419	 -0.095115	 -0.044059
 -0.027936	 -0.137327	 -0.020839	  0.107430	 -0.114202	 -0.055299	  0.051917
 -0.026004	 -0.156395	 -0.003513	  0.116109	 -0.110021	 -0.003034	  0.192144
 -0.008899	 -0.117815	 -0.006015	  0.110946	 -0.111763	  0.037415	  0.291921
  0.002409	 -0.102896	 -0.029392	  0.115982	 -0.128709	  0.024745	  0.291066
  0.024328	 -0.083795	 -0.008137	  0.109077	 -0.141538	 -0.011365	  0.211181
  0.018690	 -0.055826	 -0.015518	  0.107430	 -0.167670	 -0.020361	  0.147102
  0.011595	 -0.033843	 -0.039971	  0.097421	 -0.142362	 -0.023718	  0.026292
 -0.028696	 -0.011576	 -0.076049	  0.128684	 -0.175652	 -0.051624	 -0.053625
 -0.037375	 -0.019083	 -0.096543	  0.098371	 -0.190730	 -0.059512	 -0.061290
 -0.052896	 -0.016834	 -0.072375	  0.060931	 -0.210780	 -0.048837	 -0.013714
 -0.018560	 -0.051740	 -0.046591	  0.051523	 -0.213568	 -0.019506	  0.117739
 -0.028063	 -0.045880	 -0.035125	  0.040785	 -0.173847	  0.037827	  0.241146
 -0.044851	 -0.040400	 -0.032242	  0.038726	 -0.155443	  0.076819	  0.297845
 -0.032529	 -0.056428	 -0.042188	  0.071732	 -0.199314	  0.074380	  0.284604
 -0.030058	 -0.053102	 -0.033098	  0.065397	 -0.200802	  0.040076	  0.250965
 -0.053656	 -0.063935	  0.016506	  0.048102	 -0.185725	 -0.028026	  0.179157
 -0.057996	 -0.069256	  0.030633	  0.082787	 -0.166055	 -0.098631	  0.071588
 -0.084857	 -0.051740	  0.028163	  0.056845	 -0.180277	 -0.107943	 -0.026289
 -0.081531	 -0.050631	  0.014447	  0.080949	 -0.173910	 -0.138985	 -0.099839
 -0.106554	 -0.072456	  0.018026	  0.077338	 -0.168652	 -0.131256	 -0.060340
 -0.133383	 -0.109104	  0.029461	  0.085036	 -0.155729	 -0.092771	  0.024993
 -0.144881	 -0.112240	  0.014542	  0.108317	 -0.131782	 -0.070535	  0.149826
 -0.106586	 -0.103719	  0.048435	  0.091371	 -0.104890	 -0.028660	  0.226037
 -0.096957	 -0.108882	  0.046914	  0.109869	 -0.115216	 -0.002876	  0.268418
 -0.091445	 -0.087787	  0.049702	  0.101222	 -0.136153	 -0.001007	  0.266961
 -0.087422	 -0.068655	  0.043208	  0.107493	 -0.181132	 -0.073892	  0.206081
 -0.096703	 -0.076352	  0.037728	  0.106511	 -0.147968	 -0.108418	  0.044664
 -0.094011	 -0.040432	  0.022683	  0.089280	 -0.149774	 -0.159827	 -0.038832
 -0.086377	 -0.023644	  0.011723	  0.065777	 -0.162729	 -0.138668	 -0.083590
 -0.094803	 -0.040052	  0.029335	  0.042337	 -0.134918	 -0.137053	 -0.091255
 -0.064268	 -0.043568	  0.034719	  0.011897	 -0.120759	 -0.123622	 -0.006365
 -0.035221	 -0.074134	  0.013972	  0.030269	 -0.100772	 -0.123147	  0.121825
 -0.016976	 -0.083669	 -0.010323	  0.034228	 -0.072327	 -0.082476	  0.220462
 -0.001487	 -0.052659	 -0.024894	  0.047627	 -0.093962	 -0.040380	  0.213525
 -0.009469	 -0.025925	 -0.024894	  0.058365	 -0.083794	 -0.035692	  0.156921
  0.038582	 -0.053546	 -0.035727	  0.073442	 -0.069572	 -0.057421	  0.106494
  0.056827	 -0.034255	 -0.048080	  0.111199	 -0.115342	 -0.044117	  0.067407
  0.076244	 -0.046292	 -0.034491	  0.106860	 -0.131497	 -0.058878	  0.075927
  0.089928	 -0.069637	 -0.007662	  0.077338	 -0.120411	 -0.028438	  0.107983
  0.037759	 -0.090321	 -0.027238	  0.092448	 -0.139764	 -0.027298	  0.109155
  0.027781	 -0.077017	 -0.034681	  0.100493	 -0.138782	 -0.051118	  0.084416
 -0.002342	 -0.062320	 -0.021694	  0.106796	 -0.116514	 -0.095748	  0.074692
  0.022808	 -0.057283	 -0.014821	  0.084560	 -0.068495	 -0.036325	  0.068389
  0.020084	 -0.091461	 -0.001612	  0.097421	 -0.059721	 -0.025777	  0.065221
 -0.019415	 -0.104669	  0.025692	  0.131535	 -0.088640	 -0.046176	  0.052931
 -0.030692	 -0.125322	  0.002347	  0.180061	 -0.125035	 -0.041742	  0.032342
 -0.037027	 -0.123105	 -0.011495	  0.217058	 -0.076857	 -0.036484	  0.055243
 -0.046339	 -0.083257	 -0.002721	  0.173853	 -0.081988	 -0.070345	  0.048813
 -0.048778	 -0.088610	 -0.003006	  0.182659	 -0.128393	 -0.097585	  0.087299
 -0.014411	 -0.120887	  0.019990	  0.173980	 -0.140429	 -0.107468	  0.139278
 -0.041493	 -0.134603	  0.038584	  0.155735	 -0.166308	 -0.062521	  0.113463
 -0.089893	 -0.110213	 -0.010576	  0.133784	 -0.184331	 -0.084028	  0.107444
 -0.105414	 -0.112683	 -0.005477	  0.116426	 -0.162349	 -0.121247	  0.110675
 -0.087771	 -0.102294	  0.017741	  0.085891	 -0.152751	 -0.113486	  0.130124
 -0.115265	 -0.076669	  0.004754	  0.057415	 -0.146733	 -0.099137	  0.128730
 -0.110799	 -0.081451	  0.019198	  0.086461	 -0.193359	 -0.090300	  0.121793
 -0.106744	 -0.093266	  0.022366	  0.094570	 -0.173055	 -0.098377	  0.152898
 -0.104939	 -0.066976	  0.018248	  0.123173	 -0.148538	 -0.124699	  0.129712
 -0.146909	 -0.060609	  0.014701	  0.118960	 -0.169824	 -0.086372	  0.131169
 -0.131451	 -0.077840	 -0.011780	  0.107778	 -0.143629	 -0.094386	  0.153278
 -0.068987	 -0.104226	 -0.026762	  0.119942	 -0.156774	 -0.085422	  0.157808
 -0.045136	 -0.137770	 -0.004907	  0.093873	 -0.167163	 -0.088653	  0.127748
 -0.067118	 -0.146766	 -0.011242	  0.056908	 -0.124370	 -0.061064	  0.102946
 -0.081214	 -0.147431	 -0.023342	  0.054659	 -0.122121	 -0.062394	  0.065950
 -0.065756	 -0.144802	 -0.016848	  0.037428	 -0.114361	 -0.042755	  0.085050
 -0.035823	 -0.145182	 -0.015739	  0.049179	 -0.160226	 -0.048077	  0.063859
 -0.030533	 -0.105588	 -0.012287	  0.056654	 -0.171154	 -0.060874	  0.049098
 -0.048462	 -0.102832	 -0.030120	  0.088425	 -0.172643	 -0.038891	  0.051442
 -0.013207	 -0.093678	 -0.023373	  0.072049	 -0.199155	 -0.045638	  0.030505
  0.006210	 -0.089370	 -0.040573	  0.080474	 -0.205459	 -0.029325	  0.049193
  0.031455	 -0.087818	 -0.039243	  0.085257	 -0.206536	 -0.050136	  0.025722
  0.000508	 -0.070872	 -0.029043	  0.103312	 -0.222437	 -0.080639	  0.013305
  0.028478	 -0.077682	 -0.030183	  0.084814	 -0.250026	 -0.098346	  0.025690
  0.026545	 -0.083637	 -0.010386	  0.078415	 -0.227631	 -0.092612	  0.046976
  0.040261	 -0.101059	  0.025217	  0.070845	 -0.213156	 -0.130433	  0.020369
  0.023790	 -0.109326	  0.057367	  0.064162	 -0.193042	 -0.117731	  0.056669
  0.000223	 -0.088135	  0.078970	  0.086461	 -0.186865	 -0.085770	  0.085462
  0.037569	 -0.075972	  0.075675	  0.103090	 -0.153448	 -0.073449	  0.087901
  0.041718	 -0.074546	  0.093287	  0.109837	 -0.160321	 -0.091092	  0.085081
  0.019133	 -0.055573	  0.128858	  0.135621	 -0.153955	 -0.099137	  0.100191
  0.004753	 -0.040780	  0.144854	  0.160169	 -0.140049	 -0.095495	  0.099779
  0.006242	 -0.069478	  0.139881	  0.166599	 -0.110528	 -0.034171	  0.070257
 -0.005795	 -0.024911	  0.124931	  0.161595	 -0.076952	 -0.032176	  0.034369
 -0.031515	 -0.022409	  0.122808	  0.136730	 -0.051802	 -0.014248	  0.017233
 -0.023216	 -0.032006	  0.105450	  0.138694	 -0.064757	 -0.031130	  0.018152
 -0.022203	 -0.016105	  0.129017	  0.167455	 -0.082115	 -0.071200	  0.034274
 -0.020302	 -0.021585	  0.112989	  0.212022	 -0.064155	 -0.084630	  0.058759
 -0.003229	 -0.033843	  0.073743	  0.200809	 -0.055444	 -0.069806	  0.102028
  0.014667	 -0.039323	  0.077639	  0.234480	 -0.051263	 -0.095748	  0.128857
  0.018120	 -0.043409	  0.051919	  0.257349	 -0.045403	 -0.072562	  0.125277
 -0.007600	 -0.049301	  0.072191	  0.246485	 -0.030579	 -0.049122	  0.113938
 -0.008171	 -0.046767	  0.051982	  0.204863	 -0.060037	 -0.055362	  0.094964
  0.014762	 -0.028839	  0.049258	  0.172649	 -0.100138	 -0.045163	  0.060470
  0.005703	 -0.035206	  0.047548	  0.136508	 -0.109863	 -0.064200	  0.082262
  0.022776	 -0.064790	  0.048878	  0.138472	 -0.081957	 -0.091947	  0.046659
  0.005862	 -0.038151	  0.048751	  0.148038	 -0.065359	 -0.096983	  0.058252
  0.041116	 -0.028427	  0.048403	  0.133530	 -0.069825	 -0.076996	  0.098543
  0.033039	 -0.017657	  0.070322	  0.098244	 -0.088165	 -0.026443	  0.096453
  0.016029	 -0.034097	  0.086730	  0.061057	 -0.104288	 -0.022071	  0.071810
  0.024360	 -0.062763	  0.090436	  0.065492	 -0.119017	  0.009477	  0.068008
  0.028826	 -0.091081	  0.118184	  0.056781	 -0.118510	 -0.018492	  0.072031
  0.039786	 -0.107584	  0.111690	  0.040373	 -0.121234	  0.013215	  0.042890
  0.008491	 -0.117878	  0.099274	  0.037744	 -0.110908	  0.034564	 -0.005827
 -0.024325	 -0.122439	  0.077703	  0.056433	 -0.109166	 -0.001292	  0.004911
 -0.050172	 -0.120380	  0.073522	  0.043446	 -0.116768	 -0.016148	 -0.037154
 -0.015678	 -0.111131	  0.067408	 -0.019588	 -0.080911	 -0.008894	 -0.031294
  0.017898	 -0.107299	  0.043620	 -0.026113	 -0.038086	 -0.059036	 -0.041905
  0.034021	 -0.085316	  0.056259	 -0.026683	 -0.020126	 -0.073924	 -0.028950
  0.033989	 -0.063143	  0.048625	 -0.003117	 -0.012271	 -0.080227	  0.006020
  0.014699	 -0.032133	  0.046566	 -0.005873	 -0.001121	 -0.081621	  0.039057
  0.011595	 -0.038912	  0.041118	  0.014906	 -0.013380	 -0.086562	  0.029808
 -0.021949	 -0.024531	  0.058698	  0.018866	 -0.011542	 -0.085327	  0.002979
 -0.017768	 -0.034699	  0.048688	  0.025264	 -0.018543	 -0.084187	 -0.029076
 -0.015234	 -0.018133	  0.032597	  0.020450	 -0.038973	 -0.056376	 -0.009976
 -0.051249	 -0.033178	  0.024361	  0.032898	 -0.000424	 -0.030877	  0.007224
 -0.056317	 -0.034319	  0.032407	  0.057668	 -0.009008	 -0.034171	  0.021858
 -0.034461	 -0.100488	  0.059014	  0.072936	 -0.005302	 -0.040570	 -0.000695
 -0.031420	 -0.106507	  0.060376	  0.063845	 -0.039385	 -0.041077	  0.031740
 -0.007125	 -0.086773	  0.089074	  0.089438	 -0.062666	 -0.087734	  0.045202
  0.011500	 -0.032640	  0.086952	  0.114209	 -0.063332	 -0.119980	  0.061357
  0.029301	 -0.032735	  0.105830	  0.072999	 -0.097541	 -0.151782	  0.059424
  0.039659	 -0.028427	  0.081567	  0.075723	 -0.109166	 -0.110382	  0.104784
  0.092779	 -0.033843	  0.050462	  0.050003	 -0.113759	 -0.112061	  0.115838
  0.103992	 -0.037043	  0.064526	  0.036984	 -0.138846	 -0.082540	  0.148337
  0.111910	 -0.016422	  0.060376	  0.033753	 -0.078757	 -0.081906	  0.116377
  0.061705	  0.010217	  0.049100	  0.024757	 -0.070427	 -0.059828	  0.100571
  0.048877	 -0.001123	  0.042131	 -0.003624	 -0.060101	 -0.054982	  0.093222
  0.066013	  0.023140	  0.054865	  0.003725	 -0.044105	 -0.056883	  0.092557
  0.056764	  0.054372	  0.050969	 -0.015248	 -0.035299	 -0.048172	  0.090245
