:RUN-1	DP I-O	12:14 PM	TEMP: NaN	HR: NaN
Level Step Size:5.00	Start dB SPL: 10	Stop dB SPL: 80	# Buffers Averaged: 8.00	Update Interval:5	Ear:Right	Etymotics Gain:40	Ipsi Driver:Starship	
:NOTES-
:CHAMBER-
:CFTS Version: V2.30.1 (R2128)
:dB	f1(Hz)	f2(Hz)	f1(dB)	f2(dB)	2f1-f2(dB)	2f1-f2Nse(dB)	f2-f1(dB)	f2-f1Nse(dB)	2f1-f2Phase Shox (1)	PostexposureTime(min)
:DATA
 10.00	4720.00	5660.00	 19.90	 11.36	  4.69	  3.57	 13.23	 13.07	  0.00	   NaN
 15.00	4720.00	5660.00	 25.02	 14.94	 -1.44	  0.16	 10.27	  8.07	  0.00	   NaN
 20.00	4720.00	5660.00	 29.94	 19.87	-13.00	 -6.26	  1.55	  3.05	  0.00	   NaN
 25.00	4720.00	5660.00	 35.01	 24.89	-12.00	 -7.19	  2.34	  0.00	  0.00	   NaN
 30.00	4720.00	5660.00	 39.99	 29.96	 -9.86	 -7.55	  0.41	  0.96	  0.00	   NaN
 35.00	4720.00	5660.00	 44.98	 34.93	 -2.03	 -5.43	 10.02	  9.43	  0.00	   NaN
 40.00	4720.00	5660.00	 49.97	 39.91	 -8.98	 -5.49	  3.96	  3.20	  0.00	   NaN
 45.00	4720.00	5660.00	 54.98	 44.92	 -4.59	 -4.99	  1.63	  4.12	  0.00	   NaN
 50.00	4720.00	5660.00	 59.98	 49.92	 -9.33	 -5.11	  6.84	  4.61	  0.00	   NaN
 55.00	4720.00	5660.00	 64.98	 54.93	-11.19	 -6.29	  4.83	  4.19	  0.00	   NaN
 60.00	4720.00	5660.00	 69.98	 59.93	 -8.00	 -6.00	  5.13	  1.10	  0.00	   NaN
 65.00	4720.00	5660.00	 74.99	 64.93	 -4.23	 -4.15	 13.89	  9.26	  0.00	   NaN
 70.00	4720.00	5660.00	 80.00	 69.95	 -9.02	 -6.77	 20.91	 -3.22	  0.00	   NaN
 75.00	4720.00	5660.00	 85.02	 74.97	 -6.71	 -6.17	 31.17	  4.44	  0.00	   NaN
 80.00	4720.00	5660.00	 90.06	 80.02	  9.03	  2.86	 40.99	 10.02	  0.00	   NaN
 10.00	6660.00	8000.00	 20.02	  9.22	-10.06	-14.35	  0.35	 -3.08	  0.00	   NaN
 15.00	6660.00	8000.00	 25.13	 14.81	 -2.78	 -3.40	 16.04	 16.15	  0.00	   NaN
 20.00	6660.00	8000.00	 30.00	 19.87	-11.12	-14.29	  2.58	  0.67	  0.00	   NaN
 25.00	6660.00	8000.00	 34.98	 24.71	 -8.93	-12.68	  2.30	  0.51	  0.00	   NaN
 30.00	6660.00	8000.00	 40.02	 29.89	-12.77	-11.49	  3.03	  2.36	  0.00	   NaN
 35.00	6660.00	8000.00	 45.01	 34.95	 -9.68	-12.52	 -0.87	  0.03	  0.00	   NaN
 40.00	6660.00	8000.00	 50.02	 39.96	-10.51	-12.17	  1.59	  2.50	  0.00	   NaN
 45.00	6660.00	8000.00	 55.01	 44.95	 -8.65	-12.95	  4.28	  3.43	  0.00	   NaN
 50.00	6660.00	8000.00	 60.01	 49.95	 -9.88	-14.19	 -6.49	 -1.10	  0.00	   NaN
 55.00	6660.00	8000.00	 65.01	 54.95	 -7.91	-11.99	  3.75	  3.23	  0.00	   NaN
 60.00	6660.00	8000.00	 70.02	 59.95	-12.08	-13.70	  0.40	  0.53	  0.00	   NaN
 65.00	6660.00	8000.00	 75.02	 64.96	 -6.67	-14.32	  1.89	 -2.46	  0.00	   NaN
 70.00	6660.00	8000.00	 80.02	 69.97	 -9.75	-11.65	 11.69	 -0.63	  0.00	   NaN
 75.00	6660.00	8000.00	 85.03	 74.98	-11.74	-10.95	 20.09	  1.89	  0.00	   NaN
 80.00	6660.00	8000.00	 90.04	 80.01	 -8.27	-13.95	 30.33	  1.66	  0.00	   NaN
 10.00	9440.00	11320.00	 19.87	  9.72	-16.64	 -7.52	  1.13	 -0.32	  0.00	   NaN
 15.00	9440.00	11320.00	 24.97	 14.78	 -8.36	 -8.54	 -1.63	 -0.72	  0.00	   NaN
 20.00	9440.00	11320.00	 29.99	 19.98	 -9.56	 -6.91	 -1.84	 -3.18	  0.00	   NaN
 25.00	9440.00	11320.00	 34.96	 25.00	 -6.57	 -9.46	 -8.67	 -5.34	  0.00	   NaN
 30.00	9440.00	11320.00	 39.97	 30.01	 -8.04	 -8.26	 -5.28	 -3.74	  0.00	   NaN
 35.00	9440.00	11320.00	 44.96	 34.96	-11.59	 -5.96	 -0.05	 -2.42	  0.00	   NaN
 40.00	9440.00	11320.00	 49.97	 39.98	-10.55	-10.70	 -0.35	 -4.34	  0.00	   NaN
 45.00	9440.00	11320.00	 54.97	 44.97	 -7.23	 -7.29	 -6.36	 -7.36	  0.00	   NaN
 50.00	9440.00	11320.00	 59.97	 49.97	 -7.72	 -7.17	 -5.02	 -5.58	  0.00	   NaN
 55.00	9440.00	11320.00	 64.97	 54.97	 -7.37	 -7.69	 -0.81	 -2.36	  0.00	   NaN
 60.00	9440.00	11320.00	 69.99	 59.98	  2.91	  2.12	 -1.05	  2.41	  0.00	   NaN
 65.00	9440.00	11320.00	 74.97	 64.98	 -5.82	 -7.72	  4.07	 -0.66	  0.00	   NaN
 70.00	9440.00	11320.00	 79.98	 69.98	 -2.87	 -3.00	 13.15	  6.35	  0.00	   NaN
 75.00	9440.00	11320.00	 85.01	 74.98	 -7.56	 -6.10	 20.98	  0.52	  0.00	   NaN
 80.00	9440.00	11320.00	 90.06	 79.99	  1.89	 -7.24	 31.11	 -4.41	  0.00	   NaN
 10.00	13340.00	16000.00	 20.56	 10.26	-15.19	 -8.46	 -2.92	 -5.70	  0.00	   NaN
 15.00	13340.00	16000.00	 24.90	 15.95	-10.62	 -9.12	 -4.18	 -2.42	  0.00	   NaN
 20.00	13340.00	16000.00	 29.86	 20.50	 -6.96	 -9.56	 -5.19	 -4.40	  0.00	   NaN
 25.00	13340.00	16000.00	 34.94	 24.91	 -0.46	 -3.84	  5.90	  5.99	  0.00	   NaN
 30.00	13340.00	16000.00	 39.96	 29.94	 -7.13	 -8.20	 -2.46	 -4.52	  0.00	   NaN
 35.00	13340.00	16000.00	 44.94	 35.04	-13.70	-10.46	 -6.24	 -6.77	  0.00	   NaN
 40.00	13340.00	16000.00	 49.96	 40.05	 -6.18	 -5.49	  4.45	  7.44	  0.00	   NaN
 45.00	13340.00	16000.00	 54.95	 44.95	-11.01	 -8.89	 -8.44	 -7.57	  0.00	   NaN
 50.00	13340.00	16000.00	 59.96	 49.99	 -8.24	 -8.09	 -4.59	 -3.98	  0.00	   NaN
 55.00	13340.00	16000.00	 64.97	 54.98	-12.17	 -6.51	  8.96	  7.33	  0.00	   NaN
 60.00	13340.00	16000.00	 69.97	 59.98	-10.45	 -6.71	  3.39	  2.07	  0.00	   NaN
 65.00	13340.00	16000.00	 75.00	 64.97	 -5.81	 -8.14	 -0.65	 -3.64	  0.00	   NaN
 70.00	13340.00	16000.00	 80.01	 69.97	 -7.08	 -7.85	 -4.33	 -5.57	  0.00	   NaN
 75.00	13340.00	16000.00	 85.04	 74.98	 -0.53	 -8.30	  5.83	 -3.17	  0.00	   NaN
 80.00	13340.00	16000.00	 90.09	 79.99	  8.59	 -6.14	 17.32	  4.40	  0.00	   NaN
 10.00	18880.00	22640.00	 20.28	 10.52	  0.64	 -0.17	 -1.50	 -8.38	  0.00	   NaN
 15.00	18880.00	22640.00	 24.78	 15.06	  3.12	  0.74	 -0.93	 -1.71	  0.00	   NaN
 20.00	18880.00	22640.00	 29.99	 19.16	  4.41	  2.30	 -0.75	-10.77	  0.00	   NaN
 25.00	18880.00	22640.00	 35.00	 24.98	  2.93	  0.06	 -3.09	-10.91	  0.00	   NaN
 30.00	18880.00	22640.00	 40.01	 30.14	  1.10	  1.85	 -1.74	 -3.49	  0.00	   NaN
 35.00	18880.00	22640.00	 44.99	 35.03	  0.49	  1.71	 -2.10	 -9.02	  0.00	   NaN
 40.00	18880.00	22640.00	 49.99	 40.03	 -3.36	  0.80	 -2.09	-11.28	  0.00	   NaN
 45.00	18880.00	22640.00	 54.99	 45.01	 -0.66	 -0.11	 -5.81	 -9.03	  0.00	   NaN
 50.00	18880.00	22640.00	 59.98	 50.00	 -1.79	  1.13	  0.70	 -9.51	  0.00	   NaN
 55.00	18880.00	22640.00	 64.99	 55.02	  1.25	 -0.46	  2.24	  1.88	  0.00	   NaN
 60.00	18880.00	22640.00	 69.99	 60.01	  2.47	  0.96	  1.46	 -9.02	  0.00	   NaN
 65.00	18880.00	22640.00	 75.00	 65.01	 -0.62	  2.11	 -1.81	 -8.16	  0.00	   NaN
 70.00	18880.00	22640.00	 80.00	 70.02	  2.92	  0.91	 -2.13	 -7.18	  0.00	   NaN
 75.00	18880.00	22640.00	 85.00	 75.01	  8.03	  1.00	  5.83	-10.93	  0.00	   NaN
 80.00	18880.00	22640.00	 90.02	 80.03	  8.90	 -1.15	 13.49	 -9.31	  0.00	   NaN
 10.00	26660.00	32000.00	 20.12	 10.43	 -6.47	 -2.25	-10.48	-11.81	  0.00	   NaN
 15.00	26660.00	32000.00	 24.95	 15.04	 -1.95	 -3.51	-13.85	-13.64	  0.00	   NaN
 20.00	26660.00	32000.00	 29.99	 20.19	 -5.10	 -1.01	-13.48	-11.99	  0.00	   NaN
 25.00	26660.00	32000.00	 34.95	 24.95	 -5.43	 -3.88	-12.08	-14.29	  0.00	   NaN
 30.00	26660.00	32000.00	 39.98	 30.04	 -1.49	 -0.26	-14.64	-13.09	  0.00	   NaN
 35.00	26660.00	32000.00	 44.97	 35.03	 -0.94	 -0.06	-14.68	-13.24	  0.00	   NaN
 40.00	26660.00	32000.00	 49.95	 40.01	 -2.40	 -4.62	-13.65	-12.43	  0.00	   NaN
 45.00	26660.00	32000.00	 54.97	 45.00	 -1.38	 -2.52	-13.00	-13.44	  0.00	   NaN
 50.00	26660.00	32000.00	 59.94	 49.99	 -0.64	 -2.91	-14.19	-12.82	  0.00	   NaN
 55.00	26660.00	32000.00	 64.95	 54.99	  1.72	  0.60	 -7.86	 -8.28	  0.00	   NaN
 60.00	26660.00	32000.00	 69.97	 59.99	  2.81	 -2.39	-13.07	-12.34	  0.00	   NaN
 65.00	26660.00	32000.00	 74.99	 65.00	 -1.59	 -0.92	-10.24	-11.91	  0.00	   NaN
 70.00	26660.00	32000.00	 80.00	 70.00	 -1.40	 -2.27	 -2.71	-11.30	  0.00	   NaN
 75.00	26660.00	32000.00	 85.01	 75.02	 -0.48	 -2.83	  4.22	-12.38	  0.00	   NaN
 80.00	26660.00	32000.00	 90.01	 80.01	  8.16	 -1.94	 14.04	 -6.51	  0.00	   NaN
 10.00	37700.00	45240.00	 20.05	 15.82	 -4.27	 -5.57	  9.70	  8.63	  0.00	   NaN
 15.00	37700.00	45240.00	 25.15	 17.72	 -3.69	 -6.57	-10.87	 -8.06	  0.00	   NaN
 20.00	37700.00	45240.00	 30.23	 18.32	 -7.92	 -6.51	 -6.12	 -7.92	  0.00	   NaN
 25.00	37700.00	45240.00	 35.06	 24.39	 -9.40	 -7.61	 -9.04	 -6.77	  0.00	   NaN
 30.00	37700.00	45240.00	 40.06	 30.35	 -9.50	 -5.77	 -6.91	 -5.83	  0.00	   NaN
 35.00	37700.00	45240.00	 45.05	 34.77	 -4.45	 -5.87	 -9.21	 -7.42	  0.00	   NaN
 40.00	37700.00	45240.00	 50.05	 40.10	 -5.79	 -6.40	 -5.17	 -6.84	  0.00	   NaN
 45.00	37700.00	45240.00	 55.06	 45.14	 -5.30	 -5.00	 -7.62	 -7.08	  0.00	   NaN
 50.00	37700.00	45240.00	 60.06	 49.99	 -7.57	 -4.94	 -6.41	 -7.35	  0.00	   NaN
 55.00	37700.00	45240.00	 65.05	 55.00	 -5.34	 -7.59	 -8.90	 -8.40	  0.00	   NaN
 60.00	37700.00	45240.00	 70.04	 60.02	 -3.96	 -5.40	 -8.28	 -6.41	  0.00	   NaN
 65.00	37700.00	45240.00	 75.04	 65.02	 -5.65	 -5.92	 -8.77	 -6.28	  0.00	   NaN
 70.00	37700.00	45240.00	 80.05	 70.01	 -7.24	 -7.36	 -5.99	 -8.58	  0.00	   NaN
 75.00	37700.00	45240.00	 85.04	 75.00	 -5.72	 -6.25	 -6.56	 -5.97	  0.00	   NaN
 80.00	37700.00	45240.00	 90.05	 80.01	 -4.03	 -5.81	 -1.09	 -4.79	  0.00	   NaN
