:RUN-3	LEVEL SWEEP	TEMP:NaN	8/27/2019	12:10 PM	HR:-636.36:SW EAR: R	SW FREQ: 11.30	# AVERAGES: 512	REP RATE (/sec): 80	DRIVER: 	SAMPLE (µsec): 40	MASKER dB: 2147483647:NOTES-:CHAMBER-SEWELL-PXI1:CFTS Version: V2.7.2 (R850):LEVELS:20;30;40;50;60;70;80;:DATA  0.023646	  0.020234	  0.011295	 -0.019468	  0.047209	  0.027434	 -0.074435
  0.019750	  0.001039	  0.003725	 -0.021051	  0.068875	  0.003582	 -0.057457
  0.015157	 -0.019043	  0.017726	  0.001343	  0.027824	  0.025153	 -0.035348
  0.008061	 -0.005550	  0.033056	 -0.026024	  0.013538	  0.020149	 -0.008392
  0.024564	 -0.002160	  0.024631	 -0.013323	  0.021172	  0.015492	 -0.024705
  0.018356	  0.001261	  0.026816	 -0.019404	  0.014362	 -0.002436	 -0.030533
  0.020161	 -0.009731	 -0.011479	 -0.010535	 -0.036034	 -0.006078	 -0.060593
 -0.001346	  0.014216	  0.016268	 -0.035337	 -0.035654	 -0.019857	 -0.051154
 -0.063715	 -0.009224	  0.021622	 -0.051365	 -0.027133	 -0.018337	 -0.048335
 -0.036949	  0.012917	 -0.020760	 -0.018802	 -0.052188	  0.021131	 -0.071300
 -0.045882	 -0.005771	 -0.034222	 -0.050034	 -0.070053	  0.010583	 -0.113079
 -0.027890	  0.006234	 -0.038910	 -0.034292	 -0.039106	  0.004058	 -0.090653
 -0.023044	 -0.005866	 -0.042458	 -0.000431	 -0.045346	 -0.038546	 -0.084476
 -0.001346	 -0.025695	 -0.028267	  0.024371	 -0.056686	 -0.083050	 -0.095880
 -0.015157	 -0.048406	 -0.013506	  0.042331	 -0.033690	 -0.062714	 -0.019479
 -0.008790	 -0.032379	 -0.005841	  0.013791	 -0.022065	 -0.044976	  0.049985
  0.027510	 -0.004441	  0.033405	  0.053829	  0.004827	 -0.011780	  0.134115
  0.009518	  0.012379	  0.003598	  0.065612	  0.035426	  0.020560	  0.206936
  0.026845	  0.024890	  0.003852	  0.043535	  0.066848	  0.055340	  0.220462
  0.030551	  0.075096	 -0.000551	  0.055254	  0.117877	  0.084291	  0.254323
  0.015473	  0.085390	  0.023174	  0.024656	  0.146036	  0.118279	  0.244883
 -0.009867	  0.060145	  0.026816	  0.065295	  0.113410	  0.194870	  0.228634
 -0.006699	  0.071105	  0.037998	  0.076952	  0.093011	  0.198607	  0.182863
 -0.003120	  0.068191	  0.047722	  0.061368	  0.072676	  0.203105	  0.127400
  0.005971	  0.085960	  0.038156	  0.055191	  0.061304	  0.177068	  0.114603
  0.014491	  0.078992	  0.030902	  0.086613	  0.117560	  0.219640	  0.146310
  0.036252	  0.106074	  0.025708	  0.073341	  0.149520	  0.224613	  0.189800
  0.049936	  0.118618	 -0.024561	  0.091048	  0.111225	  0.209535	  0.218720
  0.014460	  0.125460	 -0.033684	  0.077427	  0.092600	  0.242858	  0.265124
  0.002233	  0.154981	  0.011929	  0.069382	  0.091301	  0.244568	  0.313017
  0.007618	  0.147664	  0.019816	  0.085124	  0.103243	  0.222807	  0.382861
  0.049588	  0.142121	  0.030079	  0.127981	  0.121583	  0.291131	  0.447320
  0.077779	  0.134930	  0.026500	  0.121107	  0.180910	  0.403262	  0.515834
  0.068466	  0.136546	  0.005911	  0.174797	  0.255632	  0.505573	  0.611810
  0.092634	  0.114437	 -0.013475	  0.213473	  0.303367	  0.528379	  0.620584
  0.073756	  0.059828	 -0.012239	  0.273434	  0.355188	  0.553593	  0.667242
  0.061624	  0.056027	 -0.032068	  0.346192	  0.372324	  0.547194	  0.613394
  0.034384	  0.063439	 -0.010402	  0.376157	  0.373053	  0.547131	  0.533192
 -0.011451	  0.108197	  0.033722	  0.406724	  0.335549	  0.438326	  0.436424
  0.000079	  0.108133	  0.070402	  0.401972	  0.271755	  0.325720	  0.310388
 -0.024152	  0.082635	  0.124978	  0.361903	  0.210907	  0.203390	  0.139880
 -0.001346	  0.081906	  0.157762	  0.313250	  0.091839	  0.088852	 -0.026827
 -0.010279	  0.094354	  0.193904	  0.247112	 -0.011327	 -0.063126	 -0.180389
  0.018958	  0.114120	  0.180252	  0.163141	 -0.088773	 -0.201230	 -0.319222
  0.033053	  0.139967	  0.141798	  0.053322	 -0.203755	 -0.298125	 -0.467653
  0.021112	  0.156090	  0.098434	 -0.022794	 -0.302075	 -0.362679	 -0.573322
  0.014270	  0.139555	  0.008888	 -0.093018	 -0.393015	 -0.405663	 -0.643419
 -0.010057	  0.124003	 -0.075083	 -0.156717	 -0.444772	 -0.451497	 -0.746142
  0.022505	  0.173226	 -0.127569	 -0.301251	 -0.462447	 -0.469583	 -0.784406
  0.024533	  0.170819	 -0.182621	 -0.358869	 -0.481705	 -0.451433	 -0.832331
 -0.002043	  0.133410	 -0.221898	 -0.368466	 -0.462637	 -0.424319	 -0.843290
 -0.020953	  0.093024	 -0.221867	 -0.386743	 -0.429600	 -0.417066	 -0.749183
 -0.034574	  0.020361	 -0.187340	 -0.413414	 -0.357855	 -0.376901	 -0.650546
 -0.043538	 -0.010428	 -0.220283	 -0.365520	 -0.265933	 -0.332303	 -0.521723
 -0.022284	 -0.037542	 -0.254746	 -0.315093	 -0.169799	 -0.242756	 -0.358341
 -0.013224	 -0.072289	 -0.260099	 -0.207112	 -0.065777	 -0.226507	 -0.152357
  0.000111	 -0.077801	 -0.217369	 -0.130014	  0.018289	 -0.140540	  0.055022
  0.025546	 -0.051890	 -0.170553	 -0.049559	  0.069318	 -0.001929	  0.227240
  0.041669	 -0.043275	 -0.141348	  0.064377	  0.127379	  0.132184	  0.380707
  0.077652	 -0.032252	 -0.055286	  0.151421	  0.186802	  0.275325	  0.490209
  0.046547	 -0.037890	  0.040405	  0.222247	  0.248727	  0.404845	  0.550582
  0.019338	 -0.015084	  0.072777	  0.268714	  0.277267	  0.507030	  0.523595
  0.013446	  0.008261	  0.093556	  0.288860	  0.340839	  0.555683	  0.443361
  0.014840	 -0.000640	  0.092067	  0.271502	  0.343151	  0.523691	  0.308804
  0.014143	  0.021375	  0.101950	  0.259243	  0.305299	  0.446815	  0.164998
  0.032325	  0.067335	  0.121779	  0.263044	  0.265705	  0.347861	  0.039026
  0.000903	  0.091155	  0.145187	  0.233428	  0.157059	  0.263003	 -0.076938
  0.011071	  0.118554	  0.165586	  0.212712	  0.059879	  0.161040	 -0.125243
 -0.010912	  0.119346	  0.197768	  0.190223	 -0.031536	  0.034909	 -0.168416
 -0.056049	  0.133315	  0.196913	  0.136438	 -0.080696	  0.013655	 -0.190019
 -0.092920	  0.118269	  0.168405	  0.128203	 -0.142495	  0.015366	 -0.130374
 -0.088517	  0.116369	  0.147309	  0.088165	 -0.182342	  0.011026	 -0.108043
 -0.067643	  0.128881	  0.116711	  0.046069	 -0.181804	  0.042828	 -0.121283
 -0.021777	  0.165054	  0.073759	  0.027253	 -0.126118	  0.094079	 -0.099491
 -0.017691	  0.147759	  0.074203	  0.000424	 -0.067392	  0.147072	 -0.081404
 -0.026560	  0.147030	  0.037586	 -0.009965	 -0.029224	  0.185525	 -0.120713
  0.021333	  0.110731	 -0.018606	 -0.002901	  0.033398	  0.186729	 -0.118179
  0.030171	  0.081716	 -0.019715	  0.029502	  0.083002	  0.190879	 -0.096608
  0.022632	  0.032968	  0.005847	  0.043503	  0.089020	  0.182896	 -0.097337
  0.012433	  0.038352	 -0.002990	  0.071884	  0.120696	  0.164335	 -0.101486
  0.029506	  0.050991	  0.022192	  0.137389	  0.160480	  0.164271	 -0.075354
  0.013446	  0.037402	  0.004359	  0.167670	  0.125985	  0.114731	 -0.126193
  0.037646	  0.027836	  0.057953	  0.195069	  0.119650	  0.068770	 -0.125179
 -0.008156	  0.076331	  0.056623	  0.168430	  0.069318	  0.009031	 -0.153687
 -0.023867	  0.081874	  0.020038	  0.159751	 -0.001191	 -0.029075	 -0.163285
  0.028872	  0.107626	 -0.006348	  0.196748	 -0.059379	 -0.051659	 -0.200376
  0.043443	  0.139175	 -0.015755	  0.191300	 -0.132168	 -0.111462	 -0.232970
  0.014270	  0.130718	 -0.040050	  0.128203	 -0.194886	 -0.134712	 -0.239052
 -0.022347	  0.141836	 -0.045720	  0.113980	 -0.236634	 -0.162333	 -0.243803
 -0.011102	  0.165561	 -0.035964	  0.043820	 -0.221018	 -0.216529	 -0.244247
  0.001378	  0.184787	 -0.063807	 -0.005531	 -0.240973	 -0.246621	 -0.282606
 -0.018673	  0.163692	 -0.124813	 -0.064668	 -0.308410	 -0.246494	 -0.271329
 -0.021587	  0.123559	 -0.193390	 -0.102362	 -0.253548	 -0.232367	 -0.270664
 -0.020193	  0.104015	 -0.152498	 -0.130806	 -0.227955	 -0.186533	 -0.275257
 -0.027985	  0.055742	 -0.126270	 -0.132675	 -0.182089	 -0.165279	 -0.259863
 -0.005971	  0.049629	 -0.101912	 -0.134639	 -0.122539	 -0.157708	 -0.242251
  0.022125	  0.022325	 -0.097636	 -0.145250	 -0.072555	 -0.125621	 -0.229771
  0.003880	  0.009370	 -0.058707	 -0.145472	 -0.049939	 -0.101991	 -0.171235
 -0.040972	  0.005949	 -0.002325	 -0.102584	 -0.041830	 -0.093312	 -0.079662
 -0.018102	  0.008894	 -0.004637	 -0.081361	 -0.041925	 -0.038799	 -0.016596
 -0.013288	 -0.021609	 -0.007520	 -0.056148	  0.006569	  0.000383	  0.046026
 -0.016170	 -0.043180	  0.012372	 -0.066854	  0.039353	  0.025819	  0.122902
 -0.015885	 -0.056167	  0.007304	 -0.032074	  0.046480	  0.049892	  0.182895
 -0.002740	 -0.061615	 -0.006221	  0.011479	  0.073499	  0.082296	  0.207887
 -0.016234	 -0.054963	 -0.005017	  0.070047	  0.100645	  0.099495	  0.281500
 -0.035302	 -0.044415	  0.048862	  0.086265	  0.099822	  0.121985	  0.337027
 -0.043728	  0.021438	  0.094887	  0.133619	  0.110053	  0.148909	  0.407219
 -0.059185	  0.050389	  0.098181	  0.171661	  0.113569	  0.197150	  0.460117
 -0.064824	  0.118111	  0.120892	  0.175272	  0.159118	  0.250048	  0.486028
 -0.036189	  0.145827	  0.104738	  0.172675	  0.190160	  0.254419	  0.466357
 -0.008822	  0.145035	  0.127449	  0.182177	  0.195893	  0.276054	  0.419161
  0.011387	  0.147791	  0.155798	  0.185408	  0.223577	  0.303706	  0.370983
  0.011261	  0.182317	  0.171129	  0.186010	  0.220219	  0.318087	  0.343235
  0.001726	  0.193562	  0.135684	  0.176983	  0.198807	  0.316788	  0.299903
 -0.020985	  0.201100	  0.117661	  0.187277	  0.182336	  0.279411	  0.259296
 -0.039008	  0.177280	  0.131725	  0.158548	  0.171978	  0.240545	  0.167152
 -0.041415	  0.181683	  0.115190	  0.168050	  0.147810	  0.167946	  0.105322
 -0.029886	  0.204141	  0.101158	  0.171725	  0.113094	  0.117012	  0.019894
 -0.038913	  0.222323	  0.050129	  0.158674	  0.094183	  0.072540	 -0.082418
 -0.026528	  0.182253	  0.022192	  0.139542	  0.062255	  0.046629	 -0.216499
 -0.029696	  0.154633	 -0.001121	  0.107424	  0.033398	  0.049892	 -0.249188
 -0.048099	  0.119695	 -0.019176	  0.082020	 -0.034450	  0.034719	 -0.278234
 -0.005464	  0.132365	 -0.014583	  0.072771	 -0.073347	  0.015239	 -0.366292
  0.006478	  0.093689	 -0.010085	  0.040842	 -0.108887	 -0.005540	 -0.424796
  0.005844	  0.044022	  0.018612	 -0.016300	 -0.152409	 -0.059483	 -0.493531
  0.013921	  0.023560	 -0.009389	 -0.038726	 -0.178003	 -0.096670	 -0.555837
 -0.004545	  0.001546	 -0.030516	 -0.039328	 -0.222190	 -0.162206	 -0.588779
 -0.002962	  0.046841	 -0.059721	 -0.060836	 -0.194886	 -0.202592	 -0.685927
  0.008093	  0.049154	 -0.058454	 -0.090642	 -0.200492	 -0.242883	 -0.699453
 -0.005907	  0.031606	 -0.084522	 -0.074456	 -0.231914	 -0.268160	 -0.711616
 -0.013383	  0.005283	 -0.108247	 -0.090484	 -0.247055	 -0.269522	 -0.700910
 -0.001156	  0.031162	 -0.096527	 -0.115982	 -0.214017	 -0.263884	 -0.693149
  0.003627	  0.039778	 -0.084459	 -0.141133	 -0.161373	 -0.217923	 -0.644781
 -0.008251	  0.040506	 -0.079486	 -0.152694	 -0.135178	 -0.219855	 -0.610287
 -0.002962	  0.049280	 -0.065359	 -0.142590	 -0.113543	 -0.186374	 -0.526981
 -0.015790	  0.056597	 -0.047652	 -0.142495	 -0.084022	 -0.184125	 -0.484599
  0.019686	  0.054824	 -0.053005	 -0.095710	 -0.018834	 -0.158817	 -0.403669
  0.049081	  0.027456	 -0.097984	 -0.051301	  0.008280	 -0.105539	 -0.320458
  0.056081	  0.002401	 -0.135013	 -0.033753	  0.051548	 -0.043360	 -0.256062
  0.071000	  0.044719	 -0.141981	 -0.018834	  0.075907	 -0.006934	 -0.197146
  0.048194	  0.042977	 -0.102324	  0.012429	  0.149077	  0.000162	 -0.152072
  0.039198	  0.030814	 -0.075812	  0.069255	  0.167892	  0.023348	 -0.157678
  0.055194	  0.040190	 -0.059974	  0.062286	  0.133841	  0.025755	 -0.147130
  0.069607	  0.057421	 -0.028932	  0.088387	  0.078504	  0.037760	 -0.164393
  0.077272	  0.068729	  0.007526	  0.061526	  0.044200	  0.061580	 -0.184570
  0.026180	  0.095843	 -0.016040	  0.039892	  0.035996	  0.014574	 -0.235124
 -0.015252	  0.061349	  0.019024	  0.089749	  0.018258	 -0.020301	 -0.263727
  0.004324	  0.047127	  0.036192	  0.067544	 -0.007114	 -0.041808	 -0.339684
 -0.007016	  0.046271	  0.048736	  0.038688	 -0.062451	 -0.070348	 -0.436579
 -0.023741	  0.058498	  0.092384	  0.039734	 -0.084941	 -0.129105	 -0.505536
 -0.006129	  0.062172	  0.071320	  0.040525	 -0.087126	 -0.178994	 -0.558814
 -0.032990	  0.060240	  0.028115	 -0.001983	 -0.093208	 -0.201198	 -0.627676
 -0.056398	  0.051783	  0.044301	 -0.047310	 -0.100905	 -0.204588	 -0.680543
 -0.047592	  0.079562	  0.013449	 -0.071067	 -0.116996	 -0.212918	 -0.699738
 -0.065584	  0.139080	 -0.023833	 -0.072080	 -0.150667	 -0.262490	 -0.752699
 -0.067896	  0.098250	 -0.041919	 -0.087189	 -0.172871	 -0.289826	 -0.765432
 -0.061973	  0.083300	 -0.070427	 -0.128684	 -0.176514	 -0.315926	 -0.776424
 -0.063271	  0.080924	 -0.058264	 -0.177971	 -0.206447	 -0.328660	 -0.782094
 -0.030994	  0.094196	 -0.051580	 -0.186618	 -0.227796	 -0.335090	 -0.794289
 -0.044076	  0.057263	 -0.088513	 -0.180980	 -0.225611	 -0.303573	 -0.772148
 -0.026623	  0.036579	 -0.097446	 -0.155640	 -0.229253	 -0.317478	 -0.743703
  0.009772	 -0.027184	 -0.142520	 -0.178478	 -0.217850	 -0.311935	 -0.716494
  0.031089	 -0.068013	 -0.134759	 -0.164889	 -0.210406	 -0.303003	 -0.674714
  0.017564	 -0.048058	 -0.112428	 -0.127449	 -0.206320	 -0.295179	 -0.612852
 -0.002677	 -0.075584	 -0.116039	 -0.106416	 -0.171858	 -0.273386	 -0.592232
 -0.037076	 -0.060379	 -0.153606	 -0.076895	 -0.166283	 -0.256694	 -0.559923
 -0.090481	 -0.040392	 -0.155348	 -0.069736	 -0.138250	 -0.250010	 -0.554221
 -0.086553	 -0.045080	 -0.146004	 -0.063085	 -0.106828	 -0.234014	 -0.532049
 -0.060484	 -0.040139	 -0.123800	 -0.050636	 -0.120797	 -0.232937	 -0.519505
 -0.059629	 -0.000703	 -0.149932	 -0.009458	 -0.098909	 -0.210131	 -0.502179
 -0.049018	  0.004523	 -0.141095	 -0.028907	 -0.031979	 -0.201705	 -0.462933
 -0.048511	 -0.012962	 -0.148475	 -0.035844	 -0.018422	 -0.184411	 -0.433697
 -0.081453	 -0.041153	 -0.103908	 -0.059790	 -0.049939	 -0.197746	 -0.429231
 -0.053325	 -0.030193	 -0.070047	 -0.052948	 -0.035210	 -0.201103	 -0.444910
 -0.023139	 -0.011188	 -0.040177	 -0.004168	 -0.045695	 -0.182858	 -0.464327
 -0.029379	  0.032112	 -0.005651	 -0.014653	 -0.078004	 -0.189257	 -0.467336
 -0.047339	  0.053842	 -0.050725	 -0.013196	 -0.124440	 -0.175035	 -0.480513
 -0.035207	  0.073449	 -0.046037	 -0.020703	 -0.106036	 -0.198253	 -0.489477
 -0.017057	  0.056312	 -0.030516	 -0.012911	 -0.120829	 -0.226760	 -0.509813
 -0.021903	  0.054855	 -0.017371	 -0.012784	 -0.135811	 -0.261001	 -0.504554
 -0.008251	  0.076426	 -0.000329	 -0.003662	 -0.153739	 -0.254635	 -0.486595
  0.012876	  0.077883	  0.032708	 -0.026626	 -0.180125	 -0.230245	 -0.486056
  0.008220	  0.050769	  0.044713	 -0.043794	 -0.217850	 -0.243263	 -0.472277
  0.002803	  0.047127	  0.023617	 -0.031821	 -0.214714	 -0.208389	 -0.491156
 -0.019148	  0.036199	 -0.006538	 -0.020735	 -0.219751	 -0.205633	 -0.489255
 -0.025990	  0.066290	 -0.003307	 -0.038663	 -0.218135	 -0.210828	 -0.425778
 -0.008378	  0.079245	  0.001539	 -0.053455	 -0.187315	 -0.230973	 -0.377853
  0.041986	  0.079119	  0.000431	 -0.090515	 -0.202519	 -0.251055	 -0.347920
  0.045818	  0.103730	 -0.010656	 -0.089977	 -0.196691	 -0.226064	 -0.281117
  0.007016	  0.083775	 -0.035046	 -0.073791	 -0.192827	 -0.223561	 -0.231292
  0.028967	  0.081368	 -0.020823	 -0.066347	 -0.140309	 -0.230435	 -0.184697
  0.018894	  0.079435	 -0.019746	 -0.083420	 -0.139485	 -0.241996	 -0.153307
  0.012908	  0.073069	 -0.012176	 -0.059600	 -0.139137	 -0.236263	 -0.101296
  0.002075	  0.115609	 -0.055191	 -0.049718	 -0.135621	 -0.190365	 -0.096323
 -0.039325	  0.106328	 -0.097066	 -0.057320	 -0.119942	 -0.173989	 -0.093694
 -0.019243	  0.093816	 -0.113252	 -0.099828	 -0.135083	 -0.165975	 -0.112002
 -0.013034	  0.063123	 -0.112713	 -0.098244	 -0.154373	 -0.136803	 -0.134967
 -0.018483	  0.042945	 -0.065200	 -0.042781	 -0.119467	 -0.094801	 -0.096450
 -0.036347	  0.031764	 -0.045720	 -0.057541	 -0.142621	 -0.082511	 -0.061797
 -0.039388	  0.010637	 -0.019208	 -0.047025	 -0.114430	 -0.059831	 -0.039941
  0.000998	 -0.011124	 -0.005588	 -0.041672	 -0.094221	 -0.031102	 -0.012764
  0.005749	  0.007184	  0.043763	 -0.055641	 -0.084434	 -0.035917	 -0.002406
  0.009297	  0.004080	  0.024979	 -0.042211	 -0.051650	 -0.026097	  0.019799
  0.016012	  0.022927	 -0.003370	 -0.021178	 -0.024187	  0.007098	  0.052551
  0.029284	  0.036167	 -0.028457	 -0.014305	  0.012208	  0.059394	  0.053596
  0.011736	  0.051688	  0.011802	  0.026683	  0.018479	  0.091323	  0.034433
  0.023804	  0.006487	  0.041640	  0.056110	  0.018163	  0.147452	  0.017106
  0.035080	  0.016972	  0.044745	  0.002262	  0.039258	  0.168991	  0.055275
  0.032578	  0.020393	  0.089755	 -0.028368	  0.058200	  0.181693	  0.088724
  0.108282	 -0.002604	  0.074614	  0.004194	  0.102102	  0.200381	  0.131866
  0.118640	  0.024289	  0.080474	  0.065929	  0.081640	  0.262275	  0.129775
  0.055068	  0.058846	  0.083135	  0.105270	  0.093550	  0.307824	  0.103390
  0.042619	  0.075096	  0.067456	  0.114772	  0.097383	  0.289262	  0.164333
 -0.036085	 -0.022135	  0.002566	  0.118415	  0.014840	  0.026430	  0.014135
 -0.022369	 -0.000722	 -0.006905	  0.144072	 -0.017342	 -0.032264	 -0.007974
 -0.022147	 -0.002179	  0.034463	  0.084807	 -0.033750	 -0.021907	 -0.032047
 -0.028419	  0.011504	  0.026671	  0.053259	 -0.015790	 -0.019753	 -0.040885
 -0.011283	  0.005011	  0.010390	  0.064440	  0.034542	 -0.017567	 -0.008291
  0.015008	 -0.016338	  0.013969	  0.055825	  0.029569	 -0.022318	 -0.015070
  0.035628	 -0.007564	  0.012670	  0.032955	 -0.013985	  0.003053	 -0.011554
  0.019189	 -0.019791	  0.021793	  0.031973	 -0.001251	 -0.003630	  0.029054
 -0.036465	 -0.030244	  0.015933	  0.006823	  0.020763	 -0.059695	 -0.152920
 -0.017998	 -0.002908	 -0.002882	  0.005746	  0.044868	  0.076952	  0.311725
 -0.014957	  0.006278	  0.005258	 -0.033975	 -0.049651	 -0.141449	 -0.495141
  0.023750	  0.017523	  0.016598	 -0.012974	  0.083987	  0.221677	  0.590879
 -0.000228	  0.026519	 -0.043395	 -0.082565	 -0.054782	 -0.168785	 -0.637331
  0.007406	  0.017459	 -0.027241	 -0.044840	  0.044361	  0.235487	  0.627844
  0.036610	  0.035926	 -0.005258	 -0.085986	 -0.041035	 -0.067519	 -0.381268
  0.055077	  0.024396	  0.002661	 -0.049401	  0.056683	  0.112270	  0.281411
  0.048235	 -0.010320	 -0.013905	 -0.081330	  0.007618	  0.004257	 -0.016717
  0.014089	 -0.001926	 -0.019385	 -0.076325	 -0.017089	 -0.046202	 -0.061854
 -0.031872	 -0.022863	 -0.028318	 -0.052600	  0.013763	  0.084871	  0.389741
 -0.033170	 -0.007627	 -0.015679	 -0.078320	 -0.106318	 -0.163907	 -0.383738
 -0.014292	  0.028134	 -0.020145	 -0.051586	 -0.021270	  0.165294	  0.686697
 -0.021514	  0.025188	 -0.066170	 -0.074361	 -0.113065	 -0.201949	 -0.522508
 -0.013088	 -0.024225	 -0.041241	  0.024909	  0.011419	  0.181576	  0.766709
  0.008356	  0.004979	 -0.010611	  0.018701	 -0.118260	 -0.204040	 -0.449718
  0.002813	  0.021355	 -0.012955	  0.063078	  0.025388	  0.113347	  0.630347
 -0.016351	  0.006785	  0.029205	  0.027919	 -0.039357	 -0.135874	 -0.208701
  0.039429	 -0.002749	  0.072727	  0.055001	  0.013319	  0.041729	  0.258795
  0.042280	 -0.036515	  0.044504	  0.073151	 -0.056335	  0.020000	  0.118505
  0.022578	 -0.013899	  0.070161	  0.064979	 -0.080851	 -0.054310	 -0.140821
 -0.022844	  0.011378	  0.064839	  0.071694	 -0.006889	  0.158801	  0.480839
 -0.029116	  0.029654	  0.041241	  0.027063	 -0.061783	 -0.167170	 -0.488330
 -0.001590	  0.033487	  0.066138	  0.053005	  0.070715	  0.170014	  0.680710
  0.023243	  0.016541	  0.030313	 -0.009427	 -0.049429	 -0.205465	 -0.570876
  0.017162	  0.022844	  0.004846	  0.010117	  0.074136	  0.162982	  0.739468
 -0.001939	  0.019930	 -0.035761	  0.024656	 -0.033022	 -0.233846	 -0.409617
  0.008704	  0.009224	 -0.058853	  0.024308	  0.047180	  0.087151	  0.517297
  0.041108	  0.035514	 -0.099967	 -0.026088	  0.012686	 -0.106385	 -0.137368
  0.028565	  0.021641	 -0.102058	 -0.015698	  0.049208	  0.005683	  0.125917
  0.056281	  0.017554	 -0.061355	 -0.000779	  0.052819	  0.080215	  0.256515
  0.062616	  0.020088	 -0.047608	  0.008660	  0.015822	 -0.058175	 -0.208194
  0.093309	 -0.011935	 -0.040101	  0.058865	  0.127921	  0.162412	  0.605957
  0.056502	  0.000070	 -0.049065	  0.027063	 -0.029917	 -0.182849	 -0.504992
  0.049914	  0.031587	 -0.006715	  0.065391	  0.067231	  0.166783	  0.744283
  0.039049	 -0.014596	  0.033798	  0.015629	 -0.023519	 -0.221683	 -0.570338
  0.039018	 -0.041330	  0.044187	  0.028394	  0.076132	  0.118985	  0.666013
  0.042470	 -0.041995	  0.034526	 -0.048862	 -0.056588	 -0.219054	 -0.381680
  0.024859	 -0.062711	  0.074532	 -0.035717	  0.026750	  0.003465	  0.397882
  0.043801	 -0.079277	  0.048463	 -0.025043	 -0.003088	 -0.110154	  0.002795
  0.018904	 -0.078263	  0.046214	 -0.018612	  0.074896	 -0.087760	  0.043213
  0.011365	 -0.103350	  0.038549	 -0.010092	  0.108916	  0.009008	  0.380650
  0.039271	 -0.081843	  0.022775	 -0.047500	  0.027320	 -0.172681	 -0.303157
  0.060462	 -0.023718	  0.021603	 -0.063116	  0.116296	  0.121487	  0.692240
  0.057738	 -0.032651	 -0.007602	 -0.085289	 -0.028112	 -0.236760	 -0.486842
  0.120930	 -0.012822	 -0.000570	 -0.046645	  0.127224	  0.181037	  0.804276
  0.125333	  0.009287	  0.018625	 -0.104357	  0.014175	 -0.221271	 -0.469452
  0.110952	  0.035799	  0.026702	 -0.077085	  0.109454	  0.080880	  0.669814
  0.070059	  0.007355	  0.011340	 -0.135241	  0.024184	 -0.222570	 -0.193116
  0.024605	 -0.013804	 -0.003864	 -0.118770	  0.063366	 -0.013829	  0.396076
  0.027361	  0.015844	  0.002217	 -0.105878	  0.053135	 -0.076293	  0.149991
  0.042122	 -0.021723	  0.027589	 -0.119498	  0.065045	 -0.072397	 -0.037939
  0.025397	  0.011599	  0.012860	 -0.071922	  0.101947	  0.092156	  0.479826
  0.035058	  0.039284	  0.006462	 -0.058207	 -0.010405	 -0.167962	 -0.426659
  0.053937	  0.030510	 -0.007412	 -0.027862	  0.039483	  0.173815	  0.655592
  0.054950	  0.007228	 -0.070034	 -0.087538	 -0.089404	 -0.223013	 -0.596977
  0.038923	  0.003142	 -0.114633	 -0.064827	  0.034352	  0.168082	  0.663321
  0.042534	 -0.010510	 -0.138706	 -0.095869	 -0.085191	 -0.198021	 -0.523838
  0.047348	 -0.014564	 -0.122267	 -0.042939	  0.020858	  0.138909	  0.493858
  0.038574	 -0.031257	 -0.131516	 -0.083040	 -0.061561	 -0.085701	 -0.192198
  0.032809	 -0.026981	 -0.098257	 -0.029825	 -0.049968	  0.044802	  0.181096
 -0.001558	 -0.019917	 -0.068577	 -0.005626	 -0.030836	  0.025701	  0.213721
 -0.017649	 -0.022927	 -0.072948	 -0.002205	 -0.040687	 -0.106575	 -0.194732
 -0.017998	 -0.051118	 -0.040386	  0.002737	  0.034257	  0.076160	  0.516601
  0.006741	 -0.036579	 -0.047355	 -0.033912	 -0.073408	 -0.235462	 -0.514431
  0.016497	 -0.068254	 -0.028539	  0.018416	  0.059312	  0.145022	  0.698417
 -0.007989	 -0.078960	 -0.015616	 -0.020450	 -0.046167	 -0.229285	 -0.604484
  0.011967	 -0.063598	 -0.008394	  0.035172	  0.100015	  0.149995	  0.638614
  0.019126	 -0.073924	 -0.038359	 -0.015223	  0.007365	 -0.228588	 -0.454755
  0.019981	 -0.088494	 -0.013304	 -0.000938	  0.116771	  0.040304	  0.381379
  0.048742	 -0.025809	 -0.007697	 -0.033817	  0.052977	 -0.103882	 -0.117793
  0.058055	 -0.014469	 -0.047640	 -0.036034	  0.086996	 -0.072144	  0.067350
  0.069046	 -0.036230	 -0.068767	 -0.026658	  0.087820	  0.009515	  0.346377
  0.118554	 -0.025429	 -0.050174	 -0.054152	  0.024057	 -0.168817	 -0.241041
  0.119505	 -0.020424	 -0.029141	 -0.019468	  0.078539	  0.104763	  0.656510
  0.071041	 -0.034266	 -0.028128	 -0.060677	 -0.006953	 -0.280029	 -0.475312
  0.070408	 -0.041267	  0.002376	 -0.005626	  0.110119	  0.076984	  0.796484
  0.082983	 -0.025777	  0.018562	 -0.049908	 -0.044551	 -0.320446	 -0.475502
  0.102242	 -0.025714	  0.041083	 -0.047880	  0.087091	  0.074481	  0.656099
  0.082254	 -0.045511	  0.018688	 -0.103122	  0.028872	 -0.215411	 -0.344398
  0.053303	 -0.064865	  0.010421	 -0.076166	  0.108060	  0.020190	  0.351319
  0.028311	 -0.042344	  0.021444	 -0.074804	  0.062860	 -0.082787	  0.054394
  0.053272	 -0.028945	 -0.013494	 -0.077212	  0.048036	 -0.105403	 -0.022482
  0.040063	 -0.020583	 -0.000950	 -0.059949	  0.094630	  0.056585	  0.420846
  0.028533	 -0.045258	 -0.009978	 -0.115761	  0.008346	 -0.179586	 -0.430175
  0.025492	 -0.056819	  0.023440	 -0.078194	  0.134541	  0.124148	  0.627496
  0.011999	 -0.085580	  0.022553	 -0.073918	  0.020130	 -0.258014	 -0.563939
  0.009750	 -0.073069	 -0.020177	 -0.001824	  0.173692	  0.124085	  0.739056
  0.015039	 -0.033284	 -0.020716	 -0.013449	  0.016582	 -0.281518	 -0.472334
  0.041710	 -0.030782	 -0.018023	 -0.001888	  0.111798	  0.053607	  0.619450
  0.093784	 -0.045923	 -0.030503	 -0.012657	  0.033117	 -0.179270	 -0.177976
  0.086246	 -0.047158	 -0.012924	 -0.004232	  0.071475	 -0.019721	  0.276407
  0.089413	 -0.022293	  0.012322	 -0.014495	  0.075371	 -0.040595	  0.184960
  0.124478	 -0.007247	  0.009851	 -0.034260	  0.095232	 -0.133689	 -0.096982
  0.056724	 -0.000976	  0.031707	 -0.026975	  0.158234	  0.080690	  0.511944
  0.054602	 -0.022895	 -0.009819	 -0.065397	  0.073756	 -0.186872	 -0.464764
  0.056629	 -0.011619	  0.010199	 -0.033310	  0.195041	  0.155570	  0.724454
  0.080006	 -0.044339	  0.007570	 -0.040848	  0.060991	 -0.234036	 -0.588013
  0.080449	 -0.022578	  0.021666	 -0.023902	  0.182086	  0.142900	  0.676909
  0.072403	 -0.038733	 -0.031295	 -0.051998	  0.053072	 -0.249715	 -0.455800
  0.055616	 -0.028026	 -0.043173	 -0.022413	  0.103499	  0.035679	  0.477418
  0.064041	 -0.044466	 -0.029490	 -0.030016	  0.043569	 -0.164446	 -0.172147
  0.052575	 -0.050009	  0.026164	 -0.013228	  0.067041	 -0.111960	  0.131809
  0.042312	 -0.056946	  0.041653	  0.000076	  0.054054	 -0.073791	  0.262153
  0.047887	 -0.056186	  0.056667	 -0.016997	  0.006351	 -0.193650	 -0.270689
  0.069711	 -0.047095	  0.100664	  0.023896	  0.091114	  0.040652	  0.559457
  0.094766	 -0.038162	  0.123946	  0.000995	  0.003627	 -0.285984	 -0.502616
  0.132238	 -0.052796	  0.109375	  0.046322	  0.118893	  0.090604	  0.656796
  0.136736	 -0.037244	  0.090496	 -0.008856	  0.030107	 -0.221081	 -0.414590
  0.129514	 -0.038796	  0.048527	  0.008185	  0.102644	  0.061526	  0.397660
  0.150832	 -0.064390	  0.023281	 -0.013861	  0.077589	 -0.054215	 -0.054537
  0.147189	 -0.072340	  0.015299	  0.029724	  0.101915	  0.030611	  0.195096
  0.128881	 -0.100531	 -0.006493	  0.021045	  0.103024	  0.029249	  0.143846
  0.131510	 -0.140980	 -0.008331	  0.012936	  0.106382	  0.039670	  0.139379
  0.095273	 -0.154474	 -0.016281	  0.049299	  0.068054	  0.009737	  0.115686
  0.071675	 -0.121310	 -0.017738	  0.035932	  0.035936	  0.038055	  0.175141
  0.069458	 -0.068666	  0.003864	  0.070712	 -0.002201	 -0.000748	  0.073843
  0.077535	 -0.037497	  0.020716	  0.079264	 -0.011577	  0.031308	  0.172322
  0.054824	 -0.016116	  0.025182	  0.080436	  0.004419	  0.006760	  0.139443
  0.038923	  0.036591	  0.007127	  0.062096	  0.001061	 -0.005309	  0.145936
  0.022483	  0.041058	  0.019734	  0.053322	 -0.041479	 -0.043826	  0.167127
  0.051434	  0.056262	 -0.015648	  0.021045	 -0.045090	 -0.053012	  0.106374
  0.076014	  0.063705	 -0.040766	  0.037516	 -0.028175	 -0.095425	  0.076472
  0.089445	  0.096363	 -0.050585	  0.059467	 -0.014333	 -0.069895	  0.050973
  0.085929	  0.104408	 -0.054608	  0.054272	  0.026591	 -0.073221	  0.025095
  0.093689	  0.086005	 -0.053753	  0.047526	  0.053547	 -0.054374	 -0.017065
  0.080354	  0.085086	 -0.030503	  0.059911	  0.060041	 -0.023554	 -0.005028
  0.112884	  0.074602	 -0.001710	  0.069382	  0.031723	  0.003655	  0.012836
  0.116622	  0.036465	  0.026956	  0.068146	  0.033750	  0.016230	  0.036688
  0.125111	  0.018346	  0.053880	  0.062191	  0.091969	 -0.008730	  0.020185
  0.102590	  0.003047	  0.064618	  0.040905	  0.099951	 -0.017884	  0.012995
  0.117192	  0.018695	  0.088184	  0.038467	  0.071982	 -0.008445	  0.037575
  0.161791	  0.019867	  0.061513	 -0.015477	  0.060262	  0.007140	  0.047046
  0.159384	  0.054836	  0.062559	 -0.034482	  0.081041	  0.024244	  0.072924
  0.150546	  0.078339	  0.033861	 -0.004327	  0.093363	  0.049648	  0.060983
  0.116622	  0.084104	  0.021888	  0.004416	  0.074326	  0.030358	  0.039412
  0.122957	  0.059873	 -0.004371	  0.038562	  0.075435	  0.054621	  0.024049
  0.127804	  0.058289	 -0.025340	  0.034792	  0.096689	  0.073183	  0.005234
  0.124256	  0.023224	 -0.088216	  0.031751	  0.120002	  0.026462	 -0.042500
  0.091187	  0.012676	 -0.101709	  0.026525	  0.092349	  0.011036	 -0.057831
  0.078897	  0.038048	 -0.070604	  0.021615	  0.104291	 -0.024599	 -0.065782
  0.059575	  0.047741	 -0.011688	  0.038878	  0.107712	 -0.022857	 -0.043071
  0.056534	  0.027279	  0.004308	  0.058802	  0.098304	 -0.040247	 -0.004997
  0.054507	  0.004378	  0.002724	  0.048983	  0.080376	 -0.061501	  0.043593
  0.045353	  0.015686	  0.019417	  0.050915	  0.067168	 -0.059632	  0.107102
  0.074494	  0.020975	  0.039626	  0.077712	  0.040243	 -0.072714	  0.100134
  0.075761	  0.013785	  0.024833	  0.081006	  0.022980	 -0.054374	  0.098740
  0.062933	  0.014514	  0.039626	  0.084332	  0.037519	 -0.040595	  0.106659
  0.054982	  0.009002	  0.075926	  0.107899	  0.051552	 -0.059410	  0.105170
  0.066797	 -0.012886	  0.101076	  0.124877	  0.036823	 -0.073664	  0.108306
  0.067399	 -0.033506	  0.076591	  0.114772	  0.027257	 -0.109109	  0.121768
  0.071358	 -0.047633	  0.040164	  0.085758	  0.012274	 -0.095457	  0.140235
  0.097870	 -0.011555	  0.030662	  0.016072	  0.008758	 -0.086303	  0.095256
  0.075476	  0.011029	  0.011435	  0.011416	  0.060326	 -0.083357	  0.075015
  0.048900	  0.015242	  0.002091	  0.035141	  0.073091	 -0.037237	  0.044132
  0.035882	  0.018030	  0.010358	  0.033367	  0.055638	 -0.021938	  0.031430
  0.015451	  0.025853	 -0.002566	  0.038878	  0.043728	 -0.020925	  0.025760
  0.000817	  0.017428	 -0.012575	  0.050091	  0.046705	  0.003117	  0.079418
  0.013171	  0.038745	 -0.039024	  0.070807	  0.024184	  0.020633	  0.091518
  0.012981	  0.067633	 -0.044124	  0.060227	 -0.039167	  0.004194	  0.148343
  0.016116	  0.070611	 -0.030915	  0.052404	 -0.065109	  0.019208	  0.161520
  0.000437	  0.051130	 -0.028476	 -0.004549	 -0.039800	 -0.019119	  0.153126
  0.011682	  0.069280	 -0.046436	  0.021995	 -0.025641	 -0.072904	  0.147013
  0.010098	  0.104567	 -0.044250	 -0.004644	 -0.008727	 -0.084180	  0.124872
  0.014279	  0.083724	 -0.008236	 -0.022002	  0.010690	 -0.079397	  0.118569
  0.048615	  0.103109	 -0.003516	 -0.005024	  0.029791	 -0.074329	  0.109478
  0.033126	  0.096331	  0.015584	  0.037801	  0.041796	 -0.063623	  0.084549
  0.046398	  0.115114	 -0.003231	  0.060322	  0.046547	 -0.050129	  0.099152
  0.046556	  0.134880	 -0.001045	  0.033779	  0.019623	 -0.030839	  0.091486
  0.052226	  0.081697	  0.017516	  0.073404	 -0.005622	  0.039322	  0.061616
  0.060874	  0.077104	  0.051599	  0.096084	  0.009613	  0.021900	  0.062123
  0.049185	  0.079258	  0.069939	  0.072201	 -0.010247	  0.027887	  0.090314
  0.054792	  0.078910	  0.105479	  0.056743	 -0.001505	  0.051422	  0.119804
  0.016877	  0.058447	  0.103357	  0.040620	  0.066502	  0.033874	  0.094305
  0.035153	  0.048375	  0.095849	  0.040304	  0.068054	  0.024846	  0.054426
  0.018904	  0.040107	  0.090465	  0.042584	  0.061181	  0.024751	  0.042580
  0.018112	  0.035071	  0.066898	  0.047336	  0.085476	  0.008755	  0.021927
  0.012030	  0.022718	  0.067152	  0.059562	  0.066629	  0.028077	  0.049485
  0.017795	  0.018441	  0.047988	  0.069413	  0.061149	  0.032005	  0.053634
  0.056819	  0.004504	  0.050174	  0.084237	  0.011672	  0.031054	  0.066843
  0.031701	  0.045587	  0.035730	  0.056458	 -0.049968	  0.054209	  0.072766
  0.040855	  0.053633	  0.033639	  0.060861	 -0.025641	  0.041317	  0.094590
  0.028470	  0.064466	  0.062179	  0.091364	 -0.029759	  0.024498	  0.081508
  0.044751	  0.060063	  0.059645	  0.071377	 -0.010627	 -0.004485	  0.085024
  0.033696	  0.016953	  0.075451	  0.060671	  0.016075	 -0.010915	  0.062662
  0.090332	  0.008559	  0.107126	  0.085251	  0.030741	 -0.017472	  0.067635
  0.077630	  0.000798	  0.083116	  0.074291	  0.028619	 -0.038029	  0.083187
  0.092644	  0.038840	  0.071491	  0.062001	  0.009867	 -0.048957	  0.070961
  0.059575	  0.037542	  0.057522	  0.058770	 -0.015315	 -0.092891	  0.046476
  0.046271	 -0.012157	  0.024580	  0.048222	 -0.008917	 -0.082375	  0.021515
  0.034678	 -0.030624	 -0.007951	  0.085979	 -0.039167	 -0.037206	  0.022719
  0.033158	 -0.046303	 -0.007729	  0.118922	 -0.016170	 -0.052980	  0.036340
  0.042312	 -0.072815	 -0.021603	  0.075622	  0.000491	 -0.047690	  0.063264
  0.017859	 -0.043040	 -0.050681	  0.057725	  0.026243	 -0.068976	  0.037828
  0.001641	 -0.026949	 -0.024042	  0.064124	  0.047751	 -0.064858	  0.070739
  0.004428	 -0.006265	 -0.000760	  0.056458	  0.086173	 -0.074108	  0.096649
  0.032207	 -0.045733	  0.032499	  0.060227	  0.050728	 -0.057795	  0.091803
  0.029990	 -0.022737	  0.044250	  0.087088	  0.068973	 -0.026816	  0.078404
  0.010003	 -0.030307	  0.031580	  0.095165	  0.091843	  0.007583	  0.087875
  0.011460	 -0.057643	  0.040513	  0.102894	  0.095580	 -0.009268	  0.107229
 -0.011568	 -0.032493	  0.032562	  0.096147	  0.103309	  0.004130	  0.124397
 -0.034311	  0.028324	  0.009313	  0.078789	  0.085381	  0.003624	  0.124714
  0.003795	  0.028102	  0.008077	  0.085156	  0.072457	 -0.022160	  0.150117
  0.017130	  0.049547	  0.015299	  0.096179	  0.033750	 -0.024567	  0.118790
  0.007406	  0.062058	  0.016408	  0.089844	  0.035429	 -0.032043	  0.086925
