:RUN-6	LEVEL SWEEP	TEMP:NaN	8/27/2019	12:16 PM	HR:-560.67:SW EAR: R	SW FREQ: 32.00	# AVERAGES: 512	REP RATE (/sec): 80	DRIVER: 	SAMPLE (µsec): 40	MASKER dB: 2147483647:NOTES-:CHAMBER-SEWELL-PXI1:CFTS Version: V2.7.2 (R850):LEVELS:20;30;40;50;60;70;80;:DATA  0.018726	  0.053329	  0.004408	 -0.069166	  0.033608	  0.000184	  0.031457
  0.059081	  0.037839	  0.016698	 -0.041735	  0.037852	 -0.020088	  0.002569
  0.074950	  0.058017	  0.016001	 -0.007843	  0.026354	 -0.041818	  0.016506
  0.088951	  0.046803	  0.076627	 -0.019848	 -0.015743	 -0.065257	  0.026135
  0.070135	 -0.008882	  0.065889	 -0.022128	 -0.013399	 -0.056673	  0.018787
  0.041754	 -0.023928	  0.037445	 -0.040215	 -0.025625	 -0.080715	 -0.012889
  0.025030	 -0.031593	  0.027277	 -0.022635	 -0.024738	 -0.081697	 -0.010133
 -0.011840	 -0.052372	 -0.003004	  0.018004	 -0.026861	 -0.063642	 -0.001802
 -0.014311	 -0.015122	 -0.033508	  0.032638	 -0.009724	 -0.039600	 -0.032496
 -0.011872	 -0.009800	 -0.025240	  0.036756	 -0.013715	 -0.047741	 -0.063664
 -0.003985	  0.026531	 -0.049472	  0.051770	  0.011466	 -0.030795	 -0.074656
 -0.014818	 -0.011764	 -0.050771	  0.037009	  0.036933	 -0.038999	 -0.086312
 -0.037719	 -0.058327	 -0.023213	  0.047716	  0.026956	 -0.025505	 -0.088783
 -0.056534	 -0.065549	 -0.024575	  0.024909	  0.008109	 -0.009857	 -0.075796
 -0.016116	 -0.048539	 -0.036960	 -0.003187	  0.006715	  0.002718	 -0.025337
 -0.042312	  0.006006	 -0.039716	  0.004954	 -0.010358	  0.014311	  0.016759
 -0.062394	  0.019658	 -0.033349	 -0.021843	 -0.023186	  0.085264	  0.043747
 -0.061444	  0.030617	 -0.006204	 -0.002046	 -0.000729	  0.134804	  0.059458
 -0.043674	  0.034513	  0.026739	 -0.005467	 -0.018340	  0.168285	  0.113432
 -0.001609	  0.012562	  0.054930	  0.002357	 -0.005575	  0.196824	  0.143017
  0.041564	 -0.023864	  0.033422	 -0.026024	  0.019417	  0.202811	  0.142986
  0.040044	 -0.090826	  0.006815	 -0.007304	  0.012829	  0.186910	  0.132311
  0.037573	 -0.085188	  0.007575	  0.023674	  0.010738	  0.126822	  0.147357
  0.045809	 -0.064219	  0.051826	  0.024403	  0.027684	  0.104934	  0.139913
  0.050402	 -0.081323	  0.019707	  0.003434	  0.043205	  0.057896	  0.156479
  0.040519	 -0.112048	  0.018376	  0.012841	  0.061450	  0.063661	  0.172444
  0.057212	 -0.116705	  0.009317	  0.030643	  0.063794	  0.084377	  0.192874
  0.061488	 -0.088323	 -0.044024	  0.014045	  0.106873	  0.097744	  0.276180
  0.038207	 -0.080215	 -0.019792	  0.012144	  0.151978	  0.111903	  0.283275
  0.024238	 -0.063838	 -0.042947	  0.016009	  0.165694	  0.158022	  0.322901
  0.032062	 -0.077237	 -0.065088	  0.045562	  0.188215	  0.211015	  0.379917
  0.001780	 -0.025891	 -0.032336	  0.090604	  0.215804	  0.253618	  0.387234
  0.016731	 -0.002515	 -0.017607	  0.128963	  0.228822	  0.272180	  0.375704
  0.025062	 -0.003624	  0.004661	  0.143122	  0.240194	  0.281967	  0.330123
  0.030668	 -0.006601	  0.017711	  0.182177	  0.232624	  0.251401	  0.286570
 -0.009148	  0.012689	  0.037793	  0.190698	  0.217166	  0.222766	  0.161231
 -0.003288	  0.006354	  0.053378	  0.187911	  0.190305	  0.165117	  0.063449
 -0.022008	  0.045125	  0.048341	  0.137579	  0.139276	  0.090712	 -0.043899
 -0.009876	  0.046740	  0.069405	  0.101627	  0.106904	 -0.012581	 -0.210194
 -0.016497	  0.025834	  0.063545	  0.089084	  0.065536	 -0.105770	 -0.309180
 -0.020899	  0.017979	  0.036115	  0.035869	 -0.000919	 -0.190122	 -0.405789
  0.028482	  0.009585	  0.036526	  0.005492	 -0.038200	 -0.233390	 -0.438130
  0.023383	  0.013196	  0.053251	 -0.044871	 -0.124231	 -0.240327	 -0.487100
  0.028609	  0.026626	  0.044699	 -0.054469	 -0.176368	 -0.251952	 -0.515037
  0.059524	  0.009965	  0.019485	 -0.072746	 -0.180644	 -0.239503	 -0.511268
  0.076471	  0.003535	 -0.025304	 -0.105466	 -0.201772	 -0.208018	 -0.491534
  0.075520	 -0.012809	 -0.062934	 -0.148988	 -0.240416	 -0.222367	 -0.418744
  0.092815	 -0.044865	 -0.066102	 -0.199035	 -0.241239	 -0.190248	 -0.291505
  0.094589	 -0.057472	 -0.069586	 -0.213004	 -0.203039	 -0.145713	 -0.200945
  0.104630	 -0.045625	 -0.039811	 -0.193048	 -0.191794	 -0.097566	 -0.067148
  0.068267	 -0.034064	 -0.028725	 -0.115824	 -0.151281	  0.019379	  0.061485
  0.069882	 -0.032353	 -0.020711	 -0.021653	 -0.086062	  0.089603	  0.168262
  0.077199	 -0.024118	 -0.058531	  0.034982	 -0.023820	  0.133663	  0.265759
  0.089901	 -0.046575	 -0.053685	  0.047114	  0.036838	  0.136546	  0.317928
  0.063009	 -0.020538	 -0.028756	  0.071314	  0.060088	  0.146080	  0.294837
  0.048976	 -0.051485	  0.004439	  0.091554	  0.044377	  0.139397	  0.280108
  0.039442	 -0.055096	 -0.004493	  0.093170	  0.026195	  0.161126	  0.241813
  0.032157	 -0.054874	 -0.011113	  0.119619	  0.020842	  0.124763	  0.227939
  0.000418	 -0.048603	  0.004978	  0.096971	 -0.015901	  0.143736	  0.186951
 -0.009275	 -0.026462	  0.024807	  0.004796	 -0.043902	  0.180701	  0.169054
 -0.023877	 -0.066753	  0.033549	 -0.031884	 -0.041716	  0.142691	  0.140261
  0.000291	 -0.073943	  0.021259	 -0.063781	 -0.032309	  0.124383	  0.056068
  0.004124	 -0.071377	  0.014765	 -0.074488	  0.016281	  0.133315	 -0.007314
  0.031207	 -0.066119	  0.022748	 -0.085384	  0.065663	  0.105346	 -0.065596
 -0.007691	 -0.085219	  0.014797	 -0.032581	  0.043173	  0.075286	 -0.110227
 -0.033665	 -0.077744	  0.052522	 -0.015888	  0.066772	  0.063851	 -0.169777
 -0.020234	 -0.090667	  0.029843	  0.018638	  0.072695	  0.047570	 -0.267020
 -0.063851	 -0.058200	 -0.006140	  0.059562	  0.091700	  0.038543	 -0.387386
 -0.070693	 -0.004859	 -0.050676	  0.071187	  0.049287	 -0.008907	 -0.423749
 -0.035628	 -0.007931	 -0.048205	  0.058295	 -0.017802	 -0.096046	 -0.440030
 -0.061444	 -0.022756	 -0.048965	  0.064472	 -0.053310	 -0.116413	 -0.434012
 -0.046715	 -0.056205	 -0.024385	  0.060734	 -0.085967	 -0.150274	 -0.371263
 -0.008166	 -0.044643	 -0.044024	  0.031181	 -0.104275	 -0.192466	 -0.288432
  0.041248	 -0.042331	 -0.060844	  0.008565	 -0.097053	 -0.197217	 -0.265246
  0.052429	 -0.035077	 -0.066133	 -0.003598	 -0.067247	 -0.180271	 -0.228819
  0.069217	 -0.005556	 -0.072247	  0.000931	 -0.063984	 -0.138047	 -0.190556
  0.057085	 -0.010687	 -0.098569	 -0.044333	 -0.058473	 -0.102666	 -0.167211
  0.047994	 -0.038181	 -0.074179	 -0.026341	 -0.076306	 -0.075932	 -0.130531
  0.047709	 -0.059277	 -0.075889	 -0.030237	 -0.091225	 -0.034026	 -0.112127
  0.026202	 -0.075590	 -0.067242	 -0.046613	 -0.070414	  0.010098	 -0.039718
  0.020469	 -0.071757	 -0.058436	 -0.057098	 -0.062780	  0.034932	  0.009664
  0.035514	 -0.070332	 -0.067654	 -0.040722	 -0.044440	  0.029642	  0.056290
  0.052841	 -0.091903	 -0.078993	  0.005366	  0.029110	  0.061856	  0.066648
  0.010966	 -0.064345	 -0.046146	  0.003022	  0.012417	  0.053081	  0.067725
  0.024428	 -0.064599	 -0.005792	 -0.008793	 -0.026386	  0.048108	  0.120084
  0.014007	 -0.084966	  0.015146	  0.030199	 -0.033671	  0.044117	  0.137537
  0.021704	 -0.044992	  0.012231	  0.059562	 -0.009978	  0.054602	  0.150208
 -0.001609	 -0.031498	  0.030571	  0.070870	 -0.024738	  0.076806	  0.158792
  0.023604	 -0.018986	  0.067473	  0.037675	 -0.002756	  0.100246	  0.186127
  0.039569	 -0.042489	  0.083343	  0.038023	  0.059803	  0.132333	  0.148180
  0.057814	 -0.040145	  0.078528	  0.022027	  0.138136	  0.170375	  0.123885
  0.050307	 -0.036566	  0.093384	  0.023231	  0.156983	  0.153967	  0.112894
  0.053253	 -0.081323	  0.054233	  0.048001	  0.145516	  0.136831	  0.141053
  0.068013	 -0.140588	  0.034246	  0.059087	  0.154544	  0.138795	  0.150683
  0.042166	 -0.127284	  0.044033	  0.038973	  0.188278	  0.145288	  0.170480
  0.026677	 -0.129691	  0.046758	  0.020412	  0.194803	  0.156280	  0.180901
  0.037003	 -0.100708	  0.045554	  0.045150	  0.180328	  0.147062	  0.195978
  0.008400	 -0.093233	  0.050400	  0.031688	  0.178047	  0.125998	  0.207730
 -0.004777	 -0.105745	  0.065794	  0.017719	  0.168829	  0.108703	  0.249034
  0.010332	 -0.073848	  0.067695	  0.025733	  0.159485	  0.106613	  0.254356
  0.018980	 -0.035299	  0.115493	  0.028552	  0.124262	  0.130939	  0.297023
 -0.017795	 -0.007045	  0.123824	  0.001343	  0.118497	  0.124098	  0.301394
 -0.006170	  0.031156	  0.101239	  0.001280	  0.131453	  0.143641	  0.272189
  0.034532	  0.053329	  0.050052	  0.015914	  0.145896	  0.155805	  0.269528
  0.020595	  0.038631	  0.027689	  0.028045	  0.105859	  0.144243	  0.212354
  0.000481	  0.059379	  0.006245	  0.007805	  0.102565	  0.165339	  0.190182
 -0.012062	  0.037364	 -0.016688	  0.015597	  0.145200	  0.195874	  0.164018
 -0.029832	  0.018581	  0.036146	  0.006886	  0.122900	  0.245192	  0.142669
 -0.004238	  0.024631	  0.051224	  0.005334	  0.102850	  0.264356	  0.104912
 -0.005157	  0.038441	  0.055532	 -0.004707	  0.156666	  0.256595	  0.038299
 -0.045574	 -0.022724	  0.077197	  0.001343	  0.116407	  0.246966	 -0.017323
 -0.039398	 -0.034380	  0.069912	  0.008502	  0.077953	  0.212630	 -0.041143
 -0.004175	 -0.052657	  0.086985	  0.022059	  0.080550	  0.187797	 -0.089068
 -0.013519	 -0.068526	  0.103710	  0.024023	  0.058346	  0.184502	 -0.097177
 -0.005252	 -0.034064	  0.101778	  0.038213	  0.050839	  0.164674	 -0.149631
  0.019392	 -0.002357	  0.072858	  0.036724	  0.011340	  0.121342	 -0.177315
  0.039569	 -0.024688	  0.071274	  0.052910	  0.011530	  0.040665	 -0.205886
  0.044067	  0.000146	  0.087492	  0.069413	  0.016281	  0.020393	 -0.203384
  0.051827	  0.010884	  0.086130	  0.109293	  0.000634	  0.014786	 -0.194103
  0.016604	  0.015540	  0.065383	  0.102387	  0.016503	 -0.004473	 -0.194800
  0.013880	 -0.008723	  0.047074	  0.071852	 -0.000127	 -0.024745	 -0.201103
  0.034437	 -0.000678	  0.058826	  0.024466	  0.033069	 -0.042515	 -0.190777
  0.065099	 -0.018638	  0.034404	 -0.009268	  0.057776	 -0.066018	 -0.159925
  0.103553	  0.018866	  0.056102	 -0.030681	  0.019765	 -0.107069	 -0.150676
  0.119074	  0.009870	  0.042576	 -0.016649	  0.022996	 -0.117300	 -0.123752
  0.088697	  0.038948	  0.079953	 -0.014336	  0.009819	 -0.142324	 -0.077126
  0.069027	  0.005784	  0.073618	 -0.007336	  0.008901	 -0.166523	 -0.082004
  0.024016	  0.003598	  0.042070	 -0.006576	  0.019639	 -0.184325	 -0.086977
  0.034311	  0.031916	  0.039504	 -0.007874	  0.004656	 -0.185877	 -0.099172
  0.013848	  0.012689	  0.023096	  0.013791	 -0.038802	 -0.174601	 -0.127205
  0.023573	 -0.017624	  0.047011	  0.027570	 -0.039309	 -0.145871	 -0.151532
  0.028546	 -0.051802	  0.068202	  0.003560	 -0.086315	 -0.148690	 -0.194832
  0.004694	 -0.049553	  0.034372	 -0.016395	 -0.091637	 -0.146980	 -0.181718
 -0.006836	 -0.002008	  0.022906	 -0.051175	 -0.119068	 -0.171496	 -0.225303
 -0.018650	  0.057225	  0.048468	 -0.041672	 -0.146815	 -0.181601	 -0.218683
 -0.001387	  0.055166	  0.061392	 -0.048451	 -0.148050	 -0.209539	 -0.214280
  0.019677	  0.064827	  0.042893	 -0.038568	 -0.109818	 -0.223761	 -0.237625
  0.016794	  0.061627	  0.035671	 -0.051935	 -0.095818	 -0.190375	 -0.289256
  0.041976	  0.043921	  0.038997	 -0.112150	 -0.141177	 -0.142640	 -0.294989
  0.044669	  0.013291	  0.031648	 -0.144427	 -0.163571	 -0.110553	 -0.313519
  0.028989	 -0.028806	 -0.012285	 -0.182310	 -0.147417	 -0.092942	 -0.369331
  0.036971	 -0.083604	 -0.022770	 -0.194505	 -0.149983	 -0.094399	 -0.399898
  0.036813	 -0.080215	 -0.031069	 -0.205687	 -0.141430	 -0.064624	 -0.410762
  0.033170	 -0.069603	 -0.078423	 -0.188170	 -0.102280	 -0.074095	 -0.444813
  0.035103	 -0.036313	 -0.104555	 -0.214809	 -0.113999	 -0.078751	 -0.451560
  0.038175	 -0.065612	 -0.088306	 -0.200175	 -0.108773	 -0.145681	 -0.444845
  0.027722	 -0.081260	 -0.095148	 -0.176957	 -0.127937	 -0.165795	 -0.450040
 -0.017003	 -0.083984	 -0.134109	 -0.156273	 -0.133480	 -0.141468	 -0.478642
 -0.035913	 -0.072201	 -0.112918	 -0.151712	 -0.107981	 -0.151858	 -0.477154
 -0.016021	 -0.082464	 -0.119031	 -0.148038	 -0.092587	 -0.156926	 -0.484629
  0.017808	 -0.074323	 -0.134900	 -0.109077	 -0.082134	 -0.171623	 -0.501702
  0.054520	 -0.044041	 -0.109972	 -0.126815	 -0.068165	 -0.161424	 -0.533251
  0.050148	 -0.032543	 -0.069903	 -0.108539	 -0.016503	 -0.162342	 -0.568442
  0.074127	 -0.008122	 -0.063599	 -0.068279	  0.004181	 -0.156894	 -0.543292
  0.051289	 -0.016832	 -0.041712	 -0.064922	  0.012955	 -0.126486	 -0.535975
  0.050814	 -0.032607	 -0.034616	 -0.072841	 -0.011720	 -0.045112	 -0.525110
  0.045936	 -0.044453	 -0.015389	 -0.066442	 -0.018118	 -0.019835	 -0.521816
  0.008495	 -0.038973	 -0.007059	 -0.079081	 -0.027621	 -0.030161	 -0.483140
  0.011473	 -0.042838	  0.017363	 -0.076198	 -0.019449	 -0.035514	 -0.424858
 -0.006265	 -0.060513	  0.042133	 -0.061216	 -0.006272	 -0.063199	 -0.421025
 -0.012030	 -0.076223	  0.057242	 -0.072619	 -0.010896	 -0.080082	 -0.422450
 -0.003605	 -0.093582	  0.095823	 -0.056971	 -0.030440	 -0.098453	 -0.411966
  0.009857	 -0.086676	  0.079320	 -0.048482	 -0.036015	 -0.070452	 -0.387861
  0.009002	 -0.074260	  0.068423	 -0.015793	 -0.035635	 -0.043972	 -0.343357
  0.024143	 -0.043344	  0.043400	 -0.033722	 -0.024960	  0.004016	 -0.278771
  0.047646	 -0.017529	 -0.008643	 -0.048957	 -0.014412	  0.008039	 -0.295623
  0.042831	  0.019721	 -0.015770	 -0.052347	 -0.011973	 -0.011599	 -0.260336
  0.004092	  0.020735	 -0.014566	 -0.049401	 -0.032847	  0.009686	 -0.267590
 -0.013867	  0.034545	  0.003299	 -0.083388	 -0.020842	  0.001514	 -0.265911
  0.023953	  0.033215	 -0.030594	 -0.086271	 -0.033196	 -0.004378	 -0.288020
  0.025663	  0.005626	 -0.034901	 -0.060614	 -0.032752	 -0.031333	 -0.244847
  0.055248	 -0.020918	 -0.008231	 -0.060360	 -0.031929	 -0.001939	 -0.214059
  0.055248	 -0.017149	  0.016413	 -0.050604	 -0.015014	 -0.007070	 -0.209751
  0.043940	 -0.022280	  0.020214	 -0.060139	 -0.013240	 -0.026233	 -0.226285
  0.013088	 -0.023737	  0.017458	 -0.061469	 -0.032626	 -0.048723	 -0.199773
  0.025885	 -0.019303	  0.027594	 -0.051080	 -0.032182	 -0.031492	 -0.152545
  0.024460	  0.008856	  0.029019	 -0.028020	 -0.017706	 -0.054108	 -0.115390
  0.001178	 -0.007488	  0.001937	 -0.048007	 -0.012068	 -0.085878	 -0.076081
 -0.010161	 -0.013126	 -0.006425	 -0.053519	 -0.018023	 -0.111884	 -0.068479
 -0.005822	 -0.044612	 -0.004778	 -0.055831	 -0.015964	 -0.150496	 -0.091982
  0.036591	 -0.042616	 -0.009213	 -0.023427	 -0.027146	 -0.166175	 -0.102308
  0.052366	 -0.036946	 -0.005665	 -0.001191	 -0.074690	 -0.176786	 -0.104525
  0.043021	 -0.043091	 -0.003163	  0.016167	 -0.041178	 -0.143210	 -0.097240
  0.060570	 -0.029534	 -0.009434	 -0.016237	  0.012924	 -0.135038	 -0.142852
  0.054710	 -0.012398	 -0.025462	 -0.026753	  0.000063	 -0.140803	 -0.119033
  0.039600	 -0.018384	 -0.026127	 -0.000589	  0.006303	 -0.143971	 -0.097208
  0.066303	 -0.057187	 -0.030213	  0.013950	 -0.009693	 -0.131459	 -0.053496
  0.062027	 -0.044960	 -0.014629	  0.037516	 -0.044757	 -0.103363	 -0.042157
  0.072828	 -0.043725	 -0.011842	  0.013538	 -0.082039	 -0.082521	 -0.034998
  0.089362	 -0.065232	 -0.071296	  0.004669	 -0.105352	 -0.061393	 -0.015296
  0.053284	 -0.081228	 -0.090333	 -0.025581	 -0.119574	 -0.027025	 -0.001707
  0.055026	 -0.083224	 -0.097619	 -0.036731	 -0.131706	 -0.011663	  0.026452
  0.073493	 -0.093328	 -0.084505	  0.007393	 -0.106017	  0.013234	  0.036968
  0.081412	 -0.113505	 -0.127235	  0.009895	 -0.114981	  0.047190	  0.053629
  0.042515	 -0.134158	 -0.118493	  0.028647	 -0.118624	  0.039715	  0.064241
  0.019423	 -0.125764	 -0.110320	  0.006443	 -0.113176	  0.055742	  0.059711
  0.014894	 -0.077617	 -0.078740	  0.006063	 -0.065124	  0.062837	  0.063164
  0.030826	 -0.063553	 -0.085835	 -0.031663	 -0.038897	  0.049882	  0.070354
  0.048818	 -0.094468	 -0.063504	 -0.022572	 -0.011593	  0.045289	  0.065381
  0.022591	 -0.047146	 -0.031607	 -0.014495	  0.000665	  0.041013	  0.084703
  0.024270	 -0.037548	 -0.012412	 -0.006417	  0.019670	  0.048647	  0.111532
 -0.000405	 -0.059182	  0.018693	 -0.051333	  0.065124	  0.049249	  0.161009
  0.026075	 -0.065391	  0.029494	 -0.072270	  0.084446	  0.075666	  0.172032
  0.043338	 -0.081735	  0.043938	 -0.111294	  0.125213	  0.095495	  0.182770
  0.058036	 -0.088577	  0.029685	 -0.128716	  0.111275	  0.104142	  0.147578
  0.052714	 -0.125035	  0.027847	 -0.116806	  0.090908	  0.138035	  0.101713
  0.058257	 -0.087373	  0.038902	 -0.060107	  0.088501	  0.135469	  0.115016
  0.045270	 -0.057725	  0.047644	 -0.028400	  0.089768	  0.143166	  0.115871
  0.069629	 -0.089337	  0.056989	  0.007235	  0.081786	  0.164135	  0.132913
  0.074348	 -0.076952	  0.060029	  0.040399	  0.064649	  0.126822	  0.115650
  0.033170	 -0.095197	  0.021164	  0.083445	  0.071460	  0.154601	  0.128605
 -0.006582	 -0.126777	  0.023666	  0.058010	  0.105415	  0.164579	  0.145741
  0.019740	 -0.076287	  0.022463	  0.034951	  0.114886	  0.153429	  0.161674
 -0.020206	 -0.039892	 -0.008874	  0.058317	  0.030136	  0.009680	  0.083721
 -0.009436	 -0.009895	 -0.039029	  0.032914	  0.009547	  0.012024	  0.060471
  0.020750	 -0.006950	 -0.053789	 -0.015296	  0.015027	  0.012341	  0.070861
  0.042987	  0.014273	 -0.055183	 -0.039654	  0.016009	  0.008033	  0.062055
  0.015112	  0.018707	 -0.039250	 -0.069239	  0.021900	 -0.018416	  0.018090
 -0.000155	 -0.013126	 -0.028164	 -0.047098	 -0.005277	 -0.014900	  0.026262
  0.001429	 -0.005714	  0.027299	 -0.059673	 -0.045631	  0.014526	  0.002791
  0.022778	 -0.002357	  0.029833	 -0.025432	 -0.037871	  0.011739	 -0.011242
  0.008967	 -0.010149	 -0.011313	  0.001492	 -0.019151	  0.024061	  0.068358
  0.021606	  0.010567	 -0.030476	  0.031393	  0.018099	 -0.003909	  0.075010
  0.006877	  0.024789	 -0.069025	  0.011375	  0.013823	 -0.058105	 -0.088529
  0.019610	  0.027545	 -0.012738	 -0.009404	  0.036186	 -0.023928	 -0.122422
  0.007605	  0.027355	  0.059862	  0.011248	  0.040779	  0.037713	  0.040072
  0.000953	  0.007906	  0.073324	  0.013529	  0.030801	 -0.020380	 -0.049125
  0.000320	 -0.006696	  0.101103	  0.036240	 -0.028558	 -0.052087	 -0.171107
 -0.002499	 -0.015122	  0.085487	  0.010551	 -0.039993	 -0.002800	 -0.004843
 -0.005477	 -0.011352	  0.024512	  0.007003	 -0.044713	  0.043889	  0.067123
 -0.036138	  0.009617	 -0.020815	 -0.005825	 -0.027513	 -0.006031	 -0.105571
 -0.049664	 -0.005999	 -0.027150	  0.009126	 -0.003503	 -0.020697	 -0.116657
 -0.045419	 -0.013506	 -0.005611	  0.048435	  0.019905	  0.047247	  0.094681
 -0.012762	 -0.045625	 -0.012612	  0.033357	  0.007456	  0.022318	  0.003487
 -0.008581	 -0.059626	 -0.012738	  0.012293	 -0.008381	 -0.022027	 -0.158215
  0.004913	 -0.083192	 -0.018947	  0.006275	  0.003022	  0.013924	 -0.028948
  0.012515	 -0.072866	 -0.002887	 -0.010925	 -0.006196	  0.051523	  0.075992
 -0.003164	 -0.037706	 -0.023159	 -0.014092	 -0.054912	  0.012657	 -0.108580
  0.006148	  0.030269	  0.002308	 -0.050931	 -0.038758	 -0.025353	 -0.155713
 -0.018970	  0.047532	 -0.023540	 -0.053085	 -0.015508	  0.029572	  0.055023
 -0.026984	  0.037713	 -0.015747	 -0.023056	 -0.023237	  0.014558	  0.038235
 -0.025179	  0.036952	 -0.015399	 -0.004051	 -0.026024	  0.001286	 -0.170188
 -0.037881	  0.013798	 -0.018155	  0.001334	 -0.014906	  0.029984	 -0.072407
 -0.053243	  0.013576	 -0.019770	 -0.011875	  0.000519	  0.074931	  0.049417
 -0.051849	  0.018612	 -0.028006	 -0.027396	  0.023928	  0.028590	 -0.084031
 -0.041016	 -0.018891	  0.002371	  0.007035	 -0.015698	 -0.042173	 -0.131861
 -0.045293	 -0.010054	  0.003099	  0.062562	  0.011701	 -0.009325	  0.053091
 -0.025242	  0.015667	  0.006014	  0.108459	 -0.022604	 -0.010180	  0.039882
 -0.047637	 -0.018701	  0.045228	  0.121098	 -0.077338	 -0.055666	 -0.147730
 -0.039052	 -0.000266	  0.037816	  0.124455	 -0.088108	 -0.014488	 -0.113743
 -0.034333	  0.037871	  0.043549	  0.113527	 -0.028400	  0.054659	  0.030475
 -0.006870	  0.024852	  0.051309	  0.105514	 -0.012309	  0.010662	 -0.098824
  0.000130	  0.052410	  0.070790	  0.071558	 -0.019784	 -0.028299	 -0.217701
  0.010551	  0.083832	  0.066102	  0.074599	  0.016642	  0.025834	 -0.039116
  0.002474	  0.025454	  0.042757	  0.055878	  0.072359	  0.113322	  0.022113
  0.014796	 -0.027000	  0.055807	 -0.007472	  0.064377	 -0.005492	 -0.215199
  0.004691	 -0.033842	  0.059228	 -0.025495	  0.026240	  0.004549	 -0.214629
  0.026864	 -0.026747	  0.049409	 -0.003164	  0.038371	  0.071035	 -0.010608
  0.014986	  0.013639	  0.059101	  0.026959	  0.030421	  0.023142	 -0.060687
  0.045394	  0.037839	  0.076079	  0.022524	  0.045435	 -0.069445	 -0.206140
  0.070354	  0.037016	  0.062332	  0.045901	  0.074386	 -0.040240	 -0.113870
  0.095314	  0.035622	  0.030847	  0.024773	  0.112587	 -0.019905	 -0.019699
  0.117138	  0.045885	  0.033571	  0.033136	  0.087405	 -0.047906	 -0.169396
  0.122460	  0.062198	  0.063536	  0.068549	  0.098333	 -0.049109	 -0.174813
  0.117804	  0.025391	  0.044752	  0.064716	  0.136312	  0.040247	  0.016411
  0.085843	  0.034703	  0.016878	  0.060788	  0.134696	  0.048451	 -0.026161
  0.109695	  0.041197	 -0.008620	  0.073236	  0.078029	 -0.039955	 -0.228851
  0.123664	  0.071795	 -0.013657	  0.095536	  0.041286	  0.023047	 -0.130182
  0.080807	  0.055482	 -0.005421	  0.118944	  0.038118	  0.046518	  0.008080
  0.070196	  0.080126	 -0.022019	  0.096993	  0.030516	  0.008508	 -0.123341
  0.061327	  0.091434	 -0.019960	  0.111912	  0.019398	  0.020355	 -0.171487
  0.069562	  0.084972	 -0.011281	  0.129619	  0.013190	  0.077275	  0.005008
  0.105482	  0.099765	  0.006014	  0.127275	  0.008818	  0.101380	 -0.000472
  0.068390	  0.101095	  0.012222	  0.131329	  0.027602	  0.031631	 -0.225398
  0.069435	  0.093778	  0.037182	  0.103106	  0.072549	  0.025929	 -0.191189
  0.076436	  0.082090	  0.018905	  0.079857	  0.049109	  0.070465	  0.018407
  0.063227	  0.075501	  0.040128	  0.077196	  0.035774	 -0.000203	 -0.054130
  0.081789	  0.078067	  0.014059	  0.070386	  0.007140	 -0.055920	 -0.180926
  0.091672	  0.038346	  0.022897	  0.057367	  0.011289	 -0.031688	 -0.011907
  0.087680	  0.009332	  0.067812	  0.054136	  0.027539	 -0.009515	  0.065254
  0.085241	  0.005245	  0.091062	  0.028479	  0.006950	 -0.067893	 -0.082986
  0.056607	  0.008983	  0.088148	  0.037317	  0.013253	 -0.097414	 -0.113775
  0.056259	 -0.006506	  0.093786	  0.033674	  0.062286	 -0.012683	  0.070132
  0.043177	  0.000399	  0.070663	  0.034086	  0.105143	 -0.016896	 -0.001961
  0.080458	  0.019721	  0.024797	  0.029778	  0.122723	 -0.048793	 -0.193501
  0.082454	  0.040088	  0.006742	  0.052933	  0.128171	  0.015762	 -0.097747
  0.104120	  0.064763	 -0.041119	  0.033041	  0.124560	  0.061691	  0.015714
  0.089011	  0.044776	 -0.036083	  0.033991	  0.093740	 -0.008787	 -0.144120
  0.099717	  0.023047	 -0.019707	  0.051254	  0.086550	 -0.027634	 -0.193026
  0.112862	  0.026468	 -0.007322	  0.056480	  0.107582	  0.025043	 -0.016436
  0.069245	  0.017789	  0.001421	  0.091640	  0.117813	  0.058618	 -0.023912
  0.075929	  0.003915	 -0.044699	  0.098893	  0.129755	  0.002331	 -0.175351
  0.066268	  0.025676	 -0.058731	  0.115080	  0.147018	  0.016934	 -0.087674
  0.075042	  0.009680	 -0.019897	  0.178652	  0.173657	  0.016680	  0.077893
  0.075264	  0.035559	  0.001484	  0.171462	  0.179643	 -0.054304	 -0.031134
  0.083848	  0.022413	 -0.010236	  0.136270	  0.163869	 -0.079233	 -0.108770
  0.100129	  0.042179	 -0.002412	  0.132153	  0.193232	 -0.000013	  0.063924
  0.092115	  0.065999	  0.006964	  0.125026	  0.174702	  0.006227	  0.065539
  0.089486	  0.042591	  0.009023	  0.069942	  0.142647	 -0.021457	 -0.117322
  0.109156	  0.020291	  0.013077	  0.026009	  0.134474	 -0.019081	 -0.081022
  0.107763	 -0.011954	  0.047572	  0.027181	  0.158611	  0.047785	  0.077893
  0.075074	 -0.040367	  0.054699	  0.041751	  0.117306	  0.019024	 -0.069556
  0.022746	 -0.049933	  0.033698	  0.027086	  0.106505	 -0.016991	 -0.186691
 -0.005572	 -0.049236	 -0.000131	  0.055625	  0.118130	  0.049686	 -0.006744
  0.010234	 -0.035584	  0.008072	  0.100414	  0.121012	  0.090104	  0.061327
  0.017298	  0.010250	  0.011240	  0.084956	  0.145212	  0.012848	 -0.089733
  0.039597	 -0.001438	  0.030150	  0.069435	  0.134981	  0.012721	 -0.069778
  0.053091	  0.031188	  0.045449	  0.059204	  0.127537	  0.057478	  0.110233
  0.051539	  0.035749	  0.027648	  0.060218	  0.092315	 -0.003940	  0.043557
  0.051159	  0.045156	  0.023277	  0.058286	  0.084237	 -0.050091	 -0.071741
  0.068422	  0.062324	 -0.002159	  0.063829	  0.066689	 -0.025416	  0.027181
  0.088441	  0.050509	  0.021978	  0.063671	  0.057282	 -0.001596	  0.144189
  0.077576	  0.034577	  0.016783	  0.079667	  0.062001	 -0.056331	 -0.012540
  0.041815	  0.032011	  0.018969	  0.072476	  0.095197	 -0.041381	 -0.095561
  0.045584	  0.011992	  0.027363	  0.070924	  0.078789	  0.044016	  0.065286
  0.051444	  0.009332	  0.032652	  0.040009	  0.093962	  0.019911	  0.052553
  0.056163	 -0.010307	  0.016498	  0.011311	  0.086676	 -0.025131	 -0.148839
  0.061865	 -0.006189	 -0.029558	 -0.003101	  0.070839	  0.016268	 -0.076208
  0.093129	 -0.065137	 -0.026612	  0.031520	  0.061083	  0.030712	  0.046566
  0.131139	 -0.078916	 -0.007860	  0.083278	  0.040620	  0.015001	 -0.110354
  0.144284	 -0.095545	 -0.001208	  0.069245	  0.017307	 -0.032353	 -0.163315
  0.149732	 -0.092410	  0.015706	  0.095441	  0.069730	 -0.024783	 -0.015771
  0.109346	 -0.051992	 -0.004186	  0.094459	  0.114297	 -0.017402	  0.039756
  0.081029	 -0.039417	 -0.008937	  0.087966	  0.087722	 -0.102229	 -0.139907
  0.097595	 -0.030801	  0.000059	  0.056417	  0.102229	 -0.071504	 -0.046655
  0.099179	 -0.098555	 -0.025820	  0.082961	  0.116990	 -0.030706	  0.113021
  0.054041	 -0.108596	 -0.064591	  0.107604	  0.110560	 -0.083097	 -0.008042
  0.023221	 -0.068115	 -0.032250	  0.061168	  0.109768	 -0.150565	 -0.188338
  0.024108	 -0.051802	 -0.038997	  0.087110	  0.113094	 -0.069477	 -0.009880
  0.051381	 -0.034539	 -0.061487	  0.125659	  0.116008	 -0.010782	  0.056385
  0.052014	 -0.025670	 -0.089551	  0.075327	  0.121202	 -0.053734	 -0.073832
  0.043240	 -0.054209	 -0.081284	  0.071684	  0.085789	 -0.037611	 -0.040415
  0.052236	 -0.080595	 -0.065098	  0.015746	  0.069477	 -0.021964	  0.069309
  0.056670	 -0.072296	 -0.059333	 -0.011875	  0.063743	  0.006607	  0.046788
  0.086730	 -0.067418	 -0.027055	 -0.007377	  0.081545	 -0.051643	  0.027656
  0.081916	 -0.029882	 -0.000543	  0.044159	  0.094468	 -0.034539	  0.046788
  0.069435	 -0.008280	  0.029073	  0.065381	  0.112207	 -0.010339	  0.013465
  0.072476	 -0.043059	  0.010353	  0.068390	  0.106758	  0.001223	  0.002252
  0.065223	 -0.056236	  0.034933	  0.073743	  0.097256	 -0.034380	  0.005040
  0.052774	 -0.033018	  0.059323	  0.097785	  0.074038	 -0.029059	  0.007193
  0.055213	 -0.033620	  0.052481	  0.097025	  0.084396	 -0.029692	 -0.006712
  0.029081	 -0.029946	  0.023182	  0.052901	  0.030643	 -0.070142	  0.003773
  0.021036	 -0.030421	  0.028123	  0.047643	  0.020823	 -0.079138	  0.014637
  0.007257	 -0.000234	  0.028788	  0.012198	 -0.008318	 -0.035711	  0.036430
  0.005515	 -0.002610	  0.033888	 -0.001802	  0.023737	 -0.044105	  0.030063
  0.027086	 -0.024814	  0.029897	 -0.000599	  0.006950	 -0.052530	  0.067503
  0.047041	 -0.015977	  0.028503	 -0.014156	 -0.002363	 -0.087120	  0.054010
  0.051824	  0.013101	  0.028598	 -0.004083	  0.010687	 -0.062255	  0.028384
  0.069404	  0.011232	  0.026951	  0.009094	  0.018194	 -0.027665	  0.017330
  0.060186	 -0.024909	  0.015928	  0.016823	  0.020126	 -0.078124	  0.034213
  0.094174	 -0.042426	  0.008136	  0.047548	  0.021267	 -0.071726	  0.052711
  0.123347	 -0.030611	 -0.000828	  0.036873	  0.023294	 -0.059784	  0.075992
  0.132881	 -0.027665	  0.008167	  0.041783	  0.048919	 -0.051137	  0.053154
  0.100287	 -0.015977	 -0.001240	  0.069024	  0.039227	 -0.063490	  0.044665
  0.043398	 -0.026810	  0.031164	  0.118025	  0.008660	 -0.043344	  0.034244
  0.046471	 -0.024624	  0.080577	  0.091767	 -0.017630	 -0.013063	  0.014827
  0.033769	 -0.064820	  0.103922	  0.068865	  0.004669	  0.012372	 -0.006110
  0.031330	 -0.083414	  0.116054	  0.068263	  0.017212	  0.005055	 -0.012097
  0.013117	 -0.102197	  0.089541	  0.082517	  0.004194	  0.036699	  0.004121
 -0.014441	 -0.080025	  0.076554	  0.070259	 -0.002680	  0.041799	  0.030728
 -0.026541	 -0.089400	  0.026951	  0.068580	  0.015407	  0.002775	  0.044950
 -0.056664	 -0.067418	 -0.004566	  0.066236	  0.026145	 -0.023896	  0.050367
 -0.042980	 -0.059055	  0.044436	  0.070924	 -0.000843	 -0.053481	  0.035163
 -0.033034	 -0.054906	  0.048395	  0.031077	  0.038688	 -0.057788	  0.046788
 -0.036297	 -0.027475	  0.024670	  0.016633	  0.016104	 -0.070775	  0.037982
 -0.062270	 -0.062603	  0.040856	  0.024837	  0.025131	 -0.049268	  0.025787
 -0.062682	 -0.097351	  0.056092	  0.009157	  0.028204	 -0.042046	  0.030855
 -0.076588	 -0.119999	  0.102053	 -0.010798	  0.061811	 -0.053639	  0.040516
 -0.081561	 -0.107582	  0.090650	 -0.013712	  0.061906	 -0.033272	  0.050620
 -0.064963	 -0.127601	  0.092455	 -0.030437	  0.053797	 -0.006728	  0.025407
 -0.056474	 -0.137959	  0.057834	 -0.040858	  0.056521	 -0.013316	  0.046217
 -0.063506	 -0.093233	  0.038607	 -0.095308	  0.049173	 -0.020950	  0.058951
 -0.032274	 -0.056807	  0.044056	 -0.109910	  0.056775	  0.026943	  0.052204
 -0.005983	 -0.038371	  0.058405	 -0.105919	  0.024466	  0.068913	  0.046408
 -0.005540	  0.009332	  0.085329	 -0.083430	 -0.009775	  0.021970	  0.072856
 -0.016215	 -0.027792	  0.054889	 -0.108073	 -0.017821	  0.035274	  0.041276
 -0.003006	 -0.058390	  0.010606	 -0.110227	 -0.024282	  0.031599	  0.056955
  0.010931	 -0.052625	  0.019095	 -0.104905	 -0.000051	  0.027767	  0.056734
  0.034688	 -0.069952	  0.020014	 -0.074465	  0.004796	  0.004105	  0.039122
  0.056797	 -0.114234	 -0.031078	 -0.037690	 -0.030269	 -0.000773	  0.077133
  0.034909	 -0.105111	 -0.042735	 -0.002879	 -0.000589	 -0.016357	  0.106496
  0.014922	 -0.083065	 -0.023793	 -0.003671	  0.002547	 -0.008945	  0.106971
 -0.004336	 -0.089844	 -0.035449	  0.024235	  0.004447	  0.045156	  0.106020
 -0.010101	 -0.120537	 -0.072700	  0.046408	  0.008945	  0.007051	  0.090024
 -0.031957	 -0.091523	 -0.074663	  0.098165	  0.020538	 -0.002578	  0.102631
 -0.050329	 -0.093455	 -0.023603	  0.058634	  0.052657	 -0.025891	  0.108713
 -0.025527	 -0.090667	 -0.009729	  0.054865	  0.022946	 -0.012049	  0.081409
  0.020592	 -0.081228	  0.028566	  0.065064	  0.020538	 -0.025163	  0.091893
  0.030411	 -0.051010	  0.042250	  0.098133	  0.020475	 -0.032955	  0.130189
  0.007827	 -0.069920	  0.071550	  0.127148	  0.063142	  0.020006	  0.093667
  0.010393	 -0.078282	  0.039653	  0.115270	  0.051865	  0.006607	  0.058666
  0.003044	 -0.084998	  0.036232	  0.059648	  0.041919	  0.003408	  0.067155
  0.037348	 -0.121424	  0.046431	 -0.006775	  0.047462	  0.015413	  0.058286
  0.037633	 -0.106125	  0.022421	 -0.009341	  0.062825	  0.023997	  0.054548
  0.008492	 -0.077522	  0.008864	 -0.015993	  0.055001	  0.037586	  0.040167
  0.005673	 -0.048634	 -0.001430	  0.007890	  0.032005	  0.053487	  0.042892
 -0.008961	 -0.054843	  0.009720	 -0.017988	  0.056648	  0.062990	  0.026864
 -0.028188	 -0.083129	  0.015928	 -0.002151	  0.060639	  0.062926	  0.026547
 -0.028283	 -0.075685	  0.023942	  0.005578	  0.027729	  0.043794	  0.035891
 -0.047953	 -0.081608	  0.019222	  0.009601	  0.048729	  0.006576	  0.037348
 -0.059261	 -0.097889	  0.011367	  0.021637	  0.067323	 -0.019746	  0.075739
 -0.068796	 -0.088418	  0.054825	  0.036556	  0.045688	 -0.037231	  0.086192
 -0.037944	 -0.105175	  0.081971	  0.028321	 -0.054025	 -0.043281	  0.091323
 -0.015233	 -0.093550	  0.079659	  0.007067	 -0.075026	 -0.019683	  0.071843
 -0.037374	 -0.085346	  0.080292	 -0.031957	 -0.056876	  0.005055	  0.062182
 -0.073325	 -0.115279	  0.089288	 -0.019255	 -0.054691	 -0.016357	  0.046534
 -0.083841	 -0.081735	  0.068794	 -0.029677	 -0.073221	  0.002395	  0.065793
 -0.075859	 -0.060513	  0.054794	 -0.015739	 -0.073632	  0.029572	  0.069562
 -0.035220	 -0.051865	  0.082921	 -0.008042	 -0.070908	  0.033563	  0.065096
 -0.021504	 -0.057250	  0.078645	  0.014130	 -0.061564	 -0.006094	  0.062720
  0.009632	 -0.049394	  0.071170	  0.041783	 -0.052758	 -0.019240	  0.089106
  0.012103	 -0.050345	  0.056567	  0.032059	 -0.047690	 -0.028964	  0.078178
  0.020402	 -0.063712	  0.045133	  0.001555	 -0.014590	 -0.011701	  0.078495
  0.023728	 -0.066024	  0.058373	  0.003171	 -0.002870	  0.017852	  0.071494
  0.021732	 -0.060798	  0.099424	  0.003171	 -0.013038	  0.011169	  0.074408
 -0.001137	 -0.043249	  0.130878	  0.019040	  0.001406	 -0.004796	  0.058127
 -0.014536	 -0.063142	  0.100216	  0.054453	  0.017402	 -0.002452	  0.011596
  0.011248	 -0.068590	  0.089890	  0.076879	 -0.002870	  0.024377	  0.035955
  0.030253	 -0.051453	  0.084378	  0.063512	 -0.013608	  0.055989	  0.060725
  0.029461	 -0.027095	  0.109370	  0.056163	 -0.021210	  0.069135	  0.088092
  0.029841	 -0.042553	  0.095496	  0.052457	  0.010782	  0.053455	  0.077861
  0.016569	 -0.066246	  0.091980	  0.032977	 -0.019119	  0.071067	  0.063671
  0.009316	 -0.045308	  0.088433	  0.088631	 -0.022699	  0.080443	  0.045964
 -0.016025	 -0.062540	  0.062237	  0.079477	 -0.031916	  0.070211	  0.015144
 -0.043740	 -0.021900	  0.053273	  0.077101	 -0.031156	  0.043256	  0.019927
 -0.044216	 -0.002008	  0.037942	  0.063734	 -0.032708	  0.060234	  0.011090
