:RUN-2	LEVEL SWEEP	TEMP:NaN	8/27/2019	12:08 PM	HR:-636.36:SW EAR: R	SW FREQ: 8.00	# AVERAGES: 512	REP RATE (/sec): 80	DRIVER: 	SAMPLE (µsec): 40	MASKER dB: 2147483647:NOTES-:CHAMBER-SEWELL-PXI1:CFTS Version: V2.7.2 (R850):LEVELS:20;30;40;50;60;70;80;:DATA -0.045612	  0.012749	  0.030556	  0.029106	 -0.050471	 -0.059773	 -0.032215
 -0.026861	 -0.000143	  0.047248	  0.038736	 -0.067893	 -0.039342	 -0.004531
 -0.047196	 -0.012338	  0.076802	  0.017197	 -0.058929	 -0.028383	  0.022741
 -0.047323	  0.003437	  0.066127	 -0.009031	 -0.044326	 -0.036713	  0.029235
 -0.039594	 -0.000238	  0.027958	 -0.007067	 -0.038371	 -0.045962	  0.029963
 -0.022331	  0.022790	 -0.008437	 -0.048625	 -0.016959	 -0.021002	  0.017325
  0.028951	 -0.002613	 -0.021139	 -0.057145	  0.027450	 -0.032881	 -0.034021
  0.033639	  0.026877	 -0.032383	 -0.037095	  0.010155	 -0.047388	 -0.007414
  0.050585	  0.022695	  0.026279	 -0.016633	  0.011961	 -0.011785	 -0.035161
  0.030915	 -0.021618	 -0.001025	  0.006332	  0.032455	  0.029647	 -0.060818
  0.054830	 -0.013098	 -0.006758	  0.015486	  0.043446	  0.049919	 -0.075896
  0.075514	 -0.004989	  0.001541	  0.062239	  0.046930	  0.061417	 -0.066710
  0.054450	 -0.014238	  0.006672	  0.055682	  0.038473	  0.036393	 -0.056827
  0.069052	  0.008378	  0.024347	  0.019762	  0.033500	  0.033036	 -0.040356
  0.056350	 -0.013890	 -0.030958	 -0.033896	  0.025296	  0.033131	 -0.035953
 -0.000538	 -0.025134	 -0.054651	 -0.014035	 -0.006601	  0.051566	 -0.013875
 -0.026512	  0.002423	 -0.054904	 -0.010931	 -0.007140	  0.011655	  0.009881
 -0.025499	 -0.003215	 -0.061968	 -0.001555	  0.000969	  0.023565	  0.084350
 -0.048590	  0.000206	 -0.024876	 -0.013338	  0.002236	  0.010483	  0.120206
 -0.124231	  0.011957	 -0.010432	  0.004811	  0.017821	 -0.017581	  0.150076
 -0.107886	  0.023709	 -0.022722	  0.036645	  0.027672	 -0.014762	  0.169176
 -0.086695	  0.056430	 -0.005301	  0.049632	  0.038726	  0.020461	  0.207313
 -0.072410	  0.076322	  0.035434	  0.006712	  0.029192	  0.014474	  0.237975
 -0.071713	  0.101979	  0.055199	  0.042188	  0.031409	  0.003546	  0.244754
 -0.065916	  0.066502	  0.066349	  0.060592	  0.001476	  0.002089	  0.233319
 -0.067278	  0.110563	  0.069738	  0.075542	 -0.009389	  0.035348	  0.167561
 -0.057206	  0.120509	  0.074964	  0.082954	 -0.047019	  0.051439	  0.134587
 -0.042477	  0.152121	  0.049687	  0.128567	 -0.030168	  0.041398	  0.155936
 -0.015679	  0.117816	  0.020926	  0.122707	 -0.011701	  0.041430	  0.123025
  0.021413	  0.080503	  0.023555	  0.090588	 -0.013000	  0.095975	  0.132401
 -0.039626	  0.063493	  0.038981	  0.063442	  0.023680	  0.096228	  0.114346
 -0.048020	  0.045470	  0.040628	  0.000630	  0.028685	  0.088879	  0.101359
 -0.051567	  0.062986	  0.026216	 -0.016728	  0.018866	  0.080422	  0.150520
 -0.058029	  0.100427	 -0.008437	 -0.011850	  0.018676	  0.113111	  0.220744
 -0.044599	  0.081516	 -0.024496	 -0.006813	  0.028527	  0.124387	  0.240699
 -0.037187	  0.055131	 -0.051230	 -0.012230	  0.035274	  0.168955	  0.320869
 -0.013715	  0.057000	 -0.061873	  0.053908	  0.080538	  0.212508	  0.355015
  0.003326	  0.025483	 -0.065389	  0.079439	  0.100430	  0.251184	  0.386881
 -0.009788	  0.022252	 -0.056932	  0.063854	  0.138789	  0.271044	  0.399836
 -0.010770	 -0.002360	 -0.033334	  0.059420	  0.177813	  0.248111	  0.370663
 -0.010801	  0.023107	 -0.037293	  0.065755	  0.212054	  0.290334	  0.343897
  0.010516	  0.019655	 -0.073054	  0.049664	  0.210248	  0.299298	  0.288497
 -0.022996	  0.025071	 -0.057628	  0.070823	  0.191053	  0.245514	  0.194865
 -0.052929	  0.045977	 -0.023894	  0.108421	  0.170084	  0.163570	  0.063983
 -0.051504	  0.069195	 -0.000201	  0.116119	  0.120544	  0.130279	 -0.051126
 -0.063889	  0.067643	  0.012627	  0.131956	  0.056559	  0.039276	 -0.153849
 -0.036490	  0.083385	  0.034420	  0.125970	 -0.010687	 -0.053565	 -0.234874
 -0.018182	  0.079869	  0.050479	  0.118969	 -0.054748	 -0.139595	 -0.357933
 -0.009629	  0.055859	  0.044651	  0.122897	 -0.106568	 -0.212353	 -0.401455
  0.028793	  0.048827	  0.022035	  0.064614	 -0.130008	 -0.278047	 -0.401518
  0.026607	  0.038311	  0.007971	  0.027554	 -0.181386	 -0.304370	 -0.423342
  0.031834	  0.029411	 -0.043913	  0.010893	 -0.246890	 -0.359992	 -0.399681
  0.043268	  0.021397	 -0.085629	 -0.002157	 -0.278945	 -0.369969	 -0.373454
  0.062749	  0.029411	 -0.080213	 -0.061105	 -0.259022	 -0.328633	 -0.290211
  0.065314	  0.016392	 -0.065167	 -0.113939	 -0.259402	 -0.312922	 -0.238358
  0.082926	  0.036221	 -0.091838	 -0.135352	 -0.233745	 -0.276274	 -0.146056
  0.071460	  0.025800	 -0.090222	 -0.156131	 -0.212744	 -0.236965	 -0.088914
  0.062590	  0.021555	 -0.093770	 -0.121003	 -0.216799	 -0.205511	 -0.012007
  0.023281	  0.002582	 -0.121708	 -0.108586	 -0.170996	 -0.155337	  0.028981
  0.009281	  0.044425	 -0.133554	 -0.055720	 -0.116198	 -0.074249	  0.098825
  0.002597	  0.036949	 -0.127092	 -0.046471	 -0.048603	  0.016501	  0.182100
  0.030218	  0.058679	 -0.118857	 -0.043873	  0.035527	  0.089893	  0.277696
  0.023915	  0.067009	 -0.090412	 -0.032882	  0.035432	  0.194390	  0.335915
  0.006842	  0.074516	 -0.069222	 -0.012103	  0.001888	  0.233097	  0.387673
 -0.013715	  0.079109	 -0.054429	  0.009689	  0.001666	  0.269904	  0.417447
 -0.017010	  0.085317	 -0.037895	  0.070221	  0.034862	  0.336802	  0.358088
 -0.002597	  0.090639	 -0.007360	  0.102308	  0.031251	  0.369396	  0.335883
 -0.001425	  0.089720	  0.008636	  0.145640	  0.065999	  0.354509	  0.245767
  0.030440	  0.075910	  0.046172	  0.182162	  0.099670	  0.327046	  0.132876
  0.020526	  0.026211	  0.055674	  0.155903	  0.105815	  0.256473	  0.039054
  0.021698	  0.035239	  0.088426	  0.117259	  0.111960	  0.160149	 -0.060406
  0.022331	  0.083132	  0.128496	  0.078710	  0.082945	  0.065060	 -0.117454
  0.018118	  0.099381	  0.131473	  0.106141	  0.054944	  0.004560	 -0.176782
  0.023028	  0.118355	  0.119056	  0.153020	  0.031409	 -0.063764	 -0.147957
  0.022489	  0.106128	  0.111866	  0.130087	  0.027450	 -0.125943	 -0.133830
  0.027843	  0.117816	  0.092734	  0.083398	 -0.025575	 -0.137979	 -0.088376
  0.017200	  0.115187	  0.095363	  0.071298	 -0.058042	 -0.105227	  0.011053
 -0.031580	  0.108155	  0.095205	  0.048270	 -0.065771	 -0.063352	  0.124926
 -0.039182	  0.131944	  0.080476	  0.023975	 -0.061368	 -0.053248	  0.165724
 -0.045011	  0.120002	  0.065588	  0.006427	 -0.067481	 -0.004753	  0.148176
 -0.062305	  0.090576	  0.037588	 -0.007384	 -0.016959	  0.058281	  0.180864
 -0.120493	  0.090227	  0.035244	  0.010893	  0.017726	  0.091318	  0.171267
 -0.131548	  0.066027	 -0.005523	  0.013300	  0.085131	  0.152008	  0.177000
 -0.126448	  0.037076	 -0.034506	  0.019160	  0.132200	  0.149696	  0.148017
 -0.111149	  0.023044	 -0.050628	  0.080484	  0.168785	  0.135917	  0.099871
 -0.062115	 -0.001663	 -0.077394	  0.106236	  0.181424	  0.129709	  0.019827
 -0.077731	 -0.042366	 -0.037546	  0.084126	  0.157477	  0.083526	 -0.095091
 -0.056255	 -0.057887	 -0.016197	  0.079248	  0.142906	  0.034936	 -0.149762
 -0.028381	 -0.047687	 -0.017401	  0.077443	  0.122476	 -0.043397	 -0.211688
 -0.003548	 -0.031691	 -0.013378	  0.035315	  0.071162	 -0.096770	 -0.284097
 -0.005131	 -0.032356	 -0.008880	  0.028600	  0.005024	 -0.132214	 -0.299618
 -0.010928	 -0.020193	 -0.022089	  0.024609	 -0.054272	 -0.144029	 -0.293822
  0.006082	 -0.010469	 -0.039732	 -0.033484	 -0.132162	 -0.159582	 -0.272409
  0.023820	  0.017912	 -0.048918	 -0.067662	 -0.178345	 -0.158473	 -0.246499
  0.007539	  0.065679	 -0.028836	 -0.074250	 -0.189843	 -0.156414	 -0.231897
  0.003326	  0.080946	 -0.023166	 -0.079793	 -0.223640	 -0.206588	 -0.234462
  0.027494	  0.028524	 -0.016482	 -0.102093	 -0.231021	 -0.233259	 -0.230408
  0.013652	  0.015727	 -0.033143	 -0.146692	 -0.235835	 -0.195248	 -0.187519
  0.056762	  0.038501	 -0.048348	 -0.168643	 -0.186042	 -0.105670	 -0.129078
  0.088026	  0.023392	 -0.061334	 -0.172824	 -0.165801	 -0.077701	 -0.069434
  0.086474	  0.037171	 -0.026048	 -0.167090	 -0.157597	 -0.033356	 -0.070036
  0.048812	  0.019528	 -0.029311	 -0.175389	 -0.133081	 -0.030790	 -0.027527
  0.044472	  0.033275	 -0.025636	 -0.139311	 -0.083762	  0.011655	 -0.000762
  0.023788	  0.049144	 -0.018161	 -0.112419	 -0.066341	  0.013555	  0.054005
  0.010548	  0.053769	 -0.040809	 -0.092368	 -0.075463	  0.034905	  0.070159
  0.000729	  0.047529	 -0.065864	 -0.056385	 -0.010909	  0.040923	  0.106396
 -0.032721	  0.037900	 -0.070489	 -0.051412	  0.062641	  0.077983	  0.127872
 -0.068735	  0.032990	 -0.065199	 -0.036208	  0.069103	  0.094581	  0.170380
 -0.055558	  0.049746	 -0.050945	 -0.005578	  0.116774	  0.121156	  0.221631
 -0.048432	  0.009138	 -0.029754	 -0.000763	  0.111389	  0.121727	  0.213300
 -0.069527	 -0.021238	 -0.043343	  0.038007	  0.137268	  0.146782	  0.216974
 -0.050776	 -0.039863	 -0.026650	  0.058248	  0.141956	  0.160244	  0.253274
 -0.015109	 -0.059851	 -0.040587	  0.048238	  0.141291	  0.146497	  0.290303
 -0.027874	 -0.046895	 -0.061778	  0.041555	  0.162228	  0.162968	  0.286122
 -0.045993	 -0.040972	 -0.063425	  0.053496	  0.149590	  0.176367	  0.282542
 -0.040164	 -0.054909	 -0.076285	  0.026287	  0.142336	  0.159832	  0.303860
 -0.046974	 -0.057570	 -0.076285	  0.038451	  0.149780	  0.165470	  0.303543
 -0.044979	 -0.018451	 -0.107644	  0.050329	  0.125707	  0.137533	  0.293280
 -0.037092	  0.033528	 -0.117020	  0.061352	  0.121177	  0.108106	  0.262777
 -0.043807	  0.058583	 -0.081575	  0.051849	  0.084180	  0.065028	  0.210798
 -0.051409	  0.064063	 -0.061208	  0.051057	  0.054247	  0.045199	  0.191254
 -0.068039	  0.036664	 -0.058357	  0.094643	  0.035432	  0.007949	  0.114156
 -0.049920	  0.012433	 -0.041316	  0.102847	  0.044459	 -0.029333	  0.060213
 -0.031739	  0.027858	 -0.005142	  0.068225	  0.061976	  0.009374	  0.038421
  0.009408	  0.057665	 -0.001785	  0.055809	  0.038568	 -0.016631	 -0.016853
  0.003643	  0.030741	  0.014655	  0.030849	  0.042717	 -0.041370	 -0.048528
  0.045581	  0.045945	  0.013768	  0.006490	  0.038695	 -0.051062	 -0.030917
  0.039214	  0.048669	  0.027261	  0.029550	  0.035337	 -0.035066	 -0.097530
  0.021032	  0.035619	  0.046995	  0.029740	  0.024282	 -0.074755	 -0.125151
  0.028191	  0.036823	  0.027736	  0.056442	 -0.005841	 -0.084036	 -0.173836
  0.036807	  0.046167	  0.018234	  0.047003	 -0.050503	 -0.060565	 -0.226670
 -0.022458	  0.060516	  0.034863	  0.047003	 -0.055983	 -0.072316	 -0.235096
 -0.042603	  0.076797	  0.014433	  0.036709	 -0.056395	 -0.138644	 -0.252010
 -0.026481	  0.090797	  0.007654	  0.023120	 -0.046132	 -0.162211	 -0.243711
 -0.049065	  0.083132	  0.001573	  0.031640	 -0.050281	 -0.165157	 -0.232055
 -0.039277	  0.082055	  0.008224	  0.025939	 -0.106093	 -0.146025	 -0.220145
 -0.045771	  0.100680	 -0.015025	  0.018210	 -0.128139	 -0.124771	 -0.213366
 -0.064681	  0.141383	 -0.033555	  0.016468	 -0.110084	 -0.119386	 -0.195375
 -0.081120	  0.159438	 -0.033112	  0.001169	 -0.134728	 -0.080615	 -0.158632
 -0.064047	  0.155637	 -0.046352	 -0.044127	 -0.118827	 -0.053818	 -0.128255
 -0.055527	  0.136283	 -0.058927	 -0.050620	 -0.088070	 -0.002029	 -0.078841
 -0.055495	  0.121142	 -0.045624	 -0.021416	 -0.093170	  0.041050	 -0.080710
 -0.061925	  0.088327	 -0.052655	 -0.020307	 -0.098808	  0.069747	 -0.081502
 -0.038834	  0.035524	 -0.076190	 -0.004026	 -0.043820	  0.063381	 -0.049668
 -0.041336	  0.028270	 -0.067670	  0.009880	  0.026341	  0.081214	 -0.030061
 -0.025055	  0.036696	 -0.042044	 -0.005451	  0.029984	  0.080042	 -0.059710
 -0.052043	  0.027415	 -0.038560	  0.017070	  0.055134	  0.057236	 -0.071461
 -0.014159	  0.059280	 -0.067860	  0.042505	  0.072650	  0.033036	 -0.099019
  0.014571	  0.043601	 -0.018700	  0.094136	  0.036952	  0.048873	 -0.127938
  0.036585	  0.007365	  0.019279	  0.116784	  0.004739	  0.035411	 -0.160754
  0.015616	  0.022284	 -0.010432	  0.125399	 -0.017054	  0.008741	 -0.179474
 -0.027462	  0.040750	 -0.016261	  0.111399	 -0.015660	 -0.011278	 -0.191954
 -0.006620	  0.026180	 -0.033492	  0.114250	 -0.066499	 -0.011943	 -0.232467
  0.045169	  0.090829	 -0.041981	  0.111050	 -0.107360	 -0.049320	 -0.243205
  0.056540	  0.083670	 -0.038877	  0.062144	 -0.043756	 -0.083181	 -0.232625
  0.061070	  0.079109	 -0.005744	  0.030500	 -0.047494	 -0.106969	 -0.259803
  0.047576	  0.046388	  0.000971	  0.009721	 -0.045783	 -0.112797	 -0.298098
  0.055970	  0.022917	  0.031316	 -0.000067	 -0.057598	 -0.113716	 -0.319289
  0.056699	  0.009043	 -0.017813	 -0.006940	 -0.102514	 -0.119703	 -0.311813
  0.057269	  0.012116	 -0.051040	 -0.010044	 -0.086676	 -0.169338	 -0.273898
  0.016725	 -0.004577	 -0.035614	 -0.060598	 -0.053924	 -0.164523	 -0.263572
  0.026639	  0.038470	 -0.035868	 -0.070639	 -0.049173	 -0.175356	 -0.221254
  0.008331	  0.072489	 -0.085724	 -0.073902	 -0.050915	 -0.122395	 -0.188755
 -0.027399	  0.052058	 -0.135106	 -0.067060	 -0.049426	 -0.098163	 -0.184352
 -0.054482	  0.034479	 -0.116830	 -0.042923	 -0.073151	 -0.102598	 -0.141875
 -0.062242	  0.077969	 -0.132034	 -0.039407	 -0.039353	 -0.110263	 -0.146151
 -0.078840	  0.074453	 -0.112522	 -0.018692	 -0.042141	 -0.073298	 -0.139151
 -0.101361	  0.067801	 -0.119807	  0.003703	  0.003250	 -0.061673	 -0.099430
 -0.071301	  0.073724	 -0.073688	  0.004590	  0.005657	 -0.038297	 -0.117612
 -0.053880	  0.086584	 -0.082145	  0.029772	  0.000938	 -0.046754	 -0.119259
 -0.002977	  0.062416	 -0.104856	  0.042410	 -0.031720	 -0.029491	 -0.123694
  0.012512	  0.057158	 -0.119079	  0.039496	 -0.039068	 -0.035383	 -0.128445
 -0.032689	  0.041859	 -0.092440	  0.025559	 -0.022724	 -0.047008	 -0.126418
 -0.004213	  0.049873	 -0.084267	  0.022360	 -0.003339	 -0.049605	 -0.093127
  0.006208	  0.045565	 -0.097539	  0.010323	  0.007368	 -0.062275	 -0.075547
 -0.019385	  0.060357	 -0.119110	  0.010260	  0.012024	 -0.042098	 -0.090086
  0.001172	  0.060199	 -0.078281	 -0.004691	 -0.027095	 -0.062624	 -0.058728
  0.007000	  0.070272	 -0.121137	  0.000377	 -0.037991	 -0.075294	 -0.079317
 -0.019765	  0.053104	 -0.097888	  0.020681	 -0.040462	 -0.076941	 -0.142002
 -0.020462	  0.077874	 -0.119490	  0.035378	 -0.049996	 -0.082801	 -0.187266
 -0.062369	  0.069797	 -0.098711	  0.002594	 -0.063363	 -0.118024	 -0.223693
 -0.064459	  0.055796	 -0.077964	 -0.002252	 -0.065612	 -0.156826	 -0.231960
 -0.091225	  0.010595	 -0.087783	 -0.011185	 -0.057377	 -0.172854	 -0.216819
 -0.084066	  0.051171	 -0.078376	 -0.011406	 -0.053037	 -0.147704	 -0.251820
 -0.088311	  0.060199	 -0.094910	  0.002182	 -0.093106	 -0.165157	 -0.272283
 -0.080709	  0.064760	 -0.090507	 -0.005388	 -0.064124	 -0.189958	 -0.263984
 -0.066011	  0.052470	 -0.055981	  0.005413	 -0.041761	 -0.216376	 -0.231992
 -0.055147	  0.054814	 -0.044071	  0.031324	 -0.050630	 -0.233797	 -0.237598
 -0.039309	  0.067453	 -0.033017	  0.045483	 -0.055476	 -0.222837	 -0.228602
 -0.006715	  0.052565	 -0.031053	  0.025590	 -0.037073	 -0.217421	 -0.222204
  0.038200	  0.030329	 -0.034917	  0.010830	 -0.023357	 -0.185175	 -0.211498
  0.041780	  0.035524	 -0.042456	 -0.010108	 -0.006633	 -0.179379	 -0.214412
  0.052138	  0.025831	 -0.019365	  0.014314	 -0.005588	 -0.170225	 -0.231263
  0.023978	  0.088295	  0.006102	  0.005033	 -0.025986	 -0.105734	 -0.223534
  0.026892	  0.071285	 -0.037958	  0.010703	 -0.029091	 -0.078271	 -0.212955
  0.030788	  0.083829	 -0.019396	  0.009753	 -0.035109	 -0.061103	 -0.202217
  0.010991	  0.088580	 -0.012713	 -0.005166	 -0.052467	 -0.044474	 -0.165473
  0.001615	  0.100268	 -0.018636	  0.002277	 -0.119872	 -0.015744	 -0.153785
 -0.009218	  0.047972	  0.033216	 -0.017140	 -0.130673	 -0.032120	 -0.148464
 -0.011530	  0.021618	  0.062959	 -0.000478	 -0.103179	 -0.009282	 -0.128508
 -0.024042	  0.031976	  0.057986	  0.036550	 -0.072327	  0.016216	 -0.124296
 -0.039848	  0.038248	  0.045633	  0.059356	 -0.039037	  0.037249	 -0.135762
 -0.005955	  0.023424	  0.047914	  0.064108	  0.004897	  0.036678	 -0.147387
 -0.031644	  0.027288	  0.048389	  0.033794	  0.011580	  0.026669	 -0.120748
 -0.036173	  0.035841	  0.061122	  0.021694	  0.052093	  0.023248	 -0.089864
 -0.034779	  0.014967	  0.046457	  0.010703	  0.054754	  0.022393	 -0.060691
 -0.047766	  0.040655	  0.024791	 -0.013117	  0.037079	  0.040511	  0.000569
 -0.034653	  0.049366	  0.008161	 -0.009189	  0.031504	  0.038674	  0.019194
  0.019037	  0.000016	 -0.016419	 -0.020054	  0.033278	  0.037249	  0.036362
  0.024928	 -0.009423	 -0.026967	 -0.013655	  0.054754	  0.046086	  0.058978
  0.027209	  0.036252	 -0.037768	  0.001454	  0.082818	  0.102246	  0.062874
  0.028033	  0.056936	 -0.064977	 -0.034213	  0.131123	  0.135410	  0.071648
  0.040798	  0.010754	 -0.070330	  0.006997	  0.115380	  0.167181	  0.065155
 -0.003855	 -0.017456	 -0.001275	 -0.025980	 -0.023386	  0.009127	  0.003112
 -0.004298	 -0.018565	 -0.040457	 -0.035039	 -0.048093	 -0.003891	 -0.017160
  0.018064	 -0.014289	 -0.056453	 -0.039410	 -0.048568	  0.011820	 -0.027961
  0.029468	  0.003069	 -0.053761	 -0.058226	  0.003728	  0.007543	 -0.002716
  0.053414	 -0.015239	 -0.062345	 -0.034532	  0.027168	  0.018693	  0.010366
  0.055663	 -0.033959	 -0.060539	 -0.012170	  0.081016	  0.014575	  0.015719
  0.042201	  0.017228	 -0.027946	  0.005030	  0.101922	  0.040011	  0.036846
  0.068365	  0.032654	 -0.046982	  0.021089	  0.063911	 -0.004652	 -0.002178
  0.054586	  0.049695	 -0.040204	  0.032999	  0.056404	 -0.009530	  0.023226
  0.007422	  0.032876	  0.001608	  0.055077	  0.070056	  0.015747	  0.092975
 -0.003380	  0.021504	  0.039079	  0.004111	  0.038159	 -0.060970	 -0.058813
  0.000833	  0.002816	  0.047949	 -0.013437	 -0.002005	 -0.030657	 -0.041645
 -0.001859	 -0.008777	  0.058718	 -0.004029	 -0.002227	  0.052332	  0.141375
 -0.013548	 -0.053693	  0.076963	 -0.002382	 -0.055916	 -0.002846	 -0.104932
 -0.031444	 -0.024583	  0.097172	  0.000786	 -0.065894	 -0.026001	 -0.118648
 -0.041137	 -0.027972	  0.077090	  0.029262	 -0.020757	  0.060346	  0.136180
 -0.081364	 -0.007574	  0.008101	  0.048077	 -0.062347	 -0.034806	 -0.055962
 -0.089157	  0.004843	 -0.019235	  0.043452	 -0.071849	 -0.051088	 -0.077723
 -0.037557	  0.032084	 -0.017493	  0.008293	 -0.022626	  0.044223	  0.143814
 -0.022417	  0.025337	  0.020011	 -0.022971	 -0.018698	 -0.049979	 -0.095873
 -0.012027	  0.033414	 -0.011221	  0.005695	 -0.001118	 -0.069142	 -0.164957
 -0.041263	  0.053972	 -0.051765	  0.030909	  0.043322	 -0.015041	  0.147615
 -0.071767	  0.050107	 -0.048154	  0.005030	  0.031507	 -0.087926	  0.002859
 -0.058146	  0.050677	 -0.041883	  0.003636	  0.002620	 -0.132493	 -0.128531
 -0.070341	  0.016468	 -0.057530	  0.063851	  0.046997	 -0.027774	  0.191042
 -0.078672	  0.045324	 -0.018791	  0.075761	  0.005787	 -0.061794	  0.070612
 -0.054409	  0.042157	 -0.039792	  0.064928	 -0.011001	 -0.125588	 -0.145128
 -0.069898	  0.046591	 -0.095287	  0.048647	  0.022195	 -0.037562	  0.086038
 -0.089917	  0.024387	 -0.169281	  0.060589	  0.010823	 -0.033539	  0.010239
 -0.070816	  0.036867	 -0.214988	  0.047412	  0.014403	 -0.126855	 -0.170817
 -0.106134	  0.053243	 -0.187652	  0.053145	  0.052350	 -0.051214	  0.103935
 -0.071133	  0.006078	 -0.137605	  0.074526	  0.031064	 -0.021123	  0.113374
 -0.049784	  0.000599	 -0.130098	  0.077693	  0.014213	 -0.083745	 -0.181080
 -0.016398	 -0.039439	 -0.061363	  0.102463	  0.043734	  0.022431	  0.037321
  0.008879	 -0.063924	 -0.035168	  0.141139	  0.070120	  0.048975	  0.152746
  0.051133	 -0.125279	 -0.040996	  0.133378	  0.041580	 -0.028281	 -0.140979
  0.049391	 -0.081155	 -0.014262	  0.124129	  0.045476	  0.038332	 -0.002241
  0.019617	 -0.103550	  0.007246	  0.113296	  0.049847	  0.104628	  0.140108
  0.000295	 -0.086065	 -0.017556	  0.075666	  0.018457	 -0.002149	 -0.131255
 -0.002715	 -0.048783	 -0.057055	  0.094988	  0.032584	  0.015399	 -0.031319
  0.006693	 -0.061960	 -0.101939	  0.110509	  0.057956	  0.031522	  0.182141
 -0.026851	 -0.088979	 -0.142452	  0.101260	  0.064893	 -0.099139	 -0.122544
 -0.071513	 -0.106939	 -0.127976	  0.048615	  0.048929	 -0.089636	 -0.106073
 -0.063816	 -0.044729	 -0.121293	  0.025651	  0.078704	  0.038934	  0.130795
 -0.049467	 -0.025122	 -0.080558	  0.023402	  0.057481	 -0.028756	 -0.116462
 -0.039173	 -0.013560	 -0.039032	 -0.015686	  0.072622	 -0.056599	 -0.127580
 -0.050228	 -0.048498	 -0.011284	 -0.034659	  0.089252	  0.033264	  0.170865
 -0.058336	 -0.028828	 -0.042611	 -0.015876	  0.038033	 -0.027299	 -0.011744
 -0.020326	 -0.006465	 -0.025633	 -0.031967	  0.013579	 -0.084030	 -0.157640
 -0.030304	  0.021980	 -0.003904	  0.030497	  0.045445	  0.002127	  0.087463
 -0.045413	  0.041175	  0.009716	  0.012632	  0.023335	 -0.065626	 -0.020074
 -0.065780	  0.034365	  0.011300	  0.043357	  0.064957	 -0.103954	 -0.189505
 -0.057323	  0.043519	  0.058338	  0.037782	  0.116967	  0.003267	  0.100197
 -0.065653	  0.047098	  0.073510	  0.050357	  0.109714	 -0.016340	  0.048249
 -0.044906	  0.045863	  0.067524	  0.054539	  0.069866	 -0.100786	 -0.184723
 -0.044146	  0.103512	  0.014943	  0.065878	  0.086654	 -0.053875	  0.089902
 -0.058463	  0.079343	 -0.018285	  0.039841	  0.076550	 -0.005443	  0.073051
 -0.045856	  0.035251	 -0.019615	  0.020107	  0.025172	 -0.068129	 -0.259730
 -0.037716	  0.044089	 -0.012266	  0.039176	  0.047282	 -0.025431	 -0.046935
 -0.028530	  0.012255	 -0.035326	  0.019316	  0.071608	 -0.007566	  0.017841
 -0.019376	  0.014663	 -0.035516	  0.007216	  0.052540	 -0.128090	 -0.255612
 -0.062644	  0.013776	 -0.014103	 -0.018378	  0.056911	 -0.057423	 -0.123843
 -0.033281	  0.005318	  0.028722	 -0.009984	  0.044653	 -0.035282	  0.018760
  0.038273	  0.039433	  0.071135	 -0.017459	  0.025679	 -0.156661	 -0.254091
  0.037862	  0.068606	  0.063754	  0.015103	  0.014688	 -0.116814	 -0.134042
  0.014739	  0.014631	  0.035057	 -0.020342	  0.060300	 -0.044657	  0.123162
  0.024273	 -0.039091	  0.033473	 -0.070104	  0.051431	 -0.141806	 -0.148961
  0.019553	 -0.022968	  0.063786	 -0.039949	  0.073572	 -0.086184	 -0.107561
  0.015309	 -0.004723	  0.102082	 -0.000957	  0.068663	 -0.027933	  0.152683
  0.029974	  0.011083	  0.117603	 -0.017966	  0.029068	 -0.082604	 -0.045098
 -0.010095	  0.027903	  0.123938	  0.020424	  0.026661	 -0.094356	 -0.089633
 -0.009968	  0.029360	  0.115670	  0.053462	  0.081649	  0.016824	  0.183123
  0.000770	  0.031735	  0.101353	  0.005188	  0.048137	 -0.028598	 -0.031224
 -0.003570	  0.037025	  0.103570	  0.007849	  0.018394	 -0.048775	 -0.170912
 -0.015511	  0.061795	  0.081429	  0.008926	  0.053458	  0.055342	  0.078626
 -0.003443	  0.040541	  0.063058	  0.000944	  0.047060	 -0.029992	 -0.019282
 -0.013833	  0.042727	  0.026409	  0.031542	  0.045508	 -0.132366	 -0.213167
 -0.029924	  0.053877	 -0.005361	  0.022642	  0.062993	 -0.042852	  0.071372
 -0.068124	  0.046560	 -0.049105	  0.029388	  0.060870	 -0.080894	  0.020248
 -0.063436	  0.033668	 -0.055313	  0.040665	  0.043291	 -0.137878	 -0.240186
 -0.022195	  0.014821	 -0.036878	  0.045416	  0.098627	 -0.070853	  0.043118
  0.007802	 -0.002506	 -0.065006	  0.028470	  0.081618	 -0.038322	  0.064372
  0.040712	 -0.057747	 -0.092405	  0.026126	  0.044178	 -0.133918	 -0.218773
  0.006028	 -0.039819	 -0.098581	  0.027615	  0.028720	 -0.095623	 -0.026409
 -0.021751	 -0.013814	 -0.111157	  0.026854	  0.041422	 -0.067907	  0.068617
 -0.046712	 -0.014827	 -0.114292	  0.003256	  0.025299	 -0.156281	 -0.196854
 -0.044589	  0.020427	 -0.116383	 -0.005423	  0.052350	 -0.117257	 -0.041582
 -0.039965	  0.029360	 -0.095477	 -0.045144	  0.073002	 -0.057708	  0.118695
 -0.034200	  0.048048	 -0.088762	 -0.010269	  0.028815	 -0.157073	 -0.196126
 -0.018426	  0.045926	 -0.050277	 -0.041564	  0.059223	 -0.113583	 -0.113263
 -0.004362	  0.063189	 -0.049580	 -0.042325	  0.096030	 -0.043549	  0.093387
 -0.007498	  0.062302	 -0.035548	 -0.069565	  0.083233	 -0.129357	 -0.173795
  0.010399	  0.030278	 -0.016701	 -0.066588	  0.090487	 -0.133253	 -0.135151
  0.013250	  0.016405	 -0.038050	 -0.030446	  0.086179	 -0.037245	  0.085563
 -0.028625	  0.005128	 -0.013660	 -0.000165	  0.012787	 -0.124258	 -0.174840
 -0.001796	  0.038514	 -0.003366	 -0.006848	  0.015670	 -0.125841	 -0.234358
  0.036753	  0.037532	 -0.023416	  0.003985	  0.061314	 -0.012127	  0.060856
  0.003906	  0.048302	 -0.008972	  0.026411	  0.039205	 -0.047286	 -0.129766
  0.020725	  0.015328	 -0.035389	  0.031574	  0.023113	 -0.082066	 -0.215004
 -0.008321	  0.001422	 -0.034692	  0.059512	  0.088460	  0.052649	  0.127311
 -0.005755	 -0.000700	 -0.003461	  0.009560	  0.097550	  0.039409	 -0.007531
  0.002005	  0.013522	 -0.012678	  0.000881	  0.099578	 -0.040191	 -0.200814
  0.028137	  0.059578	 -0.016796	  0.006867	  0.106578	  0.044762	  0.100514
  0.020947	  0.078805	  0.010572	  0.005442	  0.116651	  0.020435	  0.046761
  0.043183	  0.080579	  0.016812	 -0.036401	  0.090867	 -0.088148	 -0.183899
  0.082144	  0.078076	  0.022988	 -0.012708	  0.066857	 -0.037911	  0.007673
  0.056233	  0.072882	  0.036229	  0.005505	  0.116207	 -0.066798	 -0.020454
  0.069252	  0.057519	  0.045193	 -0.011156	  0.110316	 -0.166766	 -0.326691
  0.072736	  0.057551	  0.043799	  0.015483	  0.114782	 -0.130814	 -0.115860
  0.075618	  0.021061	  0.064356	  0.043230	  0.116239	 -0.082731	 -0.027961
  0.059274	  0.025907	  0.066225	  0.017764	  0.108352	 -0.155743	 -0.284468
  0.044703	  0.039464	  0.069995	  0.003351	  0.108415	 -0.136579	 -0.104869
  0.042169	  0.039876	  0.066954	  0.027551	  0.136638	 -0.088053	  0.068363
  0.014200	  0.039844	  0.045193	  0.042724	  0.109809	 -0.190871	 -0.238507
  0.022942	  0.035758	  0.030369	  0.043199	  0.143543	 -0.148394	 -0.113421
  0.027694	  0.064076	  0.013644	  0.057548	  0.142118	 -0.085424	  0.107134
  0.032730	  0.081941	  0.043989	  0.006994	  0.105469	 -0.135217	 -0.150260
 -0.003031	  0.027301	  0.050134	 -0.024143	  0.123144	 -0.113615	 -0.087353
  0.013345	  0.023468	  0.041899	 -0.000386	  0.145919	 -0.088749	  0.067255
 -0.024666	  0.025781	  0.046301	 -0.007672	  0.156181	 -0.154951	 -0.126250
 -0.048866	  0.039116	  0.068126	 -0.028799	  0.204170	 -0.127900	 -0.038034
 -0.057956	  0.036613	  0.064895	 -0.016382	  0.188395	 -0.057581	  0.064721
 -0.079812	  0.050899	  0.029165	  0.014438	  0.129384	 -0.109750	 -0.082665
 -0.090582	  0.033763	  0.017445	 -0.008210	  0.105406	 -0.102148	 -0.030590
 -0.092767	 -0.070037	 -0.006311	 -0.017776	  0.069518	 -0.068604	  0.083979
 -0.111709	 -0.085241	  0.014563	 -0.039569	  0.071830	 -0.092962	 -0.026251
 -0.103600	 -0.083278	 -0.015465	 -0.019075	  0.117538	 -0.081939	 -0.051845
 -0.092546	 -0.049512	 -0.035548	  0.003985	  0.118931	 -0.057328	 -0.063153
 -0.064862	  0.002119	 -0.042928	 -0.021419	  0.134547	 -0.069713	 -0.066193
 -0.063468	 -0.005166	 -0.057182	 -0.053886	  0.131601	 -0.055680	 -0.099611
 -0.062834	 -0.019515	 -0.002510	 -0.053506	  0.120578	 -0.080546	 -0.118173
 -0.055137	 -0.046217	 -0.014705	 -0.065479	  0.127579	 -0.051879	 -0.110887
 -0.048612	 -0.045647	 -0.047489	 -0.066398	  0.132868	 -0.059672	 -0.110317
 -0.027675	 -0.015872	 -0.041091	 -0.038238	  0.128434	 -0.064169	 -0.095557
 -0.060015	  0.028029	 -0.042485	 -0.034152	  0.128402	 -0.077758	 -0.065655
 -0.051431	  0.047225	 -0.029054	 -0.063104	  0.138285	 -0.102402	 -0.050768
 -0.040567	  0.063442	 -0.081699	 -0.064624	  0.138285	 -0.041300	 -0.067365
 -0.033123	  0.044469	 -0.067286	 -0.016889	  0.104392	 -0.047572	 -0.110507
 -0.005724	  0.030468	 -0.088002	 -0.037193	  0.143226	 -0.068794	 -0.086624
 -0.026534	  0.035346	 -0.058987	 -0.059683	  0.135624	 -0.055554	 -0.087479
 -0.049879	  0.024799	 -0.058386	 -0.063452	  0.161376	 -0.061730	 -0.110602
 -0.063341	  0.016183	 -0.019678	 -0.032790	  0.147281	 -0.080482	 -0.085547
 -0.083645	 -0.014099	  0.003445	 -0.037257	  0.139489	 -0.088021	 -0.076140
 -0.082916	  0.001581	  0.047125	 -0.005581	  0.167300	 -0.093881	 -0.082380
 -0.082505	  0.001802	  0.057483	 -0.036085	  0.143195	 -0.129579	 -0.092927
 -0.066857	 -0.031457	  0.056374	 -0.055470	  0.128402	 -0.180101	 -0.107245
 -0.084659	 -0.074567	  0.052700	 -0.062027	  0.101605	 -0.142027	 -0.106770
 -0.084849	 -0.049860	  0.059383	 -0.064909	  0.111836	 -0.123529	 -0.131603
 -0.052191	 -0.018597	  0.126408	 -0.054520	  0.114718	 -0.125303	 -0.080637
 -0.047725	 -0.044380	  0.101480	 -0.056325	  0.100433	 -0.121343	 -0.095588
 -0.004393	 -0.022809	  0.122195	  0.006012	  0.121085	 -0.092329	 -0.098407
 -0.053617	  0.010038	  0.107561	  0.034900	  0.152507	 -0.104239	 -0.101385
 -0.025806	  0.007187	  0.080827	  0.024130	  0.133344	 -0.086025	 -0.063850
 -0.027675	 -0.003931	  0.060682	  0.010922	  0.113451	 -0.066830	 -0.026314
 -0.012819	  0.014124	  0.027550	  0.000722	  0.117443	 -0.058880	 -0.038478
 -0.019693	  0.021346	  0.040663	 -0.015844	  0.126312	 -0.083681	 -0.022703
 -0.001638	  0.030754	  0.014056	 -0.070832	  0.150195	 -0.112443	  0.008370
  0.010937	 -0.017488	 -0.010271	 -0.052366	  0.146742	 -0.098854	  0.027407
  0.000263	 -0.011596	 -0.055408	 -0.048089	  0.113166	 -0.081021	  0.060539
  0.001086	 -0.029493	 -0.030416	 -0.039410	  0.128117	 -0.078202	  0.079513
  0.002480	 -0.055055	 -0.029814	 -0.037130	  0.093211	 -0.082763	  0.078499
 -0.019914	 -0.022714	 -0.092468	 -0.011758	  0.109619	 -0.107153	  0.102383
 -0.008955	  0.007821	 -0.082712	  0.016972	  0.087351	 -0.092962	  0.069884
 -0.058495	  0.038767	 -0.089332	  0.013931	  0.067554	 -0.060558	  0.062757
 -0.064608	 -0.001175	 -0.059019	 -0.013310	  0.058526	 -0.067020	  0.044987
 -0.068124	 -0.009696	 -0.030321	  0.002369	  0.097455	 -0.058595	  0.037670
 -0.071038	 -0.010551	 -0.044638	 -0.007323	  0.123302	 -0.016498	  0.059621
 -0.043259	 -0.041023	 -0.009099	  0.004618	  0.115352	  0.018566	  0.076599
 -0.039490	 -0.030538	  0.008576	  0.036484	  0.057703	  0.036115	  0.044987
  0.003716	 -0.033262	  0.000055	  0.016497	  0.025933	  0.002951	  0.012361
 -0.077152	 -0.029683	  0.012567	 -0.016414	  0.057956	 -0.000755	 -0.004743
 -0.054187	 -0.005736	  0.047949	 -0.015527	  0.060174	  0.012612	 -0.021911
 -0.035847	 -0.005198	  0.055266	  0.008419	  0.085324	  0.042925	 -0.027360
 -0.054440	 -0.048118	  0.008893	  0.016243	  0.124158	  0.006118	  0.001243
 -0.027485	 -0.039059	  0.000562	  0.006044	  0.146964	 -0.017132	 -0.016907
 -0.031856	 -0.066901	  0.032649	 -0.013848	  0.189060	 -0.031354	 -0.030052
 -0.014466	 -0.057937	  0.032554	 -0.003396	  0.193337	 -0.020014	 -0.026884
 -0.027453	 -0.056227	  0.013327	  0.011872	  0.172177	 -0.058024	 -0.055772
 -0.011964	 -0.050905	 -0.001623	  0.012157	  0.167046	 -0.042250	 -0.049786
  0.008245	 -0.049892	  0.007753	 -0.000386	  0.166001	 -0.006869	 -0.002748
 -0.014276	 -0.069942	 -0.012013	  0.025176	  0.159602	  0.010679	  0.028674
 -0.011869	 -0.079698	 -0.022117	  0.007722	  0.160141	 -0.002846	  0.022434
  0.019712	 -0.069087	 -0.007167	  0.045416	  0.161788	 -0.030657	  0.005646
  0.002987	 -0.066141	 -0.034756	  0.033221	  0.167965	 -0.021281	  0.032792
  0.004697	 -0.046914	 -0.054775	  0.020456	  0.146774	 -0.027331	  0.039190
  0.035993	 -0.051666	 -0.042389	  0.031827	  0.131285	 -0.033381	  0.030321
  0.046255	 -0.042543	 -0.065069	  0.037180	  0.103537	 -0.022041	  0.014547
  0.054713	 -0.011058	 -0.029593	  0.007406	  0.079591	 -0.026349	 -0.014246
  0.066306	  0.018685	 -0.001750	  0.020931	  0.091469	 -0.085265	 -0.004870
  0.023449	  0.024007	 -0.014167	  0.022135	  0.095048	 -0.066989	 -0.029767
  0.014263	  0.008296	  0.010730	  0.008324	  0.044969	 -0.008389	 -0.048772
  0.026015	  0.028758	  0.017382	  0.022800	  0.056563	  0.015272	 -0.034898
  0.005141	  0.038261	  0.032364	  0.041773	  0.101510	  0.042798	  0.022371
  0.053572	  0.025907	  0.025396	  0.055806	  0.141167	  0.032345	  0.048408
  0.071501	  0.032401	  0.033790	  0.089603	  0.115384	 -0.008611	  0.040932
  0.052844	  0.077063	  0.063374	  0.102463	  0.088016	 -0.031607	 -0.021373
  0.042866	  0.077696	  0.045478	  0.067525	  0.077563	 -0.002244	 -0.010097
  0.032603	  0.050487	  0.046586	  0.042597	  0.090740	 -0.013489	  0.026045
  0.018286	  0.051279	  0.046301	  0.085517	  0.094130	 -0.030182	  0.031303
  0.015530	  0.069968	  0.054569	  0.076648	  0.063658	 -0.019064	  0.003239
  0.041092	  0.063854	  0.050673	  0.049059	  0.075504	 -0.034616	 -0.010223
  0.019141	  0.076271	  0.027423	  0.025366	  0.092577	 -0.065468	 -0.021626
 -0.019566	  0.078805	  0.003920	  0.039936	  0.088618	 -0.076301	 -0.004427
  0.009290	  0.083366	 -0.019805	  0.035850	  0.103537	 -0.035377	 -0.003571
  0.031241	  0.025654	 -0.034692	  0.030655	  0.116112	 -0.023530	 -0.005314
 -0.008479	  0.018147	 -0.012425	  0.007817	  0.124981	 -0.019887	  0.017398
 -0.026724	  0.011970	 -0.028009	 -0.013152	  0.134104	 -0.020458	  0.034376
 -0.033186	 -0.002886	 -0.063707	 -0.005866	  0.139805	 -0.038829	  0.007832
 -0.049816	  0.022011	 -0.058512	 -0.038270	  0.117379	 -0.018652	 -0.006359
 -0.037082	 -0.022588	 -0.105107	 -0.040297	  0.107116	 -0.023625	  0.001433
 -0.068504	 -0.026009	 -0.108686	  0.000215	  0.106610	 -0.039494	  0.010904
 -0.064323	 -0.064748	 -0.069187	 -0.015115	  0.094098	 -0.030657	  0.001433
 -0.042689	 -0.080205	 -0.060920	 -0.033455	  0.108447	 -0.036010	 -0.027740
