:RUN-4	LEVEL SWEEP	TEMP:NaN	8/27/2019	12:12 PM	HR:-636.36:SW EAR: R	SW FREQ: 16.00	# AVERAGES: 512	REP RATE (/sec): 80	DRIVER: 	SAMPLE (µsec): 40	MASKER dB: 2147483647:NOTES-:CHAMBER-SEWELL-PXI1:CFTS Version: V2.7.2 (R850):LEVELS:20;30;40;50;60;70;80;:DATA  0.025766	 -0.021428	 -0.016232	  0.044249	 -0.015383	 -0.119923	 -0.068526
  0.060356	 -0.027922	 -0.041826	  0.003673	  0.020093	 -0.075862	 -0.091554
  0.040812	 -0.011831	  0.014905	  0.026131	  0.028772	 -0.070066	 -0.118098
  0.006413	 -0.036252	  0.048322	  0.017040	 -0.001066	 -0.047956	 -0.118288
  0.005082	 -0.055258	  0.061974	 -0.024423	 -0.004867	 -0.004371	 -0.162982
  0.008091	 -0.035999	  0.021588	 -0.024613	 -0.016048	 -0.014032	 -0.152118
 -0.024502	  0.028460	 -0.017816	 -0.018500	 -0.032741	 -0.047291	 -0.165833
 -0.032548	  0.021713	 -0.035491	  0.007474	 -0.010949	 -0.050522	 -0.179010
 -0.038978	  0.030076	 -0.037518	  0.004496	 -0.000622	 -0.023566	 -0.211065
 -0.017819	  0.027320	 -0.029536	  0.036583	 -0.037556	 -0.025942	 -0.149425
  0.030296	  0.018578	 -0.043441	  0.001139	 -0.039741	 -0.016978	 -0.125669
  0.027477	  0.006351	 -0.054876	 -0.001395	 -0.051715	 -0.060405	 -0.091428
  0.012843	 -0.018799	 -0.052279	 -0.013274	 -0.060235	 -0.040164	 -0.061970
  0.013255	 -0.004292	 -0.036948	 -0.013115	 -0.056814	 -0.017707	  0.004168
  0.000996	 -0.011736	  0.003343	 -0.006495	 -0.011234	  0.018182	  0.096090
  0.010340	  0.017944	  0.004072	 -0.001870	  0.010179	  0.035001	  0.182849
 -0.023425	  0.041225	  0.038186	 -0.015618	  0.019365	  0.104782	  0.270653
 -0.042241	  0.021587	  0.047974	 -0.028478	  0.049583	  0.128950	  0.327542
 -0.027258	  0.021017	  0.060137	  0.009533	  0.078407	  0.151535	  0.391621
 -0.034955	 -0.010754	  0.065459	 -0.002536	  0.132572	  0.176336	  0.423043
 -0.030141	  0.018166	  0.056970	  0.035285	  0.202448	  0.226922	  0.449207
 -0.013891	  0.036189	  0.044775	  0.075576	  0.220756	  0.237882	  0.414142
  0.009073	  0.027858	  0.024439	  0.131736	  0.244798	  0.251502	  0.370810
 -0.015127	  0.025166	  0.015127	  0.156126	  0.221485	  0.252706	  0.345438
 -0.043159	  0.006604	  0.037584	  0.207472	  0.211412	  0.238990	  0.348638
 -0.034258	  0.014238	  0.066472	  0.190842	  0.197095	  0.191414	  0.327732
 -0.029317	  0.007048	  0.098844	  0.150520	  0.228105	  0.177730	  0.315442
 -0.009013	 -0.011387	  0.088740	  0.108296	  0.214991	  0.214220	  0.373978
  0.048573	 -0.014872	  0.042557	  0.077413	  0.233743	  0.297114	  0.494439
  0.082117	 -0.037519	  0.017090	  0.121980	  0.280053	  0.394073	  0.635964
  0.082560	 -0.061783	  0.022349	  0.128505	  0.315529	  0.453495	  0.784902
  0.080533	 -0.049493	  0.027860	  0.180991	  0.378056	  0.517226	  0.899820
  0.023486	 -0.029125	  0.019023	  0.239115	  0.433234	  0.597745	  0.981510
  0.021490	 -0.032483	  0.030457	  0.269492	  0.475648	  0.668032	  1.000294
 -0.007176	  0.015568	  0.053517	  0.314091	  0.536337	  0.665593	  0.950215
 -0.011389	  0.000459	  0.099098	  0.375889	  0.503300	  0.568192	  0.870488
 -0.033625	  0.030551	  0.176892	  0.358373	  0.420501	  0.483619	  0.726556
 -0.035209	  0.065710	  0.189943	  0.326254	  0.335991	  0.361764	  0.498715
 -0.032168	  0.117975	  0.174548	  0.308516	  0.198552	  0.149571	  0.229918
  0.008250	  0.131025	  0.163874	  0.227237	  0.068271	 -0.040354	 -0.036661
  0.072234	  0.142967	  0.185223	  0.174023	 -0.037176	 -0.207125	 -0.273877
  0.021427	  0.144392	  0.171888	  0.086250	 -0.153107	 -0.320618	 -0.503080
  0.016517	  0.128491	  0.121809	 -0.006685	 -0.277180	 -0.441300	 -0.731237
  0.010625	  0.122504	  0.083355	 -0.157713	 -0.347530	 -0.543422	 -0.924678
  0.028174	  0.104861	  0.011896	 -0.268355	 -0.418483	 -0.637054	 -1.079729
 -0.005244	  0.074706	 -0.090986	 -0.327999	 -0.411293	 -0.717953	 -1.174818
 -0.019814	  0.063778	 -0.162920	 -0.365345	 -0.402392	 -0.741392	 -1.180583
 -0.037743	  0.011831	 -0.180278	 -0.388499	 -0.424692	 -0.764674	 -1.146691
 -0.058965	 -0.013193	 -0.187786	 -0.411876	 -0.431407	 -0.745383	 -0.999210
 -0.063115	 -0.058013	 -0.232574	 -0.406364	 -0.392731	 -0.654665	 -0.777578
 -0.059060	 -0.118925	 -0.214266	 -0.370033	 -0.336222	 -0.504334	 -0.548978
 -0.071667	 -0.148763	 -0.219873	 -0.326954	 -0.242052	 -0.367465	 -0.310557
 -0.073599	 -0.154211	 -0.225131	 -0.229426	 -0.148039	 -0.254765	 -0.031625
 -0.070115	 -0.187280	 -0.227475	 -0.185017	 -0.107242	 -0.134018	  0.278983
 -0.108822	 -0.197385	 -0.196370	 -0.073203	 -0.039393	  0.026797	  0.577492
 -0.108125	 -0.221585	 -0.161748	 -0.007667	 -0.008351	  0.189513	  0.764249
 -0.116678	 -0.142428	 -0.108154	  0.032307	  0.062380	  0.320047	  0.864533
 -0.101632	 -0.126052	 -0.028364	  0.065503	  0.153446	  0.472627	  0.868905
 -0.076862	 -0.091304	 -0.020920	  0.047290	  0.272197	  0.555933	  0.747176
 -0.060612	 -0.048194	  0.039833	  0.054638	  0.373685	  0.621311	  0.583922
 -0.036064	 -0.006383	  0.084781	  0.085807	  0.459778	  0.636579	  0.338311
 -0.031534	  0.012116	  0.098654	  0.157203	  0.463928	  0.544657	  0.063591
 -0.008158	 -0.020098	  0.116741	  0.198761	  0.396744	  0.392267	 -0.126302
  0.019780	 -0.017627	  0.139262	  0.239971	  0.320502	  0.238040	 -0.257026
 -0.029951	  0.014301	  0.159883	  0.233224	  0.233078	  0.072853	 -0.326839
 -0.038598	  0.032008	  0.174580	  0.224070	  0.133681	 -0.061957	 -0.345210
 -0.049874	  0.006826	  0.191336	  0.164742	  0.025098	 -0.118117	 -0.355568
 -0.026783	 -0.006193	  0.170241	  0.146402	 -0.032963	 -0.158187	 -0.343056
 -0.031344	 -0.010469	  0.152882	  0.105002	 -0.051715	 -0.156033	 -0.329626
  0.011069	 -0.017152	  0.134099	  0.041937	 -0.051620	 -0.139466	 -0.320377
  0.009232	 -0.040117	  0.131755	 -0.021319	 -0.027356	 -0.133068	 -0.306725
 -0.023774	 -0.006763	  0.089817	 -0.052329	  0.039669	 -0.135792	 -0.295195
  0.012589	 -0.020541	  0.057445	 -0.098734	  0.032922	 -0.114728	 -0.281733
 -0.009995	 -0.025673	  0.018706	 -0.104213	  0.040619	 -0.118434	 -0.287086
  0.009390	 -0.012243	  0.003438	 -0.099842	  0.026998	 -0.077288	 -0.252338
 -0.004484	  0.032483	  0.009045	 -0.095376	  0.063678	 -0.076338	 -0.186644
  0.016580	  0.040972	 -0.022250	 -0.068610	  0.094087	 -0.091383	 -0.156520
  0.032513	  0.045248	 -0.035047	 -0.071461	  0.095100	 -0.085112	 -0.151136
  0.019558	  0.033592	 -0.042016	 -0.054166	  0.105268	 -0.116280	 -0.152593
  0.016675	 -0.020193	 -0.041034	 -0.026324	  0.141188	 -0.153562	 -0.122026
  0.011607	 -0.008378	 -0.032165	 -0.018563	  0.099408	 -0.163065	 -0.081672
  0.030042	  0.005686	 -0.024784	  0.040099	  0.062570	 -0.215329	 -0.087025
 -0.019403	 -0.004387	  0.008221	  0.022266	  0.032795	 -0.257394	 -0.044516
 -0.009108	  0.007174	 -0.000616	  0.015804	 -0.012089	 -0.274403	 -0.010592
 -0.013891	  0.027415	  0.025579	  0.015076	 -0.070942	 -0.263127	  0.016363
 -0.010154	  0.009138	  0.011294	 -0.023948	 -0.122477	 -0.259864	  0.061374
 -0.021715	  0.000364	 -0.000331	 -0.058664	 -0.180760	 -0.226067	  0.073252
 -0.024597	  0.005496	 -0.013951	 -0.078461	 -0.148356	 -0.184319	  0.108190
 -0.028715	  0.021460	 -0.030042	 -0.135572	 -0.135971	 -0.142222	  0.103692
 -0.018104	  0.029030	 -0.068908	 -0.146627	 -0.104866	 -0.095121	  0.120290
 -0.035874	  0.027257	 -0.073406	 -0.108585	 -0.099259	 -0.033893	  0.098909
 -0.080188	  0.037456	 -0.088262	 -0.090213	 -0.047407	  0.008996	  0.099353
 -0.092794	  0.028967	 -0.066881	 -0.073267	 -0.001098	  0.045803	  0.079397
 -0.072174	  0.042271	 -0.051075	 -0.023536	  0.023673	  0.039626	  0.122507
 -0.064382	  0.010152	 -0.033970	  0.004591	  0.047239	  0.038802	  0.115824
 -0.061816	 -0.003405	 -0.006128	 -0.018057	  0.057058	  0.051441	  0.165586
 -0.052408	 -0.023170	 -0.011892	 -0.000160	  0.050153	  0.105701	  0.217438
 -0.049969	 -0.059090	  0.011262	  0.040511	  0.087213	  0.138231	  0.247498
 -0.064192	 -0.019211	  0.064508	  0.054575	  0.112902	  0.138548	  0.287409
 -0.061784	 -0.047719	  0.091021	  0.067689	  0.133491	  0.203831	  0.382372
 -0.077559	 -0.048796	  0.081486	  0.033257	  0.205774	  0.241588	  0.487819
 -0.068531	 -0.054212	  0.096374	  0.020967	  0.231779	  0.263412	  0.513856
 -0.064477	 -0.040845	  0.113478	  0.026511	  0.302795	  0.266484	  0.558581
 -0.068056	 -0.035080	  0.126814	  0.030818	  0.354236	  0.306300	  0.602895
 -0.048481	  0.000681	  0.176227	  0.044946	  0.341883	  0.356347	  0.620063
 -0.035811	 -0.012147	  0.144710	  0.063032	  0.328864	  0.367180	  0.591429
 -0.015855	 -0.012496	  0.107207	  0.112699	  0.279514	  0.430182	  0.586646
 -0.041227	 -0.024026	  0.091052	  0.149759	  0.273021	  0.478139	  0.536440
 -0.059915	 -0.004450	  0.109931	  0.194580	  0.283125	  0.500533	  0.444044
 -0.036729	  0.030646	  0.132135	  0.203417	  0.310334	  0.450645	  0.367009
 -0.031566	  0.021112	  0.152122	  0.179249	  0.292469	  0.408168	  0.273599
 -0.013131	  0.008917	  0.156050	  0.138863	  0.263550	  0.353243	  0.207777
 -0.018009	 -0.012908	  0.205907	  0.166769	  0.261934	  0.281150	  0.087411
 -0.070242	 -0.031976	  0.175309	  0.170412	  0.198299	  0.251692	  0.004707
 -0.032041	 -0.002803	  0.136221	  0.150329	  0.180814	  0.212573	 -0.078948
 -0.021620	  0.005591	  0.121651	  0.111907	  0.151292	  0.138358	 -0.152308
 -0.026086	  0.008473	  0.096849	  0.067087	  0.129721	  0.092365	 -0.275620
 -0.035620	  0.009550	  0.080884	  0.065471	  0.049868	  0.052296	 -0.370170
 -0.046802	  0.044361	  0.061784	  0.049634	 -0.001034	 -0.031295	 -0.422498
 -0.061658	  0.065425	  0.042367	  0.017990	 -0.004328	 -0.094329	 -0.457277
 -0.060010	  0.059407	  0.034544	  0.007727	 -0.024506	 -0.112352	 -0.479260
 -0.027512	  0.059755	  0.021525	 -0.007699	 -0.066665	 -0.205604	 -0.524968
  0.004100	  0.038501	 -0.027128	 -0.040293	 -0.090707	 -0.288942	 -0.546887
  0.026622	  0.015949	 -0.042839	 -0.063384	 -0.101793	 -0.302658	 -0.575648
  0.038880	 -0.006066	 -0.041256	 -0.063194	 -0.107843	 -0.335410	 -0.585182
 -0.015855	 -0.033022	 -0.056935	 -0.064334	 -0.094381	 -0.346971	 -0.526203
 -0.032833	 -0.037804	 -0.085157	 -0.096295	 -0.085734	 -0.358343	 -0.476853
 -0.037553	 -0.041859	 -0.062003	 -0.144029	 -0.037081	 -0.348428	 -0.468966
 -0.014810	 -0.045026	 -0.062035	 -0.120970	 -0.042022	 -0.340795	 -0.417778
 -0.013479	 -0.042778	 -0.075940	 -0.089073	 -0.029954	 -0.308676	 -0.395542
 -0.022855	 -0.049239	 -0.083764	 -0.092905	 -0.034293	 -0.265344	 -0.372293
 -0.011389	 -0.056461	 -0.105905	 -0.066045	 -0.044778	 -0.261480	 -0.383031
 -0.041512	 -0.078792	 -0.078252	 -0.058221	 -0.073286	 -0.269462	 -0.386927
 -0.051078	 -0.092444	 -0.108597	 -0.067597	 -0.083548	 -0.294010	 -0.423322
 -0.032485	 -0.069702	 -0.111163	 -0.040894	 -0.068788	 -0.307916	 -0.429498
 -0.010534	 -0.041162	 -0.098651	 -0.007667	 -0.037651	 -0.263349	 -0.470866
 -0.021620	 -0.041669	 -0.118828	 -0.002314	 -0.036162	 -0.249982	 -0.529371
 -0.045978	 -0.044710	 -0.071822	 -0.021351	 -0.038348	 -0.261385	 -0.550973
 -0.032675	 -0.075720	 -0.076352	 -0.007635	 -0.062991	 -0.279566	 -0.597092
 -0.021968	 -0.092888	 -0.036219	 -0.018025	 -0.126468	 -0.283241	 -0.665923
 -0.018738	 -0.079236	 -0.004417	 -0.041179	 -0.136446	 -0.316912	 -0.724490
  0.006983	 -0.078032	 -0.003245	 -0.069941	 -0.120894	 -0.343044	 -0.712200
  0.021553	 -0.117563	 -0.002707	 -0.100666	 -0.125265	 -0.411209	 -0.768361
  0.021047	 -0.124025	 -0.025798	 -0.129364	 -0.145347	 -0.416150	 -0.846440
  0.050125	 -0.100585	  0.011896	 -0.136205	 -0.156687	 -0.438228	 -0.880903
  0.005621	 -0.090829	 -0.021427	 -0.141527	 -0.151302	 -0.424259	 -0.890089
 -0.007841	 -0.111608	 -0.017974	 -0.147862	 -0.200367	 -0.409910	 -0.905800
 -0.008095	 -0.131405	 -0.041572	 -0.169940	 -0.211770	 -0.436549	 -0.919705
 -0.022190	 -0.081200	 -0.079583	 -0.174754	 -0.235463	 -0.473071	 -0.950177
 -0.023806	 -0.070240	 -0.083130	 -0.179822	 -0.228210	 -0.511556	 -0.978273
 -0.022855	 -0.081675	 -0.108344	 -0.174469	 -0.227988	 -0.537245	 -0.979603
 -0.049748	 -0.079521	 -0.145784	 -0.195502	 -0.223617	 -0.539399	 -0.998228
 -0.055227	 -0.118038	 -0.167292	 -0.222331	 -0.275216	 -0.581749	 -1.003170
 -0.072427	 -0.112305	 -0.183826	 -0.223408	 -0.283958	 -0.613899	 -1.040230
 -0.063051	 -0.126432	 -0.185822	 -0.221032	 -0.311009	 -0.648489	 -1.113748
 -0.087441	 -0.158424	 -0.213728	 -0.214222	 -0.312688	 -0.668666	 -1.143967
 -0.068816	 -0.132767	 -0.205650	 -0.171840	 -0.328684	 -0.667082	 -1.169655
 -0.036317	 -0.088833	 -0.207076	 -0.157745	 -0.322032	 -0.656122	 -1.163700
  0.010372	 -0.071380	 -0.173690	 -0.147228	 -0.342209	 -0.663503	 -1.153564
  0.015218	 -0.072837	 -0.140019	 -0.115426	 -0.322634	 -0.608356	 -1.107730
 -0.019624	 -0.086933	 -0.108724	 -0.081185	 -0.310502	 -0.560685	 -1.057018
 -0.032928	 -0.086616	 -0.084112	 -0.069371	 -0.282849	 -0.556155	 -0.992052
 -0.008253	 -0.046484	 -0.036092	 -0.077289	 -0.224535	 -0.513774	 -0.942797
 -0.018833	 -0.026591	  0.003217	 -0.055972	 -0.196566	 -0.443233	 -0.859871
 -0.048291	 -0.016772	  0.041480	 -0.034908	 -0.150858	 -0.394041	 -0.760632
 -0.034797	 -0.015062	  0.046200	 -0.001142	 -0.088997	 -0.361099	 -0.677991
 -0.015665	 -0.015505	  0.060296	  0.036235	 -0.100621	 -0.343867	 -0.597409
  0.002073	 -0.027130	  0.084812	  0.069842	 -0.069199	 -0.309816	 -0.513976
  0.006666	 -0.030994	  0.124406	  0.084065	 -0.057511	 -0.270761	 -0.408307
 -0.013416	 -0.024786	  0.119718	  0.045959	 -0.045411	 -0.190654	 -0.340997
  0.008662	 -0.019813	  0.096089	 -0.012418	 -0.046045	 -0.154100	 -0.307327
  0.042649	 -0.070082	  0.047499	 -0.029333	 -0.036225	 -0.114126	 -0.256329
 -0.000334	 -0.088137	  0.032390	 -0.017550	 -0.062136	 -0.127493	 -0.227695
 -0.029761	 -0.111830	  0.005624	 -0.042827	 -0.064321	 -0.123819	 -0.217400
 -0.019086	 -0.128459	 -0.043726	 -0.067185	 -0.068819	 -0.128887	 -0.210717
  0.006413	 -0.132039	 -0.035079	 -0.104910	 -0.101287	 -0.129425	 -0.189558
  0.022820	 -0.111323	 -0.042237	 -0.101679	 -0.132740	 -0.164141	 -0.188132
  0.001471	 -0.120794	 -0.097416	 -0.095819	 -0.137365	 -0.197242	 -0.176793
 -0.017851	 -0.135491	 -0.104036	 -0.093064	 -0.175692	 -0.220080	 -0.192789
 -0.005244	 -0.123201	 -0.090669	 -0.105069	 -0.177877	 -0.244153	 -0.206504
  0.002200	 -0.090702	 -0.101122	 -0.126101	 -0.159316	 -0.281847	 -0.181512
 -0.039326	 -0.076955	 -0.071252	 -0.167817	 -0.125233	 -0.306205	 -0.160638
 -0.064287	 -0.066027	 -0.054337	 -0.177985	 -0.201666	 -0.324070	 -0.184110
 -0.027005	 -0.090449	 -0.081135	 -0.175831	 -0.213417	 -0.333224	 -0.183856
 -0.063305	 -0.133432	 -0.090606	 -0.157333	 -0.196059	 -0.326636	 -0.153606
 -0.072681	 -0.165456	 -0.060451	 -0.189325	 -0.206765	 -0.304336	 -0.099030
 -0.102835	 -0.149903	 -0.049871	 -0.173361	 -0.190738	 -0.291445	 -0.034349
 -0.101537	 -0.113002	 -0.039893	 -0.137853	 -0.169990	 -0.268955	 -0.018923
 -0.103786	 -0.158963	 -0.023264	 -0.148210	 -0.140596	 -0.242443	 -0.003402
 -0.092826	 -0.173692	 -0.007363	 -0.141020	 -0.102205	 -0.176431	  0.009110
 -0.111008	 -0.158551	 -0.069320	 -0.143871	 -0.075883	 -0.140258	  0.062293
 -0.090894	 -0.138310	 -0.074103	 -0.102313	 -0.084245	 -0.099619	  0.116933
 -0.086428	 -0.129695	 -0.110466	 -0.095123	 -0.074299	 -0.056762	  0.147341
 -0.036254	 -0.095010	 -0.101534	 -0.090023	 -0.080793	 -0.031517	  0.163400
  0.002738	 -0.098811	 -0.085094	 -0.067407	 -0.028813	 -0.032024	  0.161943
  0.001376	 -0.074896	 -0.110466	 -0.028414	  0.004921	 -0.017231	  0.165618
 -0.033467	 -0.082118	 -0.076447	 -0.019767	  0.065896	  0.006652	  0.212909
 -0.041069	 -0.092920	 -0.039292	 -0.044822	  0.054778	  0.032942	  0.251584
 -0.006226	 -0.100205	 -0.019051	 -0.067407	  0.057407	  0.067817	  0.265363
  0.032481	 -0.055068	 -0.019305	 -0.032405	  0.074163	  0.080709	  0.319401
  0.035997	 -0.066122	 -0.022124	 -0.013812	  0.152813	  0.101488	  0.337203
  0.033717	 -0.070905	  0.013701	  0.005542	  0.161714	  0.127715	  0.335841
  0.027097	 -0.064158	  0.007334	  0.007854	  0.118128	  0.122140	  0.308378
  0.028459	 -0.062036	  0.019054	  0.010039	  0.144070	  0.142697	  0.363683
  0.058709	 -0.049271	  0.018357	  0.057014	  0.163899	  0.165472	  0.361244
  0.076257	 -0.056144	  0.067169	  0.054195	  0.176791	  0.191256	  0.375435
  0.088515	 -0.020985	  0.052250	  0.040289	  0.199249	  0.189640	  0.378697
  0.064885	  0.008663	  0.052282	  0.046149	  0.213091	  0.184825	  0.425894
  0.004797	  0.019084	  0.113605	  0.054227	  0.240775	  0.162304	  0.445374
 -0.002805	  0.023582	  0.117216	  0.055462	  0.268143	  0.176527	  0.484746
 -0.001348	  0.029506	  0.122601	  0.067974	  0.265957	  0.175006	  0.533146
 -0.002520	  0.043348	  0.098971	  0.097653	  0.277138	  0.218528	  0.553292
  0.008947	  0.061118	  0.114112	  0.138388	  0.305393	  0.215234	  0.550409
  0.079389	 -0.045334	 -0.096941	  0.002089	  0.022779	  0.084469	 -0.040196
  0.078629	 -0.011916	 -0.061211	  0.017832	  0.007448	  0.113451	 -0.033069
  0.084996	 -0.001147	 -0.041351	 -0.010454	 -0.017765	  0.100370	 -0.026607
  0.095766	 -0.018093	 -0.038658	  0.000980	 -0.015991	  0.075663	 -0.034146
  0.083095	 -0.040076	 -0.021902	  0.022298	 -0.003511	  0.035942	 -0.011371
  0.046194	 -0.031143	 -0.003752	  0.022551	  0.035481	  0.044273	  0.084383
  0.044832	 -0.041944	 -0.005336	  0.018528	  0.015431	  0.038318	  0.059581
  0.054714	 -0.001939	  0.011199	  0.032846	 -0.036517	 -0.023639	 -0.141494
  0.045814	  0.031067	  0.051046	  0.047796	 -0.010987	  0.143258	  0.366832
  0.024718	  0.065372	  0.087790	  0.036932	 -0.047096	 -0.042264	 -0.159549
 -0.005849	  0.037687	  0.084210	  0.028855	 -0.047888	 -0.079926	 -0.315518
 -0.031157	  0.028501	  0.084749	  0.039371	  0.025725	  0.206450	  0.654982
 -0.034135	  0.008103	  0.090767	 -0.023631	 -0.093406	 -0.250656	 -0.653272
 -0.040945	 -0.006215	  0.050159	 -0.014984	 -0.015738	 -0.071026	 -0.013304
 -0.027673	  0.023528	  0.032928	 -0.041370	  0.053853	  0.090297	  0.555965
 -0.066539	  0.011207	  0.016235	 -0.054356	 -0.091030	 -0.372765	 -0.863817
 -0.111138	 -0.002952	 -0.014902	 -0.006970	  0.070261	  0.039870	  0.383113
 -0.125582	  0.003446	 -0.056301	 -0.033831	  0.067600	  0.023430	  0.275544
 -0.105848	 -0.009034	 -0.085949	 -0.070511	 -0.046178	 -0.321609	 -0.782254
 -0.089282	  0.000881	 -0.082782	 -0.013970	  0.127530	  0.166096	  0.694196
 -0.080856	 -0.049261	 -0.114077	 -0.031962	  0.036621	 -0.087782	 -0.091668
 -0.061566	 -0.034342	 -0.148001	 -0.037537	 -0.036549	 -0.193134	 -0.496320
 -0.047280	 -0.028989	 -0.144770	 -0.010074	  0.068835	  0.255959	  0.848170
 -0.055452	 -0.026424	 -0.161115	 -0.070194	 -0.013331	 -0.156581	 -0.464550
 -0.047312	 -0.010142	 -0.162097	 -0.033989	  0.002634	 -0.041568	 -0.133131
 -0.008826	  0.008514	 -0.175717	  0.027999	  0.082582	  0.263909	  0.785769
  0.018414	  0.049407	 -0.161337	 -0.052741	 -0.087292	 -0.206216	 -0.714057
  0.046827	  0.037814	 -0.127349	 -0.052012	  0.001969	  0.106103	  0.275227
  0.063108	  0.032809	 -0.155857	 -0.031582	  0.035291	  0.164417	  0.510099
  0.045972	  0.011428	 -0.165866	 -0.080837	 -0.127330	 -0.263485	 -0.751782
  0.037546	 -0.014482	 -0.155730	 -0.066203	  0.001462	  0.170974	  0.634647
  0.025573	  0.013836	 -0.137992	 -0.077194	 -0.019127	  0.004045	  0.134937
  0.036501	  0.017352	 -0.121933	 -0.096611	 -0.064233	 -0.254046	 -0.654634
  0.027284	  0.032809	 -0.102135	 -0.009916	  0.078971	  0.234229	  0.783077
  0.013378	 -0.011314	 -0.098081	 -0.043999	 -0.082953	 -0.108973	 -0.326161
  0.001056	 -0.024206	 -0.088040	 -0.042066	 -0.091854	 -0.161459	 -0.378837
 -0.002808	 -0.046759	 -0.046862	 -0.013654	  0.025218	  0.222510	  0.813169
 -0.020166	 -0.069502	 -0.019051	 -0.051917	 -0.108832	 -0.241502	 -0.589889
 -0.038918	 -0.044669	 -0.049143	 -0.033292	 -0.026761	 -0.067826	  0.055463
  0.000169	 -0.064687	 -0.036061	 -0.015934	  0.042260	  0.126850	  0.659385
 -0.038538	 -0.092150	 -0.102452	 -0.060596	 -0.110447	 -0.244860	 -0.773638
 -0.020229	 -0.072733	 -0.084746	 -0.021034	  0.052998	  0.191404	  0.434395
 -0.045411	 -0.047203	 -0.066279	  0.007791	  0.035735	  0.161630	  0.289797
  0.008120	 -0.048691	 -0.076288	  0.000695	 -0.046843	 -0.196555	 -0.772181
 -0.015446	 -0.040234	 -0.095674	  0.048303	  0.143842	  0.243479	  0.693278
 -0.019849	 -0.017491	 -0.102072	 -0.012292	  0.054233	 -0.021454	 -0.106587
  0.028297	 -0.018156	 -0.126050	 -0.037157	 -0.013711	 -0.194591	 -0.484157
 -0.006102	 -0.031460	 -0.098746	  0.010958	  0.119642	  0.212468	  0.867999
 -0.027578	 -0.030193	 -0.103022	 -0.013369	  0.014734	 -0.163929	 -0.471360
 -0.037239	 -0.016097	 -0.097828	 -0.018437	  0.017933	 -0.033934	 -0.201898
  0.014012	 -0.013215	 -0.110118	  0.010673	  0.125312	  0.253171	  0.720202
 -0.033565	  0.004650	 -0.137453	 -0.043809	 -0.000534	 -0.243023	 -0.737971
 -0.038664	  0.000786	 -0.116168	 -0.025469	  0.091198	  0.083043	  0.214695
 -0.016935	  0.002496	 -0.124277	 -0.029776	  0.132439	  0.186241	  0.444025
  0.000803	  0.018302	 -0.143725	 -0.066520	  0.018915	 -0.191740	 -0.802336
 -0.000907	  0.015768	 -0.123611	 -0.042732	  0.142322	  0.271575	  0.577378
 -0.011994	  0.022895	 -0.135965	 -0.073963	  0.088696	  0.104741	  0.096863
 -0.045855	  0.053018	 -0.149300	 -0.068008	  0.001810	 -0.127661	 -0.643072
 -0.025899	  0.057801	 -0.134634	 -0.036682	  0.135955	  0.335115	  0.808956
 -0.046647	 -0.034596	 -0.179867	 -0.094837	  0.048151	 -0.007928	 -0.307536
 -0.038696	 -0.021799	 -0.201881	 -0.081534	  0.033897	 -0.060826	 -0.369049
 -0.009967	 -0.003491	 -0.177364	 -0.021541	  0.177228	  0.320988	  0.807784
 -0.018076	 -0.017333	 -0.159404	 -0.076086	  0.034974	 -0.147648	 -0.637402
 -0.003885	  0.014533	 -0.179835	 -0.060787	  0.081125	  0.011140	  0.004878
  0.032098	  0.023148	 -0.131910	 -0.071271	  0.122240	  0.195015	  0.575730
  0.016039	  0.011270	 -0.176002	 -0.097150	 -0.027141	 -0.316858	 -0.832364
  0.005713	  0.028596	 -0.142078	 -0.028699	  0.083596	  0.056499	  0.405096
 -0.001541	  0.029578	 -0.101090	  0.013777	  0.105420	  0.017760	  0.287548
 -0.013831	  0.066353	 -0.098429	  0.012732	  0.046821	 -0.296585	 -0.786625
 -0.039076	  0.066448	 -0.072867	  0.036267	  0.191862	  0.180540	  0.686721
 -0.050416	  0.027773	 -0.109738	  0.027936	  0.098357	 -0.081605	 -0.165630
 -0.035592	  0.032809	 -0.115692	  0.013841	  0.042291	 -0.232950	 -0.599202
 -0.022605	  0.020361	 -0.090226	  0.064236	  0.186636	  0.219785	  0.777629
  0.007391	  0.017700	 -0.089750	 -0.009346	  0.088791	 -0.160540	 -0.506963
  0.013600	  0.033791	 -0.064474	  0.003641	  0.122366	 -0.056360	 -0.202152
 -0.020356	  0.009971	 -0.048668	  0.040289	  0.206686	  0.257733	  0.710921
 -0.002396	  0.044624	 -0.075718	 -0.003898	  0.050970	 -0.193419	 -0.781462
  0.001310	  0.039524	 -0.041129	  0.023406	  0.122176	  0.104899	  0.187803
  0.011984	  0.022546	 -0.025228	  0.027651	  0.117140	  0.173254	  0.462111
  0.019808	 -0.013183	 -0.033368	  0.009818	  0.011091	 -0.189840	 -0.833821
  0.022025	 -0.016129	 -0.023169	  0.030945	  0.138521	  0.245506	  0.541965
  0.037356	 -0.010681	 -0.003055	  0.012130	  0.069184	  0.076740	  0.040069
  0.019333	  0.026506	 -0.036061	 -0.007287	 -0.001262	 -0.171785	 -0.746239
  0.047809	  0.030085	 -0.063777	  0.027809	  0.100574	  0.320735	  0.710794
  0.042773	  0.082951	 -0.115122	  0.000283	  0.005485	 -0.013693	 -0.388244
  0.041632	  0.091535	 -0.119525	  0.008329	 -0.005127	 -0.020567	 -0.407598
 -0.007876	  0.070408	 -0.158391	  0.039117	  0.096424	  0.355514	  0.771326
 -0.024189	  0.019284	 -0.161495	 -0.022364	 -0.013837	 -0.147110	 -0.623877
 -0.009365	 -0.006246	 -0.149775	 -0.042415	  0.101112	  0.029860	  0.075767
  0.012713	 -0.007228	 -0.112430	 -0.033324	  0.179857	  0.258081	  0.640158
 -0.022352	 -0.003237	 -0.134919	 -0.035573	  0.065351	 -0.203587	 -0.753461
 -0.062611	  0.007722	 -0.111701	 -0.008079	  0.199433	  0.193432	  0.467813
 -0.066159	  0.014438	 -0.088927	 -0.001015	  0.178590	  0.144018	  0.283842
 -0.058398	 -0.008305	 -0.118036	 -0.035858	  0.056577	 -0.199817	 -0.768126
 -0.046488	 -0.002287	 -0.121077	 -0.032437	  0.220782	  0.270371	  0.711206
 -0.033216	 -0.059303	 -0.099253	 -0.067058	  0.147612	  0.018457	 -0.093506
 -0.008668	 -0.059429	 -0.089244	 -0.041370	  0.095031	 -0.101561	 -0.527172
 -0.027008	 -0.054488	 -0.055446	  0.002913	  0.230791	  0.314621	  0.801766
 -0.051810	 -0.059651	 -0.064854	  0.017166	  0.115968	 -0.090633	 -0.516624
 -0.084435	 -0.040646	 -0.054432	  0.064236	  0.176341	  0.014498	 -0.207600
 -0.075440	 -0.027342	 -0.055224	  0.039814	  0.295630	  0.321938	  0.655077
 -0.067426	 -0.004378	 -0.079868	 -0.031265	  0.159205	 -0.131494	 -0.861283
 -0.027832	  0.017732	 -0.052880	  0.016153	  0.246565	  0.187825	  0.043173
  0.027442	  0.042692	 -0.031309	  0.024895	  0.249543	  0.258619	  0.281023
  0.020537	  0.072118	 -0.042523	  0.004496	  0.069754	 -0.156200	 -0.956658
  0.038275	  0.087544	 -0.027540	  0.011687	  0.181093	  0.261850	  0.412919
  0.018446	  0.104681	 -0.017784	  0.019922	  0.130919	  0.072907	 -0.075292
 -0.009903	  0.117794	 -0.053324	 -0.001680	  0.044160	 -0.153698	 -0.818934
 -0.019026	  0.104427	 -0.055224	  0.025529	  0.177101	  0.341102	  0.680798
 -0.048674	  0.103477	 -0.061021	 -0.011310	  0.046694	 -0.005774	 -0.434174
 -0.068598	  0.121120	 -0.055288	  0.002216	  0.065002	 -0.053763	 -0.494388
 -0.059919	  0.201797	 -0.064093	  0.000474	  0.162341	  0.306829	  0.676965
 -0.048009	  0.198218	 -0.055731	 -0.012798	  0.015652	 -0.173432	 -0.746270
 -0.054375	  0.164008	 -0.024563	 -0.038740	  0.057495	  0.009081	 -0.072441
 -0.000274	  0.143958	 -0.046292	 -0.022079	  0.109253	  0.254407	  0.480578
 -0.013293	  0.106549	 -0.109072	 -0.034971	 -0.027901	 -0.173178	 -0.853713
 -0.002681	  0.100626	 -0.108661	 -0.017708	  0.066460	  0.112533	  0.194391
 -0.030777	  0.129197	 -0.053989	 -0.005957	  0.072129	  0.058970	  0.053721
 -0.025804	  0.123527	 -0.068021	 -0.057207	  0.025092	 -0.085818	 -0.471012
 -0.050796	  0.127677	 -0.023771	 -0.092969	  0.060188	  0.091754	  0.101234
 -0.052380	  0.106834	 -0.056175	 -0.107856	  0.051034	  0.046046	 -0.082483
 -0.027103	  0.100848	 -0.068940	 -0.095851	  0.070767	  0.013421	 -0.091383
 -0.020641	  0.077186	 -0.018133	 -0.120906	  0.066301	  0.037842	  0.008457
 -0.010347	  0.087829	 -0.013255	 -0.129934	  0.047423	  0.019946	 -0.045771
 -0.033185	  0.059543	  0.017027	 -0.124739	  0.014385	  0.014688	 -0.069559
 -0.047185	  0.021058	  0.008063	 -0.098575	  0.055912	  0.015796	 -0.031612
 -0.041800	  0.024067	  0.011072	 -0.084733	  0.038142	  0.047503	 -0.037820
 -0.025678	  0.002274	 -0.022852	 -0.080140	  0.034087	  0.070025	 -0.036332
 -0.044239	 -0.028261	  0.001063	 -0.054293	  0.071464	  0.090202	 -0.004466
 -0.032393	 -0.067760	  0.008950	 -0.059013	  0.111850	  0.088428	 -0.015806
  0.019618	 -0.060665	 -0.010087	 -0.027749	  0.144064	  0.108764	 -0.038866
  0.019301	 -0.038365	  0.028208	 -0.011468	  0.124457	  0.107877	 -0.087170
 -0.008541	 -0.053791	  0.044901	  0.041715	  0.132819	  0.145127	 -0.105954
  0.009514	 -0.006880	  0.071825	  0.045262	  0.169753	  0.127547	 -0.124927
  0.006188	 -0.027849	  0.076165	  0.042190	  0.169246	  0.140122	 -0.116850
  0.001722	 -0.008305	  0.044521	  0.063507	  0.148055	  0.150100	 -0.135095
  0.025478	 -0.008495	  0.088772	  0.097558	  0.097660	  0.127230	 -0.100537
  0.047999	 -0.002857	  0.070907	  0.107093	  0.076469	  0.103157	 -0.092682
  0.038307	  0.008134	  0.055291	  0.104147	  0.035735	  0.123176	 -0.056065
  0.018414	  0.018524	  0.081106	  0.073739	  0.065889	  0.114877	 -0.017580
 -0.001858	  0.035977	  0.060961	  0.063254	  0.092148	  0.057576	 -0.050934
 -0.023397	  0.051244	  0.069481	  0.031199	  0.102189	  0.081491	 -0.066391
 -0.037461	  0.027678	  0.043729	  0.008202	  0.103330	  0.077310	 -0.051092
 -0.017632	  0.052955	  0.001570	 -0.006242	  0.126896	  0.068631	 -0.055939
 -0.033913	  0.059036	 -0.031309	 -0.054705	  0.089583	  0.042435	 -0.044345
 -0.068091	  0.038384	 -0.062161	 -0.030442	  0.083628	  0.046395	 -0.010516
 -0.030239	  0.059607	 -0.032798	 -0.020559	  0.070799	  0.063975	 -0.040101
 -0.023270	  0.050833	 -0.030106	 -0.015016	  0.053821	  0.081428	 -0.050966
 -0.019374	  0.016401	 -0.049744	 -0.025659	  0.081505	  0.056689	 -0.073392
 -0.001604	  0.003288	 -0.053292	 -0.039659	  0.089456	  0.041010	 -0.081025
  0.002323	  0.018397	 -0.061338	 -0.060090	  0.099750	  0.093116	 -0.091098
 -0.000559	  0.011619	 -0.059881	 -0.066995	  0.077451	  0.070943	 -0.057396
 -0.020039	 -0.004346	 -0.056808	 -0.078746	  0.034594	  0.059635	 -0.045359
 -0.000306	 -0.015464	 -0.067324	 -0.105480	  0.043843	  0.029955	 -0.043142
  0.023768	  0.008673	 -0.058677	 -0.090371	  0.059048	  0.007593	 -0.061482
  0.052022	  0.014881	 -0.076637	 -0.072918	  0.055785	  0.032584	 -0.053056
  0.066593	  0.029135	 -0.061211	 -0.053976	  0.057654	  0.035815	 -0.056572
  0.045117	  0.038669	 -0.038817	 -0.080425	  0.040803	  0.057925	 -0.064681
  0.021043	  0.076838	 -0.007078	 -0.069085	  0.025440	  0.062074	 -0.046626
  0.020695	  0.097680	 -0.007996	 -0.068832	  0.032282	  0.035055	 -0.021127
 -0.006862	  0.129261	  0.017471	 -0.058157	  0.008367	  0.036164	 -0.021413
 -0.010854	  0.113930	  0.007556	 -0.060850	  0.020499	  0.027896	 -0.012892
 -0.024189	  0.089952	  0.003375	 -0.103548	  0.012675	  0.031317	 -0.005131
 -0.001256	  0.072023	 -0.010784	 -0.073108	  0.023920	  0.020516	 -0.016851
  0.027379	  0.028945	 -0.001345	 -0.050460	  0.047961	  0.034928	 -0.028033
 -0.006894	  0.045860	  0.033150	 -0.029491	  0.057052	  0.051843	 -0.048337
  0.007170	  0.054412	  0.027480	 -0.002821	  0.032124	  0.039173	 -0.012733
 -0.003283	  0.040126	  0.008538	 -0.042890	  0.020910	  0.030842	  0.013747
  0.026777	  0.049185	  0.002140	 -0.018405	  0.055912	  0.071292	 -0.042318
  0.013853	  0.072435	  0.013986	 -0.024898	  0.044382	  0.116049	 -0.049255
  0.031370	  0.074937	 -0.028459	 -0.037790	  0.066808	  0.122447	 -0.041811
  0.026333	  0.039683	 -0.045563	  0.000410	  0.074347	  0.132330	 -0.005385
 -0.044524	  0.032651	 -0.056871	 -0.004214	  0.035323	  0.130556	 -0.007729
 -0.045126	  0.027836	 -0.084587	  0.000600	  0.046948	  0.125361	  0.004910
 -0.066760	  0.025017	 -0.077745	  0.009881	  0.052459	  0.108257	 -0.011150
 -0.058683	  0.045764	 -0.077080	  0.022013	  0.067315	  0.091437	 -0.023693
 -0.058050	  0.071675	 -0.054274	  0.056982	  0.073935	  0.092704	 -0.041146
 -0.049054	  0.043516	 -0.028174	  0.063286	  0.079383	  0.072020	 -0.035191
 -0.060710	  0.095653	 -0.013001	  0.048240	  0.094904	  0.050766	 -0.023123
 -0.077435	  0.109083	  0.001950	  0.047258	  0.103171	  0.051019	 -0.020747
 -0.093938	  0.067779	  0.028747	  0.044154	  0.064274	  0.070785	  0.018182
 -0.094540	  0.031416	  0.019910	  0.080865	  0.042798	  0.067522	  0.047481
 -0.079019	  0.024985	  0.038028	  0.095404	  0.024838	  0.066129	  0.037947
 -0.065493	 -0.008559	  0.047277	  0.092174	  0.028544	  0.094605	  0.022489
 -0.015700	 -0.003079	  0.016774	  0.073485	 -0.001611	  0.063309	 -0.010358
 -0.012342	 -0.011726	  0.023616	  0.067847	  0.005231	  0.070278	  0.004625
 -0.025393	  0.009211	  0.042621	  0.061132	 -0.026317	  0.098184	 -0.032182
 -0.029542	 -0.001970	  0.045693	  0.048683	 -0.023435	  0.073667	 -0.031960
 -0.009365	  0.014849	  0.029761	  0.042570	 -0.029643	  0.027516	 -0.012322
 -0.019501	  0.000881	  0.011896	  0.019225	  0.012295	  0.041327	 -0.002217
 -0.003156	  0.018175	  0.016964	  0.010230	 -0.019602	  0.015353	 -0.005036
  0.024940	  0.044244	  0.004705	  0.036773	 -0.037340	  0.050164	 -0.015014
  0.017623	  0.003193	 -0.003213	  0.029140	 -0.002561	  0.068884	 -0.030852
  0.002292	 -0.014007	  0.020796	 -0.013210	  0.001842	  0.049151	 -0.046974
 -0.019089	 -0.020595	 -0.001598	 -0.030758	 -0.003385	  0.058590	 -0.022838
 -0.022478	 -0.042293	  0.004389	 -0.036238	  0.029083	  0.075409	 -0.026639
 -0.031791	 -0.070294	 -0.026146	 -0.058252	  0.027150	  0.101066	 -0.047450
 -0.030144	 -0.057529	 -0.022124	 -0.052963	  0.023191	  0.114053	 -0.017010
 -0.026216	 -0.013310	 -0.051550	 -0.033862	  0.013150	  0.103886	  0.022489
 -0.049212	  0.016623	 -0.023169	 -0.026736	  0.007987	  0.113356	  0.067342
 -0.036701	  0.009623	  0.001570	 -0.039501	  0.005231	  0.092831	  0.074374
 -0.039805	  0.003256	  0.013004	 -0.079443	  0.018820	  0.061156	  0.048685
 -0.034832	  0.012410	 -0.012431	 -0.078398	 -0.011905	  0.010665	  0.053088
 -0.041389	 -0.022021	 -0.043853	 -0.070828	 -0.034743	  0.031919	  0.037884
 -0.080698	 -0.012930	 -0.034034	 -0.061357	  0.000607	  0.019788	  0.045834
 -0.051176	  0.003890	 -0.062763	 -0.067723	 -0.007027	  0.009208	  0.040576
 -0.012944	  0.035058	 -0.047084	 -0.068832	 -0.017575	  0.019883	  0.048210
 -0.019089	  0.046335	 -0.026336	 -0.060628	 -0.047001	  0.028055	  0.024200
 -0.013356	  0.024320	 -0.056301	 -0.030632	 -0.068477	  0.071418	  0.020557
 -0.031791	  0.009940	 -0.082338	  0.023945	 -0.067210	  0.039331	  0.051821
 -0.043384	  0.013076	 -0.139734	  0.050267	 -0.051721	  0.026788	  0.062717
 -0.031443	 -0.000196	 -0.094248	  0.060815	 -0.018684	  0.012281	  0.041621
 -0.050891	 -0.000291	 -0.058392	  0.048335	  0.002982	  0.041358	  0.030820
