:RUN-10	LEVEL SWEEP	TEMP:NaN	8/27/2019	1:34 PM	HR:-636.36:SW EAR: R	SW FREQ: 22.60	# AVERAGES: 512	REP RATE (/sec): 80	DRIVER: 	SAMPLE (µsec): 40	MASKER dB: 2147483647:NOTES-:CHAMBER-SEWELL-PXI1:CFTS Version: V2.7.2 (R850):LEVELS:20;30;40;50;60;70;80;:DATA  0.037106	  0.005204	  0.001767	  0.009556	  0.008918	 -0.035549	 -0.068267
  0.049079	 -0.006136	 -0.009889	 -0.007897	  0.013511	 -0.024938	 -0.113879
  0.025164	 -0.003697	 -0.032093	 -0.044893	  0.021050	 -0.047237	 -0.118282
  0.025259	 -0.038191	 -0.051795	 -0.030576	  0.015665	 -0.028929	 -0.104281
  0.029092	 -0.028213	 -0.058447	 -0.010336	 -0.019906	 -0.002734	 -0.109001
 -0.006986	 -0.035910	 -0.078308	  0.004267	  0.001158	 -0.011666	 -0.117015
 -0.009045	 -0.025964	 -0.053379	  0.015575	  0.019719	 -0.073655	 -0.088159
 -0.005307	 -0.006896	 -0.076661	  0.004900	  0.008855	 -0.069759	 -0.077579
  0.038753	  0.005584	 -0.088919	  0.023304	 -0.014617	 -0.062853	 -0.064402
  0.060229	 -0.003697	 -0.060760	 -0.015815	 -0.038500	 -0.071374	 -0.079226
  0.049713	  0.010652	 -0.024745	 -0.015119	 -0.043980	 -0.037038	 -0.086290
  0.007141	  0.028549	  0.026031	 -0.006345	 -0.027952	 -0.041821	 -0.086448
 -0.033245	  0.019078	  0.037054	 -0.011983	 -0.025830	 -0.064944	 -0.074253
 -0.059725	  0.012680	  0.037149	  0.008384	 -0.017182	 -0.059654	 -0.070927
 -0.043254	 -0.002651	  0.049249	  0.009335	  0.013733	 -0.001498	  0.002274
 -0.045345	  0.028771	  0.084092	 -0.000105	  0.010629	  0.027960	  0.122577
 -0.034512	  0.028707	  0.109907	  0.010317	  0.018959	  0.070373	  0.223526
 -0.014335	  0.028169	  0.078168	  0.005154	 -0.015662	  0.116682	  0.255012
 -0.030394	 -0.000529	  0.060018	  0.025584	  0.021778	  0.189662	  0.325267
 -0.039390	 -0.015511	  0.051561	  0.026693	  0.049653	  0.228971	  0.329354
 -0.022475	 -0.011140	  0.076141	  0.051368	  0.093871	  0.239994	  0.286402
 -0.014398	  0.020345	  0.070725	  0.083043	  0.148100	  0.207527	  0.295968
 -0.024059	  0.033332	  0.075603	  0.106134	  0.140561	  0.197233	  0.294416
 -0.031914	  0.030513	  0.086341	  0.108859	  0.178286	  0.180255	  0.299769
 -0.035177	  0.011508	  0.086372	  0.068377	  0.148828	  0.141864	  0.303126
 -0.061309	  0.017051	  0.090933	  0.027326	  0.120099	  0.139995	  0.295841
 -0.054372	 -0.014498	  0.103033	  0.028182	  0.138850	  0.140185	  0.322607
 -0.026751	 -0.024127	  0.095273	  0.066604	  0.146357	  0.167806	  0.322575
 -0.060201	  0.005711	  0.063914	  0.056626	  0.140022	  0.221021	  0.364228
 -0.098718	  0.024526	  0.043674	  0.053237	  0.123614	  0.239234	  0.390550
 -0.066567	 -0.006136	  0.038891	  0.041232	  0.159186	  0.265525	  0.422352
 -0.009267	 -0.004678	  0.003731	  0.094858	  0.213414	  0.266348	  0.438317
 -0.026371	  0.012775	 -0.008622	  0.114592	  0.215378	  0.260108	  0.419090
 -0.033847	  0.018603	 -0.012962	  0.129954	  0.232134	  0.201952	  0.316588
 -0.014303	  0.026015	  0.013139	  0.151969	  0.193775	  0.159983	  0.208005
  0.004956	  0.069632	  0.013677	  0.163562	  0.148670	  0.101383	  0.104427
 -0.033562	  0.075428	  0.015483	  0.156720	  0.083894	  0.025869	  0.018524
 -0.063621	  0.065799	  0.044339	  0.124189	  0.026941	 -0.033174	 -0.089267
 -0.060517	  0.058641	  0.058371	  0.114338	 -0.029536	 -0.103778	 -0.232852
 -0.038440	  0.062315	  0.064231	  0.060554	 -0.084682	 -0.199406	 -0.319864
 -0.028747	  0.092248	  0.049280	  0.008796	 -0.136693	 -0.263421	 -0.372318
  0.012906	  0.102447	  0.022800	 -0.025033	 -0.168622	 -0.308844	 -0.429840
  0.039355	  0.083981	 -0.010174	 -0.066021	 -0.202926	 -0.365289	 -0.487394
  0.063682	  0.057564	 -0.022908	 -0.103683	 -0.224719	 -0.379765	 -0.481249
  0.053165	  0.029341	 -0.057845	 -0.144861	 -0.265200	 -0.358131	 -0.445013
  0.066406	  0.034441	 -0.084706	 -0.161554	 -0.263078	 -0.368488	 -0.397151
  0.070428	 -0.000814	 -0.047488	 -0.157563	 -0.224561	 -0.346157	 -0.301809
  0.034224	 -0.039743	 -0.066746	 -0.159843	 -0.190066	 -0.295889	 -0.240612
  0.035459	 -0.036671	 -0.063452	 -0.139983	 -0.114014	 -0.195731	 -0.124775
  0.014363	 -0.042847	 -0.056705	 -0.119552	 -0.065867	 -0.099122	 -0.012106
  0.066627	 -0.059508	 -0.071434	 -0.104696	 -0.023897	 -0.002353	  0.099771
  0.053229	 -0.090360	 -0.059588	 -0.063455	  0.025453	  0.104741	  0.205028
  0.046577	 -0.062898	 -0.068362	 -0.022182	  0.128809	  0.170847	  0.247029
  0.026336	 -0.047820	 -0.044605	 -0.002100	  0.183798	  0.195332	  0.250989
  0.008345	 -0.040186	  0.009116	  0.052033	  0.215821	  0.205500	  0.256374
 -0.004547	 -0.046648	  0.064009	  0.085514	  0.237962	  0.186305	  0.229038
 -0.013258	 -0.042467	  0.081938	  0.096157	  0.215061	  0.160838	  0.227866
 -0.007398	 -0.046173	  0.068317	  0.100148	  0.159059	  0.140787	  0.218173
  0.020128	 -0.037082	  0.070535	  0.102238	  0.175150	  0.090709	  0.147442
  0.053736	 -0.010285	  0.059828	  0.131411	  0.134036	  0.080287	  0.070915
  0.054527	  0.056582	  0.065815	  0.117411	  0.100492	  0.056214	  0.011428
  0.017119	  0.053161	  0.050928	  0.098817	  0.069418	  0.016620	 -0.085910
  0.002422	  0.070709	  0.037085	  0.089663	  0.045440	 -0.030259	 -0.139156
  0.025038	  0.103936	  0.000437	  0.092197	  0.008887	 -0.099122	 -0.186447
  0.003530	  0.076189	 -0.048660	  0.091120	 -0.055351	 -0.120566	 -0.207606
 -0.025643	  0.078913	 -0.057370	  0.026756	 -0.053672	 -0.181351	 -0.266364
 -0.059029	  0.065989	 -0.042515	 -0.003842	 -0.098841	 -0.214071	 -0.273966
 -0.090957	  0.089397	 -0.012740	 -0.014834	 -0.123770	 -0.211537	 -0.292401
 -0.081676	  0.107547	  0.017067	 -0.023291	 -0.143535	 -0.199849	 -0.287935
 -0.039865	  0.074795	  0.025777	 -0.039414	 -0.131372	 -0.164183	 -0.292528
 -0.069735	  0.035803	  0.035977	 -0.076981	 -0.130422	 -0.154648	 -0.282012
 -0.062766	  0.063107	  0.016053	 -0.053351	 -0.090986	 -0.174572	 -0.252332
 -0.064033	  0.093673	  0.005917	 -0.076822	 -0.073818	 -0.184455	 -0.255784
 -0.043254	  0.096841	 -0.006468	 -0.088954	 -0.100488	 -0.176853	 -0.241911
 -0.037901	  0.071057	 -0.035514	 -0.086325	 -0.055573	 -0.154522	 -0.182171
 -0.049304	  0.032382	 -0.031492	 -0.107832	 -0.067609	 -0.104665	 -0.125567
 -0.024819	 -0.013959	 -0.029496	 -0.101877	 -0.039545	 -0.063930	 -0.122780
 -0.019941	 -0.005850	 -0.061678	 -0.078913	 -0.005747	 -0.028106	 -0.124902
 -0.013860	  0.001720	 -0.082489	 -0.090031	 -0.006223	 -0.043880	 -0.114798
 -0.010217	 -0.032901	 -0.102698	 -0.102479	 -0.036504	 -0.019933	 -0.111567
 -0.051521	 -0.035118	 -0.085751	 -0.090823	 -0.030106	 -0.050468	 -0.098295
 -0.073409	 -0.005534	 -0.068457	 -0.066844	 -0.015852	 -0.059401	 -0.112675
 -0.043032	  0.027440	 -0.054805	 -0.097253	 -0.003467	 -0.099375	 -0.059461
 -0.007905	  0.037355	 -0.059017	 -0.107832	 -0.005019	 -0.068397	 -0.001210
  0.011449	  0.026332	 -0.016256	 -0.088574	  0.000429	 -0.058894	  0.004587
 -0.001728	  0.005268	 -0.009572	 -0.089841	  0.025674	 -0.037608	  0.009623
  0.001851	 -0.007973	 -0.010871	 -0.056202	  0.005846	 -0.018413	  0.002528
 -0.000936	 -0.027516	  0.000659	 -0.067034	  0.015728	 -0.012648	  0.026664
  0.016739	 -0.038824	 -0.002034	 -0.046065	 -0.000584	  0.008733	  0.022768
  0.020667	 -0.032964	 -0.008907	 -0.009290	  0.003312	  0.045286	  0.034583
  0.024753	 -0.001764	  0.007437	 -0.009956	  0.016552	  0.066699	  0.054158
 -0.000714	 -0.015100	  0.022040	 -0.007422	  0.022127	  0.108383	  0.099391
 -0.005782	 -0.020294	  0.018017	 -0.066654	  0.029982	  0.088776	  0.121183
 -0.017407	 -0.014213	  0.062584	 -0.027440	  0.056463	  0.092071	  0.151243
  0.024246	  0.026110	  0.074969	 -0.012204	  0.054847	  0.080287	  0.170660
  0.034382	  0.069664	  0.059068	  0.036639	  0.072396	  0.113515	  0.197553
  0.003942	  0.074985	  0.070154	  0.050544	  0.076830	  0.149055	  0.216621
 -0.033118	  0.046572	  0.092707	  0.055739	  0.079808	  0.135624	  0.248328
 -0.039643	  0.055536	  0.096730	  0.055232	  0.050856	  0.164322	  0.222798
 -0.032580	  0.011349	  0.093151	  0.078545	  0.039010	  0.159697	  0.227898
 -0.043571	 -0.018204	  0.068222	  0.049879	  0.037838	  0.182345	  0.253079
 -0.035494	 -0.011647	  0.056946	  0.031381	  0.063526	  0.200305	  0.301068
  0.009042	  0.000738	  0.057168	  0.004488	  0.083070	  0.184214	  0.314941
  0.011322	  0.004983	  0.039366	  0.002144	  0.117058	  0.142276	  0.313579
  0.005494	  0.017114	  0.053430	 -0.003272	  0.142620	  0.142023	  0.299040
 -0.012117	  0.037386	  0.072720	  0.032426	  0.137298	  0.153521	  0.238984
 -0.022982	 -0.000782	  0.084060	  0.023715	  0.120732	  0.146172	  0.207309
 -0.033688	 -0.016272	  0.049819	  0.032458	  0.153706	  0.108225	  0.149913
 -0.016805	 -0.013421	  0.044402	  0.035340	  0.130583	  0.067776	  0.088178
  0.013445	  0.011603	  0.032112	  0.040567	  0.122506	  0.066889	  0.065847
  0.027572	  0.027820	  0.019664	  0.047694	  0.129253	  0.036924	  0.027108
  0.052975	  0.035042	  0.000152	  0.069074	  0.080758	  0.013674	 -0.013437
  0.034509	  0.061776	  0.016528	  0.033155	  0.081645	 -0.023766	 -0.059493
  0.036916	  0.047903	  0.005822	 -0.006915	  0.069925	 -0.052591	 -0.099815
  0.035966	  0.051292	 -0.007007	 -0.040586	  0.071635	 -0.072356	 -0.114037
  0.070777	  0.025508	 -0.041723	 -0.070360	  0.021968	 -0.080687	 -0.185750
  0.038785	  0.007833	 -0.052397	 -0.107072	  0.015887	 -0.095162	 -0.191895
  0.026336	  0.023671	 -0.046062	 -0.100484	 -0.009549	 -0.096302	 -0.153410
  0.056903	  0.022784	 -0.014799	 -0.107864	 -0.055034	 -0.113027	 -0.158890
  0.057030	  0.042169	 -0.000133	 -0.140268	 -0.046038	 -0.113122	 -0.145269
  0.042554	  0.052305	  0.001863	 -0.122751	 -0.018924	 -0.092375	 -0.130414
  0.036219	  0.083094	  0.018682	 -0.100420	 -0.039703	 -0.120376	 -0.132061
  0.016517	  0.100040	  0.010035	 -0.111950	 -0.068275	 -0.138937	 -0.101146
  0.016992	  0.101434	  0.012094	 -0.083727	 -0.056650	 -0.138336	 -0.092720
 -0.038250	  0.083411	 -0.005201	 -0.052274	 -0.081325	 -0.099090	 -0.081000
 -0.034955	  0.077867	  0.000722	 -0.022784	 -0.096624	 -0.099502	 -0.117363
 -0.030077	  0.040871	 -0.027184	 -0.050848	 -0.102452	 -0.064595	 -0.137731
 -0.033245	  0.007707	 -0.037066	 -0.036214	 -0.088420	 -0.078469	 -0.171275
 -0.059630	 -0.013072	 -0.079195	 -0.068903	 -0.088008	 -0.111190	 -0.235132
 -0.058712	  0.000010	 -0.068013	 -0.078343	 -0.066437	 -0.140996	 -0.300162
 -0.059472	 -0.005787	 -0.100987	 -0.072166	 -0.067894	 -0.168617	 -0.355340
 -0.057255	  0.025191	 -0.089109	 -0.059401	 -0.056175	 -0.229624	 -0.396455
 -0.068753	  0.043880	 -0.074792	 -0.060224	 -0.073438	 -0.249516	 -0.394459
 -0.057952	  0.045242	 -0.091105	 -0.087307	 -0.114552	 -0.281255	 -0.403170
 -0.046580	  0.010494	 -0.030193	 -0.085660	 -0.113475	 -0.317650	 -0.436492
 -0.048037	  0.001973	 -0.017396	 -0.093800	 -0.131752	 -0.327532	 -0.457335
 -0.024661	 -0.025014	 -0.028736	 -0.092882	 -0.173880	 -0.326424	 -0.432691
  0.016264	 -0.042911	 -0.035356	 -0.070392	 -0.169984	 -0.356737	 -0.454072
 -0.001601	 -0.056278	 -0.032949	 -0.049201	 -0.155635	 -0.378023	 -0.426609
 -0.004800	 -0.059065	 -0.023319	 -0.055916	 -0.163807	 -0.373556	 -0.421003
  0.002390	 -0.061757	 -0.014070	 -0.067826	 -0.165391	 -0.390978	 -0.436524
 -0.015697	 -0.023969	 -0.019550	 -0.068840	 -0.149395	 -0.381507	 -0.436777
 -0.010755	 -0.016493	 -0.002034	 -0.070329	 -0.137453	 -0.335895	 -0.406844
 -0.017502	 -0.009208	 -0.027215	 -0.078279	 -0.118892	 -0.290029	 -0.402916
 -0.057476	 -0.015005	 -0.032727	 -0.093103	 -0.099791	 -0.226963	 -0.390310
 -0.064540	 -0.054314	 -0.047899	 -0.104538	 -0.121742	 -0.224682	 -0.385717
 -0.080789	 -0.050766	 -0.057624	 -0.093578	 -0.143028	 -0.236339	 -0.402695
 -0.075563	 -0.072084	 -0.062312	 -0.054554	 -0.148540	 -0.215117	 -0.418279
 -0.056019	 -0.037367	 -0.125092	 -0.054333	 -0.143187	 -0.139761	 -0.396138
 -0.047435	 -0.018647	 -0.155976	 -0.074573	 -0.191333	 -0.119330	 -0.397025
 -0.024566	 -0.009240	 -0.129305	 -0.154648	 -0.170744	 -0.118158	 -0.380395
 -0.027828	  0.032920	 -0.117743	 -0.174731	 -0.160893	 -0.140933	 -0.354611
 -0.038218	  0.066844	 -0.118725	 -0.117462	 -0.139861	 -0.147997	 -0.366680
 -0.037458	  0.043626	 -0.098327	 -0.103714	 -0.167893	 -0.157024	 -0.355657
 -0.005117	  0.007358	 -0.040741	 -0.067225	 -0.185885	 -0.169251	 -0.306243
 -0.007524	 -0.013199	 -0.059239	 -0.071184	 -0.127919	 -0.146033	 -0.246092
 -0.028430	 -0.012661	 -0.085688	 -0.070202	 -0.078316	 -0.099913	 -0.210109
 -0.004420	  0.005141	 -0.109254	 -0.089397	 -0.079171	 -0.138272	 -0.242576
 -0.022950	  0.005299	 -0.060855	 -0.065229	 -0.077397	 -0.082967	 -0.289962
  0.002675	  0.021232	 -0.044764	 -0.035391	 -0.077049	 -0.050183	 -0.281410
 -0.007081	  0.038115	 -0.073271	 -0.001688	 -0.017246	 -0.048473	 -0.271400
  0.006413	  0.046255	 -0.081127	  0.004298	 -0.028807	 -0.048409	 -0.212041
  0.001851	  0.052369	 -0.064307	 -0.002924	 -0.009453	 -0.050468	 -0.189646
  0.016644	  0.012014	 -0.027754	 -0.011634	  0.005054	 -0.022594	 -0.167125
 -0.000429	 -0.014656	 -0.010966	  0.016493	  0.018833	 -0.014992	 -0.186035
 -0.002646	 -0.013072	  0.010637	  0.023494	  0.053897	 -0.015784	 -0.189456
  0.003245	  0.037070	  0.008799	  0.039648	  0.061531	 -0.034536	 -0.167695
 -0.012561	  0.044798	  0.010130	  0.054662	  0.044806	 -0.045685	 -0.180651
 -0.004959	  0.034821	  0.022293	  0.020960	  0.023140	 -0.051197	 -0.200194
  0.021490	  0.045939	  0.015673	  0.010190	 -0.024151	 -0.073718	 -0.153283
  0.018576	  0.027662	  0.007786	  0.004964	 -0.037074	 -0.078089	 -0.133708
  0.027477	  0.028010	 -0.011156	 -0.002892	 -0.043695	 -0.100800	 -0.118345
 -0.009995	 -0.009081	 -0.040329	 -0.039889	 -0.060704	 -0.126837	 -0.146695
  0.000869	 -0.027675	  0.011302	 -0.064722	 -0.095040	 -0.156961	 -0.175012
 -0.029729	  0.011919	  0.033094	 -0.100832	 -0.106760	 -0.172387	 -0.154772
 -0.032516	  0.006820	  0.058118	 -0.150309	 -0.142300	 -0.168586	 -0.132789
 -0.031186	 -0.015606	  0.086024	 -0.128801	 -0.167038	 -0.179989	 -0.146410
 -0.047689	 -0.026471	  0.074842	 -0.097158	 -0.157155	 -0.166653	 -0.148500
 -0.047119	 -0.010728	  0.022040	 -0.147236	 -0.163459	 -0.143467	 -0.169691
 -0.043096	 -0.016842	 -0.012170	 -0.154173	 -0.141254	 -0.149802	 -0.166365
 -0.032009	 -0.021720	 -0.018536	 -0.161015	 -0.138657	 -0.158830	 -0.128925
 -0.082215	 -0.000529	 -0.054266	 -0.151449	 -0.103973	 -0.125634	 -0.140486
 -0.048512	  0.022626	 -0.069755	 -0.157024	 -0.082814	 -0.098805	 -0.152270
 -0.034290	  0.066749	 -0.101241	 -0.120566	 -0.065265	 -0.093610	 -0.180429
 -0.034860	  0.047459	 -0.096426	 -0.098678	 -0.048636	 -0.114167	 -0.193289
 -0.027417	  0.055346	 -0.063832	 -0.090443	 -0.028522	 -0.102891	 -0.174981
 -0.053422	  0.048314	 -0.092942	 -0.090569	 -0.019843	 -0.109606	 -0.146125
 -0.040308	  0.051514	 -0.125251	 -0.085691	 -0.017562	 -0.101244	 -0.118820
 -0.016679	  0.039540	 -0.137826	 -0.067446	 -0.021965	 -0.101846	 -0.088602
  0.004544	  0.050690	 -0.159270	 -0.067890	 -0.035364	 -0.094180	 -0.083122
 -0.036349	  0.070709	 -0.157116	 -0.068048	 -0.026368	 -0.085438	 -0.068330
 -0.037141	  0.103683	 -0.172922	 -0.022277	 -0.025418	 -0.060636	 -0.041849
 -0.037553	  0.112394	 -0.177737	 -0.042676	 -0.066786	 -0.061523	 -0.029971
 -0.034195	  0.107167	 -0.157623	 -0.033680	 -0.039228	 -0.028802	 -0.058194
 -0.042589	  0.089049	 -0.150686	 -0.078216	 -0.030296	  0.019281	 -0.040107
 -0.035399	  0.086673	 -0.122336	 -0.069885	 -0.039767	  0.054472	 -0.034437
 -0.033657	  0.059052	 -0.091580	 -0.067826	 -0.021522	  0.090709	 -0.038397
 -0.019244	  0.043658	 -0.094494	 -0.053604	 -0.010340	  0.102650	 -0.031207
 -0.023616	  0.011191	 -0.072543	 -0.072736	 -0.002105	  0.111994	  0.023940
 -0.040910	 -0.016937	 -0.060886	 -0.088827	  0.001633	  0.106546	  0.031321
 -0.043824	 -0.046395	 -0.058606	 -0.060478	  0.028272	  0.077120	  0.006297
 -0.025421	 -0.059477	 -0.061235	 -0.035676	  0.001696	  0.073541	  0.050072
  0.004069	 -0.068504	 -0.062122	 -0.035898	 -0.005716	  0.089315	  0.076331
 -0.023679	 -0.050069	 -0.098105	 -0.008720	 -0.009073	  0.094541	  0.063566
 -0.013226	 -0.025236	 -0.045397	 -0.025508	 -0.005494	  0.073224	  0.070376
 -0.038851	 -0.029924	 -0.029338	 -0.063265	  0.012339	  0.054757	  0.108102
 -0.061943	 -0.032679	 -0.046601	 -0.078026	  0.022095	  0.050639	  0.156596
 -0.041670	 -0.038508	 -0.046316	 -0.087718	  0.015982	  0.061061	  0.147601
 -0.064287	 -0.011679	 -0.017048	 -0.093863	  0.030521	  0.043956	  0.134012
 -0.033467	 -0.019819	 -0.027881	 -0.094307	  0.077685	  0.041105	  0.122767
 -0.027353	 -0.062264	 -0.020659	 -0.078849	  0.091781	  0.050101	  0.098916
 -0.022444	 -0.054472	  0.002623	 -0.079420	  0.080409	  0.039426	  0.098250
 -0.010850	 -0.038888	  0.036895	 -0.057849	  0.060612	 -0.001372	  0.112124
  0.017794	  0.090183	 -0.014875	 -0.006744	  0.056076	 -0.025933	  0.008847
 -0.001782	  0.083531	 -0.045283	  0.011533	  0.027220	 -0.015575	  0.020187
  0.006359	  0.061010	 -0.008255	 -0.033003	  0.013980	 -0.031412	 -0.013548
  0.037686	  0.052489	 -0.009902	 -0.008613	  0.031338	 -0.035720	 -0.006199
  0.006422	  0.003107	 -0.018517	  0.023728	 -0.001256	 -0.028403	  0.026268
 -0.007863	 -0.014029	 -0.009300	  0.045045	 -0.014211	 -0.017127	  0.018888
  0.003318	 -0.018590	 -0.015223	  0.039249	 -0.016428	 -0.015385	  0.010874
  0.003128	 -0.027459	  0.000329	  0.029461	  0.000391	  0.001055	  0.003209
 -0.041503	 -0.061922	 -0.010155	  0.012071	  0.001943	  0.014612	 -0.011109
 -0.037575	 -0.016151	  0.028647	  0.011533	 -0.007686	  0.056265	  0.006630
 -0.034534	 -0.028473	  0.016009	  0.025787	 -0.028623	  0.076030	  0.043785
 -0.014515	 -0.020712	 -0.008476	  0.024045	 -0.030461	  0.056993	 -0.000592
 -0.024303	 -0.041206	 -0.013101	  0.001682	 -0.038094	  0.008530	 -0.076962
 -0.002194	 -0.030690	 -0.005404	  0.008175	 -0.020388	 -0.008796	 -0.133122
  0.006549	 -0.004083	  0.022470	 -0.023437	 -0.009935	 -0.040281	 -0.116429
  0.007372	  0.000352	  0.026968	 -0.030152	 -0.012976	 -0.051558	 -0.065178
  0.010287	 -0.000725	  0.055698	 -0.024292	  0.010496	  0.009607	 -0.003570
  0.009305	  0.006465	  0.036059	 -0.037690	  0.044547	  0.045717	  0.063075
  0.025617	 -0.010006	  0.003719	 -0.037405	  0.011161	  0.011381	  0.103936
  0.030432	 -0.023088	 -0.031409	 -0.030975	 -0.017094	 -0.010000	  0.121009
  0.040822	 -0.022835	 -0.014938	 -0.062682	 -0.001509	 -0.003792	  0.102764
  0.013676	  0.025882	  0.004669	 -0.043424	  0.008057	  0.004792	  0.023893
  0.056849	  0.017203	  0.018859	 -0.038704	 -0.005247	 -0.021086	 -0.013072
  0.045636	 -0.016848	  0.001343	 -0.040921	  0.010622	 -0.043386	 -0.073984
 -0.008053	 -0.000630	 -0.025106	 -0.037754	 -0.002175	 -0.050037	 -0.081333
 -0.019362	 -0.001929	 -0.027893	 -0.043962	 -0.011772	 -0.052033	 -0.051621
 -0.003936	 -0.025242	 -0.038916	 -0.021188	 -0.008098	 -0.040123	  0.024304
  0.030337	 -0.037722	 -0.019183	 -0.038704	 -0.004202	 -0.056974	  0.079451
  0.020074	 -0.020111	 -0.000874	 -0.083208	  0.014487	 -0.027643	  0.079420
  0.003223	 -0.031831	  0.010180	 -0.074687	  0.021772	  0.013186	  0.106692
 -0.022592	  0.001935	  0.025860	 -0.088023	 -0.008224	  0.005331	  0.088320
 -0.002098	  0.015809	  0.062476	 -0.049284	 -0.023175	 -0.011204	  0.030481
  0.026853	  0.009252	  0.064757	 -0.026636	 -0.032108	 -0.047282	 -0.060332
  0.020454	  0.042511	  0.063268	  0.010139	 -0.031696	 -0.082568	 -0.100243
 -0.008148	  0.034529	  0.066499	 -0.028853	 -0.017664	 -0.106039	 -0.184182
  0.003698	  0.047421	  0.048603	 -0.078773	 -0.002586	 -0.095840	 -0.173349
 -0.043942	  0.074123	  0.031656	 -0.068004	 -0.009080	 -0.050354	 -0.093021
 -0.062345	  0.103138	 -0.009743	 -0.066135	  0.003464	 -0.020009	 -0.004045
 -0.087305	  0.109726	  0.010117	 -0.066863	  0.025351	  0.018856	  0.083917
 -0.066811	  0.095916	  0.023072	 -0.111652	  0.055411	  0.011729	  0.164594
 -0.044132	  0.074915	  0.018321	 -0.130277	  0.077267	 -0.007307	  0.170549
 -0.027755	  0.097595	 -0.029509	 -0.092457	  0.055285	  0.015119	  0.125317
 -0.045589	  0.098577	 -0.018391	 -0.082828	  0.029152	  0.041029	  0.032477
 -0.037480	  0.098767	  0.009357	 -0.069302	  0.019396	  0.016164	 -0.022892
 -0.037290	  0.113432	  0.001786	 -0.058343	 -0.027230	  0.015245	 -0.088903
 -0.056485	  0.105039	 -0.011264	 -0.040256	 -0.030556	 -0.001258	 -0.097044
 -0.048281	  0.107224	 -0.018644	 -0.019921	 -0.017569	  0.020503	 -0.083803
 -0.023416	  0.087300	 -0.008318	 -0.019350	 -0.030017	  0.028327	 -0.040662
 -0.041313	  0.080363	  0.013031	 -0.060687	 -0.030239	  0.033775	  0.094497
 -0.045937	  0.052711	  0.055001	 -0.037849	 -0.011614	  0.051830	  0.165545
 -0.052209	  0.023760	  0.026272	 -0.020079	 -0.013863	  0.049391	  0.142232
 -0.055091	  0.018121	  0.006189	 -0.015898	 -0.005690	  0.028707	  0.140680
 -0.048566	  0.028289	  0.034856	 -0.047478	 -0.039678	  0.034441	  0.056803
 -0.085975	  0.032217	  0.030104	 -0.091950	 -0.036891	  0.020789	 -0.038761
 -0.050878	 -0.010260	  0.047462	 -0.081529	 -0.015003	  0.000105	 -0.125615
 -0.039507	 -0.007029	  0.035647	 -0.091634	  0.008532	 -0.020484	 -0.150607
 -0.012361	  0.013940	  0.067133	 -0.050012	  0.034030	 -0.054757	 -0.116492
  0.022577	  0.041593	  0.056490	 -0.039686	  0.062285	 -0.041232	 -0.018235
  0.012536	  0.058983	  0.036471	 -0.016943	  0.094277	 -0.031761	  0.104126
 -0.008339	  0.034339	  0.034000	 -0.021346	  0.105870	  0.004317	  0.148282
 -0.008497	  0.026452	  0.043471	 -0.028948	  0.073149	  0.040047	  0.145621
  0.034803	  0.024108	  0.013950	 -0.018400	  0.057090	  0.016861	  0.139888
  0.052035	  0.017140	  0.019810	 -0.000250	  0.084552	 -0.026408	  0.138336
  0.065338	  0.049100	  0.047209	 -0.001581	  0.055031	 -0.051305	  0.065134
  0.066510	  0.063987	  0.047272	 -0.031609	  0.064850	 -0.067744	 -0.049467
  0.081683	  0.020022	  0.029566	 -0.054035	  0.050818	 -0.069423	 -0.106325
  0.091122	 -0.005192	  0.024276	 -0.047383	  0.020980	 -0.029354	 -0.107782
  0.105756	  0.005166	 -0.008540	 -0.040446	  0.010179	 -0.012882	 -0.063056
  0.151463	 -0.020206	 -0.014210	 -0.058533	  0.025763	  0.028010	  0.041124
  0.146079	 -0.020332	  0.019018	 -0.019224	  0.055981	  0.054998	  0.115656
  0.161441	 -0.028093	  0.040177	 -0.005223	  0.034315	  0.033174	  0.174382
  0.173414	 -0.051089	  0.046164	 -0.030817	  0.076159	  0.024209	  0.187274
  0.112661	 -0.042188	  0.053512	 -0.015391	  0.045370	  0.038147	  0.157024
  0.060080	  0.002917	  0.028837	  0.001555	  0.033080	  0.043531	  0.127249
  0.057261	 -0.002404	  0.019176	  0.034149	  0.016165	  0.002385	  0.069664
  0.036419	 -0.018337	  0.004701	  0.040959	  0.001532	 -0.015923	  0.014770
  0.043736	  0.013624	  0.023294	  0.046408	 -0.005817	  0.017019	 -0.032426
  0.054315	 -0.002974	  0.023611	  0.024330	  0.001627	  0.025413	 -0.021435
  0.013644	 -0.026826	  0.051453	  0.021067	 -0.018424	  0.013440	 -0.017285
 -0.008244	 -0.004115	  0.064820	  0.019198	 -0.005310	  0.021485	 -0.004995
 -0.017936	  0.038584	  0.047494	  0.041181	  0.050438	  0.009765	  0.091646
 -0.019045	  0.077228	  0.045150	  0.048498	  0.063362	  0.002480	  0.142390
  0.016273	  0.079413	  0.051707	  0.050018	  0.060163	  0.000643	  0.103239
  0.025554	  0.108333	  0.043503	  0.028289	  0.024401	 -0.009303	  0.051070
  0.054410	  0.110613	  0.033747	  0.031203	  0.010907	 -0.053965	 -0.007561
  0.051306	  0.116853	  0.052340	  0.027402	  0.029437	 -0.082030	 -0.075694
  0.043292	  0.106210	  0.061938	  0.000415	  0.036216	 -0.080382	 -0.151082
  0.056279	  0.075454	  0.047494	 -0.004400	  0.029628	 -0.080763	 -0.130303
  0.049754	  0.012832	  0.032385	 -0.008264	 -0.008351	 -0.070848	 -0.041897
  0.031572	  0.022113	  0.046227	  0.026737	 -0.038538	 -0.048929	  0.010652
  0.007214	  0.052679	  0.025638	  0.014732	 -0.025868	 -0.002746	  0.076094
 -0.045937	  0.053788	  0.018194	 -0.012699	 -0.015985	  0.029689	  0.152178
 -0.038145	  0.051571	  0.015819	 -0.044944	  0.000233	 -0.004045	  0.131399
 -0.022719	  0.029208	  0.034919	 -0.054573	  0.029691	  0.009765	  0.097094
 -0.001782	  0.074092	  0.031783	 -0.030468	  0.016989	 -0.032173	  0.048283
  0.008988	  0.055815	  0.020253	 -0.033446	  0.014708	 -0.046141	  0.010811
  0.014784	  0.059679	  0.033557	 -0.040446	  0.010781	 -0.031697	 -0.013009
  0.018205	  0.048245	  0.035141	 -0.027586	  0.018826	 -0.046585	 -0.036734
 -0.016004	  0.031805	  0.040367	 -0.062175	  0.021614	 -0.039300	 -0.037747
 -0.013312	  0.051032	  0.002072	 -0.088466	  0.046384	 -0.023525	  0.056867
  0.029545	  0.055562	 -0.000938	 -0.057012	  0.038750	  0.004444	  0.183916
  0.043261	  0.051666	  0.017117	 -0.055935	  0.028646	  0.013535	  0.240710
  0.061759	  0.030031	  0.030199	 -0.057804	  0.039257	  0.059274	  0.220311
  0.033948	  0.017741	  0.034317	 -0.051026	  0.059751	  0.050722	  0.161237
  0.032238	  0.015302	  0.018923	 -0.043202	  0.064280	  0.039825	  0.114833
  0.005314	  0.014352	  0.010782	 -0.029170	  0.049076	  0.008752	  0.019553
  0.012947	  0.012737	 -0.007273	 -0.071836	  0.052719	 -0.015005	 -0.056974
  0.011490	 -0.024228	 -0.018264	 -0.094073	  0.022215	 -0.074554	 -0.099609
 -0.005076	 -0.048175	 -0.010440	 -0.059831	  0.034822	 -0.049246	 -0.096093
 -0.001750	 -0.052736	  0.008692	 -0.032622	  0.033840	 -0.015860	 -0.041897
  0.033663	 -0.040953	  0.051168	 -0.021821	  0.028804	  0.000611	  0.051514
  0.032333	 -0.016310	  0.021647	 -0.009943	  0.018003	 -0.006801	  0.128611
  0.017540	  0.012895	  0.009072	 -0.033953	  0.015785	  0.013281	  0.190188
  0.008798	  0.029113	 -0.007399	 -0.061035	  0.026745	 -0.015226	  0.175522
  0.008164	  0.053344	 -0.021558	 -0.057899	  0.051705	 -0.032394	  0.137480
  0.006929	  0.053408	 -0.005087	 -0.057709	  0.044800	 -0.057703	  0.056011
  0.028658	  0.064051	 -0.004612	 -0.038419	  0.046510	 -0.027326	 -0.038761
  0.046428	  0.063924	  0.014013	 -0.015423	  0.017084	 -0.042847	 -0.054820
  0.064578	  0.054168	  0.038118	 -0.010640	 -0.009460	 -0.034612	 -0.011014
  0.043102	  0.061770	  0.066341	 -0.005920	 -0.026184	 -0.013484	  0.036246
  0.071262	  0.061073	  0.059214	 -0.005762	 -0.043859	  0.006503	  0.059717
  0.055614	  0.112767	  0.022059	 -0.024672	 -0.015161	  0.024938	  0.070804
  0.055044	  0.108808	  0.038118	 -0.032464	  0.007328	  0.033997	  0.065229
  0.069076	  0.099179	  0.026937	 -0.033509	  0.004572	  0.005711	  0.071944
  0.041012	  0.078748	  0.013886	  0.004279	 -0.005532	  0.004539	  0.075872
  0.015228	  0.074662	  0.027539	 -0.013174	 -0.015637	  0.021612	  0.116986
  0.053238	  0.063195	  0.010972	 -0.049980	 -0.001319	  0.002417	  0.127344
  0.049501	  0.058412	  0.020602	 -0.077285	  0.016767	  0.002860	  0.136688
  0.050609	  0.031488	  0.017878	 -0.056632	  0.036818	  0.042233	  0.086261
  0.052605	  0.028226	  0.024118	 -0.005318	  0.040587	  0.039794	  0.073179
  0.079149	  0.000953	  0.033272	 -0.006744	  0.047809	  0.035613	  0.065197
  0.079782	 -0.011020	  0.052562	 -0.028695	  0.069602	  0.051577	  0.046002
  0.101226	  0.005705	  0.063205	 -0.048713	  0.121961	  0.030228	  0.024431
  0.097267	  0.014669	  0.038973	 -0.038926	  0.123545	  0.017811	  0.029658
  0.038826	  0.024520	  0.032353	 -0.045831	  0.104666	 -0.011552	  0.005648
  0.005377	 -0.021378	  0.033113	 -0.031989	  0.082335	  0.001752	 -0.001384
 -0.009827	 -0.039813	 -0.005340	 -0.020998	  0.059719	  0.010969	  0.008815
 -0.007483	 -0.060813	  0.004764	 -0.004083	  0.052909	 -0.009842	  0.053129
 -0.014769	 -0.025400	  0.041191	  0.016284	  0.031718	 -0.032711	  0.076094
 -0.001497	 -0.026921	  0.030738	 -0.011400	  0.030261	 -0.015448	  0.049835
 -0.008877	 -0.025242	 -0.010884	 -0.022296	  0.018034	 -0.023367	  0.060858
 -0.028737	 -0.005382	 -0.008825	 -0.000820	  0.032130	 -0.051526	  0.037418
 -0.031462	  0.035796	 -0.006386	  0.017140	  0.042424	 -0.030114	  0.028581
 -0.024841	  0.044855	  0.003022	  0.035226	  0.059022	  0.006693	  0.037196
 -0.011411	  0.074725	  0.028425	  0.097183	  0.062031	  0.033965	  0.031241
 -0.002384	  0.048530	  0.033082	  0.087459	  0.059276	  0.034092	  0.037862
  0.019884	  0.034783	  0.037231	  0.069911	  0.067701	  0.023196	  0.039319
  0.028595	  0.016316	  0.023294	  0.047928	  0.019681	  0.010272	  0.010874
  0.043324	  0.005103	  0.023674	  0.011533	  0.014075	 -0.016493	 -0.000181
  0.052541	  0.012610	  0.013443	  0.014542	  0.026935	 -0.023557	  0.015911
  0.008513	  0.009664	 -0.036667	  0.010171	  0.006916	 -0.000529	  0.034377
  0.062963	  0.018311	 -0.029287	 -0.020174	 -0.023144	 -0.004868	  0.053066
  0.102430	  0.026896	 -0.008476	 -0.036138	 -0.041579	 -0.011869	  0.065958
  0.073352	  0.058412	  0.019841	 -0.022391	 -0.015193	 -0.003601	  0.056202
  0.061284	  0.065603	  0.026683	 -0.040003	 -0.004487	 -0.021023	  0.053414
  0.068442	  0.041371	  0.026620	 -0.022233	  0.049361	 -0.021561	  0.082017
  0.053935	  0.029430	  0.027729	 -0.030754	  0.058800	  0.007263	  0.089492
  0.051021	  0.011121	  0.055603	 -0.075669	  0.014677	 -0.007022	  0.060826
  0.073415	  0.000700	  0.071504	 -0.057963	 -0.010410	  0.028010	  0.010969
  0.080099	  0.039629	  0.069603	 -0.039908	 -0.032044	  0.000738	  0.020345
  0.058560	  0.030665	  0.050535	 -0.023563	 -0.018234	 -0.016747	  0.029721
  0.056089	 -0.010861	  0.033240	 -0.039559	 -0.018329	 -0.051019	  0.057088
  0.061347	 -0.003608	  0.031941	 -0.019097	 -0.017537	 -0.034390	  0.037101
  0.076330	  0.025343	 -0.006702	 -0.009563	 -0.014053	 -0.035340	 -0.005502
  0.043229	  0.007225	 -0.004675	 -0.017672	  0.013853	  0.005204	 -0.013579
  0.040315	  0.000257	  0.000963	 -0.008517	  0.002165	 -0.008511	 -0.017634
  0.075221	  0.014732	  0.010085	  0.015999	  0.001943	 -0.050576	 -0.015068
  0.088873	  0.004596	  0.001786	  0.036018	  0.000866	 -0.037462	  0.023101
  0.070565	  0.009696	 -0.006702	 -0.004590	  0.027664	 -0.027200	  0.021549
  0.077502	 -0.005477	 -0.006607	 -0.034871	  0.029342	  0.010716	  0.028042
  0.067302	 -0.004051	  0.019398	 -0.029011	 -0.006641	 -0.001954	  0.043753
  0.055107	 -0.004400	  0.021362	 -0.015264	 -0.003632	 -0.021625	  0.060636
  0.023717	  0.003994	 -0.005721	 -0.035790	 -0.010759	 -0.019598	  0.127756
  0.016970	  0.000352	 -0.016680	 -0.040605	 -0.001763	  0.006661	  0.123321
  0.041170	 -0.001929	 -0.046645	 -0.027428	  0.036311	  0.007327	  0.090918
  0.022545	 -0.009373	 -0.043478	 -0.040605	  0.062285	  0.021707	  0.058799
  0.047822	 -0.024577	 -0.057826	 -0.054637	  0.079104	 -0.007561	  0.096873
  0.074144	 -0.016310	 -0.062673	 -0.069492	  0.110653	 -0.019249	  0.110493
  0.093339	 -0.001200	 -0.068279	 -0.078963	  0.130323	 -0.035277	  0.088859
  0.048012	 -0.022898	 -0.058840	 -0.068162	  0.094942	 -0.054282	  0.093895
  0.033885	 -0.018970	 -0.051016	 -0.068479	  0.097286	 -0.049879	  0.116005
  0.027518	 -0.012604	 -0.044174	 -0.063157	  0.094657	 -0.048359	  0.102479
  0.077882	  0.010995	 -0.007019	 -0.067402	  0.087878	 -0.037811	  0.069600
  0.054474	  0.027941	 -0.019879	 -0.073895	  0.100992	  0.012363	  0.072989
  0.043704	  0.048181	 -0.027101	 -0.103448	  0.048253	  0.022024	  0.085660
  0.055646	  0.038900	  0.004922	 -0.095466	  0.020790	  0.028929	  0.070455
  0.047062	  0.021162	  0.018701	 -0.084253	  0.010844	  0.019933	  0.072071
  0.044781	  0.000162	  0.028711	 -0.068986	  0.008310	  0.021644	  0.071881
  0.071071	  0.008460	  0.028996	 -0.071520	 -0.010347	  0.034155	  0.062378
  0.037432	  0.033801	  0.044231	 -0.060180	  0.004129	  0.046762	  0.058862
  0.048614	  0.011565	  0.035679	 -0.039306	 -0.014623	  0.048283	  0.061808
  0.085515	  0.000130	  0.044516	 -0.037627	 -0.040280	  0.035898	  0.067763
  0.089728	 -0.005160	  0.072581	 -0.027618	 -0.012849	  0.059527	  0.079071
  0.073954	 -0.006902	  0.082368	 -0.027871	 -0.024696	  0.076790	  0.088035
  0.041170	 -0.066895	  0.086074	 -0.013427	 -0.030524	  0.034346	  0.079578
  0.033029	 -0.052356	  0.105048	  0.008967	 -0.008826	  0.058324	  0.028802
  0.045541	 -0.031514	  0.091016	  0.022556	  0.015120	  0.042613	 -0.012027
  0.021183	 -0.064013	  0.068653	  0.044444	  0.018066	  0.009132	 -0.032521
  0.033473	 -0.044026	  0.031625	  0.045331	 -0.005690	  0.018096	 -0.049404
  0.076488	 -0.010640	  0.031371	  0.035638	 -0.030397	  0.018476	 -0.023779
  0.105883	 -0.016468	  0.035932	  0.063797	 -0.013198	 -0.011330	 -0.021245
  0.072022	 -0.015296	  0.024244	  0.081884	  0.020663	  0.005363	 -0.044368
  0.061537	 -0.033003	  0.023991	  0.094396	  0.015849	 -0.011742	 -0.057830
  0.056089	 -0.050234	  0.030453	  0.053915	  0.032510	 -0.021150	 -0.053173
  0.060017	 -0.049474	  0.003909	  0.050050	  0.065801	 -0.002303	 -0.011964
  0.051053	 -0.031545	 -0.017726	  0.026294	  0.102576	 -0.013231	 -0.015606
  0.077502	 -0.025179	 -0.026373	  0.051824	  0.085724	  0.007802	  0.000263
  0.079465	 -0.011242	 -0.015635	  0.047199	  0.083285	  0.028296	 -0.032426
  0.054822	 -0.009436	 -0.035020	  0.027054	  0.075462	  0.061491	 -0.003316
  0.016083	  0.002062	 -0.059347	  0.026167	  0.056108	  0.092977	 -0.021783
  0.024604	  0.038679	 -0.046487	 -0.015708	  0.058674	  0.082207	  0.000738
  0.028943	  0.053439	 -0.036509	 -0.028378	  0.057058	  0.068111	  0.001973
  0.035849	  0.062689	 -0.008191	 -0.043360	  0.032193	  0.042835	 -0.003285
