:RUN-2	LEVEL SWEEP	TEMP:NaN	8/27/2019	1:16 PM	HR:-636.36:SW EAR: R	SW FREQ: 8.00	# AVERAGES: 512	REP RATE (/sec): 80	DRIVER: 	SAMPLE (µsec): 40	MASKER dB: 2147483647:NOTES-:CHAMBER-SEWELL-PXI1:CFTS Version: V2.7.2 (R850):LEVELS:20;30;40;50;60;70;80;:DATA  0.015849	  0.014400	  0.068389	  0.032892	 -0.027383	  0.046094	  0.054589
 -0.008383	  0.025898	  0.033482	  0.045435	 -0.049113	  0.012645	  0.087437
  0.008944	 -0.008280	  0.026577	  0.067734	 -0.069416	  0.003902	  0.075432
 -0.005247	  0.002046	  0.029745	  0.069667	 -0.046135	  0.022401	  0.045340
 -0.003822	 -0.010877	  0.006305	  0.037421	 -0.047022	  0.000260	  0.057345
  0.015722	 -0.035299	 -0.010293	 -0.000684	 -0.026781	  0.011853	  0.074418
  0.016926	 -0.025891	 -0.014917	 -0.010725	 -0.052819	 -0.002369	  0.056648
  0.040524	 -0.003560	 -0.021759	 -0.021938	 -0.053674	 -0.021279	  0.049426
  0.042139	 -0.007836	 -0.028665	 -0.026563	 -0.054624	 -0.019157	  0.023294
  0.021550	 -0.023262	 -0.033099	 -0.035907	 -0.021967	  0.004663	 -0.005245
  0.010686	 -0.035236	 -0.008076	 -0.017916	  0.008663	 -0.006012	 -0.024409
 -0.015098	 -0.052594	 -0.010356	 -0.011707	  0.027953	 -0.024637	 -0.066664
 -0.019311	 -0.059657	 -0.008519	 -0.013861	  0.050886	 -0.014343	 -0.120005
 -0.016333	 -0.042014	  0.001839	 -0.024504	  0.056271	 -0.025049	 -0.150318
 -0.033375	  0.009141	  0.001364	 -0.030047	  0.061498	 -0.036294	 -0.121684
 -0.026216	  0.021717	  0.016061	 -0.050446	  0.067864	 -0.010098	 -0.090610
 -0.023270	  0.057700	  0.006305	 -0.033246	  0.071317	  0.003269	 -0.071193
 -0.024411	  0.041989	 -0.010071	 -0.023997	  0.046388	  0.002192	 -0.024061
 -0.008478	  0.055609	 -0.025370	  0.014647	  0.032008	  0.029116	  0.044643
  0.011604	  0.076008	 -0.018940	  0.033747	  0.026085	  0.022844	  0.105618
 -0.003378	  0.039772	  0.011848	  0.062255	 -0.007745	  0.021862	  0.133968
  0.036501	  0.040278	  0.013179	  0.108469	 -0.017279	  0.044922	  0.178503
  0.045814	  0.039106	  0.043080	  0.128646	  0.010215	  0.079353	  0.201753
  0.062506	  0.064763	  0.018563	  0.086233	  0.022094	  0.056547	  0.240143
  0.050660	  0.078384	  0.010328	  0.081292	  0.005812	  0.066366	  0.247302
  0.059086	  0.080506	  0.045012	  0.101627	 -0.013541	  0.122431	  0.251800
  0.092598	  0.074424	  0.050935	  0.097541	 -0.001061	  0.163198	  0.244704
  0.088544	  0.051175	  0.096009	  0.091238	  0.023772	  0.138459	  0.238021
  0.065801	  0.049337	  0.098068	  0.093328	  0.033307	  0.123952	  0.216957
  0.070204	  0.044428	  0.063447	  0.070554	  0.061688	  0.127785	  0.240175
  0.044071	  0.076768	  0.045899	  0.060766	  0.081706	  0.126708	  0.227790
  0.023039	  0.076040	  0.093951	  0.052435	  0.061149	  0.113847	  0.190730
  0.040555	  0.029730	  0.115268	  0.057187	  0.056683	  0.084073	  0.178376
  0.079611	  0.006988	  0.126608	  0.032163	  0.047054	  0.088761	  0.205332
  0.083919	 -0.003497	  0.154070	  0.038688	  0.086965	  0.125092	  0.252623
  0.091426	 -0.055381	  0.153247	  0.074260	  0.042461	  0.167347	  0.309449
  0.065864	 -0.073880	  0.170700	  0.063300	  0.015220	  0.184262	  0.316702
  0.037420	 -0.056300	  0.159455	  0.088672	  0.017437	  0.164908	  0.312300
  0.040239	 -0.076477	  0.146848	  0.114519	  0.017374	  0.141722	  0.317494
  0.010907	 -0.120030	  0.124232	  0.137040	  0.075498	  0.157781	  0.266339
 -0.006071	 -0.099061	  0.087869	  0.162000	  0.100458	  0.150717	  0.207644
 -0.016397	 -0.091903	  0.034053	  0.165706	  0.132989	  0.101937	  0.127506
 -0.018772	 -0.079518	  0.075864	  0.177965	  0.116771	  0.050940	  0.033113
 -0.035529	 -0.051485	  0.075230	  0.182146	  0.122441	  0.003839	 -0.031441
 -0.024316	 -0.040240	  0.055750	  0.170489	  0.134794	 -0.039049	 -0.066252
 -0.027990	 -0.054082	  0.086095	  0.154810	  0.121459	 -0.116020	 -0.138028
 -0.031538	 -0.068843	  0.051854	  0.135235	  0.048036	 -0.192390	 -0.236253
  0.027505	 -0.031530	  0.087679	  0.089020	 -0.023962	 -0.270849	 -0.294346
  0.021994	  0.014273	  0.055243	  0.050503	 -0.064919	 -0.309810	 -0.299889
 -0.007369	  0.028400	  0.050017	 -0.001064	 -0.067453	 -0.294796	 -0.283957
  0.023768	  0.041640	  0.006812	 -0.038600	 -0.096087	 -0.288619	 -0.253517
  0.066561	  0.022699	 -0.006207	 -0.076008	 -0.089499	 -0.282221	 -0.234163
  0.080371	  0.008571	 -0.005320	 -0.128272	 -0.084969	 -0.248106	 -0.162197
  0.076697	 -0.004035	 -0.012795	 -0.139866	 -0.089752	 -0.224065	 -0.108349
  0.090127	 -0.002040	 -0.007727	 -0.150192	 -0.086553	 -0.197204	 -0.015667
  0.089462	  0.034767	 -0.016470	 -0.170686	 -0.041257	 -0.118681	  0.079296
  0.092661	  0.022730	 -0.007220	 -0.154468	 -0.024913	 -0.077567	  0.140651
  0.063013	  0.007748	 -0.016533	 -0.143983	  0.056651	 -0.007057	  0.186232
  0.035551	  0.022477	  0.045139	 -0.131630	  0.100870	  0.062597	  0.240808
  0.052212	  0.005721	  0.048750	 -0.063718	  0.131912	  0.140138	  0.285059
  0.038402	 -0.019176	  0.029555	  0.004225	  0.158773	  0.195601	  0.333585
  0.032130	  0.006544	  0.046913	  0.069857	  0.179963	  0.166587	  0.394085
  0.002894	 -0.005746	  0.101363	  0.069318	  0.172013	  0.163863	  0.393927
  0.022215	  0.001698	  0.133735	  0.090572	  0.193299	  0.190913	  0.390664
  0.021519	 -0.017371	  0.160627	  0.115438	  0.182561	  0.164053	  0.369537
  0.037578	 -0.031941	  0.182610	  0.131655	  0.149998	  0.112074	  0.330861
  0.033365	 -0.029344	  0.197307	  0.137103	  0.129758	  0.052936	  0.226459
  0.051895	 -0.012366	  0.198352	  0.130895	  0.079806	  0.018346	  0.116514
  0.021772	  0.007653	  0.209280	  0.156774	  0.068308	 -0.048647	  0.015344
  0.006980	  0.028115	  0.186126	  0.170584	  0.048511	 -0.108418	 -0.057446
  0.040080	  0.048514	  0.175863	  0.155982	  0.029220	 -0.149501	 -0.147689
  0.085186	  0.021368	  0.133735	  0.166847	  0.001916	 -0.138098	 -0.199162
  0.037135	 -0.002230	  0.102249	  0.178978	 -0.017912	 -0.148012	 -0.200492
  0.027379	 -0.013823	  0.080615	  0.143502	 -0.030202	 -0.190014	 -0.172808
  0.030293	  0.005245	  0.042827	  0.090034	 -0.079489	 -0.179973	 -0.162735
  0.049393	  0.013734	  0.002757	  0.047241	 -0.112843	 -0.187321	 -0.143381
  0.056361	  0.006639	 -0.004750	  0.063427	 -0.117848	 -0.151877	 -0.120258
  0.062792	 -0.015724	  0.012482	  0.075305	 -0.086331	 -0.099137	 -0.065429
  0.101245	 -0.039734	  0.007414	  0.081165	 -0.046452	 -0.038067	 -0.017504
  0.103843	 -0.025986	 -0.049697	  0.066404	 -0.000998	 -0.001641	 -0.000779
  0.051388	 -0.007868	 -0.094929	  0.091048	  0.044013	  0.046157	  0.077459
  0.050248	  0.001286	 -0.065091	  0.092061	  0.085254	  0.064972	  0.077902
  0.042931	 -0.046892	 -0.051534	  0.130832	  0.116834	  0.111060	  0.061494
  0.045053	 -0.057852	 -0.061987	  0.148253	  0.134636	  0.095729	  0.042299
  0.026017	 -0.062191	 -0.036488	  0.183413	  0.139419	  0.053759	  0.026335
  0.026903	 -0.077871	 -0.024483	  0.162919	  0.118640	  0.020405	 -0.037744
  0.062950	 -0.087437	 -0.023692	  0.126461	  0.122251	 -0.025081	 -0.050129
  0.049235	 -0.096781	 -0.008646	  0.120727	  0.082403	 -0.057199	 -0.052442
  0.026143	 -0.105333	  0.009219	  0.105935	  0.018388	 -0.094323	 -0.068248
  0.054809	 -0.068051	  0.012608	  0.067418	 -0.031881	 -0.143356	 -0.069641
  0.041949	 -0.056775	  0.012133	  0.055761	 -0.082752	 -0.155298	 -0.075976
  0.017623	  0.013259	  0.013654	  0.038023	 -0.120224	 -0.212218	 -0.090104
  0.035392	  0.036857	  0.010233	  0.042394	 -0.112273	 -0.251907	 -0.063306
  0.045592	  0.009585	  0.006748	  0.007171	 -0.143885	 -0.248233	 -0.065999
  0.080688	 -0.023516	 -0.024230	 -0.026341	 -0.164316	 -0.247315	 -0.063560
  0.073561	 -0.005588	 -0.015868	 -0.024124	 -0.136410	 -0.246047	 -0.077022
  0.058800	 -0.014932	 -0.007727	 -0.074171	 -0.092318	 -0.262392	 -0.059062
  0.057027	 -0.032828	 -0.003641	 -0.059537	 -0.088200	 -0.208449	 -0.047374
  0.074195	 -0.016991	  0.010043	 -0.086841	 -0.139641	 -0.173923	 -0.044713
  0.041949	 -0.000298	 -0.001107	 -0.078542	 -0.144234	 -0.143483	 -0.058935
  0.029057	 -0.000171	 -0.009216	 -0.042654	 -0.107395	 -0.118491	 -0.033278
  0.026460	 -0.021045	 -0.049254	 -0.042591	 -0.116929	 -0.122767	  0.012778
  0.002070	 -0.010497	 -0.023787	 -0.014938	 -0.111101	 -0.091124	  0.052847
  0.009039	 -0.039702	 -0.045136	 -0.027450	 -0.086711	 -0.075349	  0.096179
  0.019618	 -0.055793	 -0.061290	 -0.036952	 -0.049524	 -0.044117	  0.127252
  0.001056	 -0.048729	 -0.064679	 -0.030206	 -0.024279	 -0.019316	  0.132320
 -0.004740	 -0.037485	 -0.071458	 -0.033848	 -0.020351	  0.009477	  0.148665
  0.015184	 -0.043313	 -0.082323	 -0.014970	  0.037678	  0.004504	  0.150027
  0.060384	 -0.044421	 -0.049824	 -0.010852	  0.036379	  0.036496	  0.153511
  0.045624	 -0.003307	 -0.013967	  0.012303	  0.015062	  0.030636	  0.190096
  0.009830	 -0.003180	  0.028826	  0.031878	  0.025895	  0.030605	  0.233428
  0.030419	  0.001096	  0.036587	  0.062983	  0.037836	  0.020500	  0.202576
  0.050470	 -0.001090	  0.027116	  0.096306	  0.040275	 -0.009306	  0.194879
  0.066403	  0.010725	  0.021763	  0.091269	  0.011926	 -0.048425	  0.167924
  0.047841	  0.010187	  0.022681	  0.124655	  0.002930	 -0.057041	  0.184711
  0.060258	  0.026119	  0.060945	  0.103021	  0.019560	 -0.011365	  0.185503
  0.026143	 -0.001153	  0.051284	  0.071694	  0.030076	  0.024903	  0.194974
  0.010717	 -0.015407	  0.038265	  0.048888	  0.041130	  0.008527	  0.198554
  0.001563	  0.005055	  0.017138	  0.061241	  0.023836	  0.026424	  0.202798
  0.004477	  0.000082	  0.022491	  0.054716	  0.004450	  0.058574	  0.153321
  0.014708	  0.022667	 -0.001487	  0.010307	  0.003817	  0.064276	  0.121709
  0.012428	  0.031346	  0.007825	 -0.021685	  0.017817	  0.056642	  0.094532
  0.040397	  0.047500	 -0.015741	 -0.004105	 -0.020573	  0.011536	  0.064789
  0.068810	  0.040405	  0.021097	 -0.000843	 -0.064538	  0.034849	 -0.009933
  0.065104	  0.044586	  0.007414	  0.000393	 -0.098526	  0.008939	 -0.024377
  0.088037	  0.014273	 -0.004211	  0.006158	 -0.066312	 -0.034900	 -0.040373
  0.077964	  0.051270	 -0.001899	 -0.009205	 -0.044931	 -0.064358	 -0.094570
  0.140396	  0.036002	  0.023536	 -0.027355	 -0.018071	 -0.084123	 -0.149622
  0.152908	  0.016142	  0.062307	 -0.011897	 -0.027795	 -0.086182	 -0.188931
  0.154365	  0.016617	  0.061135	 -0.045631	 -0.040275	 -0.110287	 -0.240086
  0.147998	 -0.004954	  0.047736	 -0.074108	 -0.038723	 -0.107468	 -0.275182
  0.139858	 -0.004352	  0.028731	 -0.111136	 -0.018641	 -0.068666	 -0.286902
  0.115278	 -0.047526	  0.019767	 -0.099733	 -0.015347	 -0.076806	 -0.284590
  0.093675	 -0.046987	 -0.004053	 -0.077528	 -0.038850	 -0.075286	 -0.247815
  0.102893	 -0.042141	 -0.020271	 -0.090991	 -0.045248	 -0.076395	 -0.235968
  0.115468	 -0.005017	 -0.016533	 -0.078194	 -0.066914	 -0.097205	 -0.235905
  0.105236	 -0.033208	 -0.006492	 -0.024504	 -0.094123	 -0.062299	 -0.245281
  0.095987	 -0.054336	 -0.021379	 -0.009395	 -0.094598	 -0.050136	 -0.203596
  0.069190	 -0.060037	  0.005006	 -0.003535	 -0.108979	 -0.042945	 -0.188265
  0.019365	 -0.066721	 -0.021379	 -0.002363	 -0.145279	 -0.049471	 -0.174867
 -0.001731	 -0.073024	 -0.024388	 -0.004992	 -0.106096	 -0.054982	 -0.156780
  0.024053	 -0.049109	 -0.033796	 -0.012436	 -0.049556	 -0.055077	 -0.153834
  0.032668	 -0.051643	 -0.064173	  0.012049	 -0.027225	 -0.014438	 -0.134576
  0.047049	 -0.067798	 -0.066263	  0.016199	 -0.023519	 -0.000817	 -0.133372
  0.025541	 -0.039607	 -0.027651	  0.012936	 -0.003437	 -0.041045	 -0.127512
  0.003369	 -0.039734	 -0.028158	  0.021298	 -0.023329	 -0.070851	 -0.165808
 -0.016809	 -0.050471	 -0.041968	  0.015090	 -0.030329	 -0.100309	 -0.197641
 -0.018361	 -0.032987	 -0.062399	  0.006601	 -0.034890	 -0.106391	 -0.214683
 -0.007939	 -0.055571	 -0.045801	  0.025290	 -0.046990	 -0.103920	 -0.229887
 -0.002016	 -0.051485	 -0.042918	  0.007298	 -0.043126	 -0.092169	 -0.223488
  0.004097	 -0.034190	 -0.049349	 -0.003092	 -0.063810	 -0.105916	 -0.251394
 -0.014940	 -0.052815	 -0.006207	 -0.014558	 -0.101662	 -0.121183	 -0.287346
  0.003717	 -0.054748	 -0.003704	 -0.044269	 -0.124500	 -0.156786	 -0.257001
  0.010401	 -0.069667	  0.006463	 -0.044554	 -0.147591	 -0.148868	 -0.296690
  0.000518	 -0.028045	 -0.025149	 -0.064700	 -0.170429	 -0.159701	 -0.346737
  0.015880	 -0.032100	 -0.021601	 -0.102077	 -0.190194	 -0.179941	 -0.345375
  0.025510	 -0.035236	 -0.024927	 -0.117724	 -0.170429	 -0.178326	 -0.351013
  0.051483	 -0.021964	 -0.020714	 -0.067487	 -0.171601	 -0.190552	 -0.303469
  0.053637	 -0.018511	 -0.022488	 -0.052727	 -0.136220	 -0.199707	 -0.304926
  0.041031	 -0.041634	 -0.032561	 -0.032866	 -0.135206	 -0.166606	 -0.282341
  0.021582	 -0.056521	 -0.043109	 -0.034070	 -0.139356	 -0.180448	 -0.265807
  0.011383	 -0.063965	 -0.018592	 -0.033880	 -0.098621	 -0.195874	 -0.281454
  0.023736	 -0.065929	 -0.042538	 -0.051270	 -0.084716	 -0.126505	 -0.239041
  0.049963	 -0.033684	 -0.064584	 -0.080253	 -0.061751	 -0.077060	 -0.174550
  0.048981	 -0.037865	 -0.028570	 -0.073442	 -0.023487	 -0.051846	 -0.133087
  0.089209	 -0.002357	 -0.050109	 -0.064605	 -0.019274	 -0.041077	 -0.074171
  0.111223	 -0.000805	 -0.033828	 -0.043573	 -0.009677	 -0.036769	 -0.064415
  0.101530	  0.016934	 -0.030027	 -0.050446	 -0.030329	 -0.040475	 -0.030427
  0.079611	 -0.009357	 -0.018465	 -0.058682	 -0.009043	 -0.048805	 -0.009110
  0.055253	  0.003725	 -0.009184	 -0.009585	  0.005527	 -0.079942	 -0.003028
  0.018985	 -0.013095	 -0.010071	  0.010307	  0.024691	 -0.064136	  0.020665
  0.017559	  0.004105	 -0.003103	  0.008248	  0.034954	 -0.031162	  0.029122
  0.047492	  0.012752	 -0.005225	  0.001723	  0.005686	 -0.032651	  0.007076
  0.006124	 -0.022977	  0.009061	 -0.016649	  0.004229	 -0.031891	 -0.009838
 -0.004804	 -0.029281	  0.010264	 -0.043129	  0.016297	 -0.037497	 -0.028495
 -0.027261	 -0.039258	 -0.006777	 -0.026595	  0.006509	 -0.039144	 -0.016775
 -0.024506	 -0.043218	 -0.020619	 -0.035115	 -0.000744	 -0.057579	  0.010909
 -0.032171	 -0.061558	 -0.015583	 -0.030554	  0.028745	 -0.081684	  0.002008
 -0.066349	 -0.026842	  0.010898	 -0.034735	  0.031945	 -0.071485	 -0.012341
 -0.108255	 -0.019556	  0.011690	 -0.061786	  0.002360	 -0.100975	 -0.035210
 -0.089567	 -0.018923	  0.008839	 -0.086651	 -0.033085	 -0.139967	 -0.069610
 -0.108794	 -0.021362	  0.013242	 -0.106385	 -0.029094	 -0.131636	 -0.088425
 -0.077879	 -0.029946	  0.002441	 -0.131155	 -0.085761	 -0.120360	 -0.137617
 -0.063973	 -0.049363	 -0.016850	 -0.148133	 -0.140021	 -0.130116	 -0.153011
 -0.072589	 -0.059087	 -0.016850	 -0.156558	 -0.138912	 -0.152764	 -0.151997
 -0.028623	 -0.075400	 -0.001329	 -0.173726	 -0.136726	 -0.131193	 -0.150635
 -0.015130	 -0.056173	 -0.035348	 -0.166948	 -0.131120	 -0.149660	 -0.157794
 -0.008731	 -0.046417	 -0.040765	 -0.146771	 -0.083322	 -0.139808	 -0.154436
 -0.011867	 -0.051770	 -0.066263	 -0.122856	 -0.061593	 -0.151750	 -0.136825
  0.009830	 -0.041634	 -0.065376	 -0.091846	 -0.047972	 -0.119315	 -0.113258
  0.043406	 -0.037991	 -0.050711	 -0.064162	 -0.056113	 -0.147822	 -0.073221
  0.076539	 -0.003655	 -0.059358	 -0.061501	 -0.068371	 -0.135912	 -0.074614
  0.092376	  0.015603	 -0.081879	 -0.069736	 -0.022569	 -0.169552	 -0.055673
  0.084711	  0.039772	 -0.061575	 -0.071225	  0.012464	 -0.145162	 -0.018771
  0.052465	  0.042812	 -0.019067	 -0.066949	  0.016645	 -0.151148	 -0.015287
  0.027727	  0.014685	  0.018690	 -0.062419	 -0.008030	 -0.186561	 -0.023174
  0.049741	 -0.012746	  0.030917	 -0.093398	 -0.010659	 -0.169330	 -0.024821
  0.047144	 -0.025828	  0.012798	 -0.080221	 -0.020130	 -0.142374	 -0.036287
  0.039985	 -0.017529	  0.011151	 -0.054817	 -0.026845	 -0.148139	 -0.049052
  0.010781	 -0.013443	 -0.016343	 -0.017187	 -0.031469	 -0.144338	 -0.007304
 -0.001604	 -0.016389	 -0.044471	 -0.001508	 -0.086426	 -0.152320	  0.009103
 -0.012944	 -0.045625	 -0.082164	  0.036376	 -0.090639	 -0.120011	 -0.003757
 -0.032393	 -0.036851	 -0.119066	  0.042933	 -0.087630	 -0.097585	  0.016896
 -0.013356	 -0.005904	 -0.121156	  0.069160	 -0.068086	 -0.079150	  0.001375
 -0.022288	  0.022445	 -0.080644	  0.035869	 -0.020858	 -0.078390	  0.019841
 -0.003822	  0.021368	 -0.052263	  0.061906	 -0.014206	 -0.036832	  0.053924
 -0.043004	  0.043604	 -0.011528	  0.040050	 -0.021397	 -0.020614	  0.063300
 -0.027863	  0.045726	 -0.002121	 -0.016332	 -0.030583	 -0.021628	  0.068780
 -0.027895	  0.060107	  0.042415	 -0.059600	 -0.038850	 -0.044751	  0.065391
 -0.031696	  0.013829	  0.047895	 -0.081425	 -0.022157	 -0.026569	  0.087025
 -0.003378	 -0.020918	  0.060375	 -0.118643	 -0.035397	 -0.017383	  0.114075
  0.018636	 -0.029027	  0.020084	 -0.091181	 -0.046864	  0.013247	  0.133207
  0.028709	 -0.009199	 -0.007505	 -0.097389	 -0.038501	  0.027532	  0.138719
  0.022849	 -0.036880	 -0.031766	  0.006421	  0.013259	 -0.022151	 -0.046141
  0.005333	 -0.042043	 -0.032209	  0.028213	 -0.011194	 -0.013535	 -0.024634
  0.016704	 -0.020155	 -0.044309	  0.032141	  0.016332	  0.008765	 -0.005787
 -0.016745	 -0.010019	 -0.042218	  0.024444	  0.001666	 -0.013725	  0.001625
 -0.023935	 -0.000706	 -0.020489	  0.014181	 -0.015692	 -0.047332	  0.003240
 -0.010283	  0.010982	 -0.012507	 -0.012395	  0.013038	 -0.049170	  0.009164
  0.011509	 -0.001657	  0.014987	 -0.013250	  0.002775	 -0.048568	  0.036119
  0.016862	  0.006991	  0.015241	 -0.012363	  0.000399	 -0.057025	  0.030228
 -0.011170	  0.016335	 -0.005792	  0.018616	  0.013703	 -0.037481	  0.040332
 -0.004835	  0.023145	  0.030318	  0.021308	  0.011390	 -0.018793	  0.056328
  0.012301	  0.024412	  0.017901	  0.028973	 -0.011194	 -0.050056	  0.034441
 -0.003156	  0.038983	  0.020182	  0.030621	  0.001698	 -0.070772	  0.025635
  0.014677	  0.023747	  0.024046	  0.014213	  0.035527	 -0.040332	  0.088605
  0.015247	  0.011742	  0.021607	  0.009588	  0.015318	 -0.008087	 -0.011774
  0.026207	 -0.006788	  0.037097	  0.014815	  0.015730	  0.055042	  0.017938
  0.008848	 -0.031273	  0.004534	 -0.014834	 -0.010466	  0.086179	 -0.009525
  0.009830	 -0.001308	 -0.004145	 -0.034060	 -0.020443	  0.046648	 -0.090645
 -0.037112	 -0.006313	 -0.000692	 -0.051038	 -0.009008	  0.086939	 -0.010760
 -0.038158	  0.005090	 -0.000280	 -0.050088	 -0.024149	  0.108795	 -0.010918
 -0.014971	 -0.004286	  0.008494	 -0.055505	 -0.038688	  0.084659	 -0.133470
 -0.032995	  0.013579	  0.028703	 -0.036563	 -0.009547	  0.107306	 -0.023145
 -0.015858	  0.021561	  0.052966	 -0.044197	  0.010377	  0.111678	  0.031590
  0.001500	  0.018299	  0.070387	 -0.038083	 -0.024783	  0.040757	 -0.144018
  0.011921	 -0.028644	  0.101302	 -0.022531	 -0.010687	  0.007941	 -0.032964
 -0.003790	 -0.055821	  0.097945	 -0.013852	  0.019088	  0.042911	  0.038748
  0.019333	 -0.074035	  0.091135	 -0.008530	  0.002331	 -0.018983	 -0.128434
  0.018573	 -0.054396	  0.116190	 -0.004888	  0.003408	  0.005629	 -0.085862
  0.026238	 -0.060288	  0.074600	 -0.011761	  0.020703	  0.041390	  0.014073
  0.024211	 -0.055410	  0.053093	 -0.053129	  0.029667	 -0.032793	 -0.136416
  0.034949	 -0.034599	  0.031775	 -0.065577	  0.041450	 -0.071596	 -0.105849
  0.008310	 -0.031210	  0.004534	 -0.059401	  0.084529	 -0.023069	  0.071881
  0.032383	 -0.020218	 -0.038893	 -0.096366	  0.048641	 -0.046446	 -0.020801
  0.018541	  0.002905	 -0.056536	 -0.083252	  0.016807	 -0.043278	 -0.017824
 -0.028560	 -0.002924	 -0.053368	 -0.079515	  0.011422	  0.009303	  0.133679
 -0.043257	  0.034105	 -0.089700	 -0.036753	 -0.004732	 -0.069600	 -0.022702
 -0.049434	  0.056278	 -0.071581	 -0.045844	  0.004295	 -0.095827	 -0.095302
 -0.006387	  0.055644	 -0.060020	 -0.046097	  0.053012	 -0.049645	  0.044988
 -0.013102	  0.056309	 -0.001832	 -0.052400	  0.074171	 -0.099090	 -0.001226
 -0.033660	  0.015606	  0.011345	 -0.025667	  0.053772	 -0.101877	 -0.099989
 -0.027388	 -0.010969	  0.011535	  0.004013	  0.050066	 -0.032793	  0.104538
 -0.032836	 -0.020155	  0.030666	  0.013453	  0.024472	 -0.041377	  0.020187
 -0.022890	  0.001701	  0.034372	  0.048897	 -0.003370	 -0.047966	 -0.101763
 -0.012279	  0.019788	  0.035830	  0.067681	  0.002458	  0.040408	  0.038748
 -0.004835	  0.039268	  0.047233	  0.072432	 -0.013791	  0.054757	  0.027915
  0.007391	  0.052350	  0.068804	  0.048232	 -0.042743	  0.009208	 -0.104709
 -0.021750	  0.059984	  0.105737	  0.064862	 -0.029217	  0.028530	 -0.007846
 -0.016492	  0.059287	  0.097976	  0.088681	 -0.029154	  0.028752	  0.021264
  0.003527	  0.035023	  0.113339	  0.065717	 -0.089052	 -0.006566	 -0.100433
  0.002894	  0.035277	  0.107447	  0.044304	 -0.096432	  0.006547	  0.000896
 -0.012406	  0.055929	  0.107796	  0.011235	 -0.084269	  0.043481	  0.064152
 -0.057796	  0.074491	  0.117742	 -0.008815	 -0.083445	  0.012661	 -0.106166
 -0.047502	  0.085704	  0.106877	 -0.021707	 -0.046069	 -0.003874	 -0.052793
 -0.071892	  0.063341	  0.073998	 -0.017906	 -0.013285	  0.041010	  0.062632
 -0.049529	  0.054409	  0.047391	 -0.039635	 -0.036629	 -0.051260	 -0.089347
 -0.029890	  0.056278	  0.028893	 -0.028169	 -0.030073	 -0.048789	 -0.065020
 -0.016555	  0.094098	  0.007037	 -0.014834	 -0.025511	  0.024222	  0.084044
 -0.032171	  0.046205	 -0.011208	 -0.034029	 -0.033113	 -0.028866	 -0.065812
 -0.051746	  0.027358	  0.026169	 -0.028802	 -0.019778	 -0.059401	 -0.083708
 -0.032203	  0.035879	 -0.008453	 -0.032540	 -0.007235	 -0.000136	  0.048473
 -0.020419	  0.053395	 -0.021883	 -0.047491	  0.014811	 -0.056202	 -0.058305
 -0.030682	  0.082790	 -0.027774	 -0.046002	  0.019436	 -0.066813	 -0.089283
 -0.045760	  0.048200	 -0.039621	 -0.057532	  0.026500	 -0.012901	  0.109701
 -0.044144	  0.028942	 -0.034775	 -0.047998	  0.012467	 -0.055346	  0.035993
 -0.038696	  0.017444	 -0.020521	  0.000117	 -0.004764	 -0.058387	 -0.065083
 -0.009111	  0.026123	 -0.030118	  0.023905	  0.016680	 -0.010621	  0.114928
 -0.030746	  0.032394	 -0.032209	  0.009651	  0.007874	 -0.055948	  0.098551
 -0.053900	  0.014593	 -0.051404	 -0.001055	  0.003408	 -0.070360	 -0.012059
 -0.024221	  0.032394	 -0.018050	  0.045064	  0.033088	  0.015670	  0.122023
 -0.004043	  0.034041	 -0.013647	  0.045286	  0.041989	  0.057830	  0.085533
 -0.010917	  0.006991	 -0.031481	  0.042245	  0.045441	  0.025299	 -0.093179
  0.006283	 -0.004792	  0.004059	  0.024982	  0.031599	  0.051305	  0.026268
  0.030673	 -0.012173	  0.023064	  0.011710	  0.023744	  0.045793	  0.055885
  0.069792	 -0.006630	  0.050495	  0.038539	 -0.036503	 -0.007517	 -0.092609
  0.061049	 -0.018159	  0.061867	  0.053807	 -0.009769	  0.046078	  0.026934
  0.074797	 -0.020187	  0.067283	  0.050323	  0.026595	  0.072780	  0.066464
  0.111508	 -0.013978	  0.087144	  0.025584	  0.018391	 -0.007485	 -0.069391
  0.108847	 -0.018223	  0.071781	  0.021625	  0.042020	  0.021878	 -0.017317
  0.093422	 -0.012585	  0.056133	  0.030969	  0.093366	  0.077785	  0.063043
  0.085376	 -0.025508	  0.082234	  0.027200	  0.066410	  0.003095	 -0.077183
  0.062380	 -0.003906	  0.063640	  0.020231	  0.048451	 -0.033269	 -0.070595
  0.054271	  0.026376	  0.044445	  0.008955	  0.038600	  0.014529	  0.088732
  0.046732	  0.042879	  0.071433	  0.006674	  0.010155	 -0.046034	 -0.042404
 -0.013736	  0.045064	  0.068455	  0.000149	 -0.018258	 -0.095035	 -0.097329
 -0.028655	  0.036449	  0.059713	  0.041770	 -0.011542	 -0.054808	  0.086895
 -0.032488	  0.018489	  0.061898	  0.017063	  0.007178	 -0.046541	 -0.043924
  0.002102	  0.018774	  0.040074	 -0.003494	  0.007051	 -0.077234	 -0.109207
  0.046447	 -0.003589	  0.017743	 -0.014358	  0.049369	  0.003538	  0.060288
  0.027917	  0.016905	  0.035069	  0.007339	  0.037016	 -0.016861	  0.001593
  0.015912	 -0.008879	  0.035703	  0.005534	  0.027101	 -0.072039	 -0.089537
 -0.018582	 -0.001372	  0.069120	  0.003633	  0.048672	 -0.018064	  0.111918
 -0.030175	  0.013262	  0.069532	 -0.025381	  0.018201	 -0.014232	  0.083474
 -0.030746	  0.011964	  0.046916	 -0.013725	  0.000684	 -0.053287	 -0.024602
 -0.051620	  0.025552	  0.056228	 -0.013788	  0.030617	  0.036069	  0.144037
 -0.053900	 -0.003050	  0.070799	 -0.034884	  0.015287	  0.041453	  0.132096
 -0.067014	 -0.043880	  0.077451	 -0.023544	 -0.013126	 -0.022816	 -0.023462
 -0.061091	 -0.030956	  0.045776	 -0.012141	 -0.011067	  0.027548	  0.091678
 -0.077498	 -0.028201	  0.038332	 -0.029563	 -0.018669	  0.007656	  0.087718
 -0.082820	 -0.024051	  0.007512	 -0.036594	 -0.021267	 -0.039002	 -0.059793
 -0.049181	 -0.036214	 -0.002434	  0.010538	 -0.008217	 -0.037988	  0.041061
 -0.015478	 -0.017621	  0.014164	  0.047535	 -0.000203	  0.027105	  0.130987
 -0.030714	 -0.005204	  0.014354	  0.052001	 -0.020380	 -0.007833	 -0.044431
 -0.040787	 -0.007453	  0.016444	  0.035594	 -0.003624	  0.044209	  0.018159
  0.017242	 -0.011159	  0.010046	  0.029100	  0.013291	  0.113990	  0.108592
  0.010781	  0.014624	  0.026327	  0.006832	 -0.006791	  0.071672	 -0.061187
 -0.005247	  0.000434	  0.028037	 -0.007865	 -0.018194	  0.061852	 -0.043101
 -0.033311	 -0.001498	  0.028829	  0.035118	 -0.040019	  0.081206	  0.098045
 -0.040502	  0.014751	  0.024331	  0.044716	 -0.069350	  0.031507	 -0.037082
 -0.047629	  0.014878	  0.005041	  0.064608	 -0.058707	  0.021086	 -0.080066
 -0.076802	  0.032901	  0.004091	  0.074301	  0.018169	  0.076898	  0.070329
 -0.034040	  0.032204	  0.002570	  0.050449	  0.026373	  0.021878	 -0.023209
 -0.043479	  0.029037	 -0.016150	  0.022258	  0.004960	 -0.023893	 -0.111963
 -0.041452	  0.009556	 -0.033413	 -0.009924	  0.030079	  0.011805	  0.030830
 -0.007844	 -0.001308	 -0.027806	 -0.029373	  0.060836	  0.000054	 -0.059223
  0.016451	 -0.014263	 -0.040635	 -0.006408	  0.023427	 -0.031336	 -0.169929
  0.028424	 -0.025191	 -0.039526	  0.002525	  0.028178	  0.038856	 -0.020294
  0.047492	 -0.029214	 -0.037626	  0.007941	  0.007368	  0.020421	 -0.075441
  0.049931	  0.001353	 -0.049250	 -0.032572	 -0.003085	 -0.030861	 -0.203314
  0.047366	  0.005280	 -0.043961	 -0.000390	  0.063401	  0.005787	 -0.017475
  0.061081	 -0.008594	 -0.068826	  0.007149	  0.085574	 -0.051830	 -0.020453
  0.082747	 -0.000390	 -0.095845	 -0.003050	  0.055736	 -0.103366	 -0.087921
  0.059972	  0.026946	 -0.064201	 -0.043215	  0.072207	 -0.052242	  0.076981
  0.022976	  0.001923	 -0.057866	 -0.057215	  0.034830	 -0.045559	  0.037133
 -0.000116	  0.007498	 -0.048490	 -0.055030	  0.015128	 -0.069885	 -0.076170
  0.017971	  0.021561	 -0.049472	 -0.014010	  0.044143	 -0.015911	  0.015404
  0.031370	  0.039236	 -0.038449	  0.008321	  0.011295	  0.015448	  0.067858
  0.019080	  0.009113	 -0.070156	  0.046205	  0.010313	 -0.019712	  0.004476
  0.033650	 -0.004761	 -0.049029	  0.040091	  0.052663	 -0.010209	  0.059622
  0.099186	 -0.037196	 -0.007819	  0.013959	  0.073696	 -0.010969	  0.075143
  0.076222	 -0.024748	  0.007829	  0.031254	  0.046487	 -0.030259	  0.065166
  0.090793	 -0.022119	  0.013815	  0.040472	 -0.005588	 -0.028201	  0.058736
  0.076507	 -0.011128	  0.029241	  0.042150	 -0.033620	 -0.004286	  0.123480
  0.044610	  0.028815	  0.040391	  0.058336	 -0.009610	  0.014498	  0.119742
  0.071597	  0.064767	  0.029970	  0.074301	 -0.011131	 -0.000928	  0.109321
  0.041506	  0.028498	  0.026485	  0.070912	 -0.007140	  0.028847	  0.099787
  0.011446	  0.031001	  0.033200	  0.048517	 -0.010687	  0.047947	  0.091678
 -0.030144	  0.051019	  0.054296	  0.046997	  0.015287	  0.050323	  0.061586
 -0.025424	  0.066857	  0.043115	  0.046648	  0.024757	  0.055201	  0.009512
 -0.031759	  0.093243	  0.058002	  0.041358	  0.006037	  0.062993	  0.022056
 -0.071733	  0.089695	  0.017299	  0.014783	 -0.039575	 -0.014517	  0.032572
 -0.060299	  0.049309	 -0.004525	  0.025648	 -0.027222	 -0.023576	  0.027725
 -0.043891	  0.003221	 -0.017353	  0.023715	 -0.010909	 -0.019712	 -0.006262
 -0.027927	 -0.004222	 -0.013774	 -0.007295	  0.005721	 -0.036278	 -0.014529
 -0.007338	  0.022005	 -0.007534	 -0.021770	  0.013481	 -0.030545	  0.011824
 -0.023049	  0.048232	  0.008684	 -0.016607	  0.026119	 -0.038273	  0.006630
 -0.037588	  0.048549	  0.036400	 -0.024811	  0.064003	 -0.021295	  0.006471
 -0.037651	  0.045951	  0.033929	 -0.022721	  0.037396	  0.007688	  0.006313
 -0.008668	  0.028815	  0.023666	 -0.038875	  0.020640	  0.012882	  0.024146
 -0.031506	  0.047820	  0.011978	 -0.017526	  0.019056	  0.030114	  0.022436
 -0.053964	  0.024919	  0.041943	 -0.009797	  0.032613	  0.032331	 -0.009873
 -0.061027	  0.021213	  0.025377	  0.010348	  0.015318	  0.016082	 -0.015321
 -0.042624	  0.032299	  0.019453	  0.013833	  0.026500	  0.036290	  0.008720
 -0.045443	  0.041549	  0.033897	  0.029354	  0.025391	  0.031159	  0.014390
 -0.042561	  0.043101	  0.006245	  0.032648	  0.049813	  0.022797	 -0.027295
 -0.006292	  0.034580	  0.007480	  0.054282	  0.046993	  0.040091	 -0.066604
  0.006631	  0.032553	 -0.017797	  0.054092	  0.041324	  0.020770	 -0.072432
 -0.032424	 -0.002163	 -0.033128	  0.064862	  0.043604	  0.009968	 -0.074998
 -0.023935	 -0.011824	 -0.037214	  0.055992	  0.050573	  0.026724	 -0.073160
 -0.023492	  0.004235	 -0.016720	  0.031983	  0.060360	  0.015258	 -0.088966
 -0.017790	  0.011932	  0.001842	  0.001384	  0.047912	  0.000086	 -0.130334
 -0.040090	  0.044051	  0.001145	 -0.021010	  0.024409	 -0.000833	 -0.095523
 -0.007274	  0.052983	  0.004281	  0.002810	  0.053962	 -0.021200	 -0.081586
  0.006346	  0.073034	  0.000733	 -0.006059	  0.054532	 -0.014390	 -0.055612
 -0.010125	  0.039458	  0.018345	  0.015511	  0.040437	 -0.022879	 -0.034802
 -0.004043	  0.027675	  0.016951	  0.029860	  0.032296	 -0.020060	 -0.024412
 -0.015858	  0.045730	  0.019073	  0.050354	  0.027355	 -0.041092	 -0.025457
 -0.031442	  0.036766	  0.006530	  0.062613	  0.029287	 -0.081827	 -0.037304
 -0.023872	  0.052318	  0.003552	  0.082251	  0.041989	 -0.106470	 -0.026661
 -0.055611	  0.079305	 -0.002149	  0.072464	  0.035337	 -0.081478	 -0.038983
 -0.042814	  0.090012	  0.012770	  0.096537	  0.039011	 -0.061808	 -0.024887
 -0.042022	  0.040186	  0.005009	  0.086844	  0.012214	 -0.045749	  0.015657
 -0.037366	  0.025014	 -0.027109	  0.110031	  0.012499	 -0.040839	  0.029468
 -0.003632	  0.033661	 -0.029833	  0.107528	 -0.000488	 -0.014390	  0.020693
  0.004762	  0.047694	 -0.005728	  0.089727	 -0.003402	 -0.009987	  0.032033
 -0.026850	  0.049151	  0.042323	  0.076993	  0.004390	 -0.012204	  0.061935
 -0.033216	  0.024666	  0.054486	  0.025362	 -0.031118	 -0.006091	  0.061713
 -0.037049	  0.016145	  0.012928	 -0.017019	 -0.044897	  0.018235	  0.054111
 -0.009587	  0.030367	 -0.031385	 -0.004381	 -0.067988	  0.017095	  0.073243
 -0.003442	  0.084120	 -0.025589	  0.036417	 -0.075558	 -0.029246	  0.045844
  0.009134	  0.081586	 -0.021218	  0.015511	 -0.060956	 -0.019173	  0.030164
  0.009989	  0.071767	 -0.001864	 -0.045685	 -0.044295	 -0.022499	  0.052527
  0.025636	  0.065052	 -0.020616	 -0.056043	 -0.049141	 -0.019173	  0.038273
  0.003495	  0.068694	 -0.048902	 -0.073876	 -0.038308	 -0.035676	  0.048473
  0.014392	  0.050164	 -0.030118	 -0.060256	 -0.008692	 -0.067985	  0.095574
  0.021075	  0.026819	 -0.030087	 -0.028074	  0.000779	 -0.066591	  0.145368
 -0.006926	  0.002144	 -0.026286	  0.017855	  0.021970	 -0.021010	  0.161585
 -0.012881	 -0.010874	 -0.033191	  0.052001	  0.022255	  0.001891	  0.136340
 -0.011360	  0.019376	  0.000131	  0.104202	 -0.006791	 -0.027852	  0.120059
 -0.008700	  0.016018	 -0.002244	  0.080287	 -0.024308	 -0.030418	  0.091044
 -0.009808	  0.009525	 -0.047128	  0.055549	 -0.014045	 -0.047237	  0.041758
 -0.040375	  0.012439	 -0.039146	  0.061156	 -0.007013	 -0.042043	  0.035676
 -0.049307	 -0.005901	  0.001493	  0.055201	 -0.028267	 -0.011128	  0.027757
 -0.033216	 -0.013060	  0.008050	  0.031951	 -0.018416	 -0.030640	  0.030735
 -0.051271	 -0.033395	 -0.021376	  0.006231	 -0.044960	 -0.007136	  0.011033
 -0.099671	 -0.016892	 -0.031797	 -0.002290	 -0.041286	  0.006167	 -0.038983
 -0.080666	 -0.012965	 -0.027046	 -0.027282	 -0.040272	 -0.024019	 -0.041517
 -0.031221	 -0.014612	  0.006467	 -0.009195	 -0.001850	  0.017982	 -0.065622
 -0.045126	  0.002493	  0.010458	  0.030716	  0.045695	  0.024824	 -0.086718
 -0.052602	  0.061377	  0.020024	  0.009810	  0.050098	  0.015733	 -0.070753
 -0.032456	  0.064671	  0.005200	 -0.001847	  0.036287	  0.028593	 -0.053807
 -0.037461	  0.068694	  0.001969	 -0.024653	  0.003472	  0.001162	 -0.085039
 -0.081394	  0.105026	  0.031617	 -0.015372	  0.031884	 -0.005046	 -0.085102
 -0.090517	  0.080351	  0.053536	 -0.005236	  0.039201	  0.006167	 -0.100306
 -0.085766	  0.050544	  0.029938	 -0.000896	  0.039423	  0.039490	 -0.062676
 -0.081806	  0.033218	  0.016634	 -0.005331	  0.037111	  0.025172	 -0.020041
 -0.108604	  0.052381	 -0.004810	 -0.006693	  0.018201	  0.011615	  0.033775
 -0.081458	  0.081649	 -0.025019	  0.026819	  0.041324	 -0.006566	  0.050943
 -0.098658	  0.031983	 -0.017607	  0.058622	  0.017029	 -0.016829	  0.043468
 -0.117156	  0.045888	 -0.021186	  0.049562	  0.032043	 -0.003082	  0.038432
 -0.097739	  0.031254	 -0.018335	  0.031507	  0.015223	 -0.017399	  0.043721
 -0.090707	  0.056056	 -0.015263	  0.022987	  0.024631	  0.010665	  0.014548
 -0.100716	  0.085165	  0.003299	  0.031001	  0.038885	  0.021181	 -0.011805
 -0.107463	  0.076423	  0.011091	  0.082916	  0.046740	  0.017159	 -0.007878
 -0.073317	  0.084912	  0.030635	  0.088998	  0.056749	  0.025933	 -0.036322
