:RUN-7	LEVEL SWEEP	TEMP:NaN	8/27/2019	4:09 PM	HR:-469.14:SW EAR: R	SW FREQ: 45.20	# AVERAGES: 512	REP RATE (/sec): 80	DRIVER: 	SAMPLE (µsec): 40	MASKER dB: 2147483647:NOTES-:CHAMBER-SEWELL-PXI1:CFTS Version: V2.7.2 (R850):LEVELS:20;30;40;50;60;70;80;:DATA  0.009116	 -0.054930	 -0.002338	  0.038256	 -0.010549	  0.056458	 -0.067660
 -0.033614	 -0.019738	  0.017649	  0.045953	  0.019067	  0.042964	 -0.055307
 -0.032347	 -0.020024	  0.033487	  0.009051	  0.008392	  0.014457	 -0.024518
 -0.045239	 -0.007480	  0.025537	  0.006169	  0.013239	  0.021995	 -0.003739
 -0.037257	  0.018240	  0.009604	  0.045446	  0.021094	  0.002167	  0.013080
 -0.022781	  0.024544	  0.000260	  0.036070	  0.012954	 -0.030427	  0.028981
  0.007437	  0.014217	 -0.007912	  0.050609	 -0.000984	 -0.031916	  0.012035
 -0.001748	  0.039273	 -0.005315	  0.059162	 -0.028003	 -0.020703	 -0.012608
  0.016750	  0.013647	  0.030731	  0.036229	 -0.025342	 -0.042686	 -0.003518
  0.018555	  0.032336	  0.018061	 -0.014135	 -0.002409	 -0.054976	  0.022805
  0.021850	  0.022326	  0.006088	  0.003730	 -0.027496	 -0.044935	  0.007315
  0.016085	  0.012950	 -0.014406	  0.003413	 -0.036206	 -0.016870	  0.003863
  0.016370	  0.028978	 -0.023687	  0.009970	 -0.010233	  0.045752	  0.029805
 -0.032632	  0.022865	 -0.005885	 -0.026457	  0.003419	  0.045974	  0.012130
 -0.035578	 -0.011345	  0.018663	 -0.043815	  0.015678	 -0.003250	  0.026859
  0.011080	 -0.048975	 -0.009845	 -0.030638	  0.009406	  0.011384	  0.011465
  0.027329	 -0.038142	 -0.019727	 -0.041661	  0.002342	 -0.000462	  0.035665
  0.027646	 -0.010458	 -0.029768	 -0.042453	  0.009279	 -0.007874	 -0.001522
  0.019569	 -0.003552	 -0.030212	 -0.065766	  0.012162	  0.003370	 -0.010708
  0.049407	 -0.014734	 -0.010985	 -0.079133	  0.014189	  0.009579	 -0.024423
  0.069838	 -0.021417	 -0.024954	 -0.087907	  0.013809	  0.016104	  0.021633
  0.042502	 -0.022843	 -0.009180	 -0.060920	  0.017356	  0.037231	  0.022330
  0.019601	 -0.007322	  0.005011	 -0.040679	  0.005415	  0.026493	  0.017261
 -0.010396	 -0.016096	  0.025220	 -0.036213	  0.041873	  0.032923	  0.003293
 -0.026930	 -0.027816	  0.000703	 -0.034312	  0.070159	  0.034032	  0.018655
 -0.052556	  0.026032	  0.037130	 -0.025253	  0.050109	  0.021552	  0.040479
 -0.066461	  0.030404	  0.032727	  0.007467	  0.057394	  0.039195	  0.007094
 -0.052366	  0.021566	  0.027215	  0.013929	  0.068480	  0.043028	  0.002786
 -0.032822	 -0.008335	  0.020152	 -0.005361	  0.076716	  0.040747	  0.021062
 -0.025157	 -0.021481	  0.023509	 -0.007325	  0.061449	  0.051802	  0.019320
 -0.010396	 -0.007100	  0.036401	 -0.027375	  0.061734	  0.057282	  0.023787
 -0.009509	 -0.005421	  0.060031	 -0.056485	  0.074689	  0.060417	  0.002469
  0.003510	 -0.006752	  0.068488	 -0.063327	  0.078205	  0.047747	  0.021031
 -0.024175	  0.001199	  0.061963	 -0.053951	  0.073327	  0.071282	  0.059548
 -0.023858	 -0.022621	  0.065923	 -0.046507	  0.092110	  0.084237	  0.071173
 -0.063800	 -0.038300	  0.044732	 -0.021230	  0.067720	  0.070712	  0.050330
 -0.057877	 -0.026644	 -0.002369	 -0.045272	  0.058218	  0.070142	  0.046688
  0.000849	 -0.023318	 -0.023338	 -0.021325	  0.049697	  0.080436	  0.059833
  0.003731	 -0.028164	 -0.054127	 -0.004252	  0.084793	  0.088799	  0.044977
  0.032714	 -0.020910	 -0.058118	  0.031984	  0.074720	  0.097319	  0.039878
  0.016021	 -0.028132	 -0.053240	  0.075221	  0.046118	  0.048222	  0.015868
 -0.000798	 -0.035386	 -0.044561	  0.031762	  0.043109	  0.021013	  0.000474
  0.002053	 -0.044002	 -0.017859	  0.008861	  0.049697	 -0.003693	 -0.030505
 -0.035768	 -0.034372	 -0.033791	  0.009558	  0.042918	 -0.029192	 -0.020527
 -0.009034	 -0.037160	 -0.059797	 -0.013470	  0.039181	  0.004637	 -0.029745
  0.007406	 -0.073967	 -0.074652	  0.007658	  0.017040	  0.010592	 -0.022206
  0.019157	 -0.052396	 -0.068824	  0.025079	 -0.009346	 -0.004865	 -0.015776
  0.010098	 -0.040454	 -0.065403	 -0.004791	 -0.020464	 -0.033848	 -0.042415
  0.012315	 -0.027341	 -0.044434	  0.010255	 -0.009948	 -0.051681	 -0.030093
  0.036705	 -0.037223	 -0.032271	  0.004680	 -0.044505	 -0.079904	 -0.013179
  0.047697	 -0.031015	 -0.002148	  0.015481	 -0.003803	 -0.100430	 -0.001522
  0.035945	 -0.054898	  0.013405	  0.003445	  0.005003	 -0.109616	  0.010515
  0.074304	 -0.058857	 -0.001324	 -0.029118	  0.021601	 -0.104706	 -0.001712
  0.060113	 -0.075170	 -0.001451	 -0.031366	 -0.009061	 -0.088615	  0.002057
  0.048710	 -0.067378	  0.032569	 -0.004126	 -0.009282	 -0.067868	  0.044756
  0.039398	 -0.037318	  0.041786	  0.015893	 -0.037062	 -0.018517	  0.043140
  0.029072	 -0.021576	  0.047804	  0.015101	 -0.024455	 -0.005816	  0.068164
  0.025682	 -0.034784	  0.016826	  0.040093	 -0.000287	  0.004986	  0.072915
  0.029515	  0.023878	  0.021070	  0.029799	 -0.014255	 -0.006924	  0.038452
 -0.000672	  0.025431	  0.043750	  0.023432	 -0.003644	 -0.000241	  0.062462
  0.002496	  0.011303	  0.051986	  0.018332	  0.004275	 -0.012309	  0.082481
  0.000469	  0.008294	  0.022179	  0.025427	 -0.044569	  0.005017	  0.053846
  0.002654	  0.005697	  0.018346	  0.029260	 -0.043080	  0.022946	  0.062335
 -0.015179	  0.006172	 -0.013962	  0.056944	 -0.008617	  0.061463	 -0.001427
 -0.025220	  0.041807	 -0.012600	  0.057039	 -0.035921	  0.014362	  0.002469
 -0.005074	  0.055934	  0.012328	  0.049976	 -0.025754	 -0.009902	  0.005763
 -0.021355	  0.064296	 -0.001134	  0.067682	  0.014442	 -0.025201	 -0.001205
  0.003731	  0.043929	 -0.029167	  0.041550	 -0.003993	 -0.000114	 -0.019735
  0.022642	  0.038322	  0.011853	  0.032523	 -0.023061	  0.006189	 -0.057429
  0.040506	  0.074115	  0.034152	  0.011585	 -0.017740	 -0.000304	 -0.051822
  0.041140	  0.071613	  0.021387	  0.003983	 -0.023726	 -0.015033	 -0.045456
  0.018777	  0.077410	 -0.023022	 -0.009225	 -0.030061	 -0.027228	 -0.034654
  0.029800	  0.050042	 -0.013424	 -0.021547	 -0.035541	 -0.013418	 -0.061958
  0.045891	  0.031449	 -0.040126	 -0.018063	 -0.029650	 -0.009933	 -0.066045
  0.024162	  0.027679	 -0.039113	 -0.014579	 -0.020749	  0.008470	 -0.063669
 -0.011536	  0.029453	 -0.044593	 -0.025950	  0.034493	  0.018955	 -0.045424
 -0.034596	  0.017417	 -0.063914	  0.011078	  0.035950	  0.000234	 -0.044600
 -0.056325	 -0.007005	 -0.077693	 -0.011284	  0.027429	  0.007140	 -0.039216
 -0.071117	 -0.055405	 -0.071865	 -0.022592	  0.008487	 -0.002585	 -0.004309
 -0.068488	 -0.032820	 -0.099169	 -0.022529	 -0.007255	 -0.023617	 -0.004056
 -0.053284	 -0.009792	 -0.103287	 -0.042548	  0.009818	 -0.011074	  0.031072
 -0.052397	  0.003733	 -0.073924	 -0.031557	  0.022805	  0.003149	  0.023343
 -0.018726	 -0.016508	 -0.030497	 -0.032285	  0.000410	  0.004574	  0.022393
 -0.021704	 -0.022177	 -0.018460	 -0.049263	  0.012035	  0.003275	  0.040796
 -0.026962	 -0.035291	 -0.004650	 -0.048313	  0.034525	 -0.011676	  0.004591
 -0.028546	 -0.053093	 -0.006424	 -0.031525	  0.055874	  0.016072	  0.003071
 -0.056864	 -0.040708	 -0.001451	  0.007151	  0.065788	 -0.017535	  0.021506
 -0.059556	 -0.063894	 -0.031321	  0.023305	  0.060720	 -0.017092	  0.020999
 -0.031555	 -0.028291	 -0.018080	  0.035120	  0.057204	  0.002072	  0.012193
 -0.022147	  0.041141	  0.008875	  0.015291	  0.051281	 -0.018327	  0.003356
 -0.048850	  0.040920	 -0.008799	  0.017699	  0.052041	 -0.028749	  0.025750
 -0.066176	  0.074084	  0.011378	  0.001639	  0.029551	 -0.023269	  0.022425
 -0.057054	  0.060844	  0.005138	  0.010983	  0.010863	 -0.013798	  0.019510
 -0.081412	  0.030023	 -0.007057	  0.020518	  0.009501	 -0.010472	  0.001867
 -0.083724	 -0.006435	 -0.018334	 -0.004949	  0.013650	 -0.004137	 -0.020369
 -0.051035	 -0.005580	  0.007038	 -0.013755	  0.007157	  0.033272	 -0.032786
 -0.032093	  0.008263	  0.020944	 -0.004759	  0.000632	  0.040272	  0.016881
  0.011048	  0.030499	 -0.001134	 -0.005995	 -0.000793	  0.009895	  0.069051
  0.013456	 -0.007924	 -0.001324	  0.013866	  0.016438	  0.003180	  0.083336
  0.014754	 -0.039029	  0.008337	 -0.002447	 -0.001839	 -0.007114	  0.084001
  0.011397	 -0.043463	 -0.002781	 -0.034597	 -0.017423	 -0.002616	  0.065598
  0.031479	 -0.025282	 -0.020646	 -0.028991	 -0.002472	  0.004194	  0.062779
  0.009211	 -0.020309	 -0.029230	 -0.010587	 -0.024930	 -0.005309	  0.082544
 -0.014514	 -0.014164	 -0.052290	  0.005314	 -0.047895	 -0.005689	  0.035316
 -0.023446	  0.016973	 -0.046905	  0.000879	 -0.019102	  0.007773	  0.015583
  0.008894	 -0.005833	 -0.035312	 -0.011379	 -0.024233	 -0.007811	  0.020334
  0.012822	  0.022263	 -0.016053	 -0.015751	  0.022836	  0.003655	  0.067847
  0.004143	  0.035883	 -0.022198	 -0.044258	  0.036203	 -0.020260	  0.095690
  0.009496	  0.044816	 -0.016655	 -0.055091	  0.038737	 -0.019816	  0.075544
  0.010288	  0.011810	 -0.060620	 -0.037195	  0.023501	 -0.025803	  0.054733
 -0.007862	  0.003606	 -0.062901	 -0.046095	  0.022710	 -0.068121	  0.042570
 -0.018663	 -0.015969	 -0.021501	 -0.060223	  0.016881	 -0.069230	  0.051439
 -0.064149	 -0.009001	 -0.010098	 -0.046887	  0.054290	 -0.021305	  0.040543
 -0.042039	 -0.008525	 -0.034837	 -0.041788	  0.036362	 -0.001539	  0.051122
 -0.040202	 -0.020689	 -0.013139	 -0.003999	  0.034144	 -0.027513	  0.026036
 -0.024523	 -0.018757	  0.018631	  0.002083	  0.012003	 -0.018993	  0.040670
 -0.024903	  0.010448	  0.016541	 -0.023194	  0.015171	  0.020222	  0.053498
 -0.039442	  0.003321	  0.037066	 -0.021547	 -0.001680	 -0.016807	  0.043932
 -0.068995	 -0.038965	  0.066873	 -0.022973	 -0.023600	 -0.042242	  0.066802
 -0.079163	 -0.027341	  0.041469	 -0.054806	 -0.039089	 -0.034007	  0.045706
 -0.040677	 -0.041943	  0.043718	 -0.058195	 -0.030093	 -0.034102	  0.010926
  0.011809	 -0.074885	  0.039791	 -0.040109	 -0.052804	 -0.033310	 -0.011785
  0.005632	 -0.087840	  0.034564	 -0.035104	 -0.034116	 -0.018011	 -0.035985
  0.011428	 -0.074600	  0.051510	 -0.015624	 -0.022333	  0.015122	 -0.054325
  0.003890	 -0.038712	  0.030890	 -0.000483	  0.007062	  0.023833	 -0.081122
  0.014279	 -0.020182	  0.016984	 -0.020470	  0.023628	  0.043376	 -0.094236
 -0.017396	 -0.034214	  0.020374	 -0.041629	  0.055335	  0.027095	 -0.072190
 -0.015306	 -0.043812	  0.015939	 -0.057087	  0.044914	  0.013126	 -0.042447
 -0.047234	 -0.016223	  0.029148	 -0.034756	  0.040036	  0.028109	 -0.034369
 -0.073556	 -0.035038	  0.023034	 -0.013692	  0.044407	  0.022375	 -0.001459
 -0.084168	 -0.064591	  0.037478	 -0.010873	  0.022361	  0.018955	 -0.005671
 -0.082521	 -0.074600	  0.011695	  0.000562	  0.028443	  0.050440	 -0.057682
 -0.053506	 -0.083057	  0.042641	 -0.031176	  0.019827	  0.025923	 -0.071810
 -0.035831	 -0.078433	  0.014767	 -0.027217	  0.025497	  0.013063	 -0.078176
 -0.034152	 -0.039187	  0.028229	 -0.033679	  0.024864	  0.049014	 -0.075737
 -0.047076	 -0.051762	  0.082932	 -0.033552	  0.030122	  0.035046	 -0.074058
 -0.002730	 -0.051667	  0.047266	  0.007119	 -0.006590	  0.027570	 -0.088439
  0.020583	 -0.032124	 -0.011840	  0.030084	 -0.008079	  0.034665	 -0.061420
  0.026348	 -0.067220	 -0.051846	 -0.010809	 -0.005355	  0.030199	 -0.028288
  0.020741	 -0.061550	 -0.063503	 -0.040236	 -0.022586	  0.020317	 -0.016124
  0.002243	 -0.058826	 -0.039081	 -0.019393	 -0.018753	  0.022819	 -0.033292
 -0.024396	 -0.057337	 -0.033221	 -0.050530	  0.034841	  0.019810	 -0.035130
 -0.026519	 -0.062247	 -0.082603	 -0.013153	  0.048620	 -0.030427	 -0.019704
  0.018397	 -0.092212	 -0.055964	 -0.017778	  0.039878	 -0.022223	  0.002469
  0.037180	 -0.052396	 -0.037561	 -0.048915	  0.072820	 -0.036066	  0.015899
  0.028755	 -0.049608	 -0.071865	 -0.046476	  0.047385	 -0.068311	 -0.036840
 -0.001210	 -0.018440	 -0.052353	 -0.032665	  0.034525	 -0.090294	 -0.037093
 -0.006753	 -0.003046	 -0.019379	 -0.029276	  0.017483	 -0.071764	 -0.056162
  0.006107	 -0.011440	  0.007925	 -0.024588	 -0.038772	 -0.102900	 -0.083688
  0.015103	 -0.011915	  0.018251	  0.002526	 -0.044569	 -0.089248	 -0.092620
  0.001134	 -0.012897	  0.017523	  0.015640	 -0.035510	 -0.118896	 -0.099209
  0.013202	 -0.018757	  0.018631	 -0.001053	 -0.043587	 -0.119372	 -0.126038
  0.025936	 -0.040834	  0.024650	  0.011649	 -0.019799	 -0.116299	 -0.093729
  0.029103	 -0.033834	  0.013690	 -0.003587	 -0.006653	 -0.084560	 -0.054293
  0.008198	 -0.033739	  0.024935	 -0.036720	  0.011560	 -0.068153	 -0.049637
  0.015641	 -0.007543	  0.059588	 -0.023226	  0.030027	 -0.079872	 -0.072570
 -0.000323	 -0.009507	  0.050053	 -0.002384	  0.004465	 -0.089850	 -0.039374
 -0.020817	  0.003353	  0.053474	  0.021088	 -0.011341	 -0.080854	 -0.041876
 -0.005106	  0.002086	  0.056008	 -0.002098	 -0.015269	 -0.060994	 -0.054800
  0.018936	 -0.016729	  0.070769	 -0.037765	 -0.008332	 -0.025328	 -0.014097
  0.026094	 -0.005168	  0.051130	 -0.029244	 -0.001902	  0.002958	  0.007030
  0.015134	 -0.009856	  0.071593	 -0.004094	 -0.011563	  0.001565	 -0.029016
 -0.012518	 -0.009032	  0.085340	 -0.021927	 -0.020781	 -0.044586	 -0.068325
 -0.013722	 -0.011725	  0.039157	 -0.062725	 -0.035446	 -0.092638	 -0.089453
 -0.008115	 -0.002697	  0.027342	 -0.095572	 -0.085652	 -0.097832	 -0.110738
  0.005505	 -0.024807	  0.036370	 -0.066304	 -0.107349	 -0.085384	 -0.092208
 -0.008274	 -0.051636	  0.031080	 -0.066653	 -0.083973	 -0.089660	 -0.088154
 -0.023288	 -0.074220	  0.005676	 -0.038969	 -0.034496	 -0.093081	 -0.100507
 -0.048311	 -0.101302	 -0.040823	 -0.010841	 -0.033736	 -0.055704	 -0.088281
 -0.034089	 -0.110203	 -0.069964	 -0.035421	 -0.017011	 -0.046202	 -0.098163
 -0.023921	 -0.090469	 -0.053145	 -0.035326	 -0.012228	 -0.007178	 -0.096738
 -0.022179	 -0.110076	 -0.077281	 -0.053381	 -0.045487	  0.025480	 -0.125911
 -0.018631	 -0.098673	 -0.083521	 -0.056612	 -0.061578	 -0.004359	 -0.096643
 -0.024491	 -0.088917	 -0.096160	 -0.082174	 -0.079000	 -0.060202	 -0.070162
 -0.051954	 -0.060410	 -0.047000	 -0.068142	 -0.087774	 -0.062451	  0.017673
 -0.065448	 -0.073777	 -0.030339	 -0.080020	 -0.089738	 -0.068881	  0.042950
 -0.070104	 -0.085116	 -0.066924	 -0.090979	 -0.079982	 -0.043097	  0.027778
 -0.098992	 -0.070197	 -0.088970	 -0.080970	 -0.076054	 -0.018549	 -0.006178
 -0.111123	 -0.103520	 -0.046050	 -0.084011	 -0.089073	 -0.056623	 -0.022966
 -0.093417	 -0.075107	 -0.028723	 -0.078594	 -0.054356	 -0.063306	 -0.004214
 -0.099245	 -0.061613	 -0.016401	 -0.044132	 -0.020400	 -0.073569	 -0.038455
 -0.114386	 -0.042956	 -0.003921	 -0.060698	 -0.009061	 -0.083578	 -0.052773
 -0.079068	 -0.049323	  0.016794	 -0.049706	 -0.028129	 -0.110693	 -0.049035
 -0.099530	 -0.074854	  0.028292	 -0.022973	  0.011845	 -0.102710	 -0.036872
 -0.077928	 -0.082107	  0.027564	 -0.003207	  0.006777	 -0.101697	 -0.022839
 -0.056008	 -0.112230	  0.007038	  0.006834	 -0.009092	 -0.074804	 -0.020591
 -0.026487	 -0.156291	  0.031016	  0.030749	 -0.038899	 -0.074234	 -0.008301
 -0.050877	 -0.155911	  0.026012	 -0.008212	 -0.024740	 -0.047152	  0.022900
 -0.058954	 -0.141942	  0.004916	 -0.022181	 -0.003137	 -0.065650	  0.002881
 -0.075774	 -0.133199	 -0.020456	 -0.020027	 -0.022206	 -0.093398	  0.004876
 -0.102951	 -0.126421	 -0.011492	 -0.038779	 -0.005862	 -0.070782	 -0.040609
 -0.123984	 -0.108176	 -0.000247	 -0.039190	  0.004560	 -0.050668	 -0.049478
 -0.146885	 -0.122778	 -0.015388	 -0.036561	  0.003483	 -0.047215	 -0.039659
 -0.116381	 -0.111439	  0.000006	 -0.062598	 -0.021002	 -0.058207	 -0.014636
 -0.104567	 -0.083089	 -0.008641	 -0.056580	 -0.057651	 -0.052252	 -0.015047
 -0.099182	 -0.073682	 -0.022230	 -0.068775	 -0.080805	 -0.048672	 -0.038550
 -0.101272	 -0.061645	 -0.025176	 -0.053001	 -0.081851	 -0.049021	 -0.069656
 -0.112517	 -0.058034	 -0.027076	 -0.096142	 -0.082674	 -0.065967	 -0.087964
 -0.109254	 -0.028988	 -0.037687	 -0.125727	 -0.099652	 -0.038631	 -0.082231
 -0.120309	 -0.012105	 -0.026696	 -0.091898	 -0.107508	 -0.036224	 -0.101774
 -0.148627	 -0.025725	 -0.011523	 -0.087115	 -0.089263	 -0.065334	 -0.094109
 -0.149450	 -0.027626	 -0.016718	 -0.068427	 -0.060248	 -0.100937	 -0.080235
 -0.156799	 -0.011154	 -0.033126	 -0.060128	 -0.058252	 -0.101823	 -0.096295
 -0.127468	  0.014629	 -0.068032	 -0.055471	 -0.048687	 -0.070528	 -0.107856
 -0.075584	  0.012000	 -0.089888	 -0.047077	 -0.017233	 -0.070180	 -0.086602
 -0.039410	 -0.010964	 -0.087132	 -0.061648	 -0.029618	 -0.048229	 -0.062592
 -0.049768	 -0.010869	 -0.063851	 -0.095889	 -0.059329	 -0.006512	 -0.072950
 -0.050275	 -0.045364	 -0.066829	 -0.111917	 -0.064366	 -0.026563	 -0.067058
 -0.015527	 -0.071876	 -0.083521	 -0.080907	 -0.090561	 -0.016680	 -0.074185
 -0.023763	 -0.080428	 -0.040696	 -0.067096	 -0.117644	 -0.046012	 -0.042130
 -0.056230	 -0.108493	 -0.040411	 -0.040204	 -0.141780	 -0.057573	 -0.010898
 -0.068457	 -0.096234	 -0.059258	 -0.029783	 -0.122585	 -0.060107	 -0.044474
 -0.060253	 -0.058066	 -0.032112	 -0.023511	 -0.114888	 -0.060075	 -0.071905
 -0.038172	  0.010302	 -0.067576	 -0.065414	  0.035773	 -0.028251	  0.006451
 -0.032755	 -0.004427	 -0.022312	 -0.073301	  0.065516	 -0.046496	 -0.000455
 -0.041371	 -0.005155	 -0.013696	 -0.122176	  0.067131	 -0.052324	 -0.001912
 -0.032470	 -0.018839	 -0.002578	 -0.090469	  0.042583	 -0.062587	 -0.013948
 -0.023094	 -0.025427	  0.016268	 -0.065193	  0.025098	 -0.057329	  0.009967
 -0.010139	 -0.034518	  0.006227	 -0.061328	  0.020822	 -0.024862	  0.011867
 -0.011976	 -0.019377	 -0.019303	 -0.020245	  0.031085	  0.019325	 -0.017496
 -0.010773	  0.013533	 -0.024434	 -0.000670	  0.016165	 -0.002594	 -0.047397
 -0.021542	  0.009827	  0.001539	 -0.011946	 -0.002460	 -0.015264	 -0.025826
 -0.014162	  0.011728	 -0.007393	 -0.042988	 -0.028750	  0.043778	  0.108318
  0.034174	  0.014642	 -0.000805	 -0.017458	 -0.035972	  0.070417	  0.177149
  0.033731	  0.007990	  0.002775	 -0.000733	 -0.042656	  0.040199	  0.027166
  0.038261	 -0.007658	 -0.004162	  0.039273	 -0.041832	 -0.024577	 -0.120852
  0.029296	 -0.017635	  0.009522	  0.053527	 -0.022478	 -0.014092	 -0.114897
 -0.001714	 -0.005599	  0.011707	  0.042694	 -0.018392	  0.036335	  0.073666
  0.036518	 -0.034423	  0.029825	  0.083555	 -0.021180	  0.079857	  0.181108
  0.049790	  0.002257	  0.033120	  0.069934	  0.004572	  0.046281	  0.071322
  0.024514	  0.000673	  0.031061	  0.061287	 -0.017442	 -0.016880	 -0.127599
  0.005983	  0.045145	  0.016110	  0.107723	 -0.043067	 -0.036360	 -0.177266
 -0.014099	  0.056960	  0.004105	  0.113931	 -0.034515	  0.045426	 -0.019365
  0.000820	  0.053001	  0.038726	  0.097999	 -0.031728	  0.100921	  0.120387
  0.003133	  0.042009	  0.019151	  0.072215	 -0.037683	  0.059965	  0.071670
 -0.020402	  0.061331	  0.021748	  0.058563	 -0.042339	 -0.027238	 -0.094308
 -0.004723	  0.065544	 -0.009927	  0.043390	 -0.062453	 -0.098792	 -0.154270
 -0.019483	  0.084549	  0.000336	  0.049472	 -0.049561	 -0.048777	 -0.028931
 -0.004184	  0.103048	 -0.020063	  0.057391	 -0.004360	  0.024773	  0.175533
  0.001802	  0.086070	 -0.003687	  0.072373	  0.001785	  0.013655	  0.156465
  0.006649	  0.095477	 -0.008375	  0.044943	 -0.005881	 -0.109847	  0.008098
  0.030057	  0.112962	 -0.013601	  0.055871	 -0.022225	 -0.170600	 -0.094499
  0.027966	  0.104631	 -0.031783	  0.027616	 -0.014243	 -0.115833	 -0.006600
 -0.000035	  0.089681	 -0.023262	  0.036073	  0.008975	 -0.027744	  0.197168
 -0.003773	  0.076282	 -0.011226	  0.024575	  0.029913	 -0.001359	  0.225707
  0.020839	  0.079766	 -0.018289	  0.033761	  0.000740	 -0.053940	  0.074933
  0.020016	  0.077137	 -0.017022	  0.005697	 -0.015795	 -0.107313	 -0.092186
 -0.000257	  0.052431	 -0.029091	  0.001484	 -0.017474	 -0.087262	 -0.042488
  0.017323	  0.058607	 -0.067133	 -0.006245	  0.039605	 -0.033003	  0.124378
 -0.000763	  0.023194	 -0.037453	 -0.002285	  0.073625	 -0.041048	  0.209553
  0.009183	  0.062503	  0.007653	 -0.044794	  0.051610	 -0.076303	  0.062801
  0.034808	  0.021104	  0.002015	 -0.029368	  0.039954	 -0.119508	 -0.091679
  0.054795	  0.027090	 -0.022249	 -0.030381	  0.029501	 -0.087547	 -0.081702
  0.032654	  0.067191	 -0.052657	 -0.015462	  0.058230	 -0.017608	  0.095490
  0.048017	  0.059431	 -0.045498	 -0.023381	  0.087657	  0.028289	  0.242400
  0.056442	  0.057467	 -0.038752	  0.009846	  0.072072	 -0.007631	  0.172778
  0.040605	  0.068490	 -0.061273	  0.019666	  0.045529	 -0.089955	 -0.015025
  0.044152	  0.080527	 -0.077776	  0.024512	  0.054714	 -0.080199	 -0.073529
  0.045451	  0.070390	 -0.086233	  0.023340	  0.039669	 -0.011717	  0.080539
  0.054922	  0.051480	 -0.116134	  0.035123	  0.061493	  0.031045	  0.236350
  0.060687	  0.051639	 -0.088260	  0.012222	  0.069507	  0.043113	  0.187095
  0.064614	  0.072798	 -0.083192	  0.045006	  0.016799	 -0.023373	 -0.007043
  0.095149	  0.076535	 -0.078821	  0.060337	  0.007772	 -0.049949	 -0.117843
  0.082258	  0.102192	 -0.073214	  0.103700	  0.012998	 -0.022898	  0.023239
  0.088244	  0.095287	 -0.075337	  0.085835	  0.040682	  0.018407	  0.207716
  0.047605	  0.086323	 -0.062445	  0.098062	  0.024781	  0.020655	  0.211010
  0.003956	  0.097821	 -0.069603	  0.099551	  0.010274	 -0.021916	  0.063815
 -0.009918	  0.071404	 -0.074608	  0.090618	  0.001120	 -0.047225	 -0.083982
 -0.001048	  0.048566	 -0.066341	  0.115515	  0.012428	 -0.053686	 -0.042076
  0.010608	  0.066716	 -0.045435	  0.071645	  0.031750	  0.021162	  0.165904
  0.000630	  0.096649	 -0.056585	  0.052988	  0.019935	  0.024995	  0.218295
 -0.016569	  0.074413	 -0.073626	  0.036612	 -0.006704	 -0.046274	  0.071385
 -0.031488	  0.027312	 -0.060766	 -0.036653	 -0.037524	 -0.099774	 -0.124115
 -0.043842	  0.017999	 -0.048286	 -0.016603	 -0.042782	 -0.098729	 -0.103526
 -0.019198	  0.010809	 -0.058200	 -0.035291	 -0.009777	 -0.035980	  0.083738
 -0.019864	  0.038810	 -0.078757	 -0.016001	  0.012871	  0.012166	  0.186810
  0.000440	  0.054996	 -0.112333	 -0.014797	 -0.005310	 -0.051121	  0.086684
  0.011052	  0.101654	 -0.111098	 -0.008050	 -0.048579	 -0.101390	 -0.124875
  0.002943	  0.130288	 -0.088577	 -0.000670	 -0.051651	 -0.098095	 -0.130640
 -0.024488	  0.144099	 -0.085441	  0.006710	 -0.015130	 -0.039971	  0.016270
 -0.039629	  0.113849	 -0.090604	  0.045576	 -0.011202	  0.007098	  0.219847
 -0.042005	  0.110270	 -0.097984	  0.061635	 -0.013863	 -0.017577	  0.149655
 -0.004881	  0.107672	 -0.135298	  0.070346	 -0.017664	 -0.072470	 -0.033524
  0.019192	  0.113215	 -0.163774	  0.042852	  0.004224	 -0.137373	 -0.117051
  0.005318	  0.116288	 -0.132796	  0.026222	  0.044578	 -0.104019	  0.052190
 -0.002791	  0.151384	 -0.109007	  0.013584	  0.062348	 -0.040858	  0.240468
 -0.014194	  0.138999	 -0.071029	 -0.029558	  0.031560	 -0.062841	  0.181330
 -0.019262	  0.095382	 -0.072549	  0.002434	  0.000043	 -0.122485	 -0.016165
 -0.011628	  0.093038	 -0.069983	 -0.012992	 -0.013894	 -0.142156	 -0.106313
  0.011812	  0.071499	 -0.112492	 -0.000923	 -0.064448	 -0.101516	 -0.007360
  0.030500	  0.129940	 -0.130325	  0.041965	 -0.038126	 -0.073642	  0.166284
  0.003354	  0.142547	 -0.125003	  0.051056	 -0.033945	 -0.075004	  0.185796
  0.004907	  0.144099	 -0.092948	  0.012539	 -0.037968	 -0.117069	  0.024759
  0.013079	  0.121134	 -0.108659	  0.031797	 -0.046805	 -0.150645	 -0.088924
  0.019034	  0.072259	 -0.084998	  0.035440	 -0.040343	 -0.121155	 -0.008025
  0.030152	  0.071531	 -0.067544	 -0.001905	 -0.016935	 -0.063791	  0.172081
  0.015328	  0.084233	 -0.070078	  0.021788	  0.043216	 -0.050582	  0.226974
 -0.033706	  0.121166	 -0.057662	  0.017353	 -0.016650	 -0.089290	  0.089282
 -0.022049	  0.111347	 -0.057915	  0.005633	 -0.061882	 -0.125146	 -0.093422
  0.005382	  0.126012	 -0.040335	 -0.002000	 -0.074204	 -0.076968	 -0.080118
 -0.002632	  0.117967	 -0.055698	  0.005095	 -0.035940	 -0.010830	  0.141546
 -0.017583	  0.128166	 -0.027824	 -0.013372	 -0.034452	 -0.001042	  0.251333
 -0.051254	  0.093450	 -0.021900	 -0.030730	  0.002830	 -0.070918	  0.124346
 -0.042733	  0.117745	 -0.016769	 -0.038459	  0.012333	 -0.128852	 -0.065991
 -0.026294	  0.092436	 -0.035046	 -0.017394	 -0.007306	 -0.120775	 -0.076855
 -0.022683	  0.124365	 -0.002705	  0.008421	  0.012206	 -0.079248	  0.083358
 -0.019737	  0.175648	  0.039455	  0.011430	  0.036628	  0.009474	  0.217060
 -0.015144	  0.178720	  0.025011	  0.024417	  0.025510	 -0.021758	  0.162262
 -0.008999	  0.170453	  0.034735	  0.025177	  0.009767	 -0.100534	 -0.026017
 -0.013624	  0.129940	  0.007463	 -0.000417	  0.035044	 -0.149473	 -0.093168
 -0.009316	  0.093513	  0.038600	 -0.001018	  0.042171	 -0.110670	  0.061122
  0.007599	  0.065417	  0.034102	 -0.006308	  0.032478	 -0.026794	  0.222381
 -0.026642	  0.071119	  0.037554	 -0.024648	 -0.016207	 -0.047922	  0.197580
 -0.007510	  0.080305	  0.019531	 -0.050907	 -0.028307	 -0.090176	  0.016492
  0.021821	  0.055661	 -0.009167	 -0.086732	 -0.023935	 -0.153052	 -0.117653
  0.028695	  0.033520	 -0.007045	 -0.060853	 -0.009967	 -0.108833	  0.013673
  0.040573	  0.022877	 -0.013063	 -0.043432	  0.024274	 -0.044406	  0.178923
  0.045958	  0.025126	 -0.030041	 -0.025313	  0.040841	 -0.057678	  0.202141
  0.026287	  0.038367	 -0.029217	 -0.022874	  0.009039	 -0.105507	  0.038316
 -0.000193	  0.034787	 -0.052657	 -0.035038	 -0.008383	 -0.166514	 -0.138496
 -0.008175	  0.045367	 -0.052720	 -0.066143	  0.010179	 -0.146400	 -0.068081
 -0.003392	  0.051512	 -0.052815	 -0.063799	  0.027030	 -0.052198	  0.141673
  0.058153	  0.055250	 -0.062318	 -0.060536	  0.031243	 -0.001296	  0.222540
  0.050582	  0.068648	 -0.079993	 -0.066966	  0.011256	 -0.034365	  0.080191
  0.083620	  0.063327	 -0.091934	 -0.047644	 -0.018266	 -0.083936	 -0.074638
  0.048713	  0.090694	 -0.095039	 -0.021512	  0.009197	 -0.083335	 -0.067416
  0.032306	  0.086862	 -0.086518	 -0.022304	  0.021043	 -0.033034	  0.117441
  0.045356	  0.076472	 -0.087373	 -0.000100	  0.050882	  0.011628	  0.191054
  0.038546	  0.094115	 -0.075051	 -0.030825	  0.037546	 -0.020459	  0.087856
 -0.000732	  0.134976	 -0.073911	 -0.040771	  0.014170	 -0.068225	 -0.046542
  0.001454	  0.107704	 -0.078599	 -0.057179	  0.016387	 -0.106014	 -0.061620
  0.042157	  0.123067	 -0.063870	 -0.065256	  0.043755	 -0.032242	  0.050891
  0.083746	  0.108401	 -0.049363	 -0.048120	  0.024781	 -0.001771	  0.131980
  0.087706	  0.124017	 -0.068336	 -0.030666	  0.021740	 -0.018464	  0.076041
  0.056316	  0.115971	 -0.085188	 -0.026264	  0.052180	 -0.072723	  0.049846
  0.037025	  0.088825	 -0.080341	 -0.053441	  0.072389	 -0.089480	  0.051936
  0.022233	  0.096364	 -0.062191	 -0.099592	  0.084046	 -0.082068	  0.059570
  0.043139	  0.086767	 -0.044548	 -0.095664	  0.051990	 -0.082479	  0.062041
  0.018369	  0.086672	 -0.065042	 -0.087904	  0.031623	 -0.084538	  0.063435
  0.012920	  0.137701	 -0.065771	 -0.081189	  0.008405	 -0.041587	  0.044493
  0.004051	  0.140076	 -0.058549	 -0.065478	  0.002482	 -0.034586	  0.048896
 -0.025407	  0.096966	 -0.048254	 -0.048721	 -0.041484	 -0.021504	  0.038664
 -0.016253	  0.104948	 -0.062666	 -0.041658	 -0.032298	 -0.042568	  0.023112
 -0.025090	  0.095097	 -0.064884	 -0.042830	 -0.045411	 -0.016785	  0.011360
 -0.068422	  0.101306	 -0.061970	 -0.029811	 -0.058778	 -0.009246	  0.027832
 -0.044729	  0.086577	 -0.061748	  0.006362	 -0.036225	 -0.039338	  0.037397
 -0.020085	  0.108306	 -0.050091	 -0.016032	 -0.070213	 -0.052768	  0.059222
 -0.012262	  0.118474	 -0.049363	 -0.004946	 -0.024917	 -0.041903	  0.059507
 -0.035194	  0.112234	 -0.084491	  0.019254	 -0.021180	 -0.044659	  0.053140
 -0.023285	  0.125189	 -0.076825	  0.016593	  0.009767	 -0.041491	  0.063720
 -0.050715	  0.131936	 -0.052435	 -0.002317	  0.017971	 -0.030912	  0.048674
 -0.068010	  0.087527	 -0.067671	 -0.001018	  0.017401	 -0.055270	  0.047407
 -0.048023	  0.094400	 -0.099600	  0.029358	  0.007898	 -0.086756	  0.013134
 -0.069499	  0.082871	 -0.097478	  0.017892	 -0.002079	 -0.084697	  0.000147
 -0.028606	  0.089427	 -0.107329	 -0.004186	  0.027632	 -0.075099	 -0.022532
 -0.037190	  0.098391	 -0.129470	 -0.026485	  0.014487	 -0.097398	 -0.020030
 -0.024266	  0.107451	 -0.136470	 -0.011345	  0.026460	 -0.104335	 -0.017559
 -0.005673	  0.110776	 -0.137262	  0.021820	 -0.006799	 -0.147572	  0.002713
 -0.000985	  0.121926	 -0.114297	 -0.019137	  0.001658	 -0.121218	 -0.006758
 -0.013212	  0.117555	 -0.133936	 -0.024331	  0.026428	 -0.091063	  0.016555
 -0.026991	  0.118125	 -0.145054	  0.011367	  0.010274	 -0.120680	 -0.006505
 -0.045679	  0.094210	 -0.106157	  0.018525	 -0.011392	 -0.100122	 -0.012048
 -0.049987	  0.064974	 -0.108437	 -0.015177	 -0.002491	 -0.095086	  0.016523
 -0.085495	  0.040299	 -0.084649	 -0.036400	  0.038243	 -0.073167	  0.051176
 -0.058602	  0.027470	 -0.091269	 -0.062152	  0.050185	 -0.078013	  0.079082
 -0.019959	  0.061521	 -0.067703	 -0.079478	  0.076064	 -0.089511	  0.091942
 -0.008175	  0.047109	 -0.082400	 -0.108524	  0.099662	 -0.067909	  0.079557
  0.026541	  0.059051	 -0.080911	 -0.055120	  0.061239	 -0.058786	  0.066412
  0.010038	  0.066114	 -0.060639	 -0.020214	  0.007360	 -0.046813	  0.077372
  0.041016	  0.064784	 -0.049268	 -0.002792	 -0.000591	 -0.038989	  0.071543
  0.027934	  0.052811	 -0.054272	  0.004335	  0.010147	 -0.059831	  0.064480
  0.025971	  0.045019	 -0.069033	 -0.019865	 -0.006261	 -0.058660	  0.071892
  0.001739	  0.068332	 -0.072137	 -0.023856	 -0.027958	 -0.067529	  0.101572
  0.013776	  0.118030	 -0.053449	 -0.010268	 -0.035655	 -0.029170	  0.088553
  0.058818	  0.105360	 -0.041286	 -0.052142	 -0.031062	 -0.023595	  0.078797
  0.046750	  0.172195	 -0.034380	 -0.070989	 -0.041294	 -0.063601	  0.120450
  0.067402	  0.170199	 -0.023231	 -0.113687	 -0.062041	 -0.089353	  0.140817
  0.085235	  0.144004	 -0.039987	 -0.136589	 -0.058652	 -0.072185	  0.117694
  0.073642	  0.151353	 -0.040145	 -0.150653	 -0.031506	 -0.028061	  0.114115
  0.032812	  0.181729	 -0.029091	 -0.136810	 -0.035560	 -0.007821	  0.123174
  0.019065	  0.178277	 -0.039480	 -0.103868	 -0.015985	 -0.022961	  0.114115
  0.008993	  0.175964	 -0.041697	 -0.087270	 -0.024411	 -0.053306	  0.115952
  0.003639	  0.177960	 -0.068558	 -0.072953	 -0.013451	 -0.024355	  0.086558
  0.017102	  0.195793	 -0.047747	 -0.066206	  0.023768	 -0.011495	  0.038823
  0.012255	  0.197662	 -0.059024	 -0.083121	  0.052782	 -0.019002	  0.003948
  0.041143	  0.172575	 -0.074830	 -0.113402	  0.051959	 -0.058850	 -0.024623
  0.049094	  0.155534	 -0.066563	 -0.113244	  0.020093	 -0.068257	 -0.006885
  0.040066	  0.157244	 -0.054969	 -0.091483	  0.022342	 -0.032242	 -0.025858
  0.048492	  0.161552	 -0.038878	 -0.080175	  0.015120	 -0.015613	 -0.021424
  0.041048	  0.127343	 -0.031498	 -0.061296	  0.054461	  0.000225	 -0.040334
  0.030912	  0.085816	 -0.040367	 -0.061740	  0.053004	 -0.037437	  0.019152
 -0.003963	  0.105075	 -0.037675	 -0.054708	  0.083190	 -0.044659	  0.010663
 -0.044539	  0.111315	 -0.035552	 -0.031110	  0.101942	 -0.078773	  0.031252
 -0.044095	  0.102446	 -0.050345	 -0.038712	  0.116766	 -0.093787	  0.035719
 -0.050937	  0.122560	 -0.027348	 -0.041151	  0.101309	 -0.105824	  0.053203
 -0.023728	  0.124809	 -0.029882	 -0.020657	  0.092440	 -0.102340	  0.032868
 -0.013592	  0.102002	 -0.045625	 -0.037002	  0.082810	 -0.134965	  0.058145
 -0.000478	  0.122116	 -0.065169	 -0.052016	  0.071027	 -0.097652	  0.028085
  0.003133	  0.085341	 -0.091776	 -0.056165	  0.049710	 -0.083430	  0.039710
  0.026762	  0.101781	 -0.083572	 -0.059934	  0.015215	 -0.071393	  0.074172
  0.038736	  0.100577	 -0.059119	 -0.062342	 -0.023587	 -0.075542	  0.085797
  0.053148	  0.116130	 -0.081101	 -0.061993	 -0.058557	 -0.098222	  0.066412
  0.060465	  0.092500	 -0.091269	 -0.035576	 -0.043099	 -0.075226	  0.041420
  0.083905	  0.100735	 -0.073816	 -0.031648	 -0.030809	 -0.054383	  0.050543
  0.080611	  0.114736	 -0.045974	 -0.053853	 -0.037809	 -0.056886	  0.051113
  0.088308	  0.168426	 -0.027348	 -0.059396	 -0.068091	 -0.059071	  0.073032
  0.118748	  0.164751	 -0.032100	 -0.036843	 -0.064638	 -0.076208	  0.092544
  0.121250	  0.158194	 -0.008438	 -0.039377	 -0.077340	 -0.081022	  0.102459
  0.104842	  0.142705	 -0.030959	 -0.022494	 -0.061471	 -0.092267	  0.075281
  0.076588	  0.147140	 -0.068685	  0.014946	 -0.059539	 -0.096733	  0.081933
  0.053686	  0.147330	 -0.087880	 -0.014702	 -0.064987	 -0.110195	  0.096250
  0.043075	  0.127723	 -0.070300	 -0.028703	 -0.067711	 -0.107439	  0.079241
  0.014219	  0.107546	 -0.073626	 -0.008304	 -0.072652	 -0.124608	  0.093399
 -0.012388	  0.121039	 -0.059341	 -0.008525	 -0.082028	 -0.090873	  0.073127
 -0.041720	  0.101844	 -0.049775	 -0.021639	 -0.072209	 -0.072058	  0.027388
 -0.048308	  0.089174	 -0.037928	  0.000977	 -0.066602	 -0.054637	  0.003030
 -0.008904	  0.095509	 -0.047811	  0.013616	  0.010116	 -0.040320	  0.007053
 -0.000732	  0.085341	 -0.055349	  0.018779	  0.022311	 -0.034396	 -0.011414
 -0.028226	  0.089174	 -0.055254	  0.019032	  0.007075	 -0.048682	 -0.030039
 -0.028448	  0.075902	 -0.079929	  0.010448	  0.021329	 -0.050361	 -0.026270
 -0.024330	  0.051037	 -0.060354	  0.016720	  0.040239	 -0.049505	 -0.022025
 -0.050652	  0.080970	 -0.070078	  0.017132	  0.039384	 -0.016183	  0.027990
 -0.034434	  0.096618	 -0.014330	  0.003448	  0.075462	 -0.005793	  0.005881
 -0.021036	  0.118030	  0.004517	 -0.011725	  0.064312	 -0.017925	  0.025899
 -0.011533	  0.096269	 -0.007931	 -0.021259	  0.068556	  0.016348	  0.006577
 -0.014225	  0.126582	  0.014336	 -0.074030	  0.047619	  0.013909	  0.026343
