:RUN-3	LEVEL SWEEP	TEMP:NaN	8/27/2019	3:57 PM	HR:-636.36:SW EAR: R	SW FREQ: 11.30	# AVERAGES: 512	REP RATE (/sec): 80	DRIVER: 	SAMPLE (µsec): 40	MASKER dB: 2147483647:NOTES-:CHAMBER-SEWELL-PXI1:CFTS Version: V2.7.2 (R850):LEVELS:20;30;40;50;60;70;80;:DATA -0.049436	  0.003332	 -0.016504	  0.003926	 -0.008122	 -0.012957	 -0.072546
 -0.040440	  0.022686	  0.033859	  0.006967	 -0.041001	 -0.013147	 -0.078786
 -0.006199	  0.052872	  0.021918	 -0.008712	 -0.032955	 -0.011183	 -0.085723
  0.037766	  0.032600	 -0.027654	 -0.026704	  0.005372	  0.013714	 -0.108814
  0.029056	  0.009161	 -0.047863	 -0.056669	  0.000653	 -0.024265	 -0.072641
  0.048219	 -0.004555	 -0.020939	 -0.063954	  0.030142	 -0.046849	 -0.040142
  0.017779	 -0.024479	  0.001994	 -0.064081	 -0.000266	 -0.054832	 -0.055536
  0.056106	 -0.037054	 -0.033451	 -0.052139	 -0.002103	 -0.032532	 -0.070740
  0.035454	 -0.033443	 -0.019387	 -0.037854	  0.002268	  0.010515	 -0.052052
  0.011444	 -0.023782	 -0.002884	 -0.046374	  0.010345	  0.006302	 -0.040427
  0.022182	 -0.006550	 -0.006083	 -0.029808	 -0.002610	 -0.000698	 -0.036721
  0.047839	 -0.013392	 -0.012260	  0.010736	 -0.025226	 -0.005703	 -0.002227
  0.023323	  0.012106	  0.006840	  0.038040	  0.003472	  0.010071	  0.011109
 -0.006991	  0.010713	 -0.015871	  0.022139	  0.002521	  0.030565	  0.001954
 -0.029987	 -0.006867	  0.014917	  0.035316	  0.019341	  0.033384	  0.011109
 -0.049942	 -0.016401	  0.037945	  0.031927	 -0.012809	  0.010103	  0.057038
 -0.050006	  0.001844	  0.048873	  0.059231	 -0.013506	 -0.005101	  0.123556
 -0.055866	  0.033329	  0.024990	  0.069082	  0.001128	  0.008709	  0.119723
 -0.026091	  0.023193	  0.000347	  0.065123	  0.030301	  0.029900	  0.183771
 -0.014213	 -0.035312	  0.011211	  0.043805	  0.033056	  0.054005	  0.208097
  0.008182	 -0.008641	  0.023438	  0.038199	  0.067741	  0.084160	  0.234039
  0.016766	 -0.002464	 -0.004024	  0.074784	  0.097832	  0.102436	  0.238506
  0.012109	 -0.007469	 -0.038582	  0.074530	  0.104167	  0.133130	  0.217061
 -0.024380	 -0.025682	 -0.041021	  0.080770	  0.120258	  0.150234	  0.220767
 -0.004773	  0.025125	 -0.058981	  0.042285	  0.111674	  0.165280	  0.203473
  0.005901	  0.043433	 -0.074058	  0.048968	  0.143445	  0.182226	  0.192766
  0.022436	  0.044700	 -0.108204	  0.051122	  0.126562	  0.194643	  0.138918
  0.012838	  0.011504	 -0.049922	  0.054828	  0.096375	  0.187643	  0.132013
  0.030101	  0.013025	 -0.046374	  0.056159	  0.088805	  0.146560	  0.145380
  0.008910	  0.026804	 -0.014224	  0.061765	  0.113385	  0.131293	  0.200052
  0.017589	  0.029274	  0.010356	  0.041778	  0.135019	  0.177412	  0.207781
  0.036690	 -0.000247	 -0.036492	  0.048177	  0.151744	  0.222391	  0.267679
  0.036975	  0.041976	 -0.029650	  0.034556	  0.155798	  0.268922	  0.338441
  0.027314	  0.045967	 -0.041275	  0.063761	  0.221239	  0.291031	  0.402742
  0.015024	  0.067000	 -0.077733	  0.090717	  0.239769	  0.316086	  0.430965
  0.000738	  0.034152	 -0.033736	  0.135474	  0.240340	  0.366355	  0.443033
 -0.008099	  0.071719	 -0.050840	  0.174656	  0.267644	  0.402085	  0.452979
 -0.022163	  0.065859	 -0.039944	  0.196322	  0.241702	  0.336042	  0.434291
  0.027377	  0.034976	  0.001075	  0.215961	  0.241322	  0.276112	  0.341735
  0.008245	  0.019455	  0.033859	  0.231355	  0.253485	  0.209879	  0.259221
  0.011444	  0.049356	  0.061163	  0.219667	  0.201506	  0.094232	  0.140280
  0.022499	  0.079448	  0.082829	  0.198096	  0.096059	  0.011085	 -0.041092
  0.009385	  0.075552	  0.071680	  0.178362	 -0.021045	 -0.113241	 -0.175839
 -0.010285	  0.047931	  0.071109	  0.131103	 -0.139669	 -0.205606	 -0.293070
 -0.001131	  0.037352	  0.085363	  0.046466	 -0.247365	 -0.262115	 -0.391010
  0.010557	  0.053696	  0.050711	 -0.022301	 -0.272864	 -0.323185	 -0.474252
  0.014073	  0.018315	  0.021506	 -0.092208	 -0.324653	 -0.359105	 -0.547802
  0.010177	  0.012455	 -0.031423	 -0.120336	 -0.368967	 -0.422297	 -0.600003
 -0.013928	 -0.004016	 -0.066108	 -0.131898	 -0.402638	 -0.465882	 -0.593035
 -0.033693	 -0.031162	 -0.118404	 -0.164967	 -0.395986	 -0.436677	 -0.561644
 -0.049879	 -0.030814	 -0.156953	 -0.157270	 -0.360826	 -0.408138	 -0.528227
 -0.017824	 -0.035312	 -0.165600	 -0.127590	 -0.337576	 -0.371553	 -0.484167
  0.047871	 -0.024700	 -0.181691	 -0.087901	 -0.312711	 -0.303514	 -0.387969
  0.072134	 -0.057738	 -0.191574	 -0.062655	 -0.262316	 -0.236458	 -0.263928
  0.060604	 -0.090680	 -0.182895	 -0.029460	 -0.208626	 -0.174469	 -0.106692
  0.030925	 -0.092612	 -0.154229	  0.016185	 -0.166086	 -0.113399	  0.061884
  0.042201	 -0.100499	 -0.124327	  0.048715	 -0.099346	 -0.015237	  0.259221
  0.009702	 -0.107975	 -0.080235	  0.078775	 -0.013981	  0.075924	  0.413322
 -0.011900	 -0.099137	 -0.045931	  0.111844	  0.084497	  0.186788	  0.480347
 -0.022417	 -0.081114	  0.007125	  0.154669	  0.178034	  0.301009	  0.495107
 -0.005755	 -0.053652	  0.025750	  0.213427	  0.234036	  0.356979	  0.497166
 -0.019819	 -0.042914	  0.042253	  0.264012	  0.309899	  0.417004	  0.477971
 -0.027295	 -0.028755	  0.062399	  0.270917	  0.369290	  0.445543	  0.401887
 -0.051305	 -0.005315	  0.085490	  0.297303	  0.388897	  0.415230	  0.271036
 -0.053015	  0.000165	  0.136582	  0.297588	  0.363176	  0.357328	  0.146647
 -0.064957	 -0.016306	  0.151533	  0.271519	  0.326750	  0.291981	  0.037462
 -0.047092	 -0.014691	  0.129645	  0.252102	  0.264191	  0.226445	 -0.060604
 -0.015036	  0.013722	  0.117672	  0.274148	  0.170781	  0.171742	 -0.125285
 -0.032173	  0.035578	  0.114726	  0.230436	  0.164636	  0.110419	 -0.149137
 -0.050228	  0.054139	  0.076589	  0.163095	  0.123521	  0.055050	 -0.220470
 -0.045255	  0.060063	  0.091857	  0.089006	  0.070021	  0.036108	 -0.254964
 -0.026471	  0.058257	  0.048905	  0.017483	  0.043953	 -0.007509	 -0.219836
 -0.032901	  0.076154	 -0.004563	 -0.010486	  0.015983	 -0.060977	 -0.222845
 -0.046712	  0.133169	 -0.003708	  0.016723	  0.000177	 -0.082864	 -0.176473
 -0.033250	  0.142577	 -0.043112	 -0.020432	 -0.022724	 -0.076276	 -0.197030
 -0.031412	  0.064877	 -0.072728	 -0.013305	 -0.034380	 -0.053691	 -0.181446
 -0.014434	  0.053284	 -0.105575	 -0.028984	 -0.016357	 -0.039279	 -0.132571
 -0.030367	  0.060443	 -0.048465	 -0.010011	 -0.015312	 -0.027717	 -0.139983
 -0.044083	  0.070547	 -0.051537	 -0.011785	 -0.037073	 -0.040514	 -0.125760
 -0.022638	  0.070801	 -0.085272	 -0.026007	 -0.032638	 -0.040039	 -0.077741
 -0.013991	  0.039157	 -0.079412	 -0.032057	 -0.053892	 -0.053216	 -0.074193
 -0.028783	  0.024365	 -0.069656	 -0.061135	 -0.061938	 -0.066108	 -0.084773
 -0.045571	  0.006341	 -0.032405	 -0.051727	 -0.088387	 -0.076814	 -0.093863
 -0.042784	 -0.010035	 -0.032659	 -0.024106	 -0.117496	 -0.082262	 -0.076442
 -0.032648	 -0.029167	 -0.078081	  0.001202	 -0.117433	 -0.077384	 -0.098805
 -0.038096	 -0.031669	 -0.112227	 -0.032595	 -0.120696	 -0.064112	 -0.080782
 -0.044051	 -0.055552	 -0.098385	 -0.028889	 -0.107582	 -0.067913	 -0.073401
 -0.015100	 -0.072277	 -0.094552	 -0.052551	 -0.128234	 -0.095376	 -0.074193
 -0.035277	 -0.051878	 -0.090435	 -0.023790	 -0.119365	 -0.101711	 -0.072958
 -0.034010	 -0.028501	 -0.100191	 -0.033261	 -0.130167	 -0.089991	 -0.054903
 -0.028878	  0.014292	 -0.136459	 -0.071778	 -0.134316	 -0.051886	 -0.056962
 -0.041422	  0.008400	 -0.116915	 -0.082041	 -0.139131	 -0.046121	 -0.057152
 -0.029322	 -0.008736	 -0.104182	 -0.116788	 -0.146764	 -0.029080	 -0.033839
 -0.009810	  0.010301	 -0.119291	 -0.093095	 -0.127918	 -0.021794	 -0.009354
 -0.008163	  0.027184	 -0.154514	 -0.070701	 -0.115849	 -0.021984	  0.020421
 -0.013833	  0.032220	 -0.157270	 -0.106367	 -0.116990	 -0.039881	  0.018869
 -0.008194	  0.011219	 -0.163573	 -0.069624	 -0.113379	 -0.010074	  0.017697
 -0.023304	  0.015812	 -0.133513	 -0.068864	 -0.075875	  0.034176	  0.017032
 -0.035499	  0.038587	 -0.127083	 -0.048433	 -0.036598	  0.054322	  0.080097
 -0.047630	  0.002097	 -0.135920	 -0.042953	 -0.005271	  0.047701	  0.085799
 -0.004488	  0.004378	 -0.136110	 -0.027052	  0.012752	  0.059485	  0.085546
 -0.005122	 -0.037371	 -0.109566	 -0.005165	  0.035590	  0.054670	  0.093654
 -0.014624	 -0.049946	 -0.112101	  0.021696	  0.052505	  0.076621	  0.100370
 -0.015606	 -0.027488	 -0.070321	  0.067784	  0.050351	  0.067752	  0.084405
 -0.074111	 -0.049756	 -0.069561	  0.069494	  0.036129	  0.048620	  0.106198
 -0.088713	 -0.013044	 -0.055782	  0.066517	  0.045885	  0.008741	  0.131411
 -0.065970	  0.023699	 -0.043587	  0.059231	  0.060836	  0.045864	  0.117633
 -0.034612	 -0.004840	 -0.028636	  0.049317	  0.066537	  0.000252	  0.097709
 -0.034073	 -0.022230	 -0.050904	  0.051249	  0.060456	 -0.023568	  0.081079
 -0.024190	 -0.024194	 -0.020844	  0.034334	  0.041957	  0.004085	  0.079274
 -0.022955	 -0.015673	 -0.051316	 -0.000382	  0.021115	  0.019162	  0.096188
 -0.004995	 -0.004460	 -0.051822	 -0.019324	 -0.001565	  0.028886	  0.102523
 -0.013199	  0.025220	 -0.040134	  0.004528	 -0.029217	  0.048873	  0.089537
 -0.049562	  0.003681	 -0.041338	  0.015298	  0.006956	  0.039656	  0.061219
 -0.053110	 -0.006550	 -0.042637	  0.015108	  0.007399	  0.003673	  0.039300
 -0.008543	 -0.006709	 -0.050650	  0.033162	 -0.034095	 -0.021984	 -0.001213
  0.001720	 -0.006550	 -0.029618	  0.019194	 -0.033145	 -0.008491	 -0.052495
 -0.007783	  0.003681	 -0.053311	  0.005003	 -0.033493	 -0.026641	 -0.066686
  0.004951	 -0.033601	 -0.054546	  0.010261	 -0.029217	 -0.047261	 -0.075270
 -0.021403	 -0.012125	 -0.063067	  0.000030	 -0.042711	 -0.073710	 -0.112203
 -0.030621	 -0.055711	 -0.094362	 -0.026450	 -0.094722	 -0.066456	 -0.133806
  0.000390	 -0.072530	 -0.087235	 -0.075864	 -0.154557	 -0.080995	 -0.169726
  0.014770	 -0.070471	 -0.076592	 -0.105259	 -0.156109	 -0.086919	 -0.240710
  0.012395	 -0.038226	 -0.075516	 -0.096485	 -0.143375	 -0.091290	 -0.300798
  0.014453	 -0.019664	 -0.054578	 -0.089484	 -0.154652	 -0.100412	 -0.326107
 -0.000656	 -0.000564	 -0.053596	 -0.087584	 -0.154208	 -0.089548	 -0.326044
  0.023703	 -0.023560	 -0.066266	 -0.061040	 -0.177204	 -0.097150	 -0.329243
  0.027694	 -0.035692	 -0.053945	 -0.029776	 -0.189970	 -0.090656	 -0.315369
  0.016132	 -0.020868	 -0.078588	 -0.023790	 -0.204952	 -0.105037	 -0.361266
 -0.012566	  0.011124	 -0.077543	 -0.039374	 -0.200074	 -0.096168	 -0.402951
 -0.045888	  0.019835	 -0.019894	 -0.063226	 -0.190888	 -0.059583	 -0.376281
 -0.013389	  0.006690	 -0.024487	 -0.083624	 -0.185313	 -0.037442	 -0.338935
 -0.027991	 -0.013012	 -0.037157	 -0.063352	 -0.174227	 -0.012450	 -0.291517
 -0.037114	 -0.002559	 -0.073995	 -0.056257	 -0.133461	 -0.023663	 -0.250498
 -0.014308	 -0.021565	 -0.054356	 -0.036143	 -0.152434	 -0.034718	 -0.238113
 -0.004868	 -0.005759	 -0.080362	 -0.022998	 -0.124243	 -0.038234	 -0.239665
 -0.023272	  0.010237	 -0.087077	 -0.042098	 -0.136090	 -0.049985	 -0.209795
 -0.033883	 -0.000691	 -0.100159	 -0.022776	 -0.107614	 -0.051284	 -0.191835
 -0.004457	  0.000228	 -0.109915	 -0.006527	 -0.072359	 -0.072158	 -0.199912
 -0.053458	 -0.016085	 -0.096041	 -0.000540	 -0.069128	 -0.064651	 -0.186989
 -0.063911	  0.007102	 -0.115933	  0.008171	 -0.085346	 -0.056827	 -0.147078
 -0.059445	  0.006690	 -0.122838	  0.022773	 -0.118795	 -0.055940	 -0.179197
 -0.055264	 -0.006487	 -0.119734	  0.021443	 -0.096654	 -0.039564	 -0.212044
 -0.068124	 -0.034456	 -0.128698	  0.012954	 -0.127949	 -0.070606	 -0.214166
 -0.077468	 -0.042154	 -0.135160	 -0.004499	 -0.118700	 -0.110327	 -0.207705
 -0.074681	 -0.026443	 -0.068072	 -0.034433	 -0.109039	 -0.128350	 -0.222465
 -0.078038	 -0.071358	 -0.038836	 -0.072633	 -0.132162	 -0.130219	 -0.239443
 -0.052857	 -0.084060	 -0.030125	 -0.087806	 -0.147049	 -0.115426	 -0.238905
 -0.042340	 -0.080069	 -0.026704	 -0.070321	 -0.156204	 -0.145360	 -0.294241
 -0.061061	 -0.116654	 -0.029238	 -0.070257	 -0.140113	 -0.131106	 -0.352017
 -0.061821	 -0.118839	 -0.005228	 -0.086063	 -0.152149	 -0.130219	 -0.384801
 -0.085926	 -0.085422	 -0.032342	 -0.080647	 -0.149267	 -0.135065	 -0.437921
 -0.085767	 -0.098599	 -0.065601	 -0.090435	 -0.130642	 -0.161482	 -0.416762
 -0.069930	 -0.140094	 -0.062307	 -0.106146	 -0.129406	 -0.153247	 -0.417015
 -0.080699	 -0.108767	 -0.061800	 -0.093222	 -0.127759	 -0.166392	 -0.422748
 -0.095397	 -0.096382	 -0.122015	 -0.102725	 -0.094373	 -0.202470	 -0.412232
 -0.095460	 -0.077028	 -0.102693	 -0.094394	 -0.100170	 -0.214855	 -0.405644
 -0.075378	 -0.070883	 -0.091036	 -0.116883	 -0.100328	 -0.227494	 -0.401621
 -0.037684	 -0.054539	 -0.119766	 -0.126133	 -0.126017	 -0.194235	 -0.385751
 -0.014054	 -0.055267	 -0.123440	 -0.115997	 -0.110496	 -0.179411	 -0.342071
  0.019363	 -0.041077	 -0.128065	 -0.109028	 -0.087912	 -0.177890	 -0.298391
  0.026490	 -0.002243	 -0.117644	 -0.059044	 -0.097002	 -0.171523	 -0.295730
  0.023956	 -0.002844	 -0.106462	 -0.040419	 -0.095070	 -0.174374	 -0.313944
  0.012426	 -0.017732	 -0.098385	 -0.045297	 -0.116958	 -0.177067	 -0.292024
  0.014992	 -0.028343	 -0.130726	 -0.046026	 -0.109736	 -0.153247	 -0.285214
  0.025255	 -0.053081	 -0.107571	 -0.025120	 -0.111636	 -0.132151	 -0.257403
  0.048409	 -0.063566	 -0.116218	 -0.024297	 -0.105238	 -0.083878	 -0.243783
  0.036341	 -0.064200	 -0.090308	 -0.046691	 -0.091966	 -0.120494	 -0.208211
  0.016734	 -0.047412	 -0.075706	 -0.066171	 -0.054431	 -0.114730	 -0.185088
 -0.021973	 -0.065498	 -0.057967	 -0.045456	 -0.043154	 -0.115807	 -0.158925
 -0.018489	 -0.046525	 -0.044125	 -0.062719	 -0.050503	 -0.077733	 -0.127186
 -0.005439	 -0.079530	 -0.045424	 -0.054737	 -0.072708	 -0.095598	 -0.113882
  0.023259	 -0.070154	 -0.054895	 -0.031202	 -0.079296	 -0.107032	 -0.131082
  0.008974	 -0.058371	 -0.025564	 -0.015047	 -0.079074	 -0.074977	 -0.153191
  0.013218	 -0.058878	 -0.000857	 -0.023125	 -0.077807	 -0.083023	 -0.134598
 -0.019629	 -0.050833	  0.009944	 -0.053470	 -0.081703	 -0.126164	 -0.113787
 -0.018901	 -0.069933	 -0.020781	 -0.037695	 -0.105396	 -0.149351	 -0.114864
 -0.039996	 -0.078073	 -0.017075	 -0.036840	 -0.101532	 -0.129965	 -0.127123
 -0.072939	 -0.053683	 -0.033767	 -0.057366	 -0.086486	 -0.098132	 -0.139603
 -0.039616	 -0.069363	 -0.064619	 -0.053184	 -0.117623	 -0.108616	 -0.127408
 -0.012946	 -0.081431	 -0.084100	 -0.070447	 -0.090572	 -0.110200	 -0.148535
  0.023449	 -0.100689	 -0.081566	 -0.083719	 -0.057788	 -0.082389	 -0.137417
  0.018888	 -0.118491	 -0.071334	 -0.127811	 -0.061431	 -0.040419	 -0.138082
 -0.010158	 -0.115482	 -0.054388	 -0.109186	 -0.069033	 -0.063352	 -0.120312
 -0.017602	 -0.126220	 -0.034021	 -0.065221	 -0.091618	 -0.088249	 -0.081922
 -0.021435	 -0.106169	 -0.035510	 -0.054325	 -0.093075	 -0.069561	 -0.073655
 -0.010285	 -0.058055	 -0.049637	 -0.058569	 -0.090382	 -0.070733	 -0.049740
 -0.044336	 -0.065562	 -0.065886	 -0.071683	 -0.102609	 -0.044727	 -0.049676
 -0.060079	 -0.064136	 -0.064619	 -0.047261	 -0.087563	 -0.044220	 -0.092818
 -0.053807	 -0.111586	 -0.086063	 -0.036618	 -0.083445	 -0.034844	 -0.083157
 -0.091057	 -0.130844	 -0.099620	 -0.041053	 -0.102704	 -0.002124	 -0.078564
 -0.082916	 -0.143008	 -0.117074	 -0.042605	 -0.082622	 -0.007445	 -0.042613
 -0.061029	 -0.151813	 -0.131042	 -0.043365	 -0.053196	 -0.049922	 -0.008055
 -0.018647	 -0.143356	 -0.145296	 -0.018500	 -0.068178	 -0.056890	  0.025964
 -0.040186	 -0.128152	 -0.148147	  0.018148	 -0.071694	 -0.053470	  0.039838
 -0.055137	 -0.106993	 -0.153659	  0.016881	 -0.046132	 -0.037220	  0.026281
 -0.062708	 -0.123242	 -0.141052	 -0.005260	 -0.030421	 -0.035003	  0.008733
 -0.067301	 -0.089730	 -0.138106	 -0.028414	 -0.012461	 -0.034781	  0.020389
 -0.071323	 -0.071231	 -0.120463	 -0.041401	  0.017155	 -0.015713	  0.013896
 -0.067110	 -0.080196	 -0.104277	 -0.045804	 -0.009610	 -0.039374	  0.013643
 -0.030019	 -0.084693	 -0.103675	 -0.070004	 -0.015248	 -0.038139	 -0.007517
 -0.023652	 -0.109337	 -0.106177	 -0.060913	 -0.004321	 -0.005386	 -0.025508
 -0.017317	 -0.059227	 -0.107698	 -0.055782	  0.033595	 -0.011690	 -0.040586
 -0.029670	 -0.087671	 -0.088787	 -0.051252	  0.037554	 -0.018437	  0.012534
 -0.032109	 -0.044846	 -0.044695	 -0.074850	  0.030079	 -0.040768	  0.014149
 -0.008131	 -0.053208	 -0.070384	 -0.064366	  0.038283	 -0.027591	  0.060395
  0.027630	 -0.042850	 -0.082199	 -0.034749	  0.023680	 -0.028794	  0.055486
 -0.002113	 -0.043991	 -0.067502	 -0.045329	  0.010567	 -0.015903	  0.071228
 -0.031064	 -0.047792	 -0.050840	 -0.026355	  0.035115	 -0.013939	  0.072717
 -0.038191	 -0.045796	 -0.054483	 -0.023821	  0.051681	 -0.017106	  0.092863
 -0.062993	 -0.040982	 -0.056732	 -0.017138	  0.022699	 -0.004373	  0.095777
 -0.035467	 -0.046873	 -0.073488	 -0.020654	  0.026119	  0.027968	  0.084152
 -0.064133	 -0.071231	 -0.052646	 -0.006685	 -0.019936	  0.024832	  0.079274
 -0.002841	 -0.006953	 -0.027100	  0.005960	 -0.035350	 -0.007395	 -0.042787
  0.023893	  0.005496	 -0.008728	 -0.023308	 -0.033196	 -0.001693	 -0.057896
  0.039572	 -0.008727	 -0.019593	 -0.000850	 -0.022109	  0.002425	 -0.056978
  0.046667	  0.002803	 -0.015443	  0.022589	 -0.012733	 -0.001440	 -0.059480
  0.051387	 -0.015378	 -0.031788	  0.013150	 -0.001109	 -0.010024	 -0.084123
  0.057247	 -0.017564	 -0.027417	  0.010996	  0.002851	  0.005339	 -0.032873
  0.022689	 -0.022410	 -0.015697	 -0.005032	  0.026100	 -0.005747	 -0.031479
  0.011349	 -0.027130	 -0.003628	 -0.006014	  0.030662	 -0.025703	 -0.073100
  0.018951	  0.000554	 -0.027765	  0.014164	  0.039784	  0.068975	  0.198040
  0.006345	  0.007681	  0.000648	  0.015462	 -0.075672	 -0.117688	 -0.375758
 -0.001986	  0.015980	  0.079741	  0.037603	 -0.003041	  0.183576	  0.606272
 -0.022068	 -0.012844	  0.067989	 -0.005728	 -0.115868	 -0.260512	 -0.751174
 -0.015670	 -0.017184	  0.048573	  0.034119	  0.048653	  0.240781	  0.777382
 -0.055232	 -0.042081	  0.039925	 -0.040508	 -0.107316	 -0.236407	 -0.749083
 -0.056816	 -0.005622	  0.036504	 -0.012824	  0.031454	  0.190481	  0.510486
 -0.051811	  0.007269	 -0.008443	 -0.026666	 -0.027684	 -0.104258	 -0.333408
 -0.028118	  0.015695	 -0.014176	 -0.019887	  0.043142	 -0.004037	  0.111060
 -0.001416	  0.041669	 -0.022539	 -0.006552	  0.070129	  0.032516	  0.194841
 -0.014529	  0.034827	 -0.035272	 -0.015326	  0.010738	 -0.144897	 -0.415542
 -0.027611	  0.043918	 -0.015792	  0.008652	  0.130566	  0.195708	  0.665600
 -0.028593	  0.029537	 -0.036824	 -0.039083	 -0.008647	 -0.260734	 -0.772555
 -0.014371	  0.033940	  0.014078	  0.040644	  0.187803	  0.287344	  0.908866
 -0.003063	  0.020953	  0.022092	 -0.002308	 -0.009408	 -0.252118	 -0.830077
  0.018096	 -0.002265	  0.013445	  0.043970	  0.169495	  0.297132	  0.799460
  0.039730	 -0.027668	  0.018734	 -0.022200	  0.043585	 -0.158708	 -0.626626
  0.035771	 -0.000364	  0.016264	 -0.007787	  0.154227	  0.194250	  0.428478
  0.007833	  0.005907	 -0.023584	 -0.041743	  0.087297	  0.007176	 -0.205661
  0.014897	  0.014650	 -0.030869	 -0.078582	  0.070161	  0.007778	 -0.108925
  0.050595	  0.009138	 -0.010724	 -0.040065	  0.104338	  0.179680	  0.290817
  0.066654	  0.000998	 -0.003597	 -0.052766	 -0.040291	 -0.115217	 -0.613956
  0.076284	  0.000618	  0.042459	  0.003711	  0.067310	  0.312336	  0.709755
  0.065102	 -0.026750	  0.031404	 -0.028725	 -0.089546	 -0.190795	 -0.877970
  0.053224	 -0.036221	  0.053641	  0.027911	  0.114570	  0.361971	  0.862525
  0.043183	 -0.019876	  0.047084	 -0.057296	 -0.068387	 -0.158961	 -0.802583
  0.047808	 -0.022347	  0.064283	  0.002982	  0.062971	  0.309612	  0.772345
  0.059179	 -0.032261	  0.057537	 -0.039304	 -0.088818	 -0.121457	 -0.486970
  0.054016	 -0.052407	  0.036694	  0.032630	  0.013367	  0.143855	  0.349765
  0.061365	  0.005717	  0.044360	 -0.019317	 -0.005163	  0.069323	  0.026487
  0.019110	  0.040782	  0.067134	 -0.005253	 -0.014792	  0.010534	 -0.202019
  0.006883	  0.018609	  0.024974	  0.020150	  0.025119	  0.228745	  0.478842
  0.032762	  0.015505	  0.011354	 -0.028661	 -0.068419	 -0.135046	 -0.659347
  0.053699	  0.030836	  0.021110	  0.050368	  0.111402	  0.320350	  0.804749
  0.045400	  0.070778	  0.010721	  0.016064	 -0.074754	 -0.222153	 -0.876323
  0.061713	  0.094345	  0.018133	  0.085813	  0.125213	  0.333052	  0.867561
  0.066053	  0.077367	  0.026115	  0.068328	 -0.030693	 -0.172423	 -0.779238
  0.050373	  0.070778	  0.033590	  0.115303	  0.078935	  0.272488	  0.626322
  0.053002	  0.052312	  0.023454	  0.047676	 -0.005480	 -0.026336	 -0.360174
  0.033902	  0.047402	  0.009739	  0.038680	  0.035983	  0.130488	  0.168297
  0.003525	  0.009392	  0.000901	  0.050178	 -0.001235	  0.098053	  0.112929
  0.002575	 -0.018071	 -0.060581	  0.040232	 -0.030693	 -0.109611	 -0.373699
  0.048346	 -0.013795	 -0.067391	  0.060790	  0.050649	  0.232071	  0.605036
  0.053161	  0.019908	 -0.093143	  0.010204	 -0.113619	 -0.179550	 -0.732454
  0.057152	  0.029506	 -0.064128	  0.051477	  0.049920	  0.325291	  0.871616
  0.034536	 -0.014745	 -0.043983	 -0.023625	 -0.073202	 -0.236407	 -0.873884
  0.042581	 -0.041225	  0.006698	 -0.008484	  0.081786	  0.315218	  0.794392
  0.041409	 -0.058615	  0.006539	 -0.062554	 -0.044694	 -0.174799	 -0.682628
  0.034377	 -0.057823	 -0.019434	 -0.019951	  0.056699	  0.209581	  0.500888
  0.042359	 -0.075561	 -0.022412	 -0.025811	 -0.017960	 -0.030771	 -0.211902
  0.060858	 -0.065647	  0.000426	 -0.017005	 -0.003738	  0.015665	  0.058922
  0.042549	 -0.063778	 -0.009108	 -0.020869	  0.031264	  0.133434	  0.372381
  0.028486	 -0.012559	 -0.075310	 -0.064486	 -0.066106	 -0.093583	 -0.448991
  0.029816	  0.022759	 -0.078002	 -0.065025	  0.048337	  0.321458	  0.753784
 -0.010222	  0.042556	 -0.066472	 -0.081686	 -0.136996	 -0.168337	 -0.773790
  0.007643	  0.047560	 -0.056368	  0.004883	  0.051314	  0.350790	  0.926129
  0.002702	  0.052787	 -0.040308	 -0.029358	 -0.135127	 -0.229755	 -0.828968
 -0.001954	  0.091051	  0.017847	  0.070704	  0.030662	  0.238501	  0.760341
 -0.021973	  0.105526	  0.002422	  0.037223	 -0.121538	 -0.184079	 -0.531125
 -0.038508	  0.098970	 -0.003913	  0.038237	 -0.018815	  0.128017	  0.384355
 -0.054757	  0.071349	 -0.019023	  0.038617	 -0.051884	 -0.033717	 -0.101893
 -0.059255	  0.091748	 -0.029032	  0.020245	 -0.057332	 -0.063808	 -0.162266
 -0.021340	  0.095834	 -0.032706	  0.015652	 -0.014096	  0.094125	  0.463289
 -0.005724	  0.098970	 -0.046453	  0.004629	 -0.115045	 -0.215628	 -0.595204
 -0.021846	  0.072204	 -0.034480	  0.049133	  0.035128	  0.241193	  0.807917
 -0.000941	  0.074548	  0.007110	  0.000195	 -0.101108	 -0.263109	 -0.813416
  0.020377	  0.073122	 -0.007271	  0.045079	  0.061545	  0.296973	  0.949917
  0.013978	  0.052945	 -0.034860	  0.004566	 -0.104370	 -0.259847	 -0.706068
  0.000358	  0.013858	  0.031563	  0.044128	  0.060690	  0.176354	  0.762178
 -0.007149	  0.008727	  0.031088	  0.004946	 -0.050459	 -0.171409	 -0.311869
 -0.017760	 -0.011387	  0.024974	  0.016856	 -0.000253	  0.036254	  0.347833
 -0.055042	 -0.022030	 -0.000017	  0.028924	 -0.013177	 -0.029726	  0.157211
 -0.058748	  0.024944	 -0.024756	 -0.001959	 -0.067753	 -0.178663	 -0.240378
 -0.032109	  0.016107	 -0.021842	  0.000131	  0.033608	  0.089912	  0.605036
 -0.006389	  0.012401	 -0.019054	 -0.056282	 -0.126575	 -0.258390	 -0.685701
 -0.017792	  0.024342	 -0.028494	  0.016634	  0.026195	  0.272679	  0.858407
 -0.016905	 -0.025198	 -0.042367	 -0.029453	 -0.178174	 -0.241032	 -0.858648
 -0.026851	 -0.038850	 -0.026530	 -0.013774	 -0.025404	  0.312558	  0.876621
  0.011856	 -0.029347	 -0.004072	 -0.046748	 -0.145516	 -0.214139	 -0.654596
  0.022246	 -0.036506	  0.032830	 -0.002688	 -0.003104	  0.129126	  0.589452
 -0.012629	 -0.023772	  0.024658	 -0.044752	 -0.076528	 -0.118005	 -0.261315
 -0.045571	 -0.004134	  0.034667	 -0.004113	 -0.027653	  0.007429	  0.093195
 -0.027263	 -0.004735	  0.053451	 -0.010258	  0.037820	  0.067581	  0.221385
 -0.035689	 -0.005496	  0.068496	 -0.030530	 -0.037314	 -0.183351	 -0.452412
 -0.004710	 -0.002360	  0.067736	  0.045902	  0.071871	  0.197766	  0.666297
 -0.014276	  0.000333	  0.072076	  0.061677	 -0.047576	 -0.240113	 -0.807904
 -0.020801	  0.007713	  0.071379	  0.119357	  0.116090	  0.317372	  0.870571
 -0.036227	  0.018007	  0.054749	  0.018693	 -0.107728	 -0.257440	 -0.843729
 -0.053395	  0.011134	  0.034319	  0.056197	  0.059455	  0.260293	  0.839592
 -0.047915	 -0.011514	  0.023137	 -0.035915	 -0.080487	 -0.177364	 -0.557067
 -0.023684	 -0.001029	  0.043061	  0.021005	  0.034114	  0.171254	  0.446185
 -0.027706	  0.005812	  0.017752	  0.002222	  0.007665	 -0.002105	 -0.153999
 -0.035372	  0.027605	 -0.014050	  0.034531	 -0.036395	  0.020195	 -0.083363
 -0.027010	  0.044646	 -0.012276	  0.070609	 -0.018245	  0.167231	  0.383088
 -0.020041	  0.013636	 -0.035842	  0.050464	 -0.102565	 -0.116231	 -0.538094
 -0.031983	  0.026275	 -0.017312	  0.081220	  0.038390	  0.307711	  0.833827
 -0.031634	  0.016740	 -0.013638	  0.028956	 -0.093917	 -0.199600	 -0.746961
  0.003937	  0.002201	  0.001281	  0.099592	  0.061292	  0.344867	  0.987833
  0.025223	 -0.006921	 -0.033973	  0.047518	 -0.134335	 -0.210655	 -0.775627
  0.035549	 -0.050855	 -0.031693	  0.102348	  0.009914	  0.269289	  0.740639
  0.037418	 -0.071412	 -0.046105	  0.016476	 -0.101076	 -0.095674	 -0.452285
  0.049898	 -0.065900	 -0.062291	  0.038395	 -0.006430	  0.107777	  0.329303
  0.041884	 -0.051298	 -0.086934	  0.022494	 -0.005353	  0.023267	  0.099720
  0.035137	 -0.063842	 -0.047277	  0.008050	 -0.009027	 -0.059057	 -0.145320
  0.005141	 -0.043411	 -0.028874	  0.042418	  0.061894	  0.155353	  0.580108
  0.004951	 -0.029347	 -0.011389	 -0.006362	 -0.083813	 -0.179233	 -0.617092
  0.018951	  0.016614	 -0.011547	  0.030001	  0.052581	  0.282213	  0.864362
  0.015309	 -0.022189	 -0.002140	 -0.018145	 -0.121316	 -0.241190	 -0.705245
 -0.018331	 -0.010437	  0.042839	  0.045871	  0.045993	  0.225641	  0.740575
 -0.039490	 -0.019338	  0.046007	  0.017299	 -0.100949	 -0.125670	 -0.383962
 -0.069645	 -0.016012	  0.040020	  0.040232	 -0.055052	  0.139547	  0.352584
 -0.069138	 -0.027858	  0.020160	  0.024807	 -0.089514	  0.018959	 -0.025176
 -0.078292	  0.014903	 -0.004294	  0.015684	 -0.074120	  0.044458	  0.084041
 -0.088460	  0.019686	  0.015884	  0.013213	 -0.089103	  0.033530	  0.061235
 -0.076550	  0.006414	 -0.002235	 -0.009466	 -0.079568	  0.008601	 -0.003288
 -0.104709	 -0.007523	  0.002643	 -0.011778	 -0.080899	  0.021272	  0.053949
 -0.146679	 -0.018863	  0.007806	 -0.018652	 -0.096990	 -0.004829	  0.018441
 -0.112501	 -0.039357	 -0.011484	 -0.014217	 -0.072600	 -0.023232	  0.000703
 -0.076043	 -0.024913	 -0.032833	 -0.000280	 -0.037314	 -0.006001	 -0.015673
 -0.072622	 -0.024944	 -0.055988	  0.008874	 -0.032024	 -0.040939	 -0.001863
 -0.041295	 -0.021523	 -0.071192	  0.008399	 -0.027114	 -0.033780	  0.003364
 -0.015892	 -0.032293	 -0.063051	 -0.025811	 -0.017421	 -0.036631	 -0.029959
 -0.006896	 -0.014143	 -0.052915	 -0.041553	 -0.035413	 -0.049016	 -0.009053
  0.001720	 -0.003912	 -0.080948	 -0.037182	 -0.022616	 -0.002612	 -0.015356
 -0.018077	  0.007935	 -0.090831	 -0.054033	 -0.039594	  0.014081	  0.006405
 -0.047662	 -0.025958	 -0.107080	 -0.053336	  0.004086	  0.033276	  0.028102
 -0.053363	 -0.028365	 -0.079839	 -0.088781	 -0.024200	  0.008095	  0.047963
 -0.031507	 -0.044298	 -0.070368	 -0.103130	 -0.011973	 -0.000363	  0.043877
 -0.038951	 -0.026401	 -0.093491	 -0.063631	 -0.011340	  0.019624	  0.053411
 -0.040313	  0.029822	 -0.100555	 -0.079469	 -0.028223	 -0.005811	  0.037542
 -0.037494	  0.038786	 -0.092383	 -0.051563	 -0.017421	  0.005751	  0.036940
 -0.047598	  0.017976	 -0.045947	 -0.044816	 -0.039467	  0.000778	  0.038524
 -0.031254	  0.004672	 -0.018896	 -0.037309	 -0.053088	  0.031091	  0.024586
 -0.015638	  0.008885	 -0.003185	 -0.037657	 -0.061830	  0.007588	  0.008495
  0.010779	  0.037266	 -0.007873	 -0.027584	 -0.070668	 -0.007078	  0.010301
  0.020408	  0.028999	 -0.028810	 -0.030625	 -0.067817	  0.001855	 -0.006075
 -0.005407	  0.034162	 -0.014176	 -0.047382	 -0.067057	 -0.002073	 -0.023877
  0.001308	  0.047149	 -0.027290	 -0.035060	 -0.092619	 -0.035491	 -0.045733
 -0.010602	  0.000713	 -0.038851	 -0.010733	 -0.102248	 -0.002580	  0.003491
  0.027947	 -0.001726	 -0.023172	 -0.029960	 -0.117325	 -0.030359	  0.033550
  0.021992	 -0.008188	 -0.034702	 -0.041680	 -0.113303	 -0.033622	  0.051890
  0.034251	 -0.036601	 -0.043001	 -0.010258	 -0.112859	 -0.043378	  0.038840
  0.024621	 -0.014270	 -0.023869	 -0.003321	 -0.100759	 -0.033495	 -0.000786
  0.014263	 -0.014175	 -0.036729	  0.026105	 -0.068355	 -0.019780	  0.005835
 -0.016430	 -0.000618	 -0.039326	  0.014924	 -0.072346	 -0.025798	  0.046316
 -0.012629	  0.015030	 -0.015443	 -0.007186	 -0.059328	 -0.015408	  0.014007
 -0.048929	  0.061498	 -0.029951	 -0.018019	 -0.044440	  0.001094	  0.033677
 -0.068504	  0.073946	 -0.046960	 -0.011303	 -0.063699	 -0.007870	  0.044890
 -0.050196	  0.088105	 -0.004515	 -0.036422	 -0.050997	 -0.013540	  0.040392
 -0.053807	  0.073408	 -0.005339	 -0.014883	 -0.057047	 -0.031880	  0.047519
 -0.057545	  0.056683	  0.000584	 -0.019634	 -0.051441	 -0.015218	  0.058701
 -0.036132	  0.044108	  0.033527	 -0.003986	 -0.029901	  0.008855	  0.096679
 -0.084690	  0.076417	  0.013381	  0.025345	 -0.013209	  0.001886	  0.105960
 -0.091120	  0.105178	 -0.022317	  0.043843	 -0.043839	  0.036761	  0.093924
 -0.087383	  0.130803	 -0.015633	  0.029780	 -0.080297	  0.015158	  0.101304
 -0.089917	  0.096784	 -0.001728	  0.012168	 -0.103768	 -0.009390	  0.060886
 -0.109207	  0.043791	  0.038785	 -0.012950	 -0.088754	  0.020131	  0.070801
 -0.110981	  0.010500	  0.052437	 -0.032272	 -0.078428	  0.034195	  0.055977
 -0.133249	  0.000586	  0.045373	 -0.030625	 -0.072346	  0.023362	  0.069660
 -0.091469	 -0.032673	  0.005272	 -0.023498	 -0.068387	  0.034385	  0.044795
 -0.071355	 -0.023424	  0.043378	 -0.010860	 -0.071776	  0.081391	  0.090408
 -0.077500	 -0.042334	  0.039007	 -0.001547	 -0.046563	  0.059535	  0.091991
 -0.066414	 -0.028429	  0.024911	 -0.033761	 -0.038454	  0.012339	  0.057339
 -0.074079	 -0.040148	  0.051803	 -0.041110	 -0.008331	  0.011452	  0.045809
 -0.070088	 -0.042049	  0.050885	 -0.061857	  0.011752	  0.025611	  0.056040
 -0.099641	 -0.023044	  0.048731	 -0.055269	  0.004118	  0.052535	  0.063705
 -0.099958	 -0.058964	  0.049998	 -0.058468	 -0.024453	  0.024154	  0.066841
 -0.052223	 -0.065552	  0.040400	 -0.040856	 -0.070034	  0.008887	  0.043813
 -0.047630	 -0.071982	  0.019621	  0.013055	 -0.079790	  0.032326	  0.030320
 -0.047567	 -0.045280	 -0.035209	  0.019232	 -0.091383	  0.052345	  0.017174
 -0.015068	 -0.062511	 -0.056209	  0.023223	 -0.095786	  0.032231	  0.020912
 -0.053395	 -0.046135	 -0.044680	  0.004028	 -0.109375	  0.035304	  0.000798
 -0.020326	 -0.012528	 -0.077844	  0.001905	 -0.099365	  0.062354	 -0.043072
  0.004476	 -0.009043	 -0.070242	  0.006055	 -0.116058	  0.067739	 -0.038226
 -0.017634	 -0.035080	 -0.110754	  0.021956	 -0.110262	  0.058268	 -0.013867
 -0.007339	 -0.023836	 -0.082278	  0.010806	 -0.100442	  0.042241	 -0.003446
 -0.028403	  0.014777	 -0.057920	 -0.026191	 -0.068609	  0.025073	 -0.012252
 -0.039268	  0.025388	 -0.035399	  0.000417	 -0.078555	 -0.003118	 -0.014564
 -0.098184	  0.021745	 -0.070495	 -0.006172	 -0.042857	 -0.015313	  0.040329
 -0.133249	 -0.009835	 -0.088518	 -0.023403	 -0.013969	 -0.003245	  0.047108
 -0.125551	  0.000333	 -0.071794	 -0.028250	 -0.045803	 -0.019019	  0.066429
 -0.109080	  0.016867	 -0.022412	 -0.040983	 -0.055052	 -0.008440	  0.087367
 -0.098754	  0.007808	  0.008883	  0.002412	 -0.061640	 -0.006001	  0.084421
 -0.117157	  0.017184	  0.024183	  0.024363	 -0.048210	 -0.006318	  0.090408
 -0.121117	 -0.007650	  0.036884	  0.019612	 -0.033354	 -0.009327	  0.101146
 -0.089948	 -0.046895	 -0.003343	  0.008874	 -0.057396	  0.014113	  0.093797
 -0.096347	 -0.039927	  0.002802	 -0.008643	 -0.069907	  0.045852	  0.099879
 -0.111361	  0.005432	 -0.009995	 -0.018779	 -0.033576	  0.066346	  0.075615
 -0.111456	 -0.001441	 -0.033435	 -0.030974	 -0.016661	  0.035937	  0.081950
 -0.088365	 -0.022980	 -0.039168	 -0.051848	  0.016946	  0.028430	  0.075045
 -0.068758	 -0.018356	 -0.021145	 -0.033729	  0.007982	  0.021715	  0.069629
 -0.048137	 -0.049683	 -0.009140	 -0.046495	 -0.014032	  0.031566	  0.027691
 -0.033978	 -0.001726	  0.005716	 -0.029390	 -0.042096	  0.038693	  0.063927
 -0.007656	  0.031596	 -0.014778	 -0.056852	 -0.058409	  0.059219	  0.046822
 -0.006706	 -0.002550	 -0.010914	 -0.066735	 -0.073012	  0.059757	  0.032062
 -0.016462	 -0.010722	  0.014522	 -0.059101	 -0.074120	  0.043128	  0.020437
 -0.015987	 -0.037519	 -0.012086	 -0.057486	 -0.062084	 -0.004734	  0.037953
 -0.016208	 -0.044615	  0.012209	 -0.038069	 -0.055844	 -0.020635	  0.046949
 -0.004900	 -0.023487	  0.016992	 -0.023087	 -0.054545	 -0.013350	  0.064972
 -0.012914	 -0.031153	 -0.022602	 -0.032146	 -0.044789	  0.012973	  0.045302
 -0.002715	 -0.026085	 -0.022285	 -0.038132	 -0.049002	  0.018864	  0.039379
  0.013028	 -0.009328	 -0.034987	  0.022748	 -0.052898	  0.021272	  0.073335
 -0.042752	 -0.011419	 -0.032738	  0.017458	 -0.043870	  0.040340	  0.066620
 -0.071672	 -0.045945	 -0.045313	 -0.005190	 -0.025372	  0.046770	  0.044352
 -0.073097	 -0.059660	 -0.034797	 -0.016878	 -0.022521	  0.046295	  0.089901
