:RUN-5	LEVEL SWEEP	TEMP:NaN	8/27/2019	4:01 PM	HR:-636.36:SW EAR: R	SW FREQ: 22.60	# AVERAGES: 512	REP RATE (/sec): 80	DRIVER: 	SAMPLE (µsec): 40	MASKER dB: 2147483647:NOTES-:CHAMBER-SEWELL-PXI1:CFTS Version: V2.7.2 (R850):LEVELS:20;30;40;50;60;70;80;:DATA -0.011104	  0.016956	 -0.026615	 -0.015611	 -0.054971	 -0.063770	  0.022700
 -0.027828	  0.008087	 -0.034946	 -0.012380	 -0.055921	 -0.073526	  0.027546
 -0.021968	  0.035042	 -0.037607	 -0.018240	 -0.035206	 -0.074508	 -0.003274
 -0.014271	  0.033554	 -0.035674	  0.000955	 -0.045342	 -0.053064	 -0.014962
 -0.022824	  0.039129	 -0.011759	  0.009381	 -0.027794	 -0.032919	 -0.007772
 -0.003217	  0.041979	  0.015671	  0.045332	 -0.037359	  0.001037	 -0.007106
 -0.000493	  0.056297	  0.021531	  0.042260	  0.009647	  0.001196	  0.000844
  0.003499	  0.038622	  0.041899	  0.031838	  0.019498	  0.005345	 -0.019586
  0.003942	  0.025952	  0.041075	  0.031585	  0.022792	 -0.015339	 -0.048823
  0.028997	 -0.007244	  0.020581	  0.030571	  0.009172	 -0.035991	 -0.065294
  0.025766	 -0.022765	  0.007753	  0.060790	  0.019434	 -0.015022	 -0.075113
 -0.001189	 -0.009842	 -0.000736	  0.035608	  0.014018	 -0.018063	 -0.059846
 -0.032833	  0.004507	 -0.001750	  0.034277	  0.013543	 -0.019615	 -0.041981
 -0.036571	 -0.002398	 -0.005583	  0.008652	  0.029222	 -0.049802	 -0.058230
 -0.028145	 -0.020611	  0.043261	 -0.020648	  0.022349	 -0.055281	 -0.034981
  0.004037	 -0.051875	  0.041360	 -0.048047	 -0.005336	  0.016527	  0.018107
  0.041002	 -0.046617	  0.012124	 -0.073102	 -0.003150	  0.072148	  0.043637
  0.037454	 -0.046775	 -0.011696	 -0.055015	 -0.009612	  0.108575	  0.077498
  0.034192	 -0.051083	 -0.033235	 -0.045671	  0.045883	  0.162201	  0.115699
  0.021553	 -0.040915	 -0.045652	 -0.042535	  0.069133	  0.139870	  0.130935
  0.009739	 -0.054250	 -0.062883	 -0.014091	  0.059915	  0.111489	  0.138062
  0.017594	 -0.053807	 -0.067413	 -0.012950	  0.016457	  0.115227	  0.132328
  0.017594	 -0.039205	 -0.051354	  0.018440	  0.014525	  0.105408	  0.120989
 -0.007683	 -0.014529	 -0.019457	  0.037160	  0.024217	  0.070723	  0.090232
 -0.018864	  0.012775	  0.032586	  0.028608	  0.024502	  0.031097	  0.068123
  0.000109	  0.006630	  0.019441	  0.077799	  0.019593	  0.023020	  0.052792
 -0.032580	  0.003082	  0.003445	  0.103298	  0.045186	  0.002811	  0.043479
 -0.008760	 -0.013643	 -0.010556	  0.072383	  0.070590	  0.001608	  0.082883
  0.029504	 -0.040123	  0.030780	  0.047930	  0.085287	  0.061949	  0.111961
 -0.012593	 -0.046110	  0.040663	  0.056925	  0.062038	  0.126218	  0.165334
 -0.050508	 -0.050481	  0.035057	  0.065098	  0.081011	  0.147979	  0.196217
 -0.049241	 -0.055169	  0.045763	  0.089139	  0.097292	  0.198406	  0.223997
 -0.048101	 -0.076771	  0.048709	  0.091008	  0.101664	  0.226344	  0.231916
 -0.063463	 -0.114592	  0.104901	  0.109855	  0.087821	  0.210063	  0.219150
 -0.019624	 -0.122352	  0.112123	  0.105579	  0.079016	  0.158812	  0.180855
 -0.005497	 -0.085070	  0.118204	  0.131172	  0.097577	  0.093941	  0.109807
  0.003720	 -0.047598	  0.129227	  0.106022	  0.084305	  0.066922	 -0.010559
  0.018228	 -0.024476	  0.131381	  0.107986	  0.071033	 -0.014357	 -0.088892
  0.023992	 -0.026218	  0.126060	  0.082931	  0.023172	 -0.096618	 -0.155315
  0.049048	 -0.026661	  0.139870	  0.080682	  0.005592	 -0.123795	 -0.268459
  0.047020	 -0.015923	  0.155011	  0.064527	 -0.031024	 -0.159842	 -0.333077
  0.028997	 -0.030747	  0.157228	  0.019897	 -0.017816	 -0.214545	 -0.401401
  0.018196	 -0.007529	  0.134897	 -0.060527	 -0.056966	 -0.309412	 -0.446760
  0.041002	 -0.002778	  0.147726	 -0.072342	 -0.106032	 -0.389424	 -0.473905
  0.052469	 -0.018584	  0.142594	 -0.097080	 -0.159880	 -0.411470	 -0.498612
  0.056206	  0.004001	  0.110761	 -0.140190	 -0.200012	 -0.401271	 -0.507608
  0.059310	 -0.010507	  0.067207	 -0.137023	 -0.160070	 -0.405230	 -0.485752
  0.058075	 -0.001923	  0.052668	 -0.121375	 -0.115186	 -0.353948	 -0.420184
  0.040559	  0.021295	  0.064071	 -0.099899	 -0.131752	 -0.298991	 -0.359494
  0.031183	 -0.004235	  0.074017	 -0.087007	 -0.105937	 -0.273968	 -0.302827
  0.039482	 -0.012122	  0.042089	 -0.054382	 -0.082750	 -0.235577	 -0.248282
  0.072899	 -0.009398	  0.060207	 -0.077125	 -0.037138	 -0.166367	 -0.161619
  0.061939	 -0.008163	  0.077502	 -0.068857	 -0.060799	 -0.097916	 -0.075937
  0.050251	 -0.012471	  0.067492	 -0.052228	 -0.055953	 -0.040426	  0.036099
  0.038563	 -0.033503	  0.055836	 -0.018209	 -0.008503	  0.037401	  0.119563
  0.007965	 -0.010602	  0.054347	  0.035354	  0.015728	  0.092674	  0.195457
 -0.012814	 -0.006611	  0.053048	  0.073872	  0.016742	  0.121530	  0.254120
  0.020413	 -0.018014	  0.023020	  0.106085	  0.029982	  0.168251	  0.267360
  0.038817	 -0.047472	 -0.011221	  0.136240	  0.043508	  0.182664	  0.252600
  0.041572	 -0.062898	  0.005947	  0.135607	  0.049146	  0.184152	  0.264256
  0.023992	 -0.050766	  0.041740	  0.132122	  0.032009	  0.193116	  0.245758
  0.020920	 -0.025584	  0.038636	  0.161074	  0.032548	  0.192800	  0.201095
  0.021744	 -0.002176	  0.036387	  0.127086	  0.010249	  0.174048	  0.138600
  0.000743	 -0.001511	  0.047568	  0.088125	  0.003913	  0.129607	  0.053425
 -0.035462	 -0.027010	  0.085167	  0.085180	 -0.038310	  0.063311	 -0.023894
 -0.047309	 -0.037241	  0.042500	  0.065636	 -0.051265	  0.017952	 -0.139636
 -0.053232	 -0.034358	  0.046333	  0.045332	 -0.079551	 -0.011348	 -0.166655
 -0.050698	 -0.067110	  0.015988	  0.056133	 -0.090289	 -0.082300	 -0.195701
  0.002770	 -0.038508	  0.014056	  0.025472	 -0.119082	 -0.121641	 -0.237608
 -0.009932	  0.003430	  0.001512	  0.033897	 -0.142490	 -0.171403	 -0.284709
 -0.037394	  0.007390	 -0.010144	  0.042545	 -0.171758	 -0.219771	 -0.296967
 -0.053295	  0.027694	 -0.037511	 -0.027679	 -0.166246	 -0.253284	 -0.280464
 -0.072237	  0.007168	 -0.015244	 -0.081052	 -0.154495	 -0.248026	 -0.277265
 -0.079301	 -0.019154	 -0.008972	 -0.088813	 -0.140779	 -0.265415	 -0.265197
 -0.033277	 -0.013643	 -0.019710	 -0.063631	 -0.127476	 -0.257655	 -0.231906
 -0.048417	 -0.022163	 -0.030606	 -0.060558	 -0.160196	 -0.199657	 -0.199787
 -0.048639	 -0.001828	 -0.052431	 -0.054984	 -0.165423	 -0.181919	 -0.229784
 -0.040023	  0.004634	 -0.062250	 -0.104714	 -0.128869	 -0.173114	 -0.169601
 -0.012244	 -0.013167	 -0.062820	 -0.102148	 -0.121489	 -0.166208	 -0.112205
 -0.007651	 -0.009271	 -0.031176	 -0.133443	 -0.116263	 -0.135705	 -0.100042
  0.000711	 -0.071640	 -0.010904	 -0.106963	 -0.088452	 -0.151669	 -0.068398
  0.014712	 -0.070626	 -0.012900	 -0.076428	 -0.065075	 -0.156326	 -0.054588
 -0.010914	 -0.052065	 -0.008339	 -0.044246	 -0.031024	 -0.121324	 -0.029406
 -0.013733	 -0.034517	 -0.022149	 -0.011715	 -0.026051	 -0.095604	 -0.014328
  0.003942	 -0.054725	 -0.044480	 -0.011367	 -0.022599	 -0.108274	 -0.001532
  0.010087	 -0.051843	 -0.060096	  0.006023	  0.019529	 -0.093894	  0.013894
 -0.003217	 -0.046902	 -0.038525	 -0.047540	  0.069640	 -0.085024	  0.022542
  0.005684	 -0.012439	 -0.007958	 -0.036168	  0.061246	 -0.044797	  0.012437
  0.028047	 -0.014466	  0.016305	  0.009127	  0.044490	 -0.024810	  0.016618
  0.058170	 -0.008860	  0.006707	  0.004344	  0.077432	 -0.026964	  0.059095
  0.076035	  0.016544	 -0.011728	  0.001493	  0.076260	 -0.009130	  0.089883
  0.048351	  0.000960	 -0.017936	  0.000860	  0.102455	  0.027328	  0.077213
  0.042079	 -0.031571	 -0.024588	  0.020562	  0.118958	  0.020106	  0.042719
  0.036979	 -0.054947	 -0.006533	  0.017933	  0.129855	  0.023083	  0.057416
  0.053862	 -0.063500	  0.005282	  0.014639	  0.103627	  0.027518	  0.029004
  0.037961	 -0.026598	  0.003065	  0.008842	  0.121682	 -0.011063	  0.040533
 -0.001506	 -0.022923	  0.014848	  0.013879	  0.088138	 -0.022529	  0.051588
 -0.014303	 -0.023462	  0.025934	  0.019865	  0.043223	 -0.031525	  0.046140
 -0.005212	 -0.032521	  0.005567	  0.036400	  0.032168	 -0.023574	  0.057195
  0.037138	 -0.030716	  0.035310	  0.017680	  0.043666	 -0.009130	  0.066507
  0.033210	 -0.029195	  0.019029	 -0.005919	  0.072744	 -0.003587	  0.067046
  0.038500	 -0.032204	  0.035025	 -0.029295	  0.068246	 -0.005900	  0.062421
  0.027033	 -0.033978	  0.039491	 -0.035155	  0.045947	 -0.017714	  0.076675
 -0.003502	 -0.034453	  0.023400	 -0.051468	  0.080378	 -0.041629	  0.087730
 -0.030584	 -0.019502	  0.026156	 -0.036897	  0.121302	 -0.038810	  0.076485
 -0.006891	 -0.051558	  0.018332	 -0.042662	  0.140086	 -0.062535	  0.048325
  0.007458	 -0.052191	  0.038699	 -0.018779	  0.088708	 -0.081033	  0.046963
  0.010150	 -0.020294	  0.030369	 -0.016150	  0.084210	 -0.045747	  0.035877
  0.006223	 -0.015290	  0.031572	  0.013150	  0.065015	 -0.013597	  0.030112
  0.020730	 -0.007529	  0.028785	  0.039250	  0.064065	 -0.003556	  0.015795
  0.013698	 -0.044748	  0.024350	  0.009317	  0.041734	 -0.011348	 -0.001056
  0.021712	 -0.037494	  0.031414	  0.009919	  0.030742	 -0.032760	 -0.037990
  0.042871	 -0.032933	  0.036672	  0.008969	  0.037933	 -0.051829	 -0.036406
  0.002168	 -0.005819	  0.029767	 -0.001642	 -0.003594	 -0.058449	 -0.052085
 -0.020765	  0.002639	  0.027518	  0.022716	 -0.010499	 -0.061458	 -0.053289
 -0.012593	  0.005964	 -0.001180	  0.043780	 -0.024056	 -0.110745	 -0.109196
 -0.005497	 -0.002810	 -0.012741	  0.025598	 -0.039133	 -0.125791	 -0.141283
  0.009865	  0.017431	 -0.041122	  0.017268	 -0.030074	 -0.124999	 -0.112744
  0.013825	  0.001815	 -0.061616	 -0.009244	 -0.037423	 -0.137130	 -0.098078
  0.028965	  0.021960	 -0.059558	  0.019897	 -0.052247	 -0.157846	 -0.118128
  0.057283	  0.033775	 -0.042136	  0.037635	 -0.081040	 -0.190567	 -0.113694
  0.059786	 -0.015385	 -0.042294	 -0.027363	 -0.101945	 -0.147203	 -0.105585
  0.025798	 -0.056436	 -0.024430	 -0.050422	 -0.087375	 -0.112804	 -0.098300
  0.017087	 -0.064386	  0.008639	 -0.052228	 -0.055668	 -0.116066	 -0.049995
  0.011101	 -0.124031	 -0.008909	 -0.059165	 -0.057061	 -0.100640	 -0.048379
  0.000014	 -0.120420	  0.005852	 -0.064486	 -0.063808	 -0.109098	 -0.038908
  0.001851	 -0.102048	  0.009336	 -0.063092	 -0.087058	 -0.102161	 -0.065452
 -0.039865	 -0.085736	 -0.010936	 -0.058848	 -0.112272	 -0.087368	 -0.119364
 -0.097767	 -0.057354	 -0.031366	 -0.077536	 -0.118227	 -0.068395	 -0.132857
 -0.110121	 -0.053047	 -0.034756	 -0.057644	 -0.118543	 -0.040172	 -0.106599
 -0.113922	 -0.099039	 -0.030448	 -0.046653	 -0.075560	 -0.050720	 -0.112648
 -0.119687	 -0.075948	 -0.010809	 -0.050581	 -0.069795	 -0.107451	 -0.126871
 -0.101790	 -0.105533	  0.003065	 -0.065912	 -0.061876	 -0.121198	 -0.131400
 -0.081645	 -0.111012	  0.001829	 -0.050676	 -0.060261	 -0.159715	 -0.138337
 -0.095233	 -0.105058	  0.029513	 -0.012317	 -0.053007	 -0.174539	 -0.157121
 -0.084115	 -0.088713	  0.030780	 -0.015928	 -0.051423	 -0.135515	 -0.224684
 -0.041670	 -0.042467	  0.022957	 -0.054762	 -0.060071	 -0.167317	 -0.254269
 -0.034607	 -0.035150	 -0.019995	 -0.079849	 -0.061528	 -0.197630	 -0.238653
 -0.025231	 -0.028340	 -0.030891	 -0.084188	 -0.064790	 -0.215780	 -0.249423
 -0.040372	 -0.051431	 -0.028262	 -0.086120	 -0.067356	 -0.208527	 -0.238685
  0.000616	 -0.057291	 -0.047204	 -0.088686	 -0.049491	 -0.214703	 -0.236467
 -0.019783	 -0.040883	 -0.035833	 -0.085138	 -0.037518	 -0.181412	 -0.253509
 -0.044680	 -0.025711	 -0.060983	 -0.087007	 -0.049048	 -0.173525	 -0.291171
 -0.025389	 -0.034232	 -0.087210	 -0.088148	 -0.080058	 -0.170009	 -0.297411
 -0.013765	 -0.006579	 -0.088952	 -0.076650	 -0.076098	 -0.177358	 -0.282270
  0.003213	 -0.002746	 -0.103428	 -0.081274	 -0.095674	 -0.184073	 -0.303207
  0.003118	 -0.038666	 -0.122021	 -0.039146	 -0.101914	 -0.175774	 -0.308339
 -0.043951	 -0.082061	 -0.099658	 -0.036327	 -0.133621	 -0.218979	 -0.308117
 -0.029317	 -0.053775	 -0.088952	 -0.064676	 -0.111036	 -0.223699	 -0.326552
  0.014205	 -0.081174	 -0.074382	 -0.067780	 -0.113760	 -0.234532	 -0.334027
  0.015092	 -0.121212	 -0.076947	 -0.055871	 -0.140273	 -0.272542	 -0.323669
 -0.011009	 -0.146901	 -0.060603	 -0.079785	 -0.164156	 -0.264719	 -0.369504
 -0.026181	 -0.117696	 -0.046349	 -0.083111	 -0.175749	 -0.262343	 -0.390124
 -0.039105	 -0.107908	 -0.029814	 -0.026634	 -0.197288	 -0.267348	 -0.357752
 -0.016172	 -0.103886	 -0.062978	  0.026834	 -0.184301	 -0.270388	 -0.323416
 -0.025833	 -0.128022	 -0.059367	  0.056799	 -0.157821	 -0.251795	 -0.304854
 -0.026308	 -0.143955	 -0.087273	  0.056102	 -0.118797	 -0.246600	 -0.316416
 -0.032738	 -0.168091	 -0.063770	  0.084641	 -0.093773	 -0.219581	 -0.297601
 -0.027036	 -0.128244	 -0.080970	  0.061043	 -0.156807	 -0.213753	 -0.296999
 -0.020606	 -0.117918	 -0.048725	  0.042956	 -0.131879	 -0.212042	 -0.297569
 -0.044236	 -0.084437	 -0.018095	  0.055690	 -0.086900	 -0.189331	 -0.286007
 -0.020765	 -0.056626	 -0.020058	  0.033961	 -0.054496	 -0.167380	 -0.224906
 -0.041227	 -0.032363	 -0.056073	 -0.004905	 -0.051613	 -0.132537	 -0.222689
 -0.042557	 -0.055391	 -0.081255	 -0.000597	 -0.048636	 -0.091169	 -0.206629
 -0.048924	 -0.057196	 -0.081382	 -0.003353	 -0.056396	 -0.067381	 -0.181606
 -0.013828	 -0.046078	 -0.035516	 -0.019032	 -0.050726	 -0.034756	 -0.179388
 -0.022190	 -0.013009	 -0.063295	 -0.019919	 -0.040780	 -0.034407	 -0.138115
 -0.035525	 -0.020294	 -0.039254	 -0.020489	 -0.037138	 -0.012741	 -0.112332
 -0.059250	 -0.007783	 -0.037670	 -0.034458	  0.002932	 -0.018823	 -0.128930
 -0.072364	  0.027409	 -0.042168	 -0.032462	  0.010249	 -0.058766	 -0.129943
 -0.048892	 -0.010665	 -0.028072	 -0.024417	 -0.016866	 -0.052145	 -0.140301
 -0.067359	 -0.004425	 -0.047553	 -0.060463	 -0.052342	 -0.114102	 -0.131337
 -0.083799	 -0.041644	 -0.077137	 -0.096415	 -0.049681	 -0.137701	 -0.118667
 -0.074739	 -0.040662	 -0.062060	 -0.124226	 -0.034509	 -0.142198	 -0.123323
 -0.048734	 -0.043544	 -0.050625	 -0.123339	 -0.019716	 -0.137289	 -0.124273
 -0.035747	 -0.036195	 -0.049358	 -0.088845	 -0.026463	 -0.142864	 -0.110780
 -0.029856	 -0.065653	 -0.084328	 -0.050834	 -0.041794	 -0.149642	 -0.112490
 -0.018041	 -0.108003	 -0.083757	 -0.079310	 -0.046957	 -0.175964	 -0.105775
 -0.006099	 -0.115352	 -0.039792	 -0.055047	 -0.075338	 -0.195825	 -0.137355
  0.019368	 -0.101510	 -0.060920	 -0.068161	 -0.090321	 -0.206024	 -0.160763
 -0.024756	 -0.079971	 -0.069884	 -0.071233	 -0.086013	 -0.207196	 -0.164564
 -0.048829	 -0.083930	 -0.056675	 -0.085487	 -0.080216	 -0.205676	 -0.163076
 -0.047182	 -0.115257	 -0.039602	 -0.064518	 -0.091461	 -0.188254	 -0.164184
 -0.022444	 -0.127832	 -0.036403	 -0.091980	 -0.118575	 -0.189838	 -0.184298
 -0.030299	 -0.134547	 -0.058164	 -0.068065	 -0.172740	 -0.170738	 -0.218539
 -0.049431	 -0.157132	 -0.062218	 -0.098284	 -0.215058	 -0.147900	 -0.218666
 -0.040784	 -0.157037	 -0.087970	 -0.086944	 -0.215501	 -0.155217	 -0.222467
 -0.057096	 -0.135973	 -0.091455	 -0.084188	 -0.195546	 -0.168140	 -0.222213
 -0.046010	 -0.112153	 -0.076440	 -0.083175	 -0.151042	 -0.139379	 -0.205774
 -0.045662	 -0.147692	 -0.072639	 -0.060495	 -0.149712	 -0.108908	 -0.168112
 -0.019023	 -0.129669	 -0.071689	 -0.070378	 -0.136091	 -0.125917	 -0.149265
 -0.041290	 -0.082093	 -0.085975	 -0.051341	 -0.144359	 -0.130510	 -0.155632
 -0.078984	 -0.074206	 -0.098993	 -0.062047	 -0.118005	 -0.168647	 -0.197855
 -0.076197	 -0.054567	 -0.108749	 -0.041553	 -0.122123	 -0.177073	 -0.187497
 -0.053834	 -0.056626	 -0.089016	 -0.053241	 -0.162097	 -0.143877	 -0.180560
 -0.053264	 -0.076391	 -0.098455	 -0.049092	 -0.127602	 -0.136560	 -0.159560
 -0.027987	 -0.096917	 -0.131112	 -0.050359	 -0.130453	 -0.152239	 -0.110970
 -0.015507	 -0.114845	 -0.166810	 -0.026919	 -0.122028	 -0.154013	 -0.095607
 -0.041670	 -0.110126	 -0.122465	 -0.038512	 -0.110941	 -0.164625	 -0.096272
 -0.039358	 -0.096220	 -0.129338	 -0.061350	 -0.084492	 -0.160253	 -0.083317
 -0.061214	 -0.063785	 -0.096206	 -0.073102	 -0.053134	 -0.169851	 -0.095132
 -0.098179	 -0.060300	 -0.115876	 -0.053083	 -0.039862	 -0.168774	 -0.125255
 -0.126275	 -0.055169	 -0.101147	 -0.046811	 -0.050726	 -0.165860	 -0.125952
 -0.117881	 -0.059920	 -0.104378	 -0.070885	 -0.047939	 -0.161077	 -0.118825
 -0.109899	 -0.083550	 -0.135832	 -0.097935	 -0.097448	 -0.167950	 -0.132351
 -0.140086	 -0.064893	 -0.078626	 -0.072152	 -0.130263	 -0.128325	 -0.137672
 -0.130963	 -0.042119	 -0.061395	 -0.052228	 -0.118005	 -0.113754	 -0.116798
 -0.136791	 -0.014624	 -0.071562	 -0.058341	 -0.110910	 -0.112202	 -0.094942
 -0.128904	 -0.016937	 -0.101971	 -0.048427	 -0.118385	 -0.151131	 -0.097824
 -0.122221	 -0.023810	 -0.114768	 -0.024575	 -0.091429	 -0.159366	 -0.085503
 -0.121334	 -0.012914	 -0.105962	 -0.054603	 -0.124245	 -0.136909	 -0.043375
 -0.117945	 -0.037969	 -0.118917	 -0.091062	 -0.123580	 -0.125379	 -0.064122
 -0.114682	 -0.083107	 -0.106944	 -0.068034	 -0.133811	 -0.104885	 -0.105617
  0.000990	  0.079166	 -0.043669	 -0.022450	  0.035684	 -0.051198	 -0.011506
  0.011950	  0.097728	 -0.033121	 -0.037907	  0.041892	 -0.051705	 -0.022371
 -0.026726	  0.053604	 -0.041103	 -0.025396	  0.053802	 -0.063647	 -0.008592
 -0.029165	  0.011001	 -0.045633	 -0.032174	  0.047024	 -0.047207	  0.025079
 -0.027265	  0.015562	 -0.020324	 -0.010635	  0.028082	 -0.018383	  0.034930
 -0.036165	  0.009037	  0.005079	  0.009796	  0.051712	  0.001953	  0.004617
 -0.027296	  0.007263	 -0.002238	  0.016859	  0.034860	 -0.022215	  0.001101
 -0.053587	 -0.007434	 -0.001636	 -0.034170	  0.020575	 -0.034157	 -0.029593
 -0.029830	 -0.018964	  0.050058	 -0.042975	  0.016077	 -0.030768	 -0.086323
 -0.002178	 -0.018521	  0.042678	 -0.049881	 -0.010974	 -0.046162	 -0.098233
  0.006501	 -0.024666	  0.012618	 -0.018585	 -0.009073	 -0.024306	 -0.023226
  0.011348	 -0.032268	  0.014518	  0.012615	 -0.013666	  0.029099	  0.080479
  0.026393	 -0.031919	  0.031053	  0.007673	  0.005814	  0.102617	  0.138065
  0.023479	 -0.016082	  0.045845	  0.026837	 -0.001883	  0.120513	  0.169265
 -0.011300	 -0.038476	  0.036659	  0.014579	 -0.020920	  0.080888	  0.144241
 -0.009273	 -0.037684	  0.040144	  0.064467	 -0.025925	  0.077815	  0.053903
 -0.007151	 -0.021593	 -0.000622	  0.045494	 -0.073723	  0.042149	 -0.019457
  0.042263	 -0.015606	 -0.030524	  0.056485	 -0.045088	 -0.001120	 -0.105012
  0.059146	 -0.010095	 -0.034325	  0.021040	 -0.048889	 -0.032383	 -0.127311
  0.077866	 -0.000054	 -0.025456	 -0.001671	 -0.085379	 -0.031781	 -0.120057
  0.056422	  0.029182	 -0.018297	  0.014674	 -0.058740	  0.001098	 -0.046032
  0.054394	  0.035961	 -0.048294	  0.021769	  0.006701	  0.016302	  0.092104
  0.051797	  0.038970	 -0.029764	  0.016036	  0.020226	  0.067742	  0.195809
  0.048186	  0.049075	  0.003147	 -0.010857	  0.052472	  0.102997	  0.234738
  0.006280	  0.039255	  0.013505	 -0.012314	  0.062449	  0.074458	  0.208067
  0.038367	  0.061365	  0.020568	  0.002669	  0.055132	  0.049466	  0.108670
  0.029434	  0.059274	  0.015279	 -0.013707	  0.034924	  0.004170	 -0.008972
  0.016131	  0.033364	  0.013822	 -0.023654	  0.032326	 -0.074511	 -0.109509
  0.008275	  0.019110	  0.030768	 -0.011173	 -0.005241	 -0.151768	 -0.156959
  0.034724	  0.034852	  0.065737	  0.015624	 -0.044391	 -0.165103	 -0.107894
  0.026584	  0.034536	  0.026175	  0.002320	 -0.057790	 -0.128454	 -0.017904
  0.037670	  0.078628	  0.044800	  0.005013	 -0.061021	 -0.070742	  0.119091
  0.046286	  0.069759	  0.032225	  0.017018	 -0.031626	 -0.005111	  0.213610
  0.033710	  0.106692	  0.009419	  0.015402	 -0.006191	  0.025107	  0.276929
  0.028896	  0.079990	  0.006378	  0.010556	  0.002678	  0.053552	  0.285640
  0.021230	  0.062156	  0.009355	  0.048186	  0.014841	  0.069833	  0.222828
  0.002130	  0.052369	  0.032858	  0.039760	  0.032485	  0.030397	  0.101892
  0.001687	  0.067066	  0.064660	  0.017778	  0.004262	 -0.024845	 -0.019520
  0.026710	  0.034155	  0.057248	  0.035358	 -0.047337	 -0.072453	 -0.073463
  0.012995	  0.025223	  0.033872	  0.005424	 -0.028870	 -0.058515	 -0.094495
  0.009637	  0.047111	  0.037736	  0.000230	 -0.027857	 -0.022279	 -0.030068
  0.006755	  0.040649	  0.061746	  0.021991	  0.001760	  0.012849	  0.063659
  0.022181	  0.080465	  0.059561	  0.029624	  0.007651	  0.051715	  0.165591
  0.023511	  0.082365	  0.062760	  0.023194	  0.029222	  0.107146	  0.283898
  0.035801	  0.047111	  0.056235	  0.031905	  0.043666	  0.122541	  0.341040
  0.031810	  0.007168	  0.081670	  0.019457	  0.066567	  0.135718	  0.292514
  0.030986	  0.013186	  0.081512	  0.032443	  0.064065	  0.107242	  0.231190
  0.051797	  0.004666	  0.065706	  0.031303	  0.062830	  0.071163	  0.083266
  0.038462	  0.026300	  0.067986	  0.012045	  0.018262	  0.025836	 -0.058576
  0.034407	  0.070836	  0.081607	 -0.000531	 -0.000838	 -0.033650	 -0.131777
  0.067730	  0.058641	  0.086041	 -0.012884	 -0.019273	 -0.052022	 -0.151986
  0.081699	  0.055093	  0.087688	 -0.008703	 -0.012938	 -0.025890	 -0.087749
  0.078531	  0.048409	  0.097318	 -0.004617	 -0.032038	  0.022858	  0.035120
  0.049485	  0.036499	  0.099028	  0.030068	  0.000049	  0.058113	  0.139110
  0.078151	  0.040554	  0.065389	  0.036149	 -0.030423	  0.096979	  0.187922
  0.078974	  0.038685	  0.049456	  0.018443	 -0.034445	  0.102395	  0.187542
  0.061490	  0.019236	  0.045687	  0.015149	 -0.045215	  0.077720	  0.124951
  0.075712	  0.016639	  0.048918	  0.024240	 -0.011512	  0.047344	  0.014214
  0.080938	  0.023544	  0.075430	  0.038240	 -0.008947	 -0.017116	 -0.111600
  0.075775	  0.029658	  0.056298	  0.014864	 -0.003372	 -0.083539	 -0.228735
  0.078531	  0.033807	  0.051040	  0.011316	  0.015475	 -0.140459	 -0.261171
  0.066716	  0.023829	  0.064407	 -0.027455	  0.023679	 -0.140016	 -0.158923
  0.047774	  0.008277	  0.057153	  0.002859	  0.048006	 -0.108277	 -0.037195
  0.035072	 -0.006769	  0.042614	  0.035421	  0.053454	 -0.015120	  0.053428
  0.015592	 -0.012882	  0.005269	  0.014864	  0.057857	  0.022288	  0.160016
  0.011411	 -0.003982	  0.008342	  0.014579	  0.089817	  0.063846	  0.184279
  0.027407	  0.005616	  0.036945	 -0.018522	  0.103469	  0.052285	  0.159984
  0.065164	 -0.001479	  0.015722	 -0.023939	  0.070242	  0.017695	  0.096475
  0.053317	  0.020472	  0.016134	  0.001845	  0.065332	 -0.036849	 -0.038557
  0.023828	  0.060953	 -0.013261	  0.005900	  0.060486	 -0.069887	 -0.143877
  0.026457	  0.101719	 -0.016999	 -0.032143	  0.063843	 -0.099250	 -0.183250
  0.029244	  0.103968	  0.025953	 -0.042247	  0.096532	 -0.099947	 -0.169471
  0.022529	  0.093578	  0.042076	 -0.054442	  0.093840	 -0.048316	 -0.075363
  0.010081	  0.101592	  0.036754	 -0.010762	  0.110533	  0.026026	  0.026409
 -0.038858	  0.135485	  0.008152	 -0.009083	  0.108379	  0.059317	  0.179686
 -0.039491	  0.127408	 -0.010790	 -0.058908	  0.126782	  0.106165	  0.230683
 -0.001829	  0.101877	  0.016292	 -0.068094	  0.125737	  0.133089	  0.202904
  0.006280	  0.107389	  0.026998	 -0.070501	  0.078097	  0.108192	  0.122322
  0.012266	  0.101434	  0.052402	 -0.068949	  0.066029	  0.078670	  0.015640
 -0.005060	  0.055916	  0.062190	 -0.047727	  0.015000	  0.014084	 -0.112645
  0.002985	  0.055948	  0.051103	 -0.059637	  0.019181	 -0.030704	 -0.178055
 -0.048519	  0.054111	  0.065389	 -0.075538	  0.019751	 -0.053542	 -0.173874
 -0.066605	  0.036056	  0.080150	 -0.077692	  0.014398	 -0.030008	 -0.127913
 -0.001259	  0.032762	  0.050185	 -0.079244	  0.031471	 -0.030324	 -0.028389
 -0.011522	  0.059496	  0.055475	 -0.051274	  0.055069	  0.028402	  0.105978
 -0.026663	  0.070044	  0.028836	 -0.043894	  0.042526	  0.059634	  0.194637
 -0.041043	  0.057183	  0.003844	  0.018221	  0.032516	  0.072177	  0.233819
 -0.033663	  0.076379	 -0.028623	 -0.010572	  0.005751	  0.086114	  0.206800
 -0.028722	  0.085565	 -0.014433	  0.007420	  0.022444	  0.060742	  0.070216
 -0.013993	  0.067415	 -0.008700	  0.027914	 -0.034445	  0.016143	 -0.064436
 -0.000626	  0.059306	 -0.017379	  0.016321	 -0.014775	 -0.077204	 -0.172702
 -0.011522	  0.017874	 -0.036384	  0.042231	 -0.054781	 -0.124558	 -0.204440
 -0.007974	 -0.014783	 -0.032076	  0.041218	 -0.043156	 -0.108847	 -0.150624
  0.009099	 -0.029607	 -0.000907	  0.056643	  0.021208	 -0.104350	 -0.064340
  0.022561	 -0.011932	 -0.023999	  0.006343	  0.043318	 -0.028582	  0.079434
  0.031810	  0.002480	 -0.015320	  0.027914	  0.069481	  0.011962	  0.196379
  0.029023	  0.002417	  0.019776	  0.037131	  0.090799	  0.020261	  0.228529
  0.043593	  0.000738	  0.004192	  0.011823	  0.085794	  0.040280	  0.171324
  0.082395	  0.013218	  0.017908	 -0.020676	  0.073789	  0.030682	  0.095398
  0.076535	 -0.010570	  0.039922	 -0.036355	  0.064128	  0.005976	 -0.011918
  0.078753	 -0.006579	  0.040302	 -0.039364	  0.030109	 -0.055189	 -0.124397
  0.065607	 -0.004583	  0.063900	 -0.038668	 -0.028617	 -0.110906	 -0.226455
  0.058639	 -0.033028	  0.024084	 -0.060239	 -0.025069	 -0.139002	 -0.234374
  0.068965	 -0.024190	  0.019713	 -0.055329	  0.013796	 -0.120346	 -0.145714
  0.062978	 -0.000181	  0.064344	 -0.077438	  0.050349	 -0.069253	 -0.036530
  0.061711	 -0.011710	  0.114422	 -0.066732	  0.087821	  0.004835	  0.084502
  0.059779	  0.021549	  0.122626	 -0.041012	  0.134764	  0.067742	  0.147061
  0.105107	  0.006059	  0.118477	 -0.010128	  0.156620	  0.068439	  0.148518
  0.091043	  0.024114	  0.073244	  0.005995	  0.145597	  0.054534	  0.116399
  0.093323	  0.017558	  0.072801	 -0.002431	  0.100428	 -0.005934	  0.033156
  0.109605	  0.034124	  0.070774	  0.002795	  0.055481	 -0.036406	 -0.087083
  0.116351	  0.033395	  0.047682	 -0.022006	  0.049241	 -0.077331	 -0.167412
  0.092975	  0.067225	  0.048633	 -0.019092	  0.063273	 -0.121233	 -0.209097
  0.060254	  0.084646	  0.047112	 -0.017604	  0.040562	 -0.102069	 -0.118917
  0.048091	  0.090759	  0.069127	 -0.009906	  0.021557	 -0.034379	 -0.010587
  0.019773	  0.086230	  0.049805	 -0.008481	  0.014841	  0.002428	  0.115385
  0.019013	  0.088415	 -0.000907	 -0.038636	  0.007810	 -0.014265	  0.158495
 -0.007816	  0.075840	  0.002197	 -0.030369	  0.033340	 -0.014930	  0.138445
  0.034534	  0.059908	  0.022627	 -0.034455	  0.047594	 -0.028519	  0.084438
  0.039792	  0.026775	  0.006568	 -0.036482	  0.041639	 -0.038655	  0.034803
  0.005836	  0.002924	  0.032288	 -0.006264	  0.028620	 -0.041537	  0.028975
 -0.001417	  0.012046	  0.069823	 -0.009558	  0.054151	 -0.034664	 -0.009986
 -0.015830	  0.012616	  0.089335	  0.003556	  0.022285	 -0.055063	 -0.022022
  0.000483	 -0.010602	  0.061208	  0.026584	  0.023901	 -0.055791	  0.009938
 -0.028246	 -0.020326	  0.042519	  0.038905	  0.039105	 -0.048158	  0.015735
 -0.027233	 -0.060680	  0.066529	 -0.018934	  0.048006	 -0.063140	  0.009558
 -0.034455	 -0.041042	  0.086991	 -0.027106	  0.042557	 -0.063995	  0.011712
 -0.050958	 -0.021815	  0.108087	 -0.045795	  0.011896	 -0.033619	  0.016780
 -0.043102	  0.000675	  0.124653	 -0.056121	  0.010945	 -0.010907	  0.022735
 -0.045953	  0.010557	  0.078439	 -0.050356	  0.007524	 -0.043818	  0.045319
 -0.016495	  0.007073	  0.056710	 -0.052605	 -0.003910	 -0.084964	  0.050483
 -0.010033	 -0.008606	  0.077489	 -0.036830	  0.008570	 -0.085756	  0.056342
 -0.002019	 -0.039078	  0.075335	 -0.013264	  0.024217	 -0.065484	  0.083868
  0.008117	 -0.059572	  0.036469	 -0.009621	 -0.019970	 -0.087213	  0.054505
  0.012203	 -0.041390	  0.030831	 -0.054695	  0.015285	 -0.061239	  0.049912
 -0.025016	 -0.000719	  0.058705	 -0.045510	  0.038091	 -0.044008	  0.088651
 -0.019694	  0.001245	  0.047271	 -0.050324	  0.047689	 -0.068842	  0.065655
 -0.022703	  0.011159	  0.056963	 -0.070723	  0.060992	 -0.075272	  0.057198
 -0.002684	  0.006376	  0.056583	 -0.056881	  0.061784	 -0.065737	  0.006961
  0.020185	  0.003304	  0.059149	 -0.046650	  0.012529	 -0.048031	 -0.012646
  0.049136	  0.001878	  0.036343	 -0.050863	  0.009932	 -0.037863	 -0.002637
  0.076377	  0.002955	  0.074448	 -0.033061	  0.024692	 -0.008817	  0.006295
  0.066875	 -0.012914	  0.065326	 -0.002748	  0.029317	 -0.011446	  0.025586
  0.058544	 -0.005280	  0.029913	 -0.007626	  0.050635	 -0.022817	  0.039174
  0.060223	 -0.040472	  0.000423	 -0.003286	  0.099890	 -0.013441	  0.042025
  0.053127	 -0.038096	  0.005079	  0.022561	  0.155892	 -0.024084	  0.051496
  0.053286	 -0.042911	  0.014107	  0.018253	  0.170367	 -0.012428	  0.053017
  0.035041	 -0.037336	  0.005998	  0.045969	  0.138470	  0.019501	  0.055582
 -0.002653	 -0.003221	  0.020885	  0.026552	  0.091876	  0.044619	  0.033473
  0.006090	 -0.008258	  0.025320	  0.042896	  0.081740	  0.004772	  0.044876
  0.028389	  0.045590	  0.024021	  0.035104	  0.098496	 -0.028614	  0.049279
  0.004759	  0.097823	  0.031433	  0.051480	  0.068721	 -0.040936	  0.057166
 -0.011744	  0.109733	  0.012745	  0.035484	  0.046612	 -0.046035	  0.074746
 -0.008766	  0.087148	  0.006473	  0.022086	  0.051363	 -0.048316	  0.068221
 -0.020106	  0.112140	 -0.021560	  0.004474	  0.040847	 -0.090381	  0.038573
  0.003429	  0.087497	 -0.041008	  0.034376	  0.058332	 -0.048221	  0.029577
  0.009732	  0.063835	 -0.053837	  0.020819	  0.067011	 -0.037135	 -0.004728
  0.025158	  0.047301	 -0.041800	  0.038208	  0.065237	 -0.021835	 -0.065354
  0.025855	  0.063328	 -0.018582	  0.021009	  0.034765	 -0.036406	 -0.081604
 -0.002748	  0.044703	 -0.014148	  0.006976	 -0.010372	 -0.046796	 -0.024588
  0.011696	  0.041631	 -0.043701	 -0.000119	 -0.022282	 -0.055443	  0.009843
  0.010017	  0.063170	 -0.073919	  0.034027	 -0.015979	 -0.056678	  0.048709
  0.029593	  0.070836	 -0.086177	  0.022846	  0.012497	 -0.022279	  0.069614
 -0.009875	  0.051862	 -0.074996	 -0.002621	 -0.018734	 -0.018858	  0.080542
 -0.019536	  0.068175	 -0.072399	 -0.013486	 -0.019970	 -0.030799	  0.071673
  0.005108	  0.061301	 -0.075376	  0.018475	 -0.040780	 -0.032510	  0.107023
  0.013850	  0.015942	 -0.073634	 -0.015988	 -0.023866	 -0.048063	  0.088873
  0.016923	 -0.001416	 -0.070055	 -0.047283	  0.017661	 -0.040144	  0.046872
  0.043181	  0.047079	 -0.035275	 -0.087479	 -0.003530	 -0.022532	  0.043767
  0.058069	  0.016196	  0.002418	 -0.095493	 -0.013761	  0.015320	  0.062012
  0.076852	  0.025445	  0.043628	 -0.104932	 -0.005906	  0.025107	  0.060397
  0.100577	  0.014073	  0.066086	 -0.074777	  0.015443	 -0.000233	  0.074239
  0.088572	 -0.011805	  0.062855	 -0.071768	  0.021462	 -0.000898	  0.074873
  0.111885	  0.004888	  0.042709	 -0.051433	  0.012814	 -0.019967	  0.063628
  0.116225	  0.015435	  0.064470	 -0.056628	  0.057698	 -0.029057	  0.075158
  0.077771	 -0.011172	  0.090444	 -0.047157	  0.040118	  0.017759	  0.085104
  0.054521	 -0.062423	  0.107866	 -0.044939	  0.035747	  0.053045	  0.091882
  0.051765	 -0.051811	  0.112997	 -0.045098	  0.019118	  0.026660	  0.091185
  0.045779	 -0.056816	  0.098870	 -0.010952	 -0.001218	  0.005659	  0.085389
  0.067445	 -0.058622	  0.095797	 -0.007214	 -0.018418	 -0.014740	  0.102905
  0.058354	 -0.052160	  0.110780	  0.008655	 -0.044898	 -0.029026	  0.114435
  0.053983	 -0.067142	  0.106947	 -0.000024	 -0.057790	 -0.054809	  0.140630
  0.066336	 -0.059889	  0.082018	  0.007578	 -0.051423	 -0.038782	  0.121214
  0.059399	 -0.067522	  0.058230	  0.004886	 -0.030644	 -0.042076	  0.095208
  0.045272	 -0.034833	  0.068461	 -0.016812	 -0.068211	 -0.024559	  0.114435
  0.022846	 -0.012439	  0.102101	 -0.011934	 -0.063903	  0.004994	  0.086371
  0.011981	 -0.011077	  0.078629	 -0.020296	 -0.052183	  0.028148	  0.085357
 -0.005599	 -0.029227	  0.064375	 -0.036292	 -0.069098	 -0.011319	  0.091946
  0.005108	 -0.004393	  0.063995	 -0.036292	 -0.051138	 -0.016577	  0.042627
  0.015529	 -0.009778	  0.060511	 -0.007214	 -0.076605	 -0.025636	  0.057863
  0.013597	  0.012490	  0.040746	 -0.005123	 -0.036568	  0.009555	  0.071325
  0.037068	  0.016291	  0.035392	  0.025633	 -0.027033	 -0.022976	  0.024477
  0.004379	  0.004792	  0.038085	  0.028421	 -0.039260	 -0.060606	  0.024762
 -0.015133	  0.066749	  0.027695	  0.029909	 -0.003213	 -0.064090	  0.026251
 -0.002526	  0.067858	  0.044958	  0.036403	 -0.013983	 -0.061176	  0.010508
 -0.019377	  0.093768	  0.022406	  0.042326	 -0.040875	 -0.047081	  0.041518
 -0.051433	  0.074827	  0.013695	  0.035231	 -0.048668	  0.015922	  0.051338
 -0.019884	  0.054808	  0.007455	  0.003112	 -0.047401	  0.035624	  0.042880
 -0.033315	  0.042993	  0.017274	  0.007610	 -0.066659	  0.020134	  0.067556
 -0.020866	  0.035423	  0.031116	  0.022782	 -0.040907	  0.039646	  0.059795
 -0.022767	  0.033522	  0.006093	  0.025602	 -0.043885	  0.062928	  0.084280
 -0.021468	  0.023893	  0.045402	  0.000831	 -0.015915	  0.050068	  0.084629
 -0.018205	  0.030735	  0.034917	 -0.019757	 -0.017911	  0.036257	  0.084312
  0.014325	  0.035866	  0.007043	 -0.032998	  0.001728	  0.022922	  0.061917
  0.001085	  0.042138	  0.003464	 -0.002399	  0.006574	  0.031759	  0.059795
  0.019235	  0.047237	  0.022532	 -0.003793	 -0.016802	  0.045728	  0.101353
  0.011189	  0.048156	  0.053891	  0.022022	 -0.030454	  0.023999	  0.104045
  0.014230	  0.045369	  0.046954	  0.019203	 -0.004861	  0.034547	  0.106136
 -0.007911	  0.016006	  0.029913	 -0.004268	  0.021937	  0.050353	  0.089950
 -0.017002	  0.038527	  0.033967	  0.006216	  0.051426	  0.059665	  0.077692
 -0.026694	  0.009892	  0.018953	  0.006090	  0.056811	  0.053425	  0.105756
 -0.039269	 -0.027516	  0.027284	  0.037480	  0.034987	  0.019849	  0.108132
 -0.026251	 -0.002208	  0.011763	  0.027122	  0.041544	 -0.005459	  0.109969
