:RUN-2	LEVEL SWEEP	TEMP:NaN	8/27/2019	3:50 PM	HR:-636.36:SW EAR: R	SW FREQ: 8.00	# AVERAGES: 512	REP RATE (/sec): 80	DRIVER: 	SAMPLE (µsec): 40	MASKER dB: 2147483647:NOTES-:CHAMBER-SEWELL-PXI1:CFTS Version: V2.7.2 (R850):LEVELS:20;30;40;50;60;70;80;:DATA  0.033981	  0.071783	  0.012128	  0.013057	 -0.044936	 -0.001262	 -0.036294
  0.018112	  0.056357	  0.019794	  0.015781	 -0.000717	 -0.009720	 -0.023370
  0.009053	  0.036306	  0.003481	  0.007640	  0.009577	  0.003552	  0.021577
 -0.010206	  0.039632	  0.028726	  0.017174	 -0.005310	 -0.002593	  0.031840
  0.004460	  0.032632	  0.018685	 -0.001292	  0.001817	 -0.015104	  0.033170
  0.035312	  0.017523	  0.007155	 -0.023623	  0.032985	 -0.004842	  0.006215
  0.007881	  0.008939	  0.003608	 -0.015071	  0.035202	  0.000955	 -0.008546
  0.001609	  0.008084	 -0.013687	 -0.018587	  0.007455	 -0.025811	  0.005581
  0.000976	  0.007323	 -0.029620	  0.014197	  0.020410	 -0.014312	  0.013975
 -0.003807	  0.005550	 -0.039566	  0.012835	  0.016609	 -0.000692	  0.019550
 -0.019645	 -0.045891	 -0.046756	  0.010618	 -0.019469	 -0.006140	  0.011599
 -0.012201	 -0.069933	 -0.023823	 -0.009243	 -0.027293	  0.002824	 -0.022578
  0.033823	 -0.059923	 -0.005926	 -0.022705	 -0.028148	 -0.013394	 -0.002749
 -0.009667	 -0.082318	  0.006174	 -0.010256	 -0.058905	 -0.030562	  0.003807
 -0.022116	 -0.054063	  0.014377	 -0.003636	 -0.023777	 -0.009561	 -0.005188
 -0.044003	 -0.032176	  0.022708	 -0.000437	  0.018826	  0.005770	 -0.024859
 -0.036750	  0.008052	  0.034618	  0.030826	  0.029628	  0.028893	 -0.007216
 -0.017554	  0.026075	  0.016468	  0.016921	  0.004446	  0.020594	  0.007798
  0.004555	  0.014134	 -0.009284	 -0.012790	  0.006536	  0.026264	 -0.003573
  0.026189	  0.011916	 -0.019262	 -0.021406	  0.025066	  0.045142	 -0.020741
  0.022610	  0.009477	 -0.031013	 -0.065688	  0.008373	  0.032789	 -0.023148
  0.012315	  0.032347	 -0.037633	 -0.049534	 -0.027673	  0.041626	  0.011441
 -0.022021	  0.039379	 -0.018407	 -0.022103	 -0.022700	  0.042766	  0.060791
 -0.029971	  0.041659	  0.023785	 -0.021723	 -0.014908	  0.076881	  0.115748
 -0.001400	  0.032505	  0.026731	  0.003712	 -0.048959	  0.084514	  0.076946
  0.042597	  0.058352	 -0.034308	  0.000735	 -0.053584	  0.084419	  0.093639
  0.059258	  0.070484	 -0.045140	  0.021134	 -0.060204	  0.105674	  0.093195
  0.050484	  0.084738	 -0.029239	  0.026202	 -0.072209	  0.119547	  0.061013
  0.022388	  0.128862	 -0.049448	  0.015115	 -0.072874	  0.124014	  0.063009
 -0.000386	  0.090756	 -0.048625	  0.001748	 -0.065177	  0.105230	  0.071339
 -0.015971	  0.087969	 -0.023253	  0.006785	 -0.048642	  0.114764	  0.100417
 -0.004124	  0.086068	 -0.022873	  0.029211	 -0.025678	  0.088474	  0.101462
 -0.022686	  0.090123	 -0.029905	  0.053759	 -0.012501	  0.046409	  0.079923
 -0.031143	  0.070516	 -0.013719	  0.013943	 -0.025044	  0.022748	  0.098263
 -0.036876	  0.075742	  0.023532	  0.004409	 -0.044556	  0.054803	  0.142419
 -0.070516	  0.089204	  0.003323	  0.003015	 -0.011265	  0.082551	  0.177293
 -0.035324	  0.101842	 -0.007257	  0.023256	  0.016007	  0.113054	  0.202760
 -0.003902	  0.098327	 -0.037127	  0.027817	  0.018509	  0.156607	  0.216190
  0.036610	  0.051859	 -0.038077	  0.020025	  0.046510	  0.183500	  0.206783
  0.007057	  0.019455	 -0.015714	  0.042008	  0.045845	  0.200953	  0.222652
 -0.025252	  0.055375	  0.029360	  0.056737	  0.100263	  0.222460	  0.206118
 -0.023921	  0.015274	  0.000124	  0.052746	  0.090476	  0.221637	  0.176121
  0.002084	 -0.010890	  0.009721	  0.043972	  0.073339	  0.171590	  0.105517
  0.005157	 -0.030085	  0.023278	  0.045239	  0.061144	  0.097090	  0.041818
  0.020393	 -0.048679	  0.044311	  0.034754	  0.045338	  0.036780	 -0.063503
  0.048045	 -0.044371	  0.039908	  0.015274	  0.030039	 -0.022770	 -0.085992
  0.077788	 -0.029610	  0.039623	  0.014989	  0.054081	 -0.088306	 -0.121088
  0.091377	 -0.043262	  0.036455	  0.003902	 -0.001921	 -0.146905	 -0.182982
  0.088178	 -0.044814	  0.031894	  0.009889	 -0.072810	 -0.143516	 -0.251622
  0.072340	 -0.055901	  0.050931	  0.006943	 -0.109839	 -0.187165	 -0.248803
  0.094228	 -0.040475	  0.069334	 -0.022040	 -0.148546	 -0.202781	 -0.255899
  0.107405	 -0.011333	  0.050487	 -0.040095	 -0.177307	 -0.224288	 -0.261252
  0.066480	 -0.001799	  0.026034	 -0.070788	 -0.210946	 -0.183680	 -0.242912
  0.051846	  0.000355	 -0.014162	 -0.100721	 -0.213290	 -0.167399	 -0.200467
  0.051244	  0.002667	  0.008232	 -0.107310	 -0.225454	 -0.128407	 -0.192833
  0.069616	 -0.008166	 -0.025153	 -0.095653	 -0.222888	 -0.095085	 -0.124098
  0.021660	 -0.010130	 -0.028733	 -0.105282	 -0.234165	 -0.077980	 -0.071517
  0.003921	  0.025663	 -0.034434	 -0.108608	 -0.227671	 -0.096098	 -0.043737
 -0.000355	  0.012423	 -0.035036	 -0.067304	 -0.192575	 -0.101325	 -0.038543
 -0.003111	  0.004251	 -0.034054	 -0.062806	 -0.150542	 -0.046653	  0.004156
 -0.009192	  0.008907	 -0.026959	 -0.083902	 -0.155483	  0.001462	  0.083502
  0.017795	  0.000133	 -0.063354	 -0.072689	 -0.111739	  0.046884	  0.105580
  0.004492	  0.016161	 -0.080934	 -0.056376	 -0.090074	  0.084388	  0.138776
  0.019822	  0.012898	 -0.071811	 -0.054285	 -0.050289	  0.100701	  0.150591
  0.016877	  0.051922	 -0.048910	 -0.033474	 -0.047439	  0.141910	  0.156862
  0.002496	  0.076407	 -0.044032	 -0.018936	 -0.036416	  0.153345	  0.124332
 -0.026740	  0.081285	 -0.049100	 -0.004460	 -0.012089	  0.153218	  0.093290
 -0.022749	  0.097725	 -0.101269	  0.017143	  0.007043	  0.144444	  0.113974
 -0.012423	  0.090598	 -0.092844	  0.011346	  0.006790	  0.169183	  0.112770
  0.005410	  0.044478	 -0.089074	  0.015179	  0.067891	  0.145141	  0.095888
 -0.021799	  0.002920	 -0.090246	  0.026930	  0.089589	  0.131584	  0.080905
  0.019157	 -0.017985	 -0.087079	  0.015147	  0.055221	  0.141023	  0.056959
  0.035185	  0.001844	 -0.058444	  0.018315	  0.055791	  0.112864	  0.019265
  0.017225	 -0.003320	 -0.011185	  0.016573	  0.070774	  0.063799	  0.007925
 -0.002414	 -0.002781	 -0.013465	  0.043750	  0.028456	  0.058572	 -0.039556
 -0.000355	  0.025853	 -0.021321	  0.066651	  0.014043	  0.054613	 -0.073100
  0.005695	  0.013880	 -0.047675	  0.061108	 -0.020008	  0.040929	 -0.049756
 -0.033455	  0.036306	 -0.033262	  0.059999	 -0.041990	  0.025028	 -0.053778
 -0.040202	  0.024745	  0.023056	  0.039315	 -0.037588	  0.028418	 -0.037402
 -0.003839	 -0.002718	 -0.000637	  0.044637	 -0.039425	  0.024458	 -0.049407
  0.034425	 -0.017003	 -0.000352	  0.042039	 -0.046457	  0.010838	 -0.063598
  0.020583	 -0.038923	 -0.015144	  0.017554	 -0.088743	  0.014005	 -0.076395
  0.060937	 -0.064485	 -0.044887	  0.024080	 -0.084340	  0.010204	 -0.016497
  0.040538	 -0.030402	 -0.063164	  0.029338	 -0.060457	 -0.000946	 -0.006772
  0.060652	 -0.005157	 -0.068865	  0.033836	 -0.046393	  0.012865	 -0.013741
  0.033791	 -0.006139	 -0.057969	  0.029369	 -0.072019	 -0.027268	 -0.052765
  0.005347	  0.043845	 -0.028764	  0.032093	 -0.072874	 -0.052006	 -0.047285
  0.007184	  0.040487	 -0.050082	  0.042451	 -0.074299	 -0.051468	 -0.083205
  0.000310	  0.051605	 -0.058001	  0.029908	 -0.059634	 -0.056599	 -0.126220
  0.022008	  0.058732	 -0.039692	  0.050148	 -0.051683	 -0.079659	 -0.149089
  0.023972	  0.070452	 -0.019040	  0.045809	 -0.051778	 -0.100089	 -0.144180
  0.028216	  0.099467	 -0.027877	 -0.013741	 -0.068186	 -0.080799	 -0.107183
  0.015515	  0.106214	 -0.048055	 -0.033601	 -0.083200	 -0.112664	 -0.114151
  0.056756	  0.080652	 -0.057811	 -0.040316	 -0.148831	 -0.119443	 -0.102685
  0.068254	  0.088380	 -0.030697	 -0.092137	 -0.170751	 -0.131891	 -0.091852
  0.080829	  0.055882	 -0.027909	 -0.154886	 -0.186778	 -0.117859	 -0.095653
  0.105789	  0.047583	 -0.030918	 -0.122134	 -0.179620	 -0.086374	 -0.060018
  0.103635	  0.053918	 -0.016728	 -0.140410	 -0.192955	 -0.104112	 -0.034330
  0.124826	  0.059461	 -0.025502	 -0.091345	 -0.161818	 -0.110669	 -0.045289
  0.106011	  0.025853	 -0.026547	 -0.093182	 -0.110916	 -0.095211	 -0.030434
  0.063154	  0.024713	 -0.041593	 -0.054602	 -0.085576	 -0.037150	 -0.027963
  0.054000	  0.064022	 -0.063100	 -0.041647	 -0.072494	 -0.026951	 -0.043294
  0.028977	  0.070801	 -0.057272	 -0.040411	 -0.078195	 -0.028471	 -0.013424
  0.013424	  0.054741	 -0.056829	 -0.026918	 -0.090422	 -0.024797	 -0.015356
  0.014406	  0.010174	 -0.035416	 -0.029040	 -0.056086	 -0.011145	  0.021229
  0.011967	 -0.029800	 -0.073490	 -0.022990	 -0.055231	  0.009697	  0.068393
  0.018524	 -0.017764	 -0.062245	 -0.013836	 -0.041167	  0.025630	  0.049578
  0.022737	 -0.014976	 -0.027687	 -0.017954	 -0.015383	  0.018788	  0.012993
  0.021976	 -0.015261	 -0.029683	  0.009636	 -0.009080	  0.027436	 -0.046398
  0.017637	 -0.020709	 -0.031678	  0.018505	 -0.040470	  0.030255	 -0.069838
  0.017542	 -0.041900	 -0.051856	 -0.002243	 -0.004772	  0.014955	 -0.070883
  0.016085	 -0.058973	 -0.048371	 -0.014533	  0.025668	  0.000860	 -0.044434
  0.008356	 -0.070661	 -0.048086	 -0.043325	  0.020093	  0.009381	 -0.017257
 -0.019328	 -0.068001	 -0.058001	 -0.054412	  0.023229	  0.026580	 -0.011397
 -0.037352	 -0.108862	 -0.032375	 -0.050706	  0.015057	  0.033074	 -0.012537
 -0.049198	 -0.059036	 -0.056290	 -0.008768	 -0.039488	  0.024838	 -0.020519
 -0.048153	 -0.005759	 -0.061833	  0.025473	 -0.030207	  0.012580	 -0.032619
 -0.037352	  0.016763	 -0.073332	  0.039759	 -0.015066	  0.035798	 -0.039271
 -0.025505	  0.035261	 -0.048720	  0.005328	 -0.025709	  0.048120	 -0.010383
 -0.039569	 -0.021660	 -0.049765	 -0.012189	 -0.043036	  0.007417	 -0.001356
 -0.038999	 -0.027424	 -0.037443	  0.013057	 -0.040565	  0.000353	  0.002540
 -0.029654	 -0.018714	 -0.033357	 -0.009053	 -0.041800	 -0.028028	 -0.027361
 -0.030573	  0.034184	 -0.010519	 -0.040633	 -0.021433	 -0.033920	 -0.041837
 -0.027532	  0.015622	 -0.010488	 -0.073639	 -0.023492	 -0.026159	 -0.071390
 -0.033836	  0.022654	 -0.017615	 -0.066639	 -0.015763	 -0.041300	 -0.087893
 -0.064117	  0.054076	 -0.036810	 -0.082571	 -0.028560	 -0.097999	 -0.092264
 -0.024080	  0.055977	 -0.014954	 -0.079784	 -0.050828	 -0.098727	 -0.083870
 -0.045239	  0.066208	 -0.011406	 -0.087386	 -0.073412	 -0.120995	 -0.137084
 -0.042071	  0.066778	  0.010355	 -0.059543	 -0.066824	 -0.127964	 -0.141519
 -0.028768	  0.075140	  0.020301	 -0.060969	 -0.050384	 -0.145860	 -0.168886
 -0.019962	  0.094462	  0.024640	 -0.098155	 -0.077055	 -0.135851	 -0.152352
 -0.005961	  0.072955	  0.026826	 -0.099739	 -0.100621	 -0.124828	 -0.141646
  0.015483	  0.046822	  0.035758	 -0.119536	 -0.110061	 -0.107121	 -0.109432
 -0.001083	 -0.001546	  0.046496	 -0.113138	 -0.091594	 -0.094514	 -0.127328
 -0.000133	 -0.006836	  0.029962	 -0.089857	 -0.063593	 -0.115705	 -0.124509
 -0.012486	 -0.008578	  0.006237	 -0.069711	 -0.072462	 -0.096985	 -0.151275
  0.018144	 -0.032746	 -0.008207	 -0.092739	 -0.084784	 -0.104587	 -0.144845
  0.000849	 -0.043294	 -0.039344	 -0.095970	 -0.045918	 -0.129294	 -0.139048
  0.002591	 -0.050547	 -0.061105	 -0.100436	 -0.038411	 -0.092519	 -0.141012
  0.028565	 -0.044719	 -0.057114	 -0.126537	 -0.047502	 -0.084537	 -0.160081
  0.019347	 -0.020107	 -0.058159	 -0.082286	 -0.047977	 -0.067875	 -0.139175
  0.020329	  0.002224	 -0.064748	 -0.070186	 -0.055167	 -0.052956	 -0.128976
  0.015420	  0.002477	 -0.080427	 -0.054190	 -0.082155	 -0.074242	 -0.111142
 -0.025315	 -0.014026	 -0.070956	 -0.032873	 -0.072874	 -0.054857	 -0.062299
 -0.020120	  0.012328	 -0.088409	  0.011409	 -0.089725	 -0.036739	 -0.064168
 -0.012930	  0.007387	 -0.083214	 -0.004016	 -0.048864	 -0.037309	 -0.118301
 -0.010776	 -0.015483	 -0.066743	 -0.012157	 -0.051810	 -0.055522	 -0.182760
 -0.007070	 -0.034488	 -0.098672	 -0.038036	 -0.063625	 -0.078772	 -0.236101
 -0.018125	 -0.009845	 -0.103613	 -0.035058	 -0.056118	 -0.068984	 -0.201069
 -0.002319	 -0.018872	 -0.118754	 -0.028628	 -0.059602	 -0.076079	 -0.192738
  0.048172	 -0.044529	 -0.117994	 -0.035470	 -0.063118	 -0.083396	 -0.186720
  0.040475	 -0.045511	 -0.129175	 -0.060208	 -0.087983	 -0.077315	 -0.194860
  0.025302	 -0.062362	 -0.123949	 -0.061824	 -0.092703	 -0.071043	 -0.228309
  0.029040	 -0.054570	 -0.091070	 -0.040918	 -0.112024	 -0.079880	 -0.182665
  0.019727	 -0.045258	 -0.087110	 -0.064453	 -0.148324	 -0.091505	 -0.170217
  0.019664	 -0.018365	 -0.103993	 -0.083426	 -0.154089	 -0.088559	 -0.158782
  0.006709	 -0.047000	 -0.116600	 -0.092137	 -0.124473	 -0.077188	 -0.151117
 -0.020690	 -0.024384	 -0.140198	 -0.103477	 -0.129193	 -0.109909	 -0.142533
 -0.045872	  0.027944	 -0.125754	 -0.099771	 -0.097327	 -0.089288	 -0.175982
 -0.013025	  0.036243	 -0.098070	 -0.112473	 -0.099481	 -0.098791	 -0.147284
  0.024194	  0.013595	 -0.086445	 -0.097649	 -0.094445	 -0.108768	 -0.093689
  0.043325	  0.037478	 -0.088567	 -0.101481	 -0.073096	 -0.096605	 -0.125111
  0.031922	  0.028958	 -0.078780	 -0.100056	 -0.104232	 -0.072278	 -0.113613
  0.002116	  0.001020	 -0.077893	 -0.095178	 -0.113165	 -0.030087	 -0.090142
 -0.032917	 -0.028311	 -0.066046	 -0.080671	 -0.090992	 -0.051119	 -0.081621
 -0.023446	 -0.033633	 -0.048625	 -0.091599	 -0.083073	 -0.057866	 -0.108988
 -0.005454	 -0.025429	 -0.072825	 -0.096603	 -0.086906	 -0.075541	 -0.131034
  0.028945	 -0.026538	 -0.066838	 -0.065752	 -0.104707	 -0.075192	 -0.102210
  0.052575	 -0.035628	 -0.099875	 -0.059195	 -0.121654	 -0.106329	 -0.084884
  0.056534	 -0.035660	 -0.079191	 -0.078390	 -0.133057	 -0.094166	 -0.053018
  0.034583	 -0.013994	 -0.065729	 -0.042945	 -0.140501	 -0.074591	 -0.059892
  0.024859	 -0.003066	 -0.085685	 -0.065530	 -0.145094	 -0.017195	 -0.115007
  0.024162	 -0.003446	 -0.092970	 -0.064643	 -0.127102	 -0.003321	 -0.114310
  0.032651	  0.000006	 -0.071716	 -0.085485	 -0.080349	 -0.015801	 -0.088399
  0.012379	 -0.003446	 -0.075961	 -0.073417	 -0.094286	 -0.006900	 -0.098409
 -0.023668	  0.001242	 -0.105355	 -0.098282	 -0.081141	  0.001842	 -0.103952
 -0.059334	 -0.018334	 -0.098893	 -0.106581	 -0.101698	  0.005611	 -0.106518
 -0.077706	  0.009667	 -0.108428	 -0.112124	 -0.113165	 -0.021313	 -0.107880
 -0.070452	  0.029211	 -0.089803	 -0.121564	 -0.092481	 -0.055490	 -0.116559
 -0.085878	  0.033234	 -0.108396	 -0.111491	 -0.098816	 -0.061097	 -0.082191
 -0.099023	  0.013405	 -0.075834	 -0.108862	 -0.099734	 -0.037214	 -0.085264
 -0.098548	  0.019265	 -0.090214	 -0.123432	 -0.067616	 -0.069174	 -0.087132
 -0.070104	  0.007608	 -0.077323	 -0.126568	 -0.057036	 -0.054920	 -0.101861
 -0.077643	 -0.003795	 -0.096866	 -0.148297	 -0.094920	 -0.063948	 -0.117161
 -0.084136	  0.006531	 -0.132469	 -0.114278	 -0.110156	 -0.087451	 -0.112409
 -0.063895	 -0.004365	 -0.122016	 -0.099803	 -0.096979	 -0.059925	 -0.095875
 -0.056357	 -0.015800	 -0.083119	 -0.117192	 -0.102427	 -0.069744	 -0.086024
 -0.042895	 -0.003668	 -0.079350	 -0.101576	 -0.117599	 -0.086215	 -0.118744
 -0.044637	 -0.020298	 -0.090373	 -0.089983	 -0.125075	 -0.079184	 -0.156090
 -0.063927	 -0.033094	 -0.111405	 -0.093721	 -0.106260	 -0.060748	 -0.134360
 -0.050402	  0.003301	 -0.113084	 -0.080576	 -0.130174	 -0.052101	 -0.113075
 -0.035768	  0.020025	 -0.116062	 -0.103730	 -0.143066	 -0.056092	 -0.090807
 -0.032347	  0.014830	 -0.115048	 -0.124668	 -0.165207	 -0.075161	 -0.095716
 -0.101399	 -0.007849	 -0.106432	 -0.119600	 -0.144175	 -0.062586	 -0.070535
 -0.114956	 -0.034995	 -0.169561	 -0.096287	 -0.135464	 -0.053875	 -0.055774
 -0.134753	 -0.060367	 -0.200793	 -0.092834	 -0.116396	 -0.047698	 -0.069204
 -0.119802	 -0.066607	 -0.207762	 -0.090110	 -0.111423	 -0.059640	 -0.052480
 -0.104757	 -0.063914	 -0.195535	 -0.081019	 -0.063688	 -0.059830	 -0.045669
 -0.105137	 -0.053525	 -0.204341	 -0.086531	 -0.038791	 -0.082668	 -0.011714
 -0.090598	 -0.034615	 -0.184037	 -0.075444	 -0.034863	 -0.079975	 -0.013836
 -0.062787	 -0.078295	 -0.171683	 -0.059417	 -0.005754	 -0.080672	 -0.027868
 -0.063357	 -0.052575	 -0.182326	 -0.039366	 -0.003917	 -0.088718	 -0.018650
 -0.081285	 -0.002781	 -0.196137	 -0.044434	 -0.045316	 -0.081179	 -0.018207
 -0.028356	  0.020057	 -0.203834	 -0.043167	 -0.055009	 -0.066133	 -0.043611
 -0.017396	 -0.022040	 -0.184068	 -0.062774	 -0.057670	 -0.057454	 -0.071168
 -0.018093	 -0.056978	 -0.165190	 -0.094133	 -0.041990	 -0.045829	 -0.105694
 -0.028894	 -0.055901	 -0.171050	 -0.104871	 -0.058367	 -0.060495	 -0.077313
 -0.006563	 -0.058720	 -0.143176	 -0.112948	 -0.051430	 -0.016561	 -0.076109
  0.014976	 -0.060969	 -0.144601	 -0.097965	 -0.034072	 -0.018715	 -0.055014
 -0.001939	 -0.049977	 -0.178842	 -0.091155	 -0.001161	 -0.022010	 -0.052701
  0.025397	 -0.038511	 -0.135383	 -0.082825	 -0.025678	 -0.048490	 -0.074969
 -0.001020	 -0.060684	 -0.115016	 -0.059512	 -0.038823	 -0.061445	 -0.100468
 -0.039886	 -0.063851	 -0.112260	 -0.056217	 -0.056814	 -0.028725	 -0.112599
 -0.057491	 -0.019021	 -0.053490	  0.034982	  0.084195	 -0.081334	  0.021340
 -0.047513	 -0.050158	 -0.059508	  0.004447	  0.050809	 -0.037781	  0.016462
 -0.058536	 -0.057665	 -0.070753	  0.011954	  0.039564	 -0.015133	  0.024982
 -0.050617	 -0.054402	 -0.071228	  0.028774	  0.032976	 -0.005567	  0.016113
 -0.048938	 -0.060706	 -0.039648	  0.034570	  0.020337	 -0.000467	  0.014403
 -0.027082	 -0.014935	  0.004001	  0.000583	  0.020020	  0.003207	 -0.004064
 -0.043427	  0.008727	 -0.005249	 -0.007209	  0.023885	  0.037892	 -0.039540
 -0.019734	  0.027827	  0.016671	 -0.003377	  0.004563	  0.043942	  0.029955
  0.001679	  0.029791	  0.014232	  0.000456	  0.008586	  0.037638	  0.027770
 -0.006462	 -0.008410	  0.030703	 -0.009395	  0.035320	 -0.017604	 -0.085881
  0.025467	 -0.016139	  0.068555	  0.005746	 -0.000505	  0.023068	  0.086274
  0.044694	 -0.008251	  0.027757	 -0.010694	 -0.010230	  0.031271	  0.106008
  0.022806	  0.045850	  0.020947	 -0.018961	 -0.057584	 -0.042975	 -0.150816
  0.039246	  0.041194	  0.038495	 -0.026468	 -0.015804	  0.031081	  0.090835
  0.055685	  0.008632	  0.054174	  0.016516	 -0.039276	  0.056770	  0.174078
  0.058821	  0.028492	  0.035518	 -0.004739	 -0.080929	 -0.053713	 -0.168554
  0.067468	  0.017532	  0.028549	  0.016579	 -0.022615	 -0.016337	 -0.017811
  0.027621	  0.026180	  0.003937	 -0.003725	 -0.008329	  0.037575	  0.158114
  0.028571	  0.023931	 -0.016620	 -0.031029	 -0.053878	 -0.036514	 -0.209098
 -0.012258	  0.031533	 -0.027041	 -0.039011	 -0.031104	  0.004981	 -0.090569
  0.013494	  0.020478	 -0.035182	 -0.012467	  0.008269	  0.104441	  0.190708
  0.043237	  0.006984	 -0.019883	  0.011859	 -0.048810	  0.001022	 -0.095701
  0.019544	 -0.034510	 -0.002810	  0.019651	 -0.077730	 -0.006834	 -0.073718
 -0.025404	 -0.049714	  0.003082	  0.019968	 -0.038135	  0.082839	  0.223238
 -0.034019	 -0.036506	 -0.021340	  0.031783	 -0.042602	  0.000071	 -0.060858
 -0.018213	 -0.013700	 -0.002620	  0.075305	 -0.039434	 -0.001988	 -0.136910
  0.003706	  0.001029	  0.052622	  0.082970	 -0.004813	  0.064309	  0.179399
  0.002534	  0.007745	  0.056487	  0.069540	 -0.025940	 -0.022672	 -0.025603
 -0.011181	 -0.002740	  0.023354	  0.040209	 -0.051502	 -0.082063	 -0.173939
 -0.016535	 -0.018039	  0.004792	  0.029059	 -0.040574	  0.028896	  0.170214
  0.004308	 -0.033053	  0.006345	  0.005841	 -0.067118	 -0.019979	  0.076075
  0.010643	 -0.052375	  0.029468	 -0.003852	 -0.100663	 -0.068569	 -0.116923
 -0.038200	 -0.047877	  0.032065	  0.051358	 -0.038516	  0.026774	  0.178671
 -0.022521	 -0.028650	  0.037925	  0.022312	 -0.083431	 -0.002083	  0.101035
  0.001330	 -0.023297	  0.028866	  0.018479	 -0.129867	 -0.104141	 -0.188984
 -0.007285	 -0.000269	  0.058704	  0.038245	 -0.092395	  0.003239	  0.121909
  0.014602	  0.007745	  0.066496	  0.033018	 -0.059928	  0.013343	  0.170372
  0.029870	  0.018419	  0.043975	  0.039670	 -0.110830	 -0.089063	 -0.192754
 -0.020589	  0.019591	  0.044165	  0.038467	 -0.066231	 -0.022830	  0.018932
 -0.022014	  0.054212	  0.054301	  0.037453	 -0.040479	  0.030290	  0.167585
 -0.019417	  0.061181	  0.032793	  0.036408	 -0.043457	 -0.059383	 -0.183124
  0.002502	  0.048764	  0.018191	  0.030009	  0.019925	 -0.005979	 -0.049613
  0.006652	  0.009423	 -0.016810	  0.055571	  0.029016	  0.057435	  0.164417
 -0.017960	 -0.018958	 -0.028277	  0.059055	 -0.003071	 -0.060144	 -0.160287
 -0.010263	 -0.013541	 -0.044494	  0.091713	 -0.020334	 -0.036450	 -0.066876
 -0.000982	 -0.031976	 -0.001701	  0.087183	  0.024487	  0.051037	  0.203251
  0.001457	 -0.032483	  0.036404	  0.059150	 -0.019891	 -0.076013	 -0.143340
 -0.002122	 -0.018831	  0.032097	  0.040842	 -0.039783	 -0.039396	 -0.113439
 -0.033893	 -0.011957	  0.018033	  0.095165	  0.026419	  0.085816	  0.221528
 -0.070002	 -0.030646	  0.037450	  0.085378	  0.009156	  0.021579	 -0.051038
 -0.069591	 -0.055068	  0.032350	  0.072296	  0.026641	  0.010841	 -0.142327
 -0.032721	 -0.035999	  0.057659	  0.093645	  0.066995	  0.098423	  0.214306
 -0.031960	 -0.027415	  0.091678	  0.111795	  0.060026	  0.014357	  0.013959
 -0.060025	 -0.029886	  0.069347	  0.069952	  0.053565	 -0.045383	 -0.145241
 -0.098384	 -0.011292	  0.055188	  0.053544	  0.103738	  0.041313	  0.203853
 -0.117072	 -0.019274	  0.030291	  0.018955	  0.068167	 -0.045605	  0.083803
 -0.094012	 -0.015157	 -0.014656	  0.022819	  0.041243	 -0.106611	 -0.118095
 -0.105986	 -0.028207	  0.010684	  0.063078	  0.087647	  0.032063	  0.195396
 -0.079030	 -0.045628	  0.001847	  0.062825	  0.052804	 -0.007309	  0.182409
 -0.064744	 -0.010469	 -0.022702	  0.059594	  0.012925	 -0.100118	 -0.134154
 -0.055495	  0.013066	  0.012014	  0.054716	  0.041116	  0.009130	  0.175598
 -0.059866	  0.012591	  0.048409	  0.036091	  0.022079	  0.005076	  0.229668
 -0.056255	 -0.024406	  0.089366	  0.038593	 -0.015678	 -0.120738	 -0.130797
 -0.058409	 -0.002582	  0.045274	  0.092695	  0.007635	 -0.065972	  0.108573
 -0.040386	 -0.013034	  0.017874	  0.125098	 -0.025750	 -0.074366	  0.256497
 -0.063382	 -0.003880	  0.000770	  0.116831	 -0.058756	 -0.141169	 -0.116606
 -0.095216	 -0.028840	 -0.008416	  0.121931	 -0.052548	 -0.046650	  0.032014
 -0.097560	 -0.059027	  0.006440	  0.091079	 -0.030755	 -0.002399	  0.258841
 -0.078808	 -0.044171	 -0.012882	  0.047779	 -0.042475	 -0.099991	 -0.083442
 -0.046911	 -0.008568	 -0.023177	  0.045467	 -0.034144	 -0.052953	 -0.054143
 -0.034970	 -0.011419	 -0.009715	  0.057978	 -0.005098	  0.023574	  0.201952
 -0.014159	 -0.007808	 -0.014846	  0.042711	 -0.051629	 -0.077470	 -0.088130
 -0.033861	 -0.031311	 -0.001986	  0.049933	 -0.072915	 -0.068823	 -0.062093
 -0.050807	  0.004387	  0.020630	  0.076382	 -0.028601	  0.014389	  0.238759
 -0.036617	  0.022220	 -0.005660	  0.045910	 -0.047796	 -0.053428	 -0.068840
 -0.063066	  0.026338	 -0.009398	  0.071155	 -0.074245	 -0.076583	 -0.160287
 -0.032752	  0.001441	  0.001562	  0.110084	 -0.042918	  0.041376	  0.181648
 -0.040608	  0.004672	 -0.043006	  0.103021	 -0.085807	 -0.037622	  0.004425
 -0.083971	 -0.013351	 -0.042182	  0.133271	 -0.135189	 -0.059320	 -0.174065
 -0.086759	 -0.007174	 -0.037367	  0.133968	 -0.076146	  0.055883	  0.148358
 -0.073518	 -0.026401	 -0.026376	  0.101025	 -0.075956	 -0.041740	 -0.018635
 -0.075324	 -0.031533	 -0.060110	  0.106442	 -0.108803	 -0.127263	 -0.253919
 -0.106429	 -0.040180	 -0.042594	  0.123483	 -0.088626	 -0.000309	  0.117791
 -0.084256	 -0.014840	 -0.043766	  0.105428	 -0.097558	  0.037131	  0.090012
 -0.077890	 -0.017469	 -0.035403	  0.078631	 -0.154384	 -0.056691	 -0.246887
 -0.038422	  0.017849	  0.010209	  0.108121	 -0.076748	  0.049136	  0.035530
 -0.051409	  0.016835	  0.027567	  0.116926	 -0.036932	  0.046127	  0.087003
 -0.054513	  0.008853	  0.032667	  0.116958	 -0.063697	 -0.076678	 -0.225633
 -0.077098	  0.007998	  0.022594	  0.120696	 -0.040289	  0.019108	  0.025806
 -0.060975	  0.019243	  0.022911	  0.087595	 -0.047860	  0.010366	  0.160489
 -0.052866	  0.002518	  0.017969	  0.053924	 -0.074689	 -0.130684	 -0.183093
 -0.029490	  0.031596	  0.049993	  0.043915	 -0.061892	 -0.082506	 -0.016227
 -0.005702	  0.034098	  0.041536	  0.041602	 -0.041050	  0.009099	  0.205690
 -0.032309	  0.025071	  0.035011	  0.037421	 -0.054923	 -0.122607	 -0.148503
 -0.029236	  0.026148	 -0.019598	  0.055920	 -0.028950	 -0.093814	 -0.087877
 -0.057649	  0.027352	 -0.009018	  0.081482	  0.004436	 -0.007246	  0.169707
 -0.040291	  0.013858	  0.011919	  0.013380	  0.003929	 -0.089982	 -0.124462
 -0.035096	  0.005812	  0.046699	  0.030643	  0.017898	 -0.084977	 -0.103968
 -0.027082	  0.014713	  0.028296	  0.038276	  0.030537	 -0.000562	  0.220451
 -0.018213	  0.019560	  0.032508	  0.045815	 -0.001360	 -0.081841	 -0.045717
 -0.041241	  0.030392	  0.020884	  0.053544	 -0.022076	 -0.103095	 -0.149169
 -0.053690	  0.023075	  0.032572	  0.074355	 -0.011972	 -0.008449	  0.176454
 -0.071998	  0.009012	  0.006471	  0.066658	 -0.036108	 -0.057800	 -0.038083
 -0.080012	  0.004672	  0.000263	  0.060576	 -0.083304	 -0.110761	 -0.202446
 -0.042413	 -0.018989	 -0.000054	  0.072327	 -0.039783	  0.008814	  0.160331
 -0.047766	 -0.024057	 -0.013548	  0.029978	 -0.063507	 -0.017984	  0.029544
 -0.047545	 -0.050791	 -0.030874	  0.002198	 -0.064521	 -0.096000	 -0.203397
 -0.074627	 -0.054846	 -0.035530	  0.054653	 -0.004401	  0.015814	  0.125615
 -0.064047	 -0.064127	 -0.045191	  0.079074	  0.014509	  0.019837	  0.080161
 -0.060025	 -0.067168	 -0.033883	  0.049046	 -0.065028	 -0.074841	 -0.205741
 -0.056382	 -0.042682	 -0.038666	  0.058390	 -0.054480	  0.029529	  0.063721
 -0.045106	 -0.024342	 -0.033471	  0.034760	 -0.059833	  0.019425	  0.120515
 -0.045929	 -0.000174	 -0.032173	  0.005461	 -0.063001	 -0.102303	 -0.211442
 -0.083813	 -0.014491	  0.001942	  0.022565	 -0.007854	 -0.018585	  0.032173
 -0.091003	 -0.045723	  0.015720	  0.012524	  0.033387	  0.025728	  0.186051
 -0.038295	 -0.022379	  0.012901	 -0.034355	 -0.005003	 -0.100593	 -0.172640
 -0.041305	 -0.024026	  0.037513	 -0.003535	 -0.022646	 -0.037717	 -0.040807
 -0.043173	 -0.009170	  0.024114	  0.019620	  0.025374	  0.009447	  0.122004
 -0.017897	  0.005401	  0.031241	  0.023706	  0.022079	 -0.060650	 -0.101371
 -0.023788	 -0.011799	  0.007200	  0.032226	  0.006653	 -0.061442	 -0.071691
 -0.022901	 -0.026560	 -0.002968	  0.055635	  0.018690	 -0.061727	  0.028942
 -0.033512	 -0.011577	 -0.042404	  0.066848	  0.025817	 -0.100625	 -0.053921
 -0.041716	  0.014840	 -0.061631	  0.051295	  0.026482	 -0.091755	 -0.076252
 -0.055083	  0.027700	 -0.065653	  0.066879	  0.016124	 -0.054664	 -0.041758
 -0.021919	  0.038976	 -0.055422	  0.036693	  0.035256	 -0.017350	 -0.053889
 -0.062717	  0.031121	 -0.059793	  0.036724	  0.043618	  0.020153	 -0.041282
 -0.072473	 -0.006319	 -0.025457	  0.010370	  0.028193	  0.039887	 -0.031178
 -0.041558	 -0.050696	 -0.048137	  0.032860	  0.013654	  0.015212	  0.007403
 -0.020399	 -0.083955	 -0.023462	  0.005207	 -0.000854	 -0.012409	  0.001764
 -0.014317	 -0.064887	  0.011444	  0.000868	 -0.005130	 -0.004648	  0.012407
 -0.044219	 -0.032261	  0.015404	 -0.030871	 -0.009881	 -0.022830	 -0.021612
 -0.042762	 -0.004799	  0.018159	 -0.028653	  0.000002	 -0.027518	 -0.032762
 -0.035508	  0.025071	  0.050025	  0.002610	 -0.020651	 -0.034011	 -0.002195
 -0.046879	  0.037773	  0.057975	  0.034982	 -0.036077	 -0.010572	 -0.013186
 -0.076021	  0.057253	  0.039920	  0.062445	 -0.000283	  0.012393	 -0.019046
 -0.044219	  0.064887	  0.010557	  0.101215	  0.008586	  0.017493	 -0.032698
 -0.033608	  0.073914	  0.004476	  0.102387	  0.022428	 -0.001639	 -0.003335
 -0.044567	  0.061846	 -0.024127	  0.077364	 -0.010863	 -0.002083	 -0.040174
 -0.035223	  0.040148	 -0.035182	  0.042363	 -0.010325	 -0.011870	 -0.040047
 -0.015394	  0.027415	 -0.030430	  0.015312	 -0.000917	  0.025570	 -0.044165
  0.010041	  0.010722	 -0.042816	 -0.005752	 -0.005130	 -0.021563	 -0.039477
 -0.018562	  0.003468	 -0.027358	  0.010592	 -0.029108	 -0.042564	 -0.055695
 -0.057427	 -0.011102	 -0.057798	  0.026842	 -0.052231	 -0.056628	 -0.073275
 -0.026512	  0.034162	 -0.084564	  0.006664	 -0.027746	 -0.042437	 -0.067320
 -0.029110	  0.054814	 -0.056784	  0.009769	 -0.036298	 -0.025396	 -0.027820
 -0.086094	  0.019908	 -0.065590	  0.006950	 -0.048462	 -0.013612	 -0.026965
 -0.080709	  0.019655	 -0.071165	  0.015153	 -0.063697	 -0.027898	 -0.047206
 -0.084098	  0.018578	 -0.066350	  0.025701	 -0.056000	 -0.071420	 -0.039224
 -0.092429	  0.024976	 -0.045508	 -0.000336	 -0.080295	 -0.034328	 -0.035232
 -0.072695	  0.030963	 -0.001162	  0.015977	 -0.086694	 -0.038383	 -0.004919
 -0.052296	  0.019750	 -0.014466	  0.015724	 -0.032244	 -0.050071	 -0.013345
 -0.047703	  0.003437	  0.000326	  0.037991	  0.006052	 -0.034930	 -0.039287
 -0.054260	 -0.008727	 -0.006357	  0.042204	 -0.011592	 -0.055139	 -0.056582
 -0.034178	 -0.019433	  0.007643	  0.029154	 -0.035475	 -0.077913	 -0.029943
 -0.027082	 -0.009740	  0.012806	  0.029629	 -0.029710	 -0.104172	 -0.035359
 -0.059898	 -0.037203	 -0.009905	  0.031878	 -0.058724	 -0.127580	 -0.011761
 -0.048527	 -0.069195	  0.013852	  0.033493	 -0.088848	 -0.120580	 -0.004412
 -0.063192	 -0.091431	  0.026173	  0.033810	 -0.100599	 -0.121625	  0.001384
 -0.018688	 -0.114680	  0.007548	  0.036756	 -0.059231	 -0.104236	  0.022417
 -0.007887	 -0.092001	  0.016291	  0.075938	 -0.029647	 -0.074587	 -0.003620
 -0.022173	 -0.077209	  0.022657	  0.073024	 -0.006555	 -0.050989	 -0.014263
 -0.051567	 -0.043506	 -0.016588	  0.064060	  0.006938	 -0.061062	  0.010950
 -0.052898	 -0.047149	 -0.026503	  0.047557	  0.020337	 -0.032934	 -0.004412
 -0.077129	 -0.040687	 -0.047345	  0.025258	  0.024898	 -0.034075	  0.000814
 -0.050079	 -0.022885	 -0.021371	  0.012778	  0.030790	 -0.018174	 -0.015435
 -0.047893	 -0.024469	  0.010684	  0.006664	  0.034274	  0.015434	 -0.000738
 -0.029141	  0.008822	  0.035201	  0.008628	  0.038234	 -0.011870	  0.006547
 -0.013620	 -0.019274	  0.044418	 -0.007589	  0.035763	 -0.011839	  0.033028
 -0.022046	 -0.002645	  0.003019	 -0.010662	  0.017866	 -0.015418	  0.008860
 -0.014919	  0.017596	  0.016607	  0.020190	  0.045994	 -0.005662	  0.003221
 -0.003104	  0.012591	  0.010811	  0.021615	  0.031772	 -0.003191	  0.023082
  0.006113	 -0.003025	 -0.005914	  0.023041	  0.050302	 -0.019916	  0.018774
 -0.010358	 -0.008410	 -0.034168	  0.016516	  0.074312	 -0.021246	  0.006104
  0.023788	 -0.031881	 -0.029005	  0.029566	  0.042890	 -0.019409	 -0.013915
  0.048812	 -0.025134	 -0.004298	  0.076160	  0.016980	 -0.001893	 -0.017526
  0.022458	 -0.031596	 -0.016905	  0.062825	  0.016821	  0.011538	 -0.017748
 -0.000792	 -0.028365	 -0.021150	  0.010117	 -0.000188	  0.033109	 -0.025381
 -0.004276	 -0.002011	 -0.018901	  0.022629	  0.001775	  0.050847	 -0.045305
  0.025594	 -0.011799	  0.003082	  0.037453	  0.007319	  0.023131	 -0.038337
  0.059518	 -0.033687	  0.004634	  0.027697	  0.011310	 -0.014784	 -0.056487
  0.056826	 -0.052122	 -0.021720	  0.016135	 -0.023375	 -0.033536	 -0.056075
  0.073328	 -0.051520	 -0.039458	  0.004099	  0.008110	 -0.043134	 -0.022847
  0.086252	 -0.071665	 -0.031381	  0.009705	  0.026482	 -0.054284	 -0.046699
  0.060278	 -0.071349	 -0.002144	 -0.013164	  0.009504	 -0.066098	 -0.045654
  0.039404	 -0.066407	  0.004571	  0.000076	 -0.035443	 -0.067556	 -0.062695
  0.008457	 -0.084082	  0.009702	 -0.013576	 -0.045769	 -0.118775	 -0.044323
  0.027716	 -0.062385	 -0.031412	 -0.047374	 -0.003704	 -0.121055	 -0.030481
  0.022109	 -0.068751	 -0.054377	 -0.046455	 -0.019384	 -0.095778	  0.000592
  0.049065	 -0.070493	 -0.076930	 -0.001793	 -0.044597	 -0.078610	 -0.033142
  0.073423	 -0.071507	 -0.051970	  0.044960	 -0.061132	 -0.108005	 -0.040617
  0.072885	 -0.085539	 -0.044969	  0.063237	 -0.073453	 -0.100941	 -0.036309
  0.031390	 -0.096689	 -0.017665	  0.059467	 -0.055810	 -0.059193	 -0.032793
  0.024548	 -0.087186	 -0.035910	  0.003750	 -0.048620	 -0.008893	 -0.023576
  0.004593	 -0.075340	 -0.004868	  0.030358	 -0.032656	  0.014198	 -0.015752
 -0.015299	 -0.053769	  0.003589	  0.036883	 -0.053720	 -0.027898	  0.007688
 -0.008679	 -0.044045	 -0.024285	  0.018669	 -0.081531	 -0.038699	  0.008384
 -0.035540	 -0.044836	 -0.000339	  0.031720	 -0.094232	 -0.023717	  0.019091
  0.001172	 -0.031881	  0.034821	  0.027063	 -0.079884	 -0.028151	 -0.009765
 -0.004530	 -0.030551	  0.038242	  0.029091	 -0.065566	 -0.016717	 -0.025223
 -0.038074	 -0.028809	  0.054174	  0.062476	 -0.075386	 -0.000531	 -0.047364
 -0.046373	 -0.028777	  0.031558	  0.067988	 -0.028791	  0.000800	 -0.062093
 -0.049984	 -0.015917	 -0.000054	  0.063268	 -0.017895	 -0.038478	 -0.062948
 -0.013240	 -0.023899	 -0.001574	  0.059341	  0.008427	 -0.036704	 -0.047237
  0.008837	 -0.044203	 -0.019978	  0.035141	 -0.006524	 -0.031984	 -0.013345
  0.006113	 -0.024723	 -0.007941	  0.032068	 -0.035475	 -0.020644	  0.031951
  0.033101	 -0.015315	  0.001498	  0.034032	 -0.042032	 -0.053428	  0.019027
 -0.000127	 -0.008283	 -0.009493	  0.032733	  0.009694	 -0.075759	  0.030557
 -0.021317	 -0.034795	  0.014327	  0.056585	  0.002631	 -0.090298	  0.028277
 -0.047165	 -0.024881	  0.036911	  0.063648	  0.013717	 -0.099991	  0.025172
 -0.063699	 -0.032451	  0.060953	  0.072612	  0.025088	 -0.073827	  0.028815
 -0.047830	 -0.027763	  0.046446	  0.082780	  0.039659	 -0.006042	  0.017000
 -0.001394	  0.005116	  0.014168	  0.083604	 -0.007822	 -0.013486	 -0.011413
  0.021127	  0.018229	  0.026110	  0.075875	 -0.028791	 -0.027645	 -0.016259
