:RUN-6	LEVEL SWEEP	TEMP:NaN	8/27/2019	4:07 PM	HR:-552.50:SW EAR: R	SW FREQ: 32.00	# AVERAGES: 512	REP RATE (/sec): 80	DRIVER: 	SAMPLE (µsec): 40	MASKER dB: 2147483647:NOTES-:CHAMBER-SEWELL-PXI1:CFTS Version: V2.7.2 (R850):LEVELS:20;30;40;50;60;70;80;:DATA -0.024167	 -0.041141	 -0.023473	  0.005543	 -0.000995	  0.038029	 -0.070162
  0.006432	 -0.040160	 -0.040134	 -0.008901	  0.014305	  0.013924	 -0.083656
  0.010296	 -0.032494	 -0.012450	 -0.032245	  0.017187	 -0.052625	 -0.061895
 -0.017325	 -0.022770	 -0.023346	 -0.024928	 -0.009990	 -0.053069	 -0.046596
  0.004151	  0.005136	 -0.051347	 -0.014286	  0.005594	 -0.020918	 -0.044695
  0.018912	  0.016476	 -0.036238	  0.013209	 -0.000361	 -0.019113	 -0.056827
  0.007572	  0.050115	 -0.034749	 -0.011276	  0.001159	 -0.023009	 -0.061483
 -0.006999	  0.036115	 -0.035921	 -0.017992	  0.023079	 -0.036756	 -0.049162
 -0.004781	  0.051065	 -0.015364	 -0.024992	  0.031504	 -0.044928	 -0.046153
  0.034559	  0.022558	 -0.000698	 -0.026037	  0.001033	 -0.022724	 -0.046501
  0.004183	  0.041183	  0.007379	 -0.013272	  0.024156	 -0.020063	 -0.060628
 -0.018148	  0.021386	  0.022298	 -0.008837	  0.041007	 -0.024529	 -0.056035
 -0.035443	 -0.022263	  0.042253	  0.018023	  0.029730	 -0.044073	 -0.043555
 -0.017135	 -0.050169	  0.025782	  0.037979	  0.006164	 -0.012746	  0.005858
  0.001205	 -0.030530	  0.030248	  0.026544	 -0.016135	 -0.006348	  0.057933
  0.005735	 -0.011620	  0.047195	  0.030725	 -0.029091	  0.016870	  0.100789
  0.012007	  0.010806	  0.047733	  0.028571	 -0.017624	  0.053329	  0.120016
  0.017740	 -0.011810	  0.041556	  0.011910	 -0.017339	  0.090294	  0.137944
  0.003327	  0.007100	  0.015899	 -0.004435	 -0.046100	  0.109235	  0.144501
 -0.002121	  0.001018	 -0.006622	  0.014697	 -0.057282	  0.059220	  0.160307
  0.004056	  0.038490	 -0.000128	  0.032404	 -0.038973	  0.028273	  0.164868
  0.006717	  0.064812	 -0.013780	  0.058853	  0.004707	  0.043921	  0.131768
  0.001174	  0.077197	 -0.006780	  0.032024	  0.036256	  0.083388	  0.102151
  0.001047	  0.043115	 -0.009979	  0.051092	  0.011137	  0.080284	  0.077001
 -0.007632	  0.009412	 -0.019577	  0.043205	  0.023680	  0.069135	  0.028411
 -0.012542	 -0.002814	 -0.027496	  0.025689	  0.013386	  0.058333	  0.072472
 -0.011718	  0.019073	 -0.034116	 -0.006969	  0.000146	  0.094285	  0.080739
  0.006400	  0.044889	 -0.030283	 -0.008584	  0.022287	  0.088773	  0.127967
 -0.006682	  0.031870	 -0.034021	  0.015236	  0.096312	  0.132358	  0.193059
 -0.017452	  0.064084	  0.014601	  0.000919	  0.123489	  0.156590	  0.233952
  0.017075	  0.069374	  0.029647	  0.035920	  0.152536	  0.148766	  0.256568
 -0.021981	  0.091166	  0.049634	  0.049825	  0.123743	  0.137427	  0.275859
 -0.055842	  0.038522	  0.037692	  0.076591	  0.120892	  0.169324	  0.325019
 -0.075512	  0.037002	  0.051883	  0.106524	  0.181709	  0.175595	  0.361794
 -0.091572	  0.023381	  0.030153	  0.130091	  0.164034	  0.184021	  0.319317
 -0.081151	  0.034024	  0.013302	  0.156064	  0.174297	  0.151459	  0.248079
 -0.082386	  0.074505	  0.044724	  0.123692	  0.157572	  0.086809	  0.152325
 -0.049792	  0.054518	  0.071996	  0.101139	  0.122888	  0.018011	  0.017230
 -0.027208	  0.042608	  0.082798	  0.092714	  0.085986	 -0.035647	 -0.066361
 -0.019732	  0.015526	  0.083621	  0.058219	  0.031536	 -0.106473	 -0.141020
 -0.035570	  0.003204	  0.048652	  0.019544	 -0.059246	 -0.162064	 -0.228444
 -0.041335	 -0.014788	  0.046054	 -0.011086	 -0.084807	 -0.171439	 -0.294677
 -0.020651	 -0.025145	  0.024357	 -0.033703	 -0.142995	 -0.184173	 -0.341747
 -0.028823	 -0.013742	  0.026289	 -0.045011	 -0.173973	 -0.211921	 -0.348715
 -0.037882	 -0.005507	 -0.005766	 -0.038486	 -0.196590	 -0.253193	 -0.372883
 -0.059928	  0.026865	 -0.037569	 -0.033639	 -0.223324	 -0.270742	 -0.353593
 -0.070064	  0.035006	 -0.053026	 -0.060912	 -0.233080	 -0.285882	 -0.396228
 -0.042380	  0.012802	 -0.074249	 -0.057902	 -0.235455	 -0.245623	 -0.346403
 -0.048272	  0.014417	 -0.096548	 -0.067627	 -0.202196	 -0.168905	 -0.231105
 -0.026574	 -0.018367	 -0.110707	 -0.075039	 -0.186549	 -0.158991	 -0.118404
 -0.035095	 -0.030213	 -0.106304	 -0.074754	 -0.151452	 -0.103718	 -0.038899
 -0.030280	 -0.040476	 -0.091480	 -0.058599	 -0.124972	 -0.053734	  0.029108
 -0.038452	 -0.060939	 -0.098797	 -0.028349	 -0.049838	 -0.014900	  0.105541
 -0.013144	 -0.069237	 -0.049764	 -0.035730	  0.007368	  0.020545	  0.187168
 -0.019510	 -0.090270	 -0.038075	  0.045676	  0.026595	  0.090515	  0.193915
 -0.040131	 -0.065690	 -0.022491	  0.050205	  0.047310	  0.184876	  0.209372
 -0.061670	 -0.037245	 -0.006843	  0.029331	  0.052917	  0.224850	  0.190304
 -0.011877	 -0.037150	 -0.015111	  0.059074	  0.069008	  0.246231	  0.201517
  0.026229	 -0.025082	  0.002089	  0.039657	  0.056781	  0.253548	  0.205571
  0.023030	 -0.043295	  0.020746	  0.036775	  0.036477	  0.245788	  0.203861
  0.028066	 -0.039558	  0.023470	  0.047988	  0.040405	  0.232294	  0.192964
  0.050492	 -0.037816	  0.014126	  0.070826	  0.072841	  0.180125	  0.142126
  0.023030	 -0.061889	  0.008646	  0.066582	  0.094253	  0.152282	  0.068164
 -0.013239	 -0.086279	  0.014379	  0.045201	  0.131472	  0.106923	  0.003578
 -0.032307	 -0.069333	 -0.024582	  0.046563	  0.102932	  0.051935	 -0.056574
 -0.024198	 -0.056092	 -0.047293	  0.034209	  0.096027	 -0.004827	 -0.108870
  0.012957	 -0.060653	 -0.028889	  0.049287	  0.044143	 -0.059879	 -0.177763
 -0.003831	 -0.052101	 -0.023663	  0.082958	 -0.012746	 -0.134411	 -0.228064
 -0.044882	 -0.027616	 -0.005830	  0.075767	 -0.037358	 -0.188101	 -0.273201
 -0.022425	  0.012485	  0.012510	  0.056477	 -0.080373	 -0.206947	 -0.303704
 -0.007981	  0.007797	 -0.011595	  0.051441	 -0.096686	 -0.246573	 -0.307917
 -0.035696	  0.001462	 -0.018342	  0.044124	 -0.100677	 -0.220124	 -0.325560
 -0.018528	  0.045300	  0.006080	 -0.026987	 -0.134854	 -0.208721	 -0.309501
 -0.041176	  0.056672	 -0.030378	 -0.036902	 -0.152624	 -0.212174	 -0.242856
 -0.017420	  0.037730	 -0.076244	 -0.039309	 -0.133873	 -0.198047	 -0.204814
 -0.010831	  0.050273	 -0.064049	 -0.022648	 -0.108786	 -0.200771	 -0.196040
  0.001554	  0.059333	 -0.070511	 -0.015806	 -0.107962	 -0.185345	 -0.158473
 -0.024864	  0.072510	 -0.071936	 -0.013272	 -0.109799	 -0.174765	 -0.112005
 -0.029615	  0.042861	 -0.088756	  0.000412	 -0.103179	 -0.154493	 -0.028129
 -0.042380	  0.033074	 -0.141527	  0.010485	 -0.106632	 -0.117021	 -0.052424
 -0.078617	  0.028829	 -0.105132	  0.006747	 -0.108184	 -0.123768	 -0.042161
 -0.068766	  0.017458	 -0.092874	 -0.017738	 -0.076984	 -0.111256	 -0.030917
 -0.065946	 -0.000597	 -0.067882	 -0.027779	 -0.081418	 -0.076065	 -0.009726
 -0.068829	  0.013752	 -0.052488	 -0.015426	 -0.060798	 -0.064725	 -0.006305
 -0.058313	 -0.000692	 -0.061293	  0.001742	 -0.057820	 -0.022851	  0.018497
 -0.052896	 -0.015009	 -0.023125	  0.007380	 -0.052055	  0.029794	  0.041715
 -0.060277	 -0.024449	 -0.039057	  0.031549	 -0.052530	  0.015983	  0.073358
 -0.068797	 -0.020521	 -0.039469	  0.061989	 -0.056521	  0.035907	  0.133827
 -0.092459	  0.018788	 -0.052456	  0.042603	 -0.052720	  0.062736	  0.163601
 -0.087137	  0.064401	 -0.051537	  0.013589	 -0.009515	  0.105941	  0.160212
 -0.074119	  0.027911	 -0.013749	  0.016851	  0.006259	  0.133119	  0.182733
 -0.105129	  0.010426	 -0.001047	  0.017358	  0.017187	  0.147119	  0.184127
 -0.075671	  0.024331	  0.005066	  0.009819	  0.006069	  0.148038	  0.198349
 -0.056887	  0.019865	  0.014474	 -0.003263	  0.048165	  0.164160	  0.158185
 -0.017325	  0.001398	  0.012922	 -0.031105	  0.061881	  0.139264	  0.158660
 -0.052104	  0.004883	  0.015298	 -0.035255	  0.050003	  0.107272	  0.163760
 -0.040321	 -0.001231	  0.017293	 -0.056699	  0.074361	  0.114304	  0.171742
 -0.002944	 -0.005760	  0.030217	 -0.085555	  0.076927	  0.131883	  0.180896
 -0.008171	  0.013720	  0.053276	 -0.081089	  0.095077	  0.158902	  0.183557
 -0.038072	  0.017775	  0.020492	 -0.112922	  0.101317	  0.130901	  0.188023
 -0.052484	  0.021892	  0.021569	 -0.116217	  0.096534	  0.112973	  0.186788
 -0.031167	  0.004503	 -0.004341	 -0.112131	  0.085257	  0.081456	  0.186313
 -0.017737	  0.008209	 -0.043682	 -0.120841	  0.047785	  0.100366	  0.192521
 -0.019637	 -0.008358	 -0.021002	 -0.100791	  0.029192	  0.099796	  0.164013
 -0.006270	 -0.068604	 -0.007889	 -0.099492	  0.023459	  0.103629	  0.181498
  0.001079	 -0.050707	 -0.030030	 -0.049540	  0.012721	  0.105561	  0.142189
  0.008744	 -0.075731	 -0.058601	  0.023186	  0.045948	  0.055831	  0.140003
  0.036111	 -0.052481	 -0.062244	  0.012227	  0.073411	  0.027608	  0.080517
  0.014446	 -0.060527	 -0.037917	  0.024675	  0.062419	  0.008666	  0.051312
 -0.059263	 -0.053622	 -0.044886	  0.048020	  0.030934	 -0.026778	  0.052611
 -0.062557	 -0.008864	 -0.008491	  0.089071	  0.025201	 -0.043091	  0.038959
 -0.040131	 -0.024132	 -0.049542	  0.105320	  0.022699	 -0.023896	  0.009058
 -0.041620	 -0.023182	 -0.032215	  0.122267	 -0.017149	 -0.037706	 -0.016473
 -0.023913	 -0.028566	 -0.018183	  0.123249	 -0.014900	 -0.032923	 -0.037854
 -0.034271	 -0.015421	 -0.008997	  0.110135	 -0.039417	 -0.008755	 -0.025722
 -0.042222	 -0.012349	 -0.022681	  0.102058	 -0.050661	 -0.014108	 -0.051886
 -0.035443	 -0.028566	  0.000379	  0.099651	 -0.047431	 -0.025796	 -0.085113
 -0.060562	 -0.014693	  0.022456	  0.076559	 -0.076762	 -0.054272	 -0.113241
 -0.051788	 -0.029200	 -0.000223	  0.052644	 -0.111700	 -0.083572	 -0.105512
 -0.077888	 -0.020204	 -0.009694	  0.000443	 -0.112492	 -0.096369	 -0.117454
 -0.056951	 -0.006299	 -0.000192	 -0.030788	 -0.109958	 -0.117338	 -0.107634
 -0.076209	 -0.034616	 -0.041876	 -0.043585	 -0.081988	 -0.113854	 -0.119544
 -0.072377	 -0.066197	 -0.010898	 -0.001077	 -0.053702	 -0.122469	 -0.108363
 -0.065155	 -0.075699	  0.012859	 -0.002946	 -0.078694	 -0.112048	 -0.108236
 -0.059833	 -0.082288	 -0.025310	 -0.047766	 -0.096812	 -0.088704	 -0.110865
 -0.075196	 -0.046400	 -0.026165	 -0.052866	 -0.106442	 -0.096749	 -0.121952
 -0.080295	 -0.069428	 -0.052202	 -0.096926	 -0.106949	 -0.096844	 -0.158346
 -0.052706	 -0.073862	 -0.067628	 -0.101298	 -0.098048	 -0.098745	 -0.180329
 -0.034873	 -0.026983	 -0.037315	 -0.123059	 -0.095482	 -0.119555	 -0.167437
 -0.034018	 -0.012285	 -0.030505	 -0.129140	 -0.139986	 -0.133524	 -0.147355
 -0.012098	 -0.019159	 -0.054958	 -0.138136	 -0.160448	 -0.166498	 -0.158853
 -0.046593	 -0.041522	 -0.073425	 -0.140765	 -0.127886	 -0.190065	 -0.201235
 -0.041937	 -0.047160	 -0.086729	 -0.178110	 -0.146448	 -0.190888	 -0.212860
 -0.059675	 -0.056631	 -0.099969	 -0.173739	 -0.142235	 -0.190825	 -0.189673
 -0.036267	 -0.055966	 -0.095566	 -0.171585	 -0.166466	 -0.206631	 -0.221412
 -0.045928	 -0.026191	 -0.100856	 -0.163508	 -0.168145	 -0.205300	 -0.201742
 -0.063001	 -0.002624	 -0.110295	 -0.183717	 -0.155602	 -0.235265	 -0.193284
 -0.063697	 -0.038449	 -0.131739	 -0.164617	 -0.172231	 -0.214645	 -0.177605
 -0.038294	 -0.049155	 -0.136681	 -0.165789	 -0.228455	 -0.218572	 -0.188913
 -0.010483	 -0.017607	 -0.139785	 -0.159992	 -0.278470	 -0.234347	 -0.196357
 -0.011465	 -0.006615	 -0.102345	 -0.144693	 -0.250628	 -0.263741	 -0.225910
 -0.023565	 -0.043105	 -0.090530	 -0.161227	 -0.225034	 -0.271058	 -0.245295
 -0.021379	 -0.044372	 -0.076814	 -0.148747	 -0.229690	 -0.248569	 -0.264459
  0.002662	 -0.063441	 -0.117074	 -0.144883	 -0.250596	 -0.246478	 -0.288912
 -0.020556	 -0.056726	 -0.102471	 -0.167309	 -0.230894	 -0.238845	 -0.309089
 -0.026986	 -0.040223	 -0.107634	 -0.170952	 -0.212554	 -0.249519	 -0.334873
 -0.024008	 -0.007027	 -0.106336	 -0.143299	 -0.155697	 -0.257628	 -0.360657
 -0.027968	 -0.006805	 -0.119861	 -0.152675	 -0.115374	 -0.261841	 -0.365503
 -0.078838	 -0.000249	 -0.121857	 -0.191984	 -0.099663	 -0.258737	 -0.374277
 -0.069906	  0.012421	 -0.098163	 -0.184002	 -0.114202	 -0.228202	 -0.372123
 -0.102880	  0.011281	 -0.107032	 -0.178997	 -0.124465	 -0.214708	 -0.405129
 -0.072788	  0.008050	 -0.112576	 -0.160087	 -0.086265	 -0.166181	 -0.402310
 -0.067213	 -0.035282	 -0.112227	 -0.137788	 -0.072676	 -0.181987	 -0.379155
 -0.055240	 -0.034331	 -0.069624	 -0.143584	 -0.081228	 -0.155538	 -0.338611
 -0.030945	 -0.060210	 -0.037980	 -0.124326	 -0.083097	 -0.125447	 -0.317452
 -0.021791	 -0.073577	  0.006935	 -0.118846	 -0.113505	 -0.108406	 -0.309849
 -0.048778	 -0.081021	 -0.030727	 -0.098732	 -0.096591	 -0.118352	 -0.320144
 -0.044756	 -0.034806	 -0.031709	 -0.060658	 -0.105333	 -0.092980	 -0.330945
 -0.014506	 -0.027901	 -0.037505	 -0.066772	 -0.104858	 -0.110908	 -0.325180
 -0.029488	 -0.020553	 -0.044949	 -0.033766	 -0.072612	 -0.112555	 -0.288849
 -0.046688	 -0.010448	 -0.063891	 -0.028444	 -0.026430	 -0.132606	 -0.257870
 -0.038706	 -0.018684	 -0.058886	 -0.042033	  0.001951	 -0.159688	 -0.230566
 -0.048398	 -0.063599	 -0.057176	 -0.034463	 -0.006569	 -0.148538	 -0.231611
 -0.069779	 -0.079184	 -0.062370	 -0.037472	 -0.011511	 -0.146606	 -0.235729
 -0.063412	 -0.091125	 -0.068705	  0.005258	 -0.038150	 -0.183223	 -0.249255
 -0.088341	 -0.068826	 -0.075421	  0.012860	 -0.034634	 -0.182653	 -0.224326
 -0.106047	 -0.097999	 -0.087109	 -0.004181	 -0.026335	 -0.188322	 -0.230883
 -0.121378	 -0.081528	 -0.084860	 -0.023883	 -0.020538	 -0.170426	 -0.206049
 -0.107029	 -0.070029	 -0.053913	 -0.004466	 -0.025068	 -0.195988	 -0.203579
 -0.082608	 -0.086120	 -0.037473	  0.021634	 -0.052087	 -0.156869	 -0.159423
 -0.048113	 -0.076459	 -0.050175	 -0.025879	 -0.108786	 -0.135805	 -0.164808
 -0.053023	 -0.112886	 -0.065855	 -0.019860	 -0.098048	 -0.127664	 -0.157840
 -0.064078	 -0.140824	 -0.083909	 -0.045391	 -0.097794	 -0.113094	 -0.163319
 -0.063666	 -0.131479	 -0.096421	 -0.036427	 -0.137927	 -0.113284	 -0.156129
 -0.062747	 -0.122800	 -0.054040	 -0.029965	 -0.133746	 -0.111953	 -0.120811
 -0.066231	 -0.154602	 -0.057144	 -0.029490	 -0.146923	 -0.093011	 -0.090150
 -0.082766	 -0.167526	 -0.088978	  0.005828	 -0.158358	 -0.074545	 -0.090371
 -0.094961	 -0.144371	 -0.111245	  0.011688	 -0.169381	 -0.051232	 -0.079760
 -0.128949	 -0.128185	 -0.089579	 -0.035888	 -0.165294	 -0.018194	 -0.025088
 -0.120238	 -0.164168	 -0.097562	 -0.038295	 -0.159276	 -0.008818	 -0.013844
 -0.105287	 -0.153684	 -0.075991	 -0.026987	 -0.165041	 -0.075210	 -0.026799
 -0.106079	 -0.138891	 -0.047958	 -0.058789	 -0.135456	 -0.081165	 -0.035225
 -0.117070	 -0.116687	 -0.020242	 -0.068925	 -0.161145	 -0.111573	 -0.064746
 -0.083114	 -0.103415	 -0.032374	 -0.085270	 -0.172295	 -0.113284	 -0.052994
 -0.079187	 -0.091347	 -0.044537	 -0.090148	 -0.127728	 -0.063680	 -0.064809
 -0.082956	 -0.092582	 -0.066330	 -0.095849	 -0.114044	 -0.048634	 -0.051917
 -0.037502	 -0.078582	 -0.054927	 -0.090085	 -0.090192	 -0.036186	 -0.055655
 -0.048367	 -0.040603	 -0.041750	 -0.103071	 -0.120220	 -0.038340	 -0.059234
 -0.059263	 -0.029200	 -0.044189	 -0.090211	 -0.127442	 -0.070807	 -0.052139
 -0.069684	 -0.035408	 -0.076434	 -0.067849	 -0.120854	 -0.102514	 -0.013432
 -0.078236	 -0.037879	 -0.109978	 -0.079695	 -0.110560	 -0.109451	 -0.014287
 -0.078743	 -0.072025	 -0.107729	 -0.088818	 -0.116514	 -0.113379	 -0.002187
 -0.093852	 -0.079817	 -0.101901	 -0.135570	 -0.089400	 -0.095672	  0.021062
 -0.098129	 -0.073577	 -0.082928	 -0.134525	 -0.056902	 -0.052182	  0.009818
 -0.108961	 -0.090016	 -0.071841	 -0.114063	 -0.044136	 -0.028109	  0.005035
 -0.105097	 -0.087356	 -0.060913	 -0.120651	 -0.015217	 -0.037896	  0.003799
 -0.073960	 -0.091664	 -0.102345	 -0.135127	 -0.034127	 -0.036123	 -0.025183
 -0.079567	 -0.073862	 -0.107381	 -0.125434	 -0.014583	 -0.064440	 -0.011468
 -0.085934	 -0.074527	 -0.131106	 -0.121031	 -0.026652	 -0.054399	 -0.041908
 -0.086187	 -0.104587	 -0.120051	 -0.123914	 -0.031498	 -0.082400	 -0.047420
 -0.079694	 -0.099076	 -0.108743	 -0.136711	 -0.053734	 -0.082020	 -0.036555
 -0.057616	 -0.110637	 -0.087932	 -0.136299	 -0.070965	 -0.044295	 -0.042066
 -0.088373	 -0.122294	 -0.110834	 -0.137217	 -0.056838	 -0.041032	 -0.027717
 -0.085205	 -0.138290	 -0.113779	 -0.120049	 -0.050947	 -0.023421	  0.000315
 -0.093884	 -0.123972	 -0.115205	 -0.088311	 -0.042838	 -0.039417	 -0.027147
 -0.082228	 -0.098125	 -0.101901	 -0.090718	 -0.062381	 -0.067449	 -0.045424
 -0.095183	 -0.090872	 -0.091797	 -0.083559	 -0.044865	 -0.061399	 -0.058062
 -0.106713	 -0.110764	 -0.069212	 -0.081944	 -0.022724	 -0.045372	 -0.071049
 -0.065218	 -0.145512	 -0.053153	 -0.098035	 -0.051137	 -0.053512	 -0.058474
 -0.081277	 -0.147729	 -0.057492	 -0.060785	 -0.089781	 -0.080278	 -0.062275
 -0.114315	 -0.145480	 -0.097181	 -0.047798	 -0.085853	 -0.082273	 -0.007255
 -0.137121	 -0.164802	 -0.072918	 -0.042382	 -0.093423	 -0.056046	 -0.027559
 -0.135600	 -0.169870	 -0.037347	 -0.043744	 -0.087722	 -0.046829	 -0.014509
  0.004667	 -0.069928	 -0.010058	 -0.126964	  0.013167	  0.091241	  0.000486
  0.015184	 -0.045570	  0.016675	 -0.123417	  0.036512	  0.089499	  0.013663
  0.031528	 -0.032013	 -0.035589	 -0.094750	  0.012027	  0.100110	  0.024908
  0.008215	 -0.015320	 -0.016394	 -0.065071	  0.024507	  0.082118	  0.023926
 -0.011804	 -0.017442	  0.020983	 -0.026363	  0.046553	  0.084874	  0.045909
 -0.008953	 -0.022447	 -0.002678	 -0.003620	  0.009873	  0.076163	  0.040999
  0.016704	 -0.035560	  0.022630	  0.023715	  0.001448	  0.065489	  0.078914
 -0.005152	 -0.017632	  0.025513	  0.052286	  0.010887	  0.046737	  0.113979
 -0.008256	  0.018795	  0.012811	  0.039648	 -0.023132	 -0.006921	 -0.002745
  0.020695	  0.020695	 -0.030236	  0.053363	  0.010190	 -0.060104	 -0.048832
  0.024211	  0.022912	 -0.033625	  0.051178	  0.023937	 -0.020953	  0.110748
  0.006505	  0.005333	 -0.031946	  0.063721	 -0.005078	 -0.055954	  0.016894
  0.003654	  0.006600	  0.007838	  0.023177	 -0.009449	 -0.133591	 -0.196724
 -0.005912	  0.018098	  0.011829	  0.006642	  0.007466	 -0.063810	 -0.028338
 -0.021528	 -0.021370	  0.024468	  0.043481	  0.021530	  0.004609	  0.110019
 -0.017252	 -0.016143	  0.010055	  0.030557	 -0.027345	 -0.084177	 -0.099766
 -0.005342	  0.013695	  0.028902	  0.025426	 -0.054269	 -0.102454	 -0.163085
  0.010084	  0.040429	  0.021839	  0.025679	 -0.027060	 -0.009867	  0.100897
 -0.015351	  0.063900	 -0.028652	  0.001543	 -0.017178	 -0.001568	  0.054493
 -0.041895	  0.082969	 -0.014366	 -0.000231	 -0.054586	 -0.101440	 -0.196344
 -0.042117	  0.064059	 -0.003945	  0.030082	 -0.036594	 -0.042492	 -0.050764
 -0.007084	  0.047429	  0.016105	  0.040883	 -0.027947	  0.046388	  0.146034
 -0.027008	  0.064692	  0.028047	  0.037874	 -0.043975	 -0.031533	 -0.070720
 -0.036701	  0.048158	  0.036758	  0.047694	 -0.057880	 -0.061941	 -0.191593
 -0.047407	  0.055823	  0.030771	  0.089853	 -0.045337	 -0.009677	  0.061113
 -0.036352	  0.074765	  0.022599	  0.108827	 -0.035929	  0.020890	  0.119427
 -0.031918	  0.061430	  0.026305	  0.099609	 -0.059306	 -0.055543	 -0.121147
 -0.016333	  0.075842	  0.010879	  0.068726	 -0.027662	 -0.036537	 -0.073919
 -0.020103	  0.040144	  0.011132	  0.061187	  0.010443	  0.060136	  0.143659
 -0.032519	  0.061461	  0.011481	  0.063278	 -0.007105	  0.017025	  0.009514
 -0.054565	  0.063203	 -0.004579	  0.047789	 -0.039382	 -0.014745	 -0.190041
 -0.075059	  0.015754	 -0.051426	  0.046236	 -0.023006	  0.038280	  0.019872
 -0.068756	 -0.042149	 -0.050761	  0.025679	 -0.034726	  0.070937	  0.153605
 -0.066887	 -0.053932	 -0.021747	  0.012154	 -0.044545	 -0.049999	 -0.106228
 -0.006292	 -0.038221	 -0.048481	  0.005755	 -0.031685	 -0.056841	 -0.135908
 -0.005247	 -0.023207	 -0.026561	 -0.014010	 -0.016607	  0.033307	  0.119617
 -0.050321	  0.005871	 -0.003185	 -0.009829	 -0.003684	 -0.025641	  0.052814
 -0.047122	  0.024971	 -0.007968	 -0.042328	 -0.002575	 -0.125165	 -0.149053
 -0.024411	 -0.004930	  0.001693	 -0.036880	 -0.015277	 -0.030456	  0.039320
  0.005111	 -0.003885	 -0.045186	 -0.041789	  0.028783	  0.037646	  0.197792
  0.013346	  0.007106	 -0.069196	 -0.040681	  0.007688	 -0.030234	 -0.019944
  0.007265	 -0.018044	 -0.070653	 -0.007833	 -0.007548	 -0.046579	 -0.079779
  0.014012	 -0.033280	 -0.052440	  0.017190	  0.041960	  0.002075	  0.156455
 -0.003853	 -0.070150	 -0.026308	  0.013294	  0.052857	 -0.001536	  0.102101
 -0.030524	 -0.057543	 -0.028018	 -0.021359	 -0.008340	 -0.058140	 -0.150447
 -0.006577	 -0.042656	  0.018101	 -0.012711	  0.021055	 -0.008473	 -0.050574
 -0.042180	 -0.058842	  0.035206	 -0.016101	  0.009081	  0.038533	  0.130798
 -0.063403	 -0.054819	  0.009232	 -0.001308	 -0.026743	 -0.006794	 -0.071132
 -0.047439	 -0.056118	 -0.002805	  0.011900	 -0.039984	 -0.059059	 -0.185036
 -0.020736	 -0.063118	  0.008757	  0.023747	 -0.006028	  0.015980	  0.093517
 -0.005437	 -0.059190	  0.011006	  0.031571	  0.005882	  0.037868	  0.107264
 -0.024379	 -0.052158	 -0.014398	  0.006674	 -0.042454	 -0.043284	 -0.183421
 -0.034895	 -0.055009	 -0.015887	  0.042309	 -0.024716	 -0.043221	 -0.115287
 -0.023587	 -0.044429	 -0.019498	  0.037779	  0.010190	  0.035365	  0.141378
 -0.034008	 -0.042529	 -0.010027	  0.046015	  0.004773	 -0.023139	  0.002102
 -0.015732	 -0.050701	  0.017594	  0.069043	  0.002810	 -0.078222	 -0.169959
 -0.018076	 -0.033596	  0.017531	  0.082758	  0.041612	 -0.030456	  0.040175
 -0.036447	 -0.027610	 -0.000746	  0.079115	  0.089885	  0.028999	  0.136722
 -0.054344	 -0.034230	 -0.001665	  0.086432	  0.041802	 -0.040845	 -0.114844
 -0.032013	 -0.018044	  0.000965	  0.095080	  0.004520	 -0.040053	 -0.115224
 -0.005184	 -0.049719	 -0.015000	  0.049467	  0.060459	  0.024501	  0.124052
 -0.019944	 -0.035497	  0.026083	  0.045571	  0.040883	 -0.015758	  0.025446
 -0.002365	 -0.037968	 -0.006384	  0.042847	  0.042340	 -0.053801	 -0.183959
 -0.051050	 -0.014148	 -0.004515	  0.066762	  0.098817	 -0.006097	 -0.022510
 -0.054470	 -0.035275	  0.022725	  0.079210	  0.084152	  0.020890	  0.112965
 -0.064290	 -0.005881	 -0.008475	  0.078260	  0.031761	 -0.041510	 -0.116332
 -0.090485	 -0.025963	 -0.008506	  0.075853	  0.045508	 -0.062796	 -0.180792
 -0.113165	 -0.073032	 -0.021208	  0.082283	  0.061852	  0.040307	  0.077236
 -0.163465	 -0.055452	 -0.034607	  0.048295	  0.083993	  0.056366	  0.057248
 -0.136573	 -0.059190	  0.015218	  0.052065	  0.063721	 -0.009297	 -0.210376
 -0.169262	 -0.055579	  0.022662	  0.032204	  0.069391	  0.057507	 -0.085354
 -0.136605	 -0.104042	  0.011164	  0.021213	  0.107845	  0.116708	  0.185122
 -0.123808	 -0.085797	 -0.002235	 -0.017843	  0.060300	  0.045628	 -0.002555
 -0.103060	 -0.079684	 -0.035589	 -0.044672	  0.008638	 -0.028524	 -0.151492
 -0.088870	 -0.070181	 -0.024122	 -0.074130	  0.030177	  0.036094	  0.093643
 -0.119975	 -0.055737	 -0.005529	 -0.051767	  0.042214	  0.017469	  0.138020
 -0.124505	 -0.069358	  0.021332	 -0.074383	  0.000466	 -0.059660	 -0.094160
 -0.109174	 -0.089630	  0.037771	 -0.060573	  0.010285	 -0.016582	 -0.046995
 -0.097644	 -0.079811	 -0.003565	 -0.057785	  0.031096	  0.032895	  0.157121
 -0.121749	 -0.083770	  0.008091	 -0.045495	 -0.020757	 -0.046198	 -0.018392
 -0.124853	 -0.041135	  0.008693	 -0.024653	 -0.033205	 -0.078349	 -0.201476
 -0.126849	 -0.016587	  0.009168	  0.009588	 -0.026902	  0.007650	  0.014455
 -0.115794	 -0.003853	  0.000331	 -0.005394	 -0.011381	  0.046072	  0.131559
 -0.122224	 -0.020293	  0.025608	 -0.014137	 -0.033142	 -0.003912	 -0.150985
 -0.128686	 -0.017885	  0.059817	 -0.034282	 -0.060573	 -0.034257	 -0.152791
 -0.139804	 -0.014971	 -0.002361	 -0.020725	  0.001828	  0.019781	  0.091394
 -0.107463	 -0.046647	  0.005589	 -0.006630	 -0.023228	 -0.035841	  0.024908
 -0.113957	 -0.055009	  0.017784	 -0.006978	 -0.021834	 -0.061466	 -0.205213
 -0.070973	 -0.067647	  0.039007	 -0.002290	  0.006357	 -0.014745	 -0.026374
 -0.076675	 -0.049086	  0.046387	 -0.020725	  0.009778	  0.033212	  0.128676
 -0.081585	 -0.028687	  0.026463	 -0.054206	 -0.060858	 -0.040782	 -0.071227
 -0.053552	 -0.032868	 -0.000999	 -0.030006	 -0.069759	 -0.048131	 -0.155293
 -0.049687	 -0.057860	 -0.008696	 -0.009290	 -0.016069	  0.004799	  0.138496
 -0.067711	 -0.052190	 -0.014936	 -0.012806	  0.004552	 -0.062511	  0.112775
 -0.064131	 -0.040945	 -0.025358	  0.005090	 -0.020313	 -0.127002	 -0.150035
 -0.081426	 -0.029415	 -0.004610	  0.005565	 -0.023893	 -0.078982	 -0.031918
 -0.082186	 -0.037999	 -0.002741	  0.029797	 -0.006186	 -0.009550	  0.158071
 -0.080222	 -0.024284	 -0.017502	  0.029892	  0.002778	 -0.072426	 -0.046393
 -0.075313	 -0.047502	 -0.006289	 -0.010811	  0.012249	 -0.121174	 -0.197991
 -0.058081	 -0.019501	  0.036631	 -0.017748	  0.036290	 -0.021397	  0.054429
 -0.031633	 -0.015003	  0.040432	  0.006136	  0.021625	  0.014206	  0.080055
 -0.037556	 -0.025424	 -0.001570	  0.010095	 -0.013281	 -0.076417	 -0.234006
 -0.017284	 -0.050859	  0.005589	  0.026598	  0.024761	 -0.072711	 -0.145379
 -0.033311	 -0.026248	  0.040369	  0.017380	  0.073382	  0.001663	  0.098268
 -0.059348	 -0.042719	  0.066849	  0.004678	  0.080002	 -0.037013	 -0.051556
 -0.053584	 -0.048515	  0.052057	 -0.020567	  0.013326	 -0.140686	 -0.222318
 -0.051746	 -0.011265	  0.016707	 -0.042486	  0.047820	 -0.078856	 -0.004170
 -0.044968	 -0.005944	 -0.013163	 -0.048631	  0.085926	 -0.004957	  0.136595
 -0.052126	 -0.018551	 -0.047182	 -0.086737	  0.084374	 -0.075720	 -0.111803
 -0.073507	 -0.000496	 -0.066377	 -0.105963	  0.049974	 -0.079933	 -0.115129
 -0.069960	 -0.000337	 -0.062418	 -0.079229	  0.064513	 -0.008125	  0.106123
 -0.052982	 -0.018329	 -0.058363	 -0.047016	  0.037494	 -0.057982	 -0.004487
 -0.047439	 -0.011614	 -0.042937	 -0.023418	  0.009176	 -0.142745	 -0.215444
 -0.047090	 -0.022637	 -0.037204	 -0.035296	  0.047092	 -0.062701	 -0.001921
 -0.062959	 -0.032234	 -0.022380	  0.011330	  0.043797	 -0.036759	  0.101816
 -0.043986	 -0.015351	 -0.049304	 -0.026205	  0.001638	 -0.111481	 -0.138157
 -0.033026	 -0.011550	 -0.051205	 -0.030259	 -0.012553	 -0.121079	 -0.172714
 -0.063910	 -0.034040	 -0.005814	 -0.017558	  0.004742	 -0.071760	 -0.009206
 -0.060394	 -0.058430	  0.001725	 -0.021580	  0.008765	 -0.066281	 -0.004645
 -0.074077	 -0.063688	 -0.011040	 -0.009924	 -0.025667	 -0.080978	 -0.067141
 -0.066634	 -0.061819	 -0.031376	  0.026249	 -0.058672	 -0.044108	 -0.016080
 -0.080381	 -0.051430	 -0.042209	  0.032521	 -0.081003	 -0.053674	  0.028899
 -0.101128	 -0.080603	 -0.001158	  0.008891	 -0.097189	 -0.065204	  0.003084
 -0.112468	 -0.098974	 -0.014461	 -0.021485	 -0.069410	 -0.087218	 -0.006862
 -0.106323	 -0.084340	 -0.036349	 -0.079673	 -0.063835	 -0.064317	  0.014012
 -0.104011	 -0.079177	 -0.046453	 -0.065514	 -0.093230	 -0.054054	  0.038718
 -0.115509	 -0.063941	 -0.020480	 -0.100959	 -0.086832	 -0.042366	  0.052877
 -0.084245	 -0.029099	  0.024594	 -0.087338	 -0.064690	 -0.068530	  0.037673
 -0.135591	 -0.023270	  0.001756	 -0.089271	 -0.037545	 -0.064063	  0.003305
 -0.130111	 -0.010157	 -0.037933	 -0.063994	 -0.052020	 -0.038945	 -0.009301
 -0.119532	 -0.015573	 -0.037173	 -0.043595	 -0.070329	 -0.024659	 -0.045316
 -0.150035	 -0.073539	 -0.030236	 -0.028549	 -0.043721	  0.022600	 -0.083453
 -0.160203	 -0.075883	 -0.011547	 -0.033585	 -0.015720	 -0.001536	 -0.115097
 -0.157985	 -0.052665	  0.008218	 -0.039794	  0.002049	 -0.008568	 -0.124980
 -0.153646	 -0.082471	  0.003625	 -0.072926	  0.016208	  0.007301	 -0.122256
 -0.136826	 -0.072652	 -0.039105	 -0.106914	  0.016303	  0.046642	 -0.086558
 -0.152759	 -0.035212	 -0.018136	 -0.094940	  0.016430	  0.012496	 -0.101730
 -0.138758	 -0.007306	 -0.002266	 -0.088257	  0.029639	  0.016329	 -0.120957
 -0.107907	  0.010116	 -0.005117	 -0.072261	  0.037209	 -0.007174	 -0.132012
 -0.078829	  0.002197	 -0.035969	 -0.073116	  0.058083	 -0.025293	 -0.082060
 -0.098056	 -0.026406	 -0.038946	 -0.073528	  0.053680	 -0.057348	 -0.079874
 -0.101920	 -0.032361	 -0.041639	 -0.075809	  0.046141	 -0.040402	 -0.064670
 -0.094666	 -0.026089	 -0.031851	 -0.030956	  0.067396	 -0.052629	 -0.077498
 -0.072335	 -0.030714	 -0.057730	 -0.009797	  0.085387	 -0.071000	 -0.104676
 -0.104549	 -0.027293	 -0.043254	 -0.028169	  0.070626	 -0.057031	 -0.129097
 -0.078987	 -0.013007	 -0.010090	 -0.035929	  0.081491	 -0.107490	 -0.113957
 -0.087539	 -0.017252	 -0.002393	 -0.014612	  0.087731	 -0.085888	 -0.072842
 -0.083580	  0.002355	 -0.016742	 -0.027345	  0.058938	 -0.084462	 -0.072810
 -0.069643	 -0.009777	  0.012621	 -0.020725	  0.035562	 -0.080725	 -0.073602
 -0.044113	 -0.021623	  0.007046	 -0.012870	  0.010633	 -0.060706	 -0.081648
 -0.040280	 -0.062674	 -0.006321	 -0.019141	 -0.002100	 -0.021175	 -0.066000
 -0.056751	 -0.068249	 -0.041702	 -0.018223	  0.027548	 -0.006731	  0.000740
 -0.070752	 -0.047470	 -0.035082	 -0.008974	  0.025109	 -0.021903	 -0.025012
 -0.066887	 -0.052665	 -0.051838	  0.000244	  0.015163	 -0.042904	 -0.024126
 -0.068883	 -0.024506	 -0.022919	  0.010253	  0.034707	 -0.040497	 -0.046615
 -0.082852	 -0.018614	 -0.009172	  0.011425	  0.026218	 -0.039040	 -0.027293
 -0.078797	 -0.012564	 -0.021177	  0.016842	  0.010823	 -0.037329	  0.004984
 -0.079209	 -0.002713	 -0.002520	 -0.019838	 -0.003811	 -0.015442	 -0.024696
 -0.046045	 -0.022732	 -0.016489	 -0.032477	 -0.019173	  0.004640	 -0.033311
 -0.045126	 -0.050986	  0.024784	 -0.034821	 -0.049201	 -0.010690	 -0.011677
 -0.047882	 -0.073507	  0.055446	 -0.008847	 -0.055030	 -0.029791	 -0.021180
 -0.067901	 -0.090675	  0.044296	  0.026408	  0.004710	 -0.061878	 -0.039488
 -0.082281	 -0.098404	  0.039545	 -0.002068	  0.003982	 -0.073471	 -0.048579
 -0.048991	 -0.060520	  0.060451	 -0.010019	 -0.022246	 -0.046769	 -0.056498
 -0.061756	 -0.061122	  0.060958	 -0.024304	 -0.014422	 -0.021238	 -0.064765
 -0.034927	 -0.044334	  0.052975	 -0.056487	 -0.024273	 -0.039230	 -0.072969
 -0.061502	 -0.020419	  0.025450	 -0.097284	 -0.013820	 -0.011894	 -0.041008
 -0.062959	 -0.030429	  0.024468	 -0.111918	 -0.005806	 -0.011926	 -0.055706
 -0.063688	 -0.016207	 -0.029666	 -0.104411	  0.004615	 -0.010057	 -0.064385
 -0.071322	 -0.021465	 -0.069291	 -0.086483	  0.018584	  0.034827	 -0.070403
 -0.063625	 -0.017379	 -0.057603	 -0.066274	 -0.007897	  0.039990	 -0.058240
 -0.071892	 -0.050004	 -0.061056	 -0.049043	 -0.023956	 -0.010405	 -0.042719
 -0.092513	 -0.041579	 -0.087220	 -0.071469	 -0.013947	  0.009043	 -0.019501
 -0.047629	 -0.022795	 -0.113732	 -0.068840	 -0.039762	 -0.015093	  0.001183
 -0.047027	 -0.037176	 -0.072807	 -0.074098	 -0.075365	 -0.060136	  0.011541
 -0.034420	 -0.047692	 -0.056336	 -0.054111	 -0.097411	 -0.045185	  0.028202
 -0.023270	 -0.039456	 -0.062323	 -0.081573	 -0.124240	 -0.025514	  0.038560
 -0.009048	 -0.051841	 -0.041575	 -0.096936	 -0.098330	 -0.039705	  0.013378
 -0.045190	 -0.063846	  0.007141	 -0.060636	 -0.087402	 -0.066661	  0.013378
 -0.071005	 -0.050226	  0.042491	 -0.015720	 -0.059844	 -0.062796	  0.009482
 -0.073539	 -0.032519	  0.032513	 -0.031526	 -0.044197	 -0.056461	 -0.002460
 -0.079272	 -0.018424	 -0.008316	 -0.035391	 -0.027472	 -0.073439	  0.027379
 -0.050669	 -0.005469	 -0.023362	 -0.008403	 -0.032952	 -0.078697	  0.000518
 -0.006957	 -0.012342	 -0.054752	  0.010222	 -0.045242	 -0.059565	  0.004857
 -0.048896	  0.005491	 -0.056019	  0.026756	 -0.033807	 -0.058995	  0.009894
 -0.057226	  0.011351	 -0.067929	  0.057798	  0.009905	 -0.070683	 -0.004455
 -0.044461	  0.005206	 -0.049938	  0.009208	  0.041549	 -0.053547	 -0.031949
 -0.046013	  0.020378	 -0.017882	 -0.013218	  0.024571	 -0.083765	 -0.036542
 -0.028022	  0.034569	 -0.007651	  0.008701	  0.004172	 -0.080566	  0.021994
 -0.024822	  0.035899	  0.022884	 -0.022531	 -0.009512	 -0.081928	  0.030229
 -0.057955	  0.008595	  0.021648	 -0.014485	 -0.047744	 -0.055226	  0.040587
 -0.061819	  0.002894	  0.025228	 -0.012204	 -0.010051	 -0.048447	  0.022659
 -0.075218	 -0.005279	  0.030233	 -0.048124	 -0.031273	 -0.052914	  0.005111
 -0.069358	  0.016039	  0.001440	 -0.048473	 -0.042423	 -0.044583	 -0.019691
 -0.031791	  0.024369	 -0.028208	 -0.054554	 -0.052337	 -0.048131	 -0.067552
 -0.032931	  0.013917	 -0.006828	 -0.061206	 -0.058831	 -0.037329	 -0.075756
 -0.001921	  0.011002	  0.014268	 -0.076632	 -0.031115	 -0.059946	 -0.069833
 -0.018994	 -0.023524	 -0.001918	 -0.085248	 -0.012648	 -0.051963	 -0.078100
 -0.043733	 -0.041294	 -0.001379	 -0.097443	 -0.024843	 -0.049081	 -0.065208
 -0.041832	 -0.038348	  0.035142	 -0.112298	 -0.036848	 -0.051805	 -0.047787
 -0.035465	 -0.061154	  0.051392	 -0.130670	 -0.047808	 -0.016962	 -0.061376
 -0.025424	 -0.077783	  0.021648	 -0.119425	 -0.052876	  0.014428	 -0.043447
 -0.051936	 -0.079241	  0.013128	 -0.080433	 -0.027092	  0.006288	 -0.050448
 -0.070308	 -0.067742	  0.003784	 -0.084488	 -0.012838	 -0.005242	 -0.053077
 -0.103694	 -0.064892	 -0.020258	 -0.039952	 -0.022594	 -0.007491	 -0.069009
 -0.110282	 -0.044683	 -0.019498	 -0.014802	 -0.023069	  0.007618	 -0.077467
 -0.070023	 -0.034262	 -0.016172	 -0.015499	 -0.015625	 -0.016994	 -0.078195
 -0.035117	 -0.031157	 -0.020068	 -0.021485	  0.018235	 -0.024786	 -0.037271
 -0.058240	 -0.068376	 -0.025801	 -0.020979	  0.053427	 -0.021460	 -0.040850
 -0.052253	 -0.048801	 -0.002900	 -0.050373	  0.049562	 -0.050443	 -0.029510
 -0.037968	 -0.034198	  0.018228	 -0.019648	  0.048992	 -0.053325	 -0.032139
 -0.080793	 -0.068788	  0.002960	 -0.013218	  0.042372	 -0.039578	  0.013948
 -0.063245	 -0.042244	 -0.018801	  0.022417	  0.055549	 -0.027953	  0.026492
