:RUN-4	LEVEL SWEEP	TEMP:NaN	8/27/2019	3:59 PM	HR:-636.36:SW EAR: R	SW FREQ: 16.00	# AVERAGES: 512	REP RATE (/sec): 80	DRIVER: 	SAMPLE (µsec): 40	MASKER dB: 2147483647:NOTES-:CHAMBER-SEWELL-PXI1:CFTS Version: V2.7.2 (R850):LEVELS:20;30;40;50;60;70;80;:DATA -0.004766	  0.038001	  0.020364	 -0.001658	 -0.076966	 -0.090074	 -0.145223
  0.016013	  0.020421	  0.014377	  0.002745	 -0.080736	 -0.086779	 -0.139458
  0.025769	  0.037367	  0.003861	 -0.013695	 -0.068192	 -0.073856	 -0.155581
 -0.000553	  0.052223	  0.002658	 -0.008658	 -0.031861	 -0.043511	 -0.164165
 -0.001725	  0.056214	  0.005223	  0.057923	 -0.032938	 -0.028813	 -0.140535
  0.016932	  0.034422	 -0.010076	  0.060140	 -0.009213	 -0.020483	 -0.123367
  0.022982	  0.035087	 -0.027497	  0.054249	  0.005738	  0.017464	 -0.118679
  0.001506	  0.026091	 -0.009886	  0.043321	 -0.006995	  0.021075	 -0.094416
  0.026973	 -0.007010	 -0.024330	  0.007179	 -0.070473	 -0.004138	 -0.091027
 -0.006064	 -0.003842	 -0.008841	 -0.038116	 -0.068952	 -0.051746	 -0.069646
 -0.006476	 -0.015657	  0.007187	 -0.032478	 -0.026856	 -0.051081	 -0.054537
  0.003502	 -0.044482	  0.022201	 -0.028646	 -0.003638	 -0.029257	 -0.052922
 -0.002263	 -0.032698	  0.016531	 -0.030071	 -0.010575	  0.020505	 -0.027898
 -0.007553	 -0.022372	  0.018654	 -0.018351	  0.015589	  0.029628	  0.018285
 -0.008820	 -0.026332	  0.010418	 -0.028741	  0.045776	  0.030483	  0.087812
 -0.005114	 -0.047301	  0.010925	 -0.022152	  0.054423	  0.024940	  0.149040
  0.005149	 -0.051292	  0.019604	 -0.018573	  0.078465	  0.042013	  0.213848
 -0.000616	 -0.036404	 -0.022271	 -0.020727	  0.078021	  0.074448	  0.274253
 -0.034667	 -0.003684	 -0.047231	  0.003632	  0.090691	  0.080435	  0.307765
 -0.040210	 -0.008752	 -0.001872	  0.032678	  0.118692	  0.138749	  0.326454
 -0.026463	 -0.001340	  0.005382	  0.036384	  0.094587	  0.170836	  0.297059
 -0.060451	  0.027865	  0.047288	  0.073096	  0.085908	  0.182809	  0.303172
 -0.064727	  0.019439	  0.068352	  0.096820	  0.108144	  0.162917	  0.320974
 -0.057537	 -0.038305	  0.021188	  0.128337	  0.115240	  0.173148	  0.288000
 -0.040020	 -0.016576	  0.009721	  0.127387	  0.122398	  0.131464	  0.301303
 -0.041192	  0.029702	 -0.000003	  0.132550	  0.146883	  0.107929	  0.295634
 -0.047907	  0.037716	 -0.015176	  0.134261	  0.149132	  0.095037	  0.286384
 -0.044423	  0.037842	 -0.050272	  0.122002	  0.169911	  0.115436	  0.321987
 -0.036187	  0.029322	 -0.060376	  0.107115	  0.132566	  0.174162	  0.374917
 -0.040242	  0.037494	 -0.050272	  0.118138	  0.162214	  0.244735	  0.420656
 -0.055446	  0.039996	 -0.012040	  0.113006	  0.237823	  0.359399	  0.516189
 -0.062415	  0.016145	  0.002468	  0.122889	  0.287427	  0.449389	  0.605260
 -0.059025	  0.018742	 -0.002347	  0.155008	  0.317043	  0.471371	  0.631962
 -0.055034	  0.039711	  0.000409	  0.179018	  0.381534	  0.467317	  0.640926
 -0.066817	  0.059033	  0.011653	  0.224472	  0.395154	  0.443941	  0.609029
 -0.037454	  0.079337	  0.028980	  0.257541	  0.399557	  0.379640	  0.566743
  0.011991	  0.060332	  0.060275	  0.240246	  0.386190	  0.275650	  0.451318
 -0.019843	  0.061916	  0.076303	  0.236889	  0.309884	  0.155822	  0.284009
  0.020891	  0.057735	  0.046274	  0.192638	  0.191007	  0.024813	  0.060920
  0.030299	  0.056246	  0.023690	  0.141324	  0.050654	 -0.094793	 -0.157925
  0.009267	  0.099641	  0.034016	  0.078670	 -0.078772	 -0.217282	 -0.362009
 -0.005526	  0.114117	 -0.033579	  0.022415	 -0.184314	 -0.328969	 -0.506354
 -0.028300	  0.083360	 -0.057621	 -0.062000	 -0.235184	 -0.428366	 -0.657033
 -0.021015	  0.051241	 -0.127116	 -0.104033	 -0.288431	 -0.483386	 -0.780472
 -0.004766	 -0.004539	 -0.165823	 -0.162632	 -0.334201	 -0.526116	 -0.919558
  0.006701	 -0.042201	 -0.181408	 -0.195479	 -0.332174	 -0.536790	 -0.976130
 -0.020350	 -0.048251	 -0.208870	 -0.249739	 -0.369329	 -0.545406	 -0.991113
 -0.000743	 -0.099945	 -0.222586	 -0.283885	 -0.360365	 -0.571982	 -0.923961
  0.006954	 -0.108212	 -0.212386	 -0.255979	 -0.331762	 -0.534890	 -0.824247
 -0.007078	 -0.121611	 -0.184639	 -0.222594	 -0.286245	 -0.476354	 -0.659757
 -0.010562	 -0.091298	 -0.172539	 -0.175904	 -0.226125	 -0.406953	 -0.481489
 -0.012273	 -0.097284	 -0.175928	 -0.164691	 -0.184251	 -0.282089	 -0.262929
 -0.028395	 -0.111760	 -0.178810	 -0.140016	 -0.155711	 -0.145980	 -0.055741
 -0.083352	 -0.134028	 -0.166964	 -0.055094	 -0.098189	 -0.002586	  0.152366
 -0.098366	 -0.104696	 -0.136555	 -0.019555	 -0.012824	  0.155759	  0.284009
 -0.094945	 -0.091329	 -0.096391	  0.040628	  0.075170	  0.262314	  0.386922
 -0.088673	 -0.081415	 -0.032090	  0.106481	  0.195093	  0.353824	  0.422778
 -0.046070	 -0.045020	  0.034745	  0.179810	  0.287965	  0.408971	  0.439661
 -0.005241	 -0.024970	  0.054922	  0.234038	  0.331329	  0.443656	  0.414258
  0.014145	 -0.009417	  0.076113	  0.283198	  0.359044	  0.459271	  0.378908
  0.002171	  0.031001	  0.112761	  0.357730	  0.341496	  0.431365	  0.324807
 -0.020667	  0.077468	  0.115612	  0.346707	  0.339469	  0.362440	  0.213658
 -0.020508	  0.079401	  0.120300	  0.306859	  0.312038	  0.283759	  0.100324
  0.014430	  0.092482	  0.110860	  0.309678	  0.243651	  0.170171	  0.021547
  0.002235	  0.099134	  0.114471	  0.287696	  0.154327	  0.056710	 -0.039745
  0.038535	  0.093116	  0.140445	  0.244681	  0.025630	 -0.023745	 -0.066795
  0.018231	  0.088365	  0.096385	  0.161913	 -0.092360	 -0.076136	 -0.102652
  0.011262	  0.109524	  0.040953	  0.112120	 -0.111271	 -0.123966	 -0.103634
  0.041702	  0.083835	 -0.022873	  0.046393	 -0.110922	 -0.148008	 -0.143006
  0.049938	  0.047345	 -0.063607	 -0.013980	 -0.150611	 -0.210345	 -0.205755
  0.067106	 -0.026458	 -0.112102	 -0.096177	 -0.202496	 -0.218137	 -0.234073
  0.046643	 -0.042708	 -0.140863	 -0.146509	 -0.193151	 -0.207747	 -0.261250
  0.057825	 -0.047839	 -0.177227	 -0.183760	 -0.162173	 -0.184213	 -0.285450
  0.057540	 -0.097348	 -0.223663	 -0.183760	 -0.120330	 -0.194602	 -0.299039
  0.032516	 -0.100990	 -0.191322	 -0.174162	 -0.106804	 -0.199353	 -0.292102
  0.013860	 -0.117873	 -0.165982	 -0.172008	 -0.084758	 -0.192448	 -0.285640
 -0.000046	 -0.150214	 -0.141307	 -0.136912	 -0.072532	 -0.155198	 -0.261060
  0.003660	 -0.165418	 -0.131646	 -0.127029	 -0.087609	 -0.135179	 -0.211900
  0.035842	 -0.149549	 -0.147198	 -0.103336	 -0.087641	 -0.133215	 -0.176994
  0.014936	 -0.138716	 -0.118786	 -0.077235	 -0.064581	 -0.133437	 -0.168378
  0.034702	 -0.131684	 -0.083088	 -0.089811	 -0.030340	 -0.160361	 -0.151400
  0.011927	 -0.107832	 -0.075390	 -0.068113	 -0.019000	 -0.185353	 -0.151780
  0.000683	 -0.119394	 -0.043177	 -0.046130	 -0.062491	 -0.196883	 -0.119566
 -0.011544	 -0.077677	 -0.015334	 -0.033999	 -0.097935	 -0.172144	 -0.078103
 -0.004259	 -0.056328	  0.003069	 -0.054968	 -0.081369	 -0.138822	 -0.014468
 -0.023232	 -0.007263	  0.013364	 -0.049488	 -0.077790	 -0.153709	  0.023606
 -0.045183	  0.015670	 -0.022493	 -0.011351	 -0.074749	 -0.129953	  0.068648
 -0.087787	  0.023304	 -0.005800	 -0.005491	 -0.092012	 -0.137491	  0.071499
 -0.063682	  0.063246	  0.007092	 -0.010939	 -0.093216	 -0.125708	  0.063770
 -0.058107	  0.029100	  0.011115	  0.025519	 -0.090016	 -0.059507	  0.091011
 -0.049079	  0.017095	 -0.019072	  0.047375	 -0.071993	 -0.004518	  0.095224
 -0.029599	 -0.005869	 -0.018470	  0.021053	 -0.045798	  0.033397	  0.075490
 -0.029694	 -0.029024	 -0.008429	  0.043131	 -0.004113	  0.051547	  0.087178
 -0.028965	 -0.017178	  0.008042	  0.044936	  0.019232	  0.052465	  0.102604
 -0.044771	 -0.009037	  0.021156	  0.025583	  0.040581	  0.049583	  0.096396
 -0.057853	 -0.017621	  0.017577	 -0.002007	  0.038807	  0.095861	  0.139253
 -0.075148	 -0.007168	  0.010545	  0.008731	  0.040137	  0.086516	  0.141090
 -0.081483	  0.011299	 -0.009031	  0.068946	  0.050210	  0.090983	  0.189743
 -0.082085	 -0.014929	  0.025559	  0.110789	  0.046251	  0.096747	  0.208938
 -0.040432	 -0.008689	  0.014979	  0.119753	  0.051540	  0.116830	  0.216445
 -0.019938	  0.022417	  0.003354	  0.092766	  0.078211	  0.104286	  0.223826
 -0.044170	 -0.001498	 -0.030982	  0.082883	  0.098610	  0.112648	  0.237034
 -0.072962	  0.035974	 -0.030126	  0.050796	  0.091958	  0.156550	  0.244890
 -0.069383	  0.043702	  0.002341	  0.022352	  0.082867	  0.184710	  0.230984
 -0.049238	  0.024856	  0.017767	  0.032298	  0.123950	  0.155442	  0.234184
 -0.069542	  0.000276	 -0.025185	  0.022098	  0.151888	  0.163772	  0.164846
 -0.055446	  0.001289	 -0.018597	  0.039425	  0.140358	  0.141473	  0.127343
 -0.034635	 -0.001562	 -0.017551	  0.034325	  0.150684	  0.154523	  0.117460
  0.006701	  0.017285	 -0.067662	  0.056054	  0.131806	  0.166085	  0.081382
  0.018864	  0.011014	 -0.057874	  0.132867	  0.147105	  0.151102	  0.058449
 -0.017087	  0.021181	 -0.085020	  0.139930	  0.155436	  0.136912	  0.053476
 -0.031278	 -0.028359	 -0.078336	  0.123364	  0.146408	  0.099820	  0.002035
 -0.001155	 -0.038368	 -0.056987	  0.126215	  0.132661	  0.051388	 -0.042785
  0.056526	 -0.024304	 -0.048055	  0.123586	  0.070292	  0.004667	 -0.071230
  0.019846	 -0.030956	 -0.015556	  0.124631	  0.044223	 -0.033058	 -0.127232
  0.032738	 -0.043911	 -0.023696	  0.089535	 -0.024385	 -0.047439	 -0.193750
  0.029475	 -0.040712	 -0.060946	  0.049909	 -0.028820	 -0.056688	 -0.202904
  0.021398	 -0.047016	 -0.059743	  0.060267	 -0.048554	 -0.074838	 -0.272717
 -0.004829	 -0.040237	 -0.071558	  0.083802	 -0.068667	 -0.101508	 -0.322162
 -0.032355	 -0.063265	 -0.067408	  0.052728	 -0.099804	 -0.116712	 -0.343289
 -0.064917	 -0.112805	 -0.094047	  0.000242	 -0.140032	 -0.151840	 -0.369675
 -0.077967	 -0.113249	 -0.114319	 -0.042868	 -0.176743	 -0.133849	 -0.381109
 -0.066659	 -0.097918	 -0.109790	 -0.056203	 -0.192993	 -0.129541	 -0.376263
 -0.069478	 -0.095194	 -0.075834	 -0.060004	 -0.206233	 -0.158239	 -0.392608
 -0.037613	 -0.123955	 -0.097246	 -0.072199	 -0.189952	 -0.180982	 -0.387730
 -0.040020	 -0.104791	 -0.114414	 -0.069127	 -0.179658	 -0.199163	 -0.396377
 -0.043853	 -0.086990	 -0.118469	 -0.065864	 -0.132968	 -0.210218	 -0.427957
 -0.044043	 -0.080718	 -0.137791	 -0.063520	 -0.103890	 -0.241228	 -0.425011
 -0.063650	 -0.094909	 -0.131297	 -0.022532	 -0.088908	 -0.268722	 -0.413165
 -0.047591	 -0.109384	 -0.136904	 -0.023356	 -0.085265	 -0.267424	 -0.362168
 -0.068465	 -0.119457	 -0.121510	 -0.023704	 -0.085170	 -0.261405	 -0.318234
 -0.050125	 -0.143340	 -0.125089	 -0.023451	 -0.084188	 -0.293587	 -0.290740
 -0.057505	 -0.131430	 -0.100952	  0.025171	 -0.079754	 -0.305814	 -0.281934
 -0.104606	 -0.105108	 -0.069626	 -0.024369	 -0.109909	 -0.300873	 -0.274395
 -0.072392	 -0.131304	 -0.039249	 -0.051357	 -0.129611	 -0.314810	 -0.259350
 -0.093171	 -0.122720	 -0.019388	 -0.015279	 -0.130878	 -0.290927	 -0.309713
 -0.075750	 -0.128326	 -0.016949	 -0.012555	 -0.142439	 -0.261975	 -0.338601
 -0.072392	 -0.146001	 -0.032787	 -0.065927	 -0.141869	 -0.226562	 -0.355104
 -0.026717	 -0.136435	 -0.063195	 -0.095449	 -0.157168	 -0.242020	 -0.383327
 -0.067198	 -0.139349	 -0.072318	 -0.101499	 -0.197016	 -0.259822	 -0.448990
 -0.072994	 -0.149865	 -0.061041	 -0.093992	 -0.221501	 -0.260772	 -0.501887
 -0.063682	 -0.114516	 -0.075390	 -0.107359	 -0.201672	 -0.260455	 -0.513132
 -0.062605	 -0.077487	 -0.089929	 -0.129912	 -0.229293	 -0.282374	 -0.528938
 -0.108344	 -0.046572	 -0.089074	 -0.134790	 -0.223243	 -0.273727	 -0.551016
 -0.118923	 -0.042961	 -0.102568	 -0.128486	 -0.233157	 -0.262482	 -0.551269
 -0.115407	 -0.014263	 -0.096074	 -0.142392	 -0.244909	 -0.272238	 -0.566157
 -0.095895	 -0.040110	 -0.081947	 -0.120789	 -0.250452	 -0.241482	 -0.601696
 -0.069795	 -0.065862	 -0.086857	 -0.117115	 -0.238004	 -0.285130	 -0.614493
 -0.073659	 -0.073338	 -0.151443	 -0.100834	 -0.223306	 -0.276831	 -0.660106
 -0.074578	 -0.083316	 -0.186634	 -0.104730	 -0.200183	 -0.266188	 -0.676798
 -0.037581	 -0.085945	 -0.210201	 -0.106884	 -0.210383	 -0.274646	 -0.711673
 -0.046609	 -0.107769	 -0.200856	 -0.059339	 -0.194608	 -0.301855	 -0.795486
 -0.060546	 -0.107579	 -0.215015	 -0.056900	 -0.212093	 -0.320543	 -0.805844
 -0.062636	 -0.131652	 -0.220527	 -0.035107	 -0.193436	 -0.352408	 -0.831691
 -0.089434	 -0.126521	 -0.193444	 -0.083982	 -0.203953	 -0.375817	 -0.856239
 -0.091429	 -0.104031	 -0.163733	 -0.073149	 -0.179784	 -0.388455	 -0.872013
 -0.104511	 -0.066084	 -0.144664	 -0.081702	 -0.191473	 -0.398084	 -0.876670
 -0.108787	 -0.069062	 -0.137252	 -0.067701	 -0.219220	 -0.375817	 -0.855067
 -0.122439	 -0.094402	 -0.140547	 -0.063837	 -0.225302	 -0.372047	 -0.796183
 -0.106982	 -0.078786	 -0.143207	 -0.073498	 -0.208767	 -0.341987	 -0.713985
 -0.109104	 -0.095352	 -0.125659	 -0.063045	 -0.173544	 -0.310375	 -0.644141
 -0.100298	 -0.060129	 -0.128510	 -0.039827	 -0.184377	 -0.266917	 -0.549210
 -0.115914	 -0.063075	 -0.096898	 -0.052180	 -0.178992	 -0.224440	 -0.467615
 -0.081895	 -0.063012	 -0.105260	 -0.026808	 -0.144055	 -0.199607	 -0.390359
 -0.075845	 -0.035232	 -0.083151	  0.001383	 -0.112664	 -0.195679	 -0.302428
 -0.090859	 -0.047016	 -0.044222	  0.007813	 -0.061350	 -0.174615	 -0.235403
 -0.081008	 -0.046192	 -0.034656	 -0.010211	 -0.077315	 -0.134831	 -0.179528
 -0.060387	 -0.064469	 -0.023886	 -0.041601	 -0.094799	 -0.108857	 -0.128024
 -0.064569	 -0.077202	 -0.046091	 -0.074797	 -0.079975	 -0.085607	 -0.074302
 -0.040780	 -0.092850	 -0.069721	 -0.072706	 -0.078740	 -0.087476	 -0.045985
 -0.007680	 -0.082080	 -0.085051	 -0.021392	 -0.079152	 -0.059634	 -0.036450
  0.015063	 -0.102099	 -0.105735	 -0.027220	 -0.085107	 -0.069136	 -0.026346
  0.036286	 -0.134820	 -0.114161	 -0.033555	 -0.067337	 -0.090454	 -0.000404
  0.018072	 -0.156929	 -0.127085	 -0.063045	 -0.081084	 -0.107495	 -0.023875
 -0.002802	 -0.186672	 -0.143239	 -0.053352	 -0.064835	 -0.115445	 -0.049437
 -0.010467	 -0.187337	 -0.144981	 -0.105458	 -0.041617	 -0.111929	 -0.065212
 -0.033622	 -0.169187	 -0.124931	 -0.122658	 -0.101198	 -0.110504	 -0.065877
 -0.034762	 -0.171975	 -0.105704	 -0.172261	 -0.092867	 -0.120133	 -0.094923
 -0.061369	 -0.142390	 -0.098007	 -0.183855	 -0.089826	 -0.140532	 -0.136608
 -0.096244	 -0.145748	 -0.093889	 -0.196778	 -0.081274	 -0.132423	 -0.128879
 -0.091303	 -0.155155	 -0.075454	 -0.179388	 -0.095591	 -0.099671	 -0.100149
 -0.082402	 -0.166938	 -0.076974	 -0.162094	 -0.088718	 -0.093209	 -0.080891
 -0.109801	 -0.115593	 -0.046344	 -0.139161	 -0.092899	 -0.120007	 -0.053618
 -0.096751	 -0.113819	 -0.031520	 -0.085724	 -0.108261	 -0.101572	 -0.042469
 -0.124340	 -0.131272	 -0.033009	 -0.064407	 -0.156915	 -0.071195	 -0.033631
 -0.085791	 -0.102004	 -0.005198	 -0.046574	 -0.123402	 -0.089598	 -0.016938
 -0.073723	 -0.087275	  0.003038	 -0.052370	 -0.070409	 -0.101382	  0.022687
 -0.093963	 -0.082112	  0.003481	 -0.043406	 -0.056377	 -0.119341	  0.053508
 -0.099095	 -0.094022	 -0.043937	 -0.036026	 -0.039273	 -0.123649	  0.076029
 -0.065170	 -0.099882	 -0.086160	 -0.012206	 -0.026127	 -0.127672	  0.072798
 -0.050631	 -0.095004	 -0.122523	 -0.011731	 -0.045829	 -0.152537	  0.052494
 -0.061496	 -0.042423	 -0.141085	 -0.003590	 -0.043644	 -0.181267	  0.045272
 -0.052690	 -0.027757	 -0.122492	 -0.012491	 -0.046083	 -0.195774	  0.032950
 -0.088705	 -0.042328	 -0.113401	 -0.034632	 -0.031544	 -0.187855	  0.014547
 -0.089307	 -0.027915	 -0.110993	 -0.023419	 -0.022390	 -0.184086	  0.009637
 -0.124593	 -0.021327	 -0.078495	 -0.031940	 -0.010131	 -0.149180	  0.032190
 -0.142617	 -0.043215	 -0.081852	  0.001604	 -0.020046	 -0.161026	  0.062567
 -0.127761	 -0.050817	 -0.067345	  0.021148	 -0.035282	 -0.204358	  0.057467
 -0.099791	 -0.064500	 -0.028416	  0.029035	 -0.036485	 -0.207462	  0.043530
 -0.080850	 -0.034789	 -0.025533	 -0.002387	 -0.040191	 -0.168058	  0.029909
 -0.070492	 -0.036468	 -0.019135	  0.001604	 -0.064898	 -0.129066	  0.017651
 -0.089244	 -0.070519	 -0.047516	 -0.027695	 -0.068572	 -0.131410	  0.016764
 -0.091334	 -0.042011	 -0.049068	  0.006957	 -0.042757	 -0.094508	  0.027597
 -0.092950	 -0.082144	 -0.064748	  0.036099	 -0.061097	 -0.062959	  0.034914
 -0.082180	 -0.103429	 -0.080997	  0.029922	 -0.049314	 -0.040438	  0.049231
 -0.028680	 -0.063455	 -0.064716	  0.020990	 -0.018399	 -0.055801	  0.098550
 -0.040052	 -0.066844	 -0.086350	  0.003663	 -0.002561	 -0.014876	  0.141470
 -0.080279	 -0.068903	 -0.076594	 -0.007645	  0.006688	  0.038940	  0.169091
 -0.049871	 -0.062758	 -0.098165	 -0.000645	  0.038839	  0.051230	  0.144099
 -0.014648	 -0.080782	 -0.082676	  0.024316	  0.025598	  0.097318	  0.155597
 -0.033843	 -0.121073	 -0.100034	  0.004107	  0.022019	  0.119332	  0.128451
 -0.065392	 -0.108592	 -0.135162	  0.001098	  0.046441	  0.132351	  0.107102
 -0.092538	 -0.076695	 -0.154642	 -0.015469	  0.029685	  0.091774	  0.106659
  0.001908	 -0.054149	 -0.000304	 -0.004224	 -0.014053	 -0.070185	  0.086244
 -0.003730	 -0.038280	 -0.009522	 -0.008437	 -0.008129	 -0.068474	  0.087891
  0.012741	 -0.037804	  0.013855	  0.007939	 -0.004518	 -0.058275	  0.084438
  0.003397	 -0.056905	  0.014868	 -0.011858	 -0.030080	 -0.050483	  0.029102
 -0.042880	 -0.025039	 -0.022160	 -0.012491	 -0.024886	  0.009891	  0.088335
 -0.048170	 -0.025356	 -0.023649	 -0.023324	 -0.023144	 -0.005535	 -0.045652
 -0.035088	  0.004894	  0.003022	 -0.028139	 -0.007053	  0.028991	  0.005852
 -0.014246	  0.007555	 -0.008508	 -0.021455	  0.049710	  0.147076	  0.366570
  0.002922	  0.022600	 -0.017187	 -0.008247	 -0.082060	 -0.207307	 -0.619134
 -0.028341	  0.031976	  0.010212	  0.048009	  0.003147	  0.095477	  0.356498
 -0.028183	  0.041130	  0.024529	  0.031538	  0.081037	  0.130098	  0.426152
  0.001687	  0.012686	  0.025290	 -0.007518	 -0.046140	 -0.389408	 -1.296890
  0.029308	 -0.003975	  0.026778	  0.058081	  0.190570	  0.440453	  1.198364
  0.048028	 -0.001758	  0.010846	  0.024252	 -0.003093	 -0.000087	 -0.139348
  0.066970	  0.015125	 -0.014495	  0.004487	 -0.115445	 -0.301604	 -1.027365
  0.045969	  0.017786	  0.011352	  0.075186	  0.155030	  0.500510	  1.487750
  0.013723	  0.018926	 -0.030966	 -0.019301	 -0.088078	 -0.197139	 -0.831073
 -0.007689	  0.031279	 -0.025708	 -0.011192	 -0.051841	 -0.075633	 -0.338680
 -0.004047	  0.020668	  0.013506	  0.001889	  0.140871	  0.471748	  1.393326
 -0.014278	  0.018641	 -0.001761	 -0.095195	 -0.121844	 -0.400115	 -1.312379
  0.017714	  0.032705	  0.021013	 -0.053226	  0.023704	  0.157466	  0.397074
  0.008877	  0.033908	  0.046005	  0.002301	  0.104603	  0.288348	  0.938056
  0.000736	  0.011292	  0.054463	 -0.114739	 -0.124029	 -0.441324	 -1.408261
  0.023068	 -0.000459	  0.072803	 -0.051610	  0.136088	  0.347613	  1.071188
  0.030258	 -0.050696	  0.067925	 -0.072009	  0.058484	  0.118474	  0.280065
  0.031683	 -0.082403	  0.064725	 -0.082177	 -0.048230	 -0.342434	 -1.182922
  0.022814	 -0.069765	  0.081355	 -0.006029	  0.196778	  0.516886	  1.480401
  0.035294	 -0.051013	  0.038086	 -0.040967	  0.022817	 -0.085642	 -0.442544
  0.067096	 -0.005179	  0.037485	 -0.044261	 -0.012564	 -0.162550	 -0.624012
  0.041819	  0.002487	  0.076730	  0.044303	  0.215498	  0.556036	  1.580590
  0.032443	 -0.047846	  0.054336	 -0.041221	 -0.023555	 -0.258019	 -1.006396
  0.032443	 -0.015632	  0.060164	  0.021243	  0.068747	  0.075807	  0.086909
  0.017271	  0.014080	  0.084427	  0.054882	  0.176094	  0.461296	  1.242203
  0.019995	  0.009328	  0.062223	 -0.006061	 -0.056719	 -0.394571	 -1.387197
  0.024556	 -0.002328	  0.069477	  0.069485	  0.168682	  0.264085	  0.788549
  0.011221	 -0.016930	  0.054811	  0.052126	  0.149138	  0.207133	  0.673663
 -0.029102	 -0.041067	  0.041317	 -0.005839	 -0.051240	 -0.403092	 -1.285962
  0.008560	 -0.023392	  0.028140	  0.056878	  0.196240	  0.443494	  1.379199
  0.013438	 -0.023202	  0.000393	 -0.006758	  0.063742	 -0.046713	 -0.067255
  0.001750	 -0.010500	 -0.008635	 -0.022025	 -0.047850	 -0.321338	 -0.943172
  0.022212	  0.005337	  0.033747	  0.019913	  0.202511	  0.493446	  1.559336
 -0.006137	  0.020953	  0.001691	 -0.047682	 -0.049117	 -0.215638	 -0.774089
 -0.027074	  0.018578	  0.032131	 -0.026175	 -0.020673	 -0.097489	 -0.346061
 -0.020549	  0.054371	  0.054304	  0.004202	  0.181954	  0.470418	  1.392059
 -0.012219	  0.013351	  0.023452	 -0.087530	 -0.102839	 -0.391942	 -1.295116
 -0.000879	  0.003247	  0.015850	 -0.035677	  0.065484	  0.096649	  0.391214
 -0.005884	  0.008030	  0.017086	 -0.013600	  0.088765	  0.279923	  0.930106
 -0.001734	  0.023487	 -0.020450	 -0.082462	 -0.141166	 -0.479240	 -1.445036
  0.038398	  0.055131	 -0.015445	 -0.018319	  0.120947	  0.344350	  1.032797
  0.017398	  0.018166	 -0.057003	 -0.050502	  0.067194	  0.111030	  0.205343
 -0.015861	  0.030171	 -0.064795	 -0.081987	 -0.053805	 -0.354249	 -1.263695
 -0.028912	  0.039642	 -0.024789	  0.017664	  0.193959	  0.456006	  1.419458
 -0.037116	  0.041827	 -0.047184	 -0.024559	 -0.004994	 -0.148074	 -0.518026
 -0.021626	  0.040402	 -0.080569	 -0.031053	 -0.034515	 -0.232235	 -0.735572
  0.004981	  0.061624	 -0.045917	  0.007148	  0.147270	  0.418154	  1.466242
  0.028104	  0.047054	 -0.110281	 -0.100485	 -0.105436	 -0.396345	 -1.079027
  0.035009	  0.059375	 -0.093873	 -0.068968	  0.019048	 -0.020581	  0.012694
 -0.013803	  0.121237	 -0.050351	 -0.034601	  0.146446	  0.341183	  1.191491
  0.003524	  0.083702	 -0.048862	 -0.122911	 -0.134482	 -0.502743	 -1.407595
  0.015751	  0.088358	  0.015787	 -0.062221	  0.080815	  0.193512	  0.731248
  0.051417	  0.100838	  0.002515	 -0.056108	  0.067194	  0.182458	  0.601570
  0.069440	  0.025419	  0.015439	 -0.088544	 -0.111644	 -0.432550	 -1.380640
  0.051544	 -0.007808	  0.021394	  0.038348	  0.161967	  0.439788	  1.273181
  0.010778	 -0.018039	 -0.054881	  0.017980	  0.023197	 -0.006517	 -0.150719
 -0.018332	 -0.022980	 -0.074646	 -0.020727	 -0.061376	 -0.277911	 -1.008392
 -0.059573	 -0.052502	 -0.030554	  0.015066	  0.178121	  0.512705	  1.499723
 -0.043387	 -0.062131	  0.013823	 -0.108499	 -0.057638	 -0.259476	 -0.887709
 -0.050166	 -0.045660	  0.030104	 -0.116164	 -0.007623	 -0.118901	 -0.360916
 -0.010730	 -0.052343	  0.039385	 -0.044103	  0.211729	  0.420118	  1.422309
 -0.028785	 -0.068625	 -0.006227	 -0.095671	 -0.077118	 -0.402807	 -1.276143
 -0.031319	 -0.049303	  0.012113	 -0.006695	  0.068715	  0.112994	  0.409807
 -0.026378	 -0.069797	 -0.033627	  0.005374	  0.126459	  0.244573	  0.947527
 -0.040600	 -0.069797	 -0.083230	 -0.055633	 -0.117314	 -0.504960	 -1.404618
 -0.040568	 -0.050190	 -0.096344	  0.009238	  0.119775	  0.316064	  1.087754
 -0.014151	 -0.006002	 -0.100556	 -0.018541	  0.018319	  0.057784	  0.265875
 -0.011268	  0.002518	 -0.125770	 -0.043565	 -0.090960	 -0.437111	 -1.242694
  0.004854	  0.022062	 -0.086208	  0.041895	  0.166243	  0.428448	  1.417272
 -0.010445	  0.024152	 -0.087380	  0.004012	  0.011478	 -0.185419	 -0.514225
  0.042706	  0.010627	 -0.100398	 -0.025636	 -0.011804	 -0.237810	 -0.704784
  0.044797	  0.002835	 -0.084275	 -0.010686	  0.188954	  0.477703	  1.482967
  0.005583	  0.011577	 -0.066442	 -0.065452	 -0.057448	 -0.323239	 -1.101485
  0.009669	 -0.019623	 -0.054437	 -0.032098	  0.065262	  0.017873	  0.019631
  0.013185	 -0.061529	 -0.065555	 -0.006378	  0.159623	  0.360283	  1.183667
  0.009004	 -0.074104	 -0.090040	 -0.131654	 -0.059539	 -0.505372	 -1.452068
  0.008053	 -0.044203	 -0.043699	 -0.076032	  0.147586	  0.166398	  0.670147
 -0.001227	 -0.048099	 -0.021432	 -0.060416	  0.123228	  0.106595	  0.528558
  0.000388	 -0.064253	 -0.068121	 -0.107866	 -0.099639	 -0.492765	 -1.474019
 -0.008513	 -0.057570	 -0.022920	 -0.040365	  0.179452	  0.360125	  1.210401
 -0.031097	 -0.041637	 -0.019658	 -0.063678	  0.029437	 -0.096824	 -0.179639
 -0.053207	 -0.063747	  0.014647	 -0.073276	 -0.073222	 -0.366824	 -1.038230
 -0.067365	 -0.090956	  0.026081	  0.032076	  0.169316	  0.428036	  1.488415
 -0.048265	 -0.076797	 -0.016902	 -0.038148	 -0.058525	 -0.294319	 -0.834241
 -0.040441	 -0.105463	 -0.034735	 -0.039574	  0.016419	 -0.147124	 -0.319168
 -0.059732	 -0.097291	 -0.023585	  0.000369	  0.185470	  0.393859	  1.435232
 -0.041772	 -0.086489	 -0.041387	 -0.099060	 -0.098784	 -0.419722	 -1.236327
 -0.026663	 -0.049651	 -0.027672	 -0.046257	  0.057185	  0.118790	  0.443827
 -0.030020	 -0.016012	  0.016737	 -0.060353	  0.116925	  0.288475	  0.953736
 -0.035278	 -0.022062	 -0.010504	 -0.154460	 -0.125391	 -0.443446	 -1.428374
 -0.039998	  0.010944	  0.012303	 -0.064280	  0.119047	  0.348563	  1.066880
 -0.038573	  0.012623	  0.018701	 -0.116703	  0.015500	  0.131967	  0.260902
 -0.053492	 -0.003152	  0.012714	 -0.117020	 -0.106386	 -0.344429	 -1.238133
 -0.050546	  0.004545	  0.025891	 -0.051008	  0.154428	  0.487238	  1.430608
 -0.039998	  0.016107	  0.011416	 -0.148473	 -0.005025	 -0.125236	 -0.514827
 -0.025839	 -0.003975	 -0.011485	 -0.155252	 -0.022288	 -0.206864	 -0.696295
 -0.051433	  0.008156	  0.033715	 -0.042298	  0.223607	  0.460915	  1.503778
 -0.053175	 -0.008758	  0.007361	 -0.070615	 -0.046583	 -0.351145	 -1.113712
  0.006026	 -0.008061	  0.004574	  0.020261	  0.036596	 -0.033505	  0.003223
  0.006248	 -0.015853	  0.025448	  0.018329	  0.133649	  0.320435	  1.169635
  0.014135	 -0.017659	  0.000361	 -0.061239	 -0.137555	 -0.530585	 -1.461919
  0.019013	  0.012116	  0.011796	  0.009682	  0.075398	  0.151543	  0.668943
  0.006311	 -0.011482	 -0.002110	  0.011424	  0.082525	  0.123288	  0.541196
 -0.041582	 -0.032578	 -0.035464	 -0.074575	 -0.093494	 -0.485163	 -1.436230
 -0.024129	 -0.014523	 -0.015635	 -0.001658	  0.197792	  0.358382	  1.238972
 -0.026314	 -0.045565	 -0.027545	 -0.061493	  0.019428	 -0.093656	 -0.175711
 -0.001544	 -0.086426	 -0.043002	 -0.069190	 -0.060425	 -0.335054	 -1.017641
  0.025095	 -0.127066	 -0.022318	 -0.003939	  0.153890	  0.419642	  1.296748
  0.005234	 -0.118735	 -0.064257	 -0.073720	 -0.037619	 -0.204235	 -0.685525
 -0.039016	 -0.098684	 -0.081171	 -0.058864	 -0.007306	 -0.055962	 -0.186956
 -0.051813	 -0.081770	 -0.107747	 -0.034632	  0.044483	  0.174190	  0.604389
 -0.042975	 -0.103404	 -0.086049	 -0.052719	 -0.056719	 -0.126472	 -0.337603
 -0.020169	 -0.122663	 -0.058270	 -0.016070	  0.013473	  0.049231	  0.106833
 -0.033536	 -0.110119	 -0.037808	 -0.009894	  0.015785	  0.040616	  0.073099
 -0.045351	 -0.081611	 -0.024662	  0.004265	  0.031085	 -0.032174	 -0.045969
 -0.055329	 -0.063557	 -0.015603	  0.017759	  0.045085	 -0.059225	 -0.003777
 -0.040251	 -0.060452	 -0.023459	 -0.007993	  0.037166	 -0.047885	 -0.021832
 -0.049754	 -0.021397	 -0.045315	 -0.004097	  0.039605	 -0.031161	 -0.013058
 -0.081398	 -0.029506	 -0.046772	 -0.007486	  0.009387	 -0.037021	 -0.012773
 -0.097615	 -0.042619	 -0.027386	 -0.012364	 -0.004614	 -0.059225	 -0.020977
 -0.108163	 -0.070874	 -0.060170	 -0.016546	  0.018731	 -0.081651	 -0.030860
 -0.115544	 -0.056081	 -0.067361	 -0.013822	 -0.018297	 -0.081809	 -0.041629
 -0.106073	 -0.050063	 -0.067741	 -0.004097	  0.002260	 -0.066225	 -0.025507
 -0.100973	 -0.060642	 -0.088868	 -0.009862	  0.005776	 -0.054885	 -0.000990
 -0.073637	 -0.018071	 -0.114589	  0.000939	 -0.002460	 -0.042279	 -0.007895
 -0.045541	 -0.010880	 -0.093144	 -0.009324	 -0.006071	 -0.067049	 -0.029688
 -0.055202	 -0.005084	 -0.097167	 -0.036501	 -0.016143	 -0.076171	 -0.025221
 -0.076995	 -0.006319	 -0.094221	 -0.034442	 -0.016967	 -0.082190	 -0.026742
 -0.086117	 -0.015537	 -0.067139	 -0.046225	 -0.036067	 -0.090742	 -0.017556
 -0.088144	 -0.025673	 -0.078035	 -0.058167	 -0.052158	 -0.073891	 -0.029244
 -0.108923	 -0.011419	 -0.081900	 -0.039985	 -0.038316	 -0.055962	 -0.021674
 -0.124064	 -0.011546	 -0.095900	 -0.037040	 -0.016967	 -0.057546	 -0.032665
 -0.102620	 -0.018768	 -0.104326	 -0.026302	 -0.022763	 -0.035247	 -0.018918
 -0.106231	  0.020003	 -0.085732	 -0.017052	 -0.016302	 -0.022070	 -0.033710
 -0.091597	  0.043158	 -0.065555	 -0.016609	  0.000296	  0.019615	 -0.021642
 -0.081271	  0.037329	 -0.075153	 -0.008944	 -0.018677	  0.034217	 -0.036751
 -0.063976	  0.039737	 -0.054754	 -0.039954	 -0.049054	  0.016131	 -0.013121
 -0.093846	  0.033528	 -0.041989	 -0.073878	 -0.057385	  0.015244	 -0.039855
 -0.102652	  0.010405	 -0.011707	 -0.061778	 -0.060710	  0.007610	 -0.023574
 -0.061284	 -0.022632	 -0.013766	 -0.067986	 -0.041167	  0.028516	 -0.018443
 -0.019029	 -0.032008	 -0.036097	 -0.070900	 -0.037999	  0.021991	 -0.037638
  0.013121	 -0.045723	 -0.037016	 -0.040587	 -0.014813	  0.010778	 -0.024556
  0.019647	 -0.063430	  0.003972	 -0.002323	 -0.007844	 -0.020486	  0.008291
  0.027787	 -0.060801	 -0.000874	 -0.002735	 -0.024569	 -0.008988	  0.010888
  0.036213	 -0.053072	  0.007520	 -0.002387	 -0.009935	 -0.004490	  0.029418
  0.015370	 -0.088738	  0.009990	 -0.036089	  0.023356	  0.029593	  0.026821
 -0.010477	 -0.120921	  0.022946	 -0.030419	 -0.019596	  0.008845	  0.005694
 -0.028310	 -0.115029	  0.025480	 -0.021677	 -0.039456	  0.015719	  0.019504
 -0.059257	 -0.143220	  0.045118	 -0.049235	 -0.021306	  0.013121	  0.031382
 -0.078800	 -0.135618	  0.067988	 -0.043406	  0.011192	  0.005741	  0.029355
 -0.082380	 -0.108440	  0.042521	 -0.019523	  0.018224	  0.028959	  0.037749
 -0.066795	 -0.084272	  0.027824	 -0.043438	  0.023482	 -0.000277	  0.013517
 -0.046745	 -0.091399	  0.006728	 -0.010876	  0.004604	 -0.034296	  0.017794
 -0.051876	 -0.113065	  0.027190	  0.010695	  0.019238	 -0.042659	  0.047600
 -0.084977	 -0.134636	  0.054684	  0.012216	  0.030641	 -0.051496	  0.043229
 -0.078072	 -0.102644	  0.051137	 -0.002703	 -0.003093	 -0.051496	  0.059288
 -0.087796	 -0.102676	  0.045688	 -0.024306	 -0.024981	 -0.027613	  0.054094
 -0.105217	 -0.098304	  0.044516	 -0.031560	 -0.030239	 -0.028722	  0.081398
 -0.062044	 -0.070620	  0.053956	 -0.027093	 -0.005342	  0.001370	  0.083235
 -0.051053	 -0.069575	  0.048064	 -0.032637	  0.011573	 -0.010223	  0.123843
 -0.062076	 -0.074960	  0.060829	 -0.031750	  0.009292	 -0.000594	  0.089823
 -0.087954	 -0.016107	  0.035489	 -0.051515	 -0.008478	  0.013755	  0.063216
 -0.052763	  0.000238	  0.067038	 -0.050818	 -0.058557	 -0.028975	  0.077692
 -0.056437	  0.021017	  0.067766	 -0.033587	 -0.080666	 -0.071483	  0.091534
 -0.044338	  0.027130	  0.082780	 -0.037705	 -0.053013	 -0.038066	  0.100561
 -0.034486	 -0.015125	  0.049458	 -0.067004	 -0.029130	 -0.059098	  0.102557
 -0.053587	 -0.010532	  0.029376	 -0.063583	 -0.066855	 -0.030115	  0.087511
 -0.066447	 -0.012401	  0.003687	 -0.028519	 -0.071829	 -0.009495	  0.111521
 -0.046903	 -0.022379	 -0.011042	 -0.039510	 -0.049751	 -0.009843	  0.108702
 -0.064325	 -0.029284	 -0.030902	 -0.047176	 -0.070181	 -0.015165	  0.089665
 -0.074461	 -0.019528	  0.001121	 -0.024053	 -0.050859	 -0.018205	  0.060144
 -0.088683	 -0.010849	 -0.005784	  0.004138	 -0.041420	 -0.008069	  0.054505
 -0.063343	 -0.025768	 -0.025106	 -0.008627	 -0.024506	  0.040014	  0.042690
 -0.066732	 -0.036474	 -0.045631	 -0.001341	  0.018668	  0.057689	  0.048139
 -0.058655	 -0.011039	 -0.037237	 -0.039479	  0.014487	  0.048313	  0.031826
 -0.035595	 -0.029537	 -0.055356	 -0.013917	  0.013441	  0.045589	  0.025871
 -0.036450	 -0.020573	 -0.058682	 -0.044420	  0.019586	  0.031620	  0.052320
 -0.049912	 -0.031406	 -0.054881	 -0.001500	  0.028646	  0.022846	 -0.012456
 -0.030876	 -0.024723	 -0.031124	 -0.029596	  0.030008	  0.003777	 -0.027819
 -0.037496	 -0.026275	 -0.061089	 -0.023166	  0.020663	 -0.005060	 -0.002003
 -0.031984	 -0.002138	 -0.100398	 -0.025605	 -0.018741	  0.002795	  0.027360
 -0.060650	  0.008917	 -0.129824	 -0.041696	  0.028107	  0.003777	  0.005250
 -0.035405	 -0.001916	 -0.084465	 -0.075050	  0.041854	  0.028832	 -0.011506
 -0.061030	 -0.007428	 -0.066727	 -0.050375	  0.060067	  0.031525	  0.005789
 -0.047283	 -0.019686	 -0.071574	 -0.037800	  0.045845	  0.060286	 -0.015212
 -0.012599	 -0.002201	 -0.076927	 -0.046954	  0.055443	  0.036846	 -0.034376
 -0.006549	 -0.028270	 -0.114494	 -0.003939	  0.071249	  0.035548	 -0.009320
 -0.048424	 -0.064507	 -0.121209	 -0.016894	  0.078883	  0.051575	 -0.003746
 -0.069678	 -0.068466	 -0.120258	 -0.005839	  0.030578	  0.034217	 -0.007578
 -0.058306	 -0.048764	 -0.072936	  0.011804	  0.030419	  0.031113	  0.000055
 -0.032998	 -0.023867	 -0.053645	  0.010885	  0.028329	  0.032380	 -0.020280
 -0.020581	 -0.031216	 -0.073126	  0.040977	  0.036279	  0.018126	 -0.005393
  0.004664	 -0.035872	 -0.062166	  0.084055	  0.042931	  0.040837	 -0.017018
 -0.012314	 -0.023361	 -0.050066	  0.090169	  0.038116	  0.059969	 -0.032475
 -0.014594	 -0.000364	 -0.042812	  0.081870	  0.031560	  0.054236	 -0.015370
 -0.020644	  0.022727	 -0.050383	  0.050954	  0.020632	  0.065766	 -0.013438
 -0.059922	 -0.013826	 -0.027228	  0.036225	  0.036153	  0.042231	  0.001893
 -0.092769	  0.006509	 -0.019373	  0.007084	  0.036849	  0.040109	  0.030115
 -0.107561	  0.003500	 -0.035685	 -0.030071	  0.007772	  0.056073	  0.018237
 -0.088746	 -0.006034	 -0.009775	 -0.030103	 -0.008890	  0.048123	 -0.013692
 -0.070311	  0.014682	  0.017307	 -0.024686	 -0.001509	  0.058386	  0.007943
 -0.058401	  0.020161	  0.025511	 -0.007075	 -0.005500	  0.035104	 -0.018126
 -0.014183	 -0.006953	  0.046164	  0.005976	  0.022152	  0.015434	 -0.030638
 -0.042690	 -0.018546	  0.031308	  0.005690	  0.009324	  0.010271	 -0.016447
 -0.068759	 -0.006541	  0.050852	  0.021813	  0.000233	  0.000673	 -0.017018
