:RUN-1	LEVEL SWEEP	TEMP:NaN	8/27/2019	3:48 PM	HR:-636.36:SW EAR: R	SW FREQ: 5.66	# AVERAGES: 512	REP RATE (/sec): 80	DRIVER: 	SAMPLE (µsec): 40	MASKER dB: 2147483647:NOTES-:CHAMBER-SEWELL-PXI1:CFTS Version: V2.7.2 (R850):LEVELS:20;30;40;50;60;70;80;:DATA -0.013331	 -0.042700	 -0.007648	  0.028310	  0.030980	 -0.004347	  0.009224
 -0.040445	 -0.040894	 -0.001946	  0.028943	  0.020686	 -0.008940	  0.012233
 -0.023023	 -0.053121	 -0.025830	 -0.000831	 -0.021221	 -0.029308	  0.013785
 -0.023118	 -0.043999	 -0.037454	 -0.023004	 -0.001899	 -0.039317	 -0.012981
  0.001905	 -0.008554	  0.000271	 -0.045367	  0.049130	 -0.047489	  0.005138
 -0.006425	  0.022203	  0.008760	 -0.033710	  0.038645	 -0.002035	  0.016826
 -0.018335	  0.039751	  0.016077	 -0.048946	  0.036175	  0.013707	  0.014799
 -0.000217	  0.036678	  0.013765	 -0.019457	  0.015998	 -0.002384	 -0.009845
 -0.017227	  0.032244	 -0.002422	  0.007943	  0.012007	  0.014119	 -0.022071
  0.002032	  0.043710	  0.006606	 -0.011158	 -0.003388	  0.032459	 -0.009180
 -0.002656	  0.034968	  0.018072	  0.014943	 -0.036678	 -0.020185	 -0.012695
 -0.007122	  0.031579	  0.045788	  0.027233	 -0.017578	  0.018681	 -0.011492
 -0.017543	  0.016976	  0.052218	  0.024889	  0.005545	 -0.003429	 -0.022895
 -0.002466	 -0.012893	  0.065712	  0.042089	  0.031043	  0.035152	 -0.032556
  0.014575	 -0.024677	  0.029729	  0.055899	  0.023093	  0.037907	 -0.029705
  0.020879	 -0.024043	 -0.000933	  0.026599	  0.015903	  0.022957	  0.007038
  0.030793	  0.000252	 -0.025196	  0.001101	 -0.010325	 -0.008782	  0.029211
  0.030381	 -0.002282	 -0.054369	 -0.017778	 -0.061892	 -0.000198	  0.002382
  0.045681	 -0.018912	 -0.043821	 -0.027946	 -0.058978	 -0.001908	  0.025758
  0.025662	  0.013714	 -0.057378	 -0.029751	 -0.067245	 -0.006660	  0.027025
  0.032757	 -0.000635	 -0.062700	 -0.002510	 -0.087391	 -0.009986	  0.038175
  0.055785	 -0.013559	 -0.056840	  0.029165	 -0.075481	  0.047188	  0.030415
  0.026675	 -0.016916	 -0.069732	  0.049469	 -0.055525	  0.026283	  0.040107
  0.016603	 -0.027686	 -0.026717	  0.073130	 -0.047606	  0.026599	  0.066144
 -0.014946	 -0.045266	 -0.021173	  0.079877	 -0.043520	  0.013201	  0.111852
 -0.046241	 -0.062275	  0.023045	  0.097425	 -0.048462	  0.037939	  0.124965
 -0.027363	 -0.070828	  0.029697	  0.069171	 -0.049127	  0.052415	  0.087335
 -0.011335	 -0.045677	  0.024534	  0.035595	 -0.035506	  0.040188	  0.080747
 -0.024068	 -0.062244	  0.036191	  0.035785	 -0.004180	  0.020296	  0.088349
 -0.025240	 -0.081882	  0.062481	  0.037496	 -0.014886	  0.033029	  0.100956
  0.002824	 -0.058157	  0.062671	  0.025998	 -0.058914	  0.022513	  0.094937
 -0.012824	 -0.052203	  0.057128	  0.023527	 -0.067879	  0.025047	  0.070104
 -0.003955	 -0.041940	  0.023584	  0.021975	 -0.085332	 -0.007167	  0.073271
  0.023666	 -0.040483	  0.012244	  0.046872	 -0.056095	 -0.014864	  0.102159
  0.047993	 -0.052012	  0.043476	  0.064198	 -0.031737	 -0.006501	  0.109318
  0.070134	 -0.050492	  0.065110	  0.065212	 -0.017990	 -0.042548	  0.144509
  0.068613	 -0.089643	  0.078192	  0.040093	 -0.038294	 -0.037923	  0.139789
  0.048690	 -0.079063	  0.064888	  0.074556	 -0.046054	  0.016432	  0.146790
  0.043558	 -0.071714	  0.031186	  0.073415	 -0.090051	  0.015228	  0.135798
  0.015969	 -0.051886	  0.030869	  0.069076	 -0.090685	  0.021626	  0.137287
  0.022589	 -0.036048	 -0.002200	  0.035247	 -0.084128	  0.056691	  0.126803
  0.036051	 -0.045899	 -0.004797	  0.071388	 -0.051122	  0.077375	  0.117110
  0.006023	 -0.029871	 -0.033083	  0.074587	 -0.022456	  0.064990	  0.075013
 -0.015421	 -0.028573	 -0.010879	  0.081904	  0.002599	  0.087986	  0.057972
  0.014765	 -0.031709	 -0.015567	  0.058306	  0.013464	  0.082316	 -0.006202
 -0.006679	 -0.015206	 -0.034762	  0.067746	 -0.012288	  0.069361	 -0.054697
 -0.009403	 -0.031360	 -0.066881	  0.082316	 -0.009058	  0.066985	 -0.053842
  0.013752	 -0.002884	 -0.058962	  0.115924	  0.015459	  0.043292	 -0.106106
 -0.002022	  0.026891	 -0.025735	  0.109969	  0.022998	  0.026948	 -0.094956
 -0.013141	 -0.021129	  0.030109	  0.153617	 -0.008297	  0.015608	 -0.113233
 -0.021123	 -0.009409	  0.028557	  0.147061	 -0.032941	 -0.046317	 -0.136166
 -0.009656	 -0.007920	  0.010090	  0.126915	 -0.053625	 -0.075680	 -0.126568
  0.005136	  0.027651	 -0.008978	  0.114150	 -0.059041	 -0.081920	 -0.085929
 -0.002117	  0.015678	 -0.022472	  0.089823	 -0.035475	 -0.074793	 -0.099232
  0.003172	 -0.005893	 -0.004290	  0.094955	 -0.068290	 -0.103396	 -0.086816
 -0.012792	 -0.002187	  0.002108	  0.070818	 -0.114916	 -0.111568	 -0.037782
 -0.026096	  0.013904	 -0.001661	  0.065718	 -0.110862	 -0.093070	 -0.026379
 -0.024195	 -0.007920	  0.015032	  0.034011	 -0.094106	 -0.044100	  0.006912
 -0.008167	 -0.024360	  0.005180	 -0.013217	 -0.098224	  0.001988	  0.025188
  0.042513	 -0.046057	  0.000968	 -0.019140	 -0.087581	 -0.000103	  0.002287
  0.071749	 -0.044695	  0.042969	 -0.045747	 -0.062811	  0.014816	 -0.037022
  0.070514	 -0.046691	  0.038566	 -0.020850	 -0.087454	  0.027233	  0.003871
  0.052839	 -0.010708	  0.000588	 -0.051924	 -0.081879	  0.019219	  0.030700
  0.039821	 -0.006273	 -0.022377	 -0.022402	 -0.056412	  0.009748	  0.063230
  0.036305	 -0.006178	 -0.023676	 -0.012171	 -0.036140	  0.043672	  0.100956
  0.047423	  0.002374	 -0.037359	 -0.045304	 -0.057679	  0.070501	  0.112580
  0.012263	  0.005858	 -0.047876	 -0.015814	 -0.054765	  0.083457	  0.085656
 -0.026001	  0.007379	 -0.037201	  0.006105	 -0.077666	  0.103507	  0.089457
 -0.045259	 -0.025564	 -0.034350	 -0.003841	 -0.042000	  0.095557	  0.080937
 -0.058088	 -0.023790	 -0.026368	  0.016622	 -0.013334	  0.100371	  0.113879
 -0.060748	  0.010261	 -0.059691	  0.007277	 -0.004401	  0.086086	  0.116381
 -0.038164	  0.010198	 -0.061053	  0.049057	 -0.014854	  0.083330	  0.098928
 -0.047572	  0.013904	 -0.020318	  0.016368	 -0.012162	  0.085452	  0.055597
 -0.055427	  0.024135	 -0.001281	  0.003223	 -0.003609	  0.115290	  0.031745
 -0.053241	  0.011623	 -0.012558	 -0.002795	  0.005576	  0.134327	  0.012328
 -0.055174	  0.012288	 -0.030834	  0.043197	 -0.003451	  0.130368	  0.032283
 -0.074306	  0.023406	 -0.046387	  0.060492	  0.002694	  0.109684	  0.032822
 -0.081591	  0.035316	 -0.037549	  0.080827	  0.027021	  0.083457	 -0.013456
 -0.076206	  0.012130	 -0.018544	  0.065718	  0.001934	  0.038541	  0.000386
 -0.083333	 -0.001902	 -0.021332	  0.047885	  0.012102	 -0.005076	  0.023731
 -0.098696	 -0.015966	 -0.024246	  0.058433	  0.028161	 -0.025823	 -0.015483
 -0.067495	 -0.031962	 -0.031690	  0.070913	  0.045582	 -0.063359	 -0.038733
 -0.034775	 -0.015396	 -0.044740	  0.073922	  0.047895	 -0.086228	 -0.054317
 -0.054667	 -0.029808	 -0.032006	  0.043356	  0.028288	 -0.034787	  0.001622
 -0.031797	 -0.048623	 -0.024056	  0.022672	  0.002029	 -0.059874	  0.011758
 -0.029707	 -0.033672	 -0.027065	  0.023147	 -0.012669	 -0.051512	  0.015781
 -0.041743	  0.006333	 -0.037454	 -0.006026	 -0.009248	 -0.062915	  0.045936
 -0.026032	  0.005985	 -0.065582	 -0.024715	 -0.015963	 -0.026900	  0.071307
 -0.006204	  0.004211	 -0.071791	 -0.047426	 -0.020461	 -0.027217	  0.040171
  0.009191	 -0.014984	 -0.039228	 -0.048630	 -0.042063	 -0.029466	  0.005106
 -0.009118	 -0.019450	 -0.010024	 -0.032887	 -0.002374	 -0.042580	  0.007070
  0.010204	 -0.021604	  0.023045	  0.009241	  0.009789	 -0.057625	  0.001844
  0.033581	 -0.004880	  0.003818	  0.016020	  0.005640	 -0.071151	 -0.023212
  0.008715	 -0.028193	 -0.016961	  0.022830	 -0.005288	 -0.087083	 -0.015103
  0.005896	 -0.024803	 -0.003404	  0.025427	 -0.039973	 -0.111062	 -0.039018
  0.001145	 -0.016694	 -0.005874	  0.029007	 -0.034778	 -0.147361	 -0.032588
 -0.008896	  0.025592	 -0.017246	  0.016432	 -0.039307	 -0.134755	 -0.036642
 -0.003986	  0.023216	 -0.009485	  0.060587	 -0.024388	 -0.128800	 -0.036579
 -0.054287	  0.009501	 -0.004259	  0.069804	 -0.040606	 -0.124745	 -0.047570
 -0.066577	 -0.003074	 -0.030074	  0.078262	 -0.046371	 -0.119107	 -0.058561
 -0.054350	 -0.010296	 -0.031721	  0.028183	 -0.059738	 -0.109953	 -0.038923
 -0.031354	 -0.025405	  0.000239	  0.026536	 -0.077064	 -0.105328	 -0.048013
 -0.007946	 -0.032215	  0.022253	  0.024224	 -0.078585	 -0.097441	 -0.017162
  0.003964	 -0.022238	  0.025896	  0.052193	 -0.062906	 -0.098930	  0.000101
 -0.011145	 -0.015618	  0.045408	  0.053270	 -0.040733	 -0.086070	  0.008939
 -0.033128	 -0.016504	  0.050888	  0.053302	 -0.046434	 -0.083156	  0.024966
 -0.014154	 -0.021446	  0.019181	  0.048170	 -0.048683	 -0.074477	  0.035451
 -0.046210	 -0.020020	 -0.010277	  0.026124	 -0.071078	 -0.051290	  0.051384
 -0.048870	 -0.066456	 -0.011671	  0.037591	 -0.075449	 -0.043593	  0.056832
 -0.049884	 -0.025627	 -0.070714	  0.045795	 -0.082228	 -0.004791	  0.071783
 -0.078043	 -0.021192	 -0.062256	  0.023305	 -0.095753	  0.023305	  0.081919
 -0.079469	  0.001582	 -0.022535	  0.011712	 -0.093757	  0.006739	  0.091231
 -0.057803	  0.002976	 -0.036504	  0.036134	 -0.058788	  0.013106	  0.053854
 -0.041648	 -0.004278	 -0.069985	  0.023812	 -0.044882	 -0.010017	  0.037985
 -0.046558	  0.009216	 -0.077017	  0.017160	 -0.081816	  0.000911	  0.049293
 -0.050739	 -0.010993	 -0.099253	  0.040315	 -0.083241	  0.055107	  0.047456
 -0.017797	 -0.027908	 -0.099063	  0.028056	 -0.098224	  0.029197	  0.008210
 -0.016023	 -0.025500	 -0.105873	  0.036767	 -0.106206	  0.041138	  0.033836
  0.001462	 -0.038234	 -0.112018	  0.011427	 -0.126066	  0.041550	  0.044193
 -0.024734	 -0.047008	 -0.082528	  0.002019	 -0.106618	  0.060967	  0.044193
 -0.060875	 -0.054261	 -0.050695	  0.029989	 -0.108835	  0.043514	  0.033012
 -0.019666	 -0.079538	 -0.041984	  0.031762	 -0.125559	  0.037527	  0.004504
 -0.011367	 -0.082706	 -0.079994	  0.015766	 -0.138483	  0.003983	 -0.009940
 -0.026571	 -0.079031	 -0.096212	  0.025617	 -0.166769	 -0.013375	 -0.073195
 -0.016625	 -0.098005	 -0.068781	  0.030844	 -0.156823	 -0.034597	 -0.049851
 -0.029770	 -0.086665	 -0.037201	  0.037496	 -0.120745	 -0.011443	 -0.035312
 -0.031512	 -0.089326	 -0.036789	  0.036197	 -0.126573	 -0.032063	 -0.027868
 -0.002878	 -0.089516	 -0.021712	  0.002178	 -0.117450	 -0.053381	 -0.022958
 -0.015421	 -0.109186	 -0.052659	  0.007341	 -0.089196	 -0.122623	 -0.045860
 -0.030118	 -0.098892	 -0.024784	 -0.029909	 -0.061734	 -0.145746	 -0.078960
 -0.006805	 -0.080362	 -0.048826	 -0.055978	 -0.068259	 -0.144764	 -0.062837
  0.014385	 -0.067312	 -0.050378	 -0.045937	 -0.077255	 -0.138492	 -0.037941
  0.031142	 -0.071398	 -0.046577	 -0.058290	 -0.066390	 -0.122148	 -0.031511
  0.018820	 -0.070923	 -0.018988	 -0.054173	 -0.081784	 -0.106152	 -0.016306
  0.006181	 -0.046881	 -0.011132	 -0.043720	 -0.082386	 -0.112550	 -0.012917
  0.018440	 -0.044917	 -0.002422	 -0.035611	 -0.091350	 -0.131904	 -0.007057
  0.021322	 -0.066361	 -0.029694	 -0.001433	 -0.099807	 -0.092753	 -0.013297
  0.006023	 -0.087267	 -0.034414	 -0.023828	 -0.100789	 -0.059526	  0.003427
  0.063894	 -0.135255	 -0.047274	 -0.028294	 -0.090653	 -0.093197	 -0.000089
  0.044857	 -0.140165	 -0.087406	 -0.051164	 -0.091635	 -0.096016	 -0.016211
  0.007005	 -0.120399	 -0.102389	 -0.045399	 -0.076653	 -0.069979	 -0.009940
  0.002761	 -0.145455	 -0.161337	 -0.057720	 -0.101169	 -0.056960	 -0.005378
  0.020467	 -0.147355	 -0.146703	 -0.080241	 -0.056887	 -0.077074	  0.009097
  0.005263	 -0.123947	 -0.117561	 -0.069535	 -0.079725	 -0.065703	  0.027215
  0.011566	 -0.098005	 -0.113697	 -0.057150	 -0.103292	 -0.068838	  0.000830
  0.015684	 -0.098797	 -0.113792	 -0.038842	 -0.116690	 -0.078246	 -0.056312
  0.014385	 -0.097688	 -0.091144	 -0.021610	 -0.080105	 -0.087654	 -0.026252
  0.008177	 -0.068262	 -0.074895	  0.003793	 -0.096291	 -0.089522	 -0.026189
 -0.012349	 -0.058949	 -0.070714	 -0.002859	 -0.125813	 -0.057689	 -0.031384
 -0.014471	 -0.047293	 -0.083574	 -0.063549	 -0.097305	 -0.041186	 -0.018999
 -0.033476	 -0.052012	 -0.112272	 -0.071087	 -0.068227	 -0.041566	 -0.039461
 -0.052671	 -0.034876	 -0.124277	 -0.014135	 -0.086694	 -0.080115	 -0.030750
 -0.073894	 -0.022586	 -0.105081	  0.011395	 -0.093694	 -0.077866	 -0.032366
 -0.080672	 -0.041940	 -0.066026	  0.011110	 -0.071046	 -0.065164	 -0.101291
 -0.054794	 -0.036175	 -0.084366	  0.015671	 -0.061512	 -0.065893	 -0.138225
 -0.046083	 -0.034433	 -0.078854	 -0.047267	 -0.072123	 -0.060001	 -0.159257
 -0.010828	 -0.028699	 -0.073786	 -0.064594	 -0.103925	 -0.070200	 -0.208132
  0.003457	 -0.038012	 -0.069288	 -0.049928	 -0.116880	 -0.108528	 -0.210223
 -0.031449	 -0.017740	 -0.067071	 -0.046317	 -0.111147	 -0.130510	 -0.173099
 -0.059862	 -0.027337	 -0.088990	 -0.045874	 -0.128980	 -0.116573	 -0.176172
 -0.067527	 -0.070162	 -0.088452	 -0.022782	 -0.158945	 -0.118949	 -0.147252
 -0.052893	 -0.080679	 -0.083700	 -0.048598	 -0.190209	 -0.112329	 -0.167746
 -0.056789	 -0.096928	 -0.073121	 -0.043656	 -0.166801	 -0.134216	 -0.152605
 -0.049345	 -0.114666	 -0.067166	 -0.023796	 -0.170095	 -0.132442	 -0.137148
 -0.041617	 -0.111150	 -0.081451	 -0.003587	 -0.215391	 -0.138936	 -0.075191
 -0.045069	 -0.118341	 -0.050663	 -0.025760	 -0.190842	 -0.119962	 -0.026949
 -0.052798	 -0.124486	 -0.012399	 -0.030163	 -0.183810	 -0.105487	 -0.015229
 -0.068034	 -0.123377	 -0.009295	 -0.035548	 -0.169018	 -0.091043	  0.027627
 -0.084283	 -0.111277	 -0.033970	 -0.047426	 -0.173547	 -0.040141	  0.070326
 -0.077251	 -0.088217	 -0.035047	 -0.054965	 -0.151153	 -0.021230	  0.055660
 -0.066197	 -0.071810	 -0.046640	 -0.079735	 -0.153149	 -0.009415	  0.059999
 -0.086881	 -0.052868	 -0.027667	 -0.055250	 -0.134365	 -0.040109	  0.100195
 -0.075319	 -0.082674	 -0.041794	 -0.057182	 -0.121853	 -0.016574	  0.119391
 -0.074211	 -0.082896	 -0.044898	 -0.041439	 -0.086124	 -0.020185	  0.113372
 -0.067274	 -0.096073	 -0.068750	 -0.046381	 -0.089449	 -0.012963	  0.067316
 -0.053210	 -0.079317	 -0.091556	 -0.025316	 -0.083273	 -0.051354	  0.049293
 -0.057644	 -0.077511	 -0.117466	 -0.021610	 -0.093314	 -0.073336	  0.028166
 -0.077378	 -0.055307	 -0.135300	 -0.009447	 -0.089228	 -0.055820	  0.003554
 -0.073577	 -0.058981	 -0.140431	 -0.006185	 -0.074214	 -0.054743	  0.039981
 -0.026856	 -0.071746	 -0.110213	 -0.039697	 -0.067879	 -0.070327	  0.045714
 -0.029295	 -0.051949	 -0.096719	 -0.068046	 -0.078870	 -0.050815	 -0.001134
 -0.023403	 -0.088787	 -0.072741	 -0.091645	 -0.075069	 -0.055186	 -0.040633
  0.010236	 -0.140038	 -0.052595	 -0.058639	 -0.083083	 -0.063042	 -0.044846
  0.017394	 -0.109693	 -0.079836	 -0.033489	 -0.096133	 -0.049358	 -0.068191
  0.015937	 -0.089516	 -0.098334	 -0.050847	 -0.071838	 -0.091455	 -0.061380
  0.013467	 -0.043048	 -0.078126	 -0.069567	 -0.071521	 -0.117682	 -0.076458
 -0.029643	 -0.074249	 -0.040622	 -0.052145	 -0.085965	 -0.129053	 -0.032904
 -0.041300	 -0.075896	 -0.044740	 -0.065101	 -0.058186	 -0.135832	 -0.028501
 -0.063409	 -0.073868	 -0.058645	 -0.066558	 -0.074689	 -0.125410	 -0.042819
  0.002222	 -0.077574	 -0.052405	 -0.092563	 -0.115170	 -0.123732	 -0.060398
  0.002570	 -0.063035	 -0.034699	 -0.072006	 -0.117546	 -0.127596	 -0.072910
 -0.031290	 -0.065633	 -0.056586	 -0.072069	 -0.115138	 -0.098043	 -0.102558
 -0.038259	 -0.071049	 -0.087977	 -0.041629	 -0.080264	 -0.089871	 -0.100721
 -0.045164	 -0.119354	 -0.108059	 -0.052557	 -0.093567	 -0.118125	 -0.106169
 -0.036580	 -0.129649	 -0.097479	 -0.082110	 -0.088151	 -0.138777	 -0.114215
 -0.018905	 -0.121318	 -0.125448	 -0.084233	 -0.092427	 -0.161964	 -0.102875
 -0.005855	 -0.145201	 -0.088357	 -0.079450	 -0.128442	 -0.153348	 -0.098441
  0.018757	 -0.139563	 -0.093963	 -0.081350	 -0.133193	 -0.145271	 -0.083616
 -0.005665	 -0.129744	 -0.115946	 -0.109921	 -0.110324	 -0.149072	 -0.091725
 -0.053780	 -0.105132	 -0.124783	 -0.086513	 -0.130184	 -0.157688	 -0.086182
 -0.079627	 -0.112132	 -0.113063	 -0.056390	 -0.145356	 -0.145493	 -0.100975
 -0.100374	 -0.089706	 -0.142585	 -0.058544	 -0.114410	 -0.131049	 -0.128564
 -0.096193	 -0.073963	 -0.127064	 -0.060698	 -0.083811	 -0.092056	 -0.132872
 -0.078170	 -0.083213	 -0.184586	 -0.068680	 -0.077128	 -0.096808	 -0.094006
 -0.041205	 -0.095883	 -0.160671	 -0.066019	 -0.079630	 -0.090314	 -0.066100
 -0.075509	 -0.117295	 -0.149427	 -0.065798	 -0.073295	 -0.093355	 -0.060779
 -0.108420	 -0.115838	 -0.115597	 -0.089427	 -0.077951	 -0.073020	 -0.069743
 -0.112348	 -0.115680	 -0.146956	 -0.074033	 -0.105984	 -0.062567	 -0.092866
 -0.068477	 -0.096295	 -0.141888	 -0.087147	 -0.110419	 -0.029846	 -0.111744
 -0.046558	 -0.086127	 -0.136472	 -0.058449	 -0.097115	 -0.072069	 -0.121849
 -0.059006	 -0.093665	 -0.165359	 -0.044765	 -0.067720	 -0.088382	 -0.085549
 -0.071613	 -0.123282	 -0.175495	 -0.041439	 -0.063317	 -0.090251	 -0.098092
 -0.039494	 -0.129047	 -0.184206	 -0.040679	 -0.048018	 -0.067793	 -0.040190
 -0.053875	 -0.016951	  0.026400	  0.009615	 -0.030058	 -0.035614	  0.078989
 -0.062301	 -0.023064	  0.016897	  0.038250	  0.014509	 -0.049456	  0.095111
 -0.059640	 -0.022051	  0.044455	  0.046485	  0.018658	 -0.049108	  0.090075
 -0.067210	 -0.038395	  0.036251	  0.036096	 -0.012447	 -0.019080	  0.074079
 -0.060558	 -0.046599	  0.019748	  0.034512	 -0.001899	  0.008034	  0.022892
 -0.033223	 -0.026422	 -0.008000	  0.019371	  0.007572	  0.008700	  0.001131
 -0.019666	  0.012729	 -0.046042	  0.008316	 -0.020619	  0.010252	  0.016842
 -0.008009	  0.028978	 -0.044933	  0.015507	 -0.036805	  0.016650	 -0.037703
  0.017616	  0.009086	 -0.068088	  0.030933	 -0.039593	  0.041769	 -0.058545
  0.042640	  0.004208	 -0.056146	  0.028494	 -0.012542	  0.041674	  0.005660
  0.045047	 -0.001430	  0.005747	  0.005307	  0.014287	  0.040407	  0.078735
  0.077641	 -0.013435	  0.004449	 -0.033970	  0.020971	  0.021687	 -0.039160
  0.034214	 -0.004408	  0.048636	 -0.045247	 -0.013746	 -0.021772	 -0.185437
  0.016539	  0.018494	 -0.001348	 -0.039197	 -0.018655	 -0.041601	 -0.094180
  0.033327	  0.016213	 -0.011864	 -0.028870	  0.018310	  0.025773	  0.093781
  0.022589	  0.019317	  0.022029	 -0.032957	  0.026704	  0.034578	  0.068631
  0.023064	 -0.001620	  0.018481	 -0.020001	  0.012070	 -0.022437	 -0.130227
  0.024363	  0.012824	 -0.001823	 -0.014236	  0.008332	 -0.046796	 -0.168269
  0.033961	  0.035852	  0.017974	 -0.013761	  0.011500	  0.011550	  0.004108
 -0.006520	  0.036675	 -0.022824	 -0.044645	  0.033451	  0.024791	  0.083487
 -0.019697	  0.041838	 -0.031376	 -0.054718	  0.020654	 -0.007486	 -0.054681
 -0.003638	  0.045133	 -0.014430	 -0.066501	 -0.014949	 -0.032352	 -0.139603
  0.006403	  0.079469	  0.005874	  0.005371	  0.020464	  0.040818	  0.004330
 -0.010955	  0.087704	  0.006508	  0.000904	  0.033007	  0.084214	  0.165367
 -0.014883	  0.097682	  0.003625	 -0.013698	  0.005988	  0.041294	  0.036417
 -0.028313	  0.084790	 -0.019498	 -0.015092	  0.014604	 -0.039257	 -0.160920
 -0.046685	  0.039811	 -0.033562	 -0.027889	  0.013305	 -0.024845	 -0.083062
  0.002982	  0.054952	 -0.051585	 -0.034477	  0.028763	  0.011392	  0.109397
  0.026739	  0.086406	 -0.029032	 -0.031880	 -0.011053	  0.027990	  0.099008
  0.003014	  0.099646	 -0.006162	 -0.082180	 -0.036900	 -0.027822	 -0.076917
 -0.006805	  0.117289	  0.019495	 -0.086710	 -0.024737	 -0.083824	 -0.129118
 -0.022833	  0.093469	  0.008123	 -0.052437	 -0.031927	 -0.053922	  0.086527
 -0.012254	  0.055079	  0.013350	 -0.020286	 -0.016375	  0.017569	  0.232867
  0.000226	  0.060780	  0.021585	 -0.024214	 -0.021411	  0.005184	  0.097234
 -0.002181	  0.059386	  0.026146	 -0.020825	 -0.052231	 -0.094657	 -0.060573
  0.047644	  0.035820	  0.035871	 -0.008155	 -0.027841	 -0.106757	  0.011425
  0.030096	  0.031829	  0.049016	 -0.007680	 -0.022931	 -0.041886	  0.178639
  0.065794	  0.091759	  0.012463	  0.018294	 -0.005732	 -0.029532	  0.145539
  0.026454	  0.111144	  0.020698	  0.019181	 -0.023375	 -0.045180	 -0.105108
 -0.009244	  0.087641	  0.020001	  0.024534	  0.010328	 -0.047968	 -0.171215
  0.003521	  0.048173	  0.013920	 -0.049966	  0.026577	  0.019343	  0.014434
  0.044350	  0.028123	  0.040464	 -0.023391	  0.021129	  0.037366	  0.124665
  0.031427	  0.016910	  0.038848	 -0.007901	  0.006147	 -0.024623	 -0.055220
  0.013593	  0.012127	 -0.002171	 -0.012558	 -0.034113	 -0.040460	 -0.183631
  0.005643	  0.012919	 -0.036951	  0.008253	 -0.025149	  0.001953	 -0.063899
  0.029114	  0.043485	 -0.033783	 -0.014427	 -0.015488	  0.050448	  0.153616
  0.045902	  0.030942	  0.001756	 -0.043631	 -0.014157	  0.011455	  0.088206
  0.040613	  0.000375	  0.006508	 -0.065836	 -0.043235	 -0.009260	 -0.108624
  0.042893	  0.010892	  0.005336	 -0.075528	 -0.047543	 -0.001215	 -0.105647
  0.060220	  0.020711	  0.044391	 -0.020096	 -0.044376	  0.040597	  0.119406
  0.076817	  0.014503	  0.037011	 -0.021712	 -0.027208	  0.047914	  0.142656
  0.069659	  0.003701	  0.056808	 -0.041160	 -0.008614	 -0.011414	 -0.047301
  0.067410	 -0.003236	  0.042618	 -0.026938	 -0.014221	 -0.051293	 -0.150467
  0.085750	  0.007154	  0.052944	 -0.061211	 -0.016565	 -0.009324	  0.015258
  0.077293	  0.007312	  0.040147	 -0.065202	 -0.013587	  0.065779	  0.170404
  0.093510	  0.012159	  0.047052	 -0.052595	 -0.030755	  0.038094	  0.051685
  0.090723	  0.013045	  0.053926	 -0.058455	 -0.048430	 -0.030388	 -0.165101
  0.076659	  0.039431	  0.048382	 -0.041572	 -0.033574	 -0.004731	 -0.112679
  0.065953	  0.046748	  0.041002	  0.009583	  0.001332	  0.040850	  0.061504
  0.061392	  0.050011	  0.057442	  0.031281	 -0.007981	  0.035149	  0.098786
  0.050210	  0.031671	  0.024119	 -0.000901	 -0.019954	 -0.024623	 -0.079515
  0.068487	  0.040128	  0.017752	 -0.012811	 -0.045421	 -0.035202	 -0.134851
  0.050178	  0.074654	 -0.002741	 -0.038880	 -0.036488	  0.013419	  0.031286
  0.035766	  0.085487	 -0.000683	 -0.035966	  0.010898	  0.077688	  0.176644
  0.054613	  0.089700	  0.016137	 -0.025798	  0.042827	  0.066507	  0.092229
  0.087967	  0.083681	  0.031088	 -0.044613	  0.047515	  0.002808	 -0.084424
  0.125661	  0.071962	 -0.018389	 -0.028934	  0.063606	  0.046552	  0.017887
  0.103298	  0.045101	 -0.026276	 -0.001756	  0.085937	  0.143573	  0.224093
  0.078211	  0.026159	 -0.004040	 -0.011512	  0.070543	  0.117378	  0.160204
  0.058984	  0.021281	 -0.013289	 -0.017151	  0.031107	  0.068218	 -0.045559
  0.081790	  0.019222	  0.016042	 -0.028839	  0.013305	  0.068693	 -0.098805
  0.052998	 -0.013657	  0.010499	 -0.031151	  0.029903	  0.113703	  0.087858
  0.016983	 -0.004313	  0.034699	 -0.039007	  0.047229	  0.148451	  0.176612
 -0.010448	  0.033159	  0.037011	 -0.045373	  0.048053	  0.099861	 -0.013281
 -0.018525	  0.045861	  0.034857	 -0.083700	  0.041655	  0.032614	 -0.129625
 -0.017607	  0.054128	  0.018038	 -0.064822	  0.010961	  0.083200	  0.039205
 -0.014693	  0.077473	  0.008313	 -0.039672	  0.030283	  0.145949	  0.216365
  0.004313	  0.049916	  0.035776	 -0.036124	  0.032817	  0.091911	  0.109397
 -0.026349	  0.044024	  0.023802	 -0.032608	  0.004816	 -0.004256	 -0.093863
 -0.024354	  0.029612	  0.026970	 -0.001598	  0.014224	 -0.040714	 -0.069442
  0.053156	  0.010163	  0.030771	  0.004642	  0.058601	 -0.000961	  0.150765
  0.063957	  0.021725	  0.011607	 -0.019685	  0.054103	 -0.001880	  0.190549
  0.022431	  0.051721	  0.024087	 -0.054179	  0.039121	 -0.064217	 -0.015277
  0.044540	  0.059672	  0.006476	 -0.041160	  0.029016	 -0.078788	 -0.091995
  0.076216	  0.030340	  0.001250	 -0.022060	  0.035700	 -0.041664	  0.057513
  0.071274	  0.036929	 -0.005877	 -0.002833	  0.047926	 -0.004667	  0.200780
  0.074885	  0.049440	 -0.018991	 -0.025735	  0.007509	 -0.028487	  0.080794
  0.079636	  0.065436	 -0.019308	 -0.075908	 -0.036140	 -0.040555	 -0.106565
  0.114416	  0.044657	 -0.063400	 -0.056745	 -0.012193	 -0.007170	 -0.034757
  0.140643	  0.043644	 -0.061879	 -0.048573	  0.008015	  0.063245	  0.147851
  0.112009	  0.021756	 -0.062766	 -0.057600	  0.002472	  0.079146	  0.123271
  0.083184	  0.041522	 -0.063653	 -0.096624	 -0.062209	 -0.001912	 -0.072641
  0.064939	  0.052925	 -0.068436	 -0.108027	 -0.030882	 -0.044008	 -0.126901
  0.050210	  0.055205	 -0.060327	 -0.091841	  0.022428	 -0.008753	  0.053458
  0.022431	  0.031797	 -0.067866	 -0.074230	  0.033482	 -0.009672	  0.126533
  0.009254	  0.047445	 -0.034924	 -0.054939	  0.004278	 -0.071502	 -0.024780
  0.003457	  0.059260	 -0.040150	 -0.054464	 -0.011655	 -0.071376	 -0.154648
 -0.005380	  0.061699	 -0.052725	 -0.051740	  0.013337	 -0.023736	 -0.039414
  0.007860	  0.092519	 -0.046612	 -0.025418	  0.052678	  0.050448	  0.149846
 -0.011652	  0.041490	 -0.045376	 -0.031468	  0.040831	  0.021370	  0.088681
 -0.012349	  0.046685	 -0.035430	 -0.051075	  0.026957	 -0.051198	 -0.113154
 -0.049916	  0.064455	 -0.027290	 -0.054813	  0.025215	 -0.054493	 -0.084234
 -0.042599	  0.074306	 -0.001348	 -0.035522	  0.015142	  0.017632	  0.088460
 -0.046463	  0.067115	 -0.006067	 -0.029092	  0.019672	  0.055357	  0.148421
 -0.054794	  0.108705	 -0.035779	 -0.036187	  0.036840	  0.004360	 -0.046794
 -0.045101	  0.097872	 -0.026118	 -0.027857	 -0.007822	  0.001319	 -0.166527
 -0.026127	  0.050676	  0.007553	 -0.065487	  0.004753	  0.087793	 -0.026870
 -0.036960	  0.028091	 -0.015253	 -0.022092	  0.035320	  0.101857	  0.122289
 -0.029548	  0.040888	 -0.020828	 -0.045278	  0.019735	  0.062611	  0.057925
 -0.019982	  0.018367	 -0.024692	 -0.043029	 -0.013017	  0.025646	 -0.108751
 -0.040730	 -0.009191	 -0.024471	 -0.008567	 -0.027556	  0.027198	 -0.048124
 -0.044562	 -0.004218	  0.006064	  0.018484	  0.018848	  0.081268	  0.111456
 -0.034553	  0.009973	  0.013571	  0.026498	  0.030758	  0.068439	  0.118108
 -0.018209	  0.008928	 -0.006289	  0.031914	 -0.032624	  0.033026	 -0.082555
 -0.029643	  0.014059	  0.014997	  0.045028	 -0.023121	  0.003980	 -0.105963
 -0.012919	  0.030340	  0.011196	  0.037268	 -0.023216	  0.029922	  0.046268
  0.006910	  0.012602	 -0.005085	  0.046042	 -0.025275	  0.024537	  0.148421
  0.015336	  0.010955	 -0.018231	  0.033657	 -0.025022	  0.033818	  0.001733
  0.001208	  0.008484	 -0.017597	 -0.015060	 -0.022266	  0.027958	 -0.078057
  0.011566	 -0.001874	 -0.018072	 -0.086995	 -0.009406	  0.033121	  0.012407
  0.029019	  0.011905	 -0.023045	 -0.095135	 -0.019225	  0.021940	  0.064133
  0.049640	  0.031607	 -0.020796	 -0.097226	 -0.052991	 -0.007550	  0.001733
  0.071116	  0.028376	  0.007141	 -0.123675	 -0.056792	 -0.027474	 -0.037798
  0.064401	  0.025969	  0.013413	 -0.092411	 -0.040226	 -0.021899	  0.015258
  0.054328	  0.043866	  0.003467	 -0.049871	 -0.064806	 -0.060163	  0.036322
  0.010458	  0.074084	 -0.030521	 -0.066406	 -0.069652	 -0.041886	  0.031222
  0.010489	  0.092012	 -0.028969	 -0.047812	 -0.070729	 -0.010496	  0.020421
  0.037667	  0.082383	 -0.048481	 -0.031595	 -0.053118	 -0.034347	  0.046427
  0.044825	  0.083808	 -0.033752	 -0.077619	 -0.050267	 -0.008500	  0.028277
  0.031015	  0.069269	 -0.026403	 -0.066279	 -0.016850	  0.036669	  0.049721
  0.009096	  0.050866	 -0.020036	 -0.008915	 -0.013492	  0.051651	  0.031507
 -0.036042	  0.056947	 -0.014620	 -0.034667	 -0.025592	  0.020610	  0.001543
 -0.035440	  0.087958	 -0.010755	 -0.038278	  0.003454	 -0.014613	 -0.012553
 -0.020331	  0.061699	  0.001060	 -0.016549	  0.009916	 -0.013061	 -0.034726
  0.012010	  0.024290	  0.035206	  0.017914	  0.019767	  0.008921	 -0.035201
  0.011154	  0.009593	  0.033273	  0.017724	  0.039121	  0.019469	  0.024190
  0.038174	  0.004240	  0.012843	  0.024027	  0.019514	  0.030492	  0.000466
  0.018123	 -0.025282	  0.001788	  0.003977	  0.002441	  0.030144	 -0.001055
  0.010236	 -0.040264	 -0.013099	  0.003438	  0.024106	  0.048420	  0.011394
  0.011091	 -0.054170	 -0.029982	 -0.015503	  0.021731	  0.031347	  0.011995
 -0.000027	 -0.022431	 -0.032991	 -0.027350	 -0.012890	  0.037429	 -0.019743
 -0.019286	 -0.000353	 -0.032643	 -0.035301	 -0.011687	  0.039298	 -0.072451
 -0.001452	  0.008199	 -0.043983	 -0.045532	  0.030061	  0.043828	 -0.057152
  0.011788	  0.019571	 -0.052345	 -0.061623	  0.039532	  0.021053	 -0.019838
  0.006371	  0.034490	 -0.004642	 -0.055193	  0.018373	 -0.023514	 -0.016639
 -0.006045	  0.015960	  0.020983	 -0.100172	 -0.002944	 -0.024940	  0.007751
 -0.005950	  0.037214	  0.015377	 -0.117593	  0.003803	 -0.045497	  0.062961
 -0.001199	  0.010195	 -0.013923	 -0.104289	  0.008712	 -0.081892	  0.046997
  0.015462	 -0.017426	 -0.038693	 -0.109547	  0.004911	 -0.079136	  0.042245
  0.026264	  0.002656	 -0.001126	 -0.121204	 -0.022266	 -0.081575	  0.017444
  0.014100	 -0.002444	 -0.025516	 -0.113729	 -0.008076	 -0.070362	  0.016430
  0.030318	 -0.001525	 -0.035874	 -0.105113	 -0.038389	 -0.051008	 -0.000200
  0.052554	 -0.036748	 -0.060074	 -0.099158	 -0.038611	 -0.071122	 -0.004539
  0.038490	 -0.033232	 -0.036792	 -0.055224	 -0.065756	 -0.111255	 -0.012458
 -0.000502	 -0.063387	 -0.027892	 -0.057252	 -0.105762	 -0.077647	 -0.006440
 -0.029295	 -0.053283	 -0.057666	 -0.044360	 -0.116880	 -0.078217	 -0.028042
 -0.067527	 -0.031078	 -0.077685	 -0.031024	 -0.085585	 -0.077331	 -0.034219
 -0.116655	 -0.035893	 -0.081043	 -0.021490	 -0.071616	 -0.050723	 -0.066844
 -0.142946	 -0.067188	 -0.099478	 -0.036187	 -0.054607	 -0.009672	 -0.063107
 -0.126696	 -0.110235	 -0.083323	 -0.056713	 -0.042158	  0.012501	 -0.056613
 -0.102560	 -0.101492	 -0.064730	 -0.079931	 -0.035253	  0.017790	 -0.074446
 -0.106741	 -0.042893	 -0.057952	 -0.078569	 -0.072155	  0.012817	 -0.068206
 -0.072183	 -0.022272	 -0.065997	 -0.045373	 -0.069146	  0.011709	 -0.041346
 -0.092741	 -0.028608	 -0.096976	 -0.036092	 -0.051217	 -0.036248	 -0.040649
 -0.064930	 -0.000702	 -0.092129	 -0.045785	 -0.060213	 -0.046415	 -0.026268
 -0.000407	 -0.002507	 -0.083133	 -0.080565	 -0.041620	 -0.060574	 -0.052527
  0.001430	 -0.003521	 -0.078382	 -0.148255	 -0.018433	 -0.084299	 -0.051830
  0.011661	 -0.018060	 -0.105623	 -0.108597	 -0.023597	 -0.047746	 -0.015752
  0.021259	 -0.017109	 -0.108695	 -0.072012	 -0.048145	 -0.007423	 -0.007263
  0.033486	 -0.023318	 -0.048386	 -0.033495	 -0.052611	  0.021687	  0.010443
  0.004249	 -0.015716	 -0.040023	 -0.020191	 -0.036932	 -0.016482	 -0.010684
  0.016444	  0.007154	 -0.040372	 -0.022567	 -0.021062	 -0.034949	 -0.005014
  0.014639	  0.041078	 -0.054816	 -0.059469	 -0.024452	 -0.050945	  0.000814
  0.012833	  0.023435	 -0.041385	 -0.066722	 -0.019574	 -0.031116	 -0.022752
  0.010584	  0.009308	 -0.093935	 -0.057790	 -0.016438	 -0.011224	 -0.014263
 -0.025082	  0.027458	 -0.098243	 -0.039007	 -0.016216	 -0.025985	  0.033155
 -0.027173	  0.029897	 -0.052820	 -0.026305	 -0.039561	 -0.009007	  0.020326
 -0.005855	  0.019476	 -0.012181	 -0.001788	 -0.039593	 -0.013980	  0.009715
  0.010996	  0.005728	  0.002010	  0.010787	 -0.042823	 -0.030958	  0.006357
 -0.013489	 -0.010458	 -0.005719	  0.003122	 -0.033891	 -0.031275	  0.021720
 -0.008072	 -0.016191	  0.015377	  0.018991	 -0.044249	 -0.025003	  0.083202
  0.018852	 -0.020277	  0.035427	  0.004642	 -0.047163	 -0.014043	  0.066762
  0.042355	 -0.022748	  0.060134	 -0.003974	  0.012355	 -0.042361	  0.006167
  0.065161	  0.024005	  0.032386	 -0.024689	  0.035985	 -0.047872	  0.043132
  0.051731	  0.014471	  0.027889	  0.009393	  0.043872	 -0.031813	  0.026313
 -0.010543	 -0.022431	  0.028395	 -0.011607	  0.024106	 -0.001848	  0.036069
 -0.012222	 -0.028861	  0.036631	 -0.041446	  0.007192	  0.023524	  0.071323
 -0.025209	 -0.005675	  0.025038	 -0.037486	  0.011215	  0.028022	  0.075790
 -0.048839	 -0.018535	  0.004924	 -0.016644	  0.019989	 -0.007170	  0.080287
 -0.035915	 -0.048911	  0.003055	 -0.004005	  0.013970	 -0.003970	  0.057196
 -0.035060	 -0.056292	 -0.005085	  0.016045	  0.022554	 -0.003907	  0.027770
 -0.033318	 -0.050844	  0.014902	 -0.007205	 -0.013809	 -0.007360	  0.060712
 -0.032367	 -0.040232	 -0.014968	 -0.012368	 -0.004528	  0.018867	  0.062803
 -0.048965	 -0.037350	 -0.023204	 -0.009358	  0.012830	  0.001193	  0.045255
 -0.045449	 -0.051129	 -0.053105	 -0.052785	  0.004436	  0.003473	  0.076930
 -0.018019	 -0.086067	 -0.044078	 -0.072646	  0.011500	 -0.018129	  0.094478
  0.013720	 -0.068709	 -0.054562	 -0.072741	  0.020210	 -0.007613	  0.062359
 -0.011969	 -0.056102	 -0.047499	 -0.041319	  0.030727	  0.000147	  0.029860
  0.025693	 -0.088664	 -0.067201	 -0.037201	  0.035034	 -0.050787	  0.046648
  0.046948	 -0.113466	 -0.081993	 -0.015567	  0.029238	 -0.072389	  0.067902
  0.037952	 -0.107923	 -0.090102	 -0.018069	 -0.009121	 -0.040682	  0.025489
  0.032662	 -0.072573	 -0.087568	 -0.024848	  0.000857	 -0.058800	 -0.000960
  0.034689	 -0.031617	 -0.083514	 -0.016929	  0.023093	 -0.062316	 -0.015024
  0.039662	  0.001959	 -0.074011	 -0.016675	  0.013939	 -0.067891	 -0.031780
  0.025313	  0.021788	 -0.078667	 -0.037328	  0.017581	 -0.046067	 -0.043848
 -0.043327	  0.017100	 -0.058743	 -0.047939	  0.052298	 -0.021994	 -0.044038
 -0.091632	  0.001959	 -0.045820	 -0.069605	  0.045171	 -0.028899	 -0.037735
 -0.078328	 -0.019865	 -0.076862	 -0.047686	  0.060280	 -0.060701	 -0.065926
 -0.066640	 -0.014480	 -0.106320	 -0.034699	  0.075611	 -0.058452	 -0.087782
 -0.047065	 -0.028956	 -0.070052	 -0.085696	  0.063257	 -0.080213	 -0.089080
 -0.026001	 -0.013118	 -0.055798	 -0.077840	  0.038487	 -0.092915	 -0.077551
 -0.039748	 -0.007195	 -0.042811	 -0.073818	  0.044094	 -0.101752	 -0.041821
 -0.018652	  0.036644	 -0.067613	 -0.055573	  0.024297	 -0.089811	 -0.047332
