:RUN-2	DP I-O	4:15 PM	TEMP: NaN	HR: -636
Level Step Size:5.00	Start dB SPL: 0	Stop dB SPL: 80	# Buffers Averaged: 8.00	Update Interval:5	Ear:Right	Etymotics Gain:40	Ipsi Driver:Starship	
:NOTES-
:CHAMBER-SEWELL-PXI1
:CFTS Version: V2.7.2 (R850)
:dB	f1(Hz)	f2(Hz)	f1(dB)	f2(dB)	2f1-f2(dB)	2f1-f2Nse(dB)	f2-f1(dB)	f2-f1Nse(dB)	2f1-f2Phase Shox (1)	PostexposureTime(min)
:DATA
  0.00	26660.00	32000.00	 15.79	 22.00	 -2.70	 -0.91	  8.12	 -0.91	  0.00	   NaN
  5.00	26660.00	32000.00	 18.01	 21.70	 -3.85	 -1.83	  6.54	 -3.16	  0.00	   NaN
 10.00	26660.00	32000.00	 18.98	 22.38	 -1.17	 -3.04	  7.08	 -4.86	  0.00	   NaN
 15.00	26660.00	32000.00	 25.42	 19.53	 -1.12	  1.07	  7.42	 -4.66	  0.00	   NaN
 20.00	26660.00	32000.00	 29.73	 22.11	 -0.38	 -4.06	  8.99	 -1.36	  0.00	   NaN
 25.00	26660.00	32000.00	 34.65	 25.24	  1.74	 -0.81	 10.59	  0.46	  0.00	   NaN
 30.00	26660.00	32000.00	 39.72	 29.95	 -1.50	 -2.22	 10.49	 -1.87	  0.00	   NaN
 35.00	26660.00	32000.00	 44.74	 34.92	  2.44	 -5.45	 12.63	  1.61	  0.00	   NaN
 40.00	26660.00	32000.00	 49.83	 41.02	 10.31	 -1.29	 11.31	 -4.80	  0.00	   NaN
 45.00	26660.00	32000.00	 54.93	 46.12	 18.31	 -1.63	 11.85	 -3.00	  0.00	   NaN
 50.00	26660.00	32000.00	 59.95	 51.47	 24.25	 -2.64	  9.54	 -4.32	  0.00	   NaN
 55.00	26660.00	32000.00	 64.89	 56.63	 28.34	 -2.72	  5.32	 -5.74	  0.00	   NaN
 60.00	26660.00	32000.00	 69.91	 61.63	 30.98	  0.58	  8.62	 -4.33	  0.00	   NaN
 65.00	26660.00	32000.00	 74.89	 66.60	 31.40	 -2.06	  7.20	 -0.40	  0.00	   NaN
 70.00	26660.00	32000.00	 79.88	 71.51	 29.08	  0.30	 12.41	 -2.41	  0.00	   NaN
 75.00	26660.00	32000.00	 84.84	 76.38	 30.42	 -0.42	  4.96	 -2.88	  0.00	   NaN
 80.00	26660.00	32000.00	 89.78	 81.32	 37.24	 -0.70	  8.28	 -2.82	  0.00	   NaN
  0.00	37700.00	45240.00	 28.27	 26.81	 12.54	 14.67	  1.47	  2.74	  0.00	   NaN
  5.00	37700.00	45240.00	 25.45	 26.34	 12.52	 10.35	 -5.96	  3.05	  0.00	   NaN
 10.00	37700.00	45240.00	 24.11	 24.91	  9.59	 11.98	 -0.09	  5.35	  0.00	   NaN
 15.00	37700.00	45240.00	 26.26	 26.42	 10.96	  8.84	 -3.02	  2.87	  0.00	   NaN
 20.00	37700.00	45240.00	 29.77	 26.62	  8.96	 10.34	 -1.00	  3.00	  0.00	   NaN
 25.00	37700.00	45240.00	 31.99	 25.50	 11.74	  9.57	 -5.28	  1.42	  0.00	   NaN
 30.00	37700.00	45240.00	 39.49	 32.99	  9.65	 10.84	 -3.96	  2.32	  0.00	   NaN
 35.00	37700.00	45240.00	 45.12	 36.58	 13.26	 11.43	  6.22	  7.72	  0.00	   NaN
 40.00	37700.00	45240.00	 49.35	 41.13	 12.51	 11.47	 -0.52	  3.20	  0.00	   NaN
 45.00	37700.00	45240.00	 54.10	 44.53	 11.09	 12.22	 -2.67	  3.58	  0.00	   NaN
 50.00	37700.00	45240.00	 59.35	 50.33	 13.05	 12.72	 -1.71	  1.18	  0.00	   NaN
 55.00	37700.00	45240.00	 64.42	 55.17	  7.42	 13.61	  0.91	  3.04	  0.00	   NaN
 60.00	37700.00	45240.00	 69.26	 59.90	 14.85	 10.13	 -0.52	  3.57	  0.00	   NaN
 65.00	37700.00	45240.00	 74.08	 64.96	 13.52	 12.09	  0.88	  3.25	  0.00	   NaN
 70.00	37700.00	45240.00	 78.90	 69.96	 12.38	 10.96	  2.46	  3.37	  0.00	   NaN
 75.00	37700.00	45240.00	 83.76	 74.92	 10.63	 11.61	 -2.54	  2.77	  0.00	   NaN
 80.00	37700.00	45240.00	 88.69	 80.03	 14.96	 15.00	  4.83	  6.54	  0.00	   NaN
