:RUN-5	LEVEL SWEEP	TEMP:NaN	8/27/2019	3:26 PM	HR:-636.36:SW EAR: R	SW FREQ: 22.60	# AVERAGES: 512	REP RATE (/sec): 80	DRIVER: 	SAMPLE (µsec): 40	MASKER dB: 2147483647:NOTES-:CHAMBER-SEWELL-PXI1:CFTS Version: V2.7.2 (R850):LEVELS:20;30;40;50;60;70;80;:DATA -0.062309	 -0.026652	  0.019946	  0.014973	 -0.036058	 -0.002273	 -0.036376
 -0.047104	 -0.029059	  0.019978	  0.008765	 -0.025985	  0.047584	 -0.010244
 -0.048023	 -0.029692	 -0.054744	  0.025109	  0.002618	  0.046729	 -0.024783
 -0.047738	  0.005467	 -0.061460	  0.032711	  0.002175	  0.044258	 -0.019081
 -0.024900	 -0.008787	 -0.047744	  0.006421	  0.012057	  0.007262	 -0.028679
  0.013300	 -0.016547	 -0.066116	 -0.005933	 -0.022120	 -0.018649	 -0.016706
  0.029708	 -0.010814	 -0.070360	 -0.068998	 -0.027157	 -0.043197	  0.003250
  0.036360	 -0.012239	 -0.054079	 -0.035137	 -0.017464	 -0.059478	 -0.020602
  0.009531	 -0.045403	 -0.065134	 -0.019300	 -0.003654	 -0.061189	 -0.051390
  0.007947	 -0.003719	 -0.035169	  0.016557	  0.027420	 -0.066700	 -0.050028
 -0.017013	  0.002015	  0.021086	  0.028720	  0.033850	 -0.064515	 -0.040050
  0.004590	  0.030047	  0.069106	  0.020960	  0.006071	 -0.042500	 -0.059499
 -0.019040	  0.045473	  0.070056	 -0.015467	  0.009967	 -0.054695	 -0.066594
 -0.042005	  0.066727	  0.030557	 -0.006471	 -0.000898	 -0.018839	 -0.057567
 -0.038045	  0.047849	  0.028910	 -0.001657	 -0.008658	 -0.031731	 -0.025353
  0.010830	  0.043858	  0.006009	  0.033535	  0.010885	 -0.029007	  0.017535
  0.043994	 -0.008755	  0.024634	 -0.010209	 -0.008690	  0.012393	  0.074519
  0.062302	 -0.017086	  0.033535	 -0.016481	 -0.015659	  0.081382	  0.131123
  0.086470	 -0.010846	  0.048517	 -0.016512	  0.010378	  0.121926	  0.123489
  0.041143	 -0.021837	  0.082473	  0.008416	  0.050923	  0.131239	  0.157034
  0.054668	 -0.049109	  0.100591	  0.016430	  0.048769	  0.137605	  0.138567
  0.037342	 -0.004542	  0.132805	  0.038951	  0.068819	  0.141216	  0.134164
 -0.022588	 -0.002388	  0.108732	  0.022353	  0.120323	  0.136529	  0.149305
 -0.029588	 -0.030611	  0.098469	  0.059382	  0.127292	  0.098075	  0.146707
  0.014377	 -0.021045	  0.063690	  0.043386	  0.090580	  0.086386	  0.160074
 -0.001112	 -0.037675	  0.088808	  0.037716	  0.047122	  0.084644	  0.193619
  0.002436	 -0.019271	  0.076423	  0.009873	  0.066380	  0.056802	  0.245978
  0.007282	 -0.057092	  0.081586	 -0.035327	  0.102427	  0.113976	  0.296753
  0.013174	 -0.066721	  0.037241	 -0.036785	  0.161660	  0.211409	  0.389530
  0.048840	 -0.059182	  0.027136	 -0.032825	  0.169737	  0.262755	  0.515471
  0.008929	 -0.046702	  0.011425	 -0.046160	  0.241672	  0.343273	  0.569668
 -0.022524	 -0.007931	  0.010697	 -0.012046	  0.303755	  0.414669	  0.602420
 -0.042448	 -0.001501	  0.051590	  0.064703	  0.344901	  0.443494	  0.596592
 -0.043620	 -0.016801	  0.087953	  0.091279	  0.341671	  0.466047	  0.545785
 -0.034973	 -0.026335	  0.117284	  0.122764	  0.386111	  0.461581	  0.491493
 -0.067947	 -0.011416	  0.123904	  0.176739	  0.374201	  0.417077	  0.366376
 -0.081947	 -0.002388	  0.155231	  0.154661	  0.307588	  0.307734	  0.190356
 -0.077766	  0.005404	  0.151810	  0.100813	  0.193683	  0.153950	  0.034577
 -0.086223	  0.017694	  0.188807	  0.038128	  0.107843	  0.043530	 -0.149964
 -0.091735	  0.023427	  0.204676	  0.019471	  0.005849	 -0.072117	 -0.334884
 -0.070639	  0.034482	  0.218138	 -0.055505	 -0.073688	 -0.187415	 -0.474699
 -0.040801	  0.004390	  0.213926	 -0.100167	 -0.156582	 -0.288934	 -0.548312
 -0.003994	 -0.006538	  0.179399	 -0.135675	 -0.258925	 -0.345728	 -0.615021
  0.017355	 -0.000741	  0.168471	 -0.181256	 -0.333742	 -0.415319	 -0.671244
  0.012350	 -0.013158	  0.123239	 -0.210397	 -0.393704	 -0.439645	 -0.672891
  0.030785	  0.000462	  0.088301	 -0.210650	 -0.412329	 -0.454343	 -0.682932
  0.048302	  0.031346	  0.029955	 -0.208560	 -0.380938	 -0.436446	 -0.683313
  0.015201	  0.037079	 -0.002860	 -0.246570	 -0.348123	 -0.373856	 -0.628293
  0.024514	  0.006956	 -0.048504	 -0.260095	 -0.301180	 -0.370213	 -0.507990
  0.039052	 -0.025701	 -0.079071	 -0.234438	 -0.253002	 -0.331094	 -0.377107
  0.068257	 -0.030864	 -0.088890	 -0.206786	 -0.188099	 -0.223113	 -0.203780
  0.054795	 -0.037231	 -0.089809	 -0.214831	 -0.115848	 -0.104077	 -0.064820
  0.073389	 -0.050725	 -0.111285	 -0.185563	 -0.021550	  0.009320	  0.073126
  0.031355	 -0.071947	 -0.115276	 -0.144291	  0.035212	  0.109541	  0.191401
 -0.007225	 -0.082210	 -0.086356	 -0.098741	  0.123681	  0.194146	  0.328239
  0.006554	 -0.054938	 -0.048188	 -0.089207	  0.160868	  0.191454	  0.414934
 -0.000890	 -0.057883	 -0.012490	 -0.054903	  0.187950	  0.208146	  0.444487
 -0.028669	 -0.046607	  0.009113	  0.009113	  0.169832	  0.200956	  0.457189
 -0.034149	 -0.045245	  0.052001	  0.024856	  0.187950	  0.210649	  0.460040
 -0.072223	 -0.028996	  0.048485	  0.026154	  0.187095	  0.252460	  0.444645
 -0.076721	 -0.039924	  0.050988	  0.033345	  0.179271	  0.246442	  0.386078
 -0.035891	 -0.019303	  0.077880	  0.031571	  0.204643	  0.240424	  0.281771
 -0.052616	 -0.006474	  0.054282	  0.034105	  0.186335	  0.236718	  0.150382
 -0.040041	  0.012594	  0.083265	  0.020611	  0.139867	  0.166905	  0.004580
 -0.035543	  0.013956	  0.102904	  0.016778	  0.088775	  0.051512	 -0.117116
 -0.040421	  0.048672	  0.089473	  0.024032	  0.075788	 -0.013422	 -0.240903
 -0.034719	  0.030744	  0.085324	  0.033630	  0.016840	 -0.109874	 -0.298141
 -0.017678	  0.015603	  0.081364	  0.027485	 -0.044261	 -0.190392	 -0.351672
  0.016880	  0.037713	  0.081776	  0.019978	 -0.093897	 -0.227833	 -0.351704
  0.010386	  0.066632	  0.104044	  0.007466	 -0.116196	 -0.209239	 -0.392597
  0.013142	  0.089312	  0.106831	 -0.046699	 -0.158641	 -0.183804	 -0.389176
 -0.005958	  0.073506	  0.085799	 -0.091583	 -0.159623	 -0.195460	 -0.352115
 -0.020465	  0.067361	  0.060680	 -0.108497	 -0.138464	 -0.213800	 -0.333079
 -0.008777	  0.053550	  0.054060	 -0.129847	 -0.109196	 -0.186243	 -0.332667
  0.025432	  0.012943	  0.020389	 -0.122150	 -0.119237	 -0.152952	 -0.251705
  0.036360	  0.020386	  0.014878	 -0.153191	 -0.082557	 -0.124128	 -0.202418
  0.029138	  0.005214	  0.046236	 -0.156042	 -0.084299	 -0.060397	 -0.177268
 -0.012547	 -0.011257	  0.032648	 -0.142897	 -0.100770	  0.013280	 -0.161778
 -0.014479	 -0.033525	  0.009778	 -0.145621	 -0.072294	  0.018285	 -0.143534
  0.015264	 -0.073626	  0.010982	 -0.135928	 -0.055538	  0.014610	 -0.152814
 -0.000573	 -0.059436	  0.014783	 -0.115529	 -0.049551	  0.008307	 -0.139891
 -0.026009	 -0.068178	  0.008575	 -0.143530	  0.008731	 -0.026821	 -0.133271
 -0.027276	 -0.047906	  0.050291	 -0.091615	  0.009396	 -0.022798	 -0.111763
  0.017830	 -0.037896	  0.069454	 -0.063899	  0.011139	 -0.005219	 -0.102102
 -0.004216	 -0.007805	  0.051780	 -0.070836	  0.016840	  0.004696	 -0.096686
 -0.015112	 -0.033493	  0.080034	 -0.051735	  0.011170	 -0.012821	 -0.084617
 -0.014796	 -0.051802	  0.105311	 -0.026427	  0.018614	 -0.014214	 -0.046449
 -0.026610	 -0.061748	  0.095745	 -0.032952	 -0.019206	  0.027502	  0.036857
 -0.020275	 -0.053196	  0.077785	 -0.050025	 -0.035773	  0.068173	  0.053075
  0.021599	 -0.015439	  0.084120	 -0.049391	 -0.031243	  0.067508	  0.072207
  0.030215	 -0.023896	  0.077595	 -0.025888	 -0.011002	  0.046381	  0.082248
  0.011527	 -0.001153	  0.045255	 -0.017431	  0.004962	  0.039665	  0.134006
  0.003988	 -0.007456	  0.052667	 -0.030069	  0.025868	  0.062250	  0.171066
  0.034270	  0.041767	  0.080984	 -0.011223	  0.042529	  0.070105	  0.197705
  0.002056	  0.065524	  0.051336	 -0.014960	  0.068598	  0.094749	  0.158206
 -0.002727	  0.020260	  0.079401	 -0.022531	  0.067331	  0.085721	  0.161785
  0.005730	  0.030586	  0.102460	 -0.007517	  0.060552	  0.100925	  0.219022
 -0.021194	  0.057288	  0.090107	  0.002588	  0.068883	  0.124840	  0.229253
 -0.021289	  0.060202	  0.086686	  0.011235	  0.067837	  0.150814	  0.248575
 -0.035384	  0.069040	  0.061409	  0.029765	  0.099259	  0.179100	  0.256937
 -0.033991	  0.035274	  0.086591	  0.020168	  0.096314	  0.213848	  0.257318
 -0.029620	  0.014178	  0.084785	  0.014149	  0.114907	  0.255564	  0.295930
 -0.041244	  0.007558	  0.077183	 -0.000010	  0.124219	  0.291041	  0.302518
 -0.046629	 -0.008058	  0.077437	  0.009271	  0.108128	  0.298928	  0.310184
 -0.073110	  0.008571	  0.067047	 -0.011096	  0.108857	  0.286448	  0.320637
 -0.079762	  0.007368	  0.044273	 -0.007770	  0.103504	  0.267031	  0.290703
 -0.043177	  0.005657	  0.044178	  0.003126	  0.128749	  0.247392	  0.286807
 -0.028384	 -0.009895	  0.033408	 -0.007960	  0.171321	  0.230953	  0.291115
 -0.019610	 -0.050345	  0.022955	 -0.064786	  0.136478	  0.212391	  0.265490
 -0.023253	 -0.043946	  0.014941	 -0.093262	  0.109427	  0.202635	  0.236792
  0.007947	 -0.032448	  0.035815	 -0.056202	  0.089282	  0.183851	  0.210311
 -0.011501	 -0.022059	  0.070721	 -0.049550	  0.047280	  0.159113	  0.150128
 -0.014701	 -0.015312	  0.092799	 -0.052400	  0.061914	  0.116351	  0.072049
 -0.003076	 -0.027697	  0.088301	 -0.000390	  0.064005	  0.114894	 -0.013063
  0.069461	 -0.039892	  0.057481	  0.013041	  0.071607	  0.049675	 -0.051517
  0.091000	 -0.019145	  0.063309	  0.006927	  0.050891	 -0.049184	 -0.022090
  0.089353	 -0.010022	  0.048517	 -0.001562	  0.046710	 -0.097489	 -0.054969
  0.096733	  0.013798	  0.070848	 -0.024906	  0.018171	 -0.099421	 -0.088292
  0.081022	  0.023427	  0.079971	 -0.026395	 -0.002070	 -0.096665	 -0.124180
  0.083778	  0.033151	  0.065337	 -0.036911	 -0.052212	 -0.089570	 -0.146923
  0.104589	  0.042496	  0.061092	 -0.033047	 -0.061556	 -0.118775	 -0.152498
  0.088118	  0.014431	  0.109745	 -0.013535	 -0.066244	 -0.139300	 -0.136818
  0.062967	  0.014590	  0.126723	 -0.037862	 -0.067194	 -0.141232	 -0.196590
  0.043740	  0.028875	  0.108130	 -0.030101	 -0.053099	 -0.134549	 -0.229595
  0.057171	  0.030839	  0.117506	 -0.059812	 -0.049710	 -0.092294	 -0.208341
  0.070918	  0.016775	  0.139203	 -0.083221	 -0.075050	 -0.061220	 -0.187435
  0.023500	  0.016554	  0.123461	 -0.106439	 -0.087498	 -0.069424	 -0.197191
 -0.014922	  0.002838	  0.095492	 -0.102606	 -0.072421	 -0.079117	 -0.144642
  0.011210	 -0.000900	  0.081713	 -0.068460	 -0.074701	 -0.074936	 -0.160353
  0.010830	  0.007304	  0.082283	 -0.065546	 -0.083412	 -0.077470	 -0.189526
 -0.006592	  0.002236	  0.117633	 -0.086483	 -0.067765	 -0.096538	 -0.205079
 -0.007098	 -0.004416	  0.103347	 -0.086832	 -0.043058	 -0.104394	 -0.225129
 -0.045901	  0.006196	  0.083993	 -0.105583	 -0.036216	 -0.071452	 -0.263551
 -0.058412	  0.026848	  0.053839	 -0.070931	 -0.053827	 -0.091629	 -0.291077
 -0.060408	  0.027196	  0.043988	 -0.084139	 -0.050565	 -0.103634	 -0.324083
 -0.061390	  0.022667	  0.005724	 -0.081954	 -0.104096	 -0.113738	 -0.312426
 -0.056734	 -0.022027	  0.007941	 -0.072261	 -0.137830	 -0.131065	 -0.342708
 -0.020750	 -0.012303	  0.017190	 -0.073971	 -0.154967	 -0.156753	 -0.368935
  0.009373	  0.003978	  0.026028	 -0.062220	 -0.147555	 -0.202207	 -0.366813
  0.007092	 -0.017497	  0.034010	 -0.072483	 -0.131147	 -0.230335	 -0.340491
  0.033636	 -0.049078	  0.020548	 -0.110683	 -0.149677	 -0.220769	 -0.361966
  0.047193	 -0.015248	  0.042689	 -0.110335	 -0.167732	 -0.242498	 -0.319838
  0.059578	 -0.034634	  0.018616	 -0.134820	 -0.189493	 -0.279368	 -0.311413
  0.042854	 -0.046195	  0.007878	 -0.175966	 -0.230037	 -0.286337	 -0.307612
  0.022518	 -0.035014	  0.008986	 -0.159210	 -0.224367	 -0.241231	 -0.265959
  0.001137	 -0.041412	 -0.029087	 -0.194179	 -0.235485	 -0.214371	 -0.238940
 -0.010456	 -0.079106	 -0.019078	 -0.182618	 -0.236689	 -0.230937	 -0.252053
 -0.009854	 -0.083667	 -0.009987	 -0.173654	 -0.226204	 -0.251494	 -0.257121
 -0.009569	 -0.046512	 -0.013535	 -0.162567	 -0.160637	 -0.284151	 -0.253827
 -0.002094	 -0.063078	  0.008068	 -0.180781	 -0.126396	 -0.273128	 -0.251040
 -0.025280	 -0.050345	 -0.021802	 -0.208243	 -0.097286	 -0.270278	 -0.262886
 -0.025565	 -0.070839	 -0.020218	 -0.202605	 -0.055918	 -0.272748	 -0.243311
 -0.040643	 -0.062761	  0.014846	 -0.171310	 -0.064755	 -0.254313	 -0.295290
 -0.029461	 -0.069223	  0.000086	 -0.166558	 -0.078566	 -0.209303	 -0.337038
 -0.056670	 -0.072011	 -0.018191	 -0.158291	 -0.092946	 -0.187130	 -0.324653
 -0.043367	 -0.085536	 -0.019331	 -0.115086	 -0.090793	 -0.178641	 -0.317273
 -0.022461	 -0.068431	 -0.007295	 -0.090443	 -0.085091	 -0.146364	 -0.317811
  0.024799	 -0.053069	  0.032331	 -0.086388	 -0.073023	 -0.085959	 -0.315594
  0.055397	 -0.009610	  0.045476	 -0.101307	 -0.058705	 -0.087258	 -0.280466
 -0.000098	  0.006639	  0.047060	 -0.112045	 -0.064027	 -0.109589	 -0.263139
  0.009658	  0.036921	  0.045983	 -0.070899	 -0.045655	 -0.107815	 -0.234283
 -0.000890	  0.035084	  0.024824	 -0.029626	 -0.006409	 -0.144875	 -0.207296
 -0.006275	  0.043668	  0.028340	 -0.027504	  0.027895	 -0.146839	 -0.168177
 -0.021447	  0.032961	  0.057798	 -0.043405	  0.022320	 -0.119725	 -0.159530
 -0.057494	  0.022667	  0.042530	 -0.048441	  0.030651	 -0.094606	 -0.137610
 -0.087839	  0.062324	  0.054979	 -0.069949	  0.021972	 -0.083932	 -0.109261
 -0.057557	  0.070972	  0.052920	 -0.089271	 -0.001785	 -0.080162	 -0.078789
 -0.038552	  0.035274	  0.033883	 -0.074953	 -0.010242	 -0.075316	 -0.096274
 -0.029651	  0.021527	  0.024697	 -0.073116	 -0.025826	 -0.093371	 -0.113125
 -0.030158	  0.005594	  0.010887	 -0.053129	 -0.050407	 -0.096665	 -0.137927
 -0.012515	 -0.001913	  0.016018	 -0.069030	 -0.043153	 -0.078135	 -0.174480
 -0.002759	 -0.005239	  0.045730	 -0.085628	 -0.076064	 -0.129037	 -0.170394
 -0.019642	  0.000843	  0.027770	 -0.138209	 -0.072928	 -0.145572	 -0.166815
 -0.026167	 -0.039955	  0.017285	 -0.145336	 -0.078091	 -0.153396	 -0.159244
 -0.036366	 -0.066467	  0.004045	 -0.161364	 -0.077362	 -0.131603	 -0.140049
 -0.042955	 -0.081482	 -0.009417	 -0.134756	 -0.064850	 -0.142658	 -0.125827
 -0.064748	 -0.087880	  0.013262	 -0.119932	 -0.082969	 -0.145192	 -0.125067
 -0.078431	 -0.090731	  0.014688	 -0.127471	 -0.093485	 -0.154029	 -0.129026
 -0.048181	 -0.052277	  0.033155	 -0.139698	 -0.074068	 -0.136418	 -0.145022
 -0.044000	 -0.033969	  0.051558	 -0.160287	 -0.104825	 -0.154631	 -0.166118
 -0.046471	 -0.053987	  0.077722	 -0.126426	 -0.104983	 -0.167459	 -0.190635
 -0.000922	 -0.073246	  0.114718	 -0.119552	 -0.099883	 -0.129893	 -0.216957
  0.028378	 -0.072612	  0.109524	 -0.131272	 -0.080150	 -0.122702	 -0.202640
  0.020174	 -0.066689	  0.101668	 -0.070804	 -0.079231	 -0.121118	 -0.173815
 -0.008841	 -0.057123	  0.077373	 -0.071849	 -0.048728	 -0.102367	 -0.129660
 -0.003709	 -0.049141	  0.064260	 -0.085311	 -0.050660	 -0.088746	 -0.162982
 -0.009126	 -0.032923	  0.056753	 -0.100769	 -0.040999	 -0.110381	 -0.186010
 -0.005420	  0.010820	  0.054060	 -0.106375	 -0.012618	 -0.101638	 -0.176032
 -0.009316	  0.015572	  0.088238	 -0.133711	 -0.006441	 -0.111014	 -0.173213
 -0.039249	  0.009395	  0.091754	 -0.165735	 -0.034410	 -0.118806	 -0.214201
 -0.009442	 -0.000678	  0.058115	 -0.167287	 -0.023166	 -0.125046	 -0.215183
 -0.003899	 -0.015502	  0.000497	 -0.154142	 -0.021709	 -0.104679	 -0.218351
 -0.035194	  0.006354	  0.012471	 -0.133458	 -0.035012	 -0.096507	 -0.204635
 -0.054231	  0.033405	  0.029322	 -0.093167	 -0.070869	 -0.077977	 -0.181924
 -0.050430	  0.011676	  0.046205	 -0.097189	 -0.050438	 -0.079370	 -0.154303
 -0.028669	 -0.011701	  0.070531	 -0.059876	 -0.053067	 -0.082981	 -0.113854
  0.006585	 -0.006886	  0.030430	 -0.070012	 -0.080561	 -0.096190	 -0.080405
  0.046338	  0.006512	  0.028055	 -0.073211	 -0.049900	 -0.089253	 -0.063363
  0.010893	  0.027323	  0.024982	 -0.063012	 -0.047872	 -0.061981	 -0.060893
 -0.004596	  0.026785	  0.025679	 -0.079293	 -0.038623	 -0.036672	 -0.052879
 -0.006085	  0.011707	  0.010792	 -0.093388	 -0.044863	 -0.071737	 -0.052309
 -0.015271	 -0.004954	 -0.001942	 -0.106819	 -0.055791	 -0.079497	 -0.038910
 -0.037253	 -0.027855	 -0.015214	 -0.083822	 -0.061049	 -0.057483	 -0.032100
 -0.044602	 -0.049331	 -0.057025	 -0.071247	 -0.053036	 -0.052953	 -0.058422
 -0.054390	 -0.029027	 -0.045115	 -0.061681	 -0.047841	 -0.040505	 -0.043503
 -0.041846	 -0.007488	 -0.019743	 -0.058387	 -0.046637	 -0.021500	 -0.038942
 -0.015461	 -0.018448	 -0.007770	 -0.101339	 -0.043913	 -0.004110	 -0.029882
 -0.029461	 -0.046829	  0.008701	 -0.114896	 -0.026397	  0.026647	 -0.004479
 -0.064336	 -0.074165	  0.011995	 -0.115846	  0.007908	  0.021737	  0.023554
 -0.045204	 -0.076445	  0.039363	 -0.093768	  0.017600	  0.007293	 -0.010561
 -0.031615	 -0.072517	  0.070690	 -0.116448	  0.016080	  0.010492	 -0.007361
 -0.004564	 -0.082749	  0.067174	 -0.137195	  0.018266	  0.023701	  0.006924
  0.010228	 -0.082780	  0.045825	 -0.164911	 -0.037958	 -0.014024	  0.027355
 -0.025844	  0.045289	  0.036496	 -0.002547	  0.016390	 -0.005374	 -0.008201
 -0.019572	  0.067335	  0.034057	  0.008350	  0.015060	 -0.018171	 -0.002594
 -0.034998	  0.060747	  0.041311	 -0.008438	  0.007996	  0.005554	  0.010614
 -0.032749	  0.038384	  0.016794	 -0.031054	  0.001661	 -0.018962	 -0.004463
 -0.018844	  0.011207	 -0.031574	 -0.029534	  0.030739	 -0.033723	 -0.042695
 -0.036075	  0.009655	 -0.017067	 -0.011099	  0.057505	 -0.032456	 -0.047003
 -0.030500	  0.016401	  0.012518	 -0.029946	  0.034540	 -0.055041	 -0.041365
 -0.005540	 -0.024491	  0.037415	 -0.028520	  0.037138	 -0.043004	 -0.062809
  0.034339	 -0.005645	  0.012043	 -0.008312	  0.010150	 -0.040217	 -0.056411
  0.036176	  0.010256	 -0.005632	  0.035210	 -0.017312	 -0.044018	 -0.071710
  0.043652	 -0.012518	 -0.013994	  0.053772	 -0.022665	 -0.023587	 -0.020871
  0.018502	  0.002021	 -0.018365	  0.022952	 -0.015032	  0.017939	  0.046154
  0.012610	 -0.030383	 -0.035217	  0.009141	  0.006983	  0.065547	  0.104120
  0.035258	 -0.059112	 -0.010478	  0.005594	  0.000869	  0.059212	  0.137474
  0.040167	 -0.063420	 -0.016053	 -0.023991	 -0.028684	  0.051262	  0.135098
  0.023791	 -0.059619	  0.010903	 -0.000583	 -0.033150	  0.045243	  0.078210
  0.012483	 -0.047171	 -0.001451	  0.003883	 -0.024851	  0.045655	  0.029968
 -0.008486	 -0.031618	 -0.000595	  0.007684	 -0.029159	  0.014930	 -0.004083
 -0.031704	  0.024035	 -0.014311	  0.013481	 -0.032009	  0.006948	 -0.076271
 -0.012667	  0.048647	 -0.036800	  0.013956	 -0.016172	  0.002260	 -0.103163
 -0.020364	  0.031701	 -0.069869	  0.008920	 -0.002868	  0.024781	 -0.065121
 -0.004368	  0.043832	 -0.070535	  0.051586	  0.024594	  0.073878	  0.034814
 -0.011843	  0.037054	 -0.034108	  0.064763	  0.036187	  0.099472	  0.092147
 -0.042410	  0.028977	 -0.048742	  0.073727	  0.073438	  0.112395	  0.171398
 -0.051216	  0.000722	 -0.033538	  0.067107	  0.047115	  0.122373	  0.168928
 -0.081149	 -0.017428	 -0.034520	  0.056306	  0.062320	  0.135328	  0.142289
 -0.110354	 -0.038175	 -0.060018	  0.019911	  0.062826	  0.101594	  0.081124
 -0.136612	 -0.021324	 -0.074874	  0.026405	  0.053324	  0.089526	  0.015017
 -0.127553	 -0.021767	 -0.035597	  0.039581	  0.013350	  0.036628	 -0.056347
 -0.150740	 -0.042039	  0.004853	  0.034798	  0.036504	  0.026270	 -0.083335
 -0.120205	 -0.051099	 -0.007881	  0.024947	  0.044201	  0.037040	 -0.041935
 -0.104779	 -0.042166	  0.005328	  0.057921	  0.081832	  0.064534	 -0.007726
 -0.080484	  0.002654	  0.030700	  0.070116	  0.060261	  0.056298	  0.058602
 -0.085647	 -0.007260	  0.040899	  0.082565	  0.050441	  0.066498	  0.156733
 -0.079027	  0.004745	  0.020944	  0.061152	  0.036599	  0.055696	  0.194680
 -0.074497	  0.044751	 -0.008103	  0.054374	  0.026653	  0.065547	  0.188471
 -0.059356	  0.054665	 -0.077503	  0.056686	  0.019970	  0.067955	  0.142764
 -0.078172	  0.044719	 -0.092327	  0.047120	 -0.000176	  0.047904	  0.050842
 -0.089226	  0.077852	 -0.078137	  0.080791	  0.031183	  0.005269	 -0.071868
 -0.111336	  0.061412	 -0.076141	  0.103439	 -0.004040	 -0.023017	 -0.120078
 -0.099046	  0.079879	 -0.015863	  0.092194	  0.006824	 -0.025424	 -0.116657
 -0.109688	  0.098567	 -0.003415	  0.072365	  0.000774	 -0.008541	 -0.093787
 -0.120205	  0.079404	 -0.008546	  0.055926	 -0.018959	  0.053194	  0.016886
 -0.114376	  0.070123	 -0.047348	  0.050953	  0.018418	  0.111698	  0.090721
 -0.133825	  0.067779	 -0.065213	  0.044808	 -0.005687	  0.117526	  0.128985
 -0.147319	  0.074367	 -0.072213	  0.065777	 -0.025326	  0.110811	  0.132754
 -0.139051	  0.066607	 -0.127265	  0.037333	 -0.027512	  0.073910	  0.111088
 -0.134522	  0.063218	 -0.127582	  0.052093	 -0.000271	  0.048886	  0.017108
 -0.128187	  0.017700	 -0.158655	  0.069610	  0.019495	  0.027252	 -0.061700
 -0.137721	  0.004111	 -0.166986	  0.077528	  0.052342	  0.008342	 -0.100598
 -0.093882	 -0.024428	 -0.155773	  0.098022	  0.049396	  0.001975	 -0.119856
 -0.062556	 -0.010332	 -0.136673	  0.100430	  0.025038	  0.005966	 -0.081307
 -0.093122	 -0.016477	 -0.161126	  0.057415	  0.008725	  0.014392	  0.030221
 -0.093977	 -0.031935	 -0.179371	  0.057573	  0.023739	  0.033714	  0.095409
 -0.078710	 -0.039474	 -0.158624	  0.086208	  0.052532	  0.086073	  0.172317
 -0.067339	 -0.044003	 -0.146745	  0.116267	  0.038278	  0.126396	  0.211056
 -0.070601	 -0.024206	 -0.176805	  0.088805	  0.034572	  0.067321	  0.175991
 -0.074307	 -0.012486	 -0.207404	  0.071288	  0.079488	  0.009640	  0.087649
 -0.079090	 -0.010744	 -0.169647	  0.080316	  0.123073	  0.004826	 -0.027586
 -0.080230	 -0.012676	 -0.157832	  0.052790	  0.146418	  0.000328	 -0.103417
 -0.070728	  0.014343	 -0.133093	  0.056179	  0.115091	 -0.021085	 -0.142219
 -0.090145	  0.033886	 -0.119695	  0.053202	  0.078822	  0.006346	 -0.108865
 -0.092679	  0.027646	 -0.097744	  0.039075	  0.039102	  0.051547	 -0.031070
 -0.061922	  0.018397	 -0.092581	  0.040342	  0.017277	  0.109449	  0.078495
 -0.008644	 -0.003554	 -0.061159	  0.043097	  0.038151	  0.136848	  0.149131
  0.023728	 -0.009572	 -0.057801	  0.058840	  0.048858	  0.189810	  0.194173
  0.024868	 -0.043085	 -0.006519	  0.079714	  0.053577	  0.200167	  0.209852
  0.013782	 -0.032822	 -0.045004	  0.061089	  0.050948	  0.199914	  0.179824
  0.026040	 -0.015591	 -0.044402	  0.063338	  0.035522	  0.200357	  0.111500
  0.015619	 -0.026392	 -0.038543	  0.073822	  0.037930	  0.170171	  0.043747
  0.001270	 -0.027786	 -0.068887	  0.059379	  0.063840	  0.132826	 -0.029106
 -0.015486	 -0.011093	 -0.051276	  0.033183	  0.038278	  0.080055	 -0.054510
 -0.023468	 -0.005898	 -0.031162	  0.034957	  0.010087	  0.084964	 -0.035790
 -0.016531	  0.009813	 -0.065720	  0.034387	 -0.020891	  0.084838	  0.014099
 -0.007726	  0.042945	 -0.045099	  0.048926	 -0.030172	  0.116988	  0.072381
  0.016949	  0.026696	 -0.056566	  0.038663	  0.004734	  0.132192	  0.114826
 -0.015359	  0.028058	 -0.029642	  0.033595	  0.020033	  0.112173	  0.101586
 -0.034428	  0.011904	 -0.028787	  0.018676	  0.036124	  0.090761	  0.093825
 -0.068289	 -0.023034	 -0.005220	  0.011137	  0.028554	  0.080625	  0.023950
 -0.046971	 -0.004599	 -0.031447	 -0.016357	  0.014838	  0.048569	 -0.072122
 -0.039179	  0.023402	 -0.011555	 -0.018068	 -0.000461	  0.019713	 -0.111652
 -0.020712	  0.009084	 -0.007374	 -0.030928	 -0.023901	  0.021899	 -0.094136
 -0.036297	  0.026696	 -0.005125	 -0.039702	 -0.025453	 -0.004740	 -0.101453
 -0.047827	  0.044434	 -0.018144	 -0.033398	 -0.034037	  0.026270	 -0.045039
 -0.069999	  0.058371	 -0.039683	  0.009268	 -0.065775	  0.059117	  0.043113
 -0.087801	  0.075508	 -0.047728	  0.018486	 -0.030331	  0.109323	  0.157303
 -0.105349	  0.082920	 -0.038543	  0.078954	  0.030518	  0.106282	  0.173426
 -0.120902	  0.112314	 -0.037276	  0.101443	  0.041921	  0.116956	  0.119514
 -0.101833	  0.102242	 -0.053145	  0.120544	  0.069193	  0.074068	  0.054390
 -0.104494	  0.098250	 -0.078295	  0.112435	  0.048573	  0.039637	 -0.019287
 -0.156061	  0.097649	 -0.068919	  0.117439	  0.052469	  0.027759	 -0.087484
 -0.161573	  0.100689	 -0.096508	  0.101570	  0.056270	  0.008120	 -0.104905
 -0.159292	  0.078422	 -0.081748	  0.068849	  0.051075	  0.001943	 -0.060497
 -0.163600	  0.055552	 -0.066987	  0.039170	  0.036314	  0.020632	 -0.034871
 -0.153495	  0.012917	 -0.082951	  0.039676	  0.053894	  0.080245	  0.013117
 -0.170252	  0.013139	 -0.082381	  0.051745	  0.052564	  0.125509	  0.133705
 -0.190175	 -0.012708	 -0.105251	  0.026658	  0.047305	  0.177836	  0.161737
 -0.165152	 -0.016604	 -0.096318	  0.013449	  0.074198	  0.169886	  0.162593
 -0.127680	  0.023877	 -0.093974	 -0.000583	  0.080058	  0.136627	  0.071621
 -0.117132	  0.027583	 -0.088273	  0.002680	  0.074673	  0.114486	 -0.008898
 -0.111494	  0.014976	 -0.078802	  0.006893	  0.047274	  0.097159	 -0.120141
 -0.072280	  0.028977	 -0.059702	  0.021210	  0.046102	  0.066973	 -0.196384
 -0.072122	  0.031669	 -0.050769	 -0.020000	  0.044391	  0.045433	 -0.172564
 -0.071678	  0.026569	 -0.057041	  0.018929	  0.012399	  0.052370	 -0.123341
 -0.077633	  0.041805	 -0.054697	  0.014843	  0.018703	  0.079104	 -0.056125
 -0.088403	  0.018619	 -0.058910	 -0.018955	  0.023422	  0.128613	  0.027529
 -0.072723	 -0.002350	 -0.026506	  0.018802	  0.028585	  0.118540	  0.118405
 -0.100249	 -0.023541	 -0.015673	  0.025201	  0.035681	  0.125984	  0.142415
 -0.083050	 -0.027310	 -0.009781	  0.040595	  0.019400	  0.150437	  0.110138
 -0.042220	 -0.029908	 -0.025081	  0.022002	  0.014838	  0.094499	  0.036145
 -0.042695	 -0.033804	 -0.004650	  0.011295	  0.005019	  0.077932	 -0.066103
 -0.040605	 -0.002889	  0.002825	 -0.014172	  0.013445	  0.033872	 -0.146052
 -0.028156	  0.060557	 -0.003795	 -0.022217	 -0.009172	 -0.012944	 -0.147604
 -0.035473	  0.061666	  0.014387	  0.007114	  0.019400	 -0.048104	 -0.130721
 -0.045609	  0.025207	  0.009414	  0.002363	  0.040369	 -0.030524	 -0.070094
 -0.062651	  0.018207	  0.008464	 -0.002103	  0.069447	 -0.007623	  0.002601
 -0.028188	  0.033284	 -0.016782	  0.033310	  0.079266	  0.004129	  0.079191
 -0.008454	  0.028216	 -0.027393	  0.069578	  0.091588	  0.033365	  0.098577
 -0.027396	 -0.001495	 -0.018524	  0.070307	  0.116579	  0.028329	  0.119134
 -0.007155	  0.005695	 -0.007691	  0.055356	  0.099063	  0.018890	  0.083468
  0.013972	  0.040696	 -0.032968	 -0.007045	  0.077809	  0.011414	  0.036968
 -0.015233	  0.071168	 -0.033601	 -0.039480	  0.086931	 -0.014686	  0.041434
 -0.039052	  0.066258	  0.006500	 -0.050757	  0.105240	 -0.022573	  0.029239
 -0.092109	  0.058055	  0.013817	 -0.031720	  0.135616	 -0.016207	  0.019167
 -0.117702	  0.037656	  0.020405	 -0.022090	  0.127096	 -0.027356	 -0.002277
 -0.090652	  0.044751	  0.015432	 -0.008312	  0.152119	 -0.006989	  0.004311
 -0.047478	  0.044149	  0.038840	 -0.006506	  0.127381	  0.001658	 -0.026097
 -0.033129	  0.026379	  0.023985	 -0.004954	  0.085633	  0.028202	  0.001999
 -0.026636	  0.020424	  0.014957	  0.008540	  0.069605	  0.020663	  0.007193
 -0.000155	  0.053968	  0.035609	  0.024947	  0.088135	  0.012871	 -0.001327
  0.000415	  0.088431	  0.038587	  0.021178	  0.087185	  0.055506	 -0.000789
  0.012198	  0.077978	  0.025695	  0.009617	  0.068940	  0.079453	 -0.016088
 -0.021219	  0.037846	 -0.003985	  0.011771	  0.102326	  0.064565	  0.008080
 -0.038609	 -0.002635	 -0.011840	 -0.033398	  0.080660	  0.064090	 -0.001834
 -0.082669	 -0.016287	  0.003269	 -0.035837	  0.075370	  0.073815	 -0.001707
 -0.090240	 -0.064909	 -0.019917	 -0.038783	  0.103054	  0.075937	  0.004945
 -0.066388	 -0.092752	 -0.010668	 -0.047589	  0.073184	  0.061144	 -0.030025
 -0.059420	 -0.082774	  0.022464	 -0.049490	  0.064537	  0.056488	 -0.040921
 -0.056917	 -0.082330	 -0.000310	 -0.047874	  0.049586	  0.047207	 -0.033668
 -0.081941	 -0.094620	 -0.028501	 -0.049838	  0.061876	  0.027125	 -0.037627
 -0.093027	 -0.082742	 -0.029167	 -0.021647	  0.072931	  0.037958	 -0.044786
 -0.069081	 -0.066334	 -0.079119	  0.033436	  0.059754	  0.042456	 -0.036550
 -0.056442	 -0.032379	 -0.043579	  0.030807	  0.085759	  0.056773	 -0.040731
 -0.050614	 -0.031333	 -0.018017	  0.013354	  0.110846	  0.036374	 -0.052705
 -0.068225	 -0.020849	 -0.001514	 -0.006696	  0.107457	  0.028392	 -0.080927
 -0.089606	 -0.055565	 -0.028058	  0.022508	  0.083035	  0.033207	 -0.092996
 -0.056094	 -0.065574	 -0.002844	  0.038568	  0.057061	  0.057882	 -0.105666
 -0.057899	 -0.058416	  0.011441	  0.014210	  0.045880	  0.027822	 -0.089891
 -0.053053	 -0.058384	  0.003015	 -0.047621	  0.042649	  0.044071	 -0.078298
 -0.023151	 -0.084769	  0.003332	 -0.067481	  0.061243	  0.070615	 -0.105096
  0.001555	 -0.072416	  0.018505	 -0.036028	  0.055573	  0.065294	 -0.118146
 -0.073167	 -0.063705	  0.064371	 -0.008280	  0.066722	  0.036976	 -0.134680
 -0.094516	 -0.076217	  0.034184	 -0.023801	  0.064093	  0.066181	 -0.074022
 -0.106521	 -0.094082	  0.017206	 -0.003972	  0.050726	  0.063742	 -0.063316
 -0.114091	 -0.085530	  0.025980	 -0.024846	  0.037423	  0.115753	 -0.051944
 -0.151215	 -0.050655	  0.062343	 -0.021615	  0.031595	  0.118730	 -0.025305
 -0.118589	 -0.034247	  0.045365	  0.014938	  0.048319	  0.099060	  0.004691
 -0.106363	  0.011333	  0.047994	  0.022667	  0.101565	  0.083190	  0.036937
 -0.096543	  0.027551	  0.038270	  0.027070	  0.111005	  0.081955	 -0.015423
 -0.070506	 -0.001622	  0.026867	  0.018359	  0.112588	  0.094404	 -0.038577
 -0.047763	 -0.019613	 -0.004808	  0.037269	  0.140716	  0.070204	 -0.031197
 -0.019097	 -0.046347	  0.024080	  0.020766	  0.128964	  0.070014	 -0.048048
 -0.004210	 -0.028007	  0.026455	 -0.016262	  0.136155	  0.097761	 -0.067022
 -0.032116	 -0.025093	  0.052176	 -0.037295	  0.150092	  0.103209	 -0.056727
 -0.042695	 -0.017079	  0.037985	 -0.019398	  0.164124	  0.097286	 -0.063316
 -0.009816	 -0.017016	  0.028134	 -0.004099	  0.140684	  0.088702	 -0.041808
 -0.011083	  0.012474	  0.027849	 -0.005239	  0.091144	  0.072326	  0.007795
 -0.009436	  0.007754	  0.026614	 -0.022344	  0.080850	  0.053922	  0.022176
 -0.002563	 -0.001622	  0.017935	 -0.017022	  0.073058	  0.042076	 -0.000187
  0.005736	 -0.020532	  0.041501	  0.005245	  0.101629	  0.043723	 -0.013586
  0.018692	  0.004903	  0.066334	 -0.026367	  0.122819	  0.064154	 -0.003259
  0.028764	  0.025207	  0.071086	  0.005182	  0.104986	  0.090476	 -0.012287
  0.009537	  0.034963	  0.084168	 -0.030674	  0.086393	  0.082937	 -0.021378
  0.005230	  0.041298	  0.092942	  0.009585	  0.092760	  0.054524	 -0.025274
  0.003202	  0.057928	  0.113721	  0.024156	  0.112303	  0.051167	 -0.030912
 -0.023785	  0.050136	  0.124269	 -0.003339	  0.159594	  0.068303	 -0.026066
 -0.047858	  0.032017	  0.111979	 -0.011638	  0.138055	  0.041062	 -0.048048
 -0.039686	  0.027710	  0.079701	  0.007494	  0.121141	  0.006758	 -0.059356
 -0.026287	  0.022768	  0.092593	  0.010218	  0.122123	  0.030071	 -0.068701
 -0.003608	  0.022578	  0.081222	  0.032328	  0.108724	  0.048411	 -0.044247
 -0.009119	  0.037085	  0.057719	  0.077465	  0.105018	  0.050977	 -0.036835
  0.008239	  0.025112	  0.028577	  0.077497	  0.083637	  0.049520	 -0.015581
 -0.000155	  0.019474	  0.006341	  0.087886	  0.081515	  0.049171	  0.002854
 -0.001264	  0.000881	 -0.026221	  0.074931	  0.080279	  0.061715	 -0.019445
  0.036303	 -0.010839	 -0.017700	  0.025866	  0.123200	  0.090286	 -0.040985
  0.005135	  0.041678	 -0.009275	 -0.007995	  0.135395	  0.098901	 -0.019762
  0.019103	  0.011207	  0.000767	 -0.013823	  0.119905	  0.107612	  0.022524
  0.014004	 -0.028292	 -0.002813	 -0.014932	  0.093298	  0.121486	  0.036430
 -0.013142	 -0.034121	 -0.014438	 -0.020285	  0.069700	  0.082145	  0.045140
 -0.030342	 -0.030605	 -0.011619	  0.006924	  0.039133	  0.056805	  0.035321
 -0.038862	 -0.006405	 -0.033855	  0.058207	 -0.016710	  0.063869	  0.055878
 -0.012477	 -0.032822	 -0.036484	  0.072619	 -0.019434	  0.003464	  0.041308
 -0.008359	 -0.026804	 -0.021533	  0.041799	 -0.017344	 -0.016048	  0.078526
 -0.010798	 -0.054741	 -0.024764	  0.038631	  0.057663	 -0.036859	  0.050747
  0.009474	 -0.063547	  0.023288	  0.037396	  0.091017	 -0.021972	  0.030285
  0.040358	 -0.057085	  0.035134	  0.029730	  0.085664	 -0.012849	  0.035575
  0.037412	 -0.067665	  0.070484	  0.031948	  0.098588	  0.004857	  0.013719
 -0.022803	 -0.071751	  0.050497	  0.044079	  0.067673	  0.003685	  0.016633
 -0.039243	 -0.040297	  0.071498	  0.032993	  0.042966	 -0.009016	  0.018343
 -0.055302	 -0.042863	  0.057814	  0.009300	  0.042332	  0.008120	  0.056385
 -0.046528	 -0.030320	  0.019107	  0.016807	  0.047686	  0.022532	  0.095092
 -0.050962	 -0.010174	  0.043623	  0.015730	  0.043663	  0.025985	  0.080427
 -0.055524	 -0.022369	  0.063927	  0.031948	  0.056270	  0.013980	  0.045045
 -0.052673	 -0.046252	  0.065764	  0.028749	  0.053704	  0.006916	  0.031140
 -0.052388	 -0.049705	  0.065321	 -0.003940	  0.026083	 -0.011677	  0.048340
 -0.065818	 -0.071244	  0.009604	 -0.003054	  0.005114	 -0.039488	  0.036810
 -0.093724	 -0.082140	  0.029623	  0.000304	 -0.026878	 -0.007021	  0.049987
 -0.087136	 -0.041596	  0.031650	 -0.011986	 -0.000366	  0.024876	  0.064051
 -0.064805	 -0.007672	  0.047551	 -0.003687	 -0.002488	  0.050438	  0.024615
 -0.069746	 -0.009509	  0.037668	  0.016237	  0.018671	  0.085218	 -0.024260
 -0.090050	 -0.019265	  0.021102	  0.022699	  0.041351	  0.080942	 -0.016563
 -0.086882	 -0.011504	 -0.009148	  0.064478	  0.055573	  0.067226	 -0.008232
 -0.099647	 -0.024713	 -0.038733	  0.058428	  0.072963	  0.040777	  0.001935
