:RUN-7	LEVEL SWEEP	TEMP:NaN	8/27/2019	3:30 PM	HR:-465.13:SW EAR: R	SW FREQ: 45.20	# AVERAGES: 512	REP RATE (/sec): 80	DRIVER: 	SAMPLE (µsec): 40	MASKER dB: 2147483647:NOTES-:CHAMBER-SEWELL-PXI1:CFTS Version: V2.7.2 (R850):LEVELS:20;30;40;50;60;70;80;:DATA -0.004946	 -0.027586	  0.045438	  0.001315	  0.005440	  0.041056	  0.058810
 -0.015431	 -0.033573	  0.008695	 -0.044773	  0.023939	  0.027087	  0.036574
 -0.010679	 -0.020459	  0.016772	 -0.071697	  0.020169	  0.016349	  0.040058
 -0.004883	  0.001999	  0.032990	 -0.054846	 -0.008053	  0.000258	  0.059729
  0.004937	  0.013750	  0.022094	 -0.035334	 -0.042485	  0.013752	  0.058493
 -0.001525	  0.034244	  0.009075	 -0.039927	 -0.056453	 -0.009498	  0.024126
  0.016086	  0.054105	  0.029030	 -0.024374	 -0.048059	 -0.027806	  0.000496
  0.017037	  0.071494	  0.032768	 -0.013034	 -0.026520	 -0.051468	  0.019216
  0.008167	  0.020909	 -0.011482	 -0.021302	 -0.004252	 -0.050771	  0.013166
  0.028946	  0.035289	 -0.032610	 -0.009138	  0.019282	 -0.033128	 -0.000328
  0.046526	  0.029271	 -0.033782	  0.016804	  0.034011	 -0.036295	  0.001383
  0.036327	  0.023823	 -0.037583	  0.025356	  0.030844	 -0.007091	 -0.008247
  0.030752	  0.040579	 -0.033940	  0.007174	  0.013961	  0.006245	 -0.029469
  0.002909	  0.047706	 -0.019528	  0.018736	 -0.012773	  0.021892	 -0.041696
 -0.002824	  0.007225	 -0.023075	  0.040339	 -0.000356	  0.000005	 -0.040239
 -0.018186	 -0.042220	 -0.033687	  0.071095	  0.013549	  0.003141	 -0.054429
 -0.035069	 -0.032876	 -0.016614	  0.066249	  0.046967	  0.010109	 -0.052560
 -0.056133	 -0.018242	  0.005527	  0.023804	  0.042469	 -0.003226	 -0.055031
 -0.020372	 -0.087801	  0.021048	  0.011419	 -0.027312	  0.033802	 -0.028899
 -0.021639	 -0.117639	  0.018863	  0.032135	 -0.024366	  0.045586	 -0.001151
 -0.053726	 -0.138798	  0.021903	  0.038850	  0.006739	  0.021101	  0.016270
 -0.046092	 -0.104747	  0.013541	  0.036823	  0.005123	  0.008525	 -0.004667
 -0.040866	 -0.074022	  0.029917	  0.027637	 -0.005424	  0.014734	 -0.026745
 -0.067346	 -0.049695	  0.048542	  0.023804	  0.012631	  0.036368	 -0.045402
 -0.091483	 -0.054225	  0.064950	  0.071254	  0.019853	 -0.001167	 -0.043216
 -0.084039	 -0.032147	  0.070842	  0.083069	  0.016653	  0.024458	 -0.036153
 -0.048373	 -0.030880	  0.047054	  0.086711	  0.019314	 -0.013172	 -0.008658
 -0.025820	 -0.003291	  0.042144	  0.041827	 -0.004601	 -0.012095	  0.043606
 -0.047359	 -0.008042	  0.012021	  0.039863	 -0.011759	  0.006213	  0.048737
 -0.048626	  0.021131	  0.008220	  0.064412	 -0.005424	  0.037160	  0.058240
 -0.047898	  0.042860	  0.000206	  0.052375	 -0.006470	  0.046853	  0.056593
 -0.062437	  0.045236	  0.023297	  0.064158	 -0.008845	  0.036621	  0.069675
 -0.078528	  0.028954	  0.034510	  0.040117	  0.006422	  0.042196	  0.079937
 -0.068930	  0.013212	  0.040148	  0.056176	 -0.019868	  0.016413	  0.089408
 -0.044255	 -0.021283	  0.046420	  0.086521	 -0.042263	 -0.017923	  0.108572
 -0.029209	 -0.012604	  0.049144	  0.081706	 -0.019742	 -0.034173	  0.114495
 -0.025218	 -0.023056	  0.070303	  0.106667	  0.000341	 -0.020141	  0.136161
 -0.003932	 -0.004336	  0.045407	  0.120921	 -0.002479	  0.011725	  0.157669
  0.013901	 -0.005603	  0.049524	  0.078317	 -0.026203	  0.031363	  0.150605
  0.031671	  0.021162	  0.022410	  0.070018	 -0.063992	  0.064654	  0.150098
  0.026127	  0.018597	 -0.003120	  0.106096	 -0.097093	  0.066270	  0.081553
  0.011430	  0.017488	 -0.043063	  0.108124	 -0.126424	  0.096614	  0.079177
 -0.002159	  0.058222	 -0.053515	  0.098716	 -0.094179	  0.097533	  0.061661
 -0.022431	  0.040231	 -0.040243	  0.086679	 -0.064816	  0.120213	  0.043162
 -0.030571	  0.018375	 -0.029632	  0.117310	 -0.057910	  0.121923	 -0.023831
 -0.044319	  0.017425	 -0.044488	  0.111640	 -0.031588	  0.105610	 -0.074765
 -0.017648	  0.004121	 -0.034605	  0.089023	 -0.065512	  0.085243	 -0.102988
 -0.008842	  0.003266	 -0.014777	  0.047497	 -0.060508	  0.087049	 -0.096906
 -0.014480	  0.000605	 -0.042144	  0.011831	 -0.040742	  0.068170	 -0.127314
  0.018557	  0.011945	 -0.039737	  0.006351	 -0.018950	  0.048690	 -0.147713
  0.023973	  0.028796	 -0.030614	  0.025103	 -0.017271	  0.043495	 -0.122563
  0.028091	  0.020149	 -0.030519	  0.050063	 -0.014927	  0.067505	 -0.106440
  0.015991	 -0.026066	 -0.044045	  0.050348	 -0.028484	  0.057654	 -0.103019
  0.005475	 -0.064805	 -0.061656	  0.059660	 -0.008275	  0.055627	 -0.057692
  0.020553	 -0.062207	 -0.030171	  0.006256	 -0.009764	  0.005960	 -0.022659
 -0.008019	 -0.057741	 -0.005717	  0.007269	  0.034645	 -0.021820	 -0.008848
 -0.045364	 -0.054985	  0.032990	  0.007586	  0.039048	 -0.021249	  0.013799
 -0.006657	 -0.004178	  0.006383	  0.055701	 -0.010809	 -0.028598	  0.052792
  0.004715	  0.003329	  0.020478	  0.026560	 -0.004918	 -0.040888	  0.092481
  0.041173	 -0.018939	 -0.001441	 -0.001600	 -0.003366	 -0.025652	  0.138632
  0.008548	 -0.040573	  0.010722	 -0.003627	  0.007974	 -0.011652	  0.156338
  0.005222	 -0.060370	  0.049746	  0.005812	  0.008766	  0.002602	  0.134102
  0.023118	 -0.038292	  0.044235	  0.021808	  0.001639	  0.034943	  0.083928
  0.035187	 -0.045894	  0.055954	  0.031755	  0.005282	  0.031648	  0.049941
  0.036834	 -0.009404	  0.032483	  0.030266	 -0.028959	  0.016729	  0.023682
 -0.005295	 -0.002024	  0.032356	 -0.046484	 -0.015244	  0.023508	  0.028370
 -0.000322	  0.000605	  0.046737	 -0.058235	 -0.026742	  0.048816	 -0.008722
 -0.015906	  0.024678	  0.092001	 -0.083164	  0.011680	  0.094556	 -0.037325
 -0.003331	  0.024393	  0.066851	 -0.079299	 -0.008085	  0.103931	 -0.014994
 -0.004028	  0.039851	  0.060516	 -0.049936	  0.008988	  0.084578	 -0.034632
 -0.035608	  0.052267	  0.049651	 -0.000681	  0.006390	  0.058699	 -0.041537
 -0.065002	  0.046186	  0.024913	 -0.004260	 -0.000958	  0.038522	 -0.031433
 -0.106529	  0.053788	  0.031153	  0.007998	 -0.000293	 -0.010797	 -0.014170
 -0.069057	  0.018882	 -0.002867	  0.007269	 -0.018855	 -0.021946	 -0.025605
 -0.094366	  0.006560	 -0.010184	  0.027732	 -0.022814	 -0.035788	 -0.040524
 -0.121004	  0.036968	 -0.012971	  0.033908	 -0.030163	 -0.042757	 -0.018478
 -0.129493	  0.020149	 -0.020446	  0.053547	 -0.042231	 -0.047920	 -0.047651
 -0.115936	 -0.018559	 -0.024406	  0.011831	 -0.049643	 -0.042567	 -0.052307
 -0.078274	 -0.034016	 -0.005496	  0.006193	 -0.067635	 -0.047572	 -0.049108
 -0.041024	 -0.044247	  0.000776	  0.030583	 -0.062598	 -0.059323	 -0.029691
 -0.034721	 -0.064488	 -0.027225	  0.022062	 -0.044860	 -0.058024	 -0.045053
 -0.031553	 -0.033889	 -0.036126	 -0.001378	 -0.030986	 -0.062744	 -0.025573
 -0.004788	 -0.047288	 -0.037013	  0.036189	 -0.012583	 -0.070726	 -0.044642
 -0.004154	 -0.057361	 -0.014301	  0.040243	 -0.014705	 -0.055775	 -0.035329
 -0.013815	 -0.036202	 -0.012021	  0.050348	 -0.013312	 -0.031417	 -0.018193
 -0.015146	 -0.041587	  0.006319	  0.041922	  0.024635	 -0.015706	 -0.009165
 -0.041404	 -0.050836	 -0.002106	  0.090671	  0.029957	  0.023128	  0.019152
 -0.049228	 -0.045071	 -0.002455	  0.088643	  0.013929	 -0.006679	  0.052887
 -0.089297	 -0.015518	 -0.011894	  0.114395	 -0.026013	 -0.025937	  0.060109
 -0.119136	 -0.029265	  0.016899	  0.103499	 -0.044417	 -0.053432	  0.114622
 -0.094429	 -0.034238	  0.049714	  0.061149	 -0.047964	 -0.044436	  0.102744
 -0.088379	 -0.033794	  0.034225	  0.019116	 -0.029656	 -0.054508	  0.070815
 -0.104407	 -0.033351	  0.011007	  0.004324	  0.000721	 -0.019444	  0.092101
 -0.124837	 -0.056284	  0.012781	 -0.024311	  0.005630	 -0.010131	  0.083010
 -0.111914	 -0.038989	  0.056746	 -0.009233	  0.011839	  0.044097	  0.049973
 -0.117425	  0.000858	  0.062860	  0.009455	  0.017192	  0.059523	  0.059063
 -0.103931	 -0.005603	  0.067611	  0.007491	 -0.016036	  0.067917	  0.048104
 -0.081949	  0.018533	  0.074326	  0.052153	 -0.027851	  0.055056	  0.025519
 -0.047518	  0.009411	  0.038438	  0.062290	 -0.026710	  0.039029	  0.025202
 -0.066365	  0.004089	  0.002423	  0.073629	 -0.046222	 -0.017987	  0.035719
 -0.068930	 -0.017577	 -0.015125	  0.085729	 -0.054268	 -0.015896	  0.042529
 -0.092750	  0.030982	  0.017786	  0.083417	 -0.070295	  0.007607	  0.062833
 -0.096171	  0.034846	  0.037678	  0.062131	 -0.026837	  0.004313	  0.064670
 -0.097976	  0.023316	  0.048416	  0.037044	 -0.002098	  0.001208	  0.068788
 -0.087904	 -0.011970	  0.061403	 -0.028460	 -0.035864	  0.025155	  0.065905
 -0.064464	 -0.000820	  0.049778	 -0.035872	 -0.043815	  0.041088	  0.052443
 -0.065002	  0.015429	  0.036221	 -0.044298	 -0.024366	  0.060473	  0.080032
 -0.060346	  0.005325	  0.032926	  0.011989	 -0.000451	  0.074727	  0.055484
 -0.068740	  0.009537	 -0.014998	  0.019750	  0.010477	  0.089234	  0.057036
 -0.047644	  0.026547	  0.005432	  0.034479	 -0.010524	  0.094936	  0.075249
 -0.023603	  0.055688	  0.008315	  0.024469	 -0.013343	  0.079636	  0.088553
 -0.019865	  0.059046	  0.004482	  0.001283	  0.004743	  0.096044	  0.093684
 -0.015842	  0.035986	  0.032831	 -0.025388	 -0.001402	  0.103836	  0.073571
 -0.027594	  0.040738	  0.035777	 -0.026338	 -0.046412	  0.065604	  0.058525
 -0.002919	  0.048213	  0.012401	 -0.030741	 -0.071087	  0.076089	  0.048737
 -0.005073	  0.012832	 -0.012844	 -0.014048	 -0.025348	  0.071179	  0.047977
  0.041807	 -0.014694	 -0.005527	  0.003120	 -0.001148	  0.076912	  0.047629
  0.027299	 -0.016943	  0.006351	  0.038343	  0.000341	  0.051129	  0.046267
  0.013394	 -0.032622	 -0.008156	  0.048859	 -0.001908	  0.013087	  0.042402
  0.009910	 -0.042220	 -0.032800	  0.032736	 -0.008497	  0.037097	  0.054597
  0.028123	 -0.036740	 -0.027067	  0.071412	  0.004427	  0.026834	  0.042782
  0.051879	 -0.013839	 -0.013890	  0.063683	  0.024319	  0.049450	  0.043701
  0.063979	  0.000763	  0.030709	  0.048257	  0.011300	  0.047993	  0.037429
  0.043707	  0.037317	 -0.002391	  0.019306	 -0.038208	  0.044920	  0.040945
  0.024259	  0.029144	 -0.025895	  0.036854	 -0.072798	  0.038902	  0.004043
  0.029612	  0.030506	 -0.003817	  0.065869	 -0.045177	  0.041404	 -0.023039
  0.000280	 -0.002784	  0.037709	  0.035239	 -0.028896	  0.005738	 -0.040555
  0.008833	 -0.020142	  0.059249	  0.038945	  0.013644	 -0.008072	 -0.030609
 -0.040137	 -0.032717	  0.026401	  0.046420	  0.035310	 -0.021059	 -0.049171
 -0.044509	 -0.034650	  0.038438	  0.018926	 -0.009162	 -0.030974	 -0.034822
 -0.054740	 -0.045926	  0.035714	 -0.003500	 -0.022371	 -0.037562	 -0.046479
 -0.042798	 -0.054985	  0.061118	 -0.008220	 -0.019298	 -0.022960	 -0.075842
 -0.029019	 -0.068479	  0.084874	 -0.025008	 -0.027914	 -0.023498	 -0.083381
 -0.029083	 -0.066483	  0.055574	 -0.009233	 -0.052304	  0.009951	 -0.062538
 -0.050400	 -0.059356	  0.034637	  0.018071	 -0.027724	  0.023318	 -0.051864
 -0.024838	 -0.044374	  0.010437	  0.028524	  0.003476	  0.026295	 -0.040587
  0.003860	 -0.053623	  0.019623	  0.050728	  0.003920	  0.043622	 -0.022817
 -0.004186	 -0.027523	  0.073598	  0.056588	 -0.044828	  0.066681	  0.005849
  0.006109	 -0.027998	  0.094662	  0.046167	 -0.034629	  0.065668	 -0.016419
 -0.015969	 -0.030057	  0.075245	  0.058615	 -0.029624	  0.052744	 -0.005016
 -0.033802	 -0.042790	  0.032895	  0.054402	 -0.023353	  0.076026	 -0.015722
 -0.057527	 -0.034776	  0.011261	  0.038660	 -0.000831	  0.070292	 -0.040651
 -0.056799	 -0.038166	 -0.002138	  0.063683	  0.012567	  0.035798	 -0.056203
 -0.061043	 -0.043360	  0.001346	  0.041035	  0.038319	  0.048088	 -0.072072
 -0.041689	 -0.049379	 -0.004355	  0.053610	  0.039143	  0.006055	 -0.117305
 -0.010268	 -0.036962	 -0.005876	  0.090607	  0.007372	 -0.018810	 -0.129626
 -0.025725	 -0.012984	 -0.007650	  0.081010	 -0.009701	  0.012358	 -0.084172
 -0.025218	  0.017963	 -0.013826	  0.059787	 -0.032412	  0.021892	 -0.063615
 -0.021291	  0.003392	 -0.027922	  0.060072	 -0.038493	  0.040422	 -0.084584
 -0.044445	  0.020465	 -0.064729	  0.065584	 -0.022877	  0.056133	 -0.095480
 -0.055722	  0.025787	 -0.060136	  0.076860	 -0.007737	  0.019643	 -0.094277
 -0.077388	  0.021891	 -0.043348	  0.103309	  0.007943	  0.004756	 -0.079928
 -0.079351	  0.039692	 -0.017025	  0.107965	 -0.018791	 -0.013964	 -0.052846
 -0.029970	  0.034213	 -0.018261	  0.072584	 -0.051924	  0.022368	 -0.045592
 -0.025503	  0.053946	  0.004419	  0.073851	 -0.038208	  0.026897	 -0.026872
 -0.008874	  0.043240	  0.026433	  0.069005	 -0.003017	  0.025060	 -0.029342
  0.021725	  0.044539	  0.021365	 -0.005527	  0.029260	  0.066174	 -0.021962
 -0.006878	 -0.013681	  0.001315	 -0.016075	  0.037242	  0.019580	 -0.026302
  0.015453	  0.009284	  0.014618	 -0.006794	  0.034867	  0.001208	 -0.038021
 -0.013150	  0.011216	  0.019781	 -0.019053	  0.037559	  0.008557	 -0.015690
 -0.037413	  0.044222	  0.032325	 -0.008251	  0.050641	  0.032409	  0.000717
 -0.076057	  0.021257	  0.014840	  0.012939	  0.041708	  0.004154	 -0.003052
 -0.089012	  0.027529	  0.051330	 -0.017216	  0.016748	 -0.002054	 -0.027093
 -0.073080	  0.013592	  0.068941	 -0.051583	  0.027486	 -0.042218	 -0.053796
 -0.084610	 -0.010988	  0.069258	 -0.076353	  0.039491	 -0.023657	 -0.068747
 -0.113529	  0.020846	  0.063873	 -0.081675	  0.022703	 -0.036390	 -0.060891
 -0.114764	  0.017900	  0.049904	 -0.069416	 -0.033837	 -0.025367	 -0.111128
 -0.120371	 -0.021314	  0.021333	 -0.047149	 -0.024049	  0.002729	 -0.122183
 -0.115145	 -0.045863	  0.031216	 -0.053325	 -0.010397	  0.002095	 -0.173370
 -0.069247	 -0.053750	  0.051773	 -0.043696	  0.038636	  0.002064	 -0.196556
 -0.038997	 -0.019445	  0.025926	 -0.024057	  0.037654	 -0.027648	 -0.177013
 -0.031015	 -0.016215	  0.036347	 -0.025705	  0.012504	 -0.020616	 -0.158483
 -0.049228	  0.006243	  0.017786	 -0.033940	  0.014911	  0.013277	 -0.172103
 -0.084419	 -0.006269	 -0.000079	  0.011514	  0.047188	  0.014734	 -0.146858
 -0.055595	 -0.037120	  0.049841	 -0.012528	  0.054949	 -0.005887	 -0.127282
 -0.008114	 -0.060053	  0.068466	 -0.016645	  0.043894	 -0.013077	 -0.076602
 -0.035101	 -0.057171	  0.072552	 -0.000048	  0.061854	 -0.016118	 -0.028519
  0.004145	 -0.073294	  0.069702	  0.011799	  0.064831	 -0.024068	  0.000084
 -0.018915	 -0.080642	  0.036221	  0.030614	  0.046175	 -0.014978	 -0.006346
  0.001452	 -0.052958	  0.010374	  0.043981	  0.035975	 -0.035883	 -0.008500
 -0.005200	 -0.018654	  0.022822	  0.036981	  0.051464	 -0.039241	 -0.038655
  0.010131	 -0.003576	  0.026243	  0.056398	  0.036260	 -0.033920	 -0.017433
  0.002878	 -0.011685	  0.011957	  0.083417	  0.075854	 -0.047350	 -0.000106
 -0.003647	 -0.007567	 -0.008632	  0.080281	  0.076361	 -0.015643	  0.006387
 -0.011249	 -0.031672	 -0.004419	  0.093173	  0.051433	 -0.021629	  0.005976
 -0.046662	 -0.045578	  0.030836	  0.088390	  0.029704	  0.002792	 -0.005142
 -0.057781	 -0.037627	  0.018419	  0.098051	 -0.009320	  0.009824	 -0.047492
 -0.080175	 -0.014092	  0.034098	  0.041764	 -0.028896	  0.005326	 -0.070204
 -0.104850	 -0.014187	  0.043569	  0.046959	 -0.030955	 -0.013077	 -0.058357
 -0.095981	  0.001809	  0.016994	  0.003120	 -0.028484	 -0.019032	 -0.050375
 -0.035861	 -0.002499	  0.019148	  0.020288	 -0.041471	 -0.041427	 -0.086421
 -0.041373	  0.017551	  0.035936	  0.020320	 -0.025887	 -0.073450	 -0.073213
 -0.065889	  0.025058	  0.016994	  0.045153	 -0.035072	 -0.087641	 -0.090507
 -0.036875	  0.047136	  0.040814	  0.040022	 -0.046159	 -0.074084	 -0.105205
 -0.055848	  0.048751	  0.027827	  0.025039	 -0.043625	 -0.093723	 -0.091743
 -0.108429	  0.040643	 -0.020193	  0.059122	 -0.051512	 -0.082509	 -0.085820
 -0.101429	  0.039091	 -0.019623	  0.073027	 -0.041186	 -0.075129	 -0.095702
 -0.089234	  0.005800	  0.001346	  0.053230	 -0.021832	 -0.060273	 -0.142360
 -0.083913	  0.011565	 -0.032356	  0.030773	 -0.025000	 -0.063758	 -0.148885
 -0.057812	 -0.002658	 -0.020446	  0.010944	 -0.035263	 -0.037657	 -0.146478
 -0.052459	 -0.020744	 -0.019148	  0.001568	 -0.038113	 -0.026381	 -0.092091
 -0.035006	 -0.017197	  0.003627	 -0.022885	 -0.047679	 -0.057961	 -0.017369
 -0.030571	 -0.007377	  0.042999	 -0.014491	 -0.041883	 -0.032621	  0.002016
 -0.032187	 -0.006775	  0.030076	 -0.029664	 -0.033742	 -0.019729	 -0.024021
 -0.051731	 -0.009658	  0.020763	  0.000428	 -0.064309	  0.001525	 -0.011161
 -0.072224	 -0.005793	  0.037741	  0.009550	 -0.069820	 -0.024512	 -0.063583
 -0.080777	  0.006687	  0.028397	 -0.009677	 -0.043403	  0.009254	 -0.040175
 -0.039757	 -0.011242	  0.017817	 -0.022030	 -0.035801	  0.001462	 -0.016609
 -0.029970	 -0.027808	  0.013953	 -0.012876	 -0.049485	  0.023983	 -0.016546
 -0.069437	 -0.027554	  0.041606	  0.004134	 -0.049706	  0.035196	 -0.009894
 -0.053821	 -0.022265	  0.090164	  0.027953	 -0.020565	  0.037635	  0.004328
 -0.033391	 -0.024894	  0.098589	  0.047846	 -0.028706	  0.033137	  0.037841
 -0.047676	 -0.016626	  0.085571	  0.072014	 -0.039665	  0.049608	  0.049276
  0.083343	 -0.037538	  0.081776	 -0.039867	  0.026970	 -0.008364	 -0.041949
  0.072985	 -0.029018	  0.052635	 -0.038251	  0.028174	  0.005035	 -0.026048
  0.106244	  0.015264	  0.063373	 -0.068279	  0.047591	 -0.004563	 -0.019460
  0.117488	  0.000029	  0.016113	 -0.059854	  0.065677	  0.021918	 -0.047492
  0.095189	 -0.008239	  0.030304	 -0.064478	  0.045753	  0.037122	 -0.047271
  0.078401	  0.007757	  0.051621	 -0.072429	  0.048953	  0.057711	 -0.016894
  0.083976	 -0.011343	  0.032743	 -0.057700	  0.047844	  0.028950	 -0.018351
  0.083723	  0.001169	  0.008036	 -0.026975	  0.015092	  0.025370	 -0.020157
  0.067948	  0.004115	  0.009145	 -0.008318	 -0.000714	  0.042918	  0.014718
  0.004978	  0.021409	 -0.011096	  0.015819	 -0.045852	  0.013049	  0.038284
 -0.059988	 -0.007542	 -0.013472	  0.020855	 -0.063875	  0.021981	  0.080603
 -0.107121	 -0.018185	 -0.039572	  0.037390	 -0.063812	 -0.001269	  0.018709
 -0.123782	 -0.003266	 -0.044165	  0.027824	 -0.046358	 -0.030315	 -0.017084
 -0.120520	  0.013681	 -0.070994	  0.015058	 -0.051617	 -0.020179	 -0.010686
 -0.081528	  0.019192	 -0.068460	  0.041729	 -0.045218	  0.005890	  0.051461
 -0.040888	  0.015233	 -0.053477	  0.042774	 -0.000524	 -0.001047	  0.115699
 -0.044784	  0.008232	 -0.052749	  0.051548	 -0.009298	 -0.042035	  0.058588
 -0.035440	 -0.026357	 -0.028201	  0.068590	 -0.028367	 -0.046057	 -0.029026
 -0.077220	  0.001391	  0.000814	  0.051327	 -0.004515	 -0.055338	 -0.050660
 -0.103003	  0.034016	  0.035625	  0.063237	  0.034097	 -0.050777	 -0.032985
 -0.059830	  0.041175	  0.077247	  0.041064	  0.044803	 -0.055243	 -0.006948
 -0.034901	  0.023151	  0.100940	  0.024783	  0.031911	 -0.065791	 -0.041696
 -0.015294	  0.010228	  0.100465	  0.047969	  0.032133	 -0.099050	 -0.079674
 -0.003511	 -0.003519	  0.087351	  0.043503	  0.019780	 -0.108395	 -0.103969
  0.004724	 -0.002791	  0.111488	 -0.020925	  0.005336	 -0.096263	 -0.075620
  0.011154	 -0.017710	  0.108573	 -0.026468	 -0.019973	 -0.084068	 -0.016102
  0.039599	 -0.064019	  0.133882	 -0.034989	 -0.004959	 -0.101869	  0.009048
  0.041119	 -0.060313	  0.091722	 -0.026468	 -0.046739	 -0.148749	 -0.087118
  0.072288	 -0.062467	  0.083835	 -0.003788	 -0.049526	 -0.086285	 -0.136912
  0.099529	 -0.030506	  0.089980	  0.040779	 -0.024629	 -0.099114	 -0.089399
  0.027404	 -0.026769	  0.084500	  0.037421	 -0.004705	 -0.066932	 -0.042076
  0.036241	 -0.037443	  0.038033	  0.046607	  0.002041	 -0.057080	  0.006039
  0.003996	 -0.047136	  0.046712	  0.061146	 -0.004420	 -0.047641	 -0.041157
 -0.016942	 -0.046344	  0.020041	  0.068843	  0.001535	 -0.050049	 -0.046891
 -0.025652	 -0.022936	 -0.006059	  0.084998	 -0.010154	 -0.052899	 -0.034569
 -0.022136	 -0.021732	 -0.018666	  0.105143	  0.007680	 -0.022206	 -0.011478
  0.021576	 -0.030475	 -0.028992	  0.063332	  0.047591	 -0.005323	  0.013863
  0.029431	  0.006807	 -0.055346	  0.029756	  0.057378	 -0.014699	 -0.002957
  0.019517	 -0.012768	 -0.033744	  0.039163	  0.089782	 -0.053976	 -0.042456
  0.022082	 -0.018882	 -0.023924	  0.019145	  0.084999	 -0.068452	 -0.003242
  0.004693	 -0.049258	  0.003126	 -0.006164	  0.055573	 -0.033007	  0.022415
 -0.007407	 -0.052521	  0.016905	 -0.006227	  0.061211	  0.017166	  0.032329
 -0.032716	 -0.065761	 -0.011476	 -0.001634	  0.089085	 -0.000350	 -0.001278
 -0.020046	 -0.072286	 -0.047934	  0.037326	  0.076573	 -0.026577	 -0.079326
 -0.046115	 -0.107256	 -0.086927	  0.056490	  0.031404	 -0.025057	 -0.085566
 -0.066577	 -0.119482	 -0.084994	  0.051960	  0.013761	 -0.010708	 -0.036406
 -0.072278	 -0.098197	 -0.057754	  0.057852	  0.039197	  0.015741	  0.025963
 -0.061255	 -0.067377	 -0.038115	  0.053449	  0.027984	  0.005320	 -0.012681
 -0.043264	  0.004083	 -0.032413	  0.059657	  0.028427	 -0.021351	 -0.108214
 -0.034236	  0.021694	 -0.044007	  0.095419	  0.043695	 -0.040324	 -0.130260
 -0.026603	  0.032844	 -0.065546	  0.102261	  0.014838	 -0.010043	 -0.086421
 -0.025082	  0.036740	 -0.029468	  0.120949	 -0.012529	  0.046276	 -0.002070
 -0.035598	  0.023215	 -0.016892	  0.107234	  0.003245	  0.053846	  0.014211
 -0.071581	  0.007536	 -0.001055	  0.084301	  0.016169	  0.038262	 -0.048791
 -0.035788	 -0.024520	 -0.021580	  0.027348	  0.002643	 -0.018247	 -0.072864
 -0.034015	 -0.024678	 -0.000865	 -0.001223	 -0.002361	 -0.029555	 -0.033080
 -0.037594	 -0.039914	 -0.009924	  0.006316	  0.009897	 -0.024233	  0.003758
 -0.037594	 -0.009886	 -0.003525	  0.043091	  0.012431	 -0.042225	  0.029574
  0.009634	 -0.021131	 -0.003367	  0.062033	 -0.021968	 -0.044759	 -0.022659
 -0.022073	 -0.030031	 -0.005268	  0.058454	 -0.001791	 -0.065316	 -0.074955
 -0.045829	 -0.025058	 -0.043088	  0.065929	  0.016390	 -0.032310	 -0.082399
 -0.033381	 -0.039154	 -0.052971	  0.032607	  0.037074	  0.000949	 -0.047746
  0.004408	 -0.052299	 -0.037006	  0.035742	  0.005241	 -0.001364	 -0.021519
  0.020594	 -0.056227	 -0.024019	  0.004447	  0.005462	 -0.011183	 -0.058674
  0.029716	 -0.014986	 -0.048504	 -0.003440	 -0.003882	  0.015139	 -0.102101
  0.043147	 -0.004628	 -0.087085	 -0.010757	 -0.013669	 -0.016473	 -0.111983
  0.023856	  0.001486	 -0.080813	 -0.019278	  0.014363	 -0.014160	 -0.055633
  0.003204	 -0.018977	  0.002905	 -0.023680	  0.053419	 -0.012513	  0.012501
 -0.042884	 -0.010013	  0.033376	 -0.045726	  0.025735	 -0.023156	 -0.023387
 -0.023372	 -0.028131	  0.064291	 -0.047912	  0.037359	 -0.043777	 -0.098838
 -0.029295	 -0.052331	  0.111583	 -0.030839	  0.048509	 -0.068072	 -0.101816
 -0.030245	 -0.069562	  0.085134	 -0.029224	  0.071505	 -0.075516	 -0.072009
 -0.032431	 -0.062277	  0.102967	 -0.022350	  0.077365	 -0.027781	 -0.053036
 -0.031322	 -0.079445	  0.118741	 -0.012879	  0.093837	 -0.049637	 -0.045465
 -0.007914	 -0.070924	  0.112945	 -0.019024	  0.095895	 -0.063606	 -0.088575
 -0.017005	 -0.087902	  0.101542	  0.008058	  0.081198	 -0.072158	 -0.089335
 -0.023720	 -0.087427	  0.094193	  0.004574	  0.093710	 -0.060913	 -0.070362
 -0.048934	 -0.068105	  0.120642	  0.006189	  0.088832	 -0.036935	 -0.024464
 -0.032621	 -0.043335	  0.127199	  0.027158	  0.071917	 -0.043714	 -0.057692
 -0.009625	 -0.032154	  0.124918	  0.037168	  0.028110	 -0.047166	 -0.113662
 -0.010163	 -0.017425	  0.126882	  0.016674	  0.022345	 -0.062719	 -0.146636
  0.009856	 -0.018628	  0.129574	  0.058802	  0.025703	 -0.077955	 -0.120694
  0.008050	 -0.038172	  0.113040	  0.061019	  0.046134	 -0.051854	 -0.025985
  0.009254	 -0.067820	  0.077848	  0.052340	  0.054337	  0.013714	  0.005881
  0.043052	 -0.101332	  0.063785	  0.029756	  0.052500	  0.032814	 -0.062697
  0.042861	 -0.094807	  0.025743	  0.051232	  0.043441	 -0.009631	 -0.126712
  0.026739	 -0.086508	  0.014213	  0.046892	  0.054971	 -0.003549	 -0.142550
  0.064401	 -0.057050	  0.001764	  0.035806	  0.055351	  0.007505	 -0.088354
  0.044287	 -0.022999	 -0.031051	  0.040209	  0.042903	 -0.035826	 -0.041157
 -0.009561	 -0.048276	 -0.061238	  0.063078	  0.012969	 -0.068072	 -0.069253
 -0.026349	 -0.037095	 -0.036278	  0.067164	 -0.052535	 -0.107096	 -0.130545
 -0.034363	 -0.016759	 -0.037830	  0.077395	 -0.054562	 -0.128318	 -0.109513
 -0.009910	 -0.000795	 -0.059464	  0.075210	  0.020033	 -0.117770	 -0.017274
 -0.003036	 -0.028669	 -0.044577	  0.079708	  0.023232	 -0.088883	  0.029194
 -0.040730	 -0.009791	 -0.050278	  0.055571	  0.006001	 -0.089959	  0.003061
 -0.056124	  0.014472	 -0.043341	  0.072106	  0.013381	 -0.053248	 -0.013568
 -0.051499	 -0.016253	 -0.052400	  0.113664	  0.017531	 -0.030790	 -0.045117
 -0.024195	 -0.036271	 -0.046002	  0.098776	  0.029409	 -0.022301	  0.041325
 -0.029042	 -0.037412	 -0.010874	  0.063680	  0.031943	  0.035538	  0.085607
 -0.019381	 -0.031457	  0.036861	  0.041444	  0.024468	  0.047575	  0.078575
  0.001050	 -0.028353	  0.053268	  0.025543	  0.027318	  0.008804	  0.028877
 -0.013711	 -0.064557	  0.040377	  0.022787	  0.015472	 -0.010961	 -0.011002
 -0.050707	 -0.063544	  0.038349	  0.016325	  0.015345	  0.008931	 -0.011636
 -0.072342	 -0.034846	  0.065812	  0.035204	  0.031595	  0.049792	  0.024917
 -0.073672	 -0.026674	  0.022290	  0.016706	  0.061053	  0.050045	  0.011455
 -0.081528	 -0.018121	 -0.005743	  0.013095	  0.063808	  0.025180	 -0.053447
 -0.074020	  0.017767	 -0.009861	  0.010054	  0.053799	  0.022076	 -0.079706
 -0.057771	 -0.010836	  0.017697	  0.022375	  0.056365	 -0.011500	 -0.064724
 -0.019349	 -0.060915	  0.055169	  0.037358	  0.023201	  0.012257	 -0.012491
  0.018852	 -0.084006	  0.040250	  0.035552	  0.020635	  0.011180	 -0.019365
  0.049545	 -0.075580	  0.085641	  0.033398	  0.033843	  0.017800	 -0.056488
  0.073618	 -0.070956	  0.087826	  0.026683	  0.032038	 -0.024265	 -0.113440
  0.067125	 -0.098070	  0.073351	  0.022185	  0.013540	 -0.022111	 -0.109671
  0.041373	 -0.114795	  0.055327	  0.014140	  0.022440	 -0.019355	 -0.061936
  0.018915	 -0.067852	  0.070912	  0.028615	  0.003594	  0.001139	 -0.000835
  0.030001	 -0.042100	  0.063595	  0.043218	 -0.009393	 -0.022776	 -0.060384
  0.073080	 -0.067535	  0.061282	  0.070522	 -0.005656	 -0.039279	 -0.096146
  0.051034	 -0.047865	  0.087604	  0.081672	 -0.007715	 -0.042003	 -0.101435
  0.074822	 -0.030475	  0.037874	  0.097953	  0.007205	 -0.046659	 -0.037641
  0.055563	 -0.018977	  0.026281	  0.098365	 -0.006162	 -0.042985	 -0.000803
  0.049260	 -0.019325	  0.044178	  0.075780	 -0.028969	 -0.031455	 -0.022881
  0.040644	 -0.037095	  0.015036	  0.073880	 -0.029095	 -0.032659	 -0.011763
 -0.017322	 -0.054168	  0.017824	  0.065359	 -0.017154	 -0.073077	 -0.023482
 -0.022390	 -0.084323	  0.024571	  0.099632	 -0.000144	 -0.054927	 -0.038275
 -0.003701	 -0.085717	  0.006769	  0.094373	 -0.028842	 -0.018943	 -0.061176
  0.006467	 -0.062499	  0.008828	  0.123135	 -0.019086	 -0.045772	 -0.036628
  0.056197	 -0.045552	 -0.008562	  0.105048	 -0.045883	 -0.047546	 -0.025510
  0.036305	 -0.028511	 -0.013123	  0.084111	 -0.016774	 -0.015744	 -0.054017
 -0.004873	 -0.052553	 -0.013535	  0.090762	 -0.013479	 -0.001237	 -0.034632
 -0.023118	 -0.068675	  0.018267	  0.057123	 -0.007715	  0.016850	 -0.027885
 -0.005222	 -0.036747	  0.020358	  0.070110	  0.007521	 -0.031550	 -0.033967
  0.030793	 -0.018692	 -0.011254	  0.095609	  0.035871	 -0.052361	 -0.042424
  0.028924	 -0.006718	 -0.031336	  0.111256	  0.033843	 -0.048085	 -0.020062
  0.048880	  0.018844	 -0.036690	  0.086170	  0.031119	 -0.052266	 -0.055094
  0.063482	  0.006078	 -0.030133	  0.082939	  0.008567	 -0.041370	 -0.083127
  0.043052	 -0.044190	 -0.028676	  0.129691	 -0.007429	 -0.032057	 -0.045560
  0.032852	 -0.061802	 -0.029626	  0.159498	 -0.048544	 -0.044759	 -0.025130
  0.040708	 -0.064336	  0.002556	  0.149140	 -0.020068	 -0.053374	 -0.017433
  0.051382	 -0.051571	 -0.033712	  0.156900	 -0.021968	 -0.024930	 -0.040207
  0.034689	 -0.001745	 -0.009544	  0.169792	 -0.023362	  0.002374	 -0.068651
  0.033834	 -0.015176	 -0.018508	  0.137705	 -0.016394	 -0.002472	 -0.072643
 -0.016878	 -0.030475	 -0.033110	  0.093582	  0.004607	 -0.011310	 -0.071724
 -0.023055	 -0.019547	  0.002525	  0.071536	  0.020413	 -0.021351	 -0.070425
  0.000765	 -0.039122	  0.020136	  0.072011	  0.033305	  0.007094	 -0.058484
 -0.022200	 -0.052553	  0.068663	  0.085726	  0.046229	  0.020049	 -0.035487
 -0.018145	 -0.063195	  0.085324	  0.052910	  0.030042	  0.001455	 -0.072199
 -0.010100	 -0.024266	  0.066192	  0.028806	  0.010182	 -0.006400	 -0.104096
 -0.021566	  0.016373	  0.075726	  0.001121	  0.009073	 -0.010043	 -0.105458
 -0.027901	  0.005287	  0.087541	 -0.015572	  0.017816	 -0.001142	 -0.046732
 -0.023435	  0.013047	  0.092989	 -0.011961	  0.025386	  0.007474	 -0.056361
 -0.038829	  0.003988	  0.111139	 -0.012531	  0.004100	  0.011021	 -0.072706
 -0.051563	 -0.001872	  0.148136	 -0.002870	  0.025101	  0.003103	 -0.083127
 -0.020141	 -0.001492	  0.163372	  0.030231	  0.014458	 -0.011880	 -0.073593
 -0.050137	 -0.007288	  0.139710	  0.064092	  0.006223	  0.005700	 -0.044293
 -0.026476	 -0.004533	  0.147502	  0.048571	 -0.012751	  0.005542	 -0.054588
 -0.007566	 -0.023791	  0.170910	  0.045688	  0.005906	  0.031452	 -0.027093
 -0.019095	 -0.013624	  0.155326	  0.071884	 -0.001601	  0.017895	 -0.025035
 -0.023562	 -0.016348	  0.107908	  0.067418	 -0.037078	  0.031230	 -0.058895
 -0.026507	 -0.005673	  0.058875	  0.078219	 -0.042747	  0.041240	 -0.063900
 -0.018494	 -0.025850	  0.030335	  0.059499	 -0.075911	  0.047511	 -0.037515
 -0.008104	 -0.018755	  0.009176	  0.074418	 -0.093808	  0.032909	 -0.034537
  0.020024	 -0.007320	 -0.015214	  0.100804	 -0.101030	  0.020682	 -0.022152
  0.023476	 -0.016759	 -0.043658	  0.082305	 -0.085192	  0.015678	 -0.055760
  0.043337	 -0.011755	 -0.057342	  0.055286	 -0.066662	 -0.003074	 -0.098300
  0.037762	 -0.008460	 -0.023449	  0.039575	 -0.072902	 -0.018278	 -0.100073
  0.063070	 -0.004564	 -0.015024	  0.023167	 -0.099636	 -0.001237	 -0.073466
  0.085528	  0.012572	  0.016620	  0.003180	 -0.102772	  0.009913	 -0.045275
  0.056292	  0.000409	  0.006801	  0.027602	 -0.070305	  0.012162	  0.013799
  0.052459	 -0.010836	 -0.011064	  0.061780	 -0.103469	 -0.022238	  0.027166
  0.070166	  0.021378	  0.005059	  0.061209	 -0.101568	 -0.029555	  0.017727
  0.058857	  0.022866	  0.008036	  0.070332	 -0.079617	 -0.028224	  0.033596
  0.063292	  0.029962	  0.000402	  0.083192	 -0.076893	 -0.018088	  0.034768
  0.045015	  0.030944	  0.013643	  0.076287	 -0.078034	 -0.001617	  0.017600
  0.015209	  0.012730	  0.009335	  0.071757	 -0.073187	  0.033733	  0.027641
 -0.024068	  0.048143	  0.028087	  0.081735	 -0.053137	  0.031420	  0.050068
 -0.020236	  0.051438	  0.037652	  0.087437	 -0.038281	  0.032022	  0.045760
 -0.006552	  0.038799	  0.038001	  0.082812	 -0.039707	  0.051471	  0.037207
  0.000258	  0.040795	  0.042879	  0.052024	 -0.038376	  0.010705	  0.022732
 -0.007914	  0.076588	  0.007751	  0.034539	 -0.005972	  0.008646	  0.033280
  0.004281	  0.103195	  0.009145	  0.029407	  0.016010	 -0.018278	  0.006799
  0.032979	  0.096638	  0.033060	  0.067069	  0.013635	 -0.022016	  0.014274
 -0.002308	  0.082194	  0.063658	  0.020792	  0.031690	 -0.032025	 -0.003337
 -0.019444	  0.066483	  0.036829	 -0.015033	  0.020603	  0.007569	 -0.025478
  0.010268	  0.024102	  0.045508	 -0.048894	 -0.000683	 -0.007477	 -0.026460
  0.040676	  0.003925	  0.063911	 -0.029921	  0.010816	 -0.018025	 -0.005333
  0.057971	 -0.000732	  0.036639	  0.009452	  0.005051	 -0.006020	  0.019089
  0.033296	  0.055555	 -0.001435	  0.017022	 -0.000398	 -0.004816	  0.037429
  0.040676	  0.071678	  0.002081	  0.024466	 -0.023077	  0.012288	  0.039425
  0.084166	  0.064298	  0.024982	  0.053227	  0.006223	  0.008266	  0.047597
  0.098293	  0.074022	  0.021973	  0.069888	  0.038151	  0.021949	  0.037968
  0.078655	  0.069841	  0.012851	  0.034729	  0.016295	  0.003039	  0.031126
  0.088727	  0.026857	 -0.000263	 -0.005784	  0.012938	 -0.002251	  0.043701
  0.073016	  0.032211	 -0.021485	  0.009737	 -0.018547	  0.020936	  0.015763
  0.057242	  0.028885	  0.005439	  0.012905	 -0.002076	  0.022773	 -0.004762
  0.079953	  0.023785	  0.043449	 -0.013038	 -0.000366	  0.020746	 -0.037926
  0.073111	  0.045007	  0.037938	 -0.020703	 -0.032136	  0.006682	 -0.039985
  0.086067	  0.055555	 -0.014707	  0.025195	 -0.002488	 -0.019387	 -0.082810
  0.086035	  0.062302	 -0.030354	  0.049109	  0.020413	 -0.034433	 -0.059529
  0.062849	  0.044817	 -0.007612	  0.093677	  0.014712	 -0.052361	 -0.041537
  0.038269	  0.036804	  0.022987	  0.129723	 -0.012339	 -0.010866	 -0.036406
  0.008209	  0.032084	  0.030050	  0.144927	 -0.006701	  0.016311	 -0.009260
 -0.020394	  0.022835	  0.041992	  0.159815	 -0.017977	  0.016280	 -0.015437
 -0.028060	 -0.005736	  0.031001	  0.160163	 -0.033847	  0.025085	  0.004202
 -0.008072	  0.027871	  0.012249	  0.162475	 -0.106668	  0.033733	  0.037081
 -0.027743	  0.002626	 -0.004286	  0.161525	 -0.087885	  0.074055	  0.050701
 -0.026951	 -0.023791	  0.005850	  0.132637	 -0.060707	  0.048335	  0.038379
 -0.019539	 -0.052553	  0.014815	  0.126207	 -0.060391	  0.029710	  0.043036
 -0.031797	 -0.035131	  0.018426	  0.116261	 -0.013131	  0.021094	  0.060457
 -0.046273	 -0.061390	  0.051431	  0.094944	 -0.004009	  0.011813	  0.022130
 -0.035567	 -0.033136	  0.075409	  0.098586	 -0.011959	  0.045706	  0.019596
  0.002665	  0.012699	  0.068219	  0.094278	 -0.013860	  0.013619	  0.016713
  0.019738	  0.002404	  0.041549	  0.086866	 -0.002298	  0.004053	  0.008795
  0.032504	 -0.020877	  0.033598	  0.077459	  0.008091	 -0.027116	  0.008636
