:RUN-3	LEVEL SWEEP	TEMP:NaN	8/27/2019	3:16 PM	HR:-636.36:SW EAR: R	SW FREQ: 11.30	# AVERAGES: 512	REP RATE (/sec): 80	DRIVER: 	SAMPLE (µsec): 40	MASKER dB: 2147483647:NOTES-:CHAMBER-SEWELL-PXI1:CFTS Version: V2.7.2 (R850):LEVELS:20;30;40;50;60;70;80;:DATA  0.006376	  0.005949	  0.051669	 -0.041518	  0.082107	 -0.053723	 -0.080509
  0.029531	  0.036642	  0.049895	 -0.029704	  0.071021	 -0.015934	 -0.077532
  0.051957	  0.009813	  0.077231	 -0.013327	  0.018820	  0.000759	 -0.083455
  0.070392	  0.019411	  0.042578	  0.012710	  0.034848	  0.002596	 -0.099198
  0.066496	  0.036705	  0.036053	 -0.010920	  0.021924	  0.008772	 -0.079020
  0.083506	  0.000627	  0.029813	  0.038367	 -0.001484	  0.040384	 -0.083582
  0.082049	 -0.013817	 -0.016148	 -0.001322	 -0.028155	  0.038072	 -0.056879
  0.049170	  0.023592	  0.033804	 -0.006454	 -0.042377	  0.009406	 -0.044083
  0.002544	  0.034076	  0.011061	 -0.000309	  0.016856	 -0.009251	 -0.025014
 -0.007022	  0.016655	  0.008749	  0.006628	  0.024680	 -0.033831	 -0.039078
 -0.015765	 -0.031587	 -0.013867	  0.002257	  0.004313	 -0.050239	 -0.036132
 -0.041073	 -0.035008	 -0.009306	  0.003334	 -0.010036	 -0.045012	 -0.061662
 -0.059413	 -0.021514	 -0.031986	 -0.008449	 -0.031164	 -0.042320	 -0.086654
 -0.059477	 -0.043370	 -0.017193	 -0.021911	 -0.020648	 -0.093539	 -0.092134
 -0.050259	 -0.041659	 -0.014374	 -0.021341	 -0.047888	 -0.059234	 -0.031951
 -0.047408	 -0.018473	 -0.036420	  0.003777	 -0.038766	 -0.016473	  0.049771
 -0.041200	  0.000089	 -0.052321	  0.002257	 -0.036010	  0.018053	  0.116004
 -0.048422	  0.006677	 -0.052575	  0.003334	 -0.023720	  0.043172	  0.210175
 -0.057323	  0.015546	 -0.038733	  0.036308	 -0.013901	  0.102278	  0.271182
 -0.014656	 -0.000355	 -0.057928	  0.046286	  0.019580	  0.156063	  0.329750
  0.004697	 -0.024460	 -0.045004	  0.064309	  0.040708	  0.198761	  0.380177
  0.007041	 -0.045112	 -0.000374	  0.076472	  0.046821	  0.197019	  0.369565
 -0.035879	 -0.079923	  0.020595	  0.098518	  0.046567	  0.211494	  0.327342
 -0.023620	 -0.065638	  0.071339	  0.081572	  0.083184	  0.209499	  0.293450
 -0.037811	 -0.084801	  0.038619	  0.049295	  0.106814	  0.202340	  0.236086
 -0.043702	 -0.090091	  0.020342	  0.068046	  0.130602	  0.173104	  0.190410
 -0.038318	 -0.071371	  0.046126	  0.081984	  0.148657	  0.170950	  0.159653
 -0.046173	 -0.042705	  0.051764	  0.078246	  0.152806	  0.170697	  0.147648
 -0.071482	 -0.038555	  0.055660	  0.066114	  0.136050	  0.170000	  0.141757
 -0.072939	 -0.039157	  0.051732	  0.036403	  0.130317	  0.164235	  0.205741
 -0.095333	 -0.032125	  0.048786	  0.018190	  0.116126	  0.176145	  0.287210
 -0.048802	 -0.031618	  0.024998	  0.038177	  0.075329	  0.243835	  0.377136
 -0.095618	 -0.005423	  0.029243	  0.014705	  0.106972	  0.348300	  0.446600
 -0.069043	 -0.003364	  0.054139	  0.039792	  0.162024	  0.417511	  0.533707
 -0.039616	  0.030212	  0.065289	  0.050593	  0.230823	  0.454951	  0.632661
 -0.012122	  0.004777	  0.063452	  0.034914	  0.286286	  0.496034	  0.676119
  0.004222	  0.012505	  0.070864	  0.059748	  0.347198	  0.511713	  0.710107
  0.045875	  0.010953	  0.052112	  0.109161	  0.372000	  0.497934	  0.675802
  0.064247	  0.025682	  0.044035	  0.186069	  0.393792	  0.464454	  0.588854
  0.080623	  0.020709	  0.053696	  0.268868	  0.373425	  0.339526	  0.481062
  0.058007	 -0.003649	  0.097218	  0.253600	  0.336808	  0.238704	  0.328673
  0.069632	  0.026348	  0.170895	  0.229084	  0.230221	  0.134650	  0.132317
  0.121136	  0.037529	  0.208462	  0.171466	  0.147263	  0.045928	 -0.028467
  0.129055	  0.055647	  0.217837	  0.086038	  0.011725	 -0.053533	 -0.229415
  0.115878	  0.094228	  0.198357	  0.006628	 -0.111017	 -0.135192	 -0.383737
  0.086420	  0.090395	  0.159143	 -0.080511	 -0.238162	 -0.263477	 -0.514904
  0.081352	  0.089318	  0.092055	 -0.153649	 -0.314119	 -0.363793	 -0.645945
  0.094465	  0.097237	  0.014767	 -0.224095	 -0.381239	 -0.389513	 -0.739451
  0.093135	  0.078834	 -0.005062	 -0.305627	 -0.423874	 -0.427270	 -0.799697
  0.079388	  0.031764	 -0.031986	 -0.363625	 -0.448518	 -0.478996	 -0.830137
  0.057120	 -0.003649	 -0.092517	 -0.393399	 -0.476360	 -0.465565	 -0.814299
  0.077709	 -0.067348	 -0.149248	 -0.399640	 -0.441137	 -0.452610	 -0.771918
  0.047966	 -0.071624	 -0.190014	 -0.420989	 -0.415037	 -0.439116	 -0.701630
  0.008277	 -0.091738	 -0.245572	 -0.411866	 -0.367397	 -0.381151	 -0.575689
  0.014675	 -0.130097	 -0.260301	 -0.352760	 -0.296666	 -0.317040	 -0.464351
  0.029024	 -0.148025	 -0.191471	 -0.297265	 -0.219157	 -0.297306	 -0.278005
  0.040332	 -0.199181	 -0.199928	 -0.285988	 -0.166797	 -0.216724	 -0.018647
  0.039160	 -0.193859	 -0.179466	 -0.241643	 -0.120076	 -0.121001	  0.250118
  0.004951	 -0.207100	 -0.141519	 -0.161536	 -0.073197	 -0.006337	  0.486384
 -0.018489	 -0.174094	 -0.101988	 -0.074524	 -0.011430	  0.121473	  0.608492
 -0.031761	 -0.111852	 -0.042344	  0.003619	  0.088759	  0.245450	  0.664241
 -0.077468	 -0.099594	  0.031207	  0.030131	  0.194776	  0.346020	  0.657842
 -0.103189	 -0.087874	  0.076851	  0.119582	  0.263828	  0.404619	  0.614542
 -0.092134	 -0.073113	  0.099562	  0.138746	  0.297499	  0.483554	  0.560536
 -0.071893	 -0.059429	  0.123318	  0.230129	  0.328224	  0.534994	  0.449387
 -0.087319	 -0.048343	  0.162121	  0.298263	  0.352361	  0.519980	  0.263770
 -0.102935	 -0.014830	  0.177198	  0.275361	  0.383593	  0.397397	  0.080718
 -0.095650	 -0.003744	  0.173365	  0.271877	  0.411752	  0.303986	 -0.072337
 -0.043924	  0.033411	  0.153156	  0.261899	  0.328003	  0.196227	 -0.199767
 -0.038698	  0.024415	  0.153758	  0.287050	  0.223252	  0.049950	 -0.274045
  0.002639	 -0.016699	  0.155184	  0.294715	  0.089709	 -0.066520	 -0.331948
 -0.035182	  0.000881	  0.122241	  0.219740	  0.007829	 -0.138074	 -0.315223
 -0.033661	 -0.019455	  0.114069	  0.132981	 -0.022992	 -0.160690	 -0.288996
 -0.021783	  0.001831	  0.095222	  0.060318	 -0.040571	 -0.188438	 -0.264416
 -0.034643	  0.048203	  0.044954	 -0.017318	 -0.019697	 -0.162844	 -0.226216
 -0.040693	  0.053620	 -0.004650	 -0.078990	 -0.019571	 -0.109345	 -0.164227
 -0.071513	  0.020456	 -0.011143	 -0.087986	  0.014132	 -0.066868	 -0.133280
 -0.025267	  0.012505	 -0.044909	 -0.078008	  0.026549	  0.002976	 -0.138412
 -0.040630	  0.033411	 -0.042280	 -0.071958	  0.056957	  0.061797	 -0.108162
 -0.038666	  0.019284	 -0.016718	 -0.071040	  0.085085	  0.077540	 -0.073984
 -0.003126	  0.007849	 -0.008768	 -0.009653	  0.131204	  0.079630	 -0.072780
 -0.014434	  0.024764	  0.011409	 -0.005250	  0.169278	  0.113618	 -0.065717
  0.025445	 -0.021799	  0.026360	  0.034407	  0.172762	  0.118052	 -0.058938
  0.011444	 -0.022432	  0.018758	  0.024461	  0.142290	  0.168289	 -0.059033
 -0.009461	 -0.012360	  0.038967	  0.061395	  0.131457	  0.149981	 -0.066477
  0.003842	  0.018587	  0.068520	  0.039792	  0.130697	  0.107885	 -0.088365
  0.026458	  0.017098	  0.048691	  0.026552	  0.086573	  0.075259	 -0.140185
  0.017938	 -0.036560	  0.052492	  0.001687	  0.027531	 -0.045076	 -0.210061
  0.012521	 -0.054773	  0.034469	 -0.027866	 -0.008453	 -0.149034	 -0.227546
  0.043816	 -0.049927	  0.033519	 -0.045161	 -0.047983	 -0.198954	 -0.259791
  0.035676	 -0.018758	  0.034691	 -0.098851	 -0.107850	 -0.200950	 -0.218709
  0.021264	 -0.000576	  0.008939	 -0.132427	 -0.135851	 -0.228539	 -0.198690
  0.017843	 -0.000767	 -0.013297	 -0.173541	 -0.155426	 -0.240227	 -0.191278
  0.010494	 -0.007545	  0.014514	 -0.179338	 -0.194640	 -0.234367	 -0.191785
  0.025286	  0.005410	 -0.012252	 -0.196949	 -0.203161	 -0.190877	 -0.181585
  0.014422	  0.003541	 -0.054950	 -0.209683	 -0.229388	 -0.191542	 -0.208034
  0.004951	 -0.010681	 -0.092137	 -0.247155	 -0.238827	 -0.186569	 -0.188142
  0.008498	 -0.046886	 -0.099961	 -0.223810	 -0.220614	 -0.181976	 -0.161915
  0.014295	 -0.036496	 -0.095241	 -0.227041	 -0.174304	 -0.139215	 -0.144208
  0.018413	 -0.085340	 -0.078992	 -0.226914	 -0.117036	 -0.094711	 -0.143036
  0.021232	 -0.094177	 -0.071897	 -0.189315	 -0.126887	 -0.050460	 -0.071323
  0.018128	 -0.084104	 -0.047602	 -0.140472	 -0.115040	 -0.059076	 -0.038888
  0.004286	 -0.093353	 -0.033728	 -0.089063	 -0.075731	 -0.041021	  0.006851
 -0.038729	 -0.109825	 -0.050579	 -0.082348	 -0.046653	 -0.003423	  0.055600
 -0.063880	 -0.135545	 -0.021818	 -0.046428	  0.003394	  0.027112	  0.106439
 -0.080066	 -0.135672	  0.000798	 -0.031889	  0.036621	  0.028063	  0.168174
 -0.047725	 -0.133043	  0.007292	  0.000641	  0.077388	  0.061639	  0.219329
 -0.044431	 -0.062882	  0.023699	  0.015656	  0.102823	  0.103862	  0.279132
 -0.023525	 -0.032790	  0.050623	  0.049833	  0.138964	  0.126478	  0.353823
 -0.032394	 -0.007133	  0.066715	  0.010112	  0.161295	  0.156411	  0.400987
 -0.021023	  0.004270	  0.021767	  0.003270	  0.180776	  0.167339	  0.439061
 -0.017602	  0.005822	  0.067823	  0.038525	  0.217614	  0.128505	  0.405232
  0.002575	 -0.003681	  0.064877	  0.047964	  0.202853	  0.140732	  0.387050
  0.025445	  0.004650	  0.036370	  0.060825	  0.198356	  0.130437	  0.346379
  0.027092	  0.020044	  0.048248	  0.068110	  0.155340	  0.136741	  0.292436
  0.064089	  0.039715	  0.062533	  0.077676	  0.114004	  0.142822	  0.266526
  0.052527	  0.027805	  0.068235	  0.042770	  0.135195	  0.159135	  0.256358
 -0.018679	  0.029483	  0.037605	  0.021642	  0.120403	  0.135347	  0.188889
 -0.012027	  0.007152	  0.027120	  0.013533	  0.124299	  0.152895	  0.161047
 -0.015290	  0.001958	  0.038238	 -0.021753	  0.105135	  0.138166	  0.083316
  0.021675	  0.001672	  0.093512	 -0.042944	  0.081442	  0.095404	  0.035074
  0.003335	 -0.013753	  0.093829	 -0.081619	  0.072985	  0.069367	 -0.063563
  0.002955	 -0.010554	  0.087620	 -0.081366	  0.030476	  0.040511	 -0.201604
  0.004602	 -0.005771	  0.089679	 -0.116019	 -0.034268	 -0.006115	 -0.342876
 -0.013959	 -0.033804	  0.039094	 -0.105724	 -0.070219	 -0.014889	 -0.423521
 -0.023842	 -0.047614	 -0.003795	 -0.113168	 -0.096605	 -0.071334	 -0.496659
  0.007200	 -0.070769	 -0.006234	 -0.128847	 -0.155743	 -0.133703	 -0.603247
  0.047649	 -0.075204	 -0.013582	 -0.101797	 -0.144181	 -0.130060	 -0.660231
  0.038242	 -0.062375	 -0.036484	 -0.138635	 -0.215292	 -0.143016	 -0.711165
  0.010241	 -0.041026	 -0.046208	 -0.143766	 -0.240696	 -0.199303	 -0.759216
  0.037862	 -0.040867	 -0.040982	 -0.178261	 -0.242913	 -0.238770	 -0.805114
  0.031463	 -0.031555	 -0.045194	 -0.142183	 -0.229229	 -0.249666	 -0.786172
  0.048441	 -0.009889	 -0.050357	 -0.124159	 -0.249407	 -0.246309	 -0.800014
  0.032002	  0.010383	 -0.066258	 -0.126820	 -0.253429	 -0.256603	 -0.794249
 -0.011014	 -0.003934	 -0.055045	 -0.104679	 -0.298947	 -0.230598	 -0.779013
 -0.030430	 -0.014134	 -0.042312	 -0.043862	 -0.288811	 -0.242666	 -0.738057
 -0.043671	 -0.030858	 -0.042914	 -0.042342	 -0.274905	 -0.228222	 -0.669892
 -0.030652	 -0.059556	 -0.051118	 -0.074777	 -0.264896	 -0.195217	 -0.599731
 -0.011615	 -0.048121	 -0.056407	 -0.077945	 -0.236166	 -0.169306	 -0.525864
 -0.009651	 -0.033170	 -0.025334	 -0.022133	 -0.167906	 -0.138708	 -0.462070
  0.017178	 -0.025220	 -0.032081	 -0.036799	 -0.139272	 -0.125277	 -0.377148
  0.018476	 -0.008559	 -0.042819	 -0.043102	 -0.147887	 -0.096073	 -0.280982
  0.009765	 -0.003396	 -0.019886	 -0.036007	 -0.092012	 -0.094331	 -0.198721
 -0.011362	 -0.023794	 -0.058720	 -0.052098	 -0.047857	 -0.095629	 -0.184182
 -0.032584	 -0.014450	 -0.020329	 -0.081524	 -0.032177	 -0.058506	 -0.133090
 -0.027991	 -0.015749	  0.002889	 -0.088525	 -0.030784	 -0.096485	 -0.141357
  0.011286	 -0.041026	  0.029084	 -0.088905	  0.023635	 -0.149953	 -0.161028
 -0.001606	 -0.080398	  0.065796	 -0.107720	  0.031522	 -0.178555	 -0.198690
 -0.023905	 -0.086068	  0.059651	 -0.123748	  0.060758	 -0.211751	 -0.250511
 -0.021656	 -0.115083	  0.030858	 -0.094575	  0.044287	 -0.230471	 -0.305816
 -0.013453	 -0.080937	  0.035799	 -0.052858	  0.064464	 -0.268545	 -0.380221
 -0.010190	 -0.080082	  0.025537	 -0.049247	  0.021829	 -0.265377	 -0.402362
  0.032160	 -0.060031	  0.025948	 -0.032998	 -0.036675	 -0.268165	 -0.449178
  0.040902	 -0.034152	  0.023098	 -0.070058	 -0.063346	 -0.278744	 -0.468025
  0.042803	 -0.046632	  0.010523	 -0.091249	 -0.092646	 -0.218783	 -0.507809
  0.001625	 -0.036148	 -0.024542	 -0.088493	 -0.109655	 -0.219828	 -0.529190
 -0.016810	 -0.052841	 -0.040475	 -0.127707	 -0.160431	 -0.220462	 -0.498718
 -0.040218	 -0.054520	 -0.050104	 -0.136291	 -0.194165	 -0.255400	 -0.493492
 -0.054282	  0.005695	 -0.081811	 -0.155074	 -0.198504	 -0.223313	 -0.451459
 -0.052160	  0.013614	 -0.098852	 -0.151400	 -0.193310	 -0.229331	 -0.436160
 -0.072907	 -0.002097	 -0.111808	 -0.135721	 -0.230465	 -0.183465	 -0.442970
 -0.070310	 -0.019962	 -0.119283	 -0.154853	 -0.233854	 -0.136807	 -0.483102
 -0.081111	 -0.039252	 -0.109780	 -0.137431	 -0.193880	 -0.136459	 -0.488487
 -0.044178	 -0.047393	 -0.096128	 -0.107751	 -0.209622	 -0.101648	 -0.469070
 -0.054535	 -0.063927	 -0.077852	 -0.093624	 -0.164105	 -0.106304	 -0.461436
 -0.038856	 -0.038270	 -0.071263	 -0.079149	 -0.144245	 -0.087014	 -0.488646
 -0.020865	 -0.012455	 -0.048330	 -0.076678	 -0.143073	 -0.047483	 -0.530805
 -0.021086	 -0.009256	 -0.051339	 -0.071293	 -0.137941	 -0.072760	 -0.513131
  0.003874	 -0.005771	 -0.066385	 -0.090077	 -0.137371	 -0.072950	 -0.495582
  0.051799	 -0.007038	 -0.052480	 -0.059320	 -0.118429	 -0.025247	 -0.508506
  0.114231	 -0.060696	 -0.002528	 -0.016146	 -0.115325	 -0.017866	 -0.493112
  0.119584	 -0.057560	  0.016604	  0.001623	 -0.111682	 -0.033958	 -0.423173
  0.147775	 -0.055026	  0.012962	  0.041249	 -0.064264	 -0.046881	 -0.393905
  0.145463	 -0.037415	  0.000545	  0.021452	 -0.033096	 -0.056162	 -0.352537
  0.123100	 -0.026360	  0.025917	  0.026298	 -0.030720	 -0.057746	 -0.358302
  0.087687	 -0.043528	  0.032759	  0.034724	 -0.076871	 -0.048940	 -0.388171
  0.093040	 -0.051574	  0.028831	  0.021801	 -0.095496	 -0.077764	 -0.384085
  0.086103	 -0.028102	  0.012771	  0.023163	 -0.089510	 -0.056384	 -0.383927
  0.078533	 -0.018030	  0.000988	  0.019900	 -0.114913	 -0.017043	 -0.366506
  0.051830	 -0.029148	  0.029211	 -0.006390	 -0.115388	  0.000822	 -0.329287
  0.016196	 -0.068868	  0.002414	 -0.013834	 -0.080387	 -0.016441	 -0.328147
 -0.002144	 -0.098105	 -0.006550	 -0.036039	 -0.081591	 -0.040134	 -0.367202
  0.004064	 -0.138903	  0.021482	 -0.028151	 -0.081306	 -0.066171	 -0.368754
  0.031590	 -0.131079	 -0.001451	 -0.005662	 -0.069333	 -0.075737	 -0.389090
  0.036246	 -0.079955	 -0.016940	  0.007008	 -0.062491	 -0.087299	 -0.384402
 -0.000592	 -0.066968	 -0.033696	  0.034534	 -0.086247	 -0.094932	 -0.334197
 -0.018426	 -0.023288	 -0.014089	  0.068680	 -0.116529	 -0.072728	 -0.357320
 -0.023272	  0.015103	 -0.000279	  0.078056	 -0.176142	 -0.071176	 -0.314906
 -0.001353	  0.011017	 -0.029578	  0.035041	 -0.169268	 -0.068008	 -0.280254
  0.008150	  0.009180	 -0.018270	  0.022339	 -0.151023	 -0.085683	 -0.291625
  0.035074	  0.026443	 -0.009306	  0.038113	 -0.117986	 -0.086539	 -0.288046
  0.006471	  0.037497	 -0.019252	  0.030765	 -0.113361	 -0.120178	 -0.264289
 -0.001384	  0.061666	 -0.062901	  0.001117	 -0.098094	 -0.147577	 -0.246836
  0.035042	  0.068697	 -0.006931	 -0.007784	 -0.154096	 -0.148812	 -0.231917
  0.030006	  0.048900	  0.020437	 -0.014626	 -0.131860	 -0.142509	 -0.269959
  0.015815	  0.024162	  0.018410	 -0.001608	 -0.132937	 -0.099842	 -0.241103
 -0.017539	  0.007532	  0.015401	  0.001813	 -0.105189	 -0.095028	 -0.233279
 -0.049087	 -0.025568	  0.009477	 -0.016622	 -0.081623	 -0.151473	 -0.250669
 -0.053173	 -0.028229	 -0.028565	 -0.009051	 -0.088116	 -0.170288	 -0.247406
 -0.009873	 -0.022623	 -0.044276	 -0.005757	 -0.112348	 -0.178112	 -0.196536
 -0.012597	 -0.023636	 -0.004111	 -0.019567	 -0.144086	 -0.192429	 -0.224347
 -0.019059	  0.010447	 -0.008356	 -0.020803	 -0.166797	 -0.172632	 -0.196631
 -0.034833	  0.013456	  0.001558	 -0.033536	 -0.127330	 -0.192081	 -0.139489
 -0.031001	  0.007881	 -0.000976	 -0.040030	 -0.115800	 -0.191067	 -0.124126
 -0.026091	  0.021058	 -0.012347	 -0.043292	 -0.075889	 -0.177162	 -0.076265
 -0.023430	  0.012949	 -0.028058	 -0.033505	 -0.030404	 -0.133671	 -0.043544
 -0.015923	  0.045448	 -0.004175	 -0.055424	 -0.003986	 -0.118752	  0.017969
 -0.022955	  0.027710	 -0.005600	 -0.032776	  0.031743	 -0.107223	  0.050912
  0.003937	  0.004682	  0.049958	 -0.020423	  0.038839	 -0.087552	  0.105932
 -0.021371	  0.007722	  0.067538	 -0.000911	  0.035228	 -0.022681	  0.147711
 -0.056119	 -0.015939	  0.073240	 -0.012155	  0.038997	 -0.017106	  0.188604
 -0.097804	  0.009243	  0.048913	  0.016732	  0.074473	  0.019605	  0.202953
 -0.089093	 -0.007228	  0.003649	  0.042675	  0.071971	  0.026289	  0.232475
 -0.045796	 -0.021061	 -0.020792	 -0.013375	 -0.039133	  0.014027	  0.038333
 -0.064136	  0.008936	 -0.056521	 -0.008085	 -0.009612	  0.006647	  0.051890
 -0.066417	  0.010868	 -0.064599	 -0.006343	  0.001031	  0.026064	  0.027215
 -0.037719	 -0.023563	 -0.033874	 -0.000261	 -0.007458	  0.013774	  0.030098
 -0.024004	 -0.055809	  0.010409	  0.009875	 -0.032798	  0.013362	  0.006563
 -0.013202	 -0.009721	 -0.002230	  0.038129	 -0.061464	  0.026983	  0.024238
 -0.022958	 -0.016373	 -0.026905	  0.039238	 -0.061718	 -0.015621	  0.002794
  0.002572	 -0.012730	 -0.031878	  0.024224	 -0.070238	 -0.014132	 -0.082603
  0.036275	 -0.002372	 -0.032955	 -0.001687	 -0.052247	  0.014534	  0.145333
  0.057497	  0.042797	  0.005150	 -0.023448	 -0.084271	 -0.138964	 -0.250165
  0.045777	  0.055118	  0.028527	 -0.006976	  0.005909	  0.072943	  0.401871
  0.000830	  0.040928	  0.026436	 -0.054173	 -0.069130	 -0.191260	 -0.473128
 -0.015800	  0.023696	  0.027006	 -0.051259	  0.086934	  0.146304	  0.449289
  0.004156	  0.012547	  0.002078	 -0.073146	  0.026498	 -0.146725	 -0.505753
 -0.022483	  0.012737	  0.031441	 -0.047236	  0.078699	  0.109624	  0.267378
 -0.031099	  0.004058	  0.014336	 -0.013502	  0.031249	 -0.031585	 -0.232079
  0.002287	 -0.013047	  0.026753	  0.009558	  0.046992	 -0.001810	 -0.108323
  0.059809	 -0.018812	  0.016744	  0.063343	  0.107809	  0.094958	  0.156958
  0.069787	 -0.008739	  0.024694	  0.053112	  0.022158	 -0.139249	 -0.410854
  0.064624	 -0.029455	  0.056179	  0.062012	  0.080789	  0.140127	  0.460945
  0.027976	 -0.025052	  0.024821	  0.003951	 -0.063618	 -0.259172	 -0.614748
 -0.019221	 -0.031957	  0.016047	  0.032269	  0.059314	  0.121787	  0.552202
  0.010776	 -0.085647	 -0.050915	 -0.016257	 -0.084682	 -0.266267	 -0.593209
  0.014292	 -0.065406	 -0.011194	 -0.012551	 -0.028554	  0.116655	  0.483245
  0.015686	 -0.064234	 -0.017054	 -0.031715	 -0.094058	 -0.157526	 -0.440692
 -0.024922	 -0.069144	  0.033025	  0.003698	 -0.057727	  0.029453	  0.125916
 -0.044117	 -0.053972	  0.061659	  0.019853	 -0.064125	  0.002656	 -0.108513
 -0.023465	 -0.063759	  0.079271	  0.042279	 -0.065234	 -0.055310	 -0.226947
 -0.034837	 -0.046940	  0.077845	  0.062836	 -0.013381	  0.115610	  0.262880
 -0.029325	 -0.074149	  0.072904	  0.055867	 -0.074863	 -0.123475	 -0.507401
 -0.009528	 -0.098539	  0.123046	  0.078769	  0.049368	  0.206645	  0.528382
 -0.014628	 -0.082131	  0.116933	  0.003160	 -0.041921	 -0.143019	 -0.599671
 -0.023687	 -0.075067	  0.115539	  0.002748	  0.052503	  0.222324	  0.602946
 -0.030434	 -0.075036	  0.083293	 -0.046602	 -0.041002	 -0.112832	 -0.501319
 -0.030275	 -0.043994	  0.100398	 -0.008750	  0.047752	  0.200943	  0.423790
 -0.000184	 -0.037374	  0.103376	 -0.016954	 -0.033432	 -0.036336	 -0.267745
  0.026233	 -0.023817	  0.097294	 -0.012773	 -0.041826	  0.059165	  0.100100
  0.041849	 -0.014472	  0.083674	  0.016368	 -0.019811	  0.063568	  0.057750
  0.073651	  0.002981	  0.081931	  0.005662	 -0.040464	 -0.040866	 -0.286402
  0.089267	 -0.000409	  0.052378	  0.045636	  0.001506	  0.173133	  0.338457
  0.095792	 -0.015518	  0.050858	  0.052731	 -0.093520	 -0.146693	 -0.585290
  0.062818	 -0.057361	  0.007019	  0.077248	  0.031566	  0.211903	  0.522047
  0.038238	 -0.046940	 -0.009959	  0.021975	 -0.101882	 -0.186667	 -0.631061
  0.017206	 -0.036487	 -0.015090	  0.080859	 -0.003720	  0.139335	  0.546691
  0.002635	 -0.054542	 -0.031973	  0.016337	 -0.082687	 -0.181853	 -0.515889
 -0.004080	 -0.045894	 -0.052119	  0.051781	  0.006067	  0.120710	  0.312768
 -0.006297	 -0.034428	 -0.060861	  0.019631	 -0.027002	 -0.025725	 -0.185959
  0.000672	 -0.015613	 -0.060608	  0.015006	 -0.011829	  0.028566	  0.018980
 -0.003446	 -0.005508	 -0.039385	  0.020264	  0.000271	  0.063979	  0.230761
 -0.001672	 -0.029328	 -0.022217	 -0.002067	 -0.073026	 -0.117045	 -0.300402
  0.019898	 -0.064868	 -0.018891	 -0.006755	 -0.018196	  0.182667	  0.509029
  0.016794	 -0.051089	 -0.044390	 -0.006090	 -0.122534	 -0.121891	 -0.534736
  0.000101	 -0.052388	 -0.023072	  0.050102	  0.048956	  0.276077	  0.603706
 -0.018555	 -0.065977	 -0.002990	 -0.004252	 -0.080723	 -0.138996	 -0.548325
  0.048153	 -0.090271	  0.025486	 -0.022624	  0.049938	  0.188463	  0.552741
  0.033487	 -0.107503	 -0.023579	 -0.094210	 -0.006476	 -0.093985	 -0.423208
 -0.000437	 -0.096385	 -0.014678	 -0.058227	  0.045123	  0.092646	  0.243241
 -0.026189	 -0.082194	  0.006037	  0.000562	  0.046105	 -0.008525	 -0.092105
 -0.014913	 -0.048238	  0.013766	  0.028341	  0.016140	 -0.031205	 -0.127740
 -0.019917	 -0.037342	 -0.016896	  0.046301	  0.034702	  0.135882	  0.273871
  0.015781	 -0.021219	 -0.016547	  0.022767	 -0.054147	 -0.110868	 -0.482155
 -0.003320	  0.003329	  0.028685	  0.052827	  0.046675	  0.180576	  0.471145
 -0.033411	 -0.013142	  0.042274	 -0.002479	 -0.090859	 -0.177798	 -0.654437
 -0.021976	 -0.055587	  0.028115	  0.024731	  0.029032	  0.218270	  0.514097
  0.010934	 -0.086946	 -0.001090	 -0.017239	 -0.089814	 -0.143969	 -0.608001
  0.039664	 -0.089480	  0.006734	  0.036260	 -0.040527	  0.171200	  0.385463
  0.040899	 -0.100249	  0.018707	 -0.020280	 -0.145372	 -0.054581	 -0.377183
  0.023098	 -0.090430	  0.014051	 -0.012615	 -0.120824	  0.103954	  0.114544
 -0.021026	 -0.049220	  0.000051	 -0.021642	 -0.121457	  0.065563	  0.024618
 -0.045448	 -0.058343	 -0.010054	 -0.036086	 -0.150440	 -0.003046	 -0.208987
 -0.025081	 -0.103068	  0.015382	 -0.023416	 -0.030708	  0.203256	  0.377703
 -0.037054	 -0.079724	  0.030269	 -0.012551	 -0.088135	 -0.103076	 -0.503251
  0.005645	 -0.081941	  0.059664	  0.024097	  0.048354	  0.230401	  0.567184
  0.003396	 -0.091824	  0.019278	 -0.017778	 -0.052659	 -0.136842	 -0.563878
  0.000735	 -0.109055	 -0.014963	 -0.003175	  0.070970	  0.268539	  0.623567
  0.008242	 -0.110480	 -0.032195	 -0.047236	 -0.013286	 -0.073523	 -0.415479
 -0.032524	 -0.100186	 -0.030643	  0.011427	  0.065649	  0.207912	  0.482421
 -0.062362	 -0.091158	 -0.067766	 -0.031430	  0.006986	  0.011050	 -0.105979
 -0.081019	 -0.130753	 -0.060132	 -0.002194	  0.029539	  0.051183	  0.128006
 -0.066195	 -0.141966	 -0.050471	  0.024762	  0.032326	  0.070726	  0.235037
 -0.086721	 -0.131798	  0.002648	  0.033188	 -0.015757	 -0.047549	 -0.219820
 -0.074399	 -0.141744	  0.019024	  0.025491	  0.050698	  0.182572	  0.505829
 -0.080132	 -0.131101	 -0.012968	  0.016178	 -0.060863	 -0.178463	 -0.504550
 -0.044402	 -0.114123	 -0.008533	  0.073257	  0.052092	  0.169395	  0.612227
 -0.033696	 -0.108611	 -0.040272	  0.044876	 -0.073913	 -0.218945	 -0.587792
 -0.014754	 -0.101358	 -0.051517	  0.081366	  0.027195	  0.168666	  0.538170
 -0.000817	 -0.105634	 -0.069002	  0.016622	 -0.109801	 -0.125724	 -0.405058
 -0.001292	 -0.103353	 -0.026493	  0.035912	 -0.071284	  0.111682	  0.319420
  0.000386	 -0.075764	 -0.021013	  0.032396	 -0.122344	 -0.023571	 -0.126061
 -0.006962	 -0.065596	 -0.036914	  0.045003	 -0.079963	 -0.005960	 -0.050484
  0.016636	 -0.065026	 -0.034856	  0.066637	 -0.085284	  0.131543	  0.266554
  0.020912	 -0.073642	 -0.057440	  0.056437	 -0.135585	 -0.108651	 -0.348264
  0.054044	 -0.071551	 -0.026968	  0.127263	 -0.037835	  0.191346	  0.552139
  0.038207	 -0.076303	 -0.013221	  0.094860	 -0.150155	 -0.167060	 -0.534641
  0.047488	 -0.083493	  0.001128	  0.170754	 -0.017911	  0.223148	  0.680107
  0.074760	 -0.115707	  0.018359	  0.102842	 -0.122249	 -0.177323	 -0.489821
  0.075299	 -0.113394	  0.041799	  0.141454	 -0.010816	  0.167843	  0.564650
  0.059524	 -0.095181	  0.010662	  0.084407	 -0.103909	 -0.114859	 -0.261568
  0.035039	 -0.075289	  0.032233	  0.119693	 -0.019970	  0.028503	  0.254201
 -0.011017	 -0.118114	  0.015667	  0.091882	 -0.040242	 -0.019865	  0.040741
 -0.085232	 -0.104652	  0.012119	  0.119535	 -0.062383	 -0.061645	 -0.101038
 -0.079404	 -0.065691	  0.030332	  0.161536	  0.021557	  0.137846	  0.391893
 -0.036167	 -0.021853	  0.022920	  0.123938	 -0.081547	 -0.106877	 -0.406451
  0.005454	 -0.011020	  0.043446	  0.121657	  0.013036	  0.223845	  0.610801
  0.032315	 -0.024704	  0.013354	  0.059383	 -0.087185	 -0.131046	 -0.542402
  0.042420	 -0.019889	 -0.023769	  0.071071	  0.026055	  0.249945	  0.637979
  0.015401	 -0.047922	 -0.024434	  0.013074	 -0.092570	 -0.105008	 -0.495776
  0.030795	 -0.024133	 -0.008407	  0.034486	  0.015792	  0.168698	  0.435162
  0.067285	 -0.008042	 -0.046860	 -0.008560	 -0.099918	 -0.053283	 -0.259921
  0.059112	  0.036873	 -0.034951	 -0.034661	 -0.055478	  0.063821	  0.054203
  0.042926	  0.034403	 -0.014140	 -0.025095	  0.006701	  0.112126	  0.100449
  0.024365	  0.053439	 -0.021235	 -0.048503	 -0.014553	  0.014946	 -0.236260
  0.020785	  0.042797	 -0.014678	 -0.063137	  0.065395	  0.228881	  0.438931
 -0.004365	  0.055562	 -0.038942	 -0.084613	 -0.038753	 -0.102284	 -0.486368
 -0.006836	  0.000890	 -0.036883	 -0.037733	  0.055513	  0.235723	  0.605258
  0.007355	 -0.044374	 -0.051738	 -0.063200	 -0.061908	 -0.140770	 -0.535497
  0.016192	 -0.068447	 -0.025131	 -0.028927	  0.023394	  0.172024	  0.450968
 -0.001166	 -0.019445	 -0.034412	 -0.048028	 -0.060577	 -0.076469	 -0.311077
 -0.005220	  0.010298	 -0.060354	  0.020454	 -0.028807	  0.084252	  0.155976
  0.037573	 -0.007124	 -0.039543	  0.041994	 -0.092886	  0.047096	 -0.010827
  0.033614	 -0.032116	 -0.033684	  0.046967	 -0.098271	  0.075858	  0.054393
  0.017301	 -0.045514	 -0.026652	  0.051369	 -0.090004	  0.118429	  0.102729
 -0.012727	 -0.042568	 -0.039575	  0.031034	 -0.091461	  0.043454	 -0.032207
 -0.005759	 -0.042537	 -0.028457	  0.027676	 -0.096909	  0.068097	  0.106277
 -0.004998	 -0.027238	  0.002616	  0.018902	 -0.088452	  0.064455	  0.014545
  0.004504	 -0.028188	  0.002680	  0.048519	 -0.081705	  0.062111	  0.084389
 -0.051308	 -0.032527	 -0.006855	  0.066922	 -0.061338	  0.080957	  0.067823
 -0.047158	 -0.037849	  0.056559	  0.068316	 -0.034889	  0.058183	  0.032505
 -0.042882	 -0.036930	  0.044301	  0.056881	 -0.050948	  0.058658	  0.063104
 -0.040475	 -0.107566	  0.018739	  0.039586	 -0.055699	  0.079912	  0.060411
 -0.034456	 -0.100946	 -0.010941	  0.058053	 -0.045943	  0.100121	  0.098390
 -0.052765	 -0.079597	 -0.014583	  0.057895	 -0.069447	  0.101641	  0.129875
 -0.054285	 -0.106077	 -0.026462	  0.028341	 -0.074356	  0.118049	  0.133581
 -0.033158	 -0.109182	 -0.042046	  0.032143	 -0.068876	  0.084442	  0.118504
 -0.037276	 -0.099299	 -0.051865	  0.023622	 -0.121236	  0.084347	  0.098136
 -0.049914	 -0.090557	 -0.033177	  0.036545	 -0.145816	  0.072468	  0.080493
 -0.059923	 -0.104240	 -0.051010	  0.024255	 -0.129250	  0.087102	  0.096774
 -0.075666	 -0.126350	 -0.055413	  0.010192	 -0.108027	  0.104524	  0.131586
 -0.053081	 -0.108643	 -0.077490	 -0.033584	 -0.063903	  0.097745	  0.089901
 -0.028565	 -0.097557	 -0.064915	 -0.031493	 -0.035744	  0.115864	  0.100354
 -0.064200	 -0.120078	 -0.064314	  0.020486	  0.012783	  0.123719	  0.054456
 -0.069489	 -0.101326	 -0.024371	  0.036292	  0.030521	  0.143865	  0.073715
 -0.045638	 -0.064044	 -0.012714	  0.035088	  0.018864	  0.151942	  0.066588
 -0.054095	 -0.093502	 -0.022914	  0.034201	  0.044078	  0.145322	  0.061551
 -0.030655	 -0.065977	 -0.004162	  0.038224	  0.022317	  0.119538	  0.042008
 -0.026189	 -0.069683	  0.011137	  0.076393	  0.020860	  0.141806	  0.021070
 -0.012759	 -0.048017	 -0.000678	  0.086086	  0.008253	  0.147317	  0.018885
  0.008179	 -0.012382	  0.005119	  0.090837	 -0.027698	  0.106678	  0.002509
 -0.009686	 -0.011273	  0.006196	  0.072212	 -0.078537	  0.071328	  0.024555
 -0.048299	 -0.049094	  0.002173	  0.068696	 -0.048573	  0.043105	  0.017966
 -0.065118	 -0.031672	  0.011929	  0.067397	 -0.037454	  0.041965	 -0.024320
 -0.058371	 -0.026509	  0.029730	  0.108828	 -0.056903	  0.025937	 -0.034868
 -0.057389	 -0.010830	  0.050034	  0.109177	 -0.057125	  0.025494	 -0.009148
 -0.032493	 -0.019287	 -0.010656	  0.088144	 -0.038246	  0.019982	  0.021546
 -0.013297	 -0.001802	  0.012499	  0.072529	 -0.057093	 -0.002159	  0.052967
  0.002604	 -0.007599	  0.043763	  0.062297	 -0.087280	  0.003575	  0.051352
 -0.025144	 -0.002309	  0.039360	  0.067872	 -0.089529	 -0.002444	  0.021894
 -0.027139	  0.003487	  0.023966	  0.058845	 -0.071505	  0.015770	  0.016668
 -0.032904	 -0.018590	  0.028939	  0.093086	 -0.087311	  0.014281	  0.023541
 -0.012537	 -0.026002	  0.037744	  0.101131	 -0.074831	  0.017132	  0.031555
 -0.008071	 -0.038039	  0.013576	  0.074366	 -0.076827	  0.030689	  0.036211
  0.014292	 -0.049252	 -0.014108	  0.068474	 -0.077112	  0.052196	  0.085086
  0.007038	 -0.074307	 -0.012271	  0.061759	 -0.053609	  0.052861	  0.055248
  0.016541	 -0.073325	  0.037111	  0.023337	 -0.072139	  0.038893	  0.041976
  0.013088	 -0.044247	  0.010282	  0.003571	 -0.075655	  0.057676	  0.034216
  0.018061	 -0.073135	  0.003693	  0.012345	 -0.039133	  0.065246	  0.058004
  0.025410	 -0.070443	 -0.016769	  0.023495	 -0.028585	  0.059481	  0.041564
  0.019550	 -0.107661	 -0.031561	  0.042880	 -0.045943	  0.047318	  0.069312
 -0.007311	 -0.089416	 -0.032860	  0.031382	 -0.074198	  0.066830	  0.097756
 -0.007596	 -0.074212	 -0.075780	 -0.006976	 -0.041192	  0.097745	  0.150844
  0.028609	 -0.059831	 -0.062445	 -0.007452	 -0.004766	  0.127298	  0.173777
  0.025537	 -0.095466	 -0.071631	 -0.001782	  0.004452	  0.134140	  0.194683
  0.022179	 -0.049854	 -0.092378	  0.022830	  0.007398	  0.127425	  0.173524
  0.008147	 -0.022360	 -0.108089	  0.003730	  0.001253	  0.089953	  0.136970
  0.008970	 -0.067624	 -0.081513	 -0.013660	  0.004895	  0.056251	  0.125314
 -0.002369	 -0.077126	 -0.067006	 -0.004094	  0.005751	  0.047445	  0.122051
  0.034849	 -0.076746	 -0.068273	  0.012947	 -0.009644	  0.051626	  0.099594
  0.058004	 -0.037564	 -0.076604	  0.045668	 -0.034065	  0.064645	  0.035261
  0.046949	 -0.042188	 -0.045245	  0.017762	 -0.041541	  0.080356	  0.010934
  0.025315	 -0.026066	 -0.026715	 -0.015434	 -0.042649	  0.086881	  0.023129
  0.027120	 -0.003830	 -0.012841	 -0.033267	 -0.071505	  0.050359	  0.001400
  0.067063	  0.014954	  0.012594	 -0.024620	 -0.088800	  0.017227	  0.029559
  0.068330	  0.021606	  0.014970	 -0.004633	 -0.112525	 -0.005136	  0.071909
  0.026677	 -0.011875	  0.008571	  0.004933	 -0.059437	  0.022865	  0.072733
  0.007070	 -0.057678	  0.012721	  0.029704	 -0.056270	  0.081559	  0.060886
  0.006215	 -0.021694	  0.049179	  0.019092	 -0.058550	  0.130434	  0.077579
 -0.001356	 -0.053972	  0.039518	  0.038414	 -0.053926	  0.125144	  0.036338
 -0.013107	 -0.077981	  0.028242	  0.031636	 -0.071917	  0.079247	  0.060443
 -0.013171	 -0.072565	  0.052220	  0.043926	 -0.050853	  0.038702	  0.103141
 -0.002401	 -0.017767	  0.092099	  0.072465	 -0.027033	  0.072468	  0.080683
 -0.036990	 -0.016278	  0.076040	  0.061379	 -0.008377	  0.043232	  0.076217
 -0.047665	 -0.026256	  0.053550	  0.057134	 -0.011861	  0.053115	  0.090788
 -0.048869	  0.013053	  0.052853	  0.044084	 -0.034224	  0.037752	  0.095127
 -0.068507	  0.045362	  0.073284	  0.042342	 -0.042776	  0.022073	  0.097566
 -0.072847	  0.057557	  0.046170	  0.031319	 -0.032640	  0.002276	  0.041596
 -0.088178	  0.030538	  0.020703	  0.029133	 -0.036124	 -0.013023	  0.060443
 -0.041267	  0.002886	 -0.002452	  0.041740	 -0.033147	  0.003131	  0.011378
  0.018030	 -0.025781	  0.024504	  0.048772	 -0.022504	  0.002751	  0.017301
  0.027120	 -0.050804	  0.046772	  0.049311	 -0.041794	 -0.005675	 -0.005537
  0.013025	 -0.042157	  0.028083	  0.009590	 -0.065772	 -0.035735	  0.025695
 -0.000215	 -0.030437	  0.013323	  0.003951	 -0.049935	 -0.052079	  0.031080
  0.016446	 -0.021124	  0.020545	  0.002083	 -0.045785	 -0.047043	  0.033962
  0.026835	  0.000447	  0.028749	 -0.014832	 -0.075877	 -0.022779	  0.036243
  0.035356	  0.023189	  0.010060	 -0.030258	 -0.091714	  0.004905	  0.050719
  0.025188	  0.019072	 -0.015692	 -0.019457	 -0.099570	 -0.005706	  0.019898
  0.026265	  0.013117	 -0.006063	 -0.009542	 -0.092918	 -0.016381	  0.046411
  0.024333	 -0.030025	 -0.013095	 -0.014293	 -0.062573	  0.067527	  0.045144
  0.005645	 -0.052768	 -0.005968	  0.015260	 -0.054274	  0.054857	  0.052999
  0.038619	 -0.040953	 -0.042204	 -0.000515	 -0.063333	  0.037404	  0.041248
  0.038080	 -0.042537	 -0.084871	  0.008038	 -0.095009	  0.009086	  0.053316
  0.019297	 -0.006205	 -0.058770	  0.005092	 -0.066279	  0.037847	  0.093449
  0.027405	  0.002252	 -0.037548	 -0.008529	 -0.068686	  0.044594	  0.080747
  0.006088	 -0.015803	 -0.035299	 -0.010461	 -0.091334	  0.021503	  0.087145
