:RUN-6	LEVEL SWEEP	TEMP:NaN	8/27/2019	3:28 PM	HR:-548.82:SW EAR: R	SW FREQ: 32.00	# AVERAGES: 512	REP RATE (/sec): 80	DRIVER: 	SAMPLE (µsec): 40	MASKER dB: 2147483647:NOTES-:CHAMBER-SEWELL-PXI1:CFTS Version: V2.7.2 (R850):LEVELS:20;30;40;50;60;70;80;:DATA  0.020176	  0.010285	  0.032534	  0.019232	  0.003980	  0.022347	 -0.013346
  0.009501	 -0.019458	 -0.003830	  0.044445	  0.015858	  0.017722	 -0.023419
 -0.026609	 -0.051450	 -0.000124	  0.065256	 -0.004921	 -0.006984	 -0.064850
  0.025909	 -0.047681	  0.025153	  0.046346	 -0.012650	  0.007238	 -0.048886
  0.021854	 -0.041124	  0.038615	  0.032282	 -0.002830	  0.015220	 -0.022342
  0.019637	 -0.040839	  0.058412	  0.023413	  0.018836	  0.014650	 -0.002862
 -0.006432	 -0.062125	  0.061675	 -0.009149	 -0.017116	  0.048162	 -0.037800
 -0.020179	 -0.031907	  0.030950	 -0.018620	 -0.034252	  0.021650	 -0.025415
 -0.016599	  0.014276	 -0.007441	 -0.005982	 -0.018509	  0.004387	 -0.033429
 -0.026545	  0.011489	 -0.010608	  0.015367	 -0.009197	 -0.032040	 -0.025795
 -0.037473	 -0.006693	 -0.021916	 -0.015991	 -0.033619	  0.005559	 -0.016641
 -0.028256	  0.000149	 -0.015074	 -0.029707	 -0.023514	 -0.012876	  0.001319
 -0.005101	  0.039268	  0.004248	 -0.026349	 -0.024559	 -0.022157	 -0.008405
  0.022963	  0.024032	 -0.000377	 -0.032462	  0.013483	 -0.048511	 -0.012238
  0.018465	  0.017222	  0.006623	  0.003426	 -0.006346	 -0.024469	 -0.034125
  0.011813	  0.029829	  0.008619	 -0.015104	  0.008446	 -0.020003	 -0.003179
 -0.013495	  0.022543	 -0.040193	 -0.019032	  0.024347	 -0.003658	  0.019026
  0.019574	  0.020484	 -0.041206	 -0.026001	  0.017537	 -0.002233	  0.062801
  0.022330	  0.048866	 -0.056569	 -0.019856	  0.043796	  0.010184	  0.127102
 -0.011531	  0.062834	 -0.069492	 -0.031512	  0.041230	  0.005812	  0.162483
 -0.037537	  0.061092	 -0.069936	 -0.030974	  0.040502	  0.001283	  0.118676
 -0.030980	  0.018014	 -0.055904	 -0.030974	  0.045791	  0.017944	  0.112056
 -0.027242	 -0.018286	 -0.040921	 -0.036707	  0.068724	 -0.013129	  0.136668
 -0.051284	  0.011172	 -0.055524	 -0.036865	  0.043796	 -0.031945	  0.141134
 -0.051506	  0.024571	 -0.064488	 -0.019032	  0.074236	 -0.060136	  0.124536
 -0.050017	  0.025552	 -0.078393	 -0.007376	  0.056751	 -0.050221	  0.104232
 -0.010328	 -0.001055	 -0.076524	  0.009064	  0.049719	 -0.043411	  0.072399
 -0.039279	 -0.025667	 -0.088498	  0.043622	  0.027546	 -0.009265	  0.128527
 -0.074502	 -0.019902	 -0.037120	  0.037350	  0.058493	  0.016835	  0.141799
 -0.054673	 -0.009670	 -0.003418	  0.000955	  0.061312	  0.023677	  0.197643
 -0.026102	 -0.029087	  0.009316	  0.007353	  0.090675	  0.067041	  0.258650
 -0.007287	 -0.008308	  0.042670	 -0.001547	  0.102807	  0.092128	  0.295456
 -0.018310	  0.004203	  0.045489	  0.025060	  0.084657	  0.143410	  0.283990
 -0.020686	  0.034263	  0.056607	  0.055817	  0.096915	  0.146768	  0.278288
 -0.006115	  0.027358	  0.058634	  0.084103	  0.120197	  0.154971	  0.233911
 -0.028541	 -0.009861	  0.051285	  0.090786	  0.134324	  0.162479	  0.183357
 -0.033007	 -0.012870	  0.026832	  0.088347	  0.108825	  0.145976	  0.149560
 -0.038202	 -0.041916	  0.027624	  0.120783	  0.077055	  0.153768	  0.075091
 -0.030822	 -0.049265	  0.017710	  0.119547	  0.046773	  0.093521	  0.004867
 -0.041718	 -0.053984	  0.014352	  0.113149	 -0.004002	  0.026433	 -0.072389
 -0.014160	 -0.073496	  0.023506	  0.097470	 -0.036564	 -0.014523	 -0.135423
 -0.001269	 -0.058894	  0.026737	  0.080207	 -0.081353	 -0.075213	 -0.212901
 -0.006052	 -0.032255	  0.019832	  0.044445	 -0.092186	 -0.102264	 -0.284202
  0.023343	 -0.038622	 -0.010133	  0.004471	 -0.137165	 -0.165709	 -0.290664
  0.033923	 -0.048283	 -0.039496	 -0.023942	 -0.119775	 -0.189878	 -0.292089
  0.040638	 -0.033237	 -0.015138	 -0.041838	 -0.147903	 -0.191810	 -0.328611
  0.039117	  0.006484	 -0.000155	 -0.087958	 -0.148885	 -0.244518	 -0.326774
  0.026669	 -0.008245	 -0.043170	 -0.110289	 -0.147650	 -0.265233	 -0.277994
  0.029203	  0.024507	 -0.035473	 -0.101705	 -0.131147	 -0.249332	 -0.244830
 -0.013495	  0.013041	 -0.032337	 -0.097555	 -0.135867	 -0.237137	 -0.192692
 -0.053153	 -0.010811	 -0.016595	 -0.124067	 -0.123893	 -0.184936	 -0.106377
 -0.036143	 -0.030513	 -0.037849	 -0.195590	 -0.120757	 -0.119653	 -0.034822
 -0.069719	 -0.025825	 -0.044342	 -0.198758	 -0.100010	 -0.070778	  0.037841
 -0.058918	 -0.039097	 -0.059008	 -0.154824	 -0.042139	 -0.033053	  0.093241
 -0.058981	 -0.053161	 -0.030215	 -0.131321	 -0.006885	  0.028904	  0.100241
 -0.049795	 -0.048536	 -0.027681	 -0.094261	  0.024569	  0.052882	  0.124821
 -0.024930	 -0.052527	  0.007510	 -0.021788	  0.061027	  0.035651	  0.106766
 -0.031994	 -0.051419	  0.016949	  0.045300	  0.104803	  0.048099	  0.087223
 -0.037917	 -0.054428	  0.013338	  0.105230	  0.120672	  0.055448	  0.056118
 -0.007477	 -0.083126	  0.028574	  0.087872	  0.129193	  0.017532	  0.049751
 -0.030980	 -0.078406	  0.000573	  0.099148	  0.096282	  0.016772	  0.026184
 -0.027084	 -0.040807	  0.015809	  0.098103	  0.071353	  0.035841	 -0.015817
 -0.033958	 -0.017082	  0.031267	  0.065668	  0.039995	  0.007079	 -0.030293
 -0.049668	  0.012185	  0.024963	  0.073460	 -0.018098	 -0.030044	 -0.053067
 -0.078081	  0.020294	  0.025882	  0.060663	 -0.054746	 -0.050031	 -0.064280
 -0.071905	  0.000877	  0.015239	  0.053504	 -0.044515	 -0.057633	 -0.051864
 -0.043872	  0.020991	 -0.018559	  0.065383	 -0.051990	 -0.068751	 -0.088037
 -0.011341	  0.028847	 -0.027966	  0.044065	 -0.050723	 -0.114364	 -0.120789
 -0.020939	  0.038444	 -0.030025	  0.018978	 -0.020473	 -0.111323	 -0.148442
 -0.015776	  0.034168	 -0.059008	  0.045174	 -0.068050	 -0.115282	 -0.154333
 -0.039976	  0.029797	 -0.068099	  0.014797	 -0.104445	 -0.107744	 -0.145527
 -0.024106	  0.055676	 -0.059831	 -0.017385	 -0.114296	 -0.124753	 -0.159876
 -0.018468	  0.067586	 -0.055207	 -0.011082	 -0.121803	 -0.116834	 -0.169284
 -0.029555	  0.046522	 -0.045926	 -0.022706	 -0.116925	 -0.112336	 -0.187244
 -0.019735	  0.015290	 -0.038926	  0.000322	 -0.083507	 -0.094535	 -0.201878
 -0.035446	 -0.026332	 -0.090620	 -0.057074	 -0.074606	 -0.080376	 -0.218666
 -0.064809	 -0.024399	 -0.070601	 -0.081844	 -0.067986	 -0.101947	 -0.174320
 -0.043777	 -0.018381	 -0.034206	 -0.073609	 -0.045909	 -0.123550	 -0.153320
 -0.039311	  0.000814	 -0.068289	 -0.068636	 -0.048981	 -0.124531	 -0.156329
 -0.011785	 -0.008752	 -0.088814	 -0.054762	 -0.050565	 -0.126717	 -0.155537
  0.013460	 -0.021454	 -0.064678	 -0.070504	 -0.069919	 -0.097101	 -0.140459
  0.014791	 -0.046319	 -0.064329	 -0.064486	 -0.070235	 -0.098146	 -0.086865
  0.021918	 -0.053604	 -0.031640	 -0.042282	 -0.037261	 -0.074833	 -0.066022
  0.039814	 -0.024938	 -0.028061	 -0.024417	 -0.007581	 -0.045660	 -0.039479
  0.035982	 -0.022309	 -0.038356	 -0.000312	 -0.003242	 -0.042017	 -0.008785
  0.049539	 -0.021834	 -0.050804	  0.019263	  0.041008	 -0.045343	  0.012089
  0.042697	 -0.012553	 -0.015486	  0.025725	  0.037904	 -0.040370	  0.044176
  0.032846	 -0.032508	 -0.003830	  0.023476	  0.007306	 -0.047909	  0.073634
  0.000632	 -0.039762	  0.035289	  0.029780	  0.035307	 -0.054466	  0.087666
  0.005890	 -0.030830	  0.024108	  0.017680	  0.022922	 -0.089309	  0.087064
 -0.019704	 -0.006059	  0.013307	  0.038300	  0.032805	 -0.079362	  0.056308
 -0.025025	  0.027801	  0.023253	  0.001113	  0.041959	 -0.066882	  0.058398
  0.007094	  0.048580	  0.002632	  0.057242	  0.067552	 -0.067864	  0.067901
  0.028791	  0.019851	 -0.011685	  0.044477	  0.044398	 -0.013795	  0.049307
  0.026384	  0.029924	 -0.041238	  0.016159	  0.041642	  0.004830	  0.052158
  0.029995	  0.049246	 -0.076176	  0.028956	  0.029004	  0.019243	  0.100495
  0.019827	  0.041612	 -0.087167	  0.050495	  0.019691	  0.030963	  0.107432
 -0.012925	  0.040377	 -0.083461	  0.064496	  0.000242	  0.037266	  0.086969
 -0.045741	  0.007783	 -0.101485	  0.031775	  0.022700	  0.043189	  0.080127
 -0.010106	  0.040250	 -0.071171	 -0.023213	  0.013863	  0.072996	  0.095078
 -0.018120	  0.053173	 -0.068764	  0.002444	  0.013134	  0.068244	  0.128369
 -0.015554	  0.047979	 -0.067022	 -0.017512	  0.017125	  0.067072	  0.175407
 -0.005545	  0.070753	 -0.015359	  0.016824	 -0.023039	  0.080091	  0.139455
  0.005795	  0.069676	  0.014859	  0.040834	 -0.036596	  0.082815	  0.159949
 -0.014065	  0.068979	  0.019483	  0.111027	 -0.053859	  0.094313	  0.171289
  0.009374	  0.037842	  0.016601	  0.066586	 -0.024496	  0.122409	  0.203154
  0.023660	  0.002810	  0.011945	  0.074600	 -0.007613	  0.089594	  0.202584
  0.020556	 -0.021644	  0.013529	  0.037413	  0.024221	  0.086616	  0.176389
  0.025972	 -0.014929	  0.039154	  0.069595	  0.013102	  0.079299	  0.131822
  0.004781	 -0.012553	  0.050335	  0.115683	  0.015510	  0.077494	  0.112785
 -0.015934	 -0.024970	  0.037127	  0.110932	  0.020039	  0.069575	  0.080824
 -0.007382	 -0.048473	  0.032787	  0.111027	  0.028370	  0.023424	  0.018012
 -0.003454	 -0.041853	  0.000858	  0.115810	  0.026374	  0.033180	  0.006292
  0.001899	 -0.017748	 -0.012382	  0.105642	  0.035180	  0.024849	 -0.026523
  0.021823	  0.005534	  0.002664	  0.098737	  0.018962	  0.046388	 -0.054556
 -0.004721	  0.035150	 -0.001074	  0.124710	  0.001763	 -0.011071	 -0.053574
 -0.021858	  0.069138	  0.010678	  0.119326	  0.000274	 -0.003975	 -0.034537
 -0.039627	  0.078007	  0.016538	  0.098705	 -0.007138	  0.001188	 -0.048411
 -0.023853	  0.069454	  0.034498	  0.063229	  0.003790	 -0.012274	 -0.049488
 -0.002852	  0.073477	  0.040516	  0.029399	 -0.010622	 -0.002011	 -0.026967
  0.012669	  0.096695	  0.038774	  0.024331	  0.004804	 -0.039990	 -0.009007
  0.043394	  0.093971	  0.033389	  0.003426	  0.014971	 -0.062575	 -0.036153
  0.042950	  0.081744	  0.028511	  0.041816	  0.014750	 -0.083670	 -0.057248
  0.065155	  0.036069	  0.043177	  0.043970	  0.000971	 -0.071539	 -0.032858
  0.049222	  0.013484	  0.044000	  0.062754	 -0.015500	 -0.068593	 -0.002418
  0.042412	 -0.001783	  0.053471	  0.031585	 -0.035582	 -0.049904	  0.012849
  0.048398	 -0.007295	  0.061358	  0.008620	 -0.061398	 -0.035651	 -0.021550
  0.024895	  0.013389	  0.059933	 -0.007154	 -0.062570	 -0.033560	 -0.030229
  0.033796	  0.008606	  0.072635	 -0.002054	 -0.099345	 -0.020446	 -0.049520
  0.005193	  0.012819	  0.060028	 -0.020077	 -0.086738	 -0.046262	 -0.069443
 -0.019830	  0.007086	  0.042575	 -0.026412	 -0.076222	 -0.109517	 -0.103114
 -0.009884	 -0.023893	  0.027529	 -0.032019	 -0.055094	 -0.153419	 -0.115784
 -0.000160	 -0.004729	  0.035765	 -0.035123	 -0.060448	 -0.122663	 -0.133269
 -0.007382	 -0.016892	  0.014130	  0.005960	 -0.063393	 -0.068625	 -0.143659
  0.011116	 -0.026300	  0.018311	  0.007068	 -0.045338	 -0.090069	 -0.158293
 -0.025342	 -0.023734	  0.012483	  0.035544	 -0.081417	 -0.137898	 -0.139889
 -0.017613	 -0.009829	  0.000193	  0.002475	 -0.088290	 -0.151044	 -0.143722
 -0.008554	 -0.017336	 -0.031450	 -0.004303	 -0.101214	 -0.182117	 -0.174194
 -0.016029	 -0.031083	 -0.053148	  0.004756	 -0.123893	 -0.184334	 -0.235675
  0.029647	 -0.031083	 -0.077538	 -0.020774	 -0.128708	 -0.184588	 -0.289460
  0.066548	 -0.019046	 -0.094421	 -0.012855	 -0.125540	 -0.218956	 -0.319805
  0.085965	 -0.001118	 -0.095846	  0.013150	 -0.156804	 -0.226304	 -0.332665
  0.075259	 -0.008340	 -0.117702	  0.006435	 -0.203018	 -0.223358	 -0.363739
  0.029235	 -0.059084	 -0.121218	 -0.057549	 -0.222879	 -0.243916	 -0.369694
  0.013904	 -0.044798	 -0.137721	 -0.079089	 -0.215878	 -0.246798	 -0.378753
  0.027176	 -0.032762	 -0.125336	 -0.087641	 -0.130989	 -0.256586	 -0.353698
  0.012257	 -0.000770	 -0.132210	 -0.067559	 -0.123133	 -0.248224	 -0.371974
  0.013809	 -0.020408	 -0.126223	 -0.072247	 -0.138812	 -0.230010	 -0.356548
 -0.022364	 -0.019236	 -0.137404	 -0.083460	 -0.152211	 -0.234128	 -0.367666
 -0.042668	  0.013959	 -0.138101	 -0.037245	 -0.181891	 -0.220761	 -0.333615
 -0.082706	  0.021656	 -0.121377	 -0.015041	 -0.181954	 -0.212145	 -0.329308
 -0.099145	  0.030906	 -0.089860	  0.004756	 -0.145591	 -0.220349	 -0.342041
 -0.056890	  0.012471	 -0.086724	  0.004471	 -0.139794	 -0.217594	 -0.341281
 -0.053501	  0.001004	 -0.101770	 -0.007344	 -0.110083	 -0.209548	 -0.293483
 -0.053565	 -0.033712	 -0.092172	  0.010901	 -0.060353	 -0.208534	 -0.261966
 -0.013305	 -0.033459	 -0.098570	  0.054360	 -0.026998	 -0.213349	 -0.262599
  0.002437	 -0.004761	 -0.109815	  0.037255	 -0.044705	 -0.179647	 -0.267572
 -0.016219	 -0.000738	 -0.101358	  0.043780	 -0.071787	 -0.173407	 -0.284202
 -0.004278	 -0.020789	 -0.098159	  0.021132	 -0.071407	 -0.178570	 -0.252780
  0.022456	 -0.002575	 -0.065945	  0.020942	 -0.086516	 -0.180090	 -0.270392
  0.029932	 -0.006756	 -0.056094	  0.003362	 -0.088670	 -0.150885	 -0.265735
  0.000474	 -0.011888	 -0.065850	 -0.002403	 -0.082240	 -0.160705	 -0.242866
 -0.028858	  0.015195	 -0.059546	 -0.010511	 -0.047809	 -0.195453	 -0.262568
 -0.042858	 -0.003272	 -0.083366	 -0.031417	 -0.036628	 -0.176511	 -0.209290
 -0.036903	  0.001764	 -0.057139	 -0.018019	 -0.015279	 -0.163460	 -0.201308
 -0.013179	 -0.015435	 -0.046940	 -0.029960	 -0.033017	 -0.171031	 -0.196683
 -0.006020	 -0.031463	 -0.063474	 -0.038544	 -0.058389	 -0.162859	 -0.185248
  0.000188	 -0.078501	 -0.044121	 -0.054730	 -0.064534	 -0.194471	 -0.186737
 -0.047641	 -0.079324	 -0.009119	 -0.049124	 -0.043311	 -0.183258	 -0.129912
 -0.066298	 -0.061238	  0.017171	 -0.038354	  0.007369	 -0.165551	 -0.148632
 -0.064144	 -0.077867	 -0.003988	 -0.056852	  0.036511	 -0.145944	 -0.154207
 -0.076878	 -0.068840	 -0.012350	 -0.066007	  0.001446	 -0.152564	 -0.157913
 -0.066330	 -0.032572	  0.010551	 -0.065310	 -0.008563	 -0.125799	 -0.132446
 -0.059329	 -0.033744	 -0.006205	 -0.077600	 -0.032478	 -0.115536	 -0.121803
 -0.051664	 -0.022879	 -0.014599	 -0.061730	 -0.021709	 -0.108979	 -0.140776
 -0.028446	 -0.021960	 -0.006554	 -0.055047	 -0.004002	 -0.071919	 -0.205489
 -0.043080	 -0.006408	 -0.022993	 -0.045893	 -0.015912	 -0.061846	 -0.178216
 -0.065253	  0.018077	 -0.046686	 -0.008421	 -0.024559	 -0.060864	 -0.156360
 -0.093285	  0.019439	 -0.062841	 -0.000914	 -0.070077	 -0.037139	 -0.152021
 -0.076022	  0.023050	 -0.058596	 -0.022548	 -0.100770	 -0.011514	 -0.131495
 -0.065886	 -0.020915	 -0.028125	 -0.013679	 -0.113979	 -0.027225	 -0.155632
 -0.048655	 -0.019997	 -0.037184	  0.004788	 -0.088860	 -0.023392	 -0.164469
 -0.036365	 -0.016101	 -0.054510	  0.005485	 -0.077299	 -0.008505	 -0.165356
 -0.016599	 -0.058102	 -0.036962	 -0.003321	 -0.098680	 -0.013890	 -0.201244
  0.014632	 -0.072071	 -0.055935	 -0.017765	 -0.113314	 -0.029854	 -0.215435
  0.048525	 -0.077392	 -0.044501	 -0.039083	 -0.139097	 -0.052343	 -0.251101
  0.018117	 -0.081035	 -0.045546	 -0.009371	 -0.137007	 -0.027035	 -0.275776
  0.019099	 -0.058260	 -0.097145	 -0.003194	 -0.138432	 -0.008600	 -0.295035
  0.010230	 -0.072958	 -0.102245	 -0.059418	 -0.135170	 -0.055289	 -0.288383
  0.033733	 -0.067510	 -0.099711	 -0.067590	 -0.126839	 -0.099603	 -0.290695
  0.019099	 -0.079008	 -0.083620	 -0.056282	 -0.139066	 -0.177461	 -0.225064
 -0.030505	 -0.075935	 -0.065533	 -0.069396	 -0.147143	 -0.251803	 -0.235232
 -0.052393	 -0.071912	 -0.073420	 -0.042979	 -0.162727	 -0.238753	 -0.193959
 -0.065601	 -0.086008	 -0.093566	 -0.051056	 -0.160225	 -0.218544	 -0.198394
 -0.077131	 -0.060288	 -0.103765	 -0.052038	 -0.115119	 -0.234857	 -0.179800
 -0.064588	 -0.048758	 -0.082353	 -0.057739	 -0.119269	 -0.228205	 -0.178280
 -0.026387	 -0.018413	 -0.085267	 -0.059196	 -0.110970	 -0.232164	 -0.163614
 -0.006178	 -0.020028	 -0.053940	 -0.026064	 -0.095480	 -0.235934	 -0.137482
 -0.015364	 -0.032762	 -0.011970	 -0.049821	 -0.068050	 -0.214965	 -0.153795
 -0.030948	 -0.039350	 -0.019826	 -0.033001	 -0.061556	 -0.218037	 -0.144134
 -0.016726	 -0.044672	 -0.017323	 -0.028155	 -0.003020	 -0.202643	 -0.143088
 -0.005355	 -0.025033	 -0.013142	 -0.016720	 -0.012808	 -0.167515	 -0.100739
 -0.003423	 -0.018666	 -0.011812	  0.003552	 -0.000930	 -0.160800	 -0.113060
 -0.005988	  0.029639	  0.021384	  0.047486	 -0.000043	 -0.080661	 -0.089335
  0.000790	  0.046838	  0.026040	  0.062373	 -0.007328	 -0.065774	 -0.078883
  0.003894	  0.064545	  0.001302	  0.070514	 -0.016514	 -0.035270	 -0.101911
  0.006777	  0.070658	  0.003741	  0.095126	 -0.002703	 -0.053357	 -0.102386
  0.026796	  0.052096	 -0.001644	  0.093352	 -0.011984	 -0.055954	 -0.113504
  0.022773	  0.121655	 -0.016405	  0.117679	  0.010410	 -0.087060	 -0.096938
 -0.000287	  0.167363	 -0.032654	  0.085813	  0.012532	 -0.059059	 -0.093232
  0.032054	  0.132837	 -0.022075	  0.027974	  0.011202	 -0.039578	 -0.085598
  0.055399	  0.107908	 -0.006712	  0.010299	  0.008066	 -0.065457	 -0.064565
  0.029868	  0.092546	 -0.013586	  0.024585	 -0.026555	 -0.034637	 -0.045624
 -0.045893	  0.026981	  0.054038	  0.036520	  0.004002	 -0.009601	 -0.015532
 -0.047382	  0.024225	  0.085333	  0.023533	  0.022849	 -0.036968	 -0.020093
 -0.042504	  0.036199	  0.075609	  0.008044	  0.009039	 -0.035321	 -0.072104
 -0.050359	  0.003921	  0.035761	  0.010546	  0.030958	 -0.047516	 -0.009007
 -0.007027	  0.027393	  0.020145	  0.027778	 -0.005469	 -0.031425	 -0.031243
  0.035735	  0.018492	  0.010231	  0.037470	 -0.039551	 -0.017805	 -0.024306
  0.026390	  0.009496	  0.016851	  0.001424	 -0.082535	  0.000504	 -0.005713
  0.000226	  0.027108	  0.040925	  0.007284	 -0.067869	 -0.049322	 -0.007962
 -0.027933	  0.011333	  0.034019	 -0.014604	 -0.068598	 -0.067535	 -0.016862
 -0.048458	  0.020836	  0.040354	  0.002754	 -0.038506	 -0.042765	 -0.032922
 -0.075351	 -0.034279	  0.018593	 -0.048306	 -0.003758	 -0.015049	  0.045918
 -0.009054	 -0.031682	 -0.015426	 -0.054166	  0.023324	  0.024672	  0.065905
  0.009919	 -0.051859	 -0.022838	 -0.038645	  0.028044	  0.010070	  0.004740
  0.007385	 -0.047393	 -0.060278	 -0.023410	  0.042709	  0.044026	  0.027958
  0.027214	 -0.027596	 -0.070763	 -0.004373	  0.029723	  0.089099	  0.034578
  0.060029	 -0.006500	 -0.094741	  0.030058	  0.037040	  0.068606	 -0.006885
  0.068550	  0.004967	 -0.086220	  0.032656	  0.022532	  0.024640	 -0.018256
  0.034024	 -0.021039	 -0.032499	 -0.006432	  0.020473	  0.037342	  0.066824
  0.058826	  0.003225	 -0.017073	 -0.006812	  0.013283	  0.022898	  0.050923
  0.025662	  0.006170	 -0.032024	 -0.021319	  0.022311	  0.031450	 -0.035963
  0.013657	  0.008546	 -0.043870	 -0.043650	  0.044515	  0.043012	  0.010442
 -0.026666	  0.038067	 -0.026924	 -0.090720	  0.093643	  0.010386	  0.090929
 -0.013552	  0.023814	 -0.012195	 -0.075927	  0.106694	 -0.015809	  0.027483
 -0.010606	  0.041805	 -0.000950	 -0.082421	  0.095766	 -0.041593	 -0.003780
 -0.042947	  0.037466	 -0.011688	 -0.060343	  0.090286	  0.004716	  0.050574
 -0.015421	  0.056439	 -0.048337	 -0.077258	  0.100612	 -0.016791	  0.013356
 -0.031100	  0.071453	 -0.059391	 -0.077353	  0.088068	 -0.051285	 -0.088417
 -0.043961	  0.056914	 -0.031644	 -0.062244	  0.086928	 -0.036208	 -0.054271
 -0.030784	  0.082571	 -0.046721	 -0.044125	  0.066688	 -0.032977	  0.026913
 -0.031924	  0.081209	 -0.061292	 -0.051062	  0.033397	 -0.037348	  0.000844
 -0.024449	  0.033855	 -0.069527	 -0.048401	 -0.041515	 -0.031552	 -0.057185
 -0.035408	  0.019094	 -0.083306	 -0.049383	 -0.055801	 -0.022049	 -0.026207
 -0.051816	 -0.000070	 -0.048812	 -0.019165	 -0.028972	  0.001232	  0.030049
 -0.077505	 -0.027279	 -0.091478	 -0.045994	  0.002038	  0.005223	 -0.041727
 -0.091885	 -0.016446	 -0.100094	 -0.084416	 -0.006672	 -0.009442	 -0.060638
 -0.085740	 -0.053664	 -0.093822	 -0.110422	 -0.024284	 -0.003646	  0.028053
 -0.096605	 -0.074095	 -0.092872	 -0.136871	 -0.058081	  0.001010	  0.033280
 -0.081654	 -0.077991	 -0.051029	 -0.132436	 -0.079336	 -0.025090	 -0.011287
 -0.061160	 -0.098073	 -0.038834	 -0.109471	 -0.067806	 -0.019769	  0.021560
 -0.033856	 -0.099118	 -0.064934	 -0.081851	 -0.032614	  0.007219	  0.040027
 -0.036644	 -0.083344	 -0.090116	 -0.052361	 -0.031094	 -0.027782	 -0.023578
 -0.032811	 -0.070579	 -0.085872	 -0.023505	 -0.022542	 -0.016126	 -0.063742
 -0.034426	 -0.057117	 -0.068070	  0.021316	 -0.015637	  0.033541	 -0.014677
 -0.025747	 -0.048470	 -0.066993	 -0.005101	  0.032383	  0.045926	  0.017759
 -0.035503	 -0.043940	 -0.058599	 -0.012735	  0.019238	  0.009531	 -0.037895
 -0.035947	 -0.051194	 -0.046024	  0.027271	  0.002007	  0.015011	 -0.007772
 -0.078075	 -0.033139	 -0.046183	  0.004211	 -0.008098	  0.057519	  0.043986
 -0.100216	 -0.024175	 -0.076021	  0.017230	  0.009609	  0.010513	  0.019913
 -0.112126	 -0.010554	 -0.072125	  0.013587	  0.024338	 -0.020022	 -0.026492
 -0.115230	 -0.005043	 -0.063731	  0.016089	  0.009229	 -0.025819	  0.029320
 -0.129357	 -0.000133	 -0.050649	  0.016628	 -0.016048	 -0.007764	  0.038284
 -0.123117	 -0.018948	 -0.073867	  0.053245	 -0.045475	 -0.056575	 -0.073878
 -0.108356	 -0.002477	 -0.129774	  0.084413	 -0.063941	 -0.049005	 -0.058230
 -0.064106	  0.042914	 -0.156349	  0.080707	 -0.072525	 -0.017741	 -0.013030
 -0.010765	  0.059702	 -0.123946	  0.048335	 -0.109934	 -0.046249	 -0.072358
  0.003932	  0.054190	 -0.119701	  0.011718	 -0.096155	 -0.064843	 -0.109354
 -0.006742	  0.069774	 -0.132783	  0.015773	 -0.084720	 -0.049005	 -0.065009
 -0.016403	  0.054158	 -0.133100	  0.036868	 -0.069199	 -0.035860	 -0.016514
 -0.039621	  0.029547	 -0.113461	  0.012669	 -0.099259	 -0.073680	 -0.107422
 -0.038702	 -0.017269	 -0.125719	  0.005066	 -0.123871	 -0.106907	 -0.128359
  0.007670	 -0.035166	 -0.110072	  0.022361	 -0.087666	 -0.071304	 -0.038465
 -0.036454	 -0.015179	 -0.068609	  0.022836	 -0.080793	 -0.051539	 -0.054493
 -0.059862	  0.008673	 -0.067722	  0.049254	 -0.090105	 -0.069594	 -0.094752
 -0.048839	  0.023750	 -0.122172	  0.043362	 -0.088205	 -0.072318	 -0.053036
 -0.065722	  0.014818	 -0.125054	  0.052548	 -0.096789	 -0.019832	  0.003410
 -0.075446	  0.039810	 -0.092682	  0.058819	 -0.096567	 -0.037823	 -0.060764
 -0.073197	  0.018239	 -0.093537	  0.076463	 -0.087508	 -0.049258	 -0.032700
 -0.050106	  0.022546	 -0.088121	  0.054322	 -0.091372	 -0.029430	  0.060362
 -0.027078	  0.016940	 -0.074342	  0.055525	 -0.040533	 -0.040896	  0.053932
 -0.038829	  0.023307	 -0.118149	  0.029013	 -0.028813	 -0.089771	 -0.037103
 -0.013869	  0.030529	 -0.105067	  0.011750	 -0.020039	 -0.124931	  0.021813
 -0.002561	  0.026062	 -0.097497	  0.004148	 -0.025519	 -0.083088	  0.103947
 -0.020553	  0.012695	 -0.088691	 -0.028826	 -0.034800	 -0.103043	 -0.011889
 -0.008579	  0.022863	 -0.109945	 -0.041275	 -0.072430	 -0.132184	 -0.054809
  0.007955	  0.007849	 -0.129552	 -0.031487	 -0.058905	 -0.115143	  0.032741
  0.023286	 -0.022242	 -0.109913	 -0.034338	 -0.054059	 -0.113718	  0.046995
  0.002222	 -0.037161	 -0.090971	 -0.015396	 -0.035339	 -0.110392	 -0.007677
  0.005833	 -0.017269	 -0.101773	 -0.017676	 -0.066412	 -0.096391	  0.036130
  0.027214	  0.004777	 -0.105320	 -0.031012	 -0.056434	 -0.070386	  0.114527
  0.023635	  0.039746	 -0.083781	 -0.037473	 -0.054280	 -0.108491	  0.065905
  0.047993	  0.060113	 -0.073265	 -0.080584	 -0.065335	 -0.106242	 -0.025573
  0.035449	  0.067874	 -0.079125	 -0.086729	 -0.084087	 -0.098102	  0.031696
  0.032504	  0.028026	 -0.102121	 -0.062497	 -0.087539	 -0.104057	  0.053615
  0.052491	  0.014121	 -0.073138	 -0.033292	 -0.100431	 -0.129428	 -0.025826
  0.015906	 -0.001748	 -0.085903	 -0.004880	 -0.117568	 -0.123632	 -0.001341
  0.013942	  0.005125	 -0.088976	  0.000949	 -0.151239	 -0.106749	  0.038031
 -0.045861	  0.024099	 -0.098637	  0.019891	 -0.136161	 -0.126609	  0.005944
 -0.042789	  0.026633	 -0.098574	 -0.003327	 -0.112024	 -0.149606	 -0.051895
 -0.044467	  0.020583	 -0.097148	 -0.020084	 -0.149148	 -0.162434	 -0.009735
 -0.074242	  0.010510	 -0.090021	 -0.021351	 -0.139107	 -0.146090	  0.014306
 -0.072785	 -0.001273	 -0.127303	 -0.026831	 -0.147723	 -0.157620	 -0.085376
 -0.075953	 -0.000545	 -0.103927	 -0.023030	 -0.135908	 -0.167819	 -0.111286
 -0.063536	  0.029673	 -0.123850	 -0.016378	 -0.125328	 -0.143524	 -0.050723
 -0.049694	  0.028755	 -0.114221	  0.016470	 -0.133089	 -0.141465	 -0.033270
 -0.028661	  0.000247	 -0.111339	  0.038072	 -0.101888	 -0.148560	 -0.081417
 -0.067559	 -0.022432	 -0.148050	  0.023692	 -0.091150	 -0.144918	 -0.041379
 -0.029580	 -0.037225	 -0.137819	 -0.002472	 -0.108128	 -0.126229	  0.022130
 -0.058785	 -0.034913	 -0.134557	  0.008234	 -0.125043	 -0.125564	 -0.013663
 -0.064043	 -0.020120	 -0.113176	  0.045896	 -0.129573	 -0.109378	 -0.053004
 -0.052101	 -0.037003	 -0.105669	  0.049507	 -0.102237	 -0.125247	  0.033343
 -0.022485	 -0.024713	 -0.117896	  0.040955	 -0.092956	 -0.123727	  0.077910
 -0.003511	  0.007026	 -0.149666	  0.048050	 -0.072430	 -0.145108	  0.034673
 -0.028725	 -0.009667	 -0.116312	  0.029361	 -0.046330	 -0.155719	  0.044651
 -0.050454	  0.001799	 -0.124864	  0.028031	 -0.046837	 -0.190625	  0.110441
 -0.046051	 -0.002319	 -0.101108	 -0.002251	 -0.037683	 -0.208395	  0.063878
 -0.029073	 -0.028261	 -0.095754	  0.009691	 -0.063054	 -0.187838	  0.011740
 -0.029042	 -0.004821	 -0.071079	  0.006238	 -0.071512	 -0.154135	  0.059253
 -0.037530	  0.012094	 -0.052138	  0.028728	 -0.060014	 -0.142225	  0.085322
 -0.078677	  0.016908	 -0.093791	  0.000727	 -0.063466	 -0.101016	 -0.006758
 -0.096066	  0.010668	 -0.112067	 -0.038772	 -0.060172	 -0.093825	  0.011519
 -0.053938	  0.011555	 -0.092460	 -0.030220	 -0.081996	 -0.082359	  0.098467
 -0.026634	  0.005854	 -0.111814	 -0.027971	 -0.116427	 -0.059331	  0.041864
 -0.033476	  0.003921	 -0.081912	 -0.034274	 -0.146994	 -0.126989	 -0.015722
 -0.012475	  0.002559	 -0.058029	 -0.016314	 -0.118233	 -0.107319	  0.028623
 -0.003638	  0.012981	 -0.067500	  0.006238	 -0.107210	 -0.106749	  0.062421
  0.015557	  0.012062	 -0.056540	  0.001234	 -0.082598	 -0.153502	  0.025583
  0.016032	 -0.000576	 -0.038264	  0.036710	 -0.065905	 -0.161421	  0.028338
  0.032472	  0.012410	 -0.032404	  0.003926	 -0.080349	 -0.126799	  0.069390
  0.070989	  0.017668	 -0.044345	 -0.011658	 -0.067584	 -0.106179	  0.037081
  0.078369	  0.012569	 -0.057332	  0.014886	 -0.058937	 -0.127781	 -0.028709
  0.069564	  0.025081	 -0.055463	  0.025782	 -0.041610	 -0.112736	 -0.032858
  0.029273	  0.009433	 -0.038486	  0.015203	 -0.038411	 -0.143999	 -0.006029
  0.007227	  0.033253	 -0.037915	  0.035792	 -0.047629	 -0.173837	 -0.022184
  0.016318	  0.021723	 -0.058726	  0.048272	 -0.058050	 -0.178747	 -0.077299
  0.038965	 -0.025252	 -0.075134	  0.047416	 -0.067489	 -0.184100	 -0.084743
  0.010299	 -0.045587	 -0.049889	  0.073834	 -0.050764	 -0.143746	 -0.068018
  0.045427	 -0.034311	 -0.055622	  0.078743	 -0.049212	 -0.120369	 -0.074100
  0.074695	 -0.016984	 -0.075862	  0.095088	 -0.032583	 -0.151601	 -0.038370
  0.034372	 -0.003206	 -0.107759	  0.111084	 -0.026976	 -0.179602	 -0.028329
  0.003679	 -0.032822	 -0.128095	  0.102816	 -0.045981	 -0.168928	 -0.051230
 -0.025335	 -0.011441	 -0.088723	  0.099902	 -0.033311	 -0.196897	 -0.019903
 -0.021725	 -0.007450	 -0.087614	  0.102278	 -0.009460	 -0.210074	  0.023429
 -0.013647	  0.014754	 -0.079252	  0.089608	 -0.013799	 -0.223599	  0.041230
 -0.008326	 -0.019328	 -0.084922	  0.080200	 -0.006419	 -0.200286	  0.044714
  0.012200	 -0.030446	 -0.072948	  0.099807	  0.002450	 -0.147167	  0.059095
 -0.040286	 -0.052017	 -0.062812	  0.091160	 -0.028307	 -0.170290	  0.084657
 -0.032811	 -0.056800	 -0.063192	  0.098572	 -0.049751	 -0.161072	  0.085005
 -0.035091	 -0.046886	 -0.027051	  0.077666	 -0.041959	 -0.173014	  0.101160
 -0.032748	 -0.028134	 -0.032467	  0.058914	 -0.028655	 -0.147293	  0.107020
 -0.018937	 -0.050180	  0.000285	  0.040733	 -0.030999	 -0.163068	  0.118106
 -0.011747	 -0.013120	 -0.004941	  0.064679	 -0.029479	 -0.161326	  0.137745
 -0.001389	  0.009116	 -0.008584	  0.046276	 -0.077910	 -0.132818	  0.123871
  0.002412	 -0.011980	 -0.000665	  0.043615	 -0.096504	 -0.128035	  0.123903
  0.031585	  0.006772	  0.015711	  0.009216	 -0.072145	 -0.132311	  0.088110
  0.036210	 -0.000798	  0.025562	 -0.003137	 -0.061787	 -0.114161	  0.047819
  0.037572	  0.012189	  0.023756	 -0.015934	 -0.020546	 -0.121098	  0.056593
  0.021005	 -0.021387	  0.028286	 -0.000920	 -0.008890	 -0.101586	  0.081394
  0.012738	 -0.012391	  0.009503	 -0.018595	  0.000961	 -0.073236	  0.095427
  0.037888	 -0.006468	  0.003833	 -0.024233	  0.024369	 -0.058793	  0.088236
  0.021449	 -0.018631	 -0.014349	 -0.009441	  0.002292	 -0.081155	  0.091689
 -0.001421	  0.004143	 -0.040006	 -0.013527	  0.012808	 -0.088694	  0.051588
 -0.009751	  0.011619	 -0.031422	 -0.016980	 -0.001699	 -0.106527	 -0.003590
 -0.010385	  0.034171	 -0.010485	 -0.030885	 -0.012564	 -0.085273	 -0.017401
 -0.009783	  0.041647	 -0.009059	  0.014569	  0.002197	 -0.115111	  0.001066
 -0.032209	  0.053113	 -0.022141	  0.026542	  0.013473	 -0.077608	 -0.017844
 -0.021915	  0.043421	 -0.066106	  0.032244	 -0.020705	 -0.093635	 -0.002830
 -0.036454	  0.020994	 -0.060817	  0.022678	 -0.027832	 -0.106686	 -0.034791
  0.008177	  0.038384	 -0.073012	  0.040226	  0.007360	 -0.099812	 -0.027157
  0.066048	  0.071485	 -0.042635	  0.013080	  0.049805	 -0.102631	 -0.060543
  0.035956	  0.054032	 -0.043300	 -0.025120	  0.042108	 -0.080902	 -0.048886
  0.021259	  0.027424	 -0.066075	  0.013429	  0.060353	 -0.097120	 -0.030546
 -0.002751	  0.023750	 -0.054988	  0.046624	  0.065896	 -0.103391	 -0.039352
 -0.003385	  0.010415	 -0.057807	  0.074879	  0.044388	 -0.117930	 -0.061271
  0.009982	  0.000310	 -0.022838	  0.099396	  0.033714	 -0.094174	 -0.057217
  0.025060	  0.013836	 -0.021761	  0.075607	  0.023261	 -0.057621	 -0.050502
  0.019137	  0.030719	 -0.030503	  0.084572	  0.046004	 -0.037253	 -0.057597
  0.029653	  0.013487	 -0.025942	  0.088278	  0.044578	 -0.035796	 -0.063393
  0.016729	 -0.034374	 -0.028128	  0.039846	  0.037926	 -0.053091	 -0.063298
 -0.020964	 -0.014292	  0.023091	  0.069209	  0.024053	 -0.065888	 -0.048728
  0.000733	  0.008166	  0.061482	  0.036393	  0.001753	 -0.116030	 -0.027537
  0.025567	  0.013076	  0.059771	  0.012447	 -0.012944	 -0.138614	 -0.005174
  0.057622	 -0.008875	  0.089166	  0.043584	 -0.000116	 -0.151950	  0.037366
  0.019137	 -0.009604	  0.110230	  0.027809	  0.014645	 -0.132343	  0.055864
 -0.003828	 -0.003427	  0.099112	  0.039909	  0.011509	 -0.147737	  0.072905
  0.034246	 -0.022718	  0.101234	  0.053435	  0.028931	 -0.120274	  0.083327
  0.022748	 -0.003301	  0.086474	  0.027619	  0.065009	 -0.097785	  0.091974
  0.004819	  0.022008	  0.093601	  0.008329	  0.046764	 -0.125406	  0.073381
 -0.014503	  0.038828	  0.069401	  0.021538	  0.021772	 -0.103518	  0.069770
 -0.010543	 -0.006943	  0.067247	 -0.023093	  0.012364	 -0.097025	  0.092037
  0.030476	  0.001989	  0.057111	  0.016343	  0.030768	 -0.074504	  0.057828
  0.031110	 -0.007197	  0.051599	  0.003419	  0.018953	 -0.054992	  0.016017
  0.036875	 -0.012993	  0.052296	  0.022076	  0.036913	 -0.060218	  0.050131
  0.032757	 -0.010428	  0.037694	  0.022520	  0.052149	 -0.033104	  0.019533
  0.048975	 -0.045144	  0.019512	  0.021759	  0.055665	 -0.040072	  0.000812
  0.019707	 -0.073937	  0.018340	  0.022836	  0.046035	 -0.062182	  0.002206
  0.025852	 -0.091295	  0.041558	 -0.002029	  0.041157	 -0.090943	  0.003283
  0.004249	 -0.094620	  0.080170	  0.033828	  0.018858	 -0.082422	 -0.003020
  0.001493	 -0.087937	  0.050934	  0.029805	  0.054556	 -0.056005	 -0.000296
  0.026327	 -0.091485	  0.009788	  0.037249	  0.081828	 -0.027497	 -0.011763
  0.034626	 -0.088444	 -0.014096	  0.078617	  0.076602	  0.001486	 -0.026175
  0.020625	 -0.070737	  0.008457	  0.073960	  0.042456	  0.007947	 -0.025098
  0.008019	 -0.075837	 -0.000127	  0.045959	  0.051483	  0.012730	 -0.025510
 -0.006014	 -0.062438	 -0.042857	  0.053751	  0.065357	 -0.008999	 -0.038465
  0.021892	 -0.041628	 -0.030947	  0.043964	  0.088829	 -0.037063	 -0.034347
  0.004534	 -0.031111	 -0.051092	  0.000093	  0.100042	 -0.031077	 -0.032668
 -0.013014	 -0.032759	 -0.062369	  0.021949	  0.121803	 -0.033737	 -0.028867
 -0.032146	  0.024890	 -0.044187	  0.051217	  0.133523	 -0.016981	 -0.009387
 -0.023530	 -0.011758	 -0.096166	  0.043869	  0.137038	 -0.021067	 -0.034886
 -0.040571	 -0.016066	 -0.084985	  0.030882	  0.109418	 -0.004659	 -0.040555
 -0.035820	 -0.014672	 -0.070224	  0.028443	  0.108499	  0.022613	 -0.050723
 -0.073039	  0.047792	 -0.053785	  0.032402	  0.097286	  0.040161	 -0.019586
 -0.048744	  0.025809	 -0.032626	  0.051122	  0.083824	  0.036835	  0.018076
 -0.050929	  0.060177	 -0.001584	  0.042317	  0.036279	  0.061099	  0.027673
 -0.046400	  0.057358	  0.016471	  0.016881	  0.012079	  0.069017	  0.036637
 -0.029295	  0.041108	  0.041590	 -0.047356	  0.001943	  0.097018	  0.040438
  0.005295	  0.017067	  0.052264	 -0.068800	 -0.004265	  0.048207	  0.059539
  0.011028	 -0.000006	  0.040259	 -0.042478	  0.030134	  0.011368	  0.045316
  0.000195	  0.017859	  0.032214	  0.005098	  0.031750	 -0.012325	  0.035782
 -0.009149	 -0.005074	  0.036015	 -0.013844	  0.015564	 -0.001745	  0.039868
 -0.022580	 -0.013912	  0.024010	 -0.011563	  0.058737	  0.015930	  0.034642
 -0.017417	 -0.027279	  0.027558	  0.009279	  0.053732	 -0.010266	  0.036891
 -0.032082	 -0.047329	  0.045454	 -0.006178	  0.058642	 -0.004659	  0.050891
 -0.040381	 -0.057687	  0.037694	 -0.026482	  0.064755	 -0.024330	  0.073191
