:RUN-1	LEVEL SWEEP	TEMP:NaN	8/27/2019	3:12 PM	HR:-636.36:SW EAR: R	SW FREQ: 5.66	# AVERAGES: 512	REP RATE (/sec): 80	DRIVER: 	SAMPLE (µsec): 40	MASKER dB: 2147483647:NOTES-:CHAMBER-SEWELL-PXI1:CFTS Version: V2.7.2 (R850):LEVELS:20;30;40;50;60;70;80;:DATA  0.019053	  0.082951	 -0.003937	  0.065177	  0.071802	 -0.031588	 -0.001798
  0.024089	  0.065593	 -0.027029	  0.027673	  0.052670	 -0.002225	 -0.003888
  0.048986	  0.052290	 -0.031621	  0.024696	  0.032968	  0.012472	 -0.002526
  0.025008	  0.000215	 -0.028771	  0.026565	  0.052195	  0.008354	  0.010841
  0.014523	 -0.034659	 -0.031178	  0.023777	  0.036895	  0.021690	  0.001148
  0.029284	 -0.042578	 -0.024558	  0.041452	  0.029452	 -0.014135	 -0.041740
  0.021777	 -0.026550	  0.007878	  0.021401	  0.006519	 -0.010841	 -0.036545
  0.033750	 -0.043053	  0.029290	 -0.008753	 -0.007260	 -0.029308	 -0.029355
  0.022125	 -0.053062	  0.018235	 -0.003052	  0.010383	 -0.040774	 -0.039428
  0.029379	 -0.045555	  0.003348	 -0.007106	  0.000437	 -0.062155	 -0.013961
  0.011957	 -0.060443	 -0.002512	  0.003346	 -0.014292	 -0.043371	  0.040901
  0.028207	 -0.012011	  0.011995	  0.012216	 -0.041089	 -0.011696	  0.028896
  0.011324	 -0.002224	 -0.017209	 -0.028456	 -0.046031	  0.031097	  0.029751
 -0.038470	  0.010922	 -0.007200	 -0.021075	 -0.030446	  0.021151	  0.011189
 -0.043411	  0.019316	 -0.018445	 -0.060258	 -0.030193	  0.016527	  0.033457
 -0.049714	  0.032524	  0.025711	 -0.047999	 -0.022052	  0.007943	  0.035959
 -0.072521	  0.015198	  0.042214	 -0.029437	 -0.019518	  0.017033	  0.021737
 -0.062575	  0.014533	  0.002556	 -0.005998	 -0.022147	  0.039428	  0.004981
 -0.033402	  0.013867	  0.008638	  0.004614	 -0.031365	  0.043577	 -0.028722
 -0.019369	  0.012727	  0.042594	 -0.038782	 -0.028926	  0.026821	 -0.020898
 -0.005559	  0.013266	  0.049942	 -0.046162	  0.007026	  0.017350	 -0.003286
  0.009265	 -0.020057	  0.060585	 -0.059086	  0.015229	  0.016495	 -0.001386
  0.003754	 -0.027469	  0.034453	 -0.043090	  0.026474	  0.022957	  0.025253
  0.026338	 -0.039949	  0.030716	 -0.082145	  0.065435	  0.019567	  0.061268
  0.019750	 -0.011853	  0.030145	 -0.108974	  0.055140	  0.018269	  0.095382
  0.030899	  0.004777	  0.062454	 -0.086896	  0.083490	 -0.031810	  0.123605
  0.005306	  0.041837	  0.052667	 -0.065769	  0.076901	 -0.018855	  0.134026
 -0.018261	  0.040285	  0.029797	 -0.041664	  0.072403	  0.022133	  0.131555
  0.007174	  0.020741	  0.061156	 -0.064724	  0.100594	  0.025871	  0.143877
 -0.003975	  0.015705	  0.082695	 -0.066909	  0.111206	  0.014848	  0.144416
 -0.029537	  0.035248	  0.096917	 -0.036691	  0.123591	  0.025776	  0.168140
 -0.033560	  0.020709	  0.106610	 -0.026618	  0.093468	  0.019156	  0.164244
 -0.037804	 -0.015749	  0.068504	 -0.036659	  0.062774	  0.031952	  0.160792
 -0.085444	 -0.024618	  0.042689	 -0.065832	  0.060335	  0.045319	  0.157783
 -0.077715	 -0.018790	  0.050829	 -0.073751	  0.073132	  0.030115	  0.175204
 -0.045217	 -0.025062	  0.074174	 -0.106250	  0.067620	  0.007911	  0.157751
 -0.030392	 -0.041659	  0.065368	 -0.111033	  0.058910	 -0.016764	  0.137352
 -0.057063	 -0.008242	  0.072875	 -0.126522	  0.065276	  0.020581	  0.088445
 -0.032863	  0.014818	  0.079432	 -0.104825	  0.061539	  0.036862	  0.073020
 -0.015790	  0.035692	  0.073319	 -0.089019	  0.101196	  0.046872	  0.088319
 -0.037836	  0.004967	  0.084817	 -0.077235	  0.110477	  0.088778	  0.124935
 -0.057855	 -0.000735	  0.058210	 -0.062538	  0.087893	  0.090615	  0.125125
 -0.023931	 -0.004473	  0.028752	 -0.068556	  0.061222	  0.100688	  0.094115
  0.014270	  0.011872	 -0.004476	 -0.077964	  0.061602	  0.088430	  0.056707
  0.012116	  0.019252	  0.009937	 -0.088322	  0.101671	  0.094701	 -0.037084
 -0.004450	  0.018840	  0.019566	 -0.074385	  0.139080	  0.104109	 -0.066098
 -0.012844	  0.005125	  0.020738	 -0.060828	  0.160112	  0.109177	 -0.086339
 -0.017659	  0.002813	  0.023177	 -0.088480	  0.171199	  0.058338	 -0.079085
 -0.021587	  0.057643	  0.029005	 -0.108752	  0.148709	  0.011617	 -0.099769
 -0.024438	  0.067874	  0.023050	 -0.094023	  0.126030	 -0.011379	 -0.128245
 -0.007460	  0.022990	 -0.006503	 -0.077394	  0.065086	 -0.057087	 -0.125363
  0.000364	  0.004713	 -0.049011	 -0.073244	  0.055109	 -0.079671	 -0.110761
  0.009297	  0.031764	 -0.016101	 -0.086010	  0.056186	 -0.121293	 -0.124888
 -0.003373	  0.038036	 -0.030925	 -0.107390	  0.017985	 -0.141121	 -0.124001
  0.010595	  0.019664	 -0.023481	 -0.099757	 -0.040456	 -0.141565	 -0.108543
  0.031279	  0.006582	  0.000371	 -0.069602	 -0.085245	 -0.136592	 -0.089253
  0.033053	 -0.034247	  0.014054	 -0.108087	 -0.075489	 -0.162502	 -0.102113
  0.078191	 -0.006183	  0.011045	 -0.110210	 -0.074982	 -0.216635	 -0.081873
  0.095105	 -0.041723	  0.046015	 -0.107517	 -0.076439	 -0.244098	 -0.100530
  0.072457	 -0.022211	  0.054599	 -0.116133	 -0.090693	 -0.209889	 -0.110222
  0.081485	  0.009180	  0.040567	 -0.159433	 -0.104693	 -0.179227	 -0.050863
  0.050285	  0.006614	  0.030335	 -0.185248	 -0.094494	 -0.152239	 -0.025237
 -0.004007	  0.000912	  0.017000	 -0.192945	 -0.057814	 -0.100577	 -0.002843
 -0.042302	  0.015198	  0.004172	 -0.158894	 -0.047424	 -0.037955	  0.013438
 -0.023994	 -0.039157	 -0.012300	 -0.135898	 -0.054044	 -0.003587	  0.009891
  0.008822	 -0.067031	 -0.045812	 -0.123862	 -0.038143	  0.021024	  0.005583
 -0.000428	 -0.038270	 -0.023608	 -0.143088	  0.015356	  0.039396	 -0.004870
 -0.043633	 -0.031618	  0.012439	 -0.113504	  0.027044	  0.032491	 -0.003128
 -0.043094	 -0.018980	  0.012977	 -0.110210	  0.061444	  0.032744	  0.027185
 -0.034257	 -0.002287	  0.004615	 -0.076127	  0.097807	  0.046777	  0.077296
 -0.025673	  0.004682	  0.020611	 -0.070014	  0.127423	  0.049374	  0.141597
  0.009075	  0.029895	  0.065748	 -0.038402	  0.163850	  0.074651	  0.128040
 -0.000174	  0.062933	  0.035847	 -0.038813	  0.161284	  0.094701	  0.105582
 -0.027763	  0.079974	  0.027706	 -0.009767	  0.128310	  0.131065	  0.100894
 -0.013668	  0.082445	 -0.004191	 -0.032922	  0.084408	  0.149975	  0.053698
 -0.004735	  0.077630	 -0.035961	 -0.066308	  0.099581	  0.124634	  0.034407
  0.022664	  0.049914	 -0.012521	 -0.075810	  0.124414	  0.113992	  0.043086
  0.024818	  0.088716	 -0.026268	 -0.075145	  0.159669	  0.076076	  0.025982
 -0.010975	  0.111522	 -0.033047	 -0.081037	  0.144813	  0.092326	  0.044068
 -0.012559	  0.086942	 -0.058229	 -0.066561	  0.072562	  0.052985	  0.025918
 -0.000396	  0.063091	 -0.042961	 -0.068715	  0.083965	  0.043862	  0.018696
  0.029442	  0.061856	 -0.031590	 -0.082905	  0.094101	  0.003635	  0.037765
  0.007174	  0.075793	  0.008194	 -0.078724	  0.075856	  0.000404	  0.053603
 -0.011197	  0.060557	  0.058051	 -0.101340	  0.035153	 -0.009384	  0.014674
 -0.018451	  0.017985	  0.059287	 -0.101942	  0.028216	 -0.026805	 -0.005820
 -0.005844	 -0.005708	  0.032964	 -0.094720	  0.023243	 -0.025823	  0.004664
 -0.008632	 -0.021546	  0.036385	 -0.074226	  0.041045	 -0.029371	  0.005393
 -0.018514	 -0.031270	  0.033756	 -0.080973	  0.033126	 -0.010809	  0.027154
 -0.041922	 -0.022813	  0.016715	 -0.074226	  0.047728	  0.008481	  0.005361
 -0.079711	 -0.024776	  0.038223	 -0.075747	  0.071168	 -0.011854	 -0.021690
 -0.054022	 -0.028166	  0.067015	 -0.097476	  0.069173	 -0.041978	 -0.026916
 -0.012781	 -0.047678	  0.069296	 -0.110146	  0.087101	 -0.042358	 -0.030400
 -0.015410	 -0.074253	  0.064228	 -0.094087	  0.095558	 -0.060825	 -0.054315
 -0.028650	 -0.055375	  0.034232	 -0.091014	  0.104205	 -0.086545	 -0.046460
 -0.028587	 -0.048153	  0.058717	 -0.075778	  0.071105	 -0.084676	 -0.046777
 -0.028144	 -0.082711	  0.027200	 -0.077267	  0.050642	 -0.081287	 -0.076741
 -0.006288	 -0.059873	  0.019471	 -0.081733	 -0.003301	 -0.092088	 -0.063628
 -0.000586	 -0.039664	  0.040123	 -0.051705	 -0.047234	 -0.101591	 -0.046048
  0.008251	 -0.041659	 -0.006186	 -0.051515	 -0.062787	 -0.130985	 -0.072434
  0.005527	 -0.045714	 -0.001403	 -0.051135	 -0.081950	 -0.140013	 -0.099643
  0.013921	 -0.039696	  0.009715	 -0.037420	 -0.058384	 -0.143085	 -0.102493
  0.049049	 -0.016668	 -0.011476	 -0.054619	 -0.061330	 -0.153158	 -0.113136
  0.067199	 -0.025188	  0.027010	 -0.036849	 -0.054646	 -0.154742	 -0.146015
  0.044710	 -0.017840	  0.022480	 -0.024496	 -0.008875	 -0.196110	 -0.143766
  0.007460	  0.032176	  0.004108	 -0.048759	  0.017257	 -0.182933	 -0.146554
  0.040180	  0.001799	  0.014149	 -0.072104	  0.028850	 -0.163421	 -0.121657
  0.021650	 -0.024935	  0.024476	 -0.072579	  0.020076	 -0.150117	 -0.114245
  0.002233	 -0.013817	  0.035974	 -0.103558	  0.027456	 -0.139538	 -0.092547
  0.013953	 -0.032569	  0.028087	 -0.108752	  0.009876	 -0.137891	 -0.062171
  0.012528	 -0.044985	  0.045666	 -0.095100	  0.006550	 -0.121736	 -0.112820
  0.003342	 -0.047646	  0.060174	 -0.107644	  0.001958	 -0.104568	 -0.087258
 -0.024342	 -0.051162	  0.061282	 -0.111096	 -0.011219	 -0.098170	 -0.064705
 -0.027003	 -0.038428	  0.063373	 -0.125857	 -0.018631	 -0.064499	 -0.031446
 -0.037266	 -0.034247	  0.039110	 -0.139319	 -0.026043	 -0.080843	 -0.024382
 -0.017247	 -0.009889	  0.023652	 -0.120694	  0.005822	 -0.100165	 -0.008861
 -0.001251	  0.038479	 -0.012901	 -0.082779	  0.030465	 -0.100387	 -0.019251
 -0.044583	  0.038447	  0.017665	 -0.075208	  0.055489	 -0.126614	 -0.041392
 -0.083195	  0.044624	 -0.015182	 -0.101245	  0.029705	 -0.097156	 -0.054790
 -0.091177	  0.063566	 -0.029626	 -0.107390	  0.051181	 -0.052145	 -0.043546
 -0.057570	  0.055330	 -0.033554	 -0.127092	  0.041267	 -0.044100	 -0.026726
 -0.041130	  0.072530	 -0.084456	 -0.128708	  0.015546	 -0.034471	 -0.043356
 -0.011609	  0.050041	 -0.090823	 -0.098553	  0.003541	 -0.029593	 -0.014879
 -0.006319	  0.041045	 -0.050183	 -0.082779	  0.037085	 -0.024335	 -0.029830
  0.008790	  0.022546	 -0.049201	 -0.078819	  0.030149	 -0.052874	 -0.030590
  0.025198	 -0.002382	 -0.019046	 -0.043723	  0.039018	 -0.034692	 -0.002938
  0.006889	  0.032683	  0.001067	 -0.049931	  0.038891	 -0.001718	  0.023099
 -0.019623	  0.032588	  0.001194	 -0.042804	  0.020773	 -0.001243	 -0.005123
 -0.031850	  0.040253	  0.004742	 -0.058705	  0.011777	 -0.034914	 -0.019789
 -0.055163	  0.041742	 -0.005331	 -0.063520	  0.031954	 -0.052747	 -0.004300
 -0.059059	  0.007976	 -0.004286	 -0.067384	  0.052321	 -0.059367	  0.002605
 -0.040845	  0.007121	 -0.009702	 -0.033967	  0.059131	 -0.072418	 -0.007784
 -0.048194	 -0.021102	  0.037494	 -0.031813	  0.065973	 -0.108242	 -0.018459
 -0.066819	 -0.051605	  0.023082	 -0.038687	  0.044814	 -0.098772	 -0.020866
 -0.052312	 -0.083281	  0.013421	 -0.028551	  0.055869	 -0.118854	 -0.011459
 -0.083892	 -0.048786	  0.035657	 -0.011953	  0.037085	 -0.145334	 -0.025776
 -0.065742	 -0.088127	  0.018331	 -0.014835	  0.032049	 -0.133424	 -0.051274
 -0.038565	 -0.078878	  0.033091	 -0.024084	  0.044688	 -0.130922	 -0.043577
 -0.035967	 -0.048280	  0.057798	 -0.013315	 -0.002065	 -0.138809	 -0.051496
 -0.045090	 -0.010301	  0.028277	 -0.010147	 -0.010871	 -0.136053	 -0.078895
 -0.061181	 -0.025663	  0.025394	 -0.029786	 -0.001685	 -0.135040	 -0.100941
 -0.089562	 -0.021451	  0.011014	  0.003695	  0.004111	 -0.158828	 -0.110729
 -0.086204	 -0.012360	  0.036069	  0.022542	 -0.015527	 -0.140583	 -0.119281
 -0.066027	 -0.008242	  0.032173	 -0.003400	 -0.029084	 -0.133329	 -0.104806
 -0.050348	 -0.003237	  0.036892	 -0.007518	 -0.030510	 -0.143339	 -0.068601
 -0.021777	  0.017637	  0.025236	  0.005279	 -0.047139	 -0.150656	 -0.069741
 -0.009613	  0.007057	  0.028467	  0.023809	 -0.048596	 -0.144796	 -0.051876
 -0.013098	  0.013012	  0.035562	  0.014750	 -0.043687	 -0.084391	 -0.050007
 -0.030361	  0.028533	  0.045001	  0.014370	 -0.041944	 -0.042421	 -0.035754
 -0.016329	  0.058561	  0.078387	 -0.020442	 -0.035894	 -0.019267	 -0.056786
 -0.003278	  0.031574	  0.088333	 -0.037578	 -0.009921	 -0.050118	 -0.051559
  0.012243	  0.027995	  0.128624	 -0.027980	  0.010161	 -0.061078	 -0.014151
  0.011387	  0.046430	  0.120388	 -0.050692	  0.020551	 -0.051259	  0.003492
 -0.011292	  0.025397	  0.097994	 -0.050755	  0.029420	 -0.038652	 -0.013707
 -0.006763	  0.032714	  0.109080	 -0.054398	  0.057294	 -0.030036	 -0.044211
  0.011229	  0.027678	  0.112660	 -0.036754	  0.062679	 -0.011379	 -0.068062
 -0.032546	  0.015039	  0.113958	 -0.040207	  0.067906	 -0.013217	 -0.119060
 -0.021935	  0.008641	  0.110126	 -0.050597	  0.051846	 -0.010492	 -0.111489
 -0.025926	  0.028248	  0.058748	 -0.064090	  0.031732	 -0.007610	 -0.078008
 -0.027288	  0.050484	  0.034960	 -0.091236	  0.015483	 -0.026298	 -0.056216
 -0.038533	  0.074051	  0.022733	 -0.104856	  0.029673	 -0.044543	 -0.058180
 -0.029220	  0.069046	  0.056309	 -0.091743	 -0.011948	 -0.056327	 -0.054600
 -0.016804	  0.083933	  0.048834	 -0.081100	 -0.025125	 -0.018918	 -0.024731
 -0.023867	  0.087576	  0.014624	 -0.061525	 -0.067031	 -0.015307	 -0.016083
 -0.014745	  0.069616	  0.005534	 -0.054651	 -0.084674	 -0.038113	 -0.017825
 -0.011926	  0.059575	 -0.003335	 -0.052180	 -0.052524	 -0.038335	 -0.015513
  0.020003	  0.045163	  0.008923	 -0.043913	 -0.057529	 -0.033552	  0.010397
  0.054244	  0.060652	 -0.034282	 -0.031845	 -0.018156	 -0.009225	  0.030036
  0.060389	  0.085264	 -0.069727	 -0.028899	 -0.009319	 -0.012488	  0.042073
  0.027985	  0.059005	 -0.049581	 -0.016324	  0.005093	  0.009621	  0.108179
  0.013700	  0.010763	 -0.023037	 -0.038243	 -0.023256	 -0.022719	  0.128040
 -0.007491	 -0.035103	 -0.025603	 -0.051610	 -0.001115	 -0.056200	  0.142832
 -0.062828	 -0.028863	 -0.048726	 -0.060067	  0.016718	 -0.038145	  0.134375
 -0.044836	 -0.006880	 -0.054523	 -0.003242	  0.021976	 -0.044638	  0.089554
 -0.014586	 -0.019772	 -0.034346	 -0.040017	  0.071136	 -0.002859	  0.061901
  0.004767	  0.010478	  0.012059	 -0.062031	  0.076806	  0.042120	  0.057784
 -0.014840	  0.011523	  0.037367	 -0.033999	  0.099771	  0.057261	  0.083536
 -0.023551	  0.026886	  0.030177	 -0.004604	  0.077820	  0.025744	  0.085278
 -0.002518	  0.035755	 -0.012965	 -0.028804	  0.117858	  0.007911	  0.055376
 -0.017532	  0.020709	 -0.028549	  0.002998	  0.125998	  0.008861	  0.064816
 -0.014016	  0.036452	 -0.004476	  0.005152	  0.118808	 -0.007198	  0.025443
 -0.016614	  0.046271	 -0.041314	 -0.034696	  0.088970	 -0.015465	 -0.004490
 -0.023709	  0.018999	 -0.037355	 -0.032763	  0.082761	 -0.037448	 -0.044464
 -0.051963	  0.038733	 -0.027694	 -0.037230	  0.047538	 -0.063992	 -0.060397
 -0.058583	  0.001387	 -0.012268	 -0.052339	 -0.003142	 -0.094052	 -0.065180
 -0.054782	  0.005980	 -0.015594	 -0.057375	 -0.005930	 -0.124365	 -0.061981
 -0.052343	  0.016275	 -0.033870	 -0.067670	 -0.023573	 -0.147235	 -0.075474
 -0.049936	  0.031447	 -0.037418	 -0.073688	 -0.026329	 -0.115306	 -0.058401
 -0.048289	  0.054570	 -0.038780	 -0.045624	 -0.023668	 -0.104093	 -0.083266
 -0.058710	  0.057421	 -0.021580	 -0.013410	  0.030845	 -0.120628	 -0.080131
 -0.024691	  0.051751	 -0.018445	 -0.013505	  0.063534	 -0.148787	 -0.091090
  0.012116	  0.073290	 -0.009259	 -0.004414	  0.027361	 -0.108781	 -0.089697
  0.028048	  0.110572	 -0.002607	 -0.048981	 -0.017618	 -0.098740	 -0.085104
  0.027668	  0.120930	 -0.018603	 -0.041632	 -0.021577	 -0.099785	 -0.075633
  0.027320	  0.108545	 -0.064342	 -0.051610	 -0.040994	 -0.073336	 -0.045763
  0.050886	  0.091409	 -0.055695	 -0.028360	 -0.051225	 -0.037987	 -0.050704
  0.033465	  0.049882	 -0.066464	 -0.011129	 -0.054583	 -0.006026	 -0.111711
  0.016962	  0.014279	 -0.065419	 -0.004034	 -0.046284	 -0.009764	 -0.134644
  0.016139	  0.030117	 -0.052812	 -0.046067	 -0.052081	 -0.003334	 -0.132173
  0.017912	  0.050674	 -0.046604	 -0.085313	 -0.038460	 -0.019393	 -0.096855
  0.056525	  0.054095	 -0.036373	 -0.071471	 -0.052429	 -0.050435	 -0.086624
  0.046262	  0.041172	 -0.032857	 -0.070267	 -0.062217	 -0.032063	 -0.090457
  0.028144	  0.035818	 -0.020789	 -0.079896	 -0.046284	 -0.051069	 -0.105059
  0.003658	  0.030909	  0.004077	 -0.081417	 -0.012423	 -0.033425	 -0.118616
 -0.029030	  0.030592	  0.009303	 -0.116133	  0.014026	 -0.047331	 -0.104331
 -0.046515	 -0.016826	  0.026629	 -0.132826	 -0.022147	 -0.057340	 -0.111109
 -0.026591	  0.001451	  0.042499	 -0.157311	 -0.019803	 -0.106374	 -0.113358
  0.001821	  0.003921	  0.040503	 -0.196588	  0.042217	 -0.148280	 -0.121815
 -0.025990	 -0.013405	  0.037906	 -0.189113	  0.106106	 -0.148692	 -0.167301
 -0.056968	 -0.017333	  0.019091	 -0.128993	  0.085422	 -0.151416	 -0.155296
 -0.046895	 -0.017935	 -0.017716	 -0.103621	  0.057959	 -0.101591	 -0.145287
 -0.052882	 -0.008812	 -0.044260	 -0.108657	  0.026538	 -0.112075	 -0.093593
 -0.052977	 -0.008875	 -0.030671	 -0.074100	  0.041267	 -0.116320	 -0.054347
 -0.063240	 -0.036116	 -0.032825	 -0.057217	  0.058973	 -0.127374	 -0.062931
  0.028530	  0.123895	  0.032920	 -0.057768	  0.033991	  0.009102	 -0.063694
  0.053585	  0.112428	  0.041377	 -0.043641	  0.022018	 -0.005500	 -0.026634
  0.010633	  0.078726	  0.045654	 -0.000942	  0.005040	  0.031560	  0.031173
 -0.005426	  0.045277	  0.025508	  0.027724	  0.010963	  0.005269	  0.023635
  0.014434	  0.050503	  0.022974	  0.045589	  0.022144	  0.008342	  0.046251
  0.007529	  0.050630	  0.015911	  0.047679	  0.059933	  0.004066	  0.023318
 -0.022151	  0.042014	  0.001213	  0.058607	  0.064557	 -0.003283	  0.031807
  0.013453	 -0.016744	 -0.036671	  0.054680	  0.045394	  0.001310	  0.020562
  0.010633	 -0.001413	 -0.065843	  0.046191	  0.039914	 -0.009777	 -0.022010
 -0.008403	  0.007045	 -0.071798	  0.033394	  0.022999	  0.010971	 -0.012760
 -0.019426	 -0.047564	 -0.039521	  0.038018	  0.000225	  0.014677	  0.065224
 -0.001403	 -0.060139	 -0.014815	 -0.001639	 -0.040763	  0.013853	  0.063609
  0.036702	 -0.039962	  0.000200	 -0.051750	 -0.066547	 -0.033945	 -0.007629
  0.030367	 -0.060646	  0.045685	 -0.036767	 -0.079597	 -0.018297	 -0.010416
  0.001543	 -0.053772	  0.052622	 -0.015830	 -0.055777	 -0.022795	  0.067410
  0.000117	 -0.043541	  0.028422	 -0.022830	 -0.030912	 -0.044556	 -0.007882
  0.019059	 -0.053012	  0.005774	 -0.032016	 -0.013807	 -0.035655	 -0.141774
 -0.023829	 -0.028210	 -0.045476	 -0.032016	 -0.019921	  0.000676	 -0.089478
 -0.067890	 -0.039518	 -0.038064	 -0.042627	 -0.000440	  0.037831	  0.027974
 -0.078057	 -0.065999	 -0.006072	 -0.014056	 -0.019414	  0.036153	 -0.018684
 -0.090094	 -0.041007	 -0.001954	  0.017778	 -0.021599	  0.036501	 -0.118334
 -0.064500	 -0.027260	  0.004697	 -0.026378	 -0.008581	  0.042741	 -0.096668
 -0.067351	 -0.038156	  0.012078	 -0.043451	 -0.024387	  0.093865	  0.052047
 -0.064976	 -0.045505	 -0.002683	 -0.067239	 -0.023943	  0.083951	  0.077673
 -0.065229	  0.023262	  0.021834	 -0.090013	 -0.074022	  0.022279	 -0.116339
 -0.026522	  0.021710	  0.043120	 -0.104679	 -0.059293	  0.005776	 -0.169268
 -0.002258	  0.084871	  0.063360	 -0.085199	 -0.031545	  0.071629	 -0.033983
 -0.007517	  0.102387	  0.048789	 -0.097457	  0.017678	  0.121486	  0.131806
  0.024000	  0.090509	  0.033902	 -0.119693	  0.054611	  0.106535	  0.065256
  0.025964	  0.123736	  0.028897	 -0.119091	  0.013338	  0.072643	 -0.095876
  0.057861	  0.117180	  0.002639	 -0.074366	 -0.009246	  0.016229	 -0.114723
  0.068409	  0.115184	 -0.009208	 -0.037242	  0.011121	  0.049456	  0.023920
  0.048517	  0.092473	  0.009259	 -0.036577	  0.011343	  0.084933	  0.127403
  0.045920	  0.083667	  0.000801	 -0.030337	 -0.030437	  0.027474	 -0.010733
  0.029005	  0.076002	 -0.008226	 -0.007784	 -0.049695	 -0.020419	 -0.145670
  0.025457	  0.045340	  0.040649	 -0.039333	 -0.054257	  0.040555	 -0.040476
  0.024824	  0.030073	  0.037418	 -0.033346	 -0.056062	  0.072896	  0.091800
  0.019629	  0.021995	  0.042201	 -0.041170	 -0.052673	  0.058927	  0.011725
  0.019629	  0.024149	  0.048188	 -0.083393	 -0.085869	  0.018509	 -0.106773
  0.030621	  0.042173	  0.056392	 -0.118204	 -0.072438	  0.025225	 -0.059418
  0.000086	  0.085758	  0.045337	 -0.117254	 -0.033256	  0.104191	  0.100225
 -0.060984	  0.098174	  0.037355	 -0.071452	 -0.026129	  0.106599	  0.077609
 -0.100167	  0.094944	  0.062125	 -0.060112	 -0.014663	  0.080751	 -0.091125
 -0.081859	  0.056046	  0.095669	 -0.046523	 -0.046845	  0.108657	 -0.111682
 -0.079071	  0.017307	  0.053382	 -0.035658	 -0.006459	  0.173845	  0.059776
 -0.086705	  0.022344	  0.035454	 -0.031794	  0.012071	  0.182112	  0.162531
 -0.086040	  0.028140	  0.041061	 -0.029894	  0.002315	  0.112490	  0.030793
 -0.098266	  0.024244	  0.006756	 -0.028722	 -0.051533	  0.054873	 -0.114058
 -0.109796	  0.019461	 -0.031824	 -0.023907	 -0.071868	  0.103811	 -0.067717
 -0.088637	 -0.002236	 -0.045318	 -0.017730	 -0.053433	  0.178882	  0.072763
 -0.047586	  0.052784	 -0.050037	 -0.061981	 -0.075669	  0.159528	  0.031680
 -0.053129	  0.057060	 -0.064608	 -0.081968	 -0.059546	  0.114264	 -0.142693
 -0.054649	  0.075748	 -0.086622	 -0.078072	 -0.032622	  0.080308	 -0.142502
 -0.048694	  0.068400	 -0.103664	 -0.061315	  0.030031	  0.120156	  0.038300
 -0.058165	  0.055096	 -0.112755	 -0.027961	  0.045901	  0.116291	  0.072066
 -0.061681	  0.057092	 -0.064703	 -0.059637	  0.084418	  0.037705	 -0.059988
 -0.076505	  0.044643	 -0.071545	 -0.057008	  0.089359	 -0.025012	 -0.124289
 -0.067921	  0.046924	 -0.094066	 -0.061854	  0.066300	 -0.003378	 -0.009720
 -0.078438	  0.051105	 -0.081966	 -0.030400	  0.054833	  0.072104	  0.144508
 -0.037165	  0.066309	 -0.078767	 -0.009621	  0.023221	  0.051642	  0.058541
 -0.021612	  0.055508	 -0.095523	 -0.048424	  0.025692	 -0.023365	 -0.094958
 -0.020884	  0.087532	 -0.067237	 -0.084058	  0.009347	 -0.037999	 -0.113044
  0.002049	  0.084807	 -0.062391	 -0.065528	  0.053313	 -0.014401	  0.017173
 -0.012933	  0.091871	 -0.082315	 -0.047505	  0.023411	  0.013631	  0.017236
 -0.013186	  0.075273	 -0.064513	 -0.022355	  0.028258	 -0.008129	 -0.165404
 -0.000643	  0.084206	 -0.025236	 -0.028437	  0.043018	 -0.030777	 -0.235850
  0.001194	  0.092885	  0.002100	 -0.064388	  0.043873	 -0.016017	 -0.103510
 -0.017114	  0.088133	  0.020662	 -0.074587	  0.047136	  0.014075	  0.044319
 -0.027345	  0.078346	  0.035708	 -0.084407	  0.073743	  0.013188	 -0.034205
 -0.027187	  0.061780	  0.023037	 -0.067556	  0.086984	 -0.020926	 -0.158055
 -0.026648	  0.085093	  0.031875	 -0.045541	  0.088472	 -0.013958	 -0.096732
 -0.032192	  0.131148	  0.072514	 -0.071958	  0.135922	  0.045402	  0.066840
 -0.037196	  0.143153	  0.094687	 -0.110887	  0.112260	  0.033587	  0.015937
 -0.075302	  0.158928	  0.068492	 -0.086529	  0.023791	 -0.023429	 -0.140475
 -0.064437	  0.122438	  0.058514	 -0.089602	 -0.011558	 -0.049941	 -0.180196
 -0.075017	  0.111415	  0.083442	 -0.075664	 -0.031292	 -0.013578	 -0.036929
 -0.075048	  0.095355	  0.058799	 -0.085864	 -0.030849	 -0.001921	  0.016032
 -0.066559	  0.089052	  0.051324	 -0.094448	 -0.032084	 -0.022035	 -0.099899
 -0.060351	  0.098048	  0.052844	 -0.087163	 -0.044596	 -0.069643	 -0.207500
 -0.050848	  0.090256	  0.039192	 -0.071483	 -0.008834	 -0.056529	 -0.126443
 -0.031780	  0.087183	  0.017463	 -0.072307	 -0.006300	 -0.029415	  0.006150
 -0.026585	  0.104573	  0.012743	 -0.089475	 -0.013902	 -0.006419	 -0.046178
  0.014371	  0.116609	  0.033965	 -0.067746	  0.004279	 -0.007749	 -0.231225
  0.048834	  0.122596	  0.051197	 -0.038414	  0.015714	  0.008183	 -0.229546
  0.061536	  0.144325	  0.050215	 -0.034518	  0.017710	  0.050438	 -0.045101
  0.062486	  0.123040	  0.029404	 -0.043451	  0.021036	  0.038243	  0.017711
  0.075219	  0.093582	  0.022689	 -0.072434	 -0.031165	 -0.010283	 -0.137720
  0.053427	  0.100835	  0.010937	 -0.046998	 -0.064678	 -0.060267	 -0.228596
  0.050734	  0.069192	 -0.005787	 -0.016558	 -0.047351	 -0.027166	 -0.089795
  0.059318	  0.028711	  0.009892	  0.009669	 -0.013839	  0.002545	  0.035133
  0.056689	  0.029502	 -0.015353	 -0.022767	 -0.000377	 -0.050004	 -0.066007
  0.015385	  0.022851	 -0.004520	 -0.007626	 -0.003354	 -0.094096	 -0.211080
  0.011869	  0.006538	 -0.002746	 -0.003350	  0.000922	 -0.111296	 -0.169173
 -0.058704	  0.001723	  0.000073	 -0.011047	 -0.001327	 -0.050796	  0.016634
 -0.076189	 -0.026151	  0.002322	 -0.040727	  0.009157	  0.028044	  0.044889
 -0.072704	 -0.006354	  0.011666	 -0.069139	 -0.018210	 -0.024506	 -0.082003
 -0.070297	  0.039480	  0.022246	 -0.066827	 -0.020079	 -0.055452	 -0.128059
 -0.119140	  0.066658	 -0.015511	 -0.041043	  0.017266	  0.012523	  0.000385
 -0.110556	  0.086265	 -0.056246	 -0.048012	  0.037000	  0.051357	  0.089361
 -0.124367	  0.083794	 -0.058305	 -0.079054	  0.015049	  0.004192	  0.015399
 -0.129593	  0.073278	 -0.028562	 -0.063945	 -0.004970	  0.017844	 -0.172182
 -0.111443	  0.055698	 -0.040377	 -0.064863	  0.014194	  0.041094	 -0.112189
 -0.125729	  0.103749	 -0.043956	 -0.059827	  0.017646	  0.098996	  0.004756
 -0.125222	  0.112935	 -0.063880	 -0.034740	  0.027307	  0.095132	 -0.039494
 -0.081320	  0.099663	 -0.081111	 -0.037907	  0.014352	  0.019555	 -0.195590
 -0.089524	  0.121234	 -0.063721	 -0.017540	  0.004279	 -0.008953	 -0.229863
 -0.084298	  0.135488	 -0.032616	 -0.019219	 -0.013174	  0.037040	 -0.102908
 -0.070836	  0.092758	 -0.027453	 -0.037781	 -0.034048	  0.036153	 -0.084695
 -0.047016	  0.068685	 -0.022607	 -0.053365	 -0.030468	 -0.020229	 -0.206423
 -0.023228	  0.072866	 -0.028910	 -0.062076	 -0.048428	 -0.045000	 -0.253524
  0.008068	  0.072486	  0.000548	 -0.072909	 -0.048207	 -0.033533	 -0.081749
  0.008004	  0.064535	 -0.007276	 -0.091375	 -0.020776	 -0.030809	  0.066745
  0.041517	  0.025765	 -0.035340	 -0.064768	 -0.054478	 -0.053584	 -0.031132
  0.065147	  0.060734	 -0.036544	 -0.043514	 -0.036360	 -0.101160	 -0.175286
  0.035372	  0.085663	 -0.034136	 -0.034075	 -0.041745	 -0.091150	 -0.168128
  0.052318	  0.083034	 -0.029068	 -0.041392	 -0.032179	 -0.025234	 -0.010511
  0.071577	  0.050883	 -0.060902	 -0.029133	 -0.014694	  0.001373	  0.022716
  0.049309	  0.073594	 -0.023430	  0.008117	 -0.019255	 -0.040565	 -0.124796
  0.021815	  0.042236	 -0.017855	 -0.010888	 -0.017545	 -0.066064	 -0.162014
  0.019249	  0.039195	  0.002417	 -0.033568	  0.000035	 -0.024316	 -0.020838
  0.007878	  0.031371	  0.013598	 -0.021310	  0.007384	 -0.009238	  0.020689
 -0.000991	 -0.001761	 -0.014181	 -0.011173	  0.028194	 -0.030461	 -0.121438
 -0.013693	  0.019588	 -0.037842	  0.017018	  0.021004	 -0.032488	 -0.130181
 -0.000168	  0.021045	 -0.020706	 -0.012155	  0.032439	 -0.001604	 -0.063029
 -0.015942	  0.026335	 -0.023620	 -0.005757	  0.013243	 -0.027895	 -0.009846
 -0.032033	  0.052530	 -0.043544	 -0.053903	 -0.008929	 -0.013926	 -0.043042
 -0.007675	  0.066246	  0.013091	 -0.006169	 -0.039971	 -0.014021	 -0.074242
 -0.035549	  0.029122	  0.025698	 -0.005852	 -0.052324	 -0.062389	 -0.044246
 -0.040427	  0.013190	  0.026458	 -0.020613	 -0.005667	 -0.071163	  0.001779
 -0.058260	  0.009959	  0.049170	 -0.025047	  0.031805	 -0.084119	  0.047581
 -0.033205	  0.024814	  0.054839	  0.014579	  0.036778	 -0.097739	  0.066650
 -0.029974	  0.046322	  0.030893	 -0.003413	  0.058888	 -0.109997	  0.032852
 -0.044482	  0.043693	  0.011856	 -0.024604	  0.084988	 -0.100653	 -0.002688
 -0.031748	  0.068653	 -0.003633	 -0.012377	  0.068612	 -0.103124	 -0.031037
  0.011172	  0.036503	  0.022531	  0.032095	  0.065223	 -0.080001	  0.019643
 -0.013567	  0.068685	  0.021485	  0.049802	  0.041371	 -0.039646	  0.045142
 -0.005394	  0.073563	  0.000390	  0.044417	  0.041846	 -0.044366	  0.017426
 -0.008689	  0.063237	  0.002037	  0.037511	  0.070037	 -0.055991	  0.001905
 -0.019458	  0.019620	  0.023069	  0.032570	  0.038615	 -0.044049	 -0.003575
 -0.026743	  0.007361	  0.027282	  0.034661	  0.050018	 -0.051081	  0.008272
 -0.025286	  0.029376	  0.041472	  0.014864	  0.050684	 -0.038443	  0.011788
 -0.056898	  0.048983	  0.017874	  0.001275	  0.073046	 -0.024189	  0.002665
 -0.059084	  0.073499	  0.009037	 -0.031572	  0.074820	  0.003210	  0.015367
 -0.045052	  0.082368	  0.026363	 -0.017192	  0.039249	 -0.004582	 -0.032938
 -0.032762	  0.095197	 -0.047187	 -0.015861	  0.043588	 -0.008985	 -0.050676
  0.020516	  0.094944	 -0.057766	 -0.006961	  0.087934	 -0.014845	 -0.046241
  0.026661	  0.116926	 -0.071260	 -0.044401	  0.084671	 -0.011265	 -0.022263
  0.001099	  0.101405	 -0.048834	 -0.040156	  0.109156	  0.025130	 -0.045133
 -0.014200	  0.092726	 -0.061124	  0.000040	  0.055403	  0.055380	 -0.044119
 -0.016164	  0.108184	 -0.063151	 -0.026663	  0.034181	  0.053036	 -0.095085
  0.032363	  0.092821	 -0.073160	 -0.016622	  0.040706	  0.059434	 -0.120773
  0.009905	  0.082368	 -0.071197	 -0.022165	  0.028416	  0.052719	 -0.151783
  0.004457	  0.067291	 -0.074713	 -0.037939	  0.022968	  0.044990	 -0.120520
 -0.005964	  0.074735	 -0.065717	 -0.037527	 -0.030690	  0.003432	 -0.115230
  0.021910	  0.061653	 -0.052698	 -0.031794	 -0.030437	 -0.021623	 -0.122040
  0.017602	  0.025701	 -0.070975	 -0.039174	 -0.054985	 -0.014591	 -0.115198
  0.029860	  0.052119	 -0.023304	 -0.016622	 -0.055270	 -0.029035	 -0.121819
  0.020991	  0.064567	 -0.043956	 -0.057293	 -0.065881	 -0.033755	 -0.101451
 -0.019268	  0.048349	 -0.070785	 -0.053587	 -0.023595	 -0.060109	 -0.091252
 -0.014865	  0.051010	 -0.086496	 -0.032174	 -0.010861	 -0.085829	 -0.059196
 -0.000738	  0.023389	 -0.041453	 -0.035468	  0.000225	 -0.072589	 -0.014693
  0.002176	  0.004637	 -0.041327	  0.006533	 -0.006427	 -0.072557	 -0.008009
  0.004932	 -0.009712	 -0.018331	 -0.002399	  0.006212	 -0.048357	 -0.014566
  0.008670	 -0.013734	  0.012870	  0.020312	  0.009664	 -0.025741	  0.020499
  0.001226	 -0.001666	  0.026553	  0.055028	  0.033769	 -0.033881	  0.033074
  0.008828	 -0.015762	  0.008594	  0.065196	  0.025977	 -0.031189	 -0.016530
  0.029005	 -0.035432	 -0.040186	  0.059589	  0.031710	  0.004161	 -0.004366
  0.058526	 -0.005435	 -0.093749	  0.051639	  0.018945	  0.030736	  0.010648
  0.031191	  0.019303	 -0.112881	  0.046412	  0.035194	  0.032383	  0.006245
  0.030272	  0.083002	 -0.088428	  0.034186	  0.025533	 -0.007686	 -0.013362
 -0.005489	  0.105745	 -0.080034	  0.006755	  0.022524	 -0.000749	 -0.040761
 -0.047966	  0.084364	 -0.049372	  0.003049	  0.013243	  0.013441	 -0.046305
 -0.052400	  0.066499	 -0.053205	 -0.019377	  0.016728	  0.018288	 -0.066672
 -0.069283	  0.050503	 -0.010158	 -0.032586	  0.011406	  0.032763	 -0.055364
 -0.065704	  0.056426	 -0.005629	 -0.051053	 -0.024862	  0.061778	 -0.062269
 -0.075492	  0.045688	  0.022721	 -0.076425	 -0.043772	  0.058040	 -0.027078
 -0.090791	  0.049204	  0.054238	 -0.091755	 -0.028853	  0.040841	 -0.021091
 -0.102954	  0.046227	  0.082429	 -0.098661	 -0.022961	  0.035804	 -0.047382
 -0.125824	  0.010972	  0.087940	 -0.084090	 -0.038577	  0.033080	 -0.036422
 -0.110081	  0.030199	  0.064184	 -0.052288	 -0.021884	  0.053067	  0.001620
 -0.111982	  0.042363	  0.051482	 -0.075854	 -0.031007	  0.050502	 -0.034078
 -0.116100	  0.053607	  0.007802	 -0.079624	 -0.067117	  0.012745	 -0.031354
 -0.106407	  0.019366	  0.021580	 -0.073764	 -0.028093	 -0.006071	 -0.017702
 -0.049993	  0.011542	  0.027440	 -0.008988	 -0.041396	  0.046922	 -0.004366
 -0.034282	  0.026018	  0.010051	  0.015307	 -0.067307	  0.098268	 -0.009466
 -0.000928	  0.027190	  0.015720	 -0.016843	 -0.037120	  0.063488	 -0.033349
  0.002620	  0.038371	 -0.003918	  0.007230	 -0.008708	  0.064692	 -0.054984
 -0.040712	  0.052689	  0.012331	  0.015782	 -0.006427	  0.060891	 -0.061097
 -0.033775	  0.034824	  0.019395	  0.010302	  0.029778	  0.069190	 -0.096858
 -0.017368	  0.034729	  0.034884	 -0.011965	  0.037253	  0.076697	 -0.062522
 -0.010082	  0.054431	  0.044260	  0.013280	  0.021922	  0.058864	 -0.051309
 -0.006756	  0.078789	  0.014485	  0.001718	  0.020529	  0.010116	 -0.062174
 -0.026648	  0.104985	 -0.016968	 -0.025142	  0.041973	  0.000645	 -0.085138
 -0.012996	  0.099822	 -0.060174	 -0.021120	  0.051761	 -0.005785	 -0.083713
 -0.010146	  0.094595	 -0.077627	 -0.023590	  0.052299	 -0.038411	 -0.099044
  0.000814	  0.064155	 -0.057925	 -0.001988	  0.052616	 -0.037683	 -0.124384
 -0.032223	  0.038181	 -0.041422	  0.032032	  0.049892	 -0.023619	 -0.099741
 -0.048568	  0.033874	  0.008435	  0.026235	  0.044602	 -0.015161	 -0.055966
 -0.025698	  0.041824	 -0.001448	  0.012710	  0.025850	 -0.036416	 -0.076143
 -0.030608	  0.017751	 -0.014593	 -0.002273	  0.028416	 -0.059919	 -0.042028
 -0.075904	  0.013506	  0.000010	 -0.065813	  0.075264	 -0.042244	 -0.015199
 -0.103018	  0.030009	  0.001688	 -0.079370	  0.060535	 -0.047629	 -0.048363
 -0.088289	  0.045942	  0.014580	 -0.080574	 -0.000250	 -0.027451	 -0.030435
 -0.040966	  0.053607	 -0.015606	 -0.105344	 -0.040826	 -0.046552	 -0.016213
 -0.046224	  0.020380	 -0.035594	 -0.104616	 -0.103987	 -0.042307	 -0.033254
 -0.059432	  0.015787	 -0.039680	 -0.096538	 -0.127363	 -0.016967	 -0.003258
 -0.081447	  0.032765	 -0.027801	 -0.072465	 -0.148459	 -0.036701	 -0.021091
 -0.111031	  0.031213	  0.004381	 -0.076520	 -0.124164	 -0.064797	 -0.032177
 -0.120027	  0.021457	 -0.005819	 -0.083868	 -0.042727	 -0.054661	 -0.031512
 -0.084361	  0.006601	  0.010526	 -0.066225	 -0.016721	 -0.035687	 -0.028028
 -0.042708	  0.004130	 -0.031222	 -0.069108	  0.042131	 -0.037746	 -0.036517
 -0.032730	 -0.006196	 -0.060395	 -0.093403	  0.050525	 -0.029890	 -0.038702
  0.000656	  0.023769	 -0.034232	 -0.074556	  0.033136	 -0.014971	  0.010616
