:RUN-2	LEVEL SWEEP	TEMP:NaN	8/27/2019	3:14 PM	HR:-636.36:SW EAR: R	SW FREQ: 8.00	# AVERAGES: 512	REP RATE (/sec): 80	DRIVER: 	SAMPLE (µsec): 40	MASKER dB: 2147483647:NOTES-:CHAMBER-SEWELL-PXI1:CFTS Version: V2.7.2 (R850):LEVELS:20;30;40;50;60;70;80;:DATA -0.018684	  0.073751	  0.005719	 -0.004026	  0.033839	  0.016717	 -0.037269
 -0.028978	  0.020537	  0.005846	  0.005192	  0.044070	 -0.034724	 -0.002046
 -0.030245	  0.045370	  0.007873	 -0.007795	  0.059084	 -0.018791	 -0.019531
 -0.007661	  0.025288	 -0.035871	 -0.009347	  0.078754	 -0.003809	 -0.036604
  0.007480	  0.015627	 -0.031088	 -0.016063	  0.047332	 -0.022751	 -0.021368
  0.006783	  0.019618	 -0.012051	 -0.012673	  0.009164	 -0.030765	 -0.034355
  0.006973	  0.021994	 -0.033052	 -0.009854	  0.007295	 -0.000388	 -0.039328
  0.064591	  0.020378	 -0.052342	 -0.020560	 -0.021688	  0.015038	 -0.009490
  0.064971	  0.004446	 -0.011924	 -0.036018	 -0.039870	 -0.013850	 -0.011295
  0.063260	 -0.026216	  0.010565	 -0.015524	 -0.027991	  0.000531	 -0.007241
  0.069532	 -0.019248	  0.022760	  0.001105	  0.027535	  0.046365	 -0.030491
  0.042925	 -0.047914	  0.003217	 -0.004279	 -0.000814	  0.046206	 -0.043699
  0.038902	 -0.046963	  0.038376	  0.003576	 -0.030114	  0.039301	 -0.035590
  0.009602	 -0.039646	  0.071730	  0.049125	 -0.062771	  0.006105	 -0.021432
  0.015462	 -0.034737	  0.059567	  0.061795	 -0.040693	 -0.020122	 -0.004549
 -0.039241	 -0.018171	  0.021367	  0.034111	 -0.030367	 -0.026710	  0.007931
 -0.027870	 -0.000052	  0.007936	  0.044596	 -0.031888	 -0.026013	  0.033050
 -0.059925	  0.019016	 -0.012209	  0.008708	 -0.010665	 -0.011633	  0.080215
 -0.077061	 -0.012691	 -0.015028	 -0.030095	 -0.002746	 -0.000958	  0.106378
 -0.100818	 -0.020388	 -0.051392	 -0.041973	 -0.007466	  0.040251	  0.126714
 -0.097048	 -0.024379	 -0.041129	 -0.037728	 -0.011330	  0.040251	  0.155317
 -0.094261	 -0.034800	 -0.046292	 -0.021099	 -0.014308	  0.033473	  0.202545
 -0.064961	 -0.061407	 -0.016580	 -0.037538	 -0.018869	  0.068506	  0.232731
 -0.053970	 -0.028402	 -0.016390	 -0.038204	 -0.045508	  0.084660	  0.247809
  0.002982	  0.015690	 -0.014522	 -0.050272	 -0.045286	  0.084819	  0.229532
  0.002190	  0.013948	 -0.009549	 -0.048530	 -0.036417	  0.092516	  0.220631
 -0.000439	  0.028297	 -0.002010	 -0.018153	 -0.018426	  0.084280	  0.192757
  0.022146	  0.097919	  0.008506	  0.002943	 -0.011742	  0.118173	  0.164566
  0.016951	  0.112585	  0.008950	 -0.007130	  0.030259	  0.145508	  0.154398
  0.024838	  0.089145	 -0.006286	 -0.005926	  0.051735	  0.141201	  0.115533
  0.036051	  0.044610	  0.006574	  0.012762	  0.070424	  0.135151	  0.133778
  0.027246	  0.038148	  0.005117	  0.021441	  0.066211	  0.100720	  0.167955
  0.028988	  0.013315	  0.031249	  0.032749	  0.065356	  0.139617	  0.153480
  0.025535	 -0.002143	 -0.021110	  0.041777	  0.088985	  0.156278	  0.218192
  0.039250	 -0.034990	 -0.031056	  0.041618	  0.094402	  0.177279	  0.261809
  0.040359	 -0.059443	 -0.005114	  0.060972	  0.091108	  0.158432	  0.346889
  0.043305	 -0.057765	 -0.006603	  0.060845	  0.082777	  0.194859	  0.408846
  0.049133	 -0.068756	 -0.005747	  0.075733	  0.117620	  0.234104	  0.414294
  0.036273	 -0.072019	 -0.004544	  0.041650	  0.128168	  0.276739	  0.405868
 -0.001294	 -0.050163	  0.003312	  0.048397	  0.114041	  0.312881	  0.415973
  0.011503	 -0.028782	  0.014620	  0.050931	  0.135612	  0.306672	  0.427059
  0.012675	 -0.013546	  0.022317	  0.059356	  0.170739	  0.277721	  0.385343
 -0.008738	 -0.025614	  0.058363	  0.072312	  0.173622	  0.260427	  0.305743
 -0.017195	 -0.009396	  0.055069	  0.078362	  0.124969	  0.240059	  0.200707
 -0.020362	 -0.030302	  0.040593	  0.076049	  0.138874	  0.223810	  0.104953
 -0.008326	 -0.007908	 -0.001851	  0.051121	  0.111063	  0.157703	 -0.046265
 -0.020109	  0.009102	  0.013004	  0.095561	  0.083094	  0.087226	 -0.134196
 -0.026317	  0.026713	  0.026371	  0.090525	 -0.006769	 -0.001180	 -0.212244
 -0.051468	  0.031465	  0.020733	  0.072977	 -0.077532	 -0.096396	 -0.300966
 -0.035788	  0.047841	  0.020575	  0.041967	 -0.132203	 -0.160950	 -0.354751
 -0.004620	  0.023704	  0.022887	 -0.003678	 -0.160078	 -0.205454	 -0.423011
 -0.016023	  0.047936	  0.010565	 -0.026009	 -0.181680	 -0.254994	 -0.443663
 -0.014724	  0.041126	  0.002013	 -0.031552	 -0.201952	 -0.278624	 -0.425323
 -0.029548	  0.045624	 -0.006571	 -0.072983	 -0.197106	 -0.276787	 -0.416201
 -0.068889	  0.007455	 -0.023106	 -0.092970	 -0.194065	 -0.298991	 -0.344361
 -0.059481	  0.027822	 -0.034192	 -0.143746	 -0.182630	 -0.285086	 -0.305116
 -0.035788	  0.012935	 -0.078569	 -0.178399	 -0.179748	 -0.272131	 -0.202076
 -0.020806	  0.020695	 -0.067736	 -0.164271	 -0.168598	 -0.254012	 -0.147119
 -0.034110	  0.050660	 -0.057537	 -0.165982	 -0.142624	 -0.180431	 -0.123331
 -0.047096	  0.076444	 -0.077112	 -0.178335	 -0.136860	 -0.148819	 -0.066696
 -0.014027	  0.037546	 -0.049681	 -0.143619	 -0.153679	 -0.107134	  0.026367
 -0.001611	  0.022215	 -0.070967	 -0.127591	 -0.081966	 -0.039855	  0.129691
  0.008209	  0.012111	 -0.066089	 -0.133958	 -0.015733	 -0.006818	  0.208468
  0.015146	 -0.027641	 -0.078157	 -0.092052	  0.035296	  0.044211	  0.254460
  0.042260	 -0.057575	 -0.068940	 -0.032724	  0.061175	  0.124381	  0.308372
  0.044223	 -0.050163	 -0.079836	  0.013934	  0.096841	  0.203031	  0.370202
  0.015462	 -0.054407	 -0.068148	  0.044121	  0.125634	  0.264608	  0.446159
  0.032187	 -0.043954	 -0.035396	  0.054478	  0.123670	  0.269042	  0.475364
  0.052839	 -0.043574	  0.016330	  0.049600	  0.104855	  0.306419	  0.460572
  0.058826	 -0.044208	  0.074898	  0.055112	  0.134725	  0.352412	  0.398488
  0.053758	 -0.030429	  0.074835	  0.051247	  0.185183	  0.342117	  0.274511
  0.017965	  0.012871	  0.084622	  0.058818	  0.191265	  0.295459	  0.150755
 -0.010480	  0.019175	  0.111863	  0.066072	  0.211854	  0.194542	  0.057820
 -0.034838	 -0.000464	  0.132294	  0.055714	  0.201369	  0.141074	  0.009990
 -0.043612	 -0.013261	  0.117628	  0.056601	  0.167350	  0.067524	 -0.026753
 -0.037847	 -0.006007	  0.069006	  0.115453	  0.123036	  0.040410	 -0.049496
 -0.043359	 -0.005722	  0.073092	  0.149758	  0.072483	  0.055741	 -0.108855
 -0.013045	  0.011699	  0.056304	  0.191474	  0.039952	  0.067936	 -0.134797
  0.003647	  0.022817	  0.061151	  0.180673	  0.011824	  0.047125	 -0.106892
 -0.012602	  0.024591	  0.071857	  0.159640	  0.033934	  0.041613	 -0.072112
  0.005928	  0.041664	  0.075911	  0.137594	  0.041504	  0.078610	 -0.007811
  0.034753	 -0.017695	  0.075785	  0.079502	  0.044672	  0.130779	  0.052214
  0.061265	 -0.033375	  0.067993	  0.063633	  0.024938	  0.149595	  0.078536
  0.045300	 -0.063435	  0.021240	  0.059483	  0.033775	  0.126820	  0.051168
  0.042481	 -0.069294	  0.009330	  0.043424	  0.023703	  0.103032	  0.048856
  0.032282	 -0.033691	  0.032770	  0.027649	  0.038115	  0.097520	  0.039480
  0.028259	  0.010971	  0.022792	  0.050899	  0.034662	  0.083710	  0.052625
  0.007448	  0.029564	  0.034544	  0.054003	  0.014010	  0.092231	  0.060291
  0.026390	 -0.016365	  0.030236	  0.071171	 -0.001226	  0.097045	  0.059404
  0.025377	 -0.041895	  0.019878	  0.066958	  0.011951	  0.041012	  0.003592
  0.020245	 -0.005215	  0.032896	  0.080072	 -0.026313	  0.015386	 -0.105624
  0.006435	 -0.028212	  0.006638	  0.063823	 -0.031476	 -0.012425	 -0.178668
 -0.034331	 -0.002301	 -0.009358	  0.035251	 -0.059920	 -0.058671	 -0.183166
 -0.014566	  0.007391	 -0.012558	  0.022550	 -0.100275	 -0.093925	 -0.155196
 -0.025019	 -0.019691	 -0.002137	  0.005128	 -0.159539	 -0.168489	 -0.172238
 -0.027394	 -0.023270	 -0.045247	 -0.030570	 -0.217061	 -0.219264	 -0.175627
 -0.059577	 -0.003822	 -0.045563	 -0.014447	 -0.222858	 -0.234627	 -0.166948
 -0.069776	  0.002545	 -0.046799	 -0.035765	 -0.251017	 -0.229369	 -0.159378
 -0.085487	 -0.008858	 -0.054306	 -0.089518	 -0.246836	 -0.225029	 -0.136761
 -0.072215	  0.006251	 -0.031341	 -0.133198	 -0.214242	 -0.238175	 -0.107905
 -0.074844	 -0.028465	 -0.023042	 -0.169783	 -0.222098	 -0.187399	 -0.079366
 -0.095180	 -0.016302	 -0.026526	 -0.155434	 -0.206070	 -0.139189	 -0.067171
 -0.092741	 -0.043511	 -0.043188	 -0.168928	 -0.169200	 -0.125220	 -0.060772
 -0.066957	 -0.048135	 -0.030993	 -0.166520	 -0.108003	 -0.101907	 -0.078067
 -0.056947	 -0.036891	 -0.045912	 -0.147959	 -0.101351	 -0.098106	 -0.043319
 -0.049345	 -0.026343	 -0.036726	 -0.121795	 -0.106103	 -0.058322	 -0.000146
 -0.010670	 -0.028813	 -0.047971	 -0.118501	 -0.079401	  0.007151	  0.028552
 -0.000154	 -0.019216	 -0.061274	 -0.115206	 -0.040567	  0.026219	  0.056997
 -0.029042	 -0.021021	 -0.073881	 -0.090119	  0.024431	  0.060809	  0.079011
 -0.037150	  0.004477	 -0.060134	 -0.063354	  0.046921	  0.091249	  0.106949
 -0.029137	  0.008722	 -0.068148	 -0.058983	  0.063487	  0.088683	  0.137959
 -0.018842	 -0.007591	 -0.100552	  0.005065	  0.110335	  0.098597	  0.153131
 -0.006774	 -0.037904	 -0.078474	  0.032211	  0.149454	  0.104489	  0.155950
 -0.007724	 -0.029732	 -0.044265	  0.037659	  0.121579	  0.114910	  0.167448
  0.009856	 -0.003030	 -0.033653	  0.022803	  0.122118	  0.124413	  0.181322
 -0.001832	  0.019555	 -0.040970	  0.035283	  0.112774	  0.145223	  0.225731
 -0.028820	  0.040175	 -0.038120	  0.059008	  0.099248	  0.154441	  0.207961
 -0.028186	  0.008310	 -0.019685	  0.036328	  0.088130	  0.118616	  0.215056
 -0.006014	  0.007106	  0.026213	  0.061700	  0.024811	  0.121467	  0.244863
  0.021354	  0.025763	  0.038345	  0.031894	 -0.001511	  0.106801	  0.260447
  0.011946	  0.011763	  0.035652	  0.065533	 -0.005597	  0.106231	  0.231369
 -0.006204	  0.011858	  0.007873	  0.088181	  0.013757	  0.132965	  0.247967
 -0.034173	  0.012713	  0.032833	  0.097937	 -0.009968	  0.145223	  0.279009
 -0.049567	  0.015975	  0.047974	  0.124417	 -0.015828	  0.104014	  0.227346
 -0.013521	 -0.011709	  0.019498	  0.122137	 -0.007371	  0.059225	  0.178155
 -0.011335	 -0.015256	  0.047467	  0.110734	  0.010177	  0.028437	  0.145529
 -0.016371	 -0.068503	  0.061056	  0.076841	  0.011951	 -0.005424	  0.120569
 -0.042757	 -0.081996	  0.049748	  0.045229	 -0.008353	 -0.013882	  0.076318
 -0.042820	 -0.078734	  0.039580	  0.036518	 -0.016398	 -0.043466	 -0.007051
 -0.041965	 -0.095142	  0.037743	  0.053908	 -0.039110	 -0.067476	 -0.054469
 -0.036992	 -0.081173	  0.059472	  0.067244	 -0.065558	 -0.086291	 -0.060265
 -0.026571	 -0.067457	  0.036476	  0.043297	 -0.079559	 -0.080748	 -0.099986
 -0.016245	 -0.071068	  0.014271	  0.052451	 -0.052096	 -0.084866	 -0.133721
  0.000353	 -0.092449	 -0.009327	  0.022645	 -0.034928	 -0.088224	 -0.158554
 -0.025589	 -0.080222	 -0.022314	 -0.000732	 -0.027738	 -0.103840	 -0.184559
 -0.059260	 -0.104454	  0.013448	 -0.013909	 -0.042150	 -0.143022	 -0.179238
 -0.079659	 -0.092354	  0.042684	 -0.043177	 -0.062771	 -0.128515	 -0.143825
 -0.067527	 -0.068059	  0.048607	 -0.039819	 -0.049309	 -0.109921	 -0.121874
 -0.035567	 -0.053362	  0.038630	 -0.051697	 -0.077943	 -0.084644	 -0.086176
 -0.026856	 -0.078069	  0.051838	 -0.090088	 -0.070183	 -0.083916	 -0.096787
 -0.019602	 -0.039868	  0.035050	 -0.089549	 -0.110284	 -0.071119	 -0.074393
 -0.008548	  0.002830	 -0.003404	 -0.070576	 -0.137050	 -0.082554	 -0.081488
 -0.006647	  0.012238	 -0.017499	 -0.078463	 -0.141041	 -0.096111	 -0.093366
  0.025408	  0.018193	 -0.009422	 -0.074408	 -0.091437	 -0.103301	 -0.118865
  0.007132	 -0.004550	 -0.030613	 -0.105039	 -0.100876	 -0.082364	 -0.137933
  0.020499	 -0.001288	 -0.065107	 -0.131709	 -0.072844	 -0.044005	 -0.144110
  0.017109	  0.022881	 -0.066881	 -0.181313	 -0.084912	 -0.040299	 -0.144173
  0.028101	 -0.010188	 -0.070650	 -0.199336	 -0.080541	 -0.025221	 -0.155070
  0.027309	 -0.002808	 -0.055161	 -0.155941	 -0.080541	 -0.020248	 -0.162102
 -0.028630	  0.007550	 -0.067673	 -0.125469	 -0.074079	 -0.007483	 -0.186967
 -0.033033	 -0.005532	 -0.057473	 -0.131804	 -0.061567	  0.004237	 -0.218705
 -0.017512	 -0.015478	 -0.050790	 -0.103106	 -0.029829	 -0.009954	 -0.185066
 -0.009878	 -0.002333	 -0.003404	 -0.070734	 -0.022195	  0.014214	 -0.202456
 -0.037626	 -0.014940	 -0.005431	 -0.049828	 -0.032046	  0.000942	 -0.250602
 -0.056251	 -0.002713	 -0.031119	 -0.054421	 -0.041517	  0.000879	 -0.240688
 -0.047540	  0.033935	 -0.034920	 -0.073775	 -0.067649	 -0.015434	 -0.192193
 -0.062174	  0.048158	 -0.018513	 -0.056259	 -0.038413	 -0.023004	 -0.184908
 -0.026349	  0.022057	  0.017819	 -0.037633	 -0.017380	 -0.042326	 -0.190894
 -0.020774	  0.051769	  0.050191	 -0.034878	  0.013060	 -0.053096	 -0.203438
  0.018820	  0.039225	  0.050254	 -0.034022	  0.008498	 -0.071024	 -0.210787
  0.045934	  0.022120	  0.006859	 -0.056100	 -0.009556	 -0.052969	 -0.184876
 -0.003891	  0.006853	  0.000936	 -0.028321	 -0.026819	 -0.038177	 -0.157984
 -0.015580	 -0.015320	  0.003090	 -0.007352	 -0.030589	 -0.015370	 -0.139010
 -0.017955	  0.000930	 -0.015503	 -0.027751	 -0.019217	 -0.001433	 -0.111453
 -0.024512	 -0.001921	 -0.013255	 -0.054643	  0.001625	 -0.017461	 -0.062831
 -0.010511	  0.017274	 -0.012241	 -0.070702	  0.014295	 -0.026964	 -0.021051
 -0.009371	  0.007962	 -0.039323	 -0.090468	 -0.029480	  0.004078	 -0.027133
  0.002412	 -0.011582	 -0.017626	 -0.078083	  0.006091	  0.029672	  0.003909
 -0.007502	  0.007328	 -0.030613	 -0.103011	  0.032667	  0.032428	  0.005176
  0.013055	  0.032225	 -0.041826	 -0.093857	  0.028612	  0.029355	  0.003592
 -0.005792	  0.038592	 -0.046387	 -0.106749	  0.012490	  0.030717	  0.002578
 -0.019729	  0.041411	 -0.017246	 -0.070671	  0.010146	  0.045003	 -0.007114
 -0.008833	  0.050090	 -0.007236	 -0.060788	 -0.002968	  0.019061	  0.003465
 -0.042472	  0.041569	  0.002298	 -0.060788	  0.009797	  0.000499	 -0.016807
 -0.056916	  0.019903	  0.041449	 -0.059394	 -0.001638	  0.028088	 -0.030269
 -0.041015	  0.043660	  0.091591	 -0.048593	 -0.017063	  0.035373	 -0.025296
 -0.008358	  0.013726	  0.065395	 -0.054326	 -0.011837	  0.049152	 -0.000811
 -0.018874	  0.034664	  0.078572	 -0.052457	  0.009797	  0.023780	 -0.008160
 -0.007122	  0.056552	  0.084812	 -0.054263	 -0.001828	  0.013993	  0.007140
 -0.000534	  0.057850	  0.101917	 -0.046598	 -0.009145	 -0.023954	 -0.002901
  0.008114	  0.092250	  0.092351	 -0.029936	  0.014643	 -0.025570	 -0.014273
 -0.006552	  0.105617	  0.057762	 -0.039407	  0.000706	 -0.044227	 -0.027291
  0.028671	  0.072358	  0.039580	 -0.017836	 -0.010063	 -0.060064	 -0.011834
  0.027404	  0.077869	  0.010534	 -0.021606	 -0.011805	 -0.067793	 -0.020893
  0.043178	  0.073878	  0.022253	 -0.024045	 -0.010633	 -0.051322	 -0.037903
  0.058351	  0.101689	  0.007113	 -0.001302	  0.011508	 -0.037005	 -0.047880
  0.070609	  0.083666	 -0.050410	  0.024672	  0.020789	 -0.078499	 -0.038885
  0.069025	  0.047587	 -0.063523	 -0.042511	 -0.004108	 -0.064816	 -0.053107
  0.070071	  0.038085	 -0.056555	 -0.078305	  0.002353	 -0.052937	 -0.035020
  0.057749	  0.062982	 -0.029377	 -0.095884	 -0.002271	 -0.036340	 -0.023585
  0.060853	  0.050787	 -0.050631	 -0.068739	 -0.005977	 -0.026900	 -0.050795
  0.055943	  0.079358	 -0.027857	 -0.047801	 -0.011267	 -0.058607	 -0.064383
  0.084610	  0.050438	 -0.023961	 -0.056987	 -0.064228	 -0.069504	 -0.119593
  0.045681	  0.038433	 -0.032070	 -0.052901	 -0.040472	 -0.055820	 -0.127956
  0.031363	  0.049710	 -0.035491	 -0.050399	 -0.039205	 -0.073685	 -0.108222
  0.005485	  0.003749	 -0.038595	 -0.062118	 -0.008321	 -0.100419	 -0.107493
 -0.005475	 -0.029542	 -0.036219	 -0.055023	 -0.002303	 -0.068838	 -0.114810
  0.014227	 -0.027040	  0.000271	 -0.030190	  0.005046	 -0.104727	 -0.133847
 -0.013869	 -0.052348	  0.014588	 -0.013022	  0.006345	 -0.110650	 -0.123299
  0.000797	 -0.066697	  0.006638	  0.005635	  0.024463	 -0.119487	 -0.143191
  0.011566	 -0.059032	  0.004800	 -0.045647	  0.023228	 -0.079165	 -0.129603
 -0.010923	 -0.042244	 -0.001345	 -0.074282	 -0.001923	 -0.050023	 -0.145915
 -0.027901	 -0.019184	  0.031408	 -0.074535	 -0.020009	 -0.043783	 -0.152346
 -0.059640	 -0.011772	  0.054467	 -0.085495	 -0.040472	 -0.035833	 -0.171446
 -0.087261	 -0.006609	  0.039865	 -0.114129	 -0.041549	 -0.016828	 -0.180663
 -0.051721	  0.005903	  0.052408	 -0.083499	 -0.049689	 -0.001148	 -0.182342
 -0.047508	  0.031180	  0.047309	 -0.088821	 -0.036766	  0.020328	 -0.163020
 -0.047920	  0.006410	  0.055798	 -0.034783	  0.007833	  0.005757	 -0.147119
 -0.038386	 -0.022320	  0.054942	 -0.027276	 -0.028086	  0.003223	 -0.142146
 -0.046463	 -0.037936	  0.033340	 -0.026579	 -0.026756	 -0.002890	 -0.135938
 -0.040666	 -0.026469	  0.015095	  0.008929	 -0.018362	 -0.014579	 -0.060170
 -0.042345	 -0.009333	  0.016520	  0.022265	 -0.006737	  0.015355	 -0.025486
 -0.029327	 -0.014401	  0.012181	  0.022518	 -0.015100	  0.045668	  0.011416
 -0.040308	 -0.037569	  0.016457	 -0.006278	  0.027966	 -0.015244	  0.051390
 -0.037173	 -0.053723	  0.038186	 -0.000608	  0.034396	  0.002558	  0.034285
 -0.030457	 -0.038709	  0.024376	 -0.002002	  0.039464	 -0.003556	 -0.011517
 -0.031249	 -0.019133	  0.002995	  0.010573	  0.029930	 -0.020692	 -0.035242
 -0.047150	 -0.017138	 -0.002358	  0.040158	  0.040129	 -0.027217	 -0.042179
 -0.058363	  0.006872	 -0.008662	  0.025049	  0.033699	 -0.012171	 -0.010440
 -0.046327	 -0.018120	 -0.008757	  0.019506	  0.047605	 -0.014040	 -0.005087
 -0.045535	 -0.027084	  0.014841	  0.019316	  0.045166	  0.020644	  0.028235
 -0.034512	 -0.038392	  0.008253	 -0.013753	  0.026667	  0.007531	  0.017054
 -0.024502	 -0.052836	 -0.005938	 -0.031270	  0.032274	 -0.050498	 -0.077528
  0.003879	 -0.017930	  0.012086	 -0.015147	  0.064171	 -0.012773	  0.020095
  0.032196	 -0.030442	 -0.003213	 -0.004187	  0.045958	  0.043197	  0.059467
  0.037106	 -0.019989	  0.010724	 -0.021229	 -0.013750	 -0.039285	 -0.141671
  0.037581	 -0.002156	 -0.026431	 -0.003111	 -0.014922	 -0.012551	 -0.003978
  0.038563	  0.002121	 -0.040305	 -0.016858	 -0.022936	  0.029070	  0.146068
  0.054242	  0.031800	 -0.040305	 -0.003364	 -0.104532	 -0.033140	 -0.116267
  0.058329	  0.052516	 -0.020540	 -0.001178	 -0.099020	 -0.009447	 -0.062071
  0.041604	  0.080834	  0.001253	  0.000310	 -0.082296	  0.099136	  0.194911
  0.036948	  0.093282	 -0.001250	  0.019854	 -0.075137	  0.041708	  0.005683
  0.055129	  0.105794	  0.028589	 -0.015781	 -0.054833	  0.006771	 -0.051206
  0.048763	  0.118401	  0.025674	  0.019062	 -0.031837	  0.088366	  0.238591
  0.062700	  0.128632	  0.004104	  0.020044	 -0.048118	  0.053017	  0.084491
  0.020920	  0.168479	  0.021842	  0.026094	 -0.061675	  0.012662	 -0.064795
  0.009168	  0.164932	  0.071952	  0.045194	 -0.004121	  0.097299	  0.187087
  0.014807	  0.137438	  0.105560	  0.005632	 -0.012768	  0.061981	  0.093106
  0.006729	  0.114536	  0.087790	 -0.056990	 -0.045204	 -0.020534	 -0.098117
 -0.011357	  0.140225	  0.062133	 -0.036306	 -0.012832	  0.056437	  0.158072
 -0.024122	  0.138071	  0.056558	 -0.049040	 -0.019515	  0.022482	  0.094722
 -0.011642	  0.144184	  0.051743	 -0.070579	 -0.082739	 -0.052050	 -0.167645
 -0.030489	  0.146909	  0.041956	 -0.052777	 -0.051571	  0.000911	  0.060069
 -0.039295	  0.123025	  0.060454	 -0.076597	 -0.055815	  0.031731	  0.143058
 -0.034163	  0.099015	  0.055323	 -0.097693	 -0.070291	 -0.048756	 -0.105941
 -0.051870	  0.080074	  0.028177	 -0.064909	 -0.029335	 -0.023163	  0.038086
 -0.054056	  0.057457	  0.019593	 -0.028324	 -0.010139	  0.004268	  0.173182
 -0.045155	  0.037850	  0.042082	 -0.033931	 -0.067883	 -0.076472	 -0.113195
 -0.039928	  0.011370	  0.081581	 -0.037573	 -0.077703	 -0.036593	  0.006601
 -0.047055	  0.000632	  0.091242	 -0.025030	 -0.053154	  0.004015	  0.213061
 -0.058395	 -0.002757	  0.048576	 -0.015907	 -0.057652	 -0.087368	 -0.052695
 -0.063083	  0.016343	  0.022032	  0.003288	 -0.027719	 -0.043023	 -0.031726
 -0.069861	  0.051376	  0.025136	  0.024542	 -0.004723	  0.051401	  0.180657
 -0.092668	  0.036964	  0.008823	 -0.000228	 -0.065571	  0.000657	 -0.065650
 -0.060391	  0.028950	 -0.024658	 -0.005106	 -0.068834	  0.036007	 -0.092479
 -0.032770	 -0.000920	 -0.045183	 -0.034152	 -0.015271	  0.124128	  0.166086
 -0.010375	  0.015298	 -0.042776	 -0.051732	 -0.079825	  0.080004	 -0.029160
 -0.002520	  0.005035	 -0.032545	 -0.084833	 -0.081187	  0.054062	 -0.117249
  0.001471	 -0.046057	 -0.056238	 -0.027469	 -0.041530	  0.137210	  0.166435
  0.019083	 -0.018405	 -0.025481	 -0.018125	 -0.027054	  0.102652	  0.053861
  0.070650	 -0.006432	 -0.023581	 -0.038555	 -0.015936	  0.042374	 -0.080569
  0.086171	  0.000727	 -0.037391	 -0.048438	  0.011812	  0.111362	  0.193200
  0.049523	  0.011972	 -0.030834	 -0.086036	 -0.002759	  0.043704	  0.104003
  0.012463	  0.043267	 -0.004702	 -0.064149	 -0.058634	 -0.014547	 -0.085637
  0.001756	  0.068892	  0.053232	 -0.043972	 -0.027782	  0.030622	  0.159086
 -0.016330	  0.065820	  0.043476	 -0.037225	 -0.044444	  0.015988	  0.113442
 -0.013543	  0.083304	  0.017280	 -0.014102	 -0.071209	 -0.063834	 -0.119055
 -0.022222	  0.093282	  0.043001	 -0.013373	 -0.014384	  0.000055	  0.081703
 -0.010470	  0.042063	  0.069988	 -0.007640	  0.000029	  0.000594	  0.139574
 -0.044300	  0.020334	  0.044806	 -0.028102	 -0.050304	 -0.071214	 -0.129064
 -0.066694	  0.017515	  0.061341	  0.007184	 -0.037823	 -0.007293	  0.004701
 -0.128397	  0.041588	  0.035684	  0.024922	 -0.007985	  0.014024	  0.128266
 -0.089754	  0.048177	 -0.002200	 -0.007767	 -0.048023	 -0.071309	 -0.132802
 -0.097166	  0.025687	 -0.014553	  0.025176	 -0.064336	  0.000594	 -0.009965
 -0.118451	  0.033162	  0.029475	  0.016877	 -0.055023	  0.108987	  0.160765
 -0.112750	  0.031927	  0.023457	 -0.017935	 -0.081472	  0.035912	 -0.090072
 -0.122918	  0.052231	  0.026910	 -0.011948	 -0.092463	  0.036514	 -0.071890
 -0.095297	  0.015963	  0.052092	  0.011270	 -0.038077	  0.113960	  0.104224
 -0.090482	 -0.006400	  0.062164	 -0.002635	 -0.052711	  0.097204	 -0.128969
 -0.079396	 -0.030600	  0.063273	  0.004808	 -0.045901	  0.104869	 -0.151902
 -0.070590	 -0.015396	  0.035969	 -0.035704	  0.018273	  0.185008	  0.127474
 -0.060707	 -0.033451	  0.062671	 -0.054836	 -0.010995	  0.136418	 -0.025106
 -0.073599	 -0.041560	  0.053264	 -0.033360	 -0.006275	  0.098977	 -0.103217
 -0.083925	 -0.037664	  0.055671	  0.006487	  0.037279	  0.168378	  0.164186
 -0.082848	 -0.021794	  0.046010	 -0.006595	  0.038609	  0.123748	  0.035679
 -0.052947	 -0.019038	  0.009013	 -0.045017	 -0.009601	  0.102335	 -0.103376
 -0.033213	 -0.032469	  0.042494	 -0.048216	 -0.023316	  0.141359	  0.150660
 -0.055418	 -0.053881	  0.026245	 -0.057149	 -0.042955	  0.102778	  0.054684
 -0.036222	 -0.057524	  0.045028	 -0.036053	 -0.054706	  0.037084	 -0.163242
 -0.028747	 -0.025057	  0.089912	  0.005537	 -0.026579	  0.122417	  0.106568
 -0.046643	  0.014031	  0.100492	  0.003731	 -0.034022	  0.130051	  0.122311
 -0.069481	  0.012605	  0.079808	  0.001609	 -0.063354	  0.054252	 -0.117313
 -0.047530	  0.050742	  0.090640	 -0.009731	 -0.030031	  0.078579	  0.079961
 -0.040593	  0.013587	  0.101664	  0.007754	 -0.007764	  0.057546	  0.139637
 -0.041670	  0.016818	  0.091401	  0.008704	 -0.048688	 -0.000325	 -0.149020
 -0.051015	  0.020207	  0.087663	  0.035217	 -0.058159	  0.019821	  0.002673
 -0.066662	  0.017642	  0.097609	  0.010985	 -0.052806	  0.054759	  0.128614
 -0.078350	  0.005066	  0.036983	 -0.024080	 -0.069847	 -0.034534	 -0.161880
 -0.061373	  0.051439	  0.040974	  0.009813	 -0.043145	  0.002083	 -0.043097
 -0.081866	  0.033067	  0.043223	  0.031986	 -0.060535	  0.046175	  0.106758
 -0.085446	  0.016818	  0.037869	  0.015198	 -0.101839	 -0.060983	 -0.195487
 -0.078604	  0.009026	  0.035462	  0.034393	 -0.082929	 -0.022212	 -0.138852
 -0.085256	 -0.012640	  0.046897	  0.038162	 -0.049037	  0.064483	  0.089971
 -0.070052	 -0.009916	  0.057571	  0.034425	 -0.040928	 -0.013217	 -0.136825
 -0.088740	  0.015678	  0.096754	  0.032746	 -0.037158	 -0.010936	 -0.140562
 -0.066789	  0.028665	  0.092668	  0.024004	 -0.032914	  0.047790	  0.109229
 -0.065079	  0.024800	  0.072617	  0.004080	 -0.049322	 -0.030099	 -0.076230
 -0.072807	  0.034715	  0.073472	  0.006867	 -0.029208	 -0.024398	 -0.121335
 -0.061879	  0.003958	  0.067676	 -0.001780	 -0.001334	  0.027581	  0.157566
 -0.034195	 -0.006495	  0.053865	 -0.013025	 -0.022714	 -0.033710	 -0.000684
  0.023581	 -0.007984	  0.061373	 -0.027564	 -0.050304	 -0.080780	 -0.101063
  0.013635	 -0.009377	  0.071414	  0.008071	 -0.008239	  0.015671	  0.161462
  0.042554	  0.011623	  0.089057	  0.016718	  0.027586	 -0.033710	  0.067608
  0.041065	  0.004211	  0.099066	 -0.002635	  0.028410	 -0.130542	 -0.106195
  0.017056	  0.001804	  0.040593	  0.013424	  0.023025	 -0.076947	  0.175241
  0.001186	 -0.001902	  0.049273	  0.005188	  0.010735	 -0.054806	  0.161240
 -0.017249	 -0.006527	  0.049368	 -0.000767	 -0.033421	 -0.100735	 -0.065365
 -0.031249	  0.010990	  0.021588	  0.032873	 -0.012578	 -0.033964	  0.151389
 -0.012751	  0.009311	  0.082278	  0.039968	 -0.042733	 -0.001022	  0.155855
  0.009897	  0.018687	  0.056336	  0.052068	 -0.074313	 -0.053951	 -0.137965
  0.000014	  0.037977	  0.037268	  0.072910	 -0.035226	 -0.000736	  0.014520
 -0.009045	  0.019257	  0.033150	  0.085074	  0.001391	  0.047410	  0.132067
  0.009707	  0.001487	  0.010977	  0.056724	  0.003354	 -0.014262	 -0.155418
  0.047812	  0.041398	 -0.027698	  0.043674	  0.008708	  0.011300	 -0.104959
  0.061084	  0.034398	 -0.049206	  0.066100	  0.003925	  0.101226	  0.123768
  0.009358	  0.037154	 -0.050251	  0.045353	 -0.056163	  0.041360	 -0.095583
 -0.048227	  0.027778	 -0.067736	  0.026664	 -0.068010	  0.060840	 -0.035939
 -0.096595	  0.056317	 -0.055985	  0.002369	 -0.032755	  0.132490	  0.171788
 -0.091116	  0.062494	 -0.005209	 -0.027596	 -0.038932	  0.083742	 -0.062609
 -0.059440	  0.043013	  0.034512	 -0.046632	 -0.013940	  0.130399	 -0.104326
 -0.089532	  0.036425	  0.047119	 -0.025410	  0.021948	  0.220769	  0.094659
 -0.076925	  0.020144	  0.030742	 -0.052936	  0.009626	  0.212787	 -0.011169
 -0.085858	  0.009786	  0.007841	 -0.059303	 -0.011311	  0.146237	 -0.093525
 -0.057952	 -0.015301	  0.046390	 -0.043085	  0.052388	  0.176709	  0.001121
 -0.055386	 -0.049098	  0.015633	 -0.083661	  0.111589	  0.154029	  0.023547
 -0.064983	  0.020556	  0.017027	 -0.080493	  0.092235	  0.079560	 -0.083642
 -0.073029	  0.062082	  0.014683	  0.004840	  0.057171	  0.041455	 -0.059854
 -0.063843	  0.064426	 -0.007331	  0.025746	  0.045673	  0.029799	 -0.009965
 -0.063938	  0.054797	 -0.032323	  0.059005	  0.015011	  0.030242	 -0.055134
 -0.041164	  0.041715	 -0.035839	  0.051339	 -0.031045	  0.033251	 -0.035432
 -0.023521	  0.026827	 -0.035301	  0.041203	 -0.006243	  0.048867	  0.038657
 -0.013258	  0.059991	  0.003755	  0.008799	  0.014979	  0.070216	  0.030294
 -0.016394	  0.071331	  0.007556	  0.017320	  0.035030	  0.080986	  0.083224
 -0.025358	  0.116469	 -0.018671	  0.037877	  0.069207	  0.089538	  0.111700
 -0.036919	  0.131261	 -0.011006	  0.064421	  0.079977	  0.103887	  0.103401
 -0.047499	  0.131704	  0.020068	  0.085232	  0.053528	  0.115734	  0.081577
 -0.009108	  0.123500	  0.078382	  0.086911	  0.001391	  0.083868	  0.096717
  0.004354	  0.112984	  0.096184	  0.069426	  0.011558	  0.078832	  0.067861
  0.031309	  0.076906	  0.068658	  0.071326	  0.020522	  0.055867	  0.067988
  0.052849	  0.052073	  0.090736	  0.045923	  0.013205	  0.052700	  0.071345
  0.069922	  0.043615	  0.093935	  0.080132	 -0.019642	  0.051211	  0.047747
  0.057093	  0.009723	  0.079459	  0.128881	  0.000504	  0.043799	  0.035299
  0.038310	 -0.017898	  0.064730	  0.144338	  0.033098	  0.061759	  0.048001
  0.024278	 -0.032089	  0.036159	  0.142343	  0.056157	  0.075823	  0.066594
  0.035649	 -0.016885	  0.064350	  0.121405	  0.048333	  0.062361	  0.078694
  0.039323	  0.031357	  0.061468	  0.097680	  0.013617	  0.075981	  0.104510
  0.028807	  0.026922	  0.032865	  0.089698	  0.050044	  0.052130	  0.120252
  0.061844	  0.059041	  0.029729	  0.097269	  0.024704	  0.036577	  0.090984
  0.083004	  0.036077	  0.024312	  0.072245	  0.043234	  0.024192	  0.087278
  0.068528	  0.005257	 -0.000965	  0.067240	  0.071646	 -0.008275	  0.092346
  0.030613	 -0.052583	 -0.012336	  0.024890	  0.064108	  0.027708	  0.059594
  0.058772	 -0.039817	 -0.007806	 -0.022116	  0.036170	  0.044654	  0.051485
  0.061179	 -0.042193	 -0.048699	 -0.066651	  0.018812	  0.064261	  0.029534
  0.063872	 -0.043112	 -0.042998	 -0.063610	  0.013839	  0.066669	  0.009008
  0.065139	 -0.045456	 -0.024658	 -0.087747	  0.023722	  0.080796	  0.007488
  0.055034	 -0.019640	  0.009995	 -0.067855	  0.025590	  0.098186	  0.004986
  0.037613	 -0.033577	  0.035019	 -0.077991	  0.003513	  0.104552	  0.025701
  0.007838	  0.000569	  0.020860	 -0.037035	  0.018242	  0.068823	  0.037453
  0.018259	  0.031895	  0.028335	 -0.013437	 -0.025502	  0.084058	  0.028425
  0.001471	  0.057584	  0.030552	  0.009211	 -0.055245	  0.077818	  0.039258
 -0.014145	  0.072218	  0.008601	  0.012759	 -0.080902	  0.053682	  0.010846
 -0.040372	  0.077730	  0.017407	  0.022927	 -0.082644	  0.039301	  0.030104
 -0.044616	  0.044661	  0.009868	  0.061982	 -0.076879	  0.020866	  0.014330
 -0.029666	  0.052706	  0.037426	  0.099201	 -0.073775	  0.027835	  0.030991
 -0.014683	  0.047638	  0.053295	  0.117287	 -0.085780	  0.033885	  0.045213
 -0.000651	  0.055874	  0.061658	  0.120201	 -0.039629	  0.039966	  0.051580
  0.002928	  0.073580	  0.048386	  0.065973	  0.001644	  0.041487	  0.073183
  0.021585	  0.078902	  0.067422	  0.079625	  0.045673	  0.032238	  0.048888
  0.017024	  0.070096	  0.083830	  0.087132	  0.048967	  0.005884	  0.037643
 -0.010534	  0.086187	  0.057381	  0.101006	  0.080135	  0.019314	  0.087373
  0.011956	  0.078173	  0.012307	  0.106613	  0.099869	  0.063343	  0.094975
 -0.007968	  0.072820	  0.007113	  0.102590	  0.059610	  0.038794	  0.079138
 -0.052535	  0.075037	 -0.002200	  0.105599	  0.035917	  0.021658	  0.088894
 -0.083355	  0.115487	  0.004452	  0.108292	  0.047668	  0.024414	  0.083319
 -0.051617	  0.094423	  0.028525	  0.083173	  0.051786	  0.044781	  0.067481
 -0.084179	  0.082956	  0.024407	  0.072150	  0.061162	  0.033600	  0.043091
 -0.085129	  0.065503	  0.002140	  0.047633	  0.074307	  0.070533	  0.058359
 -0.059219	  0.067657	  0.019371	  0.045923	  0.061035	  0.049152	  0.057503
 -0.026466	  0.104654	  0.028589	 -0.007703	  0.018622	  0.054220	  0.035109
 -0.019593	  0.093219	  0.036666	 -0.004187	  0.020047	  0.078705	  0.035204
  0.003910	  0.093187	  0.035019	 -0.000228	  0.031039	  0.059225	  0.066626
 -0.002900	  0.081879	 -0.013476	 -0.018568	 -0.022271	  0.049374	  0.107519
 -0.002520	  0.080327	 -0.021585	 -0.051320	 -0.043842	  0.037971	  0.102926
 -0.010660	  0.120998	 -0.031975	 -0.059493	 -0.031393	  0.031414	  0.066784
 -0.021145	  0.164077	  0.007873	 -0.067760	 -0.018407	  0.005092	  0.029946
 -0.011642	  0.170285	  0.013448	 -0.103395	 -0.027402	  0.006929	  0.045847
  0.004259	  0.186503	  0.057445	 -0.101399	 -0.010519	 -0.002764	  0.025321
 -0.017787	  0.164963	  0.060169	 -0.073113	 -0.018153	 -0.002700	  0.047969
 -0.060454	  0.158312	  0.087156	 -0.057212	 -0.029651	 -0.002510	  0.059531
 -0.047182	  0.169556	  0.115791	 -0.034469	 -0.014922	  0.006232	  0.088799
 -0.023616	  0.168258	  0.090894	 -0.011948	 -0.038615	 -0.007515	  0.090097
 -0.012181	  0.175796	  0.113257	 -0.009414	 -0.015999	  0.003856	  0.081640
  0.021744	  0.167814	  0.070305	 -0.002224	 -0.033421	 -0.005709	  0.082115
  0.009390	  0.156063	  0.073948	 -0.012708	 -0.025280	 -0.002035	  0.103559
  0.007458	  0.134460	  0.112180	 -0.058606	 -0.003582	 -0.025887	  0.116768
  0.049744	  0.161479	  0.114492	 -0.051890	 -0.011501	 -0.015560	  0.098935
  0.049649	  0.173294	  0.091686	 -0.021324	 -0.041403	  0.020169	  0.099948
  0.067894	  0.161828	  0.042652	 -0.007989	 -0.042226	  0.045129	  0.115374
  0.083384	  0.135569	  0.034607	 -0.010459	 -0.010266	  0.072117	  0.108627
  0.042839	  0.075671	  0.041734	 -0.006341	 -0.005198	  0.060239	  0.093582
  0.026051	  0.079630	  0.036349	 -0.054931	 -0.009949	  0.042912	  0.055730
  0.025893	  0.100314	  0.038376	 -0.043845	 -0.045837	  0.032681	  0.038023
  0.010150	  0.077603	  0.035304	 -0.032220	 -0.071304	  0.060904	  0.053544
 -0.023425	  0.073105	  0.017946	 -0.012423	 -0.075580	  0.084882	  0.040589
 -0.009045	  0.072978	  0.036001	  0.013044	 -0.039281	  0.093624	  0.026873
 -0.009045	  0.023438	  0.017946	  0.032556	 -0.039629	  0.068569	  0.023357
 -0.024249	  0.040416	 -0.001820	 -0.012423	 -0.038109	  0.028373	  0.044421
 -0.005877	  0.040891	 -0.028712	 -0.010523	 -0.005546	  0.014943	  0.104256
  0.014268	  0.076526	 -0.028395	  0.023782	 -0.009126	  0.031636	  0.105428
  0.014490	  0.090400	 -0.028744	  0.043611	 -0.054928	  0.044306	  0.112587
 -0.004547	  0.070064	 -0.041414	  0.071612	 -0.053218	  0.047727	  0.115501
  0.000489	  0.047796	 -0.031500	  0.091345	 -0.033136	  0.074714	  0.116483
  0.020223	  0.020461	 -0.018639	  0.063281	 -0.022809	  0.064673	  0.084998
 -0.009077	  0.016533	 -0.010657	  0.022705	 -0.013022	  0.075411	  0.090256
 -0.036412	  0.014284	  0.012814	  0.046050	 -0.015777	  0.087669	  0.097319
 -0.009963	  0.051851	  0.015190	  0.046366	  0.013934	  0.047537	  0.076509
