:RUN-4	LEVEL SWEEP	TEMP:NaN	8/27/2019	3:23 PM	HR:-636.36:SW EAR: R	SW FREQ: 16.00	# AVERAGES: 512	REP RATE (/sec): 80	DRIVER: 	SAMPLE (µsec): 40	MASKER dB: 2147483647:NOTES-:CHAMBER-SEWELL-PXI1:CFTS Version: V2.7.2 (R850):LEVELS:20;30;40;50;60;70;80;:DATA -0.038389	  0.006229	 -0.007398	  0.012906	 -0.023254	 -0.065345	 -0.086475
 -0.047480	  0.033406	  0.014807	 -0.017534	 -0.009824	 -0.045421	 -0.070131
 -0.039371	  0.076453	 -0.031661	  0.002897	 -0.004028	 -0.044534	 -0.053438
  0.013780	  0.079937	 -0.056526	 -0.012339	  0.009466	 -0.048747	 -0.023378
  0.053533	  0.054534	 -0.049589	  0.007300	  0.020838	 -0.033954	 -0.077163
  0.069687	  0.017442	  0.007838	  0.054116	  0.019761	 -0.031452	 -0.126259
  0.050175	  0.021940	  0.020001	  0.066216	 -0.009032	 -0.043837	 -0.117295
  0.084068	  0.026058	  0.007426	  0.026970	 -0.003647	 -0.035887	 -0.137409
  0.077448	  0.005500	  0.023834	  0.020033	 -0.008494	 -0.045072	 -0.112639
  0.064112	 -0.012238	  0.017372	 -0.000017	  0.003416	 -0.043077	 -0.107127
  0.032469	  0.003948	 -0.023774	  0.013508	  0.007851	 -0.038674	 -0.133228
 -0.009881	 -0.008025	 -0.000873	 -0.006131	  0.018304	 -0.012130	 -0.127083
 -0.026321	 -0.004382	  0.001091	 -0.017439	  0.024702	 -0.034271	 -0.062845
 -0.040733	 -0.032193	  0.008440	  0.006603	  0.003955	 -0.041715	  0.017578
 -0.041905	 -0.045655	 -0.006638	 -0.035240	  0.011905	 -0.024325	  0.063064
 -0.033701	 -0.083222	  0.015852	 -0.034544	 -0.013593	  0.008807	  0.128537
 -0.002564	 -0.056266	  0.029092	 -0.028145	 -0.030635	  0.034781	  0.166135
 -0.035063	 -0.040112	  0.032228	 -0.050920	 -0.021069	  0.111119	  0.231197
 -0.060118	 -0.034284	  0.022504	 -0.025199	 -0.019612	  0.176528	  0.297683
 -0.069747	 -0.009070	 -0.024027	  0.016961	  0.022992	  0.257205	  0.330277
 -0.063191	 -0.021994	 -0.031344	  0.056555	  0.078202	  0.288215	  0.329833
 -0.052136	 -0.034791	 -0.023394	  0.092823	  0.129167	  0.297559	  0.349440
 -0.052738	 -0.019618	 -0.005054	  0.132100	  0.150580	  0.286822	  0.343010
 -0.075069	 -0.032637	  0.008725	  0.135078	  0.162363	  0.232467	  0.325494
 -0.079947	 -0.039288	  0.007426	  0.156110	  0.176680	  0.204624	  0.322897
 -0.047195	 -0.039827	  0.008503	  0.151929	  0.196224	  0.182040	  0.329200
  0.001174	 -0.058832	  0.042966	  0.151169	  0.217541	  0.192334	  0.326761
 -0.020809	 -0.064724	  0.081578	  0.136155	  0.206582	  0.175831	  0.376745
  0.001395	 -0.054081	  0.063111	  0.136345	  0.198694	  0.181976	  0.448236
 -0.028696	 -0.037958	  0.023549	  0.136472	  0.170947	  0.210674	  0.522514
 -0.074024	 -0.037420	  0.049428	  0.155603	  0.212156	  0.287107	  0.641709
 -0.070318	 -0.031940	  0.066311	  0.172106	  0.242090	  0.373390	  0.732522
 -0.053561	 -0.020157	  0.069605	  0.179993	  0.324477	  0.482322	  0.791438
 -0.038706	  0.017917	  0.099411	  0.245973	  0.402652	  0.512255	  0.838476
 -0.012732	  0.043606	  0.149078	  0.270078	  0.422512	  0.547288	  0.845603
 -0.019099	  0.049181	  0.170554	  0.304066	  0.445033	  0.544088	  0.783076
 -0.044154	  0.033406	  0.194057	  0.317401	  0.412313	  0.466959	  0.664356
 -0.048620	  0.044144	  0.196813	  0.300360	  0.380542	  0.337154	  0.508609
 -0.069874	  0.082123	  0.201596	  0.261589	  0.302178	  0.235254	  0.303765
 -0.073675	  0.044366	  0.233651	  0.208058	  0.221596	  0.108331	  0.091603
 -0.056792	  0.045633	  0.248919	  0.141254	  0.147856	 -0.034113	 -0.112481
 -0.041620	  0.090834	  0.188862	  0.027952	  0.085582	 -0.193503	 -0.306048
 -0.042032	  0.105563	  0.095642	 -0.083450	 -0.021069	 -0.355174	 -0.490525
 -0.065630	  0.126563	  0.058075	 -0.156874	 -0.124774	 -0.432842	 -0.675921
 -0.051027	  0.137206	  0.031436	 -0.212084	 -0.215175	 -0.501545	 -0.833696
 -0.055082	  0.131441	  0.005526	 -0.240053	 -0.310930	 -0.580037	 -0.929989
 -0.043077	  0.109490	 -0.024281	 -0.318133	 -0.335890	 -0.662203	 -0.974017
 -0.033796	  0.055801	 -0.041861	 -0.341667	 -0.349574	 -0.684755	 -0.983235
 -0.027778	  0.020546	 -0.073979	 -0.311924	 -0.341275	 -0.679656	 -0.959985
 -0.084413	 -0.021297	 -0.113035	 -0.312970	 -0.313654	 -0.602336	 -0.868412
 -0.126700	 -0.084806	 -0.138977	 -0.294218	 -0.290816	 -0.499043	 -0.735851
 -0.102658	 -0.126206	 -0.138217	 -0.284398	 -0.260756	 -0.417226	 -0.537563
 -0.076716	 -0.155410	 -0.111578	 -0.258615	 -0.226642	 -0.309276	 -0.342507
 -0.049032	 -0.180244	 -0.088740	 -0.218577	 -0.174377	 -0.191064	 -0.154831
 -0.047385	 -0.175872	 -0.065110	 -0.167833	 -0.094207	 -0.079567	  0.077856
 -0.052960	 -0.159243	 -0.013321	 -0.110406	  0.008167	  0.021731	  0.280705
 -0.054987	 -0.154460	  0.050188	  0.011481	  0.083555	  0.152201	  0.509021
 -0.028886	 -0.160447	  0.067451	  0.082592	  0.165087	  0.302311	  0.609083
 -0.026891	 -0.115594	  0.069320	  0.133304	  0.230370	  0.428885	  0.645795
 -0.033669	 -0.046669	  0.090827	  0.177238	  0.269425	  0.498761	  0.600784
 -0.021253	 -0.018509	  0.131689	  0.195514	  0.319663	  0.528916	  0.516971
 -0.026416	  0.014623	  0.156902	  0.243122	  0.333505	  0.522232	  0.374211
  0.009441	  0.023777	  0.143979	  0.247398	  0.387321	  0.490811	  0.168701
 -0.011972	  0.066792	  0.130326	  0.211257	  0.363058	  0.413523	  0.005130
  0.013400	  0.078417	  0.110308	  0.222723	  0.283046	  0.266454	 -0.160595
  0.036650	  0.067774	  0.090701	  0.231687	  0.213677	  0.100127	 -0.285650
  0.046786	  0.048674	  0.096181	  0.235805	  0.111461	 -0.057077	 -0.340575
  0.027939	  0.064512	  0.096276	  0.203338	  0.006615	 -0.205540	 -0.318845
 -0.003008	  0.075313	  0.090194	  0.116864	 -0.052966	 -0.279945	 -0.291066
  0.017138	  0.078829	  0.037043	  0.030993	 -0.131616	 -0.298982	 -0.260341
  0.001839	  0.063688	  0.000743	 -0.023362	 -0.206623	 -0.294896	 -0.203262
 -0.017452	  0.034832	  0.039957	 -0.068341	 -0.216220	 -0.227364	 -0.171397
 -0.028886	  0.026343	  0.072107	 -0.128999	 -0.187269	 -0.168004	 -0.169274
 -0.067530	  0.041389	  0.021427	 -0.124311	 -0.162309	 -0.120111	 -0.161831
 -0.067435	  0.030682	  0.022029	 -0.123931	 -0.137222	 -0.070159	 -0.160184
 -0.071680	 -0.015944	  0.032830	 -0.110913	 -0.115208	 -0.002913	 -0.150649
 -0.056792	 -0.064407	  0.023581	 -0.120890	 -0.042165	  0.005893	 -0.162148
 -0.070476	 -0.099472	 -0.004959	 -0.102265	  0.013996	  0.018658	 -0.171175
 -0.074879	 -0.113789	 -0.032611	 -0.085351	  0.052038	  0.015459	 -0.156763
 -0.077096	 -0.127187	 -0.020670	 -0.042051	  0.065120	 -0.013777	 -0.168704
 -0.064648	 -0.129785	 -0.025769	 -0.033467	  0.031449	  0.001554	 -0.167564
 -0.060435	 -0.151071	 -0.047182	 -0.029317	  0.041838	  0.031614	 -0.224104
 -0.019320	 -0.124939	 -0.041639	 -0.011389	  0.039589	  0.019609	 -0.256223
 -0.015108	 -0.129056	 -0.015317	  0.021839	  0.012254	 -0.059041	 -0.237376
 -0.018338	 -0.162569	 -0.025864	 -0.003375	 -0.024616	 -0.090621	 -0.191827
 -0.003166	 -0.176759	 -0.023109	 -0.059314	 -0.086288	 -0.136741	 -0.148622
 -0.033701	 -0.123925	 -0.015887	 -0.056304	 -0.088569	 -0.139718	 -0.085398
 -0.004718	 -0.088132	 -0.049209	 -0.035209	 -0.089361	 -0.133795	 -0.015427
  0.001047	 -0.044832	 -0.023647	 -0.052852	 -0.089836	 -0.143139	 -0.016726
 -0.010515	  0.012469	 -0.003153	 -0.078097	 -0.059776	 -0.110704	 -0.034116
 -0.013334	  0.029795	 -0.010502	 -0.056716	 -0.016001	 -0.086630	 -0.003423
  0.017170	 -0.023863	 -0.010787	 -0.020226	  0.041743	 -0.093124	  0.007600
  0.035731	 -0.028170	 -0.012909	  0.009612	  0.080292	 -0.099427	  0.044312
  0.018817	 -0.026777	 -0.013163	  0.016295	  0.030562	 -0.057933	  0.095373
  0.008871	 -0.045402	 -0.022444	  0.036504	  0.068414	 -0.035031	  0.116564
  0.003866	 -0.030419	 -0.049969	  0.011259	  0.117479	 -0.005573	  0.115170
  0.010043	 -0.063678	 -0.049178	 -0.004452	  0.111176	 -0.005383	  0.140985
  0.013432	 -0.036406	 -0.018928	  0.025608	  0.117321	  0.026989	  0.142759
  0.013464	  0.001953	 -0.039770	  0.038658	  0.126348	  0.046248	  0.161384
  0.017265	 -0.008247	 -0.023235	  0.064410	  0.136769	  0.084891	  0.209024
 -0.000600	  0.042909	 -0.000239	  0.065044	  0.127742	  0.071714	  0.285646
 -0.036552	  0.063720	  0.031595	  0.060514	  0.138353	  0.083466	  0.318937
  0.032881	  0.053710	  0.038310	  0.075085	  0.136896	  0.136839	  0.362998
  0.045297	  0.056846	  0.048604	  0.095832	  0.173956	  0.186633	  0.354825
  0.039627	  0.050859	  0.093678	  0.101977	  0.176712	  0.182325	  0.378265
 -0.002089	  0.099988	  0.088768	  0.108661	  0.149249	  0.209217	  0.380197
 -0.019542	  0.133152	  0.113317	  0.122186	  0.144751	  0.243141	  0.394198
 -0.049539	  0.138157	  0.085823	  0.107964	  0.165309	  0.230028	  0.391759
 -0.014347	  0.168597	  0.097416	  0.116579	  0.183902	  0.226924	  0.409719
 -0.022678	  0.136890	  0.079044	  0.120982	  0.180640	  0.240766	  0.401356
 -0.061512	  0.136573	  0.087755	  0.151137	  0.188273	  0.237661	  0.368921
 -0.090907	  0.125296	  0.105081	  0.145214	  0.176743	  0.236584	  0.311842
 -0.052358	  0.127894	  0.117530	  0.095325	  0.180101	  0.252105	  0.226445
 -0.070191	  0.105088	  0.086805	  0.078537	  0.159766	  0.241241	  0.148841
 -0.135569	  0.071005	  0.098778	  0.052374	  0.097270	  0.204973	  0.069272
 -0.159547	  0.012374	  0.091334	  0.032323	  0.071550	  0.081661	 -0.061737
 -0.127998	 -0.020853	  0.106697	  0.038120	  0.039779	 -0.031325	 -0.175071
 -0.042190	 -0.044515	  0.102896	  0.011417	  0.002498	 -0.103577	 -0.248019
 -0.014981	 -0.029818	  0.076573	  0.008725	 -0.033929	 -0.143519	 -0.348810
 -0.040289	 -0.035804	  0.054084	 -0.000714	 -0.090723	 -0.135759	 -0.420333
 -0.026511	 -0.027885	  0.049523	 -0.021272	 -0.116348	 -0.165090	 -0.470158
 -0.036995	 -0.042551	  0.026336	 -0.030742	 -0.124679	 -0.172851	 -0.524925
  0.001934	 -0.014550	 -0.009140	 -0.037743	 -0.153282	 -0.188720	 -0.585076
  0.052456	 -0.004414	 -0.017280	 -0.058395	 -0.170386	 -0.207947	 -0.596068
  0.026387	 -0.004382	 -0.032326	 -0.082373	 -0.192464	 -0.220585	 -0.614313
  0.030378	 -0.021582	 -0.019941	 -0.093491	 -0.173776	 -0.212065	 -0.603385
  0.052076	 -0.007772	 -0.021873	 -0.102265	 -0.187111	 -0.227142	 -0.612475
  0.055655	 -0.001373	 -0.018706	 -0.078794	 -0.181093	 -0.195974	 -0.573515
  0.051886	 -0.041189	 -0.040910	 -0.061911	 -0.141118	 -0.183620	 -0.567180
  0.051221	 -0.057533	 -0.020891	 -0.063400	 -0.111534	 -0.206078	 -0.522929
  0.055750	 -0.043976	  0.036473	 -0.050508	 -0.080270	 -0.169968	 -0.482892
  0.008617	 -0.070172	  0.048541	 -0.026435	 -0.064907	 -0.160022	 -0.446338
  0.006780	 -0.059529	  0.054147	 -0.057857	 -0.039662	 -0.158502	 -0.406269
  0.017106	 -0.046986	  0.013825	 -0.078921	 -0.014417	 -0.175543	 -0.337344
  0.021351	 -0.022564	 -0.008633	 -0.054309	  0.009720	 -0.151787	 -0.324610
 -0.000759	 -0.061683	  0.027445	 -0.068880	  0.052703	 -0.162619	 -0.271807
 -0.043362	 -0.060099	  0.017721	 -0.084876	  0.031227	 -0.182480	 -0.209724
 -0.040131	 -0.066656	  0.000236	 -0.085097	 -0.006562	 -0.193725	 -0.210864
 -0.026542	 -0.024211	 -0.023330	 -0.070052	 -0.024807	 -0.274117	 -0.193823
 -0.021379	 -0.044578	 -0.031978	 -0.071984	 -0.030857	 -0.272786	 -0.165822
 -0.037660	 -0.067923	 -0.046042	 -0.098401	 -0.061582	 -0.265659	 -0.147355
 -0.072693	 -0.070109	 -0.059884	 -0.104388	 -0.108144	 -0.267211	 -0.207697
 -0.081119	 -0.043280	 -0.059060	 -0.113098	 -0.157146	 -0.306584	 -0.246531
 -0.086440	  0.002903	 -0.075721	 -0.147941	 -0.167029	 -0.289036	 -0.305162
 -0.085205	  0.022985	 -0.035430	 -0.197513	 -0.213845	 -0.321281	 -0.360878
 -0.082544	  0.009396	 -0.020733	 -0.230075	 -0.247041	 -0.333476	 -0.408423
 -0.091762	  0.002618	 -0.051743	 -0.203816	 -0.259742	 -0.364265	 -0.450646
 -0.070508	 -0.015310	 -0.103849	 -0.186458	 -0.258824	 -0.381242	 -0.512920
 -0.088879	 -0.026492	 -0.103881	 -0.139420	 -0.270195	 -0.369206	 -0.554890
 -0.095278	 -0.019967	 -0.094758	 -0.183829	 -0.253312	 -0.354382	 -0.580420
 -0.085047	 -0.015532	 -0.122126	 -0.205305	 -0.241751	 -0.357359	 -0.599457
 -0.048588	  0.022668	 -0.130045	 -0.193205	 -0.216569	 -0.336295	 -0.644372
 -0.064933	  0.006704	 -0.102519	 -0.211704	 -0.221067	 -0.332748	 -0.684410
 -0.069652	  0.030936	 -0.074296	 -0.178286	 -0.275232	 -0.360939	 -0.728344
 -0.090115	  0.018804	 -0.088487	 -0.159471	 -0.273173	 -0.364581	 -0.759005
 -0.122835	 -0.018351	 -0.080980	 -0.201567	 -0.241561	 -0.369713	 -0.769838
 -0.144786	 -0.017749	 -0.039960	 -0.201251	 -0.183817	 -0.366228	 -0.770028
 -0.110767	 -0.053289	 -0.049209	 -0.193744	 -0.156671	 -0.327204	 -0.770915
 -0.119889	 -0.072611	 -0.062861	 -0.169480	 -0.168296	 -0.314059	 -0.733634
 -0.130944	 -0.063869	 -0.057033	 -0.161055	 -0.114606	 -0.295909	 -0.716054
 -0.129170	 -0.072231	 -0.057888	 -0.151172	 -0.090343	 -0.287420	 -0.699519
 -0.106111	 -0.072484	 -0.065079	 -0.127542	 -0.049640	 -0.258311	 -0.617385
 -0.076304	 -0.035709	 -0.055544	 -0.075626	 -0.052744	 -0.270696	 -0.559419
 -0.061100	 -0.048759	 -0.046897	 -0.059155	 -0.064147	 -0.254605	 -0.465407
 -0.061163	 -0.062728	 -0.017249	 -0.052979	 -0.074632	 -0.197526	 -0.410229
 -0.037280	 -0.023799	  0.011164	 -0.045440	 -0.068360	 -0.154701	 -0.394201
  0.001269	 -0.005269	  0.027730	 -0.007841	 -0.077609	 -0.152167	 -0.394074
  0.039374	 -0.040777	  0.041002	  0.000489	 -0.068613	 -0.157805	 -0.369051
  0.076688	 -0.037705	  0.068370	  0.092760	 -0.074537	 -0.142157	 -0.345864
  0.071873	 -0.030926	  0.083257	  0.128901	 -0.083723	 -0.142442	 -0.304306
  0.061483	 -0.013378	  0.091809	  0.107552	 -0.079225	 -0.152135	 -0.296799
  0.035636	 -0.003527	  0.086298	  0.054971	 -0.049545	 -0.148524	 -0.295532
  0.008712	 -0.030103	  0.081673	  0.059469	 -0.083564	 -0.167086	 -0.316565
  0.001395	 -0.029944	  0.073121	  0.057885	 -0.118787	 -0.180389	 -0.311212
  0.029080	 -0.029564	  0.064125	  0.047115	 -0.126484	 -0.155176	 -0.321696
  0.000920	 -0.020062	  0.082592	  0.017467	 -0.105642	 -0.176081	 -0.309628
  0.009314	 -0.004034	  0.090257	 -0.024027	 -0.102189	 -0.205666	 -0.342253
 -0.002121	  0.013831	  0.052532	 -0.059979	 -0.088537	 -0.231798	 -0.331896
  0.005703	  0.010505	  0.040400	 -0.084654	 -0.095347	 -0.268352	 -0.351693
  0.008966	 -0.002007	  0.059247	 -0.113954	 -0.098768	 -0.262682	 -0.349475
 -0.006207	  0.002618	  0.113475	 -0.106668	 -0.110678	 -0.270221	 -0.382766
  0.003232	 -0.007043	  0.099855	 -0.085699	 -0.134973	 -0.234427	 -0.371806
 -0.001519	 -0.005903	  0.073564	 -0.093016	 -0.116475	 -0.224703	 -0.412382
 -0.006048	 -0.016926	  0.047527	 -0.074011	 -0.130570	 -0.245134	 -0.355367
 -0.042855	 -0.020252	  0.011861	 -0.054626	 -0.125977	 -0.237690	 -0.337344
 -0.030850	 -0.001975	  0.024056	 -0.047340	 -0.086035	 -0.246401	 -0.299618
 -0.052516	  0.011645	 -0.019878	 -0.035430	 -0.070957	 -0.227237	 -0.348810
 -0.049982	  0.031126	 -0.004579	 -0.000968	 -0.069247	 -0.200693	 -0.333226
 -0.054765	 -0.013346	 -0.017027	  0.004607	 -0.067600	 -0.199996	 -0.286917
 -0.087961	  0.015193	 -0.024724	 -0.008000	 -0.077863	 -0.218875	 -0.244218
 -0.082608	  0.049371	 -0.025326	 -0.006986	 -0.054455	 -0.230468	 -0.183148
 -0.073612	  0.084024	  0.021332	 -0.042367	 -0.057305	 -0.207155	 -0.133070
 -0.051883	  0.051873	  0.002358	 -0.024217	 -0.068487	 -0.205508	 -0.089231
 -0.052358	  0.018804	 -0.009963	 -0.043032	 -0.076627	 -0.170633	 -0.074629
 -0.096133	  0.032329	 -0.000683	 -0.055006	 -0.074758	 -0.122614	 -0.026767
 -0.104717	  0.007274	 -0.009267	 -0.052472	 -0.054106	 -0.106618	 -0.001015
 -0.112351	 -0.006790	  0.033432	 -0.028399	 -0.008145	 -0.080644	  0.022330
 -0.087042	 -0.027125	  0.041319	 -0.007715	 -0.017933	 -0.086504	  0.065281
 -0.065060	 -0.029786	  0.053957	 -0.019403	 -0.021861	 -0.031230	  0.126161
 -0.050837	 -0.049013	  0.033653	 -0.013828	 -0.048816	  0.007540	  0.180358
 -0.049982	 -0.046700	  0.050853	 -0.005085	 -0.034151	  0.044474	  0.200662
 -0.072313	 -0.007328	  0.019495	  0.025291	  0.002022	  0.013274	  0.244278
 -0.071838	  0.017220	 -0.017185	  0.064093	  0.032336	 -0.011592	  0.237627
 -0.058946	  0.010442	 -0.040213	  0.043790	  0.082763	 -0.015266	  0.238260
 -0.061829	  0.024727	 -0.016489	  0.027984	  0.110194	 -0.004591	  0.236233
 -0.046815	  0.018107	 -0.045281	  0.041477	  0.097872	  0.011785	  0.240129
 -0.019510	  0.014623	 -0.056368	  0.063998	  0.125620	  0.028003	  0.282035
 -0.026416	 -0.003020	 -0.016615	  0.117276	  0.139113	  0.075927	  0.287198
 -0.019986	  0.002966	  0.011702	  0.165930	  0.122294	  0.073900	  0.295782
 -0.026542	  0.029479	  0.019305	  0.181609	  0.126158	  0.087172	  0.307819
 -0.072693	  0.026501	  0.023486	  0.161685	  0.161223	  0.132151	  0.339178
 -0.082291	  0.001161	 -0.006701	  0.106190	  0.144023	  0.161672	  0.360463
 -0.052738	 -0.012364	  0.007331	  0.113982	  0.189794	  0.159392	  0.362174
 -0.011440	  0.021943	  0.019339	  0.078883	 -0.008212	 -0.031807	 -0.060121
 -0.019833	 -0.009415	  0.040530	  0.038497	 -0.036910	 -0.040327	 -0.072031
 -0.028069	 -0.014452	  0.024154	  0.033587	 -0.046824	 -0.049323	 -0.042415
 -0.008177	  0.028753	 -0.004639	  0.016134	 -0.044417	 -0.032947	 -0.007604
 -0.014354	  0.040473	 -0.017404	  0.028867	 -0.028294	  0.004652	 -0.007160
 -0.003014	  0.018522	 -0.034794	  0.046796	 -0.032032	  0.018810	 -0.059741
 -0.026074	 -0.025443	 -0.019019	  0.010179	 -0.025982	  0.018779	 -0.040008
  0.023467	 -0.035453	 -0.049206	 -0.016840	  0.002019	  0.030340	  0.061512
  0.010448	  0.017350	 -0.020318	 -0.028022	  0.020613	 -0.022368	 -0.154767
  0.003701	  0.036609	  0.024661	 -0.019564	  0.058053	  0.039304	  0.096545
  0.034078	  0.036260	  0.023552	  0.005047	  0.078388	  0.011969	  0.136962
  0.031385	  0.061854	  0.034480	  0.000296	  0.023654	 -0.105800	 -0.270002
  0.001832	  0.035595	  0.034353	 -0.006451	  0.093213	  0.120647	  0.345956
  0.008833	  0.029323	 -0.003784	 -0.026121	  0.022608	 -0.016413	 -0.034939
 -0.011725	 -0.009035	 -0.001566	 -0.047312	 -0.007578	 -0.079478	 -0.200411
 -0.003521	 -0.028484	 -0.009549	 -0.021972	  0.063850	  0.104999	  0.416339
 -0.011661	 -0.035168	 -0.045278	 -0.036606	 -0.030860	 -0.054708	 -0.167532
 -0.011281	 -0.039222	 -0.028839	 -0.025234	 -0.044670	  0.011303	 -0.035130
  0.015294	 -0.047014	  0.001411	 -0.006292	 -0.001085	  0.146082	  0.386944
  0.020109	 -0.082997	  0.031914	 -0.023872	 -0.055535	 -0.073713	 -0.292396
  0.007407	 -0.082617	  0.027258	  0.008437	  0.027740	  0.059988	  0.107663
  0.003321	 -0.067286	  0.012212	  0.018351	  0.016368	  0.086374	  0.217481
  0.000692	 -0.067761	  0.017946	  0.046669	 -0.049643	 -0.107954	 -0.349349
  0.040191	 -0.053603	  0.013606	  0.066561	  0.002938	  0.050929	  0.271519
  0.050454	 -0.027755	  0.027068	 -0.000274	 -0.022276	 -0.057559	  0.010958
  0.040635	 -0.018728	  0.041005	 -0.025551	 -0.055060	 -0.199686	 -0.331674
  0.013109	 -0.008402	  0.006099	  0.019175	  0.058686	 -0.006562	  0.318969
 -0.019580	 -0.011063	 -0.017246	  0.001120	  0.050007	 -0.146915	 -0.233765
 -0.045459	 -0.037987	 -0.041224	  0.014423	  0.042754	 -0.187839	 -0.248178
 -0.063704	 -0.041439	 -0.033083	  0.066498	  0.116747	 -0.031173	  0.283492
 -0.105167	 -0.034629	 -0.015377	  0.054651	  0.079085	 -0.192306	 -0.326352
 -0.093415	 -0.010968	 -0.011734	  0.059497	  0.085642	 -0.066428	 -0.026736
 -0.097755	 -0.002605	 -0.010150	  0.063330	  0.140409	  0.045291	  0.216024
 -0.081822	  0.006390	 -0.015377	  0.054366	  0.078198	 -0.124267	 -0.413649
 -0.081315	  0.033156	 -0.023296	  0.091204	  0.110602	  0.069586	  0.117260
 -0.029463	  0.041202	 -0.009485	  0.074131	  0.068759	  0.027173	  0.090336
 -0.019738	  0.048867	 -0.001946	  0.044768	  0.036165	 -0.097723	 -0.350521
 -0.009761	  0.035278	  0.008348	  0.096716	  0.118743	  0.096383	  0.323118
 -0.029368	  0.034677	  0.017502	  0.091331	  0.068632	 -0.021481	 -0.074882
  0.023910	  0.038541	  0.001221	  0.039447	  0.017255	 -0.084673	 -0.205574
  0.026349	  0.024477	 -0.036789	  0.060258	  0.061347	  0.111809	  0.374179
  0.040381	  0.011332	 -0.032038	  0.012586	  0.020613	 -0.073808	 -0.212163
  0.035282	  0.009843	 -0.006159	  0.008500	  0.063976	 -0.019010	 -0.091733
  0.022833	  0.005820	  0.009995	  0.025288	  0.091914	  0.115610	  0.311208
  0.028123	 -0.031303	  0.004452	  0.008658	  0.025206	 -0.106465	 -0.318529
  0.038449	 -0.055883	  0.007113	  0.022120	  0.022260	  0.032969	  0.132781
  0.040698	 -0.005741	 -0.015282	  0.036849	  0.010603	  0.023910	  0.224133
  0.032621	  0.007531	 -0.024373	  0.040682	 -0.064467	 -0.149734	 -0.335728
  0.008991	 -0.011759	 -0.027350	  0.054208	  0.005219	  0.062776	  0.287072
  0.002213	  0.031351	 -0.022757	  0.034474	 -0.003841	  0.014978	  0.040606
 -0.012010	  0.042659	 -0.015630	  0.033460	 -0.026805	 -0.082931	 -0.316153
  0.005697	  0.008671	  0.014715	  0.083000	  0.038604	  0.097143	  0.305950
 -0.004851	  0.013106	 -0.000774	  0.060194	 -0.008877	 -0.063197	 -0.196294
  0.004588	 -0.031620	  0.008126	  0.051832	 -0.033077	 -0.069595	 -0.207412
 -0.014417	 -0.066209	 -0.011702	  0.041632	  0.005092	  0.103225	  0.293565
 -0.034879	 -0.057815	 -0.032830	 -0.013704	 -0.020248	 -0.091451	 -0.384920
 -0.029368	 -0.067350	 -0.044835	  0.001056	  0.016115	 -0.008240	 -0.073298
 -0.061867	 -0.060476	 -0.048731	 -0.037429	  0.047283	  0.057929	  0.209974
 -0.069944	 -0.091645	 -0.035396	 -0.074394	 -0.040616	 -0.147643	 -0.391635
 -0.081347	 -0.099437	 -0.055256	 -0.053077	  0.002621	  0.005095	  0.141112
 -0.081790	 -0.076979	 -0.023201	 -0.035180	  0.004332	 -0.041911	  0.105889
 -0.086573	 -0.039539	 -0.025164	 -0.020261	 -0.025412	 -0.190373	 -0.330122
 -0.031332	 -0.009415	 -0.025228	  0.007138	  0.088018	  0.018557	  0.323340
 -0.016254	  0.005345	 -0.048192	  0.016102	  0.074714	 -0.086225	 -0.067280
 -0.007607	  0.025712	 -0.067008	  0.016926	  0.074777	 -0.123190	 -0.260436
  0.019317	  0.019251	 -0.048224	  0.015817	  0.126028	  0.077030	  0.342535
  0.016973	  0.026694	 -0.039450	  0.017528	  0.079497	 -0.094049	 -0.267278
 -0.010236	  0.020169	 -0.052279	  0.031813	  0.118141	 -0.010648	 -0.099906
 -0.027436	  0.035658	 -0.062415	  0.022501	  0.167776	  0.118746	  0.269904
 -0.012928	  0.027961	 -0.021870	  0.032858	  0.104964	 -0.095854	 -0.360498
 -0.046789	  0.047347	 -0.009200	  0.064787	  0.141264	  0.059323	  0.084793
 -0.055246	  0.013106	 -0.037011	  0.097096	  0.158780	  0.098727	  0.151755
 -0.045015	  0.006707	 -0.002960	  0.071977	  0.100118	 -0.077261	 -0.418306
 -0.045712	 -0.009479	  0.030299	  0.096747	  0.148011	  0.089921	  0.196480
 -0.032124	 -0.004347	 -0.003815	  0.072041	  0.098724	 -0.007924	 -0.036016
 -0.011598	 -0.023606	 -0.006191	  0.050723	  0.035975	 -0.127815	 -0.354892
 -0.015336	 -0.043118	 -0.019938	  0.030293	  0.087669	  0.092202	  0.328503
 -0.046631	 -0.008750	 -0.025671	 -0.005690	  0.029925	 -0.075645	 -0.177510
 -0.034372	  0.013803	 -0.028870	 -0.017474	  0.041297	 -0.062627	 -0.163541
 -0.028164	  0.068759	 -0.068243	 -0.032900	  0.101195	  0.068351	  0.291538
 -0.016159	  0.071610	 -0.056808	 -0.053520	  0.046618	 -0.125186	 -0.347987
 -0.013720	  0.084914	 -0.055288	 -0.023904	  0.093054	 -0.040327	 -0.029491
 -0.009856	  0.057895	 -0.059310	 -0.035180	  0.058686	  0.007027	  0.224988
 -0.029526	  0.000499	 -0.064917	 -0.032931	 -0.033330	 -0.163544	 -0.347290
 -0.044350	 -0.016479	 -0.043029	 -0.009301	  0.052320	  0.005950	  0.241301
 -0.052554	 -0.047648	 -0.063587	 -0.014496	  0.041899	  0.029453	  0.169145
 -0.064274	 -0.054806	 -0.113507	 -0.011677	  0.013517	 -0.108461	 -0.264300
 -0.062215	 -0.055693	 -0.097543	  0.026840	  0.056247	  0.092012	  0.354604
 -0.070387	 -0.042611	 -0.125005	  0.022817	  0.028341	 -0.041183	 -0.007097
 -0.081949	 -0.055123	 -0.089877	  0.011509	  0.020644	 -0.091863	 -0.180456
 -0.083628	 -0.070422	 -0.086836	  0.063488	  0.054284	  0.097555	  0.378708
 -0.058256	 -0.061426	 -0.112272	  0.028582	  0.003318	 -0.078591	 -0.174976
 -0.061677	 -0.020882	 -0.102484	  0.055570	  0.064166	  0.004873	 -0.057239
 -0.028227	 -0.026077	 -0.090637	  0.066434	  0.097172	  0.097619	  0.327299
 -0.043938	 -0.041027	 -0.084841	  0.037610	  0.057800	 -0.115398	 -0.311813
 -0.009476	 -0.063105	 -0.075243	  0.037261	  0.071895	  0.015104	  0.142981
  0.052640	 -0.052145	 -0.072171	  0.035424	  0.100561	  0.046526	  0.223278
  0.015484	 -0.027914	 -0.096592	  0.011953	  0.031572	 -0.124394	 -0.331991
  0.008674	 -0.051702	 -0.078094	  0.053891	  0.087099	  0.070663	  0.277633
  0.017227	 -0.030543	 -0.082022	  0.090476	  0.051401	 -0.000417	  0.029488
  0.001516	 -0.032602	 -0.060989	  0.094657	  0.050102	 -0.104248	 -0.272916
 -0.044762	 -0.034027	 -0.051265	  0.144482	  0.102208	  0.128724	  0.342630
 -0.050337	 -0.060191	 -0.028395	  0.109196	  0.042405	 -0.001177	 -0.145898
 -0.066111	 -0.071436	 -0.015187	  0.082684	  0.043736	 -0.034563	 -0.141210
 -0.062468	 -0.074318	 -0.012114	  0.088829	  0.040220	  0.131606	  0.374084
 -0.006498	 -0.056105	 -0.066691	  0.051040	  0.004205	 -0.054423	 -0.241843
  0.006964	 -0.059051	 -0.077175	  0.035931	  0.061917	  0.002688	  0.089038
  0.004652	 -0.057720	 -0.063492	  0.044705	  0.074366	  0.095053	  0.312951
  0.006204	 -0.039570	 -0.031690	  0.002070	 -0.025190	 -0.104122	 -0.319257
 -0.041594	 -0.045810	 -0.003435	  0.032193	 -0.009067	  0.072215	  0.231577
 -0.051287	 -0.021801	 -0.032228	  0.059687	 -0.002954	  0.064613	  0.158280
 -0.039884	 -0.018380	 -0.048161	  0.065611	 -0.068902	 -0.111565	 -0.294614
 -0.031300	 -0.001148	 -0.067704	  0.051198	  0.034360	  0.082098	  0.359925
 -0.035449	 -0.018126	 -0.065677	  0.047334	  0.013074	 -0.042545	 -0.012767
 -0.014670	 -0.012425	 -0.089814	  0.037515	  0.025776	 -0.093067	 -0.156003
 -0.042893	  0.001861	 -0.071537	  0.012396	  0.062139	  0.057739	  0.405537
 -0.029526	  0.021911	 -0.108819	  0.009640	  0.000531	 -0.098578	 -0.128888
 -0.010299	  0.043989	 -0.083605	 -0.001984	  0.026599	 -0.020562	  0.010895
 -0.038649	  0.074081	 -0.080596	 -0.035085	  0.045921	 -0.018630	  0.184159
 -0.043938	  0.080131	 -0.086805	 -0.035212	  0.027265	 -0.098610	 -0.017296
 -0.064686	  0.094891	 -0.049428	 -0.030746	  0.044401	 -0.042291	  0.076051
 -0.067568	  0.116272	 -0.026495	 -0.005817	  0.055075	 -0.052966	 -0.016789
 -0.047961	  0.111331	 -0.017562	  0.029944	  0.053523	 -0.040771	  0.022393
 -0.044128	  0.077058	 -0.030454	  0.010052	  0.082158	 -0.055437	  0.023121
 -0.049862	  0.031731	 -0.000204	 -0.028053	  0.086054	 -0.107669	  0.051946
 -0.064306	  0.049691	  0.016172	 -0.043226	  0.092452	 -0.093764	  0.096640
 -0.077071	  0.036324	 -0.003815	 -0.049149	  0.084629	 -0.067853	  0.089323
 -0.054486	 -0.017461	 -0.005652	 -0.063118	  0.094448	 -0.062342	  0.033257
 -0.037477	 -0.009637	 -0.007014	 -0.070435	  0.106421	 -0.018440	  0.041303
 -0.013879	 -0.013185	  0.000968	 -0.056023	  0.145635	 -0.023476	  0.043742
  0.002814	 -0.000451	 -0.004385	 -0.037302	  0.146997	 -0.052934	  0.029551
  0.030815	  0.016685	 -0.005494	 -0.042180	  0.125426	 -0.067568	  0.055399
  0.043359	  0.005028	 -0.025291	 -0.016143	  0.113358	 -0.060029	  0.034968
  0.008009	 -0.017968	 -0.012399	 -0.030112	  0.101733	 -0.053124	  0.012859
 -0.019929	  0.008291	 -0.025671	 -0.040153	  0.113073	 -0.068645	  0.037629
 -0.002317	 -0.005931	 -0.041224	 -0.032234	  0.124698	 -0.053504	  0.036647
 -0.002856	  0.002368	 -0.029789	 -0.005595	  0.118489	 -0.009507	  0.015741
 -0.000448	  0.013232	 -0.052405	  0.003875	  0.112566	 -0.008779	  0.022646
 -0.011566	  0.023685	 -0.059437	  0.040207	  0.106358	 -0.037477	  0.031959
  0.009244	  0.053682	 -0.066501	  0.056456	  0.131223	 -0.043812	  0.055018
  0.014756	  0.051369	 -0.062763	  0.029532	  0.137811	 -0.020467	  0.018307
  0.047762	  0.028215	 -0.078949	 -0.004392	  0.084724	  0.004335	  0.042032
  0.042820	  0.040030	 -0.049998	  0.024274	  0.114593	 -0.040486	  0.054765
  0.022041	  0.067524	 -0.056270	  0.024401	  0.111109	 -0.038078	  0.086092
  0.023403	  0.052573	 -0.053546	 -0.000337	  0.082981	 -0.011471	  0.096260
  0.007059	  0.073827	 -0.037708	  0.002703	  0.097425	 -0.002064	  0.103957
 -0.005009	  0.056596	 -0.036663	  0.011668	  0.101511	  0.020933	  0.131609
 -0.021259	  0.074461	 -0.055509	 -0.005817	  0.045478	  0.033729	  0.118052
 -0.052237	  0.085896	 -0.053514	 -0.013831	  0.067872	  0.051658	  0.077286
 -0.067885	  0.078484	 -0.041667	  0.007075	  0.063343	  0.063314	  0.077223
 -0.049925	  0.039143	 -0.005431	  0.006568	  0.028341	  0.042599	  0.093029
 -0.019738	  0.012852	  0.022000	  0.007835	  0.023939	  0.026349	  0.072820
  0.012317	 -0.018506	  0.007588	 -0.020356	  0.041613	  0.010258	  0.063127
  0.004430	 -0.001687	 -0.025956	 -0.002143	  0.021215	 -0.019833	  0.073548
 -0.020784	 -0.002035	  0.011357	  0.000011	  0.033029	 -0.020689	  0.099522
 -0.012390	  0.029862	  0.037363	  0.011319	  0.057419	 -0.006752	  0.109722
  0.022548	 -0.008814	  0.024788	  0.005998	  0.043324	  0.011240	  0.119288
  0.029327	  0.017223	  0.032263	  0.012935	  0.048867	 -0.020815	  0.111369
  0.007661	  0.013106	 -0.000648	  0.001151	  0.044401	 -0.024205	  0.117609
 -0.004218	  0.014753	 -0.001661	  0.001595	  0.073827	 -0.045205	  0.136202
 -0.012073	  0.001576	  0.022444	 -0.016840	  0.099864	 -0.041848	  0.155968
  0.001737	 -0.041883	  0.030331	 -0.027736	  0.063850	 -0.067663	  0.163538
  0.017607	 -0.035579	  0.039992	 -0.035244	  0.047822	 -0.036400	  0.136487
  0.012095	 -0.029181	  0.031028	 -0.021940	  0.068728	 -0.031522	  0.130089
  0.019317	 -0.023321	  0.025263	 -0.023492	  0.086941	 -0.027214	  0.085110
 -0.003616	 -0.025887	  0.025801	 -0.062896	  0.086244	 -0.014480	  0.059073
 -0.023096	 -0.032380	  0.041924	 -0.099291	  0.045003	 -0.057242	  0.048683
 -0.036495	 -0.027470	  0.049621	 -0.092671	  0.062107	 -0.049197	  0.010673
 -0.083057	 -0.039285	  0.020796	 -0.051398	  0.083362	 -0.024807	  0.016755
 -0.082297	 -0.057974	 -0.001630	 -0.053584	  0.096792	  0.013362	  0.019986
 -0.090976	 -0.058417	 -0.008788	 -0.056054	  0.107308	 -0.012992	  0.014506
 -0.077166	 -0.028294	 -0.006571	 -0.057258	  0.091755	  0.007154	  0.012225
 -0.020974	  0.007784	  0.012688	 -0.051683	  0.090425	  0.012982	  0.029647
 -0.007892	  0.017065	  0.015095	 -0.050353	  0.068379	  0.020204	  0.041651
  0.005475	  0.017255	 -0.002643	 -0.042751	  0.053967	  0.023815	  0.036362
  0.008991	  0.016051	 -0.022567	 -0.011835	  0.036735	  0.008294	  0.059516
 -0.003711	  0.069963	 -0.029916	  0.034664	  0.024540	  0.011969	  0.040321
  0.015960	  0.079339	 -0.062636	  0.029374	  0.020264	  0.034363	  0.058851
  0.024670	  0.053270	 -0.053926	  0.016609	  0.006739	  0.018462	  0.021443
  0.009815	  0.067746	 -0.061813	  0.023356	 -0.005044	  0.038829	  0.013270
  0.004652	  0.086181	 -0.050790	 -0.002238	 -0.008972	  0.017163	  0.016723
  0.024544	  0.065370	 -0.076003	  0.020695	  0.026916	 -0.004946	  0.027873
  0.029802	  0.118014	 -0.068211	  0.007550	  0.025649	  0.021186	  0.055525
  0.036359	  0.126123	 -0.049333	 -0.022035	  0.046650	  0.033951	  0.088214
  0.033508	  0.121277	 -0.012083	 -0.005690	  0.024065	  0.031766	  0.092300
  0.027204	  0.112629	 -0.020286	  0.009830	  0.037717	  0.022675	  0.123247
  0.028788	  0.085896	 -0.060419	  0.004636	  0.008703	 -0.000163	  0.121378
  0.047540	  0.050831	 -0.077999	  0.005333	  0.014848	 -0.072319	  0.126193
  0.064169	  0.020676	 -0.082718	  0.008310	  0.012567	 -0.096456	  0.112192
  0.060052	  0.017223	 -0.052722	 -0.015953	  0.017318	 -0.109886	  0.100409
  0.075097	  0.010413	 -0.038500	 -0.004867	  0.027486	 -0.100130	  0.057647
  0.061794	  0.005282	 -0.039925	  0.009229	  0.022798	 -0.109570	  0.042475
  0.059386	  0.002146	 -0.059469	  0.007043	  0.050578	 -0.115651	  0.024800
  0.044404	  0.002526	 -0.019463	  0.024718	  0.034138	 -0.110615	  0.027112
  0.020838	  0.023210	 -0.017467	  0.035931	  0.015735	 -0.102633	  0.016945
  0.051151	  0.028437	 -0.013381	  0.010401	  0.026441	 -0.104628	  0.016533
  0.017987	  0.055044	 -0.019336	 -0.014750	  0.053840	 -0.091895	 -0.019545
  0.015484	  0.052446	  0.011801	 -0.002238	  0.103665	 -0.097248	 -0.011056
 -0.026834	  0.031477	  0.078667	  0.015849	  0.118236	 -0.084610	 -0.003391
 -0.048848	  0.018649	  0.068373	  0.037641	  0.120232	 -0.070229	  0.013746
 -0.046472	 -0.016986	  0.047879	  0.048094	  0.129512	 -0.059143	 -0.001427
 -0.042513	 -0.011569	  0.077020	  0.052370	  0.108353	 -0.111058	  0.022171
 -0.029178	 -0.043847	  0.075816	  0.031623	  0.116684	 -0.099180	  0.069811
 -0.037762	 -0.011854	  0.074328	  0.003210	  0.132585	 -0.077324	  0.065060
 -0.050464	 -0.016131	  0.092161	 -0.012722	  0.171039	 -0.038395	  0.071078
 -0.026960	 -0.024145	  0.107143	 -0.018677	  0.182790	 -0.001810	  0.069399
 -0.008335	 -0.023701	  0.105686	 -0.026755	  0.152319	  0.030055	  0.051566
 -0.015874	 -0.026077	  0.094632	 -0.031379	  0.159477	  0.044657	  0.028918
  0.001199	 -0.010017	  0.067581	 -0.008636	  0.155645	  0.049219	  0.022995
  0.044309	 -0.017841	  0.051680	  0.014518	  0.202397	  0.067432	  0.017356
  0.031607	 -0.036910	  0.080821	  0.005238	  0.170944	  0.023657	  0.046244
  0.011810	  0.001671	  0.085667	  0.018288	  0.134739	  0.002054	  0.027556
 -0.027309	  0.004553	  0.108949	  0.035646	  0.097774	 -0.033739	  0.001202
