:RUN-1	DP I-O	10:48 AM	TEMP: NaN	HR: NaN
Level Step Size:5.00	Start dB SPL: 10	Stop dB SPL: 80	# Buffers Averaged: 8.00	Update Interval:5	Ear:Right	Etymotics Gain:40	Ipsi Driver:Starship	
:NOTES-
:CHAMBER-
:CFTS Version: V2.30.1 (R2128)
:dB	f1(Hz)	f2(Hz)	f1(dB)	f2(dB)	2f1-f2(dB)	2f1-f2Nse(dB)	f2-f1(dB)	f2-f1Nse(dB)	2f1-f2Phase Shox (1)	PostexposureTime(min)
:DATA
 10.00	4720.00	5660.00	 19.92	  9.71	 -7.07	 -6.54	 -2.15	 -0.28	  0.00	   NaN
 15.00	4720.00	5660.00	 25.07	 14.84	 -3.88	 -0.69	  5.36	  5.88	  0.00	   NaN
 20.00	4720.00	5660.00	 29.99	 19.87	 -6.53	 -3.67	 -0.18	  1.78	  0.00	   NaN
 25.00	4720.00	5660.00	 34.98	 24.89	 -6.40	 -3.86	  2.69	  4.20	  0.00	   NaN
 30.00	4720.00	5660.00	 39.97	 29.94	  1.66	  1.24	  3.44	  4.72	  0.00	   NaN
 35.00	4720.00	5660.00	 44.97	 34.88	 -6.26	 -5.48	  1.68	  2.65	  0.00	   NaN
 40.00	4720.00	5660.00	 49.96	 39.89	-12.92	 -8.80	 -0.44	  1.28	  0.00	   NaN
 45.00	4720.00	5660.00	 54.96	 44.88	 -5.63	 -4.13	  9.34	  9.27	  0.00	   NaN
 50.00	4720.00	5660.00	 59.95	 49.87	-12.14	 -5.81	  2.92	 -0.75	  0.00	   NaN
 55.00	4720.00	5660.00	 64.96	 54.88	-10.00	 -3.83	  6.54	  5.98	  0.00	   NaN
 60.00	4720.00	5660.00	 69.95	 59.88	 -6.11	 -3.56	  5.16	 -2.91	  0.00	   NaN
 65.00	4720.00	5660.00	 74.95	 64.88	 -7.14	 -4.76	 11.09	  4.95	  0.00	   NaN
 70.00	4720.00	5660.00	 79.97	 69.91	 -3.16	 -4.26	 21.09	  7.85	  0.00	   NaN
 75.00	4720.00	5660.00	 84.99	 74.93	 -5.15	 -6.05	 31.12	  0.97	  0.00	   NaN
 80.00	4720.00	5660.00	 90.06	 80.03	  5.68	 -5.25	 41.13	  4.34	  0.00	   NaN
 10.00	6660.00	8000.00	 19.92	 10.54	-15.31	-15.07	  1.46	 -1.93	  0.00	   NaN
 15.00	6660.00	8000.00	 24.99	 14.57	-14.37	-12.98	  0.56	  0.36	  0.00	   NaN
 20.00	6660.00	8000.00	 30.00	 19.79	 -8.35	-10.67	  3.21	  3.28	  0.00	   NaN
 25.00	6660.00	8000.00	 35.00	 25.05	 -8.81	-12.42	 -1.64	  0.93	  0.00	   NaN
 30.00	6660.00	8000.00	 40.00	 29.97	-14.15	-12.25	 -0.31	  0.15	  0.00	   NaN
 35.00	6660.00	8000.00	 44.98	 34.93	-10.02	-12.47	  2.08	  0.28	  0.00	   NaN
 40.00	6660.00	8000.00	 49.99	 39.93	-10.43	-12.71	  2.22	 -0.45	  0.00	   NaN
 45.00	6660.00	8000.00	 54.99	 44.92	 -9.97	 -9.87	  7.55	  8.23	  0.00	   NaN
 50.00	6660.00	8000.00	 59.98	 49.94	 -5.66	 -8.73	  6.91	  7.49	  0.00	   NaN
 55.00	6660.00	8000.00	 64.99	 54.94	-12.35	-10.69	 -2.06	 -3.21	  0.00	   NaN
 60.00	6660.00	8000.00	 69.98	 59.94	-11.16	-16.68	 -7.42	 -4.81	  0.00	   NaN
 65.00	6660.00	8000.00	 74.97	 64.94	-11.61	-10.24	  6.51	  3.51	  0.00	   NaN
 70.00	6660.00	8000.00	 80.00	 69.95	 -8.31	-14.44	 10.61	  1.37	  0.00	   NaN
 75.00	6660.00	8000.00	 85.01	 74.96	-12.28	-14.31	 19.93	  0.09	  0.00	   NaN
 80.00	6660.00	8000.00	 90.03	 79.99	 -9.71	-13.70	 30.49	 -2.49	  0.00	   NaN
 10.00	9440.00	11320.00	 20.12	 10.11	 -5.34	 -8.21	 -4.91	 -4.73	  0.00	   NaN
 15.00	9440.00	11320.00	 24.90	 15.14	 -6.74	 -9.39	  0.98	  0.20	  0.00	   NaN
 20.00	9440.00	11320.00	 29.94	 20.08	-10.38	-10.70	 -5.94	 -4.46	  0.00	   NaN
 25.00	9440.00	11320.00	 34.99	 24.92	 -6.94	 -6.97	 -6.40	 -1.33	  0.00	   NaN
 30.00	9440.00	11320.00	 39.97	 29.97	 -1.26	 -5.59	  0.99	  1.81	  0.00	   NaN
 35.00	9440.00	11320.00	 44.98	 34.96	 -8.22	 -8.00	 -2.82	 -2.96	  0.00	   NaN
 40.00	9440.00	11320.00	 49.97	 39.93	 -6.32	 -7.22	 -1.71	  1.33	  0.00	   NaN
 45.00	9440.00	11320.00	 54.97	 44.94	 -7.80	 -7.32	 -3.07	 -4.42	  0.00	   NaN
 50.00	9440.00	11320.00	 59.97	 49.94	-10.54	 -5.71	  0.82	  0.95	  0.00	   NaN
 55.00	9440.00	11320.00	 64.96	 54.93	 -6.16	 -8.05	 -4.99	 -0.67	  0.00	   NaN
 60.00	9440.00	11320.00	 69.97	 59.93	 -6.59	-10.27	 -0.19	 -2.87	  0.00	   NaN
 65.00	9440.00	11320.00	 74.97	 64.94	 -3.91	 -7.41	  2.80	 -1.32	  0.00	   NaN
 70.00	9440.00	11320.00	 79.99	 69.94	 -7.63	 -8.41	 11.82	 -0.39	  0.00	   NaN
 75.00	9440.00	11320.00	 85.00	 74.94	 -4.22	 -7.34	 21.07	 -2.68	  0.00	   NaN
 80.00	9440.00	11320.00	 90.04	 79.95	 -2.57	 -6.04	 31.07	  0.58	  0.00	   NaN
 10.00	13340.00	16000.00	 19.77	 11.63	-12.21	-10.40	 -2.53	 -6.55	  0.00	   NaN
 15.00	13340.00	16000.00	 24.90	 15.61	 -9.71	-10.99	 -4.22	 -5.68	  0.00	   NaN
 20.00	13340.00	16000.00	 29.95	 20.51	 -6.07	 -7.81	 -5.72	 -4.12	  0.00	   NaN
 25.00	13340.00	16000.00	 34.88	 25.18	-12.75	 -6.61	  2.00	  0.58	  0.00	   NaN
 30.00	13340.00	16000.00	 39.94	 29.83	-11.55	-10.08	 -4.43	 -3.17	  0.00	   NaN
 35.00	13340.00	16000.00	 44.93	 35.06	 -6.16	 -7.92	 -7.37	 -4.76	  0.00	   NaN
 40.00	13340.00	16000.00	 49.92	 39.98	 -7.20	 -9.14	 -6.15	 -6.42	  0.00	   NaN
 45.00	13340.00	16000.00	 54.91	 44.98	 -9.16	 -8.93	 -6.20	 -8.44	  0.00	   NaN
 50.00	13340.00	16000.00	 59.92	 49.98	-12.31	 -7.85	 -7.02	 -5.78	  0.00	   NaN
 55.00	13340.00	16000.00	 64.92	 54.98	-10.33	 -7.15	 -8.81	 -5.01	  0.00	   NaN
 60.00	13340.00	16000.00	 69.94	 59.98	 -6.81	 -7.58	 -3.43	 -0.87	  0.00	   NaN
 65.00	13340.00	16000.00	 74.95	 64.97	 -6.84	 -8.93	 -4.51	 -7.85	  0.00	   NaN
 70.00	13340.00	16000.00	 79.99	 69.97	 -5.03	 -7.76	 -1.16	 -6.86	  0.00	   NaN
 75.00	13340.00	16000.00	 85.05	 74.98	 -7.24	 -8.39	  8.07	  0.57	  0.00	   NaN
 80.00	13340.00	16000.00	 90.11	 79.98	 -7.95	 -9.27	 15.70	 -4.42	  0.00	   NaN
 10.00	18880.00	22640.00	 19.98	 10.55	 -2.63	  0.63	  1.93	 -8.47	  0.00	   NaN
 15.00	18880.00	22640.00	 24.94	 14.40	  1.92	  1.94	  1.18	-10.63	  0.00	   NaN
 20.00	18880.00	22640.00	 29.91	 20.01	  0.79	  1.53	  0.98	 -9.98	  0.00	   NaN
 25.00	18880.00	22640.00	 34.95	 24.82	  1.20	  0.09	 -0.17	 -0.92	  0.00	   NaN
 30.00	18880.00	22640.00	 39.98	 29.98	  2.16	  2.98	  0.03	 -7.78	  0.00	   NaN
 35.00	18880.00	22640.00	 44.96	 35.07	  1.60	 -1.63	  0.82	-10.39	  0.00	   NaN
 40.00	18880.00	22640.00	 49.94	 39.99	  2.29	 -0.37	  2.02	 -8.67	  0.00	   NaN
 45.00	18880.00	22640.00	 54.95	 45.01	  1.81	 -3.39	 -2.30	 -9.01	  0.00	   NaN
 50.00	18880.00	22640.00	 59.95	 49.99	 -0.55	  1.41	  0.93	-11.62	  0.00	   NaN
 55.00	18880.00	22640.00	 64.94	 54.97	  0.83	  1.03	  0.52	 -7.07	  0.00	   NaN
 60.00	18880.00	22640.00	 69.96	 59.98	 -1.59	  1.38	  3.46	 -4.84	  0.00	   NaN
 65.00	18880.00	22640.00	 74.96	 64.99	  2.16	 -0.39	  0.57	 -8.50	  0.00	   NaN
 70.00	18880.00	22640.00	 79.97	 69.98	  1.19	  0.54	 -1.99	-12.20	  0.00	   NaN
 75.00	18880.00	22640.00	 84.97	 74.98	  0.60	 -0.09	  4.62	 -7.06	  0.00	   NaN
 80.00	18880.00	22640.00	 89.99	 79.98	 -0.20	  2.24	 11.87	-11.16	  0.00	   NaN
 10.00	26660.00	32000.00	 20.16	 11.17	 -0.28	 -4.05	-10.60	-12.97	  0.00	   NaN
 15.00	26660.00	32000.00	 24.91	 14.93	 -1.17	 -2.66	-14.70	-12.88	  0.00	   NaN
 20.00	26660.00	32000.00	 29.93	 19.70	 -1.78	 -2.90	-16.50	-13.19	  0.00	   NaN
 25.00	26660.00	32000.00	 34.93	 24.79	 -5.33	 -2.47	 -9.34	-10.97	  0.00	   NaN
 30.00	26660.00	32000.00	 39.97	 30.02	 -3.76	 -2.80	-14.33	-15.43	  0.00	   NaN
 35.00	26660.00	32000.00	 44.98	 34.95	 -0.22	 -2.47	 -7.39	-12.91	  0.00	   NaN
 40.00	26660.00	32000.00	 49.97	 39.94	 -0.87	 -2.36	-16.19	-14.29	  0.00	   NaN
 45.00	26660.00	32000.00	 54.97	 44.96	 -4.51	 -2.52	-18.40	-15.79	  0.00	   NaN
 50.00	26660.00	32000.00	 59.97	 49.97	 -0.66	 -2.70	-14.31	-13.61	  0.00	   NaN
 55.00	26660.00	32000.00	 64.97	 54.98	 -2.77	 -2.11	-13.76	-13.49	  0.00	   NaN
 60.00	26660.00	32000.00	 69.97	 59.97	 -2.47	 -1.08	-13.69	-15.24	  0.00	   NaN
 65.00	26660.00	32000.00	 75.00	 64.97	 -2.59	 -4.59	-12.28	-12.92	  0.00	   NaN
 70.00	26660.00	32000.00	 80.01	 69.97	 -0.46	 -1.94	 -4.91	-15.52	  0.00	   NaN
 75.00	26660.00	32000.00	 85.04	 74.97	 -2.45	 -2.06	  5.48	 -8.69	  0.00	   NaN
 80.00	26660.00	32000.00	 90.07	 79.98	  1.15	 -0.54	 15.35	 -7.17	  0.00	   NaN
 10.00	37700.00	45240.00	 20.02	 13.48	 -5.54	 -6.37	 -6.38	 -7.34	  0.00	   NaN
 15.00	37700.00	45240.00	 25.37	 16.05	 -4.58	 -5.97	 -9.62	 -8.75	  0.00	   NaN
 20.00	37700.00	45240.00	 30.08	 20.42	 -8.41	 -7.21	 -5.14	 -5.88	  0.00	   NaN
 25.00	37700.00	45240.00	 34.95	 25.64	 -5.25	 -8.24	 -3.58	 -6.47	  0.00	   NaN
 30.00	37700.00	45240.00	 39.98	 30.52	 -4.38	 -7.12	-10.63	 -7.97	  0.00	   NaN
 35.00	37700.00	45240.00	 44.99	 35.06	 -3.93	 -8.10	 -5.90	 -5.92	  0.00	   NaN
 40.00	37700.00	45240.00	 49.98	 40.08	-11.95	 -5.25	 -9.38	 -7.84	  0.00	   NaN
 45.00	37700.00	45240.00	 54.87	 44.86	 -4.08	 -9.25	 -7.01	 -7.00	  0.00	   NaN
 50.00	37700.00	45240.00	 59.85	 49.81	 -8.25	 -6.85	 -7.95	 -8.47	  0.00	   NaN
 55.00	37700.00	45240.00	 64.84	 54.84	 -3.36	 -8.14	 -7.86	 -8.95	  0.00	   NaN
 60.00	37700.00	45240.00	 69.84	 59.85	 -9.99	 -6.08	 -6.04	 -6.61	  0.00	   NaN
 65.00	37700.00	45240.00	 74.83	 64.83	 -3.93	 -6.84	 -5.01	 -8.08	  0.00	   NaN
 70.00	37700.00	45240.00	 79.84	 69.82	 -9.70	 -7.79	 -5.93	 -7.75	  0.00	   NaN
 75.00	37700.00	45240.00	 84.83	 74.81	 -5.07	 -6.52	 -6.35	 -7.03	  0.00	   NaN
 80.00	37700.00	45240.00	 89.83	 79.81	 -4.51	 -5.97	  0.19	 -5.12	  0.00	   NaN
