:RUN-5	LEVEL SWEEP	TEMP:NaN	8/27/2019	11:49 AM	HR:-636.36:SW EAR: R	SW FREQ: 22.60	# AVERAGES: 512	REP RATE (/sec): 80	DRIVER: 	SAMPLE (µsec): 40	MASKER dB: 2147483647:NOTES-:CHAMBER-SEWELL-PXI1:CFTS Version: V2.7.2 (R850):LEVELS:20;30;40;50;60;70;80;:DATA -0.026336	 -0.033400	  0.001606	  0.029243	 -0.040777	 -0.045655	 -0.053609
 -0.010150	 -0.035237	  0.009461	  0.017016	 -0.033460	 -0.044103	 -0.047401
  0.018579	 -0.012716	  0.001258	 -0.012410	 -0.011383	 -0.030990	 -0.055319
  0.041924	  0.021652	 -0.001910	 -0.012062	  0.000369	 -0.021012	 -0.047781
 -0.003562	  0.044363	  0.015987	 -0.026379	 -0.011953	 -0.005554	 -0.064727
 -0.018259	  0.048702	  0.019914	 -0.008609	 -0.013156	 -0.002007	 -0.085791
  0.008918	  0.078604	  0.013516	 -0.007247	 -0.001468	 -0.018668	 -0.073849
  0.035145	  0.043444	  0.012946	 -0.003066	 -0.007170	 -0.007550	 -0.068813
  0.037869	  0.032041	  0.023399	 -0.000817	  0.029415	 -0.002830	 -0.027920
  0.015285	  0.028620	 -0.005933	 -0.012315	  0.022605	 -0.016324	 -0.025101
 -0.010245	  0.028082	  0.013579	  0.008369	 -0.005554	 -0.033397	 -0.031024
 -0.016549	 -0.006951	 -0.015087	  0.012518	 -0.023166	  0.007718	 -0.037549
 -0.005431	 -0.036409	 -0.013281	  0.002889	 -0.030103	  0.029289	 -0.021015
 -0.040717	 -0.059184	 -0.006155	  0.002604	 -0.011763	 -0.006821	  0.010439
 -0.042744	 -0.020572	 -0.002512	 -0.000976	  0.001826	 -0.039605	  0.018928
 -0.026622	 -0.024563	  0.000782	  0.007513	  0.037936	 -0.041474	  0.057381
  0.006036	 -0.022155	 -0.002765	  0.004187	  0.028275	  0.028243	  0.100175
  0.011959	 -0.013318	  0.000307	  0.006943	  0.035655	  0.050669	  0.113827
  0.020670	 -0.024563	 -0.023829	 -0.015198	  0.004582	  0.091911	  0.137267
  0.004230	 -0.036441	 -0.041282	  0.007798	  0.029289	  0.108160	  0.201884
  0.000873	  0.004674	 -0.018064	  0.000196	  0.025171	  0.132518	  0.220446
  0.008221	  0.044331	  0.002081	 -0.008831	  0.057606	  0.134831	  0.211038
 -0.028965	  0.056590	  0.004457	 -0.007406	  0.051461	  0.106608	  0.188295
  0.000651	  0.077559	  0.016177	 -0.029452	  0.033945	  0.095332	  0.150539
 -0.020730	  0.069513	 -0.005173	  0.000228	  0.019279	  0.099038	  0.136506
 -0.026083	  0.033530	 -0.016132	 -0.003034	  0.040027	  0.098372	  0.135809
 -0.011671	  0.025706	 -0.012300	  0.047424	  0.023619	  0.100653	  0.180567
 -0.038500	  0.025104	 -0.024178	  0.044162	 -0.011858	  0.077403	  0.234573
 -0.030803	  0.049843	 -0.033205	  0.030700	  0.037017	  0.086463	  0.289593
 -0.000553	  0.071319	 -0.079451	  0.038112	  0.069706	  0.135749	  0.359089
 -0.032798	  0.062386	 -0.079673	  0.070040	  0.094540	  0.207019	  0.422915
 -0.003847	  0.035114	 -0.064342	  0.076946	  0.121400	  0.255672	  0.421172
 -0.017847	  0.034702	 -0.039160	  0.068805	  0.166474	  0.281487	  0.383796
 -0.020318	  0.061341	 -0.050627	  0.110015	  0.184529	  0.271130	  0.344708
  0.001538	  0.044078	 -0.003620	  0.153061	  0.195552	  0.218802	  0.253863
  0.013163	  0.045440	  0.011552	  0.144921	  0.218865	  0.167931	  0.140592
  0.016172	  0.030014	  0.021308	  0.111979	  0.186968	  0.065335	  0.036856
  0.027005	 -0.005557	  0.011552	  0.097978	  0.118423	 -0.016356	 -0.079393
  0.032358	  0.009457	 -0.010146	  0.045587	  0.056498	 -0.121739	 -0.151105
  0.062101	  0.026308	  0.055707	  0.035134	  0.028212	 -0.178660	 -0.244453
  0.062735	  0.011452	  0.043037	 -0.015800	 -0.011002	 -0.225476	 -0.317147
  0.052567	 -0.045817	  0.046205	 -0.025651	 -0.092028	 -0.274003	 -0.350121
  0.046485	 -0.027318	  0.050639	 -0.068254	 -0.173845	 -0.297949	 -0.375493
  0.044521	 -0.020508	  0.063436	 -0.122767	 -0.203113	 -0.332919	 -0.357692
  0.040562	 -0.006286	  0.038634	 -0.176013	 -0.204792	 -0.334249	 -0.331908
  0.044395	  0.034607	  0.022638	 -0.156438	 -0.193294	 -0.299343	 -0.284554
  0.045883	  0.058712	  0.032806	 -0.153841	 -0.139002	 -0.242201	 -0.261082
  0.024091	  0.020891	  0.006072	 -0.167968	 -0.147048	 -0.159591	 -0.155825
 -0.003150	 -0.012178	 -0.039319	 -0.154221	 -0.121708	 -0.090793	 -0.065012
 -0.042776	 -0.009834	 -0.048853	 -0.124541	 -0.088987	 -0.038148	  0.047182
  0.001696	 -0.002833	 -0.017621	 -0.124478	 -0.055285	  0.071829	  0.116202
  0.036983	  0.011959	 -0.037006	 -0.121627	 -0.019365	  0.187919	  0.186395
  0.054974	  0.015412	  0.018552	 -0.091947	  0.046963	  0.230649	  0.227414
  0.044173	 -0.011734	 -0.001055	 -0.053367	  0.124378	  0.258238	  0.290860
  0.044490	 -0.033748	  0.001859	 -0.025936	  0.181552	  0.219055	  0.322345
  0.038851	 -0.048668	 -0.014105	  0.026107	  0.220544	  0.208761	  0.351550
  0.035272	 -0.051518	  0.007466	  0.039379	  0.230237	  0.167266	  0.316739
  0.020163	 -0.049523	  0.011235	  0.045650	  0.206480	  0.178606	  0.257633
  0.020511	 -0.029187	 -0.005363	  0.035673	  0.198435	  0.178289	  0.209550
 -0.004417	 -0.011861	 -0.012109	  0.037795	  0.163402	  0.141641	  0.191400
 -0.011322	  0.010470	 -0.016734	  0.062375	  0.115065	  0.093399	  0.138058
  0.017344	  0.018357	 -0.031970	  0.064814	  0.095078	  0.075186	  0.085192
 -0.001281	  0.025579	 -0.032160	  0.031111	  0.032931	  0.022478	  0.031756
 -0.033083	  0.019846	 -0.027472	  0.000355	  0.014401	 -0.005903	 -0.013128
 -0.026305	  0.008696	 -0.048758	 -0.031764	  0.005976	 -0.012808	 -0.046862
 -0.037201	 -0.010214	 -0.057564	 -0.028977	 -0.037990	 -0.044578	 -0.071886
 -0.048161	 -0.000965	 -0.050880	 -0.066385	 -0.059276	 -0.086865	 -0.141666
 -0.032513	 -0.019558	 -0.030766	 -0.035438	 -0.061113	 -0.106789	 -0.166373
 -0.036251	 -0.019336	 -0.016322	 -0.019664	 -0.026080	 -0.072453	 -0.139291
 -0.012368	  0.006416	 -0.003969	 -0.011999	 -0.009197	 -0.072136	 -0.124340
  0.002456	  0.034512	 -0.014960	 -0.043674	 -0.030895	 -0.093295	 -0.089434
  0.022950	  0.046992	 -0.026490	 -0.058340	 -0.001436	 -0.117780	 -0.066121
  0.052630	  0.042747	 -0.031621	 -0.067494	 -0.003084	 -0.127124	 -0.079044
  0.066979	  0.012181	 -0.000453	 -0.022958	 -0.007360	 -0.073688	 -0.084682
  0.043603	  0.017914	  0.033281	 -0.019126	 -0.002957	 -0.027284	 -0.074071
 -0.000743	  0.050254	  0.042657	 -0.016718	  0.004297	 -0.056900	 -0.071727
 -0.034794	 -0.012843	  0.026693	 -0.009084	  0.033311	 -0.058230	 -0.072646
 -0.022504	 -0.036916	  0.012471	 -0.035438	  0.049307	 -0.034506	 -0.085284
 -0.021395	  0.007524	 -0.030545	 -0.046018	  0.001003	 -0.046510	 -0.109643
 -0.006571	 -0.002010	 -0.008562	 -0.048615	 -0.027537	 -0.060289	 -0.125163
  0.031978	  0.014271	  0.003950	 -0.052923	 -0.038623	 -0.070932	 -0.114996
  0.005466	  0.060644	  0.000307	 -0.058435	 -0.025985	 -0.057217	 -0.062731
 -0.013983	  0.045250	 -0.018254	 -0.019822	 -0.010179	 -0.024496	 -0.030644
 -0.036821	  0.061784	 -0.039255	 -0.001799	 -0.018795	 -0.021424	  0.024217
 -0.053229	  0.066346	 -0.028866	 -0.020583	  0.017759	 -0.020980	  0.047150
 -0.015630	  0.021462	 -0.007675	 -0.032619	  0.022795	  0.003061	  0.119307
 -0.018924	  0.022855	 -0.025255	 -0.033728	  0.055041	  0.049624	  0.150570
  0.004895	  0.014588	 -0.040871	 -0.081621	  0.086272	  0.076358	  0.180535
  0.005529	 -0.011101	 -0.054301	 -0.109337	  0.102554	  0.119151	  0.216106
 -0.005811	 -0.001915	 -0.035581	 -0.105504	  0.104834	  0.159632	  0.227985
  0.002171	  0.013099	  0.007719	 -0.073037	  0.086938	  0.188077	  0.260040
 -0.011037	  0.013416	  0.010507	 -0.046683	  0.111201	  0.193145	  0.255542
 -0.025545	 -0.012843	  0.003665	 -0.015958	  0.142528	  0.169484	  0.263714
  0.030236	 -0.001281	  0.043988	  0.039664	  0.135433	  0.172303	  0.252438
  0.014525	  0.008221	  0.020991	  0.083756	  0.125582	  0.150668	  0.222695
 -0.001503	  0.026435	  0.008575	  0.053601	  0.168628	  0.147279	  0.244202
 -0.023739	  0.027290	 -0.020567	  0.052429	  0.178543	  0.149021	  0.256809
 -0.046419	  0.037933	  0.008670	  0.062565	  0.181045	  0.163148	  0.263588
 -0.028269	  0.043634	  0.018299	  0.041184	  0.192353	  0.182724	  0.281928
 -0.005051	  0.010660	  0.016050	  0.019043	  0.180697	  0.152886	  0.291905
  0.025199	  0.022887	  0.005344	  0.027691	  0.164891	  0.104264	  0.278475
  0.010977	 -0.002453	  0.017570	  0.015052	  0.153392	  0.109681	  0.249714
  0.016520	  0.025199	 -0.000801	  0.028039	  0.136161	  0.074172	  0.219179
  0.025168	  0.025168	 -0.014485	  0.038017	  0.179968	  0.059158	  0.200142
  0.036476	  0.060992	 -0.042708	  0.027405	  0.180316	  0.042370	  0.172996
  0.058522	  0.069830	 -0.046255	  0.011631	  0.127640	  0.034420	  0.111229
  0.063336	  0.057286	 -0.036563	 -0.009528	  0.100305	  0.002713	  0.051648
  0.068563	  0.059947	 -0.050532	 -0.005695	  0.100051	 -0.013030	  0.043666
  0.069133	  0.045535	 -0.043816	 -0.007881	  0.089503	 -0.059244	  0.005972
  0.063590	 -0.001376	 -0.026743	  0.002889	  0.049054	 -0.040524	 -0.061844
  0.063812	 -0.010689	 -0.010589	 -0.027171	  0.030999	 -0.039288	 -0.095610
  0.078889	 -0.027160	 -0.001308	 -0.029737	  0.015858	 -0.032827	 -0.115376
  0.076925	 -0.021458	 -0.006820	 -0.037307	 -0.030293	 -0.056995	 -0.135901
  0.063748	 -0.024848	  0.006547	 -0.026348	 -0.065136	 -0.035931	 -0.140431
  0.065364	 -0.040780	 -0.032952	 -0.018555	 -0.085154	 -0.084996	 -0.112525
  0.056653	 -0.034002	 -0.044957	  0.001115	 -0.093168	 -0.098363	 -0.134508
  0.045471	 -0.019621	 -0.043310	  0.036528	 -0.094404	 -0.105427	 -0.106633
  0.002520	  0.017819	 -0.059622	  0.040171	 -0.086168	 -0.111540	 -0.049301
 -0.017784	 -0.008440	 -0.058926	  0.014197	 -0.082304	 -0.089082	 -0.005969
 -0.039260	 -0.020730	 -0.054143	 -0.006455	 -0.106947	 -0.069222	  0.016837
 -0.029631	 -0.020793	 -0.023766	 -0.074431	 -0.100200	 -0.057375	  0.010058
 -0.028490	  0.016140	 -0.039730	 -0.075159	 -0.074195	 -0.081607	 -0.002263
 -0.022884	  0.001474	 -0.036626	 -0.077820	 -0.049013	 -0.101879	 -0.031943
 -0.015187	  0.005846	 -0.040396	 -0.091282	 -0.020568	 -0.111983	 -0.082940
 -0.005557	  0.014588	 -0.042011	 -0.084630	 -0.013093	 -0.113662	 -0.094027
 -0.023359	  0.031724	 -0.049106	 -0.102780	 -0.013822	 -0.165230	 -0.122281
 -0.003087	  0.021303	 -0.073275	 -0.093372	 -0.034094	 -0.196050	 -0.163300
 -0.034414	  0.019339	 -0.056898	 -0.089255	 -0.039859	 -0.204792	 -0.221646
 -0.058835	  0.010027	 -0.042264	 -0.058403	 -0.084996	 -0.186167	 -0.258802
 -0.000901	  0.041037	 -0.056106	 -0.045606	 -0.138622	 -0.176316	 -0.295988
  0.014651	  0.054341	 -0.048188	 -0.050738	 -0.127441	 -0.213028	 -0.305238
  0.019593	  0.071065	 -0.022404	 -0.029420	 -0.151007	 -0.228358	 -0.315342
  0.006194	  0.052187	 -0.005268	 -0.026791	 -0.189873	 -0.251355	 -0.320378
 -0.024024	  0.015190	 -0.014010	 -0.009338	 -0.181384	 -0.289302	 -0.328392
 -0.042301	  0.003533	 -0.017051	 -0.060937	 -0.179642	 -0.292501	 -0.344673
 -0.044581	 -0.027033	 -0.024906	 -0.085105	 -0.200643	 -0.308814	 -0.376950
 -0.067324	 -0.017689	 -0.029911	 -0.085675	 -0.209987	 -0.280686	 -0.406979
 -0.052817	 -0.013571	 -0.044387	 -0.058466	 -0.167162	 -0.261903	 -0.421834
 -0.034699	 -0.000869	 -0.034346	 -0.103414	 -0.146858	 -0.250309	 -0.419649
 -0.030233	  0.011801	 -0.050943	 -0.116369	 -0.167003	 -0.229182	 -0.443025
 -0.063872	  0.043729	 -0.061175	 -0.104839	 -0.156107	 -0.203620	 -0.458261
 -0.098303	  0.040403	 -0.068460	 -0.126663	 -0.100263	 -0.209923	 -0.424273
 -0.059310	  0.006574	 -0.058419	 -0.151782	 -0.107612	 -0.221073	 -0.393485
 -0.066057	 -0.001725	 -0.055980	 -0.140062	 -0.138971	 -0.278057	 -0.383602
 -0.039387	 -0.022060	 -0.070614	 -0.117858	 -0.156424	 -0.296619	 -0.362285
 -0.013856	  0.004610	 -0.031590	 -0.128310	 -0.172958	 -0.286039	 -0.356678
  0.001316	  0.008443	 -0.033490	 -0.128120	 -0.171280	 -0.293166	 -0.377837
 -0.011797	 -0.029124	 -0.073179	 -0.139017	 -0.182873	 -0.243119	 -0.351198
 -0.042016	 -0.039545	 -0.066306	 -0.144528	 -0.175081	 -0.218444	 -0.365959
 -0.030264	  0.005466	 -0.082840	 -0.149945	 -0.169917	 -0.248536	 -0.345243
 -0.041889	 -0.017657	 -0.084202	 -0.128944	 -0.169094	 -0.257056	 -0.321139
 -0.067546	 -0.017404	 -0.089746	 -0.123116	 -0.149043	 -0.265609	 -0.277458
 -0.022409	  0.013733	 -0.066274	 -0.142406	 -0.136595	 -0.247047	 -0.245308
 -0.002390	  0.024756	 -0.032984	 -0.156723	 -0.123165	 -0.227091	 -0.231656
 -0.027287	  0.019054	 -0.052242	 -0.143895	 -0.082177	 -0.199946	 -0.245118
 -0.023612	  0.008728	 -0.060763	 -0.122324	 -0.077077	 -0.139414	 -0.241285
 -0.032640	 -0.002865	 -0.044038	 -0.079277	 -0.071059	 -0.076950	 -0.243471
 -0.027413	  0.001379	 -0.065546	 -0.039841	 -0.071471	 -0.034569	 -0.258675
 -0.062415	  0.015855	 -0.064374	 -0.024035	 -0.076317	  0.000876	 -0.229185
 -0.073501	  0.001633	 -0.081954	 -0.031827	 -0.046827	 -0.011002	 -0.222027
 -0.101977	 -0.004797	 -0.081415	 -0.054855	 -0.033619	 -0.021043	 -0.178346
 -0.094470	  0.026561	 -0.094244	 -0.083110	  0.007528	 -0.066751	 -0.154748
 -0.068148	  0.019688	 -0.131019	 -0.071897	 -0.018700	 -0.090539	 -0.143155
 -0.071664	  0.022222	 -0.119837	 -0.073100	 -0.047556	 -0.102481	 -0.132702
 -0.051677	  0.029254	 -0.101687	 -0.112378	 -0.023958	 -0.130830	 -0.145436
 -0.027318	  0.005687	 -0.123955	 -0.083712	 -0.037040	 -0.118635	 -0.128584
 -0.056586	 -0.036441	 -0.105362	 -0.093879	 -0.056710	 -0.109323	 -0.115597
 -0.047401	 -0.040210	 -0.070044	 -0.070693	 -0.080751	 -0.126206	 -0.127951
 -0.049143	 -0.055161	 -0.113692	 -0.065308	 -0.107549	 -0.135898	 -0.135236
 -0.045152	 -0.075211	 -0.120281	 -0.083902	 -0.126396	 -0.161682	 -0.123896
 -0.056301	 -0.057885	 -0.079198	 -0.118396	 -0.106377	 -0.155600	 -0.106507
 -0.053387	 -0.060007	 -0.087528	 -0.128881	 -0.087245	 -0.151007	 -0.113349
 -0.073089	 -0.043853	 -0.077962	 -0.159130	 -0.118318	 -0.110621	 -0.136440
 -0.054844	 -0.052215	 -0.080148	 -0.166004	 -0.114929	 -0.118192	 -0.117878
 -0.017341	 -0.050315	 -0.087940	 -0.166416	 -0.130672	 -0.123260	 -0.053324
 -0.023992	 -0.033875	 -0.052686	 -0.158750	 -0.124432	 -0.139129	 -0.055985
 -0.052944	 -0.006888	 -0.029246	 -0.140379	 -0.110590	 -0.127663	 -0.047876
 -0.041192	 -0.009073	 -0.034155	 -0.143863	 -0.118540	 -0.162569	 -0.090859
 -0.063745	 -0.001788	 -0.038970	 -0.113835	 -0.120061	 -0.143469	 -0.114647
 -0.056586	  0.013036	 -0.038178	 -0.074716	 -0.103938	 -0.164438	 -0.100235
 -0.041889	 -0.003657	 -0.060604	 -0.089223	 -0.078661	 -0.172832	 -0.098144
 -0.047464	 -0.004069	 -0.056297	 -0.066955	 -0.099567	 -0.115151	 -0.067419
 -0.082338	 -0.000553	 -0.072103	 -0.068317	 -0.077299	 -0.085059	 -0.056206
 -0.067704	 -0.020381	 -0.081003	 -0.113170	 -0.032510	 -0.084901	 -0.046704
 -0.085664	 -0.014838	 -0.077266	 -0.099106	 -0.050533	 -0.090951	 -0.064283
 -0.048763	 -0.004005	 -0.099850	 -0.110857	 -0.049139	 -0.099598	 -0.047496
 -0.056998	 -0.041667	 -0.087940	 -0.085074	 -0.037356	 -0.090666	 -0.023422
 -0.044898	 -0.071284	 -0.090664	 -0.068317	 -0.023229	 -0.057027	 -0.019843
 -0.062098	 -0.085094	 -0.078691	 -0.092961	 -0.009609	 -0.057407	 -0.008693
 -0.067578	 -0.081895	 -0.102036	 -0.129926	 -0.028424	 -0.043216	 -0.009739
 -0.053546	 -0.099316	 -0.074605	 -0.121849	 -0.051262	 -0.049076	  0.004769
 -0.041414	 -0.125132	 -0.031051	 -0.133632	 -0.041981	 -0.019872	  0.034892
 -0.015218	 -0.107362	 -0.004602	 -0.160017	 -0.038053	 -0.034474	  0.032136
 -0.038880	 -0.105176	 -0.036436	 -0.183299	 -0.028741	 -0.054619	  0.038376
 -0.027318	 -0.103783	 -0.037006	 -0.186181	 -0.036659	 -0.032098	  0.032896
 -0.029251	 -0.064062	 -0.041979	 -0.195177	 -0.040429	 -0.028170	  0.020638
 -0.023454	 -0.061654	 -0.056170	 -0.163882	 -0.060574	 -0.000328	  0.031566
 -0.044581	  0.001474	 -0.058039	 -0.117034	 -0.079865	 -0.013917	  0.049114
 -0.027287	 -0.008757	 -0.060953	 -0.092137	 -0.065611	 -0.006505	  0.045250
 -0.018544	 -0.039102	 -0.051197	 -0.080892	 -0.042709	 -0.031623	  0.057666
 -0.039545	 -0.038690	 -0.032730	 -0.110192	 -0.023292	 -0.053637	  0.065047
 -0.038373	 -0.021142	 -0.021074	 -0.103889	 -0.022437	 -0.019301	  0.067771
 -0.057695	 -0.043029	 -0.063677	 -0.120898	 -0.019555	  0.012564	  0.072110
 -0.050505	 -0.031753	 -0.050437	 -0.105346	  0.017189	  0.014243	  0.051617
 -0.057093	 -0.027318	 -0.040015	 -0.085992	  0.029574	 -0.026397	  0.027543
 -0.062320	 -0.032988	 -0.016861	 -0.072467	  0.013102	 -0.008785	  0.022887
 -0.058645	 -0.014680	 -0.054586	 -0.040443	  0.026501	 -0.010876	  0.074898
 -0.062890	 -0.045152	 -0.063487	 -0.061285	  0.036511	 -0.016229	  0.056114
 -0.055003	 -0.044233	 -0.067763	 -0.054729	  0.016777	 -0.015500	  0.065997
 -0.057347	 -0.019051	 -0.076505	 -0.043357	  0.044398	 -0.011889	  0.063368
 -0.096687	 -0.051677	 -0.079736	 -0.061856	  0.035592	  0.046773	  0.058142
 -0.111986	 -0.093235	 -0.077899	 -0.060905	  0.062263	  0.030207	  0.065079
 -0.084429	 -0.079076	 -0.060414	 -0.087798	  0.078449	  0.005500	  0.036412
 -0.018972	  0.029488	 -0.024761	  0.015293	 -0.047252	 -0.010771	 -0.041892
 -0.004623	 -0.002694	 -0.026218	  0.015926	 -0.058560	 -0.026324	 -0.018452
 -0.012637	  0.008297	 -0.030811	  0.043516	 -0.042817	 -0.014921	 -0.011801
 -0.002596	  0.006238	  0.007580	  0.024859	 -0.016242	 -0.043080	 -0.019086
 -0.001646	  0.030850	 -0.002208	 -0.004156	 -0.019504	 -0.017486	 -0.005371
 -0.023058	  0.034113	  0.007295	 -0.004821	  0.000831	 -0.014636	  0.008788
 -0.029710	  0.056475	  0.021232	  0.010858	  0.017208	  0.000442	 -0.004230
 -0.037882	  0.039371	  0.036056	 -0.004853	  0.081825	  0.014601	  0.022599
 -0.054607	  0.002184	 -0.010190	 -0.008559	  0.080780	  0.019954	  0.059500
 -0.050647	 -0.031519	 -0.016335	 -0.004156	  0.065607	  0.042570	  0.067388
 -0.042665	 -0.045361	  0.005774	  0.010827	  0.048091	  0.023026	  0.035744
 -0.023628	 -0.017360	  0.014042	  0.015673	  0.005646	  0.016121	  0.017056
  0.018468	 -0.023948	  0.007928	  0.018524	  0.005614	 -0.002536	 -0.030901
  0.013907	 -0.024550	  0.014739	 -0.022432	  0.017746	 -0.025152	 -0.062101
  0.040831	  0.004686	  0.009829	 -0.036718	 -0.004838	 -0.014034	 -0.065269
  0.036745	  0.005383	  0.000136	 -0.037161	  0.004221	 -0.012672	 -0.029032
  0.044189	 -0.015839	 -0.010950	 -0.038587	 -0.002336	 -0.018595	 -0.029190
  0.044600	 -0.009663	 -0.007307	 -0.034501	 -0.070343	 -0.002377	  0.005494
  0.052298	 -0.024962	  0.013408	 -0.000957	 -0.042754	  0.035506	  0.057315
  0.051632	 -0.021192	 -0.009240	  0.041425	 -0.022925	  0.050362	  0.043441
  0.017740	 -0.004595	 -0.020484	  0.065562	 -0.031731	  0.031389	  0.020952
  0.022808	 -0.035700	  0.013915	  0.062552	 -0.059288	  0.007981	  0.004449
 -0.007347	 -0.029080	  0.017368	  0.016211	 -0.039016	 -0.008522	 -0.037299
 -0.040448	 -0.003486	  0.034092	 -0.035103	 -0.013898	 -0.018658	 -0.073979
 -0.007157	  0.006333	  0.022689	 -0.023098	  0.009257	 -0.017866	 -0.092446
 -0.010863	  0.011972	  0.034472	 -0.015147	 -0.008069	 -0.008839	 -0.074518
 -0.016089	 -0.012387	  0.012775	  0.020741	  0.031652	  0.013777	 -0.048639
 -0.012320	 -0.013179	  0.018888	  0.056249	  0.011443	  0.010863	  0.004671
 -0.023882	  0.028601	  0.028866	  0.068444	 -0.004680	 -0.023726	  0.041065
 -0.001234	  0.023533	  0.052115	  0.052860	 -0.017033	 -0.027654	  0.075465
 -0.005098	  0.024990	  0.067098	  0.024795	 -0.002336	 -0.013907	  0.073343
  0.003264	  0.014759	  0.026617	  0.016623	  0.000008	  0.015614	  0.041065
  0.015301	 -0.013970	  0.047111	  0.017795	  0.023733	  0.023755	  0.042903
  0.026134	 -0.016346	  0.055346	 -0.006436	 -0.008956	  0.039688	  0.016485
  0.039564	 -0.023916	  0.056106	 -0.012740	  0.010746	  0.007569	 -0.025199
  0.022998	  0.004623	  0.034029	 -0.005740	  0.008022	  0.012954	 -0.078857
 -0.000727	 -0.008776	 -0.021783	  0.013962	  0.006533	  0.020714	 -0.100175
 -0.010863	 -0.021477	 -0.047187	  0.020107	  0.015719	  0.014031	 -0.066979
 -0.011528	 -0.008301	 -0.034422	  0.020298	 -0.011934	 -0.023885	 -0.027322
 -0.027208	  0.004813	  0.000516	  0.024985	 -0.010192	 -0.019292	  0.032196
 -0.048113	 -0.014604	  0.019458	  0.034361	 -0.001576	  0.005922	  0.076130
 -0.016660	 -0.005925	  0.015150	  0.011967	 -0.007784	 -0.004658	  0.064252
  0.029016	 -0.020115	  0.031875	  0.012189	 -0.009653	 -0.018658	 -0.000904
  0.014382	  0.000949	  0.041061	  0.001451	 -0.034360	 -0.035573	 -0.011421
  0.012767	  0.017958	  0.044830	 -0.010871	 -0.028373	 -0.032786	 -0.068753
 -0.001962	  0.030660	  0.029721	 -0.026899	 -0.031192	 -0.029935	 -0.065364
 -0.007759	  0.033479	  0.002892	 -0.033550	 -0.006802	 -0.043618	 -0.081043
  0.013147	  0.041081	 -0.000972	 -0.025568	 -0.008196	 -0.057619	 -0.060612
 -0.002437	  0.013967	 -0.014308	 -0.002065	  0.019425	 -0.002694	 -0.005402
 -0.046498	  0.060213	 -0.039553	  0.025967	 -0.006010	  0.017388	  0.066501
 -0.005193	  0.035221	 -0.061726	  0.026791	  0.004759	  0.045009	  0.092506
  0.014636	  0.024547	 -0.046712	  0.014501	  0.019140	  0.056190	  0.079836
  0.020464	  0.042000	 -0.082188	  0.056407	 -0.031667	  0.035190	  0.057885
  0.029618	 -0.003771	 -0.112565	  0.057358	 -0.027486	  0.036425	  0.009644
  0.016504	  0.000569	 -0.105976	  0.012695	 -0.011807	  0.058883	 -0.001950
  0.028161	 -0.001300	 -0.100655	  0.000881	 -0.032871	  0.056824	  0.023644
  0.062275	 -0.046406	 -0.083392	 -0.015496	 -0.044654	 -0.002156	  0.006191
  0.046849	 -0.038455	 -0.065748	  0.016623	 -0.015513	 -0.017423	  0.039197
  0.038139	 -0.035541	 -0.021530	  0.039144	 -0.012282	  0.011908	  0.063016
  0.046279	 -0.026767	 -0.014149	  0.020171	 -0.026283	 -0.005355	  0.115756
  0.064841	 -0.030790	 -0.018901	  0.029293	 -0.037559	  0.000442	  0.082687
  0.066456	 -0.031265	 -0.004995	  0.070186	 -0.029925	 -0.020369	  0.075243
  0.068990	 -0.000603	 -0.004235	  0.045733	 -0.008006	 -0.013780	  0.075528
  0.005323	  0.012035	 -0.027421	  0.050072	 -0.037179	  0.034049	  0.055604
 -0.021158	  0.001582	 -0.012724	  0.066037	 -0.035595	  0.012193	 -0.016647
 -0.040226	 -0.001680	 -0.030525	  0.065403	 -0.058845	  0.044027	 -0.078477
 -0.069367	 -0.001174	 -0.040630	  0.089888	 -0.033631	  0.040701	 -0.075595
 -0.098889	 -0.025785	 -0.050734	  0.078453	 -0.039650	  0.070761	 -0.054372
 -0.070381	 -0.032976	 -0.032743	  0.088653	 -0.033695	  0.113143	 -0.016330
 -0.076146	 -0.015332	 -0.014434	  0.060082	 -0.031446	  0.079567	  0.036124
 -0.030343	  0.006048	 -0.033155	  0.033094	 -0.034201	  0.078300	  0.030233
 -0.006112	  0.007759	 -0.010032	  0.035533	 -0.011268	  0.087897	  0.068623
 -0.033004	 -0.006622	 -0.052540	  0.005790	  0.012235	  0.061575	  0.046450
 -0.027714	  0.022868	 -0.075726	  0.006741	  0.001497	  0.029678	  0.023834
 -0.020746	  0.028411	 -0.084247	  0.011714	  0.020027	  0.044851	 -0.008443
  0.017391	  0.004750	 -0.114909	  0.043262	  0.009859	  0.065661	 -0.033467
  0.024835	  0.036805	 -0.080446	  0.018777	 -0.000150	  0.070793	 -0.067961
 -0.004306	  0.008234	 -0.072939	  0.033981	  0.015402	  0.042063	 -0.046200
 -0.037850	  0.010166	 -0.036892	  0.091567	 -0.001734	  0.029995	 -0.024312
 -0.019162	  0.021538	 -0.034612	  0.112853	  0.028896	  0.015393	  0.018956
 -0.012352	  0.051502	 -0.057196	  0.138003	  0.026869	 -0.007224	  0.035206
 -0.029805	  0.044027	 -0.057735	  0.114817	  0.015054	 -0.002504	  0.066817
 -0.038421	  0.036172	 -0.067427	  0.105472	 -0.013359	 -0.007730	  0.077682
 -0.051059	  0.039973	 -0.081776	  0.087576	  0.002795	 -0.035446	  0.063238
 -0.055810	  0.009691	 -0.082980	  0.070756	 -0.013549	 -0.009219	 -0.025009
 -0.058123	 -0.018088	 -0.049182	  0.045289	 -0.014721	 -0.036618	 -0.057762
 -0.052801	 -0.010233	 -0.072844	  0.050326	 -0.049057	 -0.067533	 -0.090102
 -0.032972	  0.020081	 -0.105691	  0.052543	 -0.047030	 -0.094141	 -0.106763
 -0.053561	  0.037914	 -0.087383	  0.062267	 -0.034233	 -0.100001	 -0.099003
 -0.066675	  0.037660	 -0.067712	  0.042977	 -0.037401	 -0.065981	 -0.053485
 -0.084730	  0.061670	 -0.031951	  0.034266	 -0.044591	 -0.058126	 -0.051141
 -0.074435	  0.073707	 -0.053807	 -0.001527	 -0.001132	 -0.046216	 -0.031756
 -0.061892	  0.061765	 -0.056721	 -0.021672	  0.017334	 -0.055497	  0.011069
 -0.064964	  0.047796	 -0.069930	 -0.030668	  0.019362	 -0.047483	  0.023359
 -0.082956	  0.053688	 -0.067079	 -0.056895	 -0.004617	 -0.057461	 -0.022855
 -0.077888	  0.053783	 -0.073984	 -0.101177	 -0.036387	 -0.059773	 -0.048671
 -0.065281	  0.055208	 -0.067269	 -0.073081	 -0.038636	 -0.085715	 -0.078382
 -0.059833	  0.037344	 -0.077057	 -0.090946	 -0.037527	 -0.050619	 -0.054816
 -0.039593	  0.004275	 -0.058115	 -0.066841	 -0.028246	 -0.043143	 -0.076957
 -0.057299	  0.037565	 -0.074427	 -0.051922	 -0.037749	 -0.031550	 -0.058300
 -0.092617	  0.045294	 -0.103759	 -0.013563	 -0.040378	 -0.002377	 -0.017122
 -0.105889	  0.061892	 -0.107116	 -0.005866	 -0.030210	  0.017800	  0.039260
 -0.080137	  0.097717	 -0.130113	  0.014533	 -0.022608	  0.004465	  0.088737
 -0.093979	  0.087422	 -0.130176	  0.032302	  0.010112	 -0.018658	  0.049744
 -0.083304	  0.094676	 -0.118931	  0.012505	  0.038082	 -0.013970	  0.038500
 -0.100473	  0.032181	 -0.117918	  0.018207	  0.019235	 -0.036048	  0.023486
 -0.110672	  0.025465	 -0.082821	  0.026062	  0.000705	 -0.045012	  0.006919
 -0.086820	  0.026922	 -0.068473	  0.041108	 -0.040790	 -0.021477	 -0.027797
 -0.053688	  0.028348	 -0.059984	  0.027076	 -0.023717	 -0.013147	 -0.027543
 -0.065693	  0.019257	 -0.076360	 -0.010934	 -0.027043	  0.006967	 -0.009773
 -0.051914	  0.003926	 -0.071798	 -0.045999	 -0.023052	  0.004465	  0.023676
 -0.048240	 -0.015649	 -0.071957	 -0.047171	 -0.003160	  0.033543	  0.068845
 -0.046593	 -0.017676	 -0.041865	 -0.057339	 -0.005155	  0.048525	  0.101027
 -0.056919	  0.013650	 -0.058083	 -0.026677	 -0.026694	  0.017832	  0.108344
 -0.075449	  0.010008	 -0.022575	 -0.017301	 -0.025807	 -0.003739	  0.115661
 -0.061227	  0.006397	 -0.025267	 -0.014038	 -0.025586	 -0.002472	  0.105398
 -0.046688	  0.029076	 -0.039711	 -0.006880	 -0.009590	 -0.019925	  0.042681
 -0.032181	  0.060245	 -0.047725	  0.003541	 -0.023844	 -0.017423	  0.009929
 -0.051027	  0.087454	 -0.071165	  0.016021	  0.003144	 -0.004088	  0.001756
 -0.092459	  0.100441	 -0.061314	  0.003034	  0.004918	 -0.006907	  0.011639
 -0.100758	  0.112414	 -0.078640	 -0.039981	  0.003999	 -0.040356	 -0.000588
 -0.113174	  0.099681	 -0.068821	 -0.037225	  0.009162	 -0.033672	  0.007996
 -0.112763	  0.055620	 -0.056278	 -0.052429	  0.002352	 -0.008079	  0.009358
 -0.089671	  0.010071	 -0.055296	 -0.025283	  0.030543	  0.015836	 -0.032833
 -0.086757	 -0.003929	 -0.091627	 -0.041121	 -0.000119	  0.025370	 -0.027195
 -0.090051	  0.005668	 -0.092704	 -0.015115	 -0.038034	  0.009216	  0.000046
 -0.075227	  0.000632	 -0.092356	  0.002211	  0.016194	  0.016786	  0.009327
 -0.068734	  0.044661	 -0.098596	  0.001197	  0.002384	  0.016660	  0.053102
 -0.069082	  0.048588	 -0.081364	 -0.020025	 -0.018047	  0.021918	  0.050790
 -0.075829	  0.047670	 -0.113832	 -0.053031	  0.001053	  0.007379	  0.037613
 -0.055462	  0.056222	 -0.117126	 -0.037320	 -0.011142	  0.018243	  0.019875
 -0.059200	  0.093029	 -0.099261	  0.013772	 -0.020518	  0.021854	  0.012748
 -0.036742	  0.072693	 -0.066857	  0.016845	 -0.042912	  0.013365	 -0.006733
 -0.031484	  0.053245	 -0.054947	  0.028090	 -0.036324	  0.010831	 -0.058902
 -0.024357	  0.033859	 -0.068504	  0.047127	 -0.024382	 -0.001617	 -0.036983
 -0.020239	 -0.008301	 -0.095238	  0.032588	 -0.009970	 -0.000255	 -0.031313
 -0.036964	  0.009279	 -0.105374	  0.035312	 -0.006961	 -0.028636	 -0.039041
 -0.058249	 -0.010233	 -0.076835	  0.033506	 -0.033251	 -0.012070	 -0.056748
 -0.070286	 -0.030790	 -0.084469	  0.046715	 -0.039555	 -0.012957	 -0.092699
 -0.074942	 -0.001142	 -0.050006	  0.083553	 -0.028912	  0.014189	 -0.064128
 -0.088816	  0.000569	 -0.051114	  0.111617	 -0.043229	  0.026384	 -0.072649
 -0.080422	  0.037534	 -0.025584	  0.091187	 -0.022925	  0.041620	 -0.043349
 -0.080454	  0.065725	 -0.004203	  0.022293	 -0.006200	  0.026986	 -0.013068
 -0.078458	  0.088848	 -0.010633	  0.005569	  0.023574	  0.051407	  0.000553
 -0.086187	  0.065725	 -0.003221	  0.007184	  0.010873	  0.059896	 -0.020448
 -0.112731	  0.047290	 -0.005312	 -0.024238	 -0.010413	  0.068195	 -0.032326
 -0.102753	  0.064743	 -0.015638	 -0.017586	 -0.033821	  0.081341	 -0.060707
 -0.077730	  0.061765	 -0.010032	 -0.021451	 -0.009938	  0.089259	 -0.036286
 -0.052960	  0.059073	 -0.023177	 -0.011378	 -0.035088	  0.046213	 -0.017534
 -0.026447	  0.067720	 -0.009810	 -0.020088	 -0.045573	  0.043805	 -0.040530
 -0.006587	  0.053213	 -0.033598	 -0.032980	 -0.028278	  0.037755	 -0.066092
 -0.039212	  0.024578	 -0.003285	 -0.016129	 -0.027233	  0.013492	 -0.043888
 -0.047796	  0.019986	 -0.047218	 -0.000260	 -0.028785	  0.030787	 -0.072491
 -0.051154	  0.062747	 -0.031666	  0.026031	 -0.003508	  0.048588	 -0.058268
 -0.019225	  0.026194	 -0.051178	  0.028406	 -0.009400	  0.045199	 -0.022697
 -0.046086	  0.029298	 -0.048295	  0.007342	 -0.000752	 -0.006653	  0.041889
 -0.096735	  0.035506	 -0.055011	  0.012695	 -0.014246	 -0.010898	  0.031151
 -0.101518	  0.033543	 -0.065622	  0.023180	 -0.003951	  0.022361	  0.015250
 -0.074562	  0.064806	 -0.047472	  0.009781	 -0.015956	  0.016311	 -0.004167
 -0.070318	  0.089164	 -0.044526	  0.008894	 -0.004585	  0.021918	  0.002865
 -0.071806	  0.063729	 -0.038286	  0.039334	  0.001718	  0.059770	 -0.010977
 -0.097622	  0.073802	 -0.019502	  0.030212	 -0.001608	  0.076906	  0.001661
 -0.072250	  0.066422	 -0.037019	 -0.016541	 -0.020359	  0.094486	  0.027128
 -0.069241	  0.068956	 -0.011584	  0.006645	  0.012741	  0.099079	  0.033780
 -0.056539	  0.082196	 -0.027770	  0.038194	 -0.005345	  0.092205	  0.023517
 -0.064426	  0.070096	  0.003240	  0.021311	 -0.038953	  0.122709	  0.034034
 -0.066200	  0.078458	 -0.029987	  0.018936	 -0.060144	  0.097178	  0.054939
 -0.063666	  0.087866	 -0.009810	  0.007469	 -0.047378	  0.077635	  0.050695
 -0.038167	  0.077730	 -0.027295	  0.016338	 -0.049342	  0.027968	  0.049998
 -0.030755	  0.110260	 -0.022733	  0.021058	 -0.038478	  0.026637	  0.045753
 -0.039751	  0.081277	 -0.035815	  0.002401	 -0.041328	  0.002754	  0.042111
 -0.040765	  0.063888	 -0.012281	  0.013709	 -0.013454	 -0.006717	  0.018291
 -0.071743	  0.043235	 -0.022923	 -0.008939	  0.016542	 -0.001427	  0.001788
 -0.038674	  0.045833	  0.015309	  0.016623	  0.015877	 -0.003803	  0.018069
 -0.019099	  0.068259	  0.010557	  0.044593	 -0.033188	  0.014759	  0.036631
 -0.015234	  0.068480	 -0.008606	  0.038701	 -0.063881	  0.024230	  0.032767
  0.011310	  0.060688	  0.020028	  0.034646	 -0.063659	  0.027968	  0.019843
 -0.003419	  0.070349	  0.010367	  0.015071	 -0.028912	  0.006872	 -0.000461
 -0.004560	  0.067118	 -0.009335	 -0.002667	  0.017144	  0.020587	 -0.016267
 -0.022425	  0.042728	 -0.027231	  0.004460	  0.027502	  0.038262	 -0.003185
 -0.032054	  0.040036	 -0.023113	  0.000025	  0.008117	  0.069589	  0.005177
 -0.047765	  0.063761	 -0.002144	  0.033760	  0.007673	  0.055620	  0.014173
 -0.051217	  0.060752	  0.004792	  0.032904	  0.010746	  0.052136	  0.008408
 -0.021823	  0.030914	  0.000896	  0.021945	 -0.005599	  0.060023	  0.001060
  0.004436	  0.053371	  0.015784	  0.004333	 -0.006454	  0.057077	 -0.002837
  0.022776	  0.035063	 -0.003570	  0.028565	  0.056643	  0.033416	  0.026558
 -0.003768	  0.038579	  0.019997	  0.052385	  0.050118	  0.060530	  0.041319
  0.026007	  0.050330	  0.010304	  0.034995	  0.009827	  0.065218	  0.005684
  0.033261	  0.075481	 -0.001669	  0.024985	 -0.023812	  0.065028	  0.028300
  0.036397	  0.075956	  0.028961	  0.019189	 -0.043957	  0.056602	  0.011607
  0.045931	  0.096038	  0.056835	  0.009908	 -0.055709	  0.075322	  0.028015
  0.032659	  0.087454	  0.051925	  0.008388	 -0.026599	  0.075766	  0.020825
  0.006083	  0.086662	  0.025667	  0.034140	 -0.003286	  0.082133	  0.005652
 -0.001551	  0.079598	  0.010621	  0.043104	 -0.016273	  0.074530	  0.016074
 -0.038135	  0.111527	 -0.024222	  0.034013	 -0.002399	  0.080454	 -0.003280
 -0.034429	  0.093852	 -0.026028	  0.006392	 -0.004015	  0.095531	  0.017847
 -0.026732	  0.045326	  0.006471	 -0.012106	  0.005678	  0.081626	  0.023961
 -0.011116	  0.042570	  0.036594	  0.018207	 -0.009748	  0.052833	  0.024721
 -0.005922	  0.039498	  0.025888	 -0.002319	  0.003239	  0.057394	  0.021300
  0.008269	  0.029488	 -0.005914	  0.012790	  0.007515	  0.061670	  0.024974
 -0.005890	  0.015519	 -0.001828	  0.006550	 -0.005250	  0.043330	  0.044835
  0.019735	  0.016850	  0.031938	  0.010256	 -0.010477	  0.033131	  0.046862
  0.019419	  0.027651	  0.042043	  0.002053	  0.012995	  0.022868	  0.029726
  0.031994	  0.026574	 -0.006674	 -0.007798	  0.000325	  0.044946	  0.066057
  0.014319	  0.055208	 -0.021593	 -0.021387	 -0.011237	  0.074372	  0.060166
 -0.022076	  0.017547	  0.025508	 -0.002414	 -0.020359	  0.081784	  0.061338
 -0.025434	  0.020777	  0.077741	 -0.019297	 -0.035849	  0.075956	  0.068560
 -0.010103	  0.036552	  0.056360	  0.001102	 -0.009431	  0.071616	  0.057695
  0.005450	  0.083716	  0.065958	  0.030845	 -0.004775	  0.075449	  0.030454
 -0.002152	  0.068987	  0.102067	  0.023782	 -0.033980	  0.081404	  0.046260
  0.029523	  0.058471	  0.108212	  0.028533	 -0.022577	  0.019637	  0.053831
  0.000160	  0.034588	  0.093072	  0.015039	 -0.009083	 -0.001870	  0.062478
 -0.050014	  0.048873	  0.083316	  0.023117	 -0.026853	  0.003831	  0.049459
