:RUN-4	LEVEL SWEEP	TEMP:NaN	8/27/2019	11:47 AM	HR:-636.36:SW EAR: R	SW FREQ: 16.00	# AVERAGES: 512	REP RATE (/sec): 80	DRIVER: 	SAMPLE (µsec): 40	MASKER dB: 2147483647:NOTES-:CHAMBER-SEWELL-PXI1:CFTS Version: V2.7.2 (R850):LEVELS:20;30;40;50;60;70;80;:DATA  0.041507	 -0.034989	 -0.057663	 -0.030518	 -0.083255	 -0.000966	 -0.058579
  0.046860	 -0.005277	 -0.022979	 -0.003657	 -0.043566	  0.018229	 -0.055031
  0.033050	 -0.031536	 -0.016074	  0.013068	 -0.031910	 -0.030899	 -0.039320
  0.016104	 -0.030871	 -0.000648	  0.015222	  0.006671	 -0.034605	 -0.019143
  0.017624	 -0.025328	 -0.003594	  0.035272	  0.023712	 -0.052534	 -0.007518
 -0.009427	 -0.026848	 -0.025006	  0.041924	  0.034292	 -0.024976	 -0.013758
  0.000139	 -0.010567	  0.000049	  0.073124	 -0.024751	 -0.017374	 -0.029976
 -0.001920	 -0.010472	 -0.006286	  0.050381	 -0.026588	  0.006383	 -0.015184
  0.031276	  0.007045	 -0.032545	  0.011072	 -0.022090	  0.020098	 -0.026112
 -0.004422	 -0.011739	 -0.012748	 -0.021712	 -0.014900	 -0.031121	 -0.039954
 -0.017155	 -0.006956	  0.015728	 -0.021363	 -0.012239	 -0.005337	 -0.000518
 -0.020703	  0.012176	  0.033910	 -0.033147	 -0.001438	 -0.038533	  0.008383
 -0.005784	  0.018036	  0.010945	 -0.060482	  0.025391	 -0.026940	 -0.016102
 -0.002141	  0.034412	  0.003280	 -0.040749	  0.008666	 -0.026845	 -0.025288
 -0.024156	  0.034159	  0.014271	 -0.049143	 -0.014077	  0.017564	 -0.005903
 -0.036192	  0.021932	  0.007113	 -0.030233	  0.019911	  0.020953	  0.002713
 -0.036636	  0.014552	 -0.009739	 -0.003308	  0.021146	  0.039198	  0.021116
 -0.030586	  0.021203	  0.010597	  0.002266	  0.034640	  0.061814	  0.072937
 -0.005752	  0.025100	  0.037394	  0.029190	  0.048165	  0.056049	  0.103567
  0.008312	  0.005968	  0.053992	  0.022792	  0.052220	  0.049841	  0.143668
  0.023326	  0.020538	  0.072079	  0.015063	  0.102299	  0.074548	  0.223395
  0.018638	  0.053132	  0.084749	  0.035114	  0.130110	  0.118862	  0.215761
  0.058897	  0.048729	  0.093650	  0.032896	  0.120354	  0.117119	  0.209046
  0.079043	  0.043978	  0.091686	  0.038218	  0.132834	  0.112083	  0.176642
  0.043471	  0.054019	  0.076323	  0.006733	  0.119498	  0.151804	  0.181393
  0.051960	  0.042394	  0.058427	  0.059377	  0.139105	  0.153451	  0.178289
  0.029946	  0.028140	  0.074866	  0.084210	  0.148354	  0.117024	  0.155420
  0.016389	  0.019620	  0.086364	  0.057128	  0.147626	  0.081231	  0.195711
  0.057915	  0.009262	  0.082500	  0.059314	  0.140246	  0.100110	  0.262419
  0.082368	  0.001311	  0.071319	  0.064857	  0.098149	  0.139546	  0.299099
  0.090382	  0.012556	  0.057540	  0.069260	  0.130331	  0.206697	  0.355988
  0.061336	  0.019208	  0.022855	  0.089532	  0.132073	  0.253957	  0.422918
  0.060006	 -0.016902	  0.038123	  0.089722	  0.163115	  0.276130	  0.434067
  0.065454	 -0.014590	  0.059029	  0.078255	  0.180442	  0.342679	  0.456905
  0.045879	 -0.017187	  0.045123	  0.092224	  0.200429	  0.384998	  0.411641
  0.035014	  0.004004	  0.034258	  0.073029	  0.227638	  0.403718	  0.337521
  0.043883	  0.026272	  0.029887	  0.090736	  0.236412	  0.387500	  0.236255
  0.037801	  0.041602	  0.027480	  0.133434	  0.243856	  0.304289	  0.123903
  0.039670	  0.041887	  0.031439	  0.125673	  0.228493	  0.232164	 -0.021202
  0.032036	  0.052784	  0.064287	  0.122981	  0.189216	  0.117183	 -0.163614
  0.055476	  0.038435	  0.064223	  0.080188	  0.105973	  0.029252	 -0.242517
  0.049204	  0.007266	  0.079396	  0.098813	  0.060836	 -0.059692	 -0.338684
  0.037453	 -0.005879	  0.084400	  0.086998	 -0.002483	 -0.183321	 -0.395889
  0.020380	 -0.012436	  0.076323	  0.060549	 -0.073594	 -0.231974	 -0.448629
  0.040937	 -0.004042	  0.108252	  0.011040	 -0.115723	 -0.254685	 -0.466493
  0.055444	  0.034539	  0.094505	  0.001284	 -0.172326	 -0.239861	 -0.502952
  0.035299	  0.040082	  0.085699	  0.004230	 -0.195576	 -0.205335	 -0.482394
  0.022914	  0.039448	  0.050128	 -0.002422	 -0.239383	 -0.163207	 -0.477453
 -0.030839	  0.017149	  0.013701	 -0.037296	 -0.226555	 -0.129948	 -0.428040
 -0.002711	 -0.005911	 -0.028174	 -0.067071	 -0.196526	 -0.109993	 -0.343055
  0.021330	 -0.014716	 -0.046134	 -0.045785	 -0.179422	 -0.058837	 -0.243087
  0.011733	  0.029566	  0.004167	 -0.018133	 -0.137547	 -0.017849	 -0.129880
 -0.017440	  0.038023	 -0.011512	 -0.005177	 -0.073404	  0.035619	 -0.009292
  0.003339	  0.015058	 -0.002073	 -0.000521	 -0.040715	  0.105843	  0.150573
  0.018859	  0.001438	  0.002393	  0.016837	  0.011105	  0.183764	  0.277940
 -0.004770	 -0.018454	  0.005814	  0.048164	  0.081931	  0.255952	  0.337933
 -0.021527	 -0.035337	 -0.016992	  0.072681	  0.092067	  0.304131	  0.388803
  0.018511	 -0.024852	 -0.044138	  0.125388	  0.128241	  0.318891	  0.460453
  0.015724	 -0.007273	 -0.011829	  0.139832	  0.194632	  0.346861	  0.481675
 -0.030459	 -0.001033	  0.002266	  0.110216	  0.214207	  0.360893	  0.452566
 -0.027608	 -0.000938	  0.018547	  0.104103	  0.254340	  0.376699	  0.347087
 -0.061596	  0.010909	  0.059377	  0.093840	  0.245724	  0.368083	  0.250446
 -0.075628	  0.009674	  0.082373	  0.050635	  0.238946	  0.312715	  0.144840
 -0.040247	  0.022534	  0.120067	  0.051046	  0.230900	  0.229060	  0.044809
 -0.027830	  0.016611	  0.090070	  0.064730	  0.212370	  0.159659	 -0.054176
 -0.032645	  0.047684	  0.077685	  0.086744	  0.222665	  0.089404	 -0.127853
 -0.017821	  0.046702	  0.085224	  0.048766	  0.193017	  0.025895	 -0.172166
  0.003307	  0.036978	  0.063621	  0.036254	  0.123236	 -0.019750	 -0.195416
 -0.007494	  0.017497	  0.042082	  0.051078	  0.089122	 -0.066534	 -0.224209
 -0.012119	  0.015914	  0.058997	  0.086713	  0.059062	 -0.088548	 -0.213914
 -0.048514	  0.008122	  0.047625	  0.067961	  0.073252	 -0.079616	 -0.225761
 -0.052062	  0.040367	  0.025706	  0.059725	  0.045251	 -0.045217	 -0.200833
 -0.035495	  0.044612	  0.011357	  0.009805	  0.039360	  0.031184	 -0.141473
 -0.056211	 -0.004897	  0.012402	 -0.014236	  0.024916	  0.032230	 -0.131527
 -0.096217	 -0.009078	  0.011040	 -0.020033	  0.034957	  0.021048	 -0.105015
 -0.070972	 -0.012024	  0.046042	 -0.016612	  0.024092	  0.034732	 -0.060099
 -0.083864	  0.006063	  0.036697	 -0.035079	 -0.003370	  0.031184	 -0.029976
 -0.055102	  0.002230	  0.051521	 -0.028934	 -0.002673	  0.031311	 -0.048854
 -0.031948	  0.007361	  0.030109	 -0.023676	  0.021146	  0.020193	 -0.023039
 -0.012341	 -0.012309	  0.016394	 -0.032988	  0.022065	 -0.007206	 -0.011319
 -0.010155	 -0.037237	  0.021620	 -0.033590	  0.004929	 -0.003532	 -0.009830
 -0.025549	 -0.042971	  0.019783	 -0.029409	  0.024599	 -0.031564	  0.048801
 -0.004707	 -0.016110	  0.001158	 -0.035301	  0.009775	 -0.037393	  0.067299
  0.006443	 -0.036446	  0.006986	 -0.019653	  0.007779	 -0.053959	  0.065398
  0.024878	 -0.053772	  0.012307	 -0.001756	 -0.012208	 -0.033718	  0.059824
  0.008945	 -0.042432	  0.011959	  0.017280	 -0.010434	  0.026686	  0.016048
 -0.014938	 -0.023300	  0.003217	  0.048449	  0.013418	  0.059249	  0.011392
 -0.004422	 -0.039962	  0.009868	  0.074233	  0.039772	  0.076512	  0.047122
 -0.007906	 -0.032676	 -0.009865	  0.076640	  0.011042	  0.075656	  0.078259
 -0.037364	 -0.016332	 -0.028269	  0.112275	  0.001983	  0.126685	  0.089757
 -0.045283	  0.018638	 -0.016422	  0.105084	  0.031726	  0.147559	  0.113070
 -0.048134	 -0.008096	 -0.020762	  0.087600	  0.058143	  0.136758	  0.128337
 -0.042337	  0.003244	 -0.010404	  0.060929	  0.062990	  0.133844	  0.132392
  0.013633	  0.052435	 -0.035015	  0.048164	  0.102584	  0.140306	  0.155008
  0.024783	  0.016072	 -0.049523	  0.055576	  0.143255	  0.167198	  0.148514
  0.024814	 -0.012784	 -0.070270	  0.043919	  0.163559	  0.188231	  0.144872
  0.014868	 -0.033912	 -0.060546	  0.069196	  0.173536	  0.200267	  0.146044
  0.037041	 -0.016934	 -0.039703	  0.095677	  0.144458	  0.193014	  0.140121
  0.025986	  0.015248	 -0.038341	  0.109646	  0.120924	  0.188991	  0.129858
  0.044992	  0.020443	 -0.048477	  0.116709	  0.094538	  0.197828	  0.155293
  0.023104	  0.033145	 -0.019495	  0.106668	  0.128938	  0.168022	  0.165778
  0.016199	  0.020633	  0.025833	  0.065870	  0.116838	  0.182339	  0.180411
 -0.020703	 -0.019278	  0.037394	  0.056146	  0.100461	  0.197575	  0.175787
 -0.061691	  0.003497	  0.007936	  0.082880	  0.101032	  0.180185	  0.189471
 -0.067012	  0.017054	  0.012022	  0.083102	  0.152979	  0.153704	  0.206385
 -0.074646	  0.003180	  0.030679	  0.072237	  0.140151	  0.152627	  0.184719
 -0.084180	 -0.023427	  0.029982	  0.069260	  0.093588	  0.143758	  0.191149
 -0.076135	 -0.012911	  0.003660	  0.095233	  0.073854	  0.113160	  0.145664
 -0.094253	 -0.023744	  0.022570	  0.113225	  0.058207	  0.085729	  0.138853
 -0.087506	  0.005873	  0.019624	  0.141416	  0.081203	  0.065014	  0.119183
 -0.047310	  0.020095	  0.031376	  0.087726	  0.123806	  0.052217	  0.082408
 -0.010250	  0.025131	  0.011706	  0.083957	  0.138852	  0.032356	  0.078924
 -0.009332	  0.038403	  0.012909	  0.096247	  0.148418	 -0.034890	  0.018772
 -0.018517	  0.019778	  0.046200	  0.132072	  0.129888	 -0.033243	 -0.041949
  0.014457	  0.024561	  0.003312	  0.145692	  0.109552	 -0.029220	 -0.058769
  0.001786	  0.016452	 -0.005652	  0.136728	  0.082026	 -0.058805	 -0.126427
 -0.017314	  0.002325	  0.015317	  0.101568	  0.025106	 -0.047085	 -0.165420
 -0.034862	  0.024339	  0.032009	  0.100175	  0.020355	 -0.045090	 -0.142360
 -0.064795	  0.018733	  0.055323	  0.063716	  0.021907	 -0.078159	 -0.114802
 -0.066949	 -0.005689	  0.051807	  0.025484	 -0.000678	 -0.082087	 -0.103811
 -0.068374	 -0.024061	  0.012846	  0.021367	 -0.006126	 -0.073598	 -0.104033
 -0.044238	 -0.032676	 -0.006191	 -0.009295	  0.005974	 -0.012179	 -0.122816
 -0.052537	 -0.022794	 -0.021300	 -0.065455	 -0.022851	  0.008188	 -0.134124
 -0.052695	 -0.047184	  0.007366	 -0.064505	 -0.047779	  0.009233	 -0.124843
 -0.065175	 -0.049844	  0.006257	 -0.089877	 -0.058295	  0.040022	 -0.123798
 -0.044650	 -0.057573	  0.020005	 -0.108059	 -0.092156	  0.076543	 -0.086073
 -0.032138	 -0.038600	  0.028589	 -0.069510	 -0.111636	  0.125323	 -0.079484
 -0.029825	 -0.021875	  0.039992	 -0.047939	 -0.132099	  0.122283	 -0.069570
 -0.055863	 -0.028590	  0.002741	 -0.045342	 -0.138180	  0.093300	 -0.024274
 -0.080284	 -0.088361	 -0.031278	 -0.062510	 -0.085061	  0.061149	 -0.035044
 -0.093936	 -0.086683	 -0.078411	 -0.040210	 -0.049458	  0.059977	 -0.073181
 -0.092067	 -0.102679	 -0.062225	 -0.025196	 -0.005492	  0.045470	 -0.076380
 -0.108063	 -0.098878	 -0.078822	  0.000999	 -0.050915	  0.030994	 -0.110938
 -0.098117	 -0.063718	 -0.034889	 -0.006603	 -0.116958	 -0.024406	 -0.137799
 -0.093049	 -0.051143	 -0.009200	  0.008601	 -0.104034	 -0.064760	 -0.201244
 -0.106606	 -0.028147	 -0.037803	 -0.000521	 -0.105903	 -0.111260	 -0.219458
 -0.076293	 -0.056496	  0.000334	 -0.015408	 -0.094659	 -0.157886	 -0.267192
 -0.059220	 -0.048387	  0.010597	 -0.011861	 -0.117180	 -0.201978	 -0.296714
 -0.046867	 -0.055007	 -0.001661	 -0.060261	 -0.153670	 -0.213317	 -0.340711
 -0.048989	 -0.049591	  0.018611	 -0.079456	 -0.143470	 -0.216136	 -0.390409
 -0.057225	 -0.062166	 -0.037486	 -0.095357	 -0.125795	 -0.210625	 -0.402129
 -0.078732	 -0.063718	 -0.076795	 -0.114616	 -0.099188	 -0.220413	 -0.373146
 -0.081551	 -0.024789	 -0.097669	 -0.107900	 -0.108374	 -0.251930	 -0.405297
 -0.080886	 -0.018232	 -0.089592	 -0.119335	 -0.083097	 -0.239576	 -0.428008
 -0.074804	 -0.016363	 -0.101027	 -0.123358	 -0.098776	 -0.246165	 -0.460285
 -0.088678	 -0.029319	 -0.132037	 -0.135521	 -0.123800	 -0.272740	 -0.497820
 -0.059885	 -0.043478	 -0.137010	 -0.102927	 -0.137072	 -0.286487	 -0.537129
 -0.047120	 -0.063053	 -0.102294	 -0.086963	 -0.142235	 -0.295293	 -0.558447
 -0.093620	 -0.076135	 -0.123358	 -0.096877	 -0.136058	 -0.314552	 -0.561171
 -0.112371	 -0.045695	 -0.136567	 -0.117308	 -0.135298	 -0.302230	 -0.534785
 -0.123711	 -0.026595	 -0.135300	 -0.125005	 -0.162127	 -0.302768	 -0.545777
 -0.102710	 -0.030807	 -0.128711	 -0.109801	 -0.166783	 -0.303275	 -0.533740
 -0.093334	 -0.076135	 -0.133716	 -0.113982	 -0.170806	 -0.292157	 -0.485309
 -0.108095	 -0.065714	 -0.113665	 -0.095547	 -0.175399	 -0.245278	 -0.441565
 -0.103977	 -0.052537	 -0.113602	 -0.079456	 -0.161969	 -0.210878	 -0.452240
 -0.118200	 -0.043256	 -0.106538	 -0.052215	 -0.168272	 -0.157062	 -0.453982
 -0.084497	 -0.014811	 -0.070840	 -0.036694	 -0.152308	 -0.146926	 -0.415655
 -0.077624	 -0.036604	 -0.037264	 -0.024056	 -0.120601	 -0.131152	 -0.357055
 -0.075723	 -0.043573	  0.002393	 -0.029251	 -0.095450	 -0.089214	 -0.337923
 -0.072239	 -0.051143	 -0.019653	  0.002741	 -0.100645	 -0.051932	 -0.315909
 -0.051206	 -0.067614	 -0.051677	  0.035684	 -0.087278	 -0.038723	 -0.291836
 -0.044618	 -0.072460	 -0.075148	  0.082658	 -0.055159	 -0.034795	 -0.270106
 -0.045473	 -0.075216	 -0.095294	  0.104356	 -0.031751	 -0.018039	 -0.255726
 -0.060962	 -0.068913	 -0.101312	  0.095202	 -0.012081	 -0.017406	 -0.250373
 -0.083515	 -0.040437	 -0.078411	  0.064223	  0.004327	 -0.009487	 -0.242296
 -0.082787	 -0.046107	 -0.078474	 -0.014236	  0.017314	 -0.006826	 -0.236974
 -0.105434	 -0.057985	 -0.054021	 -0.020857	 -0.004352	 -0.027067	 -0.207231
 -0.119783	 -0.046043	 -0.044898	 -0.033558	  0.003187	 -0.068530	 -0.201688
 -0.088266	 -0.000019	 -0.080279	 -0.024563	 -0.029914	 -0.065172	 -0.230322
 -0.066759	  0.011479	 -0.043061	 -0.025101	 -0.062698	 -0.036601	 -0.220091
 -0.063053	 -0.005055	 -0.068306	 -0.033147	 -0.059657	 -0.044203	 -0.205362
 -0.091086	 -0.019341	 -0.067071	 -0.057758	 -0.047969	 -0.027890	 -0.170171
 -0.095678	 -0.027988	 -0.073533	 -0.066501	 -0.018764	 -0.030583	 -0.203715
 -0.104896	 -0.069388	 -0.077809	 -0.037866	 -0.030611	 -0.038058	 -0.201910
 -0.116014	 -0.075121	 -0.067134	 -0.042142	 -0.047874	 -0.050823	 -0.221643
 -0.154246	 -0.094475	 -0.051708	 -0.025355	 -0.063047	 -0.089562	 -0.204855
 -0.146517	 -0.107842	 -0.038215	 -0.025069	 -0.046512	 -0.092920	 -0.143405
 -0.130996	 -0.075976	 -0.034287	 -0.027033	 -0.023769	 -0.114934	 -0.121486
 -0.122761	 -0.077560	 -0.052088	 -0.034952	 -0.032638	 -0.126495	 -0.128771
 -0.133879	 -0.084370	 -0.038626	 -0.014015	 -0.007583	 -0.146609	 -0.145306
 -0.142178	 -0.101792	 -0.042174	 -0.012653	 -0.029724	 -0.108726	 -0.128613
 -0.141354	 -0.095647	 -0.029092	 -0.011734	 -0.049109	 -0.083797	 -0.137830
 -0.127892	 -0.121145	 -0.051233	 -0.023961	 -0.071694	 -0.081643	 -0.099440
 -0.100715	 -0.114842	 -0.064569	 -0.024436	 -0.065897	 -0.061308	 -0.090286
 -0.102520	 -0.124091	 -0.084397	 -0.002612	 -0.060481	 -0.032515	 -0.098996
 -0.105086	 -0.082121	 -0.111480	 -0.010911	 -0.027919	 -0.032926	 -0.103273
 -0.093620	 -0.058207	 -0.084334	  0.010280	 -0.010972	  0.002677	 -0.081797
 -0.077148	 -0.059284	 -0.048129	  0.010439	  0.004802	  0.006668	 -0.059497
 -0.055134	 -0.063275	 -0.015408	  0.027005	 -0.011384	  0.016677	 -0.045909
 -0.071257	 -0.069166	 -0.058392	  0.027923	 -0.019715	  0.016424	 -0.018573
 -0.048482	 -0.085669	 -0.067799	  0.018706	 -0.027665	  0.009328	  0.013578
 -0.029889	 -0.123331	 -0.041604	 -0.013350	 -0.025543	  0.020605	  0.001098
 -0.040088	 -0.129603	 -0.065677	 -0.028459	  0.013259	  0.062321	  0.018582
 -0.049623	 -0.125548	 -0.086773	  0.002520	  0.000399	  0.094947	  0.001953
 -0.065840	 -0.108190	 -0.055034	  0.033340	  0.008160	  0.100015	 -0.006916
 -0.060265	 -0.127385	 -0.051423	  0.034163	  0.024852	  0.109612	  0.028085
 -0.048767	 -0.155925	 -0.028522	  0.006131	  0.073886	  0.103911	  0.060552
 -0.072650	 -0.127575	 -0.043441	  0.002140	  0.088900	  0.098273	  0.085449
 -0.084655	 -0.126879	 -0.057853	  0.030742	  0.122001	  0.069606	  0.073507
 -0.092416	 -0.118263	 -0.046894	  0.016900	  0.110883	  0.074928	  0.044493
 -0.093810	 -0.075058	 -0.054781	  0.008000	  0.095172	  0.106033	  0.043447
 -0.082090	 -0.069356	 -0.038183	 -0.005146	  0.085764	  0.099033	  0.055009
 -0.065270	 -0.075628	 -0.068781	 -0.022662	  0.091054	  0.106888	  0.051208
 -0.064352	 -0.096280	 -0.075877	 -0.008852	  0.096217	  0.097037	  0.023334
 -0.096027	 -0.100493	 -0.086203	  0.021968	  0.102394	  0.080661	  0.052633
 -0.111801	 -0.118168	 -0.097036	  0.027607	  0.089217	  0.068054	  0.075218
 -0.124820	 -0.071320	 -0.044328	  0.029982	  0.099099	  0.063081	  0.110662
 -0.117724	 -0.081361	 -0.035301	  0.049463	  0.088995	  0.074041	  0.103979
 -0.128082	 -0.063243	 -0.066596	  0.044933	  0.115159	  0.100173	  0.073381
 -0.110946	 -0.052378	 -0.086329	  0.039960	  0.130173	  0.066629	  0.053489
 -0.113132	 -0.058998	 -0.087153	  0.038059	  0.092574	  0.055036	  0.069865
 -0.079397	 -0.079492	 -0.101217	  0.033435	  0.090927	  0.056461	  0.061661
 -0.050795	 -0.064320	 -0.076415	  0.047055	  0.099575	  0.057633	  0.076168
 -0.076920	 -0.070256	 -0.065810	  0.039171	 -0.047570	 -0.004621	  0.021918
 -0.077015	 -0.035350	 -0.077625	  0.005469	 -0.061095	  0.012863	  0.014822
 -0.053259	 -0.034558	 -0.063561	 -0.050787	 -0.029737	  0.033927	  0.024895
 -0.047842	 -0.016598	 -0.031411	 -0.033492	 -0.022515	  0.018755	  0.015994
 -0.036249	  0.006303	 -0.019976	  0.018804	 -0.009084	 -0.015391	 -0.014509
 -0.017307	  0.009534	 -0.011740	  0.027546	 -0.013392	 -0.029455	 -0.042542
  0.024377	  0.020937	  0.004129	 -0.002894	  0.018600	 -0.021219	 -0.030252
  0.032771	 -0.007095	 -0.009935	 -0.012206	  0.026265	 -0.045673	 -0.035541
  0.057098	 -0.014032	  0.015374	 -0.001405	  0.018220	 -0.025369	 -0.019545
  0.032486	  0.032626	  0.025731	  0.019152	  0.046949	 -0.058343	 -0.034971
  0.031789	 -0.011118	  0.047112	  0.032171	  0.058162	 -0.052324	 -0.049827
  0.032169	  0.001932	  0.064914	 -0.005016	  0.013912	  0.005768	  0.037502
  0.025993	 -0.001774	  0.055570	  0.012944	  0.008812	 -0.011083	 -0.024043
  0.042939	 -0.010421	  0.041886	 -0.004952	  0.017301	 -0.038482	 -0.003644
 -0.001691	  0.049762	  0.042424	 -0.020505	  0.003301	 -0.004020	  0.061163
  0.024346	  0.032340	  0.036849	 -0.021424	 -0.025302	  0.024710	 -0.064017
  0.003693	  0.033956	 -0.011804	 -0.010654	 -0.012474	  0.059173	 -0.006717
  0.041672	  0.000950	 -0.004202	  0.030777	  0.002920	  0.073046	  0.044281
  0.013544	 -0.000602	 -0.021370	 -0.004066	 -0.012379	  0.024583	  0.006999
 -0.052594	  0.013462	 -0.016555	 -0.018636	  0.019107	  0.053154	  0.098034
 -0.030294	  0.003199	  0.008373	 -0.040365	  0.035103	  0.045616	  0.113966
 -0.029344	  0.006588	  0.029279	 -0.028107	  0.039094	  0.032217	  0.064394
 -0.044897	  0.017707	  0.015374	 -0.070742	  0.061076	  0.087300	  0.126605
 -0.039829	  0.046024	 -0.010093	 -0.052814	  0.032442	  0.071304	  0.056887
 -0.042204	  0.015204	 -0.005374	 -0.011636	  0.023794	  0.059268	 -0.020781
 -0.007995	  0.020494	 -0.008700	  0.000021	  0.038080	  0.088916	  0.025592
  0.004960	  0.025815	  0.024084	 -0.020062	  0.020088	  0.027149	 -0.039786
 -0.023421	 -0.005258	  0.042868	 -0.036184	  0.021957	  0.054010	 -0.002346
 -0.015534	 -0.019544	  0.034252	 -0.021772	  0.020785	  0.059078	  0.048588
 -0.018321	  0.011086	  0.006600	  0.017917	  0.029623	  0.026484	 -0.037759
 -0.010624	  0.015869	  0.009039	  0.024030	  0.041089	  0.047389	  0.042063
  0.000621	 -0.001996	  0.004192	  0.037144	  0.013120	  0.055308	  0.045262
  0.007209	  0.007254	  0.006283	  0.007686	 -0.035343	  0.028574	 -0.073457
 -0.004447	  0.042382	 -0.007274	  0.000464	 -0.034868	  0.065729	 -0.006463
 -0.042521	  0.017105	 -0.008826	 -0.025985	 -0.052385	  0.060471	 -0.039311
 -0.025701	  0.032594	  0.024148	 -0.040492	 -0.077186	  0.030475	 -0.078208
 -0.019683	  0.047006	  0.014582	 -0.038560	 -0.049661	  0.022809	 -0.004690
 -0.002768	  0.041875	 -0.007338	 -0.054968	 -0.036008	 -0.005287	 -0.041084
  0.029635	  0.022014	  0.019745	 -0.054936	 -0.019632	  0.013117	 -0.081977
  0.028780	  0.032657	  0.025478	 -0.051800	 -0.048203	  0.044159	 -0.021794
  0.013956	  0.032499	  0.022057	 -0.088955	 -0.051244	 -0.004178	 -0.065158
  0.036509	  0.012924	 -0.014401	 -0.081923	 -0.053873	 -0.025844	 -0.039881
  0.048704	  0.067880	  0.010939	 -0.047492	 -0.063914	 -0.004907	  0.000474
  0.058808	  0.117959	  0.018319	 -0.057153	 -0.078137	 -0.033034	 -0.073678
  0.040088	  0.115710	 -0.011645	 -0.026333	 -0.057864	 -0.009816	 -0.007097
  0.033120	  0.088596	 -0.032741	 -0.025890	 -0.040918	 -0.036550	 -0.009979
  0.048831	  0.067088	 -0.021401	 -0.026112	 -0.034520	 -0.079945	 -0.097498
  0.069008	  0.055812	  0.009799	  0.002460	 -0.028596	 -0.031545	 -0.015269
  0.051745	  0.059930	  0.027854	 -0.003654	 -0.044909	 -0.009880	 -0.064873
  0.085574	 -0.010136	  0.040651	  0.008573	 -0.066765	 -0.015264	 -0.080108
  0.082692	 -0.020272	  0.025225	  0.007876	 -0.044402	  0.012262	  0.035570
  0.073981	 -0.008679	  0.027062	 -0.027189	 -0.095146	 -0.029550	 -0.072760
  0.031441	  0.017706	  0.023799	 -0.060036	 -0.086246	 -0.016626	 -0.012292
  0.026246	  0.032499	  0.025446	 -0.068620	 -0.043167	  0.033136	  0.036267
  0.043984	  0.020716	  0.044166	 -0.061778	 -0.030054	  0.052584	 -0.066583
  0.058808	  0.004688	  0.017686	 -0.043755	  0.008717	  0.068897	 -0.002599
  0.026911	  0.017326	 -0.015003	 -0.029184	  0.044574	  0.044349	  0.020524
  0.003028	  0.027431	  0.008088	 -0.043311	  0.053379	  0.049733	 -0.048021
 -0.012873	  0.019354	  0.012966	 -0.024053	  0.064085	  0.102473	  0.043204
 -0.038213	  0.019259	  0.020347	 -0.032763	  0.064782	  0.065318	  0.024103
 -0.022692	  0.043997	  0.045814	 -0.008152	  0.051004	  0.011121	 -0.021002
 -0.002515	  0.073392	  0.027727	 -0.004097	  0.054488	 -0.000282	  0.089259
  0.007843	  0.065505	  0.018921	 -0.003337	  0.014387	  0.011375	  0.033194
  0.024662	  0.040988	 -0.017569	  0.019121	  0.042705	  0.008746	  0.034018
  0.015033	  0.024928	 -0.006071	  0.015510	  0.038745	  0.031267	  0.089988
 -0.010624	  0.018878	  0.004921	 -0.001817	 -0.016528	 -0.013142	 -0.027717
 -0.020126	  0.020494	 -0.002048	  0.014560	 -0.029198	  0.002791	 -0.015649
 -0.038847	  0.040544	 -0.030999	  0.013514	 -0.023909	  0.042923	  0.004116
 -0.017719	  0.053183	  0.001373	  0.000337	 -0.020456	 -0.000820	 -0.123377
 -0.023801	  0.038992	 -0.007369	 -0.036881	  0.003839	  0.020877	 -0.056764
 -0.029344	  0.004593	 -0.000306	 -0.031686	 -0.010858	  0.036208	 -0.082484
 -0.019335	 -0.043490	  0.010527	 -0.017686	 -0.015863	  0.016506	 -0.148527
 -0.013538	 -0.020874	 -0.013198	  0.025393	  0.000481	  0.053313	 -0.040641
  0.001096	 -0.011150	 -0.013673	  0.005785	  0.011568	  0.021226	 -0.091005
 -0.008692	 -0.012797	 -0.001034	  0.003346	  0.003617	 -0.000599	 -0.096421
 -0.006443	  0.008457	 -0.020831	  0.033248	  0.002065	  0.022841	  0.016976
  0.006322	  0.013874	  0.013790	  0.005152	 -0.003605	  0.041086	 -0.080108
  0.002458	  0.011878	  0.034189	 -0.031085	 -0.010320	  0.028796	 -0.084606
  0.022065	  0.022838	  0.035899	 -0.016451	 -0.028058	  0.038394	 -0.020464
 -0.014203	  0.010263	  0.050058	 -0.001056	 -0.068254	  0.013148	 -0.112956
 -0.050598	  0.013082	  0.055094	  0.004487	 -0.061570	  0.059078	 -0.053945
 -0.067259	 -0.000760	  0.027410	  0.052063	 -0.065403	  0.085717	 -0.037822
 -0.052182	  0.007285	  0.031908	  0.065557	 -0.071041	  0.031045	 -0.113273
 -0.050281	  0.007602	  0.037863	  0.083802	 -0.060113	  0.059838	 -0.014952
 -0.082147	 -0.009598	  0.008342	  0.048801	 -0.070788	  0.026167	 -0.032944
 -0.083572	 -0.011878	 -0.009745	  0.067647	 -0.088336	 -0.001676	 -0.083371
 -0.097256	  0.016566	  0.003495	  0.020641	 -0.072847	  0.024108	 -0.034559
 -0.059182	  0.008267	 -0.005627	 -0.016736	 -0.085010	 -0.024767	 -0.113748
 -0.027063	  0.014222	  0.043248	 -0.009134	 -0.060398	 -0.047035	 -0.092303
 -0.028584	  0.033037	  0.054493	  0.008256	 -0.060842	  0.006972	  0.005858
 -0.027127	  0.048115	  0.023451	  0.034072	 -0.065181	 -0.009785	 -0.073647
 -0.047906	  0.039499	  0.036216	  0.031474	 -0.037751	  0.002410	 -0.024297
 -0.078282	  0.046658	  0.026745	  0.007528	 -0.045258	  0.013814	  0.030248
 -0.080658	  0.044599	  0.045972	 -0.019872	 -0.057294	 -0.000504	 -0.058949
 -0.073943	  0.079822	  0.037293	 -0.013030	 -0.041077	  0.005483	 -0.004119
 -0.056236	  0.061228	 -0.004233	  0.015351	 -0.042502	 -0.004146	 -0.018215
 -0.051929	  0.005575	  0.005491	  0.029099	 -0.031511	 -0.015613	 -0.050745
 -0.032607	  0.020462	  0.042171	  0.043606	 -0.045955	  0.008112	  0.040891
 -0.057218	  0.053215	  0.017369	  0.002840	 -0.077788	 -0.007504	  0.011813
 -0.051073	  0.034526	  0.034220	 -0.002387	 -0.071548	 -0.048460	  0.014062
 -0.028172	  0.005290	  0.022722	 -0.011921	 -0.035565	 -0.026572	  0.050711
 -0.042553	  0.022426	  0.041759	  0.012216	 -0.069331	 -0.041840	 -0.036270
 -0.031878	 -0.006272	  0.023736	  0.000591	 -0.057136	  0.003424	 -0.039437
 -0.032321	 -0.029553	  0.052877	  0.024664	 -0.051118	  0.031393	  0.019732
 -0.018891	 -0.025055	  0.047207	  0.025836	 -0.090332	  0.012135	 -0.076878
 -0.042109	 -0.000538	  0.034822	  0.004899	 -0.075286	  0.028796	 -0.007382
 -0.042141	 -0.012258	  0.035519	  0.004835	 -0.044878	  0.034308	 -0.020210
 -0.028330	  0.005480	  0.014645	 -0.020252	 -0.040918	  0.015049	 -0.083498
 -0.041634	 -0.031644	  0.008152	 -0.045022	 -0.035787	 -0.001422	 -0.011246
 -0.037358	 -0.027431	  0.004509	 -0.026017	 -0.032239	 -0.009848	 -0.040419
 -0.011606	 -0.022458	  0.009039	 -0.016799	 -0.042534	 -0.002563	 -0.089801
 -0.025860	 -0.045422	  0.018890	 -0.005047	 -0.033696	  0.028004	 -0.004024
 -0.048191	 -0.022394	  0.010337	 -0.027790	 -0.016845	 -0.000345	 -0.082611
 -0.036091	 -0.020747	 -0.010220	 -0.051325	  0.014672	 -0.006110	 -0.069149
 -0.064187	 -0.011403	  0.007455	 -0.068493	  0.021577	 -0.009246	 -0.011975
 -0.067481	 -0.005448	  0.017813	 -0.090444	  0.017301	 -0.022866	 -0.082864
 -0.087088	 -0.015458	  0.012238	 -0.066561	  0.004346	  0.025217	 -0.039627
 -0.107550	 -0.013145	  0.018985	 -0.040524	 -0.006614	  0.033167	 -0.003518
 -0.093772	 -0.003548	  0.023673	 -0.043723	 -0.029895	  0.003836	 -0.041084
 -0.099283	  0.011055	  0.013125	 -0.019491	 -0.043357	  0.026832	 -0.030410
 -0.108121	 -0.011561	  0.042076	  0.007876	 -0.005473	  0.006877	 -0.033989
 -0.087215	 -0.002439	  0.062506	  0.041325	 -0.038859	  0.003551	 -0.039152
 -0.080246	 -0.030820	  0.069380	  0.025709	 -0.056281	 -0.022645	 -0.029871
 -0.075083	 -0.051029	  0.055855	  0.028750	 -0.023180	 -0.019382	 -0.027306
 -0.072359	 -0.049382	  0.024211	  0.017949	 -0.000691	 -0.043392	 -0.024106
 -0.057978	 -0.016376	  0.016926	  0.030302	 -0.014723	 -0.040383	 -0.043143
 -0.044643	 -0.005131	 -0.000464	 -0.002418	 -0.025144	 -0.035568	 -0.056384
 -0.030294	 -0.000380	 -0.019089	 -0.031148	 -0.005125	 -0.036012	 -0.075230
 -0.032385	  0.007032	 -0.042782	 -0.032542	 -0.002528	 -0.023437	 -0.034876
 -0.005873	  0.000982	 -0.014971	 -0.005491	  0.027025	 -0.053306	 -0.059773
 -0.014963	 -0.002154	 -0.002935	 -0.015500	  0.003966	 -0.062080	 -0.048306
 -0.022851	 -0.034241	  0.001468	 -0.030071	 -0.002053	 -0.056062	 -0.045677
 -0.042204	 -0.035128	  0.025731	 -0.049171	 -0.017700	 -0.001676	 -0.044505
 -0.038213	 -0.017580	  0.021645	 -0.033334	 -0.048077	  0.056892	 -0.059710
 -0.052467	 -0.019765	  0.019713	 -0.023704	 -0.052068	  0.036050	 -0.030156
 -0.099346	 -0.047386	  0.027284	 -0.010591	 -0.055774	 -0.018178	 -0.044822
 -0.053892	 -0.025625	  0.036089	 -0.018509	 -0.069869	  0.008746	 -0.019957
 -0.065707	 -0.004213	  0.041664	 -0.024084	 -0.047602	 -0.017545	 -0.012608
 -0.080468	 -0.009756	  0.060828	 -0.008373	 -0.036135	 -0.034523	 -0.012070
 -0.091396	 -0.030060	  0.067986	  0.022352	 -0.055077	 -0.053180	 -0.015079
 -0.093043	 -0.021856	  0.099947	  0.037429	 -0.047412	 -0.018780	  0.008931
 -0.087056	 -0.040386	  0.063742	  0.053900	 -0.006677	 -0.016595	  0.019542
 -0.126809	 -0.053024	  0.056045	  0.018614	 -0.018460	 -0.037849	  0.009438
 -0.123293	 -0.027019	  0.084648	  0.033343	  0.008527	  0.020307	  0.005542
 -0.095609	 -0.028191	  0.073656	  0.004487	  0.040044	  0.003012	 -0.018753
 -0.076223	 -0.030947	  0.088829	 -0.017623	  0.026804	 -0.013047	 -0.028224
 -0.095324	 -0.029965	  0.081258	 -0.030704	 -0.007121	 -0.003164	 -0.044854
 -0.113157	 -0.063414	  0.102481	 -0.063583	 -0.045163	  0.023253	 -0.010549
 -0.114551	 -0.056034	  0.057470	 -0.042266	 -0.033031	  0.016094	 -0.007382
 -0.093391	 -0.049223	  0.030261	 -0.038687	 -0.052606	 -0.009468	 -0.000572
 -0.091998	 -0.003009	  0.011826	 -0.045877	 -0.047507	 -0.006205	  0.013714
 -0.122438	  0.023123	  0.022976	 -0.029723	 -0.021438	 -0.022866	 -0.003454
 -0.078853	  0.019480	  0.029374	  0.007148	 -0.035090	 -0.016816	  0.006714
 -0.079613	 -0.013684	  0.029659	  0.037619	 -0.062933	  0.007193	  0.021316
 -0.129976	 -0.036173	  0.009514	  0.057765	 -0.065847	  0.003012	  0.000125
 -0.162824	 -0.045201	  0.028867	  0.050163	 -0.049154	  0.011850	  0.003451
 -0.178661	 -0.063762	  0.053099	  0.016460	  0.011663	 -0.004178	  0.038167
 -0.185978	 -0.061735	  0.064185	  0.005152	  0.051352	 -0.025210	  0.074024
 -0.162602	 -0.096135	  0.050248	 -0.019491	  0.041406	 -0.026667	  0.070223
 -0.154683	 -0.085523	  0.051198	 -0.040207	  0.067000	 -0.015169	  0.068227
 -0.112365	 -0.092999	  0.049836	 -0.018858	  0.042103	 -0.012350	  0.005763
 -0.120601	 -0.091130	  0.052402	  0.011329	  0.016636	 -0.014631	 -0.016599
 -0.098396	 -0.099460	  0.048918	  0.016555	 -0.020012	 -0.037469	 -0.012292
 -0.090382	 -0.056604	  0.000455	  0.012912	 -0.039683	 -0.042537	 -0.039184
 -0.070934	 -0.010326	  0.003337	  0.010759	 -0.046778	 -0.061795	 -0.073425
 -0.105872	 -0.058251	  0.014233	  0.037461	 -0.051529	 -0.055080	 -0.073108
 -0.084301	 -0.062274	 -0.002871	  0.050796	 -0.037846	 -0.008739	 -0.036016
 -0.070585	 -0.064776	 -0.004645	  0.068819	 -0.039113	  0.024868	 -0.010581
 -0.090826	 -0.082292	  0.027569	  0.079399	 -0.013487	  0.044634	 -0.017740
 -0.092124	 -0.071871	  0.066498	  0.072272	 -0.014343	  0.019167	  0.027398
 -0.103496	 -0.081247	  0.067036	  0.011329	 -0.027646	 -0.018527	  0.032561
 -0.111573	 -0.067278	  0.069475	  0.035750	 -0.016845	 -0.007599	  0.038864
 -0.083160	 -0.036965	  0.021012	  0.026881	 -0.033569	  0.000795	 -0.012165
 -0.063933	 -0.044155	  0.036754	  0.030175	  0.001147	 -0.000345	 -0.002377
 -0.083540	 -0.071808	  0.052941	  0.029510	  0.028419	  0.003678	  0.022551
 -0.115311	 -0.043459	  0.081417	  0.042434	  0.026297	 -0.042600	  0.007854
 -0.114170	 -0.007792	  0.067416	  0.025171	  0.050180	 -0.048808	  0.020207
 -0.101880	  0.011657	  0.055189	  0.012374	  0.027944	 -0.034840	  0.005573
 -0.104668	  0.018688	  0.021170	  0.018899	  0.047963	 -0.015486	 -0.004753
 -0.087342	  0.037409	  0.028107	  0.036035	  0.036908	 -0.019952	 -0.011025
 -0.105396	  0.020241	  0.037673	  0.009333	  0.043718	 -0.015264	 -0.020939
 -0.112112	 -0.015933	  0.030039	 -0.001848	 -0.001197	 -0.014282	 -0.037695
 -0.090604	 -0.059613	  0.007265	 -0.034410	  0.007957	 -0.023975	 -0.051316
 -0.081355	 -0.086505	 -0.015256	 -0.043438	 -0.011460	 -0.027966	 -0.047483
 -0.045023	 -0.087265	 -0.028307	 -0.026808	 -0.019791	 -0.011273	 -0.008491
 -0.025606	 -0.092365	  0.019808	 -0.018193	  0.004409	 -0.005540	 -0.008712
 -0.025860	 -0.063636	  0.001785	  0.022827	  0.036243	 -0.021631	 -0.046089
 -0.008755	 -0.054577	 -0.019723	  0.071322	  0.031302	  0.022968	 -0.024867
 -0.019430	 -0.025435	 -0.025012	  0.077182	  0.020120	  0.016949	 -0.008491
 -0.058612	 -0.010611	 -0.008573	  0.064480	  0.037066	  0.029176	 -0.040388
 -0.056110	  0.011847	 -0.044144	  0.066792	  0.015939	  0.022461	 -0.031930
 -0.045055	  0.003009	 -0.013198	  0.078005	 -0.003795	  0.065793	 -0.053026
 -0.050757	 -0.000729	 -0.014908	  0.061566	 -0.011112	  0.057716	 -0.012988
 -0.027792	 -0.005416	  0.000740	  0.038823	  0.011314	  0.070322	 -0.009029
 -0.063078	 -0.021001	 -0.011170	  0.050891	  0.002287	  0.070956	  0.002818
 -0.074798	 -0.028539	 -0.016112	  0.062484	 -0.038923	  0.035004	  0.039973
 -0.075463	 -0.060563	 -0.001193	  0.090454	 -0.054760	 -0.025179	  0.045452
 -0.068431	 -0.046974	  0.031591	  0.062263	 -0.011872	 -0.007250	  0.027271
 -0.034951	 -0.028920	  0.040239	 -0.016070	 -0.013297	  0.034656	  0.004496
  0.012151	 -0.011878	  0.070457	 -0.022944	 -0.033031	  0.072983	 -0.009314
  0.011390	 -0.021127	  0.093422	 -0.013536	 -0.022261	  0.066458	 -0.000857
 -0.032955	 -0.024675	  0.057565	  0.021782	  0.022306	  0.052679	  0.016596
 -0.050028	 -0.060215	  0.044768	  0.065715	  0.054773	  0.043113	 -0.026862
 -0.065200	 -0.042920	  0.046479	  0.066159	  0.062470	  0.034973	  0.018180
 -0.103464	  0.007412	  0.052180	  0.046742	  0.060981	 -0.005160	  0.004781
 -0.105618	  0.023313	  0.068842	  0.046298	  0.050655	  0.016696	 -0.011151
 -0.094880	  0.028856	  0.056488	  0.045126	  0.007260	  0.012357	 -0.023853
 -0.073658	 -0.002914	  0.041569	  0.045095	  0.001717	  0.035226	 -0.006463
 -0.106125	 -0.008236	 -0.021972	  0.026501	 -0.004745	  0.062689	 -0.008301
 -0.106220	 -0.012638	 -0.031062	  0.062959	 -0.020646	  0.068422	 -0.018057
 -0.086740	  0.005512	 -0.034547	  0.043954	 -0.019537	  0.049100	 -0.022016
 -0.044200	  0.011498	 -0.010473	  0.072272	  0.022337	  0.086065	 -0.011215
 -0.042268	  0.016535	 -0.002016	  0.078164	 -0.007849	  0.099654	 -0.002726
