:RUN-3	LEVEL SWEEP	TEMP:NaN	8/27/2019	11:46 AM	HR:-636.36:SW EAR: R	SW FREQ: 11.30	# AVERAGES: 512	REP RATE (/sec): 80	DRIVER: 	SAMPLE (µsec): 40	MASKER dB: 2147483647:NOTES-:CHAMBER-SEWELL-PXI1:CFTS Version: V2.7.2 (R850):LEVELS:20;30;40;50;60;70;80;:DATA  0.018216	 -0.017368	 -0.028560	  0.009810	 -0.080101	 -0.041735	 -0.109483
  0.030126	 -0.043120	 -0.016302	  0.011932	 -0.069394	 -0.011580	 -0.096876
  0.020719	 -0.038305	 -0.019691	  0.004362	 -0.065213	  0.007361	 -0.081292
  0.032249	 -0.061776	 -0.046583	  0.026883	 -0.027900	 -0.009490	 -0.072581
  0.016506	 -0.065767	 -0.025741	  0.044494	 -0.016560	 -0.007146	 -0.056933
  0.010076	 -0.095764	  0.000138	  0.067902	  0.007862	 -0.025359	 -0.039258
  0.006655	 -0.074383	  0.009070	  0.041865	  0.003522	 -0.008476	 -0.058517
  0.016379	 -0.055821	  0.010020	  0.017665	  0.007703	  0.019366	 -0.021394
  0.013624	 -0.030798	  0.017337	  0.009176	 -0.007342	  0.056236	 -0.044897
  0.002125	  0.036354	  0.028012	 -0.004571	  0.018695	  0.038720	 -0.051422
 -0.009594	  0.055042	  0.024718	 -0.014327	  0.045619	 -0.009743	 -0.028615
 -0.021948	  0.013357	  0.017718	 -0.017146	  0.022718	 -0.050034	 -0.033493
 -0.059230	  0.014529	  0.024876	 -0.019680	  0.000165	 -0.055799	  0.000367
 -0.037405	  0.032584	  0.027759	 -0.029626	  0.007513	 -0.057573	  0.000938
 -0.055524	  0.050861	  0.035836	 -0.024495	  0.011283	 -0.055958	  0.002490
 -0.017070	  0.053363	  0.023958	 -0.031431	  0.017174	 -0.016363	  0.026848
 -0.007092	  0.071988	  0.014803	 -0.014739	  0.021482	  0.001026	  0.097611
  0.003139	  0.061567	 -0.026374	 -0.018128	  0.050370	  0.050123	  0.142970
  0.027244	  0.044178	 -0.052570	 -0.034789	  0.031840	  0.063965	  0.185130
  0.010804	  0.049277	 -0.018424	 -0.025160	  0.020564	  0.112460	  0.238407
 -0.005825	  0.034992	 -0.020229	 -0.020693	  0.041469	  0.187594	  0.274549
  0.023475	 -0.007390	 -0.006292	 -0.018571	  0.063610	  0.157059	  0.261689
  0.052299	 -0.001878	  0.007201	 -0.028074	  0.055248	  0.165389	  0.239674
 -0.006459	  0.011109	  0.004034	  0.001131	  0.078941	  0.167765	  0.190768
 -0.027364	  0.001669	  0.031338	  0.027231	  0.104281	  0.177806	  0.201886
 -0.043107	  0.004868	  0.028360	  0.060395	  0.086702	  0.131687	  0.188994
 -0.028441	  0.017507	  0.022627	  0.106610	  0.077104	  0.146701	  0.235778
 -0.034555	  0.016177	  0.032985	  0.125551	  0.087113	  0.130040	  0.244584
 -0.002753	 -0.003304	  0.053922	  0.111393	  0.122051	  0.151421	  0.313636
 -0.036645	 -0.007073	  0.056837	  0.102143	  0.156102	  0.203717	  0.379774
 -0.033889	  0.009620	  0.024528	  0.094668	  0.171053	  0.276602	  0.472203
 -0.024799	  0.028087	  0.041918	  0.103094	  0.204756	  0.339382	  0.584238
 -0.007155	  0.015860	  0.010749	  0.041770	  0.251413	  0.405520	  0.637801
 -0.016405	  0.001036	  0.048094	  0.075885	  0.282835	  0.453793	  0.669350
 -0.042695	  0.021688	  0.055443	  0.118900	  0.349480	  0.484898	  0.709546
 -0.022328	  0.002429	  0.063393	  0.153806	  0.395409	  0.486831	  0.663205
 -0.007662	 -0.007358	  0.093073	  0.198911	  0.415270	  0.450341	  0.543029
 -0.003164	 -0.004127	  0.099978	  0.188997	  0.414129	  0.396334	  0.415472
 -0.041048	 -0.024304	  0.110400	  0.215319	  0.362055	  0.294340	  0.272965
 -0.018400	 -0.028486	  0.134695	  0.224442	  0.318407	  0.187277	  0.091846
 -0.036645	 -0.009005	  0.177741	  0.180888	  0.225851	  0.050345	 -0.076065
 -0.024830	  0.006927	  0.180845	  0.135624	  0.106625	 -0.060994	 -0.237546
 -0.074656	  0.002746	  0.168017	  0.046807	 -0.001736	 -0.156432	 -0.359749
 -0.099489	  0.022575	  0.154492	 -0.034219	 -0.091155	 -0.273535	 -0.450309
 -0.103385	  0.030304	  0.134314	 -0.093198	 -0.199073	 -0.339167	 -0.512393
 -0.081497	  0.024792	  0.091965	 -0.153413	 -0.275854	 -0.401409	 -0.587305
 -0.050836	  0.021403	  0.044958	 -0.193166	 -0.331159	 -0.404164	 -0.606151
 -0.050424	  0.034675	  0.003971	 -0.222529	 -0.327960	 -0.390417	 -0.609477
 -0.032496	 -0.012141	 -0.053900	 -0.193736	 -0.327168	 -0.363208	 -0.540679
 -0.030342	 -0.043658	 -0.088521	 -0.198170	 -0.304425	 -0.332515	 -0.495129
 -0.017672	 -0.041631	 -0.109142	 -0.164151	 -0.242817	 -0.291337	 -0.388130
 -0.024292	 -0.047776	 -0.140216	 -0.175776	 -0.191819	 -0.206890	 -0.192187
 -0.027744	 -0.117335	 -0.138600	 -0.131842	 -0.125935	 -0.123109	  0.034513
  0.014637	 -0.118824	 -0.131315	 -0.109543	 -0.043009	 -0.040690	  0.247530
  0.007574	 -0.134725	 -0.118581	 -0.084139	  0.029148	  0.038308	  0.417056
  0.000193	 -0.159685	 -0.093209	 -0.046034	  0.115241	  0.140841	  0.541667
 -0.027301	 -0.139127	 -0.059412	  0.014339	  0.186891	  0.285312	  0.576320
  0.007193	 -0.098615	 -0.027008	  0.066509	  0.274916	  0.368840	  0.558803
 -0.019034	 -0.091805	  0.006314	  0.126597	  0.380585	  0.432127	  0.537296
 -0.024355	 -0.065989	  0.027284	  0.169770	  0.434497	  0.464468	  0.501661
 -0.018907	 -0.045685	  0.050502	  0.183264	  0.433071	  0.481129	  0.471031
 -0.008929	 -0.030893	  0.091616	  0.222034	  0.430537	  0.476346	  0.395707
 -0.032812	 -0.034092	  0.083032	  0.235275	  0.379508	  0.436910	  0.247023
 -0.031229	 -0.028866	  0.122500	  0.236225	  0.361580	  0.319870	  0.129444
 -0.036835	  0.001669	  0.161397	  0.195205	  0.353408	  0.204825	  0.039201
 -0.009214	  0.004077	  0.186610	  0.167933	  0.325787	  0.118858	 -0.037580
  0.010773	  0.049246	  0.167764	  0.153901	  0.236146	  0.042933	 -0.081070
  0.012642	  0.040567	  0.179990	  0.142118	  0.147613	 -0.003883	 -0.071282
 -0.002816	  0.031159	  0.157849	  0.099071	  0.094114	 -0.015033	 -0.098174
 -0.055967	  0.043829	  0.176601	  0.067079	  0.061995	 -0.024947	 -0.074006
 -0.055017	  0.054187	  0.197063	  0.053332	  0.054520	 -0.049654	 -0.037833
 -0.050424	  0.009556	  0.177646	  0.050766	  0.041976	 -0.028020	  0.013386
 -0.057614	  0.008353	  0.130862	  0.066129	  0.053316	 -0.030016	  0.034672
 -0.058153	  0.042594	  0.137007	  0.050418	  0.104978	  0.016389	  0.059188
 -0.037437	  0.030811	  0.134695	  0.034295	  0.118187	  0.030738	  0.074931
 -0.028283	  0.015258	  0.098680	  0.049531	  0.120848	  0.035362	  0.080221
 -0.030215	  0.002905	  0.050945	  0.035087	  0.142228	  0.095672	  0.090009
 -0.023310	  0.012154	  0.046384	  0.049024	  0.143749	  0.064377	  0.055292
 -0.043519	  0.025774	  0.067384	  0.051114	  0.128165	  0.007678	 -0.007266
 -0.005223	  0.018235	  0.032700	  0.014023	  0.076661	 -0.044586	 -0.069350
  0.029461	  0.002429	  0.012143	 -0.013788	  0.041121	 -0.118865	 -0.113410
  0.019927	 -0.016449	  0.010084	 -0.032730	  0.017016	 -0.134006	 -0.157059
  0.013972	 -0.000326	  0.034442	 -0.045527	 -0.017542	 -0.141354	 -0.121614
 -0.029423	  0.011425	 -0.006071	 -0.060509	 -0.059638	 -0.151585	 -0.116356
 -0.002309	 -0.032667	 -0.000401	 -0.083917	 -0.077915	 -0.167265	 -0.101627
 -0.015264	 -0.047903	  0.005079	 -0.109669	 -0.082730	 -0.169704	 -0.090762
 -0.032401	 -0.052654	 -0.019089	 -0.128738	 -0.073956	 -0.135431	 -0.065612
 -0.016658	 -0.035042	 -0.019026	 -0.157784	 -0.054697	 -0.108412	 -0.072866
 -0.011717	 -0.032793	 -0.025519	 -0.157626	 -0.041457	 -0.092479	 -0.075083
 -0.008898	 -0.007675	 -0.041737	 -0.173210	 -0.035723	 -0.045283	 -0.072581
 -0.028821	 -0.017304	 -0.043542	 -0.168269	 -0.036800	 -0.015128	 -0.089147
 -0.053180	 -0.031495	 -0.004328	 -0.135136	 -0.018239	  0.000741	 -0.072264
 -0.052483	 -0.019236	 -0.026469	 -0.112615	 -0.017859	  0.017814	 -0.019240
  0.001650	 -0.033142	 -0.030366	 -0.075777	 -0.013804	  0.065074	  0.010852
  0.025914	 -0.044038	 -0.013831	 -0.026712	  0.014925	  0.109261	  0.063655
 -0.025115	 -0.039002	 -0.016999	  0.022828	  0.023319	  0.123071	  0.130521
 -0.036645	 -0.031431	 -0.042497	  0.067712	  0.030415	  0.108247	  0.175975
 -0.015201	 -0.010462	 -0.004835	  0.047123	  0.067411	  0.138814	  0.190768
  0.000225	 -0.002417	 -0.001826	  0.040725	  0.138364	  0.115374	  0.220004
  0.026705	 -0.012395	  0.037293	  0.080414	  0.157021	  0.118858	  0.273060
  0.019325	 -0.016227	  0.040334	  0.080224	  0.112707	  0.131243	  0.292762
  0.012673	  0.004488	  0.039732	  0.043291	  0.124300	  0.149362	  0.316202
 -0.008391	 -0.014358	  0.075937	  0.061314	  0.132219	  0.154968	  0.327098
  0.013909	 -0.039445	  0.101752	  0.048802	  0.163039	  0.150407	  0.312908
  0.030887	 -0.049201	  0.140269	  0.046236	  0.138142	  0.147778	  0.290197
  0.024710	 -0.039129	  0.146541	  0.030747	  0.131427	  0.191046	  0.260802
  0.021859	 -0.034599	  0.147840	 -0.013693	  0.143115	  0.204699	  0.225516
  0.006940	 -0.008308	  0.114327	  0.003855	  0.138301	  0.182462	  0.195456
  0.002632	  0.017602	  0.123038	  0.022448	  0.125567	  0.145149	  0.183799
 -0.017735	  0.049626	  0.114264	  0.071988	  0.088000	  0.152846	  0.137173
 -0.018875	  0.092387	  0.085946	  0.078957	  0.097408	  0.133429	  0.073284
  0.003297	  0.114370	  0.083792	  0.054187	  0.109096	  0.086708	  0.000938
 -0.018844	  0.122891	  0.053986	  0.027580	  0.096806	  0.088735	 -0.066436
 -0.027238	  0.125361	  0.055443	  0.032901	  0.042420	  0.055508	 -0.119619
 -0.034396	  0.086337	  0.040302	  0.017285	  0.031808	  0.013411	 -0.179422
 -0.036297	  0.031317	  0.044863	 -0.011159	  0.014450	 -0.051586	 -0.207549
 -0.066198	 -0.040902	  0.051230	  0.019186	 -0.027963	 -0.020355	 -0.246605
 -0.048840	 -0.027567	 -0.008700	  0.030272	 -0.052670	 -0.054722	 -0.295955
 -0.056252	 -0.005553	  0.008785	  0.012502	 -0.084123	 -0.065017	 -0.301752
 -0.053813	  0.016905	 -0.024727	 -0.016829	 -0.112124	 -0.062419	 -0.293548
 -0.055777	  0.038286	 -0.035624	 -0.062030	 -0.109812	 -0.088773	 -0.283507
 -0.044596	  0.022417	 -0.025551	 -0.093040	 -0.084598	 -0.108665	 -0.295258
  0.005483	 -0.010716	 -0.067932	 -0.096176	 -0.050262	 -0.127671	 -0.322816
 -0.005635	 -0.028232	 -0.084214	 -0.162504	 -0.048995	 -0.116299	 -0.311033
 -0.026889	 -0.033965	 -0.094508	 -0.159400	 -0.031701	 -0.089977	 -0.294561
 -0.028758	 -0.024051	 -0.082408	 -0.186926	 -0.038986	 -0.078447	 -0.266497
 -0.017577	 -0.021549	 -0.071892	 -0.147268	 -0.042977	 -0.044301	 -0.237514
 -0.021314	 -0.041599	 -0.073159	 -0.098963	 -0.034076	 -0.038980	 -0.192979
 -0.033953	 -0.066116	 -0.046108	 -0.059749	  0.009731	 -0.008508	 -0.164819
 -0.047193	 -0.011571	 -0.043859	 -0.078089	  0.032220	  0.035679	 -0.140746
 -0.045293	 -0.026617	 -0.058525	 -0.099945	  0.013817	  0.002832	 -0.138592
 -0.032306	 -0.032255	 -0.075376	 -0.095004	 -0.002021	  0.035267	 -0.175937
 -0.039971	 -0.017241	 -0.070276	 -0.116004	  0.019360	  0.005651	 -0.190033
 -0.041111	 -0.033459	 -0.054819	 -0.089809	  0.010301	 -0.031188	 -0.208943
 -0.038387	 -0.039414	 -0.054470	 -0.090601	  0.009731	 -0.069736	 -0.241093
 -0.065058	 -0.045274	 -0.044619	 -0.081890	 -0.048710	 -0.118675	 -0.267257
 -0.080611	 -0.069695	 -0.062769	 -0.110461	 -0.103920	 -0.160835	 -0.285534
 -0.056030	 -0.064405	 -0.055326	 -0.113344	 -0.167081	 -0.181233	 -0.320820
 -0.052515	 -0.030861	 -0.033596	 -0.126046	 -0.182950	 -0.220352	 -0.363170
 -0.055650	 -0.046255	 -0.032773	 -0.139096	 -0.224128	 -0.233023	 -0.406502
 -0.091443	 -0.052115	 -0.033121	 -0.159748	 -0.251021	 -0.314333	 -0.458861
 -0.065185	 -0.044228	 -0.064068	 -0.176631	 -0.225015	 -0.331089	 -0.515497
 -0.076208	 -0.058641	 -0.083105	 -0.170201	 -0.199738	 -0.341194	 -0.523321
 -0.063633	 -0.031463	 -0.063371	 -0.146223	 -0.178231	 -0.314048	 -0.557055
 -0.056474	 -0.050215	 -0.061122	 -0.127218	 -0.163185	 -0.283450	 -0.561869
 -0.078773	 -0.026997	 -0.057163	 -0.119964	 -0.158909	 -0.233371	 -0.550435
 -0.074751	 -0.035201	 -0.086938	 -0.130543	 -0.169457	 -0.220669	 -0.516162
 -0.070918	 -0.013535	 -0.092829	 -0.094529	 -0.157008	 -0.208664	 -0.541185
 -0.075131	 -0.012109	 -0.089440	 -0.109068	 -0.135342	 -0.206415	 -0.511189
 -0.052451	 -0.020472	 -0.102870	 -0.096271	 -0.127962	 -0.226497	 -0.534850
 -0.094579	 -0.018318	 -0.112024	 -0.104000	 -0.133822	 -0.262987	 -0.529180
 -0.098634	 -0.030069	 -0.095522	 -0.130670	 -0.173638	 -0.305432	 -0.548376
 -0.082004	 -0.037798	 -0.102047	 -0.110746	 -0.154506	 -0.382118	 -0.574508
 -0.067719	 -0.055188	 -0.119405	 -0.120978	 -0.185833	 -0.416549	 -0.580716
 -0.074561	 -0.072324	 -0.119817	 -0.144702	 -0.162266	 -0.422029	 -0.583535
 -0.095435	 -0.073275	 -0.124093	 -0.181572	 -0.176298	 -0.420192	 -0.574761
 -0.077760	 -0.083442	 -0.085196	 -0.209130	 -0.200593	 -0.381453	 -0.570453
 -0.068289	 -0.091741	 -0.080919	 -0.200863	 -0.203571	 -0.406160	 -0.591644
 -0.097557	 -0.096017	 -0.088268	 -0.181826	 -0.176932	 -0.374199	 -0.581793
 -0.110259	 -0.096968	 -0.104707	 -0.159210	 -0.143546	 -0.326211	 -0.543181
 -0.110164	 -0.078311	 -0.105278	 -0.157277	 -0.136324	 -0.310627	 -0.509573
 -0.107566	 -0.036943	 -0.092481	 -0.128833	 -0.122039	 -0.297989	 -0.492595
 -0.095244	 -0.045717	 -0.072810	 -0.069854	 -0.094513	 -0.262006	 -0.457182
 -0.097303	 -0.065039	 -0.031696	 -0.061238	 -0.046683	 -0.228525	 -0.426552
 -0.098380	 -0.062537	 -0.029859	 -0.031305	 -0.043104	 -0.160264	 -0.348504
 -0.090208	 -0.071786	 -0.035085	 -0.009956	 -0.014311	 -0.099891	 -0.292503
 -0.082891	 -0.069062	 -0.009523	 -0.031495	  0.017713	 -0.075786	 -0.247334
 -0.031260	 -0.085818	  0.044832	 -0.040776	  0.005771	 -0.031504	 -0.161050
 -0.036297	 -0.071374	  0.013061	  0.007561	 -0.024700	 -0.006354	 -0.111795
 -0.013395	 -0.041916	 -0.009967	  0.012471	 -0.013012	 -0.004675	 -0.067259
 -0.003354	 -0.057183	 -0.030556	 -0.016607	 -0.016085	 -0.039486	 -0.070680
 -0.014282	 -0.041758	 -0.025202	 -0.043215	 -0.050896	 -0.052727	 -0.063458
 -0.030183	 -0.066179	 -0.014306	 -0.042011	 -0.080734	 -0.045631	 -0.041507
 -0.054573	 -0.073084	 -0.032203	 -0.079293	 -0.088463	 -0.046360	 -0.054272
 -0.061669	 -0.034346	 -0.034610	 -0.114326	 -0.080639	 -0.067012	 -0.091523
 -0.048270	  0.001416	 -0.045633	 -0.059591	 -0.075286	 -0.055609	 -0.141348
 -0.043202	  0.024729	 -0.019311	 -0.063772	 -0.074906	 -0.044586	 -0.148982
 -0.070284	  0.023779	 -0.024347	 -0.078121	 -0.071231	 -0.089502	 -0.107930
 -0.093819	  0.004330	  0.001373	 -0.075999	 -0.039715	 -0.107937	 -0.098586
 -0.074592	 -0.007453	  0.007898	 -0.082492	 -0.063503	 -0.087886	 -0.033715
 -0.087484	 -0.021549	 -0.003948	 -0.060731	 -0.084788	 -0.088203	 -0.016325
 -0.090398	 -0.007041	 -0.034388	 -0.087813	 -0.096730	 -0.093049	  0.054691
 -0.107693	 -0.016734	 -0.057385	 -0.075080	 -0.067969	 -0.081171	  0.079556
 -0.116720	  0.014118	 -0.031316	 -0.083442	 -0.075983	 -0.054184	  0.109616
 -0.137563	 -0.019490	 -0.046045	 -0.105995	 -0.047855	 -0.050193	  0.113860
 -0.144848	 -0.024399	 -0.019374	 -0.124398	 -0.028691	 -0.044966	  0.118865
 -0.168890	 -0.026522	  0.008310	 -0.115054	 -0.010320	 -0.027165	  0.116014
 -0.152894	 -0.024019	 -0.021940	 -0.080591	 -0.024922	 -0.009078	  0.100588
 -0.167654	 -0.030956	 -0.046900	 -0.078944	 -0.043769	 -0.030459	  0.080791
 -0.161414	 -0.018096	 -0.032805	 -0.067953	 -0.013487	 -0.063940	  0.094095
 -0.151341	 -0.027789	 -0.031284	 -0.043785	 -0.031859	 -0.076927	  0.125738
 -0.146495	 -0.003114	 -0.027515	 -0.051830	 -0.038447	 -0.082216	  0.158839
 -0.134807	  0.027326	 -0.027546	 -0.068397	 -0.024574	 -0.070021	  0.193365
 -0.120838	  0.020009	 -0.036384	 -0.058577	 -0.060303	 -0.034387	  0.198750
 -0.142599	  0.009525	 -0.033723	 -0.032984	 -0.075793	  0.012018	  0.156368
 -0.121472	 -0.024019	 -0.060014	 -0.037006	 -0.025302	  0.006348	  0.111960
 -0.128852	 -0.027472	 -0.066159	 -0.031178	 -0.000437	  0.004859	  0.087506
 -0.119254	 -0.011286	 -0.087793	 -0.036278	  0.018283	 -0.009332	  0.109235
 -0.131544	 -0.026395	 -0.063086	 -0.047301	  0.028451	  0.017307	  0.141671
 -0.110512	 -0.073623	 -0.074489	 -0.038938	  0.052144	  0.045752	  0.146897
 -0.126698	 -0.098868	 -0.034072	 -0.040491	  0.106024	  0.043249	  0.178985
 -0.125494	 -0.078216	 -0.040818	  0.001796	  0.107512	  0.090351	  0.219687
 -0.110449	 -0.072609	 -0.043257	 -0.001688	  0.079353	  0.114012	  0.242937
 -0.124829	 -0.082365	 -0.033945	 -0.012490	  0.073018	  0.120316	  0.263589
 -0.108928	 -0.069220	 -0.051050	 -0.032192	  0.068425	  0.133778	  0.254593
 -0.123372	 -0.056962	 -0.060742	 -0.037513	  0.084674	  0.114867	  0.239294
 -0.122770	 -0.075967	 -0.079684	 -0.045115	  0.083154	  0.104953	  0.225009
 -0.151563	 -0.062410	 -0.044334	 -0.041504	  0.062914	  0.077015	  0.217913
 -0.151753	 -0.053224	 -0.003568	 -0.030133	  0.053316	  0.084459	  0.248892
 -0.138735	 -0.044830	 -0.000971	  0.026598	  0.034121	  0.121646	  0.261847
 -0.169460	 -0.043975	 -0.039710	  0.015131	  0.087335	  0.128361	  0.279364
 -0.179533	 -0.037418	 -0.039931	  0.034422	  0.087494	  0.147493	  0.262861
 -0.164360	 -0.027915	 -0.001193	  0.074554	  0.092181	  0.157819	  0.256526
 -0.014948	  0.000684	  0.032485	 -0.032014	 -0.049461	 -0.052476	 -0.046126
 -0.023500	 -0.015312	  0.016615	 -0.051875	 -0.038438	 -0.054947	 -0.054044
  0.014035	 -0.000995	  0.026150	 -0.008638	 -0.036411	 -0.031888	 -0.050814
  0.026262	  0.012721	  0.033657	  0.003114	 -0.023804	 -0.042150	 -0.029306
  0.023570	 -0.014267	  0.043729	  0.015911	 -0.029379	 -0.029417	 -0.008020
  0.018343	  0.028970	  0.027797	 -0.000782	 -0.002360	 -0.022923	  0.007057
  0.045267	  0.035907	  0.026593	  0.000041	  0.000523	 -0.028973	  0.062299
  0.038900	  0.026531	  0.007778	  0.017653	  0.023202	 -0.050671	  0.044307
  0.037475	  0.012784	  0.006543	  0.008720	  0.035080	 -0.033313	  0.038226
  0.011090	  0.005055	 -0.009960	  0.002385	  0.009677	  0.027662	  0.043864
 -0.022676	 -0.007678	 -0.051898	 -0.022828	 -0.010785	  0.023671	 -0.077959
 -0.029075	 -0.004384	 -0.052310	 -0.028055	  0.011292	  0.079483	  0.069648
 -0.003893	 -0.019366	 -0.028744	 -0.026028	  0.005971	  0.031336	 -0.117268
 -0.013744	 -0.023737	 -0.034350	 -0.033693	  0.029030	  0.110841	  0.059480
 -0.017545	 -0.019335	 -0.046292	 -0.038001	 -0.001853	  0.024463	 -0.102159
 -0.013300	 -0.027665	 -0.039102	 -0.013896	  0.030836	  0.052971	  0.091472
 -0.029106	 -0.004416	 -0.016644	  0.042074	  0.008410	  0.008087	 -0.040867
 -0.050994	  0.014431	  0.007303	  0.042740	  0.040592	  0.047871	  0.087544
 -0.012952	  0.015287	  0.014493	  0.061365	  0.000713	 -0.025141	  0.001863
  0.016791	 -0.015217	  0.036159	  0.061808	 -0.002835	 -0.034485	  0.020804
  0.028163	 -0.036091	  0.052725	  0.040047	  0.021365	 -0.034041	  0.036104
  0.043715	 -0.022851	  0.050381	 -0.003570	  0.001948	 -0.038793	 -0.054361
  0.028828	  0.009141	  0.034037	  0.010114	  0.011134	  0.013313	  0.081558
 -0.003006	 -0.015058	  0.031503	 -0.000909	 -0.036759	 -0.063690	 -0.075869
  0.008270	 -0.003022	  0.013955	  0.022847	 -0.002803	  0.013376	  0.095653
  0.012293	 -0.023516	  0.007873	  0.016734	 -0.024311	 -0.022797	 -0.070421
 -0.001802	 -0.036534	  0.024566	 -0.000719	  0.006573	  0.056328	  0.117002
 -0.013427	 -0.040525	  0.069323	 -0.013072	  0.003532	 -0.007656	 -0.068298
  0.011786	 -0.046639	  0.050349	 -0.015575	  0.028714	  0.030956	  0.055869
  0.012166	 -0.051675	  0.019371	 -0.023620	  0.027288	  0.000073	 -0.055818
  0.013719	 -0.066341	  0.028177	  0.005964	  0.013414	 -0.016747	 -0.039854
  0.023063	 -0.037548	  0.018833	  0.005774	  0.022600	 -0.020548	  0.057041
  0.031267	 -0.044073	  0.023077	 -0.013294	  0.009012	 -0.060079	 -0.029084
  0.054073	 -0.049901	 -0.009263	 -0.010855	  0.024913	  0.003335	  0.119790
  0.039312	 -0.035837	 -0.003055	 -0.018901	  0.016994	 -0.038919	 -0.098105
  0.036303	 -0.046100	 -0.010435	 -0.023082	  0.049239	  0.042011	  0.110541
  0.005863	 -0.024593	  0.020195	 -0.020991	  0.023994	 -0.035150	 -0.073366
  0.009601	 -0.008628	  0.013796	  0.008182	  0.003849	  0.001118	  0.104237
 -0.000915	 -0.001058	  0.024344	  0.015372	  0.017025	 -0.029860	 -0.035039
 -0.048650	 -0.019683	  0.026213	 -0.008511	 -0.010659	  0.003652	  0.041742
 -0.077158	 -0.022629	  0.032643	  0.010716	 -0.018388	 -0.016398	  0.030434
 -0.059198	 -0.020380	  0.024914	 -0.026566	 -0.019084	 -0.055264	 -0.008147
 -0.016658	 -0.008027	  0.023172	 -0.015796	 -0.025261	 -0.008733	  0.080164
 -0.049727	 -0.011638	 -0.011449	 -0.031571	 -0.043158	 -0.046902	 -0.068298
 -0.032337	  0.006988	  0.004864	 -0.034485	  0.002487	 -0.013833	  0.086024
 -0.015074	  0.035305	  0.004705	 -0.042499	 -0.005496	 -0.064798	 -0.079226
  0.008302	  0.014748	 -0.005557	 -0.000276	  0.028144	  0.031083	  0.104269
  0.022904	  0.006671	 -0.027857	 -0.002144	  0.011894	 -0.037209	 -0.109825
  0.025692	  0.005721	 -0.015218	  0.039319	  0.029474	  0.033649	  0.082698
  0.020624	  0.015762	 -0.024626	 -0.003633	  0.017057	 -0.004710	 -0.002002
  0.016886	  0.030459	  0.015697	 -0.037019	  0.022917	 -0.004393	  0.035945
  0.062594	  0.005816	  0.011737	 -0.053965	  0.015758	 -0.013833	  0.045131
  0.062499	  0.003915	  0.000683	 -0.053427	 -0.013763	 -0.039965	  0.026031
  0.072698	  0.041957	 -0.002168	 -0.033218	  0.008346	  0.001340	  0.125206
  0.056322	  0.010725	 -0.010087	 -0.003063	 -0.025863	 -0.036290	 -0.039569
  0.024488	 -0.015692	  0.005909	 -0.002525	  0.012591	  0.006123	  0.140157
  0.009094	 -0.021679	 -0.000521	  0.036943	  0.009613	 -0.038318	 -0.057750
  0.014067	 -0.045150	  0.014208	  0.024495	  0.047402	  0.041853	  0.124161
 -0.001517	 -0.071536	  0.026941	  0.010146	  0.023456	 -0.014149	 -0.066113
  0.004438	 -0.050598	  0.020733	 -0.003063	  0.011356	  0.048980	  0.071833
  0.034593	 -0.039924	  0.013796	 -0.007434	 -0.008251	  0.060003	 -0.018916
  0.005610	 -0.020190	 -0.002358	  0.003525	 -0.035809	  0.053509	  0.000595
  0.011818	 -0.025923	  0.006289	 -0.018901	 -0.014745	  0.050056	  0.029167
  0.033927	 -0.014805	  0.017502	 -0.005597	 -0.013858	  0.022847	 -0.083217
  0.061010	 -0.021774	  0.045376	 -0.004995	 -0.000998	  0.035708	  0.078992
  0.040484	 -0.025321	 -0.012209	  0.024938	 -0.013098	 -0.042150	 -0.043592
  0.054453	 -0.020126	 -0.034794	  0.041884	  0.003247	  0.020915	  0.148139
  0.041434	 -0.032860	  0.005624	  0.006218	  0.017722	 -0.038254	 -0.089014
  0.032122	 -0.024403	  0.056273	  0.008087	  0.018324	 -0.000054	  0.080734
  0.021352	 -0.045245	  0.048354	  0.005869	 -0.002138	 -0.027326	 -0.041564
 -0.027174	 -0.035267	  0.029792	 -0.025806	 -0.011894	  0.005046	  0.077598
 -0.018273	  0.017409	  0.030521	 -0.021530	 -0.048891	 -0.010697	  0.053113
 -0.004178	  0.008793	  0.003185	 -0.063246	 -0.054149	  0.015689	  0.016116
  0.032914	  0.013956	 -0.005874	 -0.087066	 -0.028207	  0.023259	  0.093594
  0.030697	  0.033468	 -0.024087	 -0.093116	 -0.050981	 -0.063499	 -0.028261
  0.027371	  0.014621	 -0.029694	 -0.093464	 -0.010817	 -0.017507	  0.164800
  0.067060	  0.011454	  0.009298	 -0.082315	 -0.023202	 -0.082695	 -0.060189
  0.075485	 -0.001533	  0.017344	 -0.062929	 -0.019908	  0.015815	  0.136894
  0.075802	 -0.033652	  0.041639	 -0.079020	 -0.040370	 -0.044114	 -0.034311
  0.010139	 -0.030421	  0.031788	 -0.062961	  0.010120	  0.018983	  0.147189
  0.030253	  0.004010	  0.005022	 -0.037051	 -0.012116	 -0.016208	  0.046746
  0.010646	  0.000399	 -0.020540	 -0.002144	 -0.034194	  0.001657	  0.084503
  0.034846	  0.012531	 -0.047876	  0.005458	 -0.060389	 -0.044906	  0.063186
  0.031869	  0.011359	 -0.044866	  0.004539	 -0.052058	 -0.069961	  0.011745
  0.034466	  0.035305	 -0.045088	 -0.018552	 -0.025863	 -0.025014	  0.143863
  0.015239	  0.028242	 -0.039418	 -0.014656	 -0.052407	 -0.068504	  0.015483
  0.007922	 -0.000900	 -0.062890	 -0.016303	 -0.002011	 -0.043924	  0.226377
  0.010298	 -0.009199	 -0.059215	 -0.037494	 -0.011387	 -0.096347	  0.032999
  0.043113	 -0.034000	 -0.093520	 -0.012629	  0.013256	 -0.043607	  0.238509
  0.034909	 -0.024466	 -0.101882	 -0.016557	 -0.006984	 -0.084722	  0.049946
  0.034751	 -0.026873	 -0.119335	 -0.022322	 -0.008378	 -0.030430	  0.196127
 -0.015581	 -0.026303	 -0.101787	 -0.052476	 -0.028460	 -0.038888	  0.097459
  0.001143	 -0.058264	 -0.097574	 -0.058717	 -0.052470	 -0.028910	  0.111966
 -0.025179	 -0.060386	 -0.089877	 -0.056848	 -0.084716	 -0.063436	  0.105314
 -0.044881	 -0.060766	 -0.047242	 -0.017539	 -0.106160	 -0.100655	 -0.012676
 -0.074941	 -0.022597	 -0.041287	  0.001720	 -0.067358	 -0.034580	  0.114310
 -0.076968	 -0.002610	 -0.014331	 -0.002936	 -0.053104	 -0.089758	 -0.054488
 -0.059705	  0.004612	  0.020100	  0.002385	 -0.002360	 -0.043481	  0.114690
 -0.027111	  0.008856	  0.028303	 -0.013136	 -0.011356	 -0.111203	 -0.096363
 -0.011083	  0.029224	 -0.022789	 -0.015701	 -0.028429	 -0.041644	  0.087323
  0.010551	  0.010313	 -0.031531	  0.000833	 -0.058235	 -0.094636	 -0.078403
  0.029683	 -0.009389	 -0.030866	 -0.020770	 -0.038090	 -0.080066	  0.052543
  0.063924	 -0.034760	 -0.014807	 -0.069518	 -0.030424	 -0.104551	 -0.008147
  0.040041	 -0.037485	  0.010692	 -0.091786	 -0.060041	 -0.108732	 -0.006500
  0.015651	 -0.025891	  0.004294	 -0.090930	 -0.037741	 -0.054852	  0.064675
  0.021637	 -0.025765	 -0.032893	 -0.082346	 -0.055416	 -0.075631	 -0.054425
  0.033041	 -0.041507	 -0.059722	 -0.070531	 -0.030551	 -0.052540	  0.113645
  0.036430	 -0.045435	 -0.084619	 -0.053680	 -0.035682	 -0.135529	 -0.099752
  0.078114	 -0.026240	 -0.065962	 -0.036924	  0.001758	 -0.017760	  0.105821
  0.087015	 -0.027602	 -0.047305	 -0.000941	  0.003468	 -0.098881	 -0.080620
  0.102853	 -0.035204	 -0.051550	  0.007738	  0.030171	 -0.054314	  0.104459
  0.118564	 -0.020887	 -0.048573	 -0.020199	 -0.005781	 -0.096093	 -0.022623
  0.108459	 -0.000076	 -0.077555	 -0.011267	 -0.010089	 -0.049721	  0.048805
  0.081884	 -0.027380	 -0.070397	  0.011919	 -0.025451	 -0.048929	  0.030212
  0.062689	 -0.052847	 -0.058233	  0.006566	 -0.055384	 -0.060300	  0.009306
  0.056163	 -0.014932	 -0.063302	  0.020060	 -0.041130	 -0.043006	  0.124351
  0.059838	  0.000462	 -0.047686	  0.003842	 -0.064285	 -0.065748	 -0.004346
  0.031900	 -0.047462	 -0.036599	  0.000041	 -0.033813	  0.004856	  0.094925
  0.046281	 -0.105777	 -0.056175	  0.014073	  0.000618	 -0.028118	  0.014184
  0.041434	 -0.083319	 -0.023866	  0.006661	 -0.002550	  0.003050	  0.073449
  0.001207	 -0.067196	 -0.025830	  0.032223	 -0.031279	 -0.019946	  0.022800
  0.044190	 -0.039100	 -0.024373	  0.039857	 -0.056683	 -0.013611	  0.065530
  0.032312	 -0.032068	 -0.029757	  0.013978	 -0.075561	 -0.024571	 -0.001685
  0.024615	 -0.004796	 -0.031341	  0.035771	 -0.051805	  0.008023	  0.039556
  0.031869	  0.022477	 -0.017626	  0.014168	 -0.020890	 -0.013801	 -0.011948
  0.040072	  0.037523	 -0.014395	  0.021169	 -0.012274	 -0.081776	 -0.003459
  0.021922	  0.018232	 -0.003562	  0.002544	 -0.015062	 -0.083740	 -0.044162
  0.011406	 -0.026081	 -0.026495	  0.004286	 -0.005591	 -0.070436	 -0.043845
 -0.008327	 -0.053766	 -0.020413	 -0.031317	  0.010849	 -0.072400	 -0.032790
  0.006180	 -0.089495	 -0.015377	 -0.035467	  0.000143	 -0.063119	 -0.049895
  0.037602	 -0.067291	  0.009298	 -0.007593	 -0.011039	 -0.052508	 -0.022021
  0.022081	 -0.064124	  0.001696	  0.000073	  0.002518	 -0.043956	  0.004238
  0.024425	 -0.042648	  0.019149	  0.004349	 -0.022030	 -0.075473	  0.010922
  0.038679	 -0.076287	  0.043666	 -0.017159	  0.000016	 -0.101478	 -0.012296
  0.025565	 -0.062223	  0.015633	 -0.037779	 -0.014491	 -0.102270	  0.006867
  0.031330	 -0.056363	 -0.005304	 -0.024127	 -0.032958	 -0.082283	  0.026696
  0.010329	 -0.075463	  0.009045	 -0.030906	 -0.043823	 -0.056341	  0.013424
  0.009506	 -0.073151	 -0.023486	 -0.014213	 -0.043949	 -0.055897	  0.022610
  0.035828	 -0.070205	 -0.035649	 -0.008289	 -0.038343	 -0.030779	  0.027393
  0.048973	 -0.060069	 -0.038817	 -0.001828	 -0.064950	 -0.020009	  0.025619
  0.059426	 -0.049014	 -0.049808	  0.006155	 -0.049018	 -0.067934	  0.036484
  0.047041	 -0.037833	 -0.074736	  0.000485	 -0.053674	 -0.069740	  0.035913
  0.045647	 -0.037928	 -0.068560	  0.028137	 -0.054624	 -0.093591	  0.013392
  0.037697	 -0.084047	 -0.052500	  0.028992	 -0.082403	 -0.110221	  0.003731
  0.049733	 -0.078536	 -0.027572	 -0.002113	 -0.019274	 -0.135371	 -0.002667
  0.016918	 -0.072993	 -0.010309	 -0.011964	 -0.019496	 -0.100053	  0.023148
  0.015492	 -0.081703	 -0.000489	  0.014960	 -0.031628	 -0.043069	  0.000215
  0.037443	 -0.100328	  0.020796	  0.043816	 -0.047054	 -0.026313	 -0.008020
  0.048942	 -0.105238	  0.029064	  0.062220	 -0.061814	 -0.048897	 -0.012867
  0.029746	 -0.055888	  0.013606	  0.040807	 -0.047149	 -0.027801	  0.000089
  0.042923	 -0.080151	 -0.012146	 -0.023050	 -0.025831	 -0.006136	  0.024827
  0.013212	 -0.090762	  0.003470	 -0.073477	 -0.032578	 -0.025457	  0.024320
  0.007542	 -0.098428	 -0.033210	 -0.053870	 -0.018958	 -0.042340	  0.043294
 -0.003703	 -0.057155	  0.017851	 -0.044653	 -0.045217	 -0.070880	 -0.012201
  0.015682	 -0.044073	  0.038851	 -0.049879	 -0.054719	 -0.064386	 -0.034469
  0.015397	 -0.049268	  0.047182	 -0.074649	 -0.010279	 -0.052730	 -0.030510
 -0.023753	 -0.048159	  0.037679	 -0.055771	  0.007428	 -0.021720	 -0.018156
  0.008334	 -0.054368	 -0.013413	 -0.006959	 -0.019940	 -0.039965	  0.021026
  0.019800	 -0.037295	 -0.017847	  0.020440	 -0.031248	 -0.044684	  0.022198
  0.018375	 -0.008850	  0.010185	  0.019426	 -0.013890	 -0.053775	  0.033253
  0.016316	 -0.022692	  0.010502	  0.004888	 -0.003373	 -0.075568	  0.007691
  0.060218	 -0.017687	  0.023869	  0.002100	  0.010975	 -0.068187	  0.013962
  0.035670	 -0.043186	 -0.005874	  0.002860	 -0.012876	 -0.060712	  0.000532
  0.033547	 -0.022534	 -0.034825	  0.004064	 -0.040624	 -0.088681	 -0.011093
  0.056227	 -0.025353	 -0.003404	  0.007897	 -0.021650	 -0.098786	  0.005569
  0.057621	 -0.013063	 -0.013888	  0.021137	 -0.034289	 -0.091817	  0.027995
  0.050937	 -0.001470	  0.016679	  0.000295	 -0.075245	 -0.094953	  0.029262
  0.030095	 -0.027539	  0.055893	 -0.037051	 -0.060136	 -0.094003	  0.031606
  0.013592	 -0.037168	  0.030077	 -0.037177	 -0.026686	 -0.058083	 -0.004409
 -0.001771	 -0.001501	  0.026118	 -0.020294	 -0.035270	 -0.058305	 -0.008527
 -0.018464	  0.013956	  0.025928	 -0.000846	 -0.026243	 -0.076328	  0.046525
 -0.002468	  0.040532	  0.007524	  0.039699	 -0.041542	 -0.095333	  0.061475
  0.003614	 -0.004606	 -0.024784	  0.070867	 -0.020953	 -0.079749	  0.034646
 -0.004558	 -0.043693	 -0.045912	  0.055695	 -0.055859	 -0.055074	  0.043104
  0.050684	 -0.034539	 -0.030391	  0.047016	 -0.079394	 -0.057925	  0.083521
  0.045964	 -0.036471	 -0.036219	  0.027440	 -0.074801	 -0.061852	  0.098441
  0.034181	 -0.022027	 -0.040875	  0.035803	 -0.081453	 -0.038603	  0.093594
  0.015714	 -0.031150	 -0.034065	  0.028612	 -0.036221	 -0.003760	  0.080861
  0.000415	 -0.017276	 -0.039577	  0.019521	 -0.015727	 -0.011869	  0.092296
 -0.020522	 -0.030516	 -0.027984	  0.025635	 -0.012718	 -0.021910	  0.083743
 -0.019667	 -0.061336	 -0.034129	  0.039540	 -0.018292	 -0.032679	  0.063819
 -0.030500	 -0.038593	 -0.023264	  0.022467	  0.007206	 -0.007181	  0.032271
 -0.009151	 -0.014013	  0.037236	  0.002258	 -0.002170	 -0.036354	 -0.008622
  0.001840	 -0.023262	  0.047277	  0.023037	 -0.007903	 -0.054979	  0.023465
  0.030665	 -0.006823	  0.034575	  0.035454	  0.004070	 -0.025648	  0.012189
  0.045109	  0.026531	  0.011262	  0.018381	  0.000871	 -0.006611	  0.024669
  0.052933	  0.049179	  0.065997	  0.026902	 -0.043981	 -0.038983	  0.056597
  0.042955	  0.028875	  0.084337	  0.024811	 -0.019496	 -0.033123	  0.029008
  0.035670	  0.032201	  0.049431	  0.060351	 -0.026053	 -0.042340	 -0.009667
  0.031900	  0.044111	  0.027163	  0.069632	  0.003595	 -0.028118	 -0.003776
  0.013592	  0.023775	  0.042621	  0.068333	  0.008410	 -0.000117	  0.019252
  0.017995	  0.012721	  0.015158	  0.041219	 -0.013700	  0.003842	  0.038099
  0.032660	  0.006924	  0.021272	  0.022182	 -0.002550	  0.037196	  0.040380
  0.033199	 -0.004574	  0.057286	  0.019205	 -0.027637	  0.008910	  0.032334
  0.003266	 -0.019430	  0.058680	  0.016607	 -0.021523	 -0.009556	  0.016877
  0.033769	 -0.008502	  0.042019	  0.054269	 -0.002582	 -0.043924	  0.005157
  0.006940	 -0.007266	  0.051775	  0.058577	  0.010120	 -0.054409	 -0.010934
  0.001397	  0.026214	  0.031344	  0.052591	  0.023456	 -0.093433	 -0.015939
  0.003804	  0.023205	  0.032168	  0.018761	  0.027162	 -0.094161	  0.023972
  0.026230	  0.025201	  0.032801	  0.021739	  0.025261	 -0.078260	  0.038891
  0.041086	  0.019531	  0.040847	  0.045210	  0.005337	 -0.082726	  0.064136
  0.042353	  0.017060	  0.011674	  0.040681	  0.015568	 -0.077627	  0.052131
  0.038710	  0.048514	  0.034132	  0.029658	 -0.012781	 -0.039141	  0.052385
  0.029144	  0.056179	  0.039390	  0.020060	 -0.054276	 -0.044178	  0.033569
  0.028701	  0.040627	  0.041480	  0.045717	 -0.057855	 -0.037241	  0.008166
  0.026104	  0.011200	  0.061563	  0.027789	 -0.044393	 -0.024666	 -0.004092
  0.038045	  0.016205	  0.045471	  0.021074	 -0.075942	 -0.006452	  0.018682
  0.035606	  0.037744	  0.029127	  0.007833	 -0.055891	 -0.030462	  0.032873
  0.051317	  0.051618	  0.059694	  0.022626	 -0.039388	 -0.036132	  0.056883
  0.065223	  0.074456	  0.070147	  0.016006	 -0.017025	 -0.016747	  0.074969
  0.051729	  0.071954	  0.012466	  0.061871	  0.012876	  0.016449	  0.062394
  0.056354	  0.032201	 -0.017277	  0.086483	 -0.019211	 -0.006674	  0.019664
  0.088947	  0.016870	  0.021335	  0.050848	 -0.025039	 -0.014720	  0.065023
