:RUN-2	LEVEL SWEEP	TEMP:NaN	8/27/2019	11:44 AM	HR:-636.36:SW EAR: R	SW FREQ: 8.00	# AVERAGES: 512	REP RATE (/sec): 80	DRIVER: 	SAMPLE (µsec): 40	MASKER dB: 2147483647:NOTES-:CHAMBER-SEWELL-PXI1:CFTS Version: V2.7.2 (R850):LEVELS:20;30;40;50;60;70;80;:DATA -0.041105	  0.007684	 -0.000691	  0.015909	 -0.019642	 -0.004561	  0.025269
 -0.028815	 -0.009832	 -0.013329	  0.018095	 -0.026009	  0.019797	  0.043324
 -0.061409	 -0.028742	 -0.029135	  0.015814	 -0.004374	  0.024073	  0.014689
 -0.053110	 -0.040715	  0.020152	  0.005709	  0.014282	  0.022141	  0.010382
 -0.043386	 -0.041159	  0.024713	 -0.035754	  0.040193	  0.002692	  0.031541
 -0.010633	 -0.001438	  0.022559	 -0.031351	  0.026699	  0.028444	  0.024794
  0.007675	  0.008065	  0.013057	 -0.007721	  0.012477	 -0.007729	 -0.022212
  0.037576	  0.059632	  0.039442	 -0.001164	 -0.012103	 -0.002154	 -0.031335
  0.042391	  0.040437	  0.058479	 -0.000182	 -0.012737	  0.024580	  0.012314
  0.010842	  0.036826	  0.024428	  0.000008	 -0.006908	  0.009566	  0.015925
  0.002670	 -0.001786	 -0.022642	  0.022782	 -0.009379	  0.007697	  0.015545
  0.027250	 -0.020633	 -0.005347	 -0.001291	  0.007314	  0.013272	  0.002368
  0.017779	 -0.017371	  0.037573	 -0.003571	  0.003798	  0.022965	 -0.020692
  0.017304	 -0.035172	  0.028768	 -0.012029	  0.002024	 -0.004181	 -0.042485
  0.020725	 -0.016199	  0.012518	 -0.012852	 -0.000478	 -0.012575	 -0.067983
  0.017684	  0.024124	 -0.026252	  0.004506	 -0.001650	 -0.027336	 -0.054680
  0.010874	  0.038409	 -0.042470	 -0.013612	 -0.013243	 -0.036173	 -0.040901
  0.008784	  0.004802	 -0.046208	  0.002289	  0.007314	 -0.032499	 -0.020122
  0.008657	 -0.006094	 -0.044117	  0.009954	 -0.001619	 -0.023661	  0.032808
  0.008245	 -0.000836	 -0.051498	  0.024461	 -0.005958	 -0.024358	  0.071452
  0.024146	 -0.014235	 -0.044814	  0.035579	  0.022328	  0.032182	  0.111616
  0.046446	 -0.016230	 -0.050262	  0.052241	  0.013364	  0.092745	  0.132300
  0.063867	 -0.028615	 -0.080576	  0.053096	  0.041143	  0.089736	  0.153871
  0.072514	 -0.025733	 -0.081843	  0.011189	  0.037976	  0.090148	  0.165876
  0.037735	 -0.012651	 -0.093879	 -0.000594	  0.038736	  0.092080	  0.167586
  0.039350	 -0.003212	 -0.131510	 -0.021690	 -0.009031	  0.089546	  0.195999
  0.013503	  0.012974	 -0.120138	 -0.027835	 -0.013592	  0.099777	  0.197013
 -0.009715	  0.023205	 -0.083521	  0.011063	 -0.022968	  0.135602	  0.157672
  0.020852	  0.024346	 -0.071263	  0.014389	 -0.039787	  0.142761	  0.159477
  0.027820	  0.012119	 -0.058181	  0.050815	 -0.003266	  0.156603	  0.157070
  0.041092	  0.026024	 -0.030972	  0.087147	  0.012224	  0.154797	  0.183741
  0.078121	  0.059569	  0.001305	  0.078499	  0.045134	  0.133606	  0.200972
  0.074953	  0.045315	  0.001970	  0.033362	  0.098855	  0.160626	  0.260870
  0.076315	  0.080474	 -0.005062	  0.010809	  0.140160	  0.194328	  0.311329
  0.078216	  0.102362	 -0.001166	  0.005298	  0.179216	  0.238388	  0.378892
  0.085660	  0.084339	  0.004219	  0.033932	  0.197936	  0.284381	  0.441799
  0.049328	  0.052980	  0.006278	  0.050213	  0.217986	  0.312065	  0.479905
  0.064722	  0.029129	  0.024048	  0.098772	  0.211335	  0.303830	  0.475090
  0.069537	 -0.001090	 -0.011523	  0.143370	  0.220520	  0.299363	  0.434862
  0.043341	 -0.027412	 -0.001641	  0.153823	  0.216213	  0.305033	  0.349529
  0.055695	  0.043224	  0.018378	  0.136370	  0.206298	  0.243171	  0.219280
  0.078121	  0.027323	  0.035578	  0.117302	  0.187388	  0.157996	  0.068886
  0.088194	  0.012943	  0.073113	  0.131112	  0.131671	  0.106271	 -0.026805
  0.129023	 -0.010497	  0.069597	  0.160222	  0.090081	  0.045866	 -0.124080
  0.115814	 -0.011733	  0.091485	  0.115496	  0.030120	 -0.028634	 -0.232726
  0.116068	  0.018422	  0.116445	  0.074920	 -0.010899	 -0.081912	 -0.328006
  0.114991	  0.035559	  0.074855	  0.036941	 -0.073078	 -0.155526	 -0.399022
  0.078501	  0.074931	  0.029591	  0.006311	 -0.122587	 -0.181405	 -0.470735
  0.106945	  0.077212	 -0.022737	 -0.061125	 -0.155117	 -0.212478	 -0.463988
  0.080401	  0.066189	 -0.054729	 -0.115512	 -0.201395	 -0.234714	 -0.454517
  0.058260	  0.032930	 -0.034868	 -0.152160	 -0.210169	 -0.228632	 -0.429335
  0.065134	  0.033278	 -0.072815	 -0.156690	 -0.205734	 -0.227777	 -0.381537
  0.059559	 -0.014045	 -0.105472	 -0.147757	 -0.218595	 -0.191857	 -0.273683
  0.053446	 -0.046354	 -0.130686	 -0.129291	 -0.237125	 -0.169336	 -0.113722
  0.049170	 -0.043503	 -0.127772	 -0.128119	 -0.199969	 -0.128032	 -0.003049
  0.057278	 -0.054969	 -0.163755	 -0.125965	 -0.154262	 -0.057807	  0.143260
  0.056550	 -0.055539	 -0.166384	 -0.099959	 -0.082232	  0.032245	  0.283074
  0.092786	 -0.058264	 -0.155519	 -0.102113	 -0.027466	  0.075767	  0.420482
  0.108022	 -0.058327	 -0.136641	 -0.076171	  0.008771	  0.155938	  0.482185
  0.106185	 -0.052150	 -0.081811	 -0.051876	  0.026826	  0.186061	  0.496819
  0.081510	 -0.063237	 -0.072182	 -0.038541	  0.064741	  0.227207	  0.522318
  0.057310	 -0.059341	 -0.009718	 -0.003698	  0.096828	  0.232243	  0.491593
  0.009702	 -0.061368	 -0.004143	  0.003017	  0.118653	  0.272439	  0.485226
 -0.015385	 -0.032068	 -0.021153	  0.050562	  0.141364	  0.311273	  0.425518
  0.003842	 -0.014267	 -0.038796	  0.081572	  0.138830	  0.301422	  0.352665
  0.001498	 -0.014583	 -0.048425	  0.067255	  0.142852	  0.276050	  0.229987
  0.050373	 -0.046797	 -0.055172	  0.053634	  0.142282	  0.261670	  0.109969
  0.068175	 -0.014045	 -0.031637	  0.062408	  0.144024	  0.237470	  0.006961
  0.068460	 -0.020475	  0.021672	  0.074223	  0.128409	  0.206491	 -0.015782
  0.066876	 -0.009832	  0.015337	  0.084518	  0.086249	  0.162811	 -0.056453
  0.044355	 -0.028077	 -0.023180	  0.087368	  0.040098	  0.104180	 -0.116161
  0.043120	 -0.058169	 -0.019981	  0.075363	  0.002974	  0.077826	 -0.133963
  0.063962	 -0.071155	 -0.002654	  0.057023	 -0.023031	  0.102185	 -0.138999
  0.085184	 -0.041381	 -0.004523	  0.030796	 -0.027371	  0.023566	 -0.096903
  0.073243	  0.029540	 -0.021438	  0.026679	 -0.024932	  0.034589	 -0.087210
  0.045717	  0.019563	 -0.034551	  0.010809	  0.000789	  0.061513	 -0.056548
  0.019585	  0.009838	 -0.033633	  0.030416	  0.013205	  0.086062	 -0.004696
  0.000675	  0.034798	 -0.046335	  0.046254	  0.018083	  0.089546	 -0.027534
  0.015815	 -0.000298	 -0.034551	  0.047996	  0.002024	  0.082799	 -0.009384
  0.047808	 -0.022914	 -0.047190	  0.003461	  0.012065	  0.075007	  0.011395
  0.038590	 -0.064979	 -0.039493	  0.015782	  0.018780	  0.043015	  0.003160
  0.055378	 -0.078631	 -0.017542	  0.040869	  0.022803	  0.037979	 -0.008085
  0.048314	 -0.059721	 -0.008293	  0.041661	  0.000314	  0.023313	 -0.005456
  0.034409	 -0.018258	 -0.021628	  0.020850	 -0.017044	 -0.042160	 -0.023004
  0.030259	 -0.014678	 -0.051244	 -0.002875	 -0.059046	 -0.084130	 -0.026584
  0.029309	 -0.042489	 -0.074431	 -0.002336	 -0.073838	 -0.103071	 -0.062472
  0.024906	 -0.074640	 -0.096002	 -0.062931	 -0.109536	 -0.127303	 -0.088129
 -0.015195	 -0.047177	 -0.116527	 -0.109525	 -0.172729	 -0.167214	 -0.107672
  0.008594	 -0.033652	 -0.091345	 -0.114530	 -0.173837	 -0.187993	 -0.096079
  0.036468	 -0.041824	 -0.108323	 -0.172116	 -0.144474	 -0.189830	 -0.082776
  0.019902	 -0.034159	 -0.099296	 -0.168663	 -0.133198	 -0.154956	 -0.062630
  0.049771	 -0.051327	 -0.113708	 -0.184374	 -0.142447	 -0.146688	 -0.059526
  0.068143	 -0.046417	 -0.105536	 -0.178514	 -0.139596	 -0.131167	 -0.035009
  0.058355	 -0.042014	 -0.110224	 -0.190139	 -0.116062	 -0.138991	  0.018174
  0.058260	 -0.040114	 -0.095463	 -0.171989	 -0.117550	 -0.122140	  0.058718
  0.056392	 -0.077015	 -0.117097	 -0.206357	 -0.140040	 -0.086980	  0.050039
  0.053192	 -0.086360	 -0.155329	 -0.170247	 -0.121415	 -0.056477	  0.114308
  0.046699	 -0.093360	 -0.140474	 -0.134074	 -0.114224	 -0.026354	  0.141581
  0.021517	 -0.079708	 -0.125840	 -0.101765	 -0.085527	  0.009946	  0.129386
  0.023766	 -0.095134	 -0.097997	 -0.099263	 -0.049258	  0.013335	  0.142911
  0.042644	 -0.078567	 -0.048267	 -0.054980	 -0.034561	  0.037979	  0.168283
  0.046477	 -0.054494	 -0.023370	 -0.009020	 -0.032819	  0.050174	  0.164957
  0.039540	 -0.069762	  0.007703	 -0.023907	  0.002784	  0.068514	  0.197456
  0.026300	 -0.063838	  0.002255	  0.004918	 -0.000953	  0.081881	  0.254883
  0.039002	 -0.052499	  0.030858	  0.014674	 -0.013877	  0.079632	  0.294731
  0.031843	 -0.065074	  0.022021	  0.026774	  0.000124	  0.076338	  0.254313
  0.025318	 -0.070142	 -0.000722	  0.035769	  0.005540	  0.098732	  0.226534
 -0.026439	 -0.041127	 -0.033063	  0.040806	  0.009246	  0.107728	  0.251652
 -0.028783	 -0.052974	 -0.034773	  0.030701	  0.004907	  0.098035	  0.249403
 -0.010127	 -0.047779	 -0.029832	  0.028611	 -0.000383	  0.075767	  0.263594
  0.017114	 -0.052277	 -0.052765	  0.004601	 -0.025597	  0.052074	  0.246679
 -0.001764	 -0.039195	 -0.030814	 -0.016558	 -0.042670	  0.022743	  0.234706
  0.026838	 -0.050883	 -0.028977	 -0.026536	 -0.045774	  0.060943	  0.209334
  0.009829	 -0.068716	 -0.021216	 -0.044179	 -0.085336	  0.091700	  0.154568
  0.001277	 -0.034412	 -0.056059	 -0.038858	 -0.091038	  0.083116	  0.137875
  0.012965	 -0.027855	 -0.029547	 -0.016020	 -0.120844	  0.067152	  0.107815
  0.013598	 -0.003750	 -0.030275	 -0.004395	 -0.118215	  0.074342	  0.070375
 -0.012882	 -0.001026	 -0.083015	 -0.004363	 -0.123315	  0.051029	  0.063248
 -0.024951	 -0.037485	 -0.107468	 -0.009400	 -0.099147	 -0.000317	 -0.005709
 -0.041327	 -0.080278	 -0.095020	 -0.001037	 -0.099907	 -0.054545	 -0.061965
 -0.039870	 -0.069603	 -0.119378	 -0.006042	 -0.106686	 -0.041906	 -0.110301
 -0.025774	 -0.060956	 -0.127487	 -0.017192	 -0.111500	 -0.026100	 -0.144257
 -0.021245	 -0.043471	 -0.137496	 -0.009653	 -0.078906	 -0.028983	 -0.118790
 -0.017634	 -0.027412	 -0.110224	 -0.076773	 -0.109093	 -0.069907	 -0.159240
 -0.031951	 -0.021362	 -0.115482	 -0.100593	 -0.133356	 -0.087677	 -0.188761
 -0.031476	 -0.018606	 -0.112473	 -0.125585	 -0.152551	 -0.115868	 -0.238396
 -0.015385	 -0.036218	 -0.109432	 -0.127929	 -0.166172	 -0.103420	 -0.254487
 -0.049816	 -0.036313	 -0.114278	 -0.125680	 -0.147103	 -0.080265	 -0.265605
 -0.044463	 -0.037896	 -0.095273	 -0.121942	 -0.123632	 -0.118339	 -0.232821
 -0.004362	 -0.073373	 -0.128057	 -0.115259	 -0.127180	 -0.140670	 -0.208938
 -0.004457	 -0.100423	 -0.160904	 -0.094194	 -0.135478	 -0.116787	 -0.216255
  0.007073	 -0.119619	 -0.182158	 -0.095398	 -0.132343	 -0.085270	 -0.223477
  0.001181	 -0.124465	 -0.168728	 -0.085769	 -0.124804	 -0.044029	 -0.189300
 -0.044748	 -0.088165	 -0.122831	 -0.077407	 -0.122016	 -0.038486	 -0.171023
 -0.010792	 -0.097636	 -0.095368	 -0.069551	 -0.089201	 -0.008679	 -0.167507
  0.016607	 -0.059024	 -0.065973	 -0.068284	 -0.086255	  0.045517	 -0.193227
 -0.003538	 -0.035299	 -0.046620	 -0.054695	 -0.113021	  0.043965	 -0.214006
 -0.001131	 -0.027443	 -0.083648	 -0.050546	 -0.093635	 -0.015172	 -0.218663
  0.013313	 -0.049426	 -0.101196	 -0.056913	 -0.102536	 -0.074120	 -0.208780
  0.001245	 -0.073119	 -0.082413	 -0.055075	 -0.106432	 -0.116692	 -0.251890
 -0.017729	 -0.072011	 -0.080987	 -0.042152	 -0.100446	 -0.121728	 -0.305611
 -0.016968	 -0.069857	 -0.045891	 -0.056628	 -0.121256	 -0.173929	 -0.322209
 -0.012059	 -0.051200	 -0.061000	 -0.066605	 -0.157398	 -0.209754	 -0.322083
  0.008277	 -0.080595	 -0.079784	 -0.107403	 -0.187933	 -0.234049	 -0.325155
 -0.025648	 -0.107804	 -0.100183	 -0.109874	 -0.205228	 -0.231673	 -0.352776
 -0.019376	 -0.083160	 -0.129387	 -0.145825	 -0.235858	 -0.223786	 -0.349165
 -0.000466	 -0.103052	 -0.147569	 -0.188143	 -0.264460	 -0.219510	 -0.355532
 -0.001733	 -0.109989	 -0.146080	 -0.196284	 -0.249890	 -0.184952	 -0.350179
 -0.017665	 -0.123578	 -0.147221	 -0.180636	 -0.274501	 -0.167056	 -0.373935
 -0.047060	 -0.144579	 -0.147727	 -0.182220	 -0.293950	 -0.168006	 -0.412135
 -0.054282	 -0.165485	 -0.139650	 -0.187257	 -0.258347	 -0.209025	 -0.464083
 -0.071703	 -0.162444	 -0.165941	 -0.160396	 -0.213336	 -0.209817	 -0.452933
 -0.088935	 -0.140873	 -0.192643	 -0.122227	 -0.190182	 -0.213872	 -0.422937
 -0.070626	 -0.115501	 -0.168538	 -0.133504	 -0.161262	 -0.218338	 -0.378528
 -0.072527	 -0.103338	 -0.140822	 -0.139712	 -0.193476	 -0.211464	 -0.373618
 -0.046743	 -0.085093	 -0.162298	 -0.096602	 -0.178177	 -0.252167	 -0.392813
 -0.061282	 -0.088545	 -0.156723	 -0.109019	 -0.165507	 -0.231483	 -0.345427
 -0.063531	 -0.101152	 -0.171642	 -0.117888	 -0.190594	 -0.215646	 -0.335481
 -0.035055	 -0.121614	 -0.124984	 -0.120802	 -0.156828	 -0.209215	 -0.306403
 -0.070658	 -0.121868	 -0.134899	 -0.103887	 -0.144379	 -0.211813	 -0.263166
 -0.063404	 -0.082020	 -0.155456	 -0.111458	 -0.121003	 -0.190970	 -0.235229
 -0.077088	 -0.099346	 -0.154728	 -0.119851	 -0.102283	 -0.140638	 -0.188888
 -0.090487	 -0.110781	 -0.110445	 -0.110190	 -0.125247	 -0.131294	 -0.166113
 -0.084374	 -0.113790	 -0.110921	 -0.078072	 -0.166299	 -0.114981	 -0.100672
 -0.054820	 -0.067449	 -0.103287	 -0.099199	 -0.139501	 -0.091890	 -0.080273
 -0.044146	 -0.075907	 -0.084979	 -0.089918	 -0.112070	 -0.047798	 -0.028167
 -0.082663	 -0.065295	 -0.092327	 -0.084312	 -0.082137	 -0.049445	 -0.033932
 -0.096252	 -0.090699	 -0.093658	 -0.084629	 -0.066236	 -0.045834	 -0.040806
 -0.084279	 -0.094500	 -0.094196	 -0.096697	 -0.077164	 -0.088754	 -0.045050
 -0.064735	 -0.079866	 -0.099359	 -0.104267	 -0.074599	 -0.060183	 -0.042548
 -0.090170	 -0.075685	 -0.117541	 -0.118838	 -0.053915	 -0.046848	 -0.046507
 -0.092102	 -0.098016	 -0.129419	 -0.121214	 -0.051602	 -0.074500	 -0.085531
 -0.081744	 -0.094247	 -0.136736	 -0.090964	 -0.046122	 -0.041336	 -0.142103
 -0.094668	 -0.077110	 -0.137560	 -0.072212	 -0.068073	 -0.050649	 -0.188223
 -0.116904	 -0.065074	 -0.105092	 -0.065813	 -0.061675	 -0.065885	 -0.214228
 -0.134611	 -0.084491	 -0.094228	 -0.031477	 -0.047675	 -0.104307	 -0.235957
 -0.107782	 -0.091206	 -0.107626	 -0.006771	 -0.079033	 -0.119543	 -0.237034
 -0.079084	 -0.107329	 -0.135501	 -0.011364	 -0.075200	 -0.143521	 -0.268741
 -0.085831	 -0.099980	 -0.150166	 -0.036165	 -0.076911	 -0.201487	 -0.269628
 -0.068092	 -0.097256	 -0.119600	 -0.022101	 -0.073395	 -0.186631	 -0.249293
 -0.049436	 -0.110338	 -0.101101	 -0.029545	 -0.068929	 -0.177952	 -0.239188
 -0.094921	 -0.068970	 -0.120708	 -0.042215	 -0.063829	 -0.177097	 -0.217396
 -0.112881	 -0.072517	 -0.139017	 -0.078135	 -0.086730	 -0.158282	 -0.153411
 -0.104962	 -0.068020	 -0.136894	 -0.069614	 -0.099147	 -0.133701	 -0.102921
 -0.105184	 -0.091079	 -0.142152	 -0.055266	 -0.108808	 -0.124484	 -0.079513
 -0.092197	 -0.101627	 -0.176172	 -0.076710	 -0.096454	 -0.108741	 -0.031905
 -0.070310	 -0.102387	 -0.192390	 -0.094416	 -0.097120	 -0.085302	  0.024129
 -0.063309	 -0.074608	 -0.156881	 -0.109145	 -0.108111	 -0.064079	  0.011902
 -0.105533	 -0.082052	 -0.150008	 -0.132458	 -0.082581	 -0.101266	  0.032301
 -0.133882	 -0.073183	 -0.157578	 -0.146332	 -0.102631	 -0.110547	  0.053967
 -0.154503	 -0.063047	 -0.149533	 -0.110919	 -0.108364	 -0.105447	  0.046998
 -0.119438	 -0.104510	 -0.128437	 -0.084312	 -0.109536	 -0.095596	  0.067556
 -0.073667	 -0.115881	 -0.128532	 -0.103982	 -0.086698	 -0.079283	  0.070755
 -0.060269	 -0.123546	 -0.145890	 -0.078990	 -0.063449	 -0.057301	  0.063469
 -0.070310	 -0.157471	 -0.128976	 -0.079592	 -0.057874	 -0.027304	  0.099104
 -0.091627	 -0.175272	 -0.134075	 -0.088271	 -0.035131	  0.000412	  0.110476
 -0.074079	 -0.162919	 -0.124288	 -0.097932	 -0.010678	  0.007064	  0.111774
 -0.063595	 -0.155919	 -0.122862	 -0.049532	 -0.007542	 -0.015521	  0.126630
 -0.072052	 -0.125352	 -0.158402	 -0.057705	  0.008866	 -0.014032	  0.134295
 -0.110506	 -0.167448	 -0.199295	 -0.056406	 -0.001777	 -0.011403	  0.166699
 -0.152444	 -0.159118	 -0.183964	 -0.072845	  0.004431	 -0.021286	  0.217887
 -0.161186	 -0.168209	 -0.180828	 -0.109335	 -0.029303	 -0.018562	  0.222765
 -0.156593	 -0.169381	 -0.203159	 -0.105471	 -0.024773	 -0.032024	  0.204013
 -0.132330	 -0.152783	 -0.209209	 -0.093086	 -0.024868	 -0.012163	  0.233629
 -0.119438	 -0.177141	 -0.219884	 -0.066922	 -0.029208	 -0.013367	  0.226281
 -0.088175	 -0.189653	 -0.189349	 -0.057609	 -0.062625	 -0.004244	  0.220389
 -0.078165	 -0.182272	 -0.149818	 -0.024224	 -0.045489	  0.000792	  0.218552
 -0.074301	 -0.148823	 -0.147664	 -0.031604	 -0.035923	  0.007064	  0.197234
 -0.088206	 -0.132922	 -0.156628	 -0.037907	 -0.025660	  0.006588	  0.159224
 -0.068599	 -0.113600	 -0.179213	 -0.025427	 -0.020687	  0.034653	  0.168251
 -0.026249	 -0.121012	 -0.152605	 -0.020866	 -0.017140	  0.050047	  0.163944
 -0.046838	 -0.128393	 -0.147506	 -0.010540	  0.000187	  0.064269	  0.139965
 -0.064323	 -0.126049	 -0.149945	 -0.015640	 -0.018977	  0.079062	  0.148771
 -0.059296	 -0.016148	 -0.022268	  0.034591	 -0.024403	 -0.040228	  0.034651
 -0.068102	  0.000925	 -0.022616	  0.040198	 -0.019810	 -0.068894	  0.019130
 -0.054196	 -0.007089	 -0.001679	  0.015998	 -0.014710	 -0.027241	  0.025022
 -0.032657	 -0.000944	  0.015489	 -0.002913	 -0.017909	 -0.005480	  0.051693
 -0.024327	 -0.007089	  0.006303	 -0.015868	  0.018581	  0.007254	  0.044724
 -0.026924	 -0.025651	 -0.029743	 -0.017356	  0.003567	 -0.014254	  0.019479
  0.004941	  0.007798	 -0.047988	 -0.000125	  0.012848	 -0.050744	  0.020746
  0.032309	  0.037257	 -0.060310	  0.008015	 -0.039607	 -0.033069	  0.017198
  0.029268	  0.049483	 -0.036902	 -0.019891	 -0.041697	 -0.026924	  0.038484
  0.006652	  0.034596	 -0.006145	 -0.045801	  0.004042	 -0.055812	  0.014094
  0.040481	  0.007070	  0.015838	 -0.039688	 -0.019145	 -0.015743	 -0.026514
  0.048717	  0.001590	  0.014000	 -0.022963	 -0.017466	  0.012385	  0.002501
  0.033608	  0.000165	  0.050649	 -0.014727	 -0.011099	 -0.009471	 -0.003708
  0.026291	 -0.009655	  0.023852	 -0.017040	 -0.017497	  0.010580	 -0.075294
  0.002217	 -0.041995	 -0.000634	 -0.014949	  0.018137	  0.048812	  0.020207
 -0.003231	 -0.031067	 -0.022996	 -0.016343	  0.025264	  0.085745	  0.012162
  0.011625	 -0.000374	  0.007159	  0.006273	  0.042179	  0.038961	 -0.143079
 -0.012068	 -0.005473	  0.013874	  0.007857	  0.031251	  0.082419	 -0.007762
  0.019164	 -0.007184	  0.042635	  0.052963	  0.053994	  0.081881	  0.077476
  0.025530	  0.013785	  0.061482	  0.061768	  0.013481	 -0.020177	 -0.141210
  0.008616	  0.025537	  0.048970	  0.036270	  0.025739	  0.011150	 -0.080837
  0.020526	  0.013405	  0.052264	  0.017708	  0.059980	  0.059486	  0.074277
  0.019449	 -0.002591	 -0.001172	  0.025405	  0.054184	 -0.012765	 -0.109598
  0.004466	 -0.005347	  0.032531	  0.037410	  0.058682	  0.030155	 -0.060216
  0.037345	  0.016668	  0.084351	  0.043555	  0.091307	  0.086315	  0.125084
  0.038200	  0.009065	  0.085175	  0.022143	  0.027513	  0.011942	 -0.078810
  0.044599	  0.037415	  0.056382	  0.026957	 -0.019873	 -0.006398	 -0.109598
  0.030440	  0.030478	  0.019765	  0.014097	  0.026310	  0.032594	  0.083748
  0.049350	  0.004378	  0.014602	 -0.003419	  0.012974	  0.015109	 -0.100254
  0.050554	 -0.026791	  0.006018	 -0.045167	 -0.016769	 -0.024453	 -0.161831
  0.021191	 -0.023022	  0.012322	 -0.026131	 -0.016104	  0.046151	  0.086314
 -0.005702	 -0.010003	  0.029015	 -0.013049	 -0.032417	  0.037694	 -0.000667
 -0.017421	  0.001147	  0.012322	 -0.058059	 -0.044516	 -0.028666	 -0.174343
 -0.026259	 -0.014691	  0.008457	 -0.042285	 -0.037991	  0.043870	  0.053815
 -0.007190	  0.006563	  0.024327	 -0.037850	 -0.029661	  0.022680	  0.016343
  0.014507	 -0.013234	  0.033512	 -0.041398	 -0.057250	 -0.009439	 -0.131581
  0.019924	 -0.028058	  0.008774	 -0.053245	 -0.078377	  0.072663	  0.091318
  0.040386	 -0.024985	  0.056002	 -0.067023	 -0.036883	  0.063477	  0.103038
 -0.003769	 -0.032461	  0.044504	 -0.104907	 -0.032892	  0.001805	 -0.125404
 -0.035920	 -0.007279	  0.029110	 -0.084888	 -0.033272	  0.070953	  0.012193
 -0.007032	 -0.031416	  0.021064	 -0.060593	 -0.033177	  0.110705	  0.077698
 -0.012733	 -0.023940	  0.048337	 -0.036077	 -0.051897	  0.027431	 -0.147640
 -0.019765	 -0.025714	  0.086949	 -0.019415	 -0.029376	  0.006493	  0.011972
 -0.017643	 -0.016592	  0.108393	 -0.036615	 -0.014773	  0.018498	  0.119953
  0.005702	 -0.025366	  0.114316	 -0.029963	 -0.000551	 -0.028951	 -0.113177
  0.007539	 -0.014026	  0.087075	 -0.029551	 -0.032385	 -0.002091	 -0.034053
  0.022870	 -0.023623	  0.058093	 -0.010198	 -0.005809	  0.089388	  0.154479
  0.017105	 -0.026379	  0.042096	 -0.014664	 -0.032892	  0.024612	 -0.100127
  0.043522	 -0.005030	  0.012829	 -0.026986	 -0.074925	 -0.022173	 -0.085905
  0.025277	 -0.001482	  0.001679	 -0.036330	 -0.037833	  0.057016	  0.093599
  0.014982	  0.004599	  0.008806	 -0.063159	 -0.046037	 -0.000697	 -0.088186
  0.013684	 -0.015958	  0.045106	 -0.063254	 -0.050281	 -0.022458	 -0.133513
  0.048717	 -0.058910	  0.022204	 -0.048873	 -0.043059	  0.044504	  0.100599
  0.045644	 -0.018175	  0.009281	 -0.054923	 -0.032131	  0.019575	 -0.060248
  0.008552	 -0.015515	  0.020304	 -0.065598	 -0.006696	 -0.064744	 -0.113209
 -0.030092	 -0.033189	  0.009661	 -0.071300	  0.033500	  0.018467	  0.098414
 -0.049952	 -0.011017	  0.012227	 -0.059801	 -0.009832	 -0.000760	 -0.000097
 -0.047925	 -0.015641	  0.043617	 -0.056127	 -0.041856	 -0.089895	 -0.115141
 -0.026291	  0.025727	  0.043173	 -0.031009	 -0.013665	 -0.027209	  0.124831
 -0.029648	  0.053189	  0.027938	 -0.003419	 -0.011891	 -0.022046	  0.084413
 -0.040956	  0.054203	 -0.015964	  0.015808	 -0.037706	 -0.105447	 -0.086919
 -0.019860	  0.050687	 -0.021793	  0.013210	 -0.057187	 -0.045486	  0.075259
 -0.007475	  0.031555	 -0.015394	 -0.012574	 -0.053797	 -0.013145	  0.051724
  0.027114	  0.008147	  0.001109	 -0.025782	 -0.033937	 -0.056414	 -0.151536
  0.027843	  0.029369	  0.009186	 -0.007062	 -0.014552	 -0.049287	  0.022425
  0.027209	  0.021451	  0.005828	 -0.013841	 -0.014140	  0.003959	  0.102278
  0.024960	  0.048026	 -0.001235	 -0.060657	 -0.086803	 -0.041463	 -0.131327
  0.034399	  0.064814	 -0.020272	 -0.043267	 -0.082464	 -0.055907	 -0.015396
  0.041400	  0.058447	 -0.041970	 -0.022583	 -0.044231	 -0.006303	  0.071395
  0.057997	  0.033677	  0.013399	 -0.033511	 -0.059911	 -0.062717	 -0.156098
  0.008996	  0.036211	  0.034368	  0.000508	 -0.063173	 -0.041590	 -0.069466
  0.000475	  0.035198	  0.015774	  0.033736	 -0.048666	  0.045581	  0.108613
 -0.018087	  0.023414	  0.014159	  0.036618	 -0.048508	 -0.004815	 -0.077923
 -0.029806	  0.049325	  0.039467	  0.051189	 -0.016040	 -0.007285	 -0.026070
 -0.035350	  0.013753	  0.072220	  0.048021	  0.003440	  0.050617	  0.175701
 -0.044694	  0.013595	  0.083813	  0.003518	  0.000843	 -0.020526	 -0.018848
 -0.017738	  0.016794	  0.079853	  0.010961	 -0.000868	 -0.037282	 -0.088756
 -0.018657	  0.030731	  0.067342	 -0.025339	  0.004390	  0.007507	  0.089735
  0.004530	  0.023573	  0.053215	 -0.012383	 -0.033398	 -0.040228	 -0.018183
  0.012829	 -0.001894	  0.033227	 -0.015868	 -0.042806	 -0.088247	 -0.103960
  0.010833	 -0.014564	  0.019575	 -0.035095	 -0.045467	 -0.013620	  0.114093
 -0.013747	 -0.007817	  0.039753	 -0.034525	 -0.056141	 -0.017263	  0.034683
 -0.038232	 -0.005569	  0.066106	 -0.025814	 -0.061209	 -0.078428	 -0.111182
 -0.013874	  0.009414	  0.076591	 -0.015203	 -0.054558	 -0.016313	  0.088689
 -0.015489	 -0.011904	  0.077763	 -0.007252	 -0.053354	  0.000443	  0.045009
 -0.046594	 -0.005695	  0.073518	 -0.037375	 -0.083984	 -0.095216	 -0.159202
 -0.017485	 -0.005157	  0.082292	 -0.017958	 -0.065264	  0.006810	  0.030280
 -0.041938	 -0.016401	  0.099967	  0.013875	 -0.074355	  0.001679	  0.051978
 -0.040449	  0.002509	  0.079220	 -0.016216	 -0.067164	 -0.066613	 -0.174881
 -0.022648	  0.011758	  0.050015	 -0.020081	 -0.034824	 -0.035571	 -0.001617
 -0.037377	  0.011504	  0.036997	 -0.003578	 -0.026272	 -0.009313	  0.079789
 -0.018910	  0.021324	 -0.014982	 -0.011687	 -0.069033	 -0.067310	 -0.154989
 -0.028476	  0.042388	  0.038866	 -0.045421	 -0.055223	 -0.040829	 -0.057746
 -0.030028	  0.013532	  0.071808	 -0.051091	 -0.028964	  0.036300	  0.094327
 -0.017580	 -0.001926	  0.064269	 -0.058978	 -0.056110	 -0.043015	 -0.089389
  0.011847	  0.010269	  0.041115	 -0.067752	 -0.045023	 -0.045803	  0.002342
 -0.008774	  0.004092	  0.056097	 -0.017578	 -0.014362	  0.026005	  0.187991
 -0.021856	  0.039917	  0.054988	 -0.019669	 -0.025796	 -0.050744	 -0.044854
  0.021951	  0.049198	  0.033132	 -0.027461	 -0.074513	 -0.068862	 -0.066551
  0.016915	  0.028831	 -0.016693	 -0.007727	 -0.072771	 -0.028033	  0.135252
  0.013240	  0.027215	 -0.027653	  0.000445	 -0.085061	 -0.074089	 -0.084986
 -0.019480	  0.021007	 -0.002186	  0.011310	 -0.091618	 -0.099334	 -0.159138
 -0.003991	  0.012898	  0.037250	  0.043492	 -0.067038	 -0.070224	  0.083685
 -0.011783	  0.013183	 -0.001014	  0.014287	 -0.071662	 -0.101456	 -0.048687
  0.006683	  0.043021	  0.020937	  0.010106	 -0.062540	 -0.121443	 -0.157903
 -0.040639	  0.017713	  0.030028	 -0.002247	 -0.041001	 -0.053024	  0.043805
 -0.043744	  0.011631	  0.071776	 -0.000790	 -0.061431	 -0.073455	 -0.032437
  0.009598	  0.031143	  0.091193	 -0.031357	 -0.048666	 -0.112162	 -0.139278
  0.021381	  0.033677	  0.089926	  0.009663	 -0.035394	 -0.044440	  0.109848
  0.028444	  0.035894	  0.073202	  0.011246	 -0.036693	 -0.037694	  0.077286
  0.002154	  0.025822	  0.057744	  0.020432	 -0.048666	 -0.117705	 -0.079887
  0.014127	  0.030731	  0.042001	  0.003137	 -0.036281	 -0.030472	  0.118401
  0.019100	  0.046284	  0.042065	  0.013305	 -0.029692	 -0.022109	  0.121220
  0.034336	  0.078815	  0.046848	  0.012450	 -0.064884	 -0.095501	 -0.074122
  0.022680	  0.077896	  0.043047	  0.004848	 -0.022439	 -0.056889	  0.123881
  0.007570	  0.050940	  0.059486	 -0.010641	 -0.003719	 -0.038390	  0.179217
  0.048495	  0.057877	  0.010168	 -0.010736	 -0.030168	 -0.095501	 -0.075579
  0.051029	  0.077833	 -0.014824	  0.015522	 -0.033303	 -0.045771	  0.036203
  0.029648	  0.054234	  0.010136	  0.029935	 -0.030864	 -0.007159	  0.125306
  0.006240	  0.035704	  0.020050	  0.040324	 -0.058232	 -0.044092	 -0.069371
  0.002946	  0.019202	  0.016091	  0.032659	 -0.051200	 -0.022521	  0.000695
  0.000570	  0.013595	 -0.024833	  0.028161	 -0.033652	  0.002281	  0.124482
 -0.004213	  0.021197	 -0.013177	  0.013337	 -0.045340	 -0.044884	 -0.029776
 -0.002882	 -0.018745	 -0.003706	  0.049098	 -0.077237	 -0.084288	 -0.067312
 -0.003389	 -0.003953	  0.001425	  0.035731	 -0.057282	 -0.044472	  0.080802
  0.002091	  0.018821	 -0.002281	  0.025627	 -0.047209	 -0.035033	  0.021348
  0.035286	  0.030098	  0.005321	  0.049130	 -0.068051	 -0.042223	 -0.064746
  0.023535	  0.003142	 -0.007000	  0.029143	 -0.076350	 -0.043965	 -0.000540
  0.002724	  0.016002	 -0.014602	  0.011658	 -0.047874	 -0.036427	  0.044597
 -0.005702	  0.013658	  0.017548	  0.009092	 -0.058517	 -0.029997	 -0.020084
 -0.009218	  0.003142	  0.024738	  0.014319	 -0.085441	 -0.075166	 -0.040388
  0.023788	  0.016446	  0.030725	  0.030220	 -0.081292	 -0.053405	  0.034429
  0.039816	  0.010523	  0.040101	  0.049415	 -0.072612	 -0.026100	  0.031864
  0.035128	 -0.019759	  0.051409	  0.046438	 -0.079708	 -0.071364	  0.040068
  0.031897	 -0.006424	  0.070573	  0.005450	 -0.052784	 -0.049477	  0.025529
  0.023503	 -0.027424	  0.063667	 -0.009691	 -0.081260	  0.000729	  0.017737
  0.020969	 -0.018524	  0.039436	  0.026007	 -0.098713	 -0.037694	  0.000442
  0.021919	 -0.001419	  0.009122	  0.035921	 -0.071219	 -0.060975	 -0.003011
  0.012987	  0.014545	  0.012924	  0.031835	 -0.057123	 -0.037314	 -0.002441
  0.004530	  0.009731	  0.030630	  0.053565	 -0.074703	 -0.041495	 -0.017613
  0.018625	  0.023066	  0.012163	  0.051537	 -0.072708	 -0.018087	 -0.015079
  0.047956	 -0.021850	 -0.021983	  0.059678	 -0.041697	  0.009218	  0.000062
  0.050712	  0.005423	  0.002756	  0.084543	 -0.068083	  0.008869	  0.008487
  0.013715	  0.022401	  0.012037	  0.086253	 -0.052942	  0.014539	  0.014411
  0.030662	 -0.010763	 -0.017992	  0.030188	 -0.029629	  0.022806	  0.014854
  0.053911	 -0.057896	 -0.030408	 -0.003229	 -0.034665	 -0.003896	  0.035316
  0.070794	 -0.041235	 -0.008806	 -0.022361	 -0.025448	 -0.004625	  0.043013
  0.064333	 -0.007754	  0.009091	  0.000730	 -0.010117	 -0.047735	  0.021633
  0.086917	  0.006975	  0.032721	 -0.007759	 -0.032702	 -0.061957	  0.031769
  0.061387	  0.008274	  0.067183	 -0.048430	 -0.069635	 -0.039214	  0.041715
  0.028508	  0.004916	  0.030028	 -0.011845	 -0.052847	 -0.013399	  0.030375
  0.015774	 -0.036199	  0.021476	 -0.001899	 -0.041729	 -0.012733	  0.001107
  0.034779	 -0.047507	  0.028159	  0.000413	 -0.108469	  0.000443	 -0.010708
  0.025594	 -0.079277	  0.043395	  0.014160	 -0.119144	  0.012575	  0.001836
  0.043712	 -0.060335	  0.035445	  0.028858	 -0.114741	  0.015964	  0.014157
  0.042635	 -0.068887	  0.014032	  0.032817	 -0.121361	  0.017390	  0.064458
  0.077256	 -0.050547	  0.009661	  0.040609	 -0.124338	  0.043585	  0.062114
  0.076844	 -0.022356	  0.033006	  0.029840	 -0.103813	  0.035350	  0.059073
  0.040956	 -0.043896	  0.006430	  0.011341	 -0.083350	  0.031580	  0.047226
  0.033481	 -0.019632	 -0.000950	  0.022744	 -0.055635	  0.035825	  0.032814
  0.063351	 -0.029008	 -0.000729	  0.033482	 -0.081482	 -0.009091	  0.051186
  0.054925	  0.015559	  0.025974	  0.022618	 -0.084174	  0.017231	  0.086884
  0.042287	  0.032442	  0.018308	  0.009219	 -0.083572	  0.000032	  0.098255
  0.034146	  0.034754	  0.038042	 -0.032276	 -0.071599	  0.010453	  0.083495
  0.055463	 -0.015831	  0.005512	 -0.029456	 -0.054811	  0.032150	  0.032054
  0.058979	  0.004473	  0.021856	  0.014604	 -0.063363	  0.021444	  0.016628
  0.021222	  0.032062	  0.025087	  0.029523	 -0.066753	  0.053246	 -0.005608
  0.026322	  0.039030	  0.012797	  0.012355	 -0.039702	  0.055273	  0.009311
  0.051346	  0.027374	  0.023408	  0.014287	 -0.005081	  0.047513	  0.053403
  0.064618	  0.023573	  0.002281	 -0.019447	 -0.008977	  0.027811	  0.026257
  0.071871	  0.026360	  0.001330	 -0.034461	 -0.018511	  0.036078	  0.048082
  0.057459	  0.002129	  0.036775	  0.007825	 -0.020443	 -0.007475	  0.022551
  0.013145	 -0.027044	  0.056129	  0.023568	 -0.032512	  0.008077	  0.033384
  0.010611	 -0.014786	  0.071966	  0.003169	 -0.059087	  0.030377	  0.024515
  0.000729	 -0.040950	  0.063192	  0.019260	 -0.072644	  0.021032	  0.005668
 -0.004371	 -0.023307	  0.060753	  0.020527	 -0.022470	  0.036712	  0.019479
  0.019607	 -0.009750	  0.069211	  0.006717	 -0.023737	  0.019195	  0.025940
  0.007697	  0.008147	  0.034241	  0.009726	 -0.016230	  0.017200	  0.032877
  0.022743	 -0.016687	  0.045929	  0.001902	 -0.036819	  0.023788	  0.036995
  0.046373	 -0.011428	  0.055970	 -0.011465	 -0.054082	  0.007792	  0.056571
 -0.009534	 -0.015071	  0.055463	 -0.011116	 -0.081925	 -0.008046	  0.043615
 -0.014729	  0.009319	  0.060753	 -0.003324	 -0.055983	 -0.045264	  0.012383
 -0.026037	  0.034659	  0.074690	  0.013464	 -0.040557	 -0.041716	  0.001487
 -0.005765	  0.027184	  0.084731	  0.006337	 -0.062603	 -0.050332	 -0.002631
  0.011561	  0.058542	  0.095374	  0.001110	 -0.063648	 -0.054988	  0.007094
  0.051662	  0.086512	  0.071048	 -0.037249	 -0.048381	 -0.056667	  0.013144
  0.059169	  0.077516	  0.064016	 -0.051598	 -0.071536	 -0.018593	  0.024198
  0.067247	  0.039917	  0.086410	 -0.042697	 -0.118383	  0.009471	  0.051693
  0.085080	  0.004029	  0.079030	 -0.018307	 -0.096084	  0.019734	  0.070634
  0.083084	  0.022084	  0.046309	  0.005006	 -0.049109	  0.020146	  0.086219
  0.082419	  0.024935	  0.036427	  0.017296	 -0.042616	  0.048368	  0.065883
  0.077763	 -0.001134	  0.052328	  0.008237	 -0.018891	  0.074690	  0.075417
  0.068419	 -0.013329	  0.050459	 -0.011813	 -0.022470	  0.055463	  0.072978
  0.075102	 -0.012315	  0.044631	  0.005893	 -0.021710	  0.048748	  0.080327
  0.101678	 -0.011967	  0.039056	  0.012957	 -0.013665	  0.009566	  0.093409
  0.077256	  0.005898	  0.039974	  0.005038	 -0.004859	 -0.000919	  0.093124
  0.079410	  0.007798	  0.026259	  0.020527	 -0.012018	 -0.011752	  0.090748
  0.043205	 -0.018587	  0.038327	  0.036618	  0.002205	  0.037250	  0.090083
  0.057998	 -0.053842	  0.063097	  0.029903	  0.018422	  0.058631	  0.062082
  0.022394	 -0.022705	  0.089863	  0.016631	  0.055292	  0.005892	  0.052231
  0.000158	 -0.058466	  0.109502	  0.034528	  0.030079	  0.000950	  0.047353
  0.030567	 -0.078137	  0.102691	  0.030093	  0.017440	  0.010706	  0.075924
  0.038771	 -0.054602	  0.108995	  0.022048	  0.024504	  0.041210	  0.083336
  0.051441	 -0.008293	  0.057712	  0.028984	  0.038093	  0.046499	  0.081721
  0.038992	  0.038682	  0.024295	  0.037854	  0.024187	  0.039594	  0.050362
  0.025467	  0.035166	  0.002946	  0.029745	  0.046138	  0.059169	  0.026099
  0.033449	  0.024618	  0.000285	  0.034179	  0.029192	  0.060468	  0.024642
  0.044029	  0.016382	  0.003199	  0.049668	  0.036414	  0.045961	  0.009786
  0.038929	  0.003902	 -0.005131	  0.015111	  0.030966	  0.044472	  0.028158
  0.050554	 -0.009971	  0.006683	  0.001744	  0.004327	  0.079252	  0.057331
  0.050966	 -0.042470	  0.042287	 -0.022139	  0.001666	  0.082483	  0.079820
  0.085555	 -0.064168	  0.023693	 -0.033733	  0.025518	  0.071935	  0.066802
  0.051409	 -0.042185	  0.026766	 -0.039466	  0.021178	  0.074880	  0.082133
