:RUN-43	LEVEL SWEEP	TEMP:NaN	7/3/2019	5:28 PM	-636.36HR:
:SW EAR: R	SW FREQ: 16.00	# AVERAGES: 512	REP RATE (/sec): 33	DRIVER: RS Tweeter	SAMPLE (µsec): 40	
:NOTES-
:CHAMBER-SEWELL-PXI1
:CFTS Version: V2.7.2 (R850)
:LEVELS:20;25;30;35;40;45;50;55;60;65;70;80;
:DATA
 -0.047991	 -0.031496	 -0.037044	 -0.052429	 -0.000909	  0.005130	 -0.043476	  0.034718	 -0.023833	  0.046558	  0.024748	  0.045074
 -0.060155	 -0.047904	 -0.047529	 -0.024460	 -0.027041	  0.044661	  0.020952	  0.044632	 -0.026272	  0.076174	  0.081890	  0.013969
 -0.013085	 -0.059434	 -0.043094	 -0.023953	 -0.026534	  0.039878	  0.029187	  0.048211	 -0.036788	  0.050612	  0.036214	  0.010548
 -0.030728	 -0.070267	 -0.017279	 -0.007165	 -0.020231	  0.005478	  0.028300	  0.047831	 -0.029376	  0.051784	  0.020947	 -0.020050
 -0.017140	 -0.040239	 -0.006699	 -0.023446	  0.007295	 -0.044094	  0.018513	  0.042542	 -0.001438	  0.055554	 -0.002936	 -0.014032
  0.029518	 -0.032193	 -0.017184	 -0.033994	  0.036594	 -0.074660	  0.030834	  0.034464	  0.031346	  0.044816	 -0.000782	  0.022775
 -0.003678	 -0.017813	 -0.028967	 -0.022971	  0.057120	 -0.062149	  0.084429	  0.012007	  0.034703	  0.046685	 -0.015923	  0.013399
 -0.017013	  0.008605	 -0.015505	 -0.017523	  0.049106	 -0.045139	  0.060134	  0.003803	  0.031536	  0.042155	  0.016006	  0.043554
  0.007219	  0.011645	 -0.005179	 -0.010554	  0.034757	 -0.016726	  0.057980	 -0.002881	  0.019404	  0.031607	  0.012331	  0.078270
 -0.011375	  0.018677	 -0.013003	 -0.043338	  0.017748	 -0.013242	  0.047115	 -0.020682	 -0.010877	 -0.022938	  0.014992	  0.036015
 -0.034054	  0.009492	 -0.000681	 -0.014260	  0.011381	 -0.014351	  0.068085	 -0.031389	 -0.017624	 -0.022874	 -0.026819	 -0.015236
 -0.024108	  0.034673	 -0.011989	  0.033126	  0.012141	 -0.012893	  0.035111	 -0.013524	 -0.035964	 -0.032155	 -0.057798	 -0.059074
 -0.040548	  0.046837	  0.026623	  0.039271	  0.004571	 -0.011626	  0.016992	 -0.022615	 -0.020982	 -0.060853	 -0.091184	 -0.068957
 -0.021479	  0.037176	  0.035049	  0.030529	 -0.016620	 -0.001712	  0.007933	 -0.036457	  0.022065	 -0.054581	 -0.075663	 -0.047355
  0.007631	  0.031284	  0.053927	  0.033950	 -0.038159	  0.030660	 -0.045535	 -0.056000	  0.049654	 -0.057717	 -0.028720	 -0.019734
  0.004051	  0.023175	  0.021492	  0.031511	 -0.031983	  0.044756	 -0.069355	 -0.047955	  0.017821	 -0.055405	 -0.015606	 -0.006050
  0.016310	 -0.001943	 -0.004165	  0.060810	 -0.016303	  0.055937	 -0.079998	 -0.072503	 -0.019240	 -0.034214	  0.032477	 -0.003579
  0.074719	  0.019754	  0.019243	  0.018080	 -0.015258	  0.053466	 -0.093523	 -0.034905	 -0.019335	 -0.028418	  0.021327	 -0.015553
  0.072565	  0.017600	  0.031755	  0.003605	 -0.017412	  0.020334	 -0.084115	  0.044759	 -0.002230	 -0.032060	  0.008403	 -0.023725
  0.109340	  0.042370	  0.060231	  0.023212	 -0.020263	 -0.003708	 -0.089564	  0.025944	  0.037428	 -0.044730	  0.046097	  0.029743
  0.173863	  0.067204	  0.088580	  0.014279	 -0.040567	 -0.007160	 -0.097546	 -0.015044	  0.028273	 -0.002159	  0.075618	  0.011752
  0.135947	  0.060996	  0.095073	  0.017985	 -0.043512	 -0.015174	 -0.091337	 -0.003166	 -0.023516	  0.002117	  0.082587	 -0.021064
  0.107598	  0.038031	  0.062923	  0.018207	 -0.023874	  0.000125	 -0.081328	  0.006242	 -0.000139	 -0.005580	  0.079990	  0.012005
  0.102150	  0.054692	  0.062511	  0.013361	 -0.012629	 -0.016441	 -0.093270	  0.018785	  0.010662	  0.013679	  0.077772	  0.032150
  0.107535	  0.023429	  0.052692	 -0.003015	 -0.013041	 -0.028668	 -0.108695	  0.046089	  0.036002	  0.036295	  0.112869	  0.074025
  0.084158	  0.020990	  0.023234	  0.028723	  0.016037	 -0.015871	 -0.108790	  0.034623	  0.073411	  0.023498	  0.074035	  0.059898
  0.098824	  0.026406	  0.023107	  0.013234	  0.073560	 -0.002631	 -0.097736	 -0.018877	  0.081741	  0.031924	  0.079863	  0.030313
  0.086375	  0.039836	 -0.006889	  0.003795	  0.101402	 -0.003137	 -0.119022	 -0.046941	  0.062166	  0.015453	  0.064279	  0.030187
  0.039338	  0.071068	 -0.024406	 -0.024935	  0.114294	  0.027873	 -0.086523	 -0.017927	  0.046487	  0.033793	  0.048441	  0.018087
  0.013807	  0.097359	 -0.035144	 -0.019803	  0.093198	 -0.009314	 -0.058300	  0.015903	  0.043161	  0.043042	  0.057690	  0.009091
  0.020174	  0.091816	 -0.036759	 -0.015115	  0.070234	 -0.039057	 -0.047087	  0.002757	  0.079429	 -0.015019	  0.111348	  0.054260
 -0.006117	  0.088236	 -0.040053	 -0.016541	  0.052147	 -0.064397	 -0.030552	  0.024867	  0.069705	 -0.055342	  0.082397	  0.060785
 -0.026484	  0.070847	 -0.074421	 -0.028102	  0.029119	 -0.062339	  0.027287	  0.043523	  0.097927	 -0.056292	  0.069980	  0.084288
 -0.032249	  0.046742	 -0.088643	 -0.032980	  0.042011	 -0.053786	  0.033875	  0.040989	  0.101728	 -0.031110	  0.069980	  0.120208
 -0.021796	  0.027071	 -0.062575	 -0.034501	  0.051545	 -0.058886	 -0.003755	  0.037632	  0.107493	 -0.019929	  0.068143	  0.192174
 -0.019357	  0.017062	 -0.049176	 -0.078149	  0.040459	 -0.041401	 -0.009108	  0.051917	  0.101000	 -0.027214	  0.084361	  0.270919
 -0.067440	  0.007274	 -0.042429	 -0.111979	  0.006186	 -0.031550	  0.023137	  0.059329	  0.122286	 -0.029241	  0.103049	  0.388181
 -0.127591	  0.022447	 -0.037488	 -0.116381	 -0.011045	 -0.052456	  0.052247	  0.043935	  0.113068	 -0.017901	  0.116923	  0.478012
 -0.130696	  0.050416	  0.012116	 -0.106467	 -0.000846	 -0.047768	  0.054021	  0.046501	  0.100937	 -0.057179	  0.161585	  0.481053
 -0.141528	  0.065367	  0.026116	 -0.119201	  0.010716	 -0.008015	  0.024373	  0.031233	  0.101855	 -0.032250	  0.178690	  0.414662
 -0.123347	  0.029067	  0.015663	 -0.127404	  0.021295	  0.005447	 -0.011167	  0.024360	  0.119752	 -0.004693	  0.238873	  0.265661
 -0.098482	  0.039393	  0.020351	 -0.078118	  0.022689	 -0.012703	 -0.014461	  0.025405	  0.104833	  0.003923	  0.261869	  0.114823
 -0.074250	  0.056624	  0.002265	 -0.063547	  0.011571	 -0.044695	  0.018829	 -0.019194	  0.090515	  0.033508	  0.267824	 -0.000348
 -0.073585	  0.047407	 -0.022347	 -0.093290	  0.038147	 -0.033134	 -0.001474	 -0.013904	  0.072650	  0.051499	  0.185278	 -0.103230
 -0.085717	  0.050448	 -0.034827	 -0.088380	  0.060288	  0.001455	 -0.023172	 -0.048588	  0.052283	  0.050011	  0.110145	 -0.250520
 -0.086382	  0.033501	 -0.028080	 -0.052207	  0.065229	  0.006967	 -0.036349	 -0.081436	  0.063908	  0.037309	  0.033364	 -0.336804
 -0.096233	 -0.021772	 -0.031723	 -0.026075	  0.013947	  0.016501	  0.015408	 -0.069906	  0.008761	 -0.016001	 -0.082251	 -0.373104
 -0.062720	 -0.033650	 -0.059629	 -0.001083	  0.036246	  0.043045	  0.011069	 -0.045421	 -0.006823	 -0.055532	 -0.139710	 -0.391855
 -0.072413	 -0.013156	 -0.056905	 -0.013785	  0.050500	  0.025940	  0.022409	 -0.035348	 -0.004637	 -0.077831	 -0.200020	 -0.399837
 -0.091925	 -0.061239	 -0.076797	 -0.012296	  0.044957	 -0.034654	  0.031848	 -0.035158	 -0.029439	 -0.082424	 -0.216681	 -0.327618
 -0.094206	 -0.042868	 -0.089055	 -0.002034	  0.047554	 -0.070954	  0.056175	 -0.040321	 -0.038086	 -0.123855	 -0.233849	 -0.275037
 -0.069784	 -0.026713	 -0.077494	  0.017732	  0.005743	 -0.037569	  0.062668	 -0.037724	 -0.041761	 -0.152426	 -0.235687	 -0.177477
 -0.064652	 -0.048601	 -0.053927	  0.015736	 -0.012946	 -0.018563	  0.040337	 -0.036647	 -0.047779	 -0.176436	 -0.175313	 -0.041400
 -0.058507	 -0.041062	 -0.065774	  0.019221	 -0.010443	  0.007822	  0.027033	 -0.013967	 -0.024213	 -0.188156	 -0.115447	  0.180644
 -0.036461	  0.023175	 -0.048162	  0.020107	 -0.010538	  0.012320	  0.051803	  0.002852	 -0.037770	 -0.155436	 -0.047789	  0.401611
  0.009911	  0.020641	 -0.074960	 -0.031016	 -0.005249	  0.018180	  0.017816	 -0.011370	 -0.023262	 -0.161359	 -0.019154	  0.576966
 -0.010963	  0.028243	 -0.083100	  0.000595	 -0.000719	  0.011148	  0.008852	 -0.045357	 -0.002325	 -0.120498	  0.096461	  0.625999
 -0.017140	  0.025171	 -0.052597	  0.028755	  0.012109	 -0.005988	  0.005716	 -0.020746	 -0.012683	 -0.119674	  0.236719	  0.692264
 -0.023886	  0.052317	 -0.068118	  0.010510	  0.041409	 -0.006527	  0.016612	  0.014034	  0.006766	 -0.053821	  0.377548	  0.638479
 -0.001334	  0.035719	 -0.008536	  0.044212	  0.045749	 -0.022491	  0.006191	 -0.008994	 -0.023959	  0.032209	  0.465795	  0.526919
  0.038989	  0.041167	  0.031596	  0.026443	  0.066116	 -0.008807	 -0.000619	 -0.014347	 -0.008248	  0.102623	  0.540422	  0.389511
  0.017640	  0.041800	  0.006668	  0.047348	  0.063962	 -0.044886	 -0.048861	 -0.035760	  0.000589	  0.154127	  0.497090	  0.239370
 -0.023063	  0.049086	 -0.018292	  0.040506	  0.052147	 -0.077448	 -0.075183	 -0.010388	 -0.007615	  0.213233	  0.447233	  0.104243
 -0.008460	  0.052222	 -0.059755	  0.016497	  0.038273	 -0.105132	 -0.053454	  0.044125	 -0.009705	  0.259353	  0.322686	 -0.042477
  0.009785	  0.031981	 -0.103214	  0.013519	  0.010906	 -0.103263	 -0.034448	  0.076846	  0.010535	  0.269996	  0.260286	 -0.212700
  0.028568	  0.026343	 -0.066882	 -0.020532	  0.033269	 -0.082706	 -0.008791	  0.040261	  0.019309	  0.249565	  0.144354	 -0.312034
  0.022930	  0.033850	 -0.057792	 -0.057339	  0.009797	 -0.062434	  0.027413	  0.031930	  0.046297	  0.197016	  0.040459	 -0.435631
  0.052071	  0.019469	 -0.099951	 -0.059303	 -0.023557	 -0.041686	 -0.022475	  0.052361	  0.049052	  0.167621	 -0.037272	 -0.513235
  0.005793	  0.049434	 -0.105495	 -0.082932	 -0.040820	 -0.054958	 -0.061024	  0.063384	  0.072555	  0.071550	 -0.106388	 -0.536738
 -0.011596	  0.033881	 -0.099983	 -0.073461	 -0.029575	 -0.053374	 -0.112750	  0.067660	  0.085796	  0.038734	 -0.116081	 -0.503099
 -0.021162	  0.010695	 -0.109993	 -0.049832	 -0.009842	 -0.071461	 -0.131280	  0.053596	  0.096090	  0.000534	 -0.146172	 -0.491252
 -0.030411	  0.022225	 -0.149460	 -0.029876	 -0.008448	 -0.082357	 -0.135524	  0.064651	  0.056496	 -0.019580	 -0.236383	 -0.472057
 -0.011121	  0.028243	 -0.135491	 -0.037668	 -0.004267	 -0.077321	 -0.158552	  0.077669	  0.058017	 -0.052174	 -0.290992	 -0.487958
  0.026794	  0.001604	 -0.170936	 -0.039949	  0.026965	 -0.045107	 -0.125293	  0.081882	  0.031219	 -0.076912	 -0.337998	 -0.419793
  0.007979	  0.035529	 -0.127731	 -0.030573	  0.017621	  0.004338	 -0.103437	  0.094394	  0.008508	 -0.091071	 -0.358397	 -0.343075
 -0.003456	  0.037397	 -0.082435	 -0.025790	  0.046034	 -0.012577	 -0.098306	  0.068294	  0.003313	 -0.150906	 -0.361754	 -0.233922
 -0.013529	  0.027927	 -0.073756	 -0.042483	  0.037481	 -0.032849	 -0.118388	  0.060977	  0.007336	 -0.165793	 -0.311264	 -0.173739
 -0.023981	  0.013102	 -0.068846	 -0.027786	  0.040047	  0.010673	 -0.111039	  0.043840	  0.002141	 -0.162182	 -0.222129	 -0.137059
 -0.042511	 -0.002608	 -0.065679	  0.002433	  0.004792	  0.023913	 -0.095075	  0.022776	 -0.020538	 -0.138109	 -0.157829	 -0.105891
 -0.052964	 -0.022184	 -0.094187	 -0.015179	 -0.020548	  0.054923	 -0.092541	 -0.009438	 -0.029186	 -0.163608	 -0.095048	 -0.042730
 -0.038235	 -0.045497	 -0.141129	  0.003826	 -0.031032	  0.042887	 -0.076608	 -0.025560	 -0.020253	 -0.143557	 -0.065337	  0.026449
 -0.036271	 -0.013441	 -0.117214	 -0.006373	 -0.041105	  0.032307	 -0.050413	 -0.025719	 -0.022027	 -0.109696	 -0.050639	  0.077256
 -0.004311	  0.006292	 -0.099413	 -0.012898	 -0.055517	  0.051217	 -0.062925	 -0.019162	 -0.024878	 -0.112484	  0.047237	  0.070224
 -0.033611	  0.021306	 -0.097006	 -0.010966	 -0.050544	  0.022393	 -0.055703	 -0.050489	 -0.009199	 -0.140643	  0.077772	  0.131294
 -0.014035	  0.008858	 -0.095897	 -0.027976	 -0.038349	  0.012478	 -0.060074	 -0.044217	 -0.009325	 -0.143684	  0.043183	  0.161386
  0.012002	  0.002175	 -0.096942	 -0.028926	 -0.035910	  0.001836	 -0.054087	 -0.067689	  0.013924	 -0.127720	  0.024685	  0.150933
 -0.007732	  0.006926	 -0.087851	 -0.032885	 -0.081808	 -0.028351	 -0.068119	 -0.078490	  0.044333	 -0.111945	  0.044957	  0.074595
 -0.009601	  0.023112	 -0.078919	 -0.030320	 -0.121909	 -0.005766	 -0.032009	 -0.078173	  0.028242	 -0.083057	  0.094560	  0.035128
 -0.030665	 -0.001627	 -0.061909	 -0.050782	 -0.125393	 -0.030727	  0.028490	 -0.092902	  0.005024	 -0.085750	  0.124335	 -0.041146
 -0.024615	 -0.003179	 -0.107363	 -0.053569	 -0.137936	 -0.031835	  0.058265	 -0.071236	  0.008065	 -0.096995	  0.166147	 -0.093347
 -0.018565	  0.006387	 -0.121586	 -0.032062	 -0.101510	 -0.051316	  0.066216	 -0.069494	  0.014463	 -0.095221	  0.188699	 -0.114950
 -0.028321	 -0.017686	 -0.099318	 -0.023034	 -0.087003	 -0.029808	  0.017404	 -0.071078	  0.025803	 -0.074537	  0.169504	 -0.101329
 -0.034973	 -0.009134	 -0.097069	 -0.033804	 -0.066255	 -0.046089	 -0.018896	 -0.038452	  0.067329	 -0.072510	  0.186165	 -0.069971
 -0.012673	  0.013483	 -0.095137	 -0.015591	 -0.048770	 -0.094172	 -0.058458	 -0.016406	  0.040183	 -0.064052	  0.160888	 -0.100379
 -0.022809	 -0.018890	 -0.109011	 -0.006943	 -0.073984	 -0.099114	 -0.052092	 -0.045896	  0.055958	 -0.067378	  0.145558	 -0.093727
 -0.026832	 -0.017433	 -0.138627	 -0.040392	 -0.080414	 -0.104974	 -0.053074	 -0.031547	  0.048261	 -0.088822	  0.075175	 -0.060088
 -0.030000	 -0.018129	 -0.136220	 -0.077516	 -0.097170	 -0.105132	 -0.052377	 -0.004686	  0.071954	 -0.074980	  0.068967	 -0.017833
 -0.028163	 -0.001405	 -0.131278	 -0.088571	 -0.101605	 -0.072126	 -0.071540	 -0.020682	  0.065524	 -0.045997	  0.079103	  0.021254
 -0.025312	  0.004392	 -0.090259	 -0.086955	 -0.079717	 -0.105100	 -0.035589	 -0.073739	  0.070528	 -0.072668	  0.116353	  0.026195
 -0.020941	  0.025614	 -0.071982	 -0.059968	 -0.066477	 -0.097055	 -0.027512	 -0.101835	  0.076071	 -0.057337	  0.100579	  0.078586
 -0.003931	  0.031664	 -0.096499	 -0.037066	 -0.047567	 -0.093729	 -0.059789	 -0.085680	  0.066157	 -0.027531	  0.086325	  0.122615
 -0.023506	  0.019881	 -0.136853	 -0.065638	 -0.021593	 -0.061737	 -0.055798	 -0.074372	  0.041165	 -0.047043	  0.107104	  0.126099
 -0.032660	  0.001921	 -0.175655	 -0.070167	 -0.006199	 -0.048718	 -0.039041	 -0.077159	  0.044048	 -0.009444	  0.100705	  0.116217
 -0.023411	 -0.028677	 -0.172931	 -0.046537	 -0.010317	 -0.005988	 -0.058015	 -0.110102	  0.054754	 -0.005136	  0.130797	  0.131167
 -0.013433	 -0.008405	 -0.162130	 -0.036813	 -0.010190	  0.010135	 -0.038345	 -0.126225	  0.027577	  0.028123	  0.116923	  0.118624
 -0.010488	 -0.031180	 -0.131500	 -0.027849	 -0.014149	  0.010166	 -0.022095	 -0.114410	  0.002173	  0.064708	  0.078976	  0.116724
 -0.021669	 -0.036216	 -0.114807	 -0.005708	 -0.015005	  0.006809	 -0.047657	 -0.076589	  0.011866	  0.074686	  0.102226	  0.113113
 -0.053218	 -0.039130	 -0.108662	 -0.015464	 -0.008796	 -0.012038	 -0.045155	 -0.082164	 -0.006221	  0.084473	  0.125412	  0.116787
 -0.070544	 -0.033904	 -0.082910	 -0.020247	 -0.015195	 -0.045994	 -0.044901	 -0.078680	 -0.018384	  0.122420	  0.121168	  0.069211
 -0.052204	 -0.005142	 -0.088263	 -0.043655	 -0.028910	 -0.051886	 -0.031218	 -0.065535	 -0.007235	  0.131448	  0.142643	  0.069464
 -0.073838	 -0.015215	 -0.088073	 -0.039664	 -0.023240	 -0.056605	 -0.023140	 -0.060625	  0.016585	  0.130656	  0.144164	  0.038042
 -0.090531	 -0.012459	 -0.105685	 -0.044510	 -0.011552	 -0.035700	 -0.037806	 -0.050299	  0.020640	  0.125113	  0.120344	  0.036268
 -0.117329	 -0.026650	 -0.094788	 -0.039030	 -0.011900	  0.004560	 -0.007841	 -0.021918	  0.059252	  0.132588	  0.102416	  0.016820
 -0.090436	 -0.018034	 -0.139451	 -0.041311	 -0.028277	  0.013175	 -0.048576	 -0.057679	  0.058175	  0.126760	  0.105013	  0.005100
 -0.072666	  0.002111	 -0.110436	 -0.050465	 -0.056563	  0.041778	 -0.061151	 -0.087676	  0.084117	  0.117384	  0.141630	 -0.084351
 -0.088757	 -0.004952	 -0.100268	 -0.060158	 -0.061599	  0.010420	 -0.040752	 -0.074657	  0.098181	  0.093437	  0.116543	 -0.070288
 -0.086508	  0.002903	 -0.084431	 -0.032695	 -0.063721	 -0.035985	 -0.008443	 -0.096481	  0.105529	  0.036422	  0.117367	 -0.067437
 -0.096486	 -0.003685	 -0.090449	 -0.023129	 -0.065843	 -0.031772	  0.039640	 -0.146433	  0.094095	  0.003701	  0.052559	 -0.080994
 -0.076499	 -0.015690	 -0.097386	 -0.034564	 -0.089410	 -0.088249	  0.018291	 -0.149443	  0.133055	 -0.023540	 -0.071165	 -0.116407
 -0.085020	 -0.000423	 -0.130455	 -0.063832	 -0.064386	 -0.073900	  0.025101	 -0.152357	  0.135779	 -0.037603	 -0.128434	 -0.182481
 -0.121826	  0.030080	 -0.154465	 -0.070864	 -0.038096	 -0.054166	  0.061528	 -0.134112	  0.112815	 -0.053251	 -0.087066	 -0.212003
 -0.138424	  0.038823	 -0.195262	 -0.068235	 -0.043481	 -0.025595	  0.045468	 -0.133763	  0.069736	 -0.099560	 -0.059698	 -0.222392
 -0.167407	  0.021560	 -0.243156	 -0.070421	 -0.048010	 -0.022871	  0.030454	 -0.123089	  0.040975	 -0.090850	 -0.063373	 -0.255398
 -0.164778	 -0.006441	 -0.287881	 -0.068900	 -0.055011	 -0.005323	  0.018766	 -0.115297	  0.053804	 -0.095981	 -0.086749	 -0.236773
 -0.137252	 -0.002007	 -0.307076	 -0.111503	 -0.042499	  0.008614	  0.020825	 -0.101961	  0.034862	 -0.115746	 -0.134642	 -0.169938
 -0.128763	 -0.011414	 -0.325163	 -0.104630	 -0.053427	 -0.002757	  0.018354	 -0.123881	  0.025106	 -0.142670	 -0.176137	 -0.147512
 -0.086730	  0.012501	 -0.310941	 -0.114132	 -0.079020	 -0.002124	  0.056270	 -0.135315	  0.023680	 -0.152870	 -0.140724	 -0.135855
 -0.101713	  0.037017	 -0.272138	 -0.152586	 -0.102935	 -0.031677	  0.062700	 -0.127650	 -0.007583	 -0.152933	 -0.143891	 -0.099809
 -0.140863	  0.000749	 -0.238911	 -0.153030	 -0.087953	 -0.032532	  0.040084	 -0.085205	 -0.023833	 -0.137697	 -0.145222	 -0.136679
 -0.094554	 -0.030388	 -0.182782	 -0.162026	 -0.076676	 -0.062529	 -0.003470	 -0.110197	 -0.031688	 -0.132724	 -0.148896	 -0.107221
 -0.065001	 -0.040144	 -0.149555	 -0.168962	 -0.032774	 -0.072791	 -0.006352	 -0.112351	 -0.026493	 -0.154992	 -0.123176	 -0.047735
 -0.037127	 -0.033935	 -0.143252	 -0.176660	 -0.025204	 -0.073868	 -0.048861	 -0.122582	  0.030111	 -0.147295	 -0.087699	 -0.084098
 -0.063829	 -0.023166	 -0.125799	 -0.175393	 -0.049151	 -0.055085	 -0.042494	 -0.125274	  0.055071	 -0.132313	 -0.070721	 -0.092017
 -0.033611	 -0.054936	 -0.133717	 -0.158225	 -0.070595	 -0.115205	 -0.088328	 -0.103133	  0.028907	 -0.139788	 -0.061156	 -0.067690
 -0.026262	 -0.048601	 -0.144614	 -0.145364	 -0.095460	 -0.114159	 -0.123424	 -0.068892	  0.007431	 -0.145236	 -0.047789	 -0.060151
 -0.009632	 -0.054017	 -0.153134	 -0.124237	 -0.072685	 -0.120241	 -0.125040	 -0.069716	 -0.008248	 -0.157653	 -0.077627	 -0.089293
  0.006522	 -0.033270	 -0.128744	 -0.092847	 -0.037209	 -0.113463	 -0.146484	 -0.100504	 -0.010529	 -0.135100	 -0.092577	 -0.028539
  0.017006	 -0.024338	 -0.127414	 -0.092086	 -0.036227	 -0.119956	 -0.161593	 -0.097210	 -0.012176	 -0.177196	 -0.045128	 -0.009724
 -0.002347	 -0.027537	 -0.121332	 -0.061678	 -0.038666	 -0.108711	 -0.143760	 -0.073644	 -0.047621	 -0.219546	 -0.017697	  0.012322
  0.002689	 -0.049805	 -0.098431	 -0.067285	 -0.007307	 -0.093570	 -0.128049	 -0.127555	 -0.029471	 -0.181599	 -0.032078	 -0.000348
  0.029677	 -0.064122	 -0.108155	 -0.105010	 -0.036512	 -0.080425	 -0.122728	 -0.089925	  0.005309	 -0.153345	 -0.056911	 -0.002502
  0.034365	 -0.072167	 -0.119939	 -0.102793	 -0.057893	 -0.064176	 -0.144995	 -0.082829	  0.023649	 -0.145489	 -0.059318	  0.067120
 -0.004818	 -0.067004	 -0.097227	 -0.076819	 -0.087921	 -0.055402	 -0.080093	 -0.100504	  0.016934	 -0.169753	 -0.066730	  0.094171
 -0.039344	 -0.069887	 -0.105938	 -0.082109	 -0.105723	 -0.073520	 -0.098591	 -0.130944	  0.010504	 -0.121099	 -0.090297	  0.085428
 -0.039376	 -0.074036	 -0.135966	 -0.081254	 -0.097899	 -0.083244	 -0.098749	 -0.139560	  0.007368	 -0.094809	 -0.074966	  0.093537
 -0.048213	 -0.105870	 -0.123296	 -0.093639	 -0.067015	 -0.098575	 -0.122791	 -0.166896	 -0.001090	 -0.068740	  0.007073	  0.056984
 -0.078336	 -0.096399	 -0.088358	 -0.090851	 -0.041358	 -0.081407	 -0.097356	 -0.133605	 -0.013380	 -0.105990	  0.044893	 -0.006493
 -0.122555	 -0.102291	 -0.081706	 -0.087525	 -0.035720	 -0.073552	 -0.096215	 -0.103703	 -0.047367	 -0.141783	  0.015689	 -0.065790
 -0.127718	 -0.135328	 -0.059597	 -0.077769	 -0.053648	 -0.073773	 -0.101537	 -0.113079	 -0.055635	 -0.134340	 -0.020738	 -0.123059
 -0.121225	 -0.158514	 -0.062511	 -0.072606	 -0.063595	 -0.071461	 -0.075563	 -0.119129	 -0.036408	 -0.112737	 -0.031064	 -0.103673
 -0.121161	 -0.145623	 -0.113604	 -0.084991	 -0.036607	 -0.032247	 -0.068214	 -0.122962	 -0.019145	 -0.125154	 -0.015987	 -0.091447
 -0.132153	 -0.099567	 -0.136948	 -0.073145	 -0.041549	 -0.027306	 -0.065142	 -0.117957	 -0.034222	 -0.125661	 -0.012819	 -0.096388
 -0.102504	 -0.073529	 -0.122916	 -0.083693	 -0.069740	 -0.015903	 -0.044870	 -0.102500	 -0.025796	 -0.109981	  0.013662	 -0.121221
 -0.079508	 -0.074860	 -0.095454	 -0.060506	 -0.038539	 -0.024962	 -0.045091	 -0.086630	 -0.020918	 -0.056862	 -0.026123	 -0.187550
 -0.091355	 -0.072358	 -0.087028	 -0.021197	 -0.063278	 -0.019545	 -0.024027	 -0.111717	 -0.009230	 -0.029083	 -0.058051	 -0.236900
 -0.110012	 -0.083190	 -0.080471	 -0.048565	 -0.073255	 -0.028794	 -0.041195	 -0.111464	 -0.009040	 -0.016888	 -0.133058	 -0.294105
 -0.107509	 -0.077711	 -0.091906	 -0.053411	 -0.070500	 -0.043143	 -0.047404	 -0.134840	  0.006417	  0.002181	 -0.158399	 -0.272186
 -0.095663	 -0.080846	 -0.084621	 -0.054266	 -0.031571	 -0.045171	 -0.074454	 -0.130057	  0.002236	 -0.016318	 -0.157829	 -0.314377
 -0.114383	 -0.092566	 -0.117119	 -0.054678	 -0.039078	 -0.067122	 -0.077685	 -0.129740	  0.010852	 -0.024838	 -0.124126	 -0.275924
 -0.098893	 -0.071281	 -0.134351	 -0.042198	 -0.063531	 -0.063321	 -0.058743	 -0.104337	  0.029224	 -0.034151	 -0.173286	 -0.241904
 -0.031108	 -0.062633	 -0.159343	 -0.056864	 -0.079115	 -0.050840	 -0.058934	 -0.092712	  0.025929	 -0.033454	 -0.161313	 -0.235189
  0.012635	 -0.069950	 -0.144677	 -0.063199	 -0.097234	 -0.069244	 -0.062956	 -0.046086	 -0.001691	 -0.049703	 -0.205151	 -0.257425
  0.003735	 -0.082367	 -0.155162	 -0.089679	 -0.087953	 -0.094236	 -0.045725	 -0.006080	  0.011580	 -0.033486	 -0.146616	 -0.270475
 -0.008619	 -0.032668	 -0.147338	 -0.118345	 -0.096093	 -0.091797	 -0.034575	 -0.028823	  0.001761	 -0.045712	 -0.106388	 -0.255905
 -0.001745	  0.000052	 -0.112970	 -0.112010	 -0.057038	 -0.067565	 -0.025833	 -0.064331	  0.025074	 -0.057210	 -0.140280	 -0.253434
  0.016911	 -0.014772	 -0.112400	 -0.129178	 -0.042119	 -0.100951	 -0.029887	 -0.067245	  0.005531	 -0.078433	 -0.181902	 -0.257109
 -0.005040	 -0.036279	 -0.121807	 -0.149419	 -0.061536	 -0.108648	 -0.045028	 -0.051027	  0.028115	 -0.093827	 -0.180065	 -0.257362
 -0.016696	 -0.023482	 -0.124405	 -0.180999	 -0.064418	 -0.109091	 -0.027480	 -0.043013	  0.030174	 -0.074537	 -0.168281	 -0.202310
 -0.002886	 -0.001151	 -0.139736	 -0.165161	 -0.081111	 -0.091860	 -0.016995	 -0.043394	 -0.003624	 -0.090596	 -0.196663	 -0.235569
  0.023848	  0.014179	 -0.154813	 -0.179954	 -0.096473	 -0.076783	 -0.025928	 -0.037724	 -0.040652	 -0.123032	 -0.220672	 -0.277254
 -0.025628	  0.008066	 -0.191366	 -0.191452	 -0.086654	 -0.063130	 -0.053137	 -0.020809	 -0.056331	 -0.183500	 -0.216871	 -0.247416
 -0.030253	  0.019026	 -0.201978	 -0.187778	 -0.113166	 -0.079538	 -0.095772	 -0.058946	 -0.044516	 -0.211659	 -0.214274	 -0.278584
 -0.068454	 -0.019523	 -0.185506	 -0.155247	 -0.103189	 -0.079918	 -0.129031	 -0.125369	 -0.035046	 -0.209157	 -0.160236	 -0.277064
 -0.078051	 -0.050818	 -0.166786	 -0.137857	 -0.114623	 -0.123060	 -0.111008	 -0.114695	 -0.009769	 -0.232850	 -0.142751	 -0.256032
 -0.070829	 -0.038877	 -0.148098	 -0.143337	 -0.150322	 -0.158125	 -0.082627	 -0.141935	 -0.006031	 -0.238140	 -0.139077	 -0.320776
 -0.080205	 -0.037578	 -0.138722	 -0.150464	 -0.115954	 -0.141907	 -0.104768	 -0.100409	 -0.049965	 -0.254136	 -0.145095	 -0.279471
 -0.123505	 -0.022691	 -0.141256	 -0.129463	 -0.114940	 -0.104593	 -0.090926	 -0.090875	 -0.067323	 -0.231076	 -0.146869	 -0.251597
 -0.119577	 -0.018098	 -0.170682	 -0.095571	 -0.115574	 -0.105449	 -0.087631	 -0.135030	 -0.069635	 -0.218976	 -0.147756	 -0.288911
 -0.081662	 -0.034506	 -0.134256	 -0.079385	 -0.111868	 -0.144188	 -0.062798	 -0.151882	 -0.048508	 -0.204912	 -0.132235	 -0.268195
 -0.072761	 -0.038877	 -0.123930	 -0.082362	 -0.118900	 -0.156889	 -0.061531	 -0.163601	 -0.025765	 -0.188283	 -0.138000	 -0.279978
 -0.117360	 -0.049646	 -0.129061	 -0.064592	 -0.118393	 -0.162749	 -0.081676	 -0.195150	 -0.023262	 -0.183658	 -0.164670	 -0.281372
 -0.141148	 -0.098901	 -0.149808	 -0.036338	 -0.107560	 -0.135223	 -0.078002	 -0.205159	 -0.050376	 -0.172604	 -0.192671	 -0.256222
 -0.108903	 -0.158008	 -0.128618	 -0.021070	 -0.111773	 -0.131708	 -0.094251	 -0.188276	 -0.076667	 -0.158666	 -0.141104	 -0.202374
 -0.159520	 -0.144926	 -0.126052	 -0.024333	 -0.103505	 -0.136586	 -0.088708	 -0.164995	 -0.085504	 -0.134561	 -0.145792	 -0.125656
 -0.163765	 -0.089652	 -0.124120	 -0.039379	 -0.101732	 -0.164745	 -0.066916	 -0.143107	 -0.069667	 -0.142322	 -0.121845	 -0.084795
 -0.180647	 -0.090286	 -0.124183	 -0.074190	 -0.119058	 -0.113716	 -0.080884	 -0.103070	 -0.050693	 -0.123982	 -0.131791	 -0.051156
 -0.203802	 -0.087213	 -0.139102	 -0.079005	 -0.109080	 -0.104784	 -0.084717	 -0.111686	 -0.064472	 -0.114511	 -0.179811	 -0.089293
 -0.143144	 -0.104001	 -0.128839	 -0.061583	 -0.118013	 -0.095566	 -0.078889	 -0.104749	 -0.073879	 -0.118977	 -0.179431	 -0.116597
 -0.163258	 -0.099028	 -0.156429	 -0.097598	 -0.120642	 -0.089326	 -0.058680	 -0.110514	 -0.050883	 -0.105198	 -0.198183	 -0.084922
 -0.162783	 -0.116513	 -0.139641	 -0.114703	 -0.121655	 -0.101838	 -0.067708	 -0.119161	 -0.053734	 -0.149322	 -0.145158	 -0.083338
 -0.127750	 -0.119680	 -0.173882	 -0.118282	 -0.102112	 -0.084796	 -0.084020	 -0.118749	 -0.029439	 -0.121290	 -0.110316	 -0.104877
 -0.109251	 -0.109798	 -0.178791	 -0.127690	 -0.111773	 -0.095344	 -0.081550	 -0.102436	 -0.026367	 -0.150494	 -0.117918	 -0.082894
 -0.126039	 -0.077362	 -0.163112	 -0.111060	 -0.135276	 -0.121255	 -0.082912	 -0.078902	 -0.057028	 -0.168707	 -0.112089	 -0.065980
 -0.112704	 -0.052972	 -0.150188	 -0.140835	 -0.129828	 -0.106272	 -0.114460	 -0.091603	 -0.066721	 -0.115715	 -0.094225	 -0.066423
 -0.095599	 -0.018414	 -0.134699	 -0.142292	 -0.153552	 -0.067597	 -0.120257	 -0.073137	 -0.035394	 -0.130064	 -0.087193	 -0.046468
 -0.105039	 -0.022817	 -0.141288	 -0.126042	 -0.152127	 -0.081154	 -0.132103	 -0.075417	 -0.072011	 -0.111217	 -0.071672	 -0.025119
 -0.112102	 -0.038307	 -0.175782	 -0.137762	 -0.141959	 -0.084448	 -0.133085	 -0.072408	 -0.094722	 -0.119262	 -0.065210	 -0.058251
 -0.104532	 -0.062348	 -0.186995	 -0.142989	 -0.148548	 -0.125341	 -0.140339	 -0.083653	 -0.118985	 -0.149956	 -0.057798	 -0.074659
 -0.114414	 -0.055475	 -0.148985	 -0.164940	 -0.165779	 -0.135192	 -0.124660	 -0.055779	 -0.102419	 -0.194681	 -0.018140	 -0.044187
 -0.089391	 -0.057470	 -0.137645	 -0.197819	 -0.146837	 -0.138898	 -0.123773	 -0.059421	 -0.100138	 -0.243303	 -0.017824	 -0.011498
 -0.085115	 -0.058895	 -0.145627	 -0.186416	 -0.114465	 -0.181533	 -0.105560	 -0.026827	 -0.092188	 -0.238488	 -0.049056	  0.009788
 -0.089137	 -0.099345	 -0.143347	 -0.149450	 -0.100021	 -0.167152	 -0.110248	 -0.041081	 -0.087690	 -0.212990	 -0.029100	  0.019860
 -0.103233	 -0.112142	 -0.171538	 -0.127341	 -0.094035	 -0.180614	 -0.080789	 -0.064711	 -0.064725	 -0.154834	 -0.059698	  0.027906
 -0.093382	 -0.124558	 -0.150759	 -0.153315	 -0.089600	 -0.159170	 -0.100935	 -0.075861	 -0.085441	 -0.145965	 -0.109745	  0.081754
 -0.096930	 -0.132319	 -0.115852	 -0.166175	 -0.091374	 -0.111815	 -0.145724	 -0.092554	 -0.054368	 -0.154168	 -0.133629	  0.060848
 -0.081029	 -0.149202	 -0.094282	 -0.173967	 -0.081649	 -0.099842	 -0.108664	 -0.129044	 -0.033684	 -0.163544	 -0.148199	  0.030947
 -0.086540	 -0.146636	 -0.101979	 -0.163989	 -0.064925	 -0.080108	 -0.130361	 -0.136139	 -0.035932	 -0.176848	 -0.166698	  0.008331
 -0.081440	 -0.156265	 -0.150379	 -0.151984	 -0.081554	 -0.093982	 -0.126592	 -0.121252	 -0.046037	 -0.160472	 -0.132742	 -0.006367
 -0.085305	 -0.127758	 -0.189688	 -0.176184	 -0.080224	 -0.098258	 -0.132325	 -0.098192	 -0.075051	 -0.158476	 -0.133375	 -0.050649
 -0.068200	 -0.089811	 -0.194090	 -0.180904	 -0.075916	 -0.103326	 -0.105750	 -0.116975	 -0.067006	 -0.146155	 -0.099673	 -0.079600
 -0.060440	 -0.093865	 -0.181579	 -0.194049	 -0.070025	 -0.087996	 -0.115981	 -0.164552	 -0.081545	 -0.145901	 -0.112913	 -0.067753
 -0.060725	 -0.120567	 -0.176067	 -0.193542	 -0.106736	 -0.070352	 -0.107460	 -0.209879	 -0.116419	 -0.117235	 -0.123493	 -0.007507
 -0.004678	 -0.071886	  0.053189	  0.007212	  0.027849	  0.011902	 -0.045611	  0.009289	 -0.010722	  0.035579	  0.046262	  0.027139
 -0.018109	 -0.025450	  0.057782	 -0.009607	  0.011283	  0.010952	 -0.080327	 -0.013042	  0.007681	  0.065069	 -0.000618	  0.022895
  0.006028	 -0.011449	  0.046189	 -0.005236	  0.000767	  0.003255	 -0.055177	  0.002890	 -0.016709	  0.029054	 -0.037424	  0.017700
 -0.004900	 -0.014807	  0.045397	  0.039743	  0.009287	 -0.015941	 -0.020587	 -0.030052	 -0.015062	  0.000325	 -0.057253	 -0.023161
 -0.028055	 -0.021902	  0.019170	  0.029734	  0.021482	 -0.000768	  0.001047	 -0.028310	 -0.019686	  0.001940	 -0.018926	 -0.014102
 -0.006864	 -0.034635	  0.004441	  0.033186	  0.023161	  0.008956	 -0.002913	 -0.026884	 -0.021682	  0.002732	 -0.003215	 -0.085498
 -0.041010	 -0.025323	 -0.004111	  0.005439	  0.024618	 -0.000831	 -0.017990	 -0.043451	 -0.018514	  0.000990	  0.038913	 -0.073335
 -0.030462	  0.018643	  0.024998	 -0.006788	  0.027691	  0.015608	 -0.015424	 -0.029228	 -0.001093	  0.008560	  0.113160	  0.149913
 -0.015860	  0.029856	  0.017966	 -0.017874	 -0.011428	  0.025902	 -0.011940	 -0.016780	 -0.044266	 -0.062107	 -0.081706	 -0.296582
  0.002227	  0.040055	  0.037953	  0.020421	 -0.033316	  0.016337	  0.025532	  0.067350	  0.052027	  0.011379	  0.065647	  0.176330
  0.018508	  0.020290	  0.036591	  0.036702	 -0.013076	  0.008006	  0.036745	  0.082364	  0.093743	  0.048820	  0.089087	  0.256215
  0.010842	  0.064920	  0.028261	  0.023018	 -0.047918	  0.011364	  0.000413	 -0.015070	 -0.029569	 -0.104457	 -0.161592	 -0.595977
  0.019363	  0.064857	  0.006436	 -0.000295	 -0.010700	  0.053048	  0.082833	  0.036530	  0.082340	  0.077106	  0.200584	  0.546741
  0.044513	  0.027005	 -0.029800	 -0.025888	  0.003332	  0.029197	  0.051664	  0.003175	  0.032325	 -0.041107	 -0.000301	 -0.060094
  0.009259	  0.009267	 -0.013329	 -0.039192	 -0.002306	 -0.022307	  0.040134	 -0.010983	 -0.001410	 -0.133123	 -0.158234	 -0.496073
  0.013155	  0.013194	 -0.023148	 -0.061333	  0.005771	 -0.011633	  0.040958	  0.035199	  0.114744	  0.079196	  0.192918	  0.747753
  0.014517	 -0.000584	 -0.053367	 -0.051862	 -0.031384	 -0.031240	 -0.008266	 -0.036165	 -0.013224	 -0.082633	 -0.145564	 -0.302157
  0.003114	 -0.039830	 -0.061444	 -0.028771	 -0.000881	 -0.034027	 -0.027049	 -0.001734	 -0.055574	  0.004126	 -0.112368	 -0.153727
  0.004761	 -0.007205	 -0.083712	  0.013516	  0.000196	 -0.030986	  0.010930	  0.033140	  0.009613	  0.136877	  0.182466	  0.715254
  0.003652	 -0.035015	 -0.109464	  0.037874	 -0.004428	 -0.046792	 -0.004971	 -0.018237	 -0.144962	 -0.078325	 -0.151836	 -0.559234
 -0.002018	 -0.042934	 -0.141297	  0.056816	  0.026582	 -0.002352	 -0.013460	  0.032317	 -0.078539	  0.045525	  0.124120	  0.184882
 -0.031317	 -0.045532	 -0.117762	  0.063056	  0.033899	  0.035627	  0.014224	  0.085183	 -0.075910	  0.059431	  0.200394	  0.511011
 -0.000434	 -0.045500	 -0.112283	  0.041992	  0.059239	  0.015576	 -0.012764	  0.045494	 -0.211987	 -0.133694	 -0.207648	 -0.578999
  0.034282	 -0.054116	 -0.125111	  0.073382	  0.093670	  0.041075	 -0.007664	  0.117587	 -0.085634	  0.066051	  0.146799	  0.533311
  0.012236	 -0.065044	 -0.114088	  0.035594	  0.057339	  0.026441	 -0.033036	  0.102509	 -0.088358	  0.031525	  0.004260	  0.213960
  0.002290	 -0.116833	 -0.089128	  0.013231	  0.037890	 -0.002764	 -0.055684	  0.070771	 -0.146736	 -0.108100	 -0.197258	 -0.565949
  0.010114	 -0.128584	 -0.060684	 -0.015815	  0.065828	  0.010350	 -0.045326	  0.124777	 -0.020636	  0.114514	  0.216422	  0.687570
 -0.002651	 -0.159943	 -0.057421	 -0.058894	  0.060411	  0.013898	 -0.076114	  0.050783	 -0.078286	 -0.030179	 -0.035967	 -0.167030
 -0.028467	 -0.177618	 -0.064738	 -0.056645	  0.076471	  0.004490	 -0.064204	  0.016954	 -0.115061	 -0.072655	 -0.088295	 -0.330665
 -0.051336	 -0.151834	 -0.061349	 -0.040427	  0.068362	  0.012916	 -0.015709	  0.092722	 -0.010437	  0.126076	  0.247210	  0.684592
 -0.046300	 -0.189116	 -0.077598	 -0.057469	  0.023604	  0.032206	 -0.060815	 -0.013296	 -0.092381	 -0.081176	 -0.132957	 -0.539405
 -0.037114	 -0.192188	 -0.086847	 -0.038495	  0.042895	  0.063184	 -0.050996	  0.025412	 -0.014808	 -0.022355	  0.017627	 -0.042673
 -0.040440	 -0.165296	 -0.075032	 -0.043468	  0.015052	  0.091597	 -0.016850	  0.058512	  0.037678	  0.096364	  0.155605	  0.544651
 -0.004964	 -0.188577	 -0.078295	 -0.021485	  0.035609	  0.062456	 -0.069367	 -0.048107	 -0.052850	 -0.128689	 -0.208028	 -0.702026
 -0.030747	 -0.151549	 -0.085042	 -0.004697	  0.059398	  0.081873	 -0.061449	 -0.020676	  0.057507	  0.063865	  0.099286	  0.324761
 -0.031983	 -0.144707	 -0.073924	 -0.065958	  0.051542	  0.089411	 -0.024103	 -0.013359	  0.041067	  0.090029	  0.081801	  0.365622
 -0.047567	 -0.142015	 -0.077186	 -0.050690	  0.059841	  0.057071	 -0.057236	 -0.094765	 -0.080313	 -0.072148	 -0.192950	 -0.590402
 -0.077627	 -0.134318	 -0.091630	 -0.062125	  0.076946	  0.099579	  0.005323	  0.005076	  0.054782	  0.125379	  0.240938	  0.662419
 -0.087889	 -0.127127	 -0.085992	 -0.073560	  0.056800	  0.085515	 -0.023945	  0.002257	  0.022949	  0.008370	  0.057285	 -0.002762
 -0.103220	 -0.096212	 -0.114247	 -0.066084	  0.049863	  0.074777	 -0.052326	 -0.031952	 -0.004514	 -0.071040	 -0.047244	 -0.445836
 -0.081744	 -0.074293	 -0.109115	 -0.044640	  0.052397	  0.098946	 -0.014442	  0.059304	  0.111323	  0.136814	  0.381007	  0.763654
 -0.063785	 -0.073279	 -0.097839	 -0.025888	  0.063357	  0.032586	 -0.079377	  0.003270	 -0.018451	 -0.096824	  0.017564	 -0.359870
 -0.040820	 -0.113127	 -0.088431	 -0.010114	  0.069597	  0.029545	 -0.034746	  0.010176	 -0.029284	 -0.062044	  0.083069	 -0.165256
 -0.044146	 -0.086995	 -0.093468	  0.020516	  0.039347	  0.029513	 -0.000188	  0.081730	  0.057190	  0.090188	  0.300678	  0.684909
 -0.043797	 -0.090986	 -0.077567	 -0.027725	  0.021197	  0.011649	 -0.066422	 -0.009780	 -0.084937	 -0.140884	 -0.135428	 -0.598385
 -0.023937	 -0.075053	 -0.053715	 -0.012965	  0.036085	  0.003856	 -0.022076	  0.055756	 -0.047782	  0.025380	  0.057918	  0.191724
 -0.038033	 -0.072551	 -0.053240	 -0.003557	  0.037763	 -0.017968	 -0.021253	  0.078499	 -0.035270	  0.092943	  0.186457	  0.480540
 -0.036069	 -0.085316	 -0.099074	  0.008638	  0.034342	 -0.035643	 -0.067467	 -0.013011	 -0.173882	 -0.109779	 -0.189403	 -0.693347
 -0.021181	 -0.077745	 -0.111047	  0.018932	  0.020405	 -0.008845	 -0.032117	  0.073906	 -0.074199	  0.066019	  0.126464	  0.447091
 -0.051653	 -0.070460	 -0.064041	  0.000529	  0.011124	 -0.007547	 -0.053720	  0.065037	 -0.106477	  0.014990	  0.027193	  0.180385
 -0.071165	 -0.083637	 -0.053177	  0.012312	  0.043687	 -0.022434	 -0.082544	  0.024271	 -0.207679	 -0.085547	 -0.229820	 -0.524201
 -0.037747	 -0.108090	 -0.029135	  0.009778	  0.066366	 -0.038082	 -0.023913	  0.081667	 -0.038786	  0.175014	  0.192032	  0.769039
 -0.007339	 -0.118955	 -0.039271	 -0.001403	  0.056737	 -0.037892	 -0.031294	  0.044417	 -0.069638	  0.032602	 -0.050411	 -0.116730
  0.002544	 -0.117435	 -0.046873	  0.054155	  0.037637	 -0.055155	 -0.031800	  0.061901	 -0.067358	 -0.003508	 -0.100015	 -0.295822
  0.040491	 -0.116231	 -0.031479	  0.081333	  0.021514	 -0.038937	 -0.004813	  0.135357	  0.015505	  0.206214	  0.226494	  0.771636
  0.052971	 -0.069352	 -0.044276	  0.087478	  0.012170	 -0.080527	 -0.024230	  0.050562	 -0.097512	  0.025697	 -0.141066	 -0.427718
  0.047364	 -0.009422	 -0.070978	  0.097804	  0.027596	 -0.042896	 -0.041493	  0.059653	 -0.008853	  0.105265	  0.022695	  0.034615
  0.044482	 -0.023897	 -0.082983	  0.051653	  0.002667	 -0.010049	 -0.021569	  0.085721	  0.088612	  0.206879	  0.203371	  0.602997
  0.067383	 -0.054274	 -0.107880	  0.020484	 -0.020171	 -0.074318	 -0.031389	  0.047648	 -0.013890	 -0.029197	 -0.188452	 -0.634811
  0.047744	 -0.043061	 -0.150420	  0.010285	  0.003491	 -0.031430	  0.008364	  0.101401	  0.082530	  0.106310	  0.143695	  0.376835
  0.028074	 -0.045152	 -0.166289	 -0.054934	  0.011948	 -0.014515	  0.037093	  0.075839	  0.072204	  0.106089	  0.121776	  0.377278
  0.015911	 -0.078791	 -0.164357	 -0.074573	  0.040456	 -0.043625	  0.018500	  0.003302	 -0.072204	 -0.057166	 -0.236029	 -0.606177
  0.029119	 -0.073723	 -0.182158	 -0.074003	 -0.003795	 -0.019678	  0.015681	  0.077391	  0.071507	  0.116921	  0.117911	  0.610852
  0.027377	 -0.066342	 -0.167873	 -0.090411	 -0.052638	 -0.028104	 -0.022330	  0.019457	  0.029696	 -0.023907	 -0.092033	  0.005473
 -0.008163	 -0.059596	 -0.128342	 -0.086610	 -0.063978	 -0.039285	 -0.026511	 -0.009716	 -0.029949	 -0.088208	 -0.234888	 -0.447167
 -0.017190	 -0.060609	 -0.124383	 -0.053699	 -0.021153	  0.000721	  0.024360	  0.059558	  0.082403	  0.121324	  0.169035	  0.701253
 -0.006357	 -0.061908	 -0.091282	 -0.054269	 -0.047222	 -0.012140	 -0.004433	  0.031335	 -0.049619	 -0.078135	 -0.137708	 -0.393509
 -0.003633	 -0.077365	 -0.085739	 -0.037545	 -0.070693	 -0.022814	 -0.004211	  0.047458	 -0.027415	 -0.028532	 -0.114079	 -0.253567
  0.010146	 -0.053609	 -0.086024	 -0.050722	 -0.055837	 -0.049770	  0.044727	  0.093830	  0.049493	  0.135262	  0.200331	  0.564986
 -0.003950	 -0.064410	 -0.077471	 -0.068618	 -0.086151	 -0.059399	 -0.001994	  0.005108	 -0.071634	 -0.113326	 -0.193900	 -0.655844
 -0.002493	 -0.089940	 -0.090838	 -0.081098	 -0.101070	 -0.023954	  0.016283	  0.019805	 -0.009645	  0.028136	  0.044488	  0.100119
 -0.064640	 -0.089560	 -0.068286	 -0.085660	 -0.082761	  0.020328	  0.019704	  0.055947	  0.008980	  0.075870	  0.132799	  0.355612
 -0.081079	 -0.071886	 -0.084725	 -0.087053	 -0.096825	  0.000087	 -0.012447	 -0.041962	 -0.109929	 -0.098692	 -0.245278	 -0.752834
 -0.089727	 -0.061844	 -0.074747	 -0.042518	 -0.063756	  0.041043	  0.026324	  0.021801	 -0.031564	  0.113754	  0.139387	  0.389505
 -0.069961	 -0.068845	 -0.079182	 -0.065767	 -0.041045	  0.005979	  0.028161	  0.006121	 -0.098178	  0.024841	  0.029030	  0.122609
 -0.084310	 -0.059437	 -0.066068	 -0.048314	 -0.065910	 -0.003207	 -0.007569	 -0.046143	 -0.181357	 -0.121530	 -0.206697	 -0.544030
 -0.076201	 -0.046545	 -0.073734	 -0.004001	 -0.051023	  0.005155	  0.065665	  0.038652	 -0.047846	  0.076250	  0.168782	  0.685226
 -0.110284	 -0.044962	 -0.057738	 -0.002353	 -0.081716	 -0.005805	  0.018975	  0.005171	 -0.127984	 -0.083520	 -0.108630	 -0.190977
 -0.094288	 -0.039703	 -0.048552	 -0.010589	 -0.041647	 -0.010746	  0.010549	 -0.009558	 -0.170302	 -0.085864	 -0.085381	 -0.306908
 -0.070721	 -0.053197	 -0.074209	  0.005185	 -0.017130	  0.010888	  0.003644	  0.038810	 -0.056240	  0.110808	  0.224721	  0.746803
 -0.054219	 -0.073089	 -0.089983	 -0.030038	 -0.027488	 -0.020280	 -0.002089	 -0.009621	 -0.181547	 -0.105883	 -0.171411	 -0.448624
 -0.027231	 -0.093108	 -0.070250	 -0.051133	  0.008369	  0.000436	  0.012450	  0.013343	 -0.107237	 -0.027043	 -0.029379	  0.000152
 -0.015290	 -0.141856	 -0.097364	 -0.054998	  0.011188	 -0.017271	  0.029523	  0.035674	 -0.083987	  0.113215	  0.131975	  0.539836
 -0.036227	 -0.139576	 -0.118713	 -0.004032	 -0.025207	 -0.054014	  0.019070	 -0.021943	 -0.179045	 -0.095683	 -0.243567	 -0.712733
 -0.060237	 -0.137960	 -0.087196	  0.034327	 -0.027266	 -0.041186	  0.106557	  0.041027	 -0.063873	  0.105772	  0.011102	  0.278388
 -0.059540	 -0.137865	 -0.067019	  0.028688	 -0.020393	 -0.036435	  0.097340	  0.064182	 -0.067548	  0.073210	  0.002233	  0.282506
 -0.040630	 -0.134381	 -0.061412	  0.055137	 -0.009781	 -0.032792	  0.015332	 -0.008639	 -0.184239	 -0.118996	 -0.305271	 -0.684668
 -0.016145	 -0.125734	 -0.061539	  0.060427	  0.001242	 -0.017936	  0.021604	  0.074160	 -0.036126	  0.094875	  0.059059	  0.539709
  0.007200	 -0.119367	 -0.083870	  0.042435	 -0.015039	 -0.042580	 -0.021094	  0.009194	 -0.065172	  0.001972	 -0.118450	 -0.140170
  0.009829	 -0.138530	 -0.100816	  0.023050	 -0.064009	 -0.021515	 -0.059358	 -0.032238	 -0.091399	 -0.061157	 -0.263396	 -0.610105
  0.035834	 -0.153798	 -0.137401	  0.020801	 -0.033728	  0.003223	 -0.011497	  0.028737	 -0.006826	  0.151258	  0.124943	  0.643921
  0.059274	 -0.135553	 -0.133885	  0.020706	 -0.051593	 -0.022466	 -0.018053	  0.002130	 -0.079426	 -0.035215	 -0.197701	 -0.395853
  0.062251	 -0.104321	 -0.147727	  0.043702	 -0.036167	 -0.012266	 -0.003419	  0.033299	 -0.044678	 -0.011965	 -0.100332	 -0.224109
  0.081447	 -0.083225	 -0.134392	  0.048232	 -0.015895	  0.019726	  0.003264	  0.066748	  0.033845	  0.125727	  0.188484	  0.579684
  0.070867	 -0.048763	 -0.097205	  0.038634	 -0.037751	  0.001671	 -0.058534	 -0.038129	 -0.123138	 -0.082411	 -0.207838	 -0.675862
  0.050500	 -0.058202	 -0.082793	  0.040662	 -0.033158	  0.021151	 -0.044629	  0.021896	 -0.057031	  0.040457	 -0.017722	  0.077186
 -0.010570	 -0.061433	 -0.100404	  0.034010	 -0.027234	  0.025554	 -0.033986	  0.058892	 -0.007301	  0.094844	  0.098463	  0.455073
 -0.022797	 -0.061876	 -0.108703	  0.009018	 -0.018682	 -0.021579	 -0.069367	 -0.015703	 -0.110151	 -0.112788	 -0.265550	 -0.735475
 -0.024571	 -0.077049	 -0.145415	  0.006959	 -0.006360	  0.002209	 -0.019225	  0.048376	  0.015157	  0.075047	  0.109612	  0.393559
 -0.021656	 -0.076288	 -0.149248	 -0.012109	  0.026519	  0.023052	  0.007920	  0.037638	  0.008473	  0.031968	  0.107522	  0.154031
 -0.027516	 -0.073659	 -0.134170	 -0.038748	  0.038967	  0.033536	 -0.032022	 -0.014056	 -0.081263	 -0.088810	 -0.125672	 -0.575325
 -0.033978	 -0.013856	 -0.191186	 -0.037038	  0.085973	  0.067239	  0.026704	  0.020629	  0.054339	  0.126456	  0.269256	  0.646392
 -0.049594	 -0.009200	 -0.184882	 -0.033902	  0.062217	  0.037876	 -0.001202	 -0.037781	 -0.037741	 -0.021120	 -0.011451	 -0.261423
 -0.079496	 -0.011797	 -0.170882	 -0.073496	  0.039664	  0.009146	  0.009663	 -0.007689	 -0.046167	 -0.035944	 -0.049018	 -0.368105
 -0.099926	  0.012973	 -0.134170	 -0.081383	  0.045619	  0.030717	  0.075009	  0.042516	  0.063810	  0.116415	  0.278569	  0.711770
 -0.118773	  0.016995	 -0.162646	 -0.076284	  0.049958	  0.024857	  0.038044	 -0.021120	 -0.049208	 -0.130558	 -0.070177	 -0.474027
 -0.140787	  0.048639	 -0.146080	 -0.047681	  0.049166	 -0.000103	  0.048655	  0.011126	 -0.017596	 -0.064958	  0.045692	 -0.025568
 -0.093021	  0.065490	 -0.141836	 -0.027789	  0.045682	 -0.003049	  0.065284	  0.057372	  0.050791	  0.037131	  0.189371	  0.531537
 -0.070500	  0.086998	 -0.130401	 -0.001657	  0.027754	 -0.046191	  0.003074	  0.014800	 -0.085286	 -0.171229	 -0.184334	 -0.741240
 -0.059002	  0.019973	 -0.101101	  0.008765	  0.038555	 -0.015402	  0.069719	  0.072228	  0.015505	 -0.012060	  0.088517	  0.261093
 -0.076962	  0.001094	 -0.093309	  0.010348	  0.095412	 -0.020692	  0.060311	  0.060603	  0.031723	 -0.016463	  0.096879	  0.266288
 -0.071862	 -0.026305	 -0.103065	 -0.005711	  0.085688	 -0.009796	  0.005798	 -0.016051	 -0.079077	 -0.183677	 -0.220001	 -0.706524
 -0.041897	 -0.026558	 -0.092549	  0.004583	  0.091295	  0.039650	  0.036840	  0.049580	  0.055954	  0.052621	  0.150284	  0.561058
 -0.030209	 -0.061781	 -0.113391	 -0.002385	  0.103996	  0.008228	  0.039881	  0.027375	 -0.014682	 -0.039555	 -0.037804	 -0.072638
  0.004412	 -0.084904	 -0.084313	  0.005249	  0.046569	 -0.054394	  0.023125	  0.057942	 -0.019084	 -0.099421	 -0.127509	 -0.494933
  0.018540	 -0.088990	 -0.076490	  0.039141	  0.019740	 -0.067445	  0.068040	  0.077802	  0.101725	  0.102984	  0.203435	  0.628780
  0.000010	 -0.066121	 -0.027836	 -0.005363	  0.024270	 -0.063295	  0.014636	  0.028927	  0.005242	 -0.042659	 -0.095770	 -0.274156
  0.002702	 -0.083605	 -0.025049	  0.020421	  0.056040	 -0.069725	  0.057461	  0.041249	 -0.011134	 -0.012536	 -0.055543	 -0.114259
  0.042138	 -0.085031	 -0.044212	  0.062708	  0.040709	 -0.053159	  0.017043	  0.087337	  0.008505	  0.065006	  0.025609	  0.252224
  0.047427	 -0.090479	 -0.066892	  0.048264	  0.035831	 -0.071246	  0.001807	  0.068395	 -0.056683	 -0.001639	 -0.115536	 -0.087018
  0.044893	 -0.117625	 -0.050357	  0.054535	  0.020057	 -0.073685	  0.002377	  0.070105	 -0.027257	  0.033584	 -0.045153	  0.091884
  0.048694	 -0.122439	 -0.046493	  0.080731	  0.041913	 -0.094907	  0.019577	  0.069757	 -0.042904	  0.005456	 -0.006636	  0.103920
  0.039730	 -0.100045	 -0.062584	  0.072337	  0.009129	 -0.073938	  0.050999	  0.124650	 -0.045312	 -0.003571	 -0.062258	  0.095241
  0.001498	 -0.115756	 -0.052765	  0.063721	 -0.020741	 -0.086165	  0.037030	  0.121926	 -0.034384	  0.002130	 -0.054086	  0.097395
 -0.003348	 -0.093330	 -0.058656	  0.088586	 -0.004428	 -0.046571	  0.044664	  0.109858	 -0.032483	  0.011316	 -0.033307	  0.091504
 -0.019566	 -0.038626	 -0.014659	  0.090392	  0.004473	 -0.002257	  0.044410	  0.112329	 -0.052248	  0.007958	  0.003880	  0.067557
  0.008594	 -0.012811	  0.030478	  0.051241	 -0.008261	  0.018522	  0.066868	  0.090188	 -0.100743	 -0.033980	 -0.030266	  0.034995
  0.000136	 -0.017436	  0.016889	  0.033693	 -0.008039	  0.006961	  0.049288	  0.086830	 -0.095137	 -0.038984	 -0.033307	  0.037846
 -0.013041	  0.002361	  0.014007	  0.020770	 -0.028153	  0.023147	  0.069434	  0.061173	 -0.082752	 -0.003920	  0.023646	  0.036325
 -0.053015	 -0.015662	 -0.001007	  0.015828	 -0.054887	  0.010825	  0.059013	  0.058861	 -0.085919	 -0.000341	  0.007808	  0.050959
 -0.064196	 -0.041256	 -0.030054	  0.018837	 -0.102653	 -0.007927	  0.036872	  0.033774	 -0.099540	  0.016732	 -0.022727	  0.018334
 -0.038413	 -0.042966	 -0.043199	  0.029765	 -0.117953	 -0.026108	  0.052139	  0.026203	 -0.130296	 -0.013137	 -0.034130	  0.020107
  0.006218	 -0.022440	 -0.027963	  0.024190	 -0.108830	 -0.017398	  0.054641	  0.032887	 -0.143220	 -0.026473	  0.028080	  0.038796
  0.008182	 -0.027350	 -0.006741	  0.012090	 -0.136166	 -0.012393	  0.056574	  0.023099	 -0.113192	 -0.000119	  0.068941	  0.045891
 -0.029575	 -0.038373	 -0.013266	 -0.010272	 -0.133980	  0.003223	  0.056890	  0.012425	 -0.071507	  0.007800	  0.031501	  0.033918
 -0.034548	 -0.051455	 -0.032809	 -0.010051	 -0.122926	  0.004807	  0.072760	  0.002985	 -0.060199	 -0.013676	  0.015853	  0.042660
  0.022404	 -0.042618	 -0.028628	 -0.024526	 -0.109495	 -0.010587	  0.075325	  0.021547	 -0.048986	 -0.032364	  0.012686	  0.058435
  0.013440	 -0.032672	 -0.013614	 -0.018888	 -0.102875	  0.017572	  0.041528	  0.044860	 -0.085983	 -0.035183	  0.008568	  0.024669
 -0.025046	  0.011896	 -0.021850	  0.038888	 -0.106264	  0.026726	  0.026355	  0.060761	 -0.107870	 -0.036355	  0.017627	  0.002496
 -0.016335	 -0.012083	  0.018536	  0.004203	 -0.073639	  0.039269	  0.035858	  0.067540	 -0.069702	 -0.012916	  0.067484	  0.031004
 -0.008923	 -0.055098	  0.019898	 -0.043911	 -0.078580	  0.001417	  0.025912	  0.053539	 -0.059565	 -0.006581	  0.083322	  0.034045
 -0.025394	 -0.097036	  0.015464	 -0.038083	 -0.075064	 -0.005709	 -0.021316	  0.067476	 -0.016582	 -0.010825	  0.107522	  0.006994
 -0.024539	 -0.122408	  0.002065	 -0.032825	 -0.083490	 -0.018981	 -0.023058	  0.056707	 -0.007460	 -0.002209	  0.057792	 -0.007387
 -0.047155	 -0.097479	  0.011283	 -0.051228	 -0.039524	 -0.005995	 -0.026479	  0.033299	 -0.016804	  0.032507	  0.023075	  0.025682
 -0.055802	 -0.093963	 -0.006582	 -0.059876	 -0.006804	  0.008671	 -0.027017	  0.023163	  0.007174	 -0.006074	  0.010152	  0.042280
 -0.088143	 -0.107805	  0.001210	 -0.052369	 -0.000184	 -0.008814	 -0.040923	 -0.002399	  0.004039	  0.010112	  0.004134	 -0.007070
 -0.060047	 -0.079393	  0.008970	 -0.028169	 -0.004111	 -0.025031	 -0.070096	 -0.028848	 -0.003437	  0.030321	  0.001029	 -0.007070
 -0.036480	 -0.046070	  0.003396	  0.000307	  0.005835	 -0.002795	 -0.062494	 -0.038858	 -0.046547	  0.017271	  0.014270	 -0.043940
 -0.001859	 -0.080565	  0.004283	 -0.005648	  0.006595	 -0.021325	 -0.072820	 -0.003128	 -0.039863	  0.010904	  0.011039	 -0.051542
  0.008245	 -0.060609	  0.019613	 -0.016449	  0.001590	 -0.036435	 -0.072440	 -0.029767	 -0.001505	 -0.020771	  0.020985	 -0.027976
 -0.026281	 -0.051012	 -0.011840	  0.021276	  0.013690	 -0.053159	 -0.053941	 -0.010160	 -0.006794	  0.001908	 -0.002201	 -0.022084
 -0.090360	 -0.050061	 -0.056407	 -0.000453	  0.032695	 -0.048281	 -0.061639	  0.018095	 -0.023012	  0.000831	 -0.006383	 -0.034247
 -0.067427	 -0.043473	 -0.076711	 -0.003145	  0.037763	 -0.029973	 -0.037249	  0.001180	 -0.021492	 -0.008576	 -0.024628	 -0.012708
 -0.014403	 -0.017879	 -0.118934	 -0.023924	  0.061045	 -0.111315	 -0.044185	  0.004379	  0.008853	 -0.031604	 -0.032356	 -0.026329
 -0.020928	 -0.022029	 -0.152194	 -0.018064	  0.048913	 -0.126297	 -0.033954	  0.061395	  0.000839	 -0.026441	 -0.051615	 -0.048438
 -0.048517	 -0.004417	 -0.172181	 -0.015087	  0.023034	 -0.095319	 -0.057964	  0.063232	 -0.001061	 -0.034518	 -0.097734	 -0.034944
 -0.046395	 -0.001281	 -0.210096	  0.007371	  0.031998	 -0.066083	 -0.039783	  0.068363	 -0.021967	 -0.034455	 -0.093680	 -0.028356
 -0.043734	 -0.035522	 -0.223906	  0.012534	  0.031270	 -0.083821	 -0.023692	  0.064847	 -0.069607	 -0.042944	 -0.061308	 -0.007197
 -0.001258	 -0.070999	 -0.210730	  0.020041	  0.017935	 -0.083029	 -0.034715	  0.045145	 -0.062638	 -0.028848	 -0.110088	  0.005283
  0.008657	 -0.051360	 -0.221689	  0.020674	  0.018505	 -0.081699	 -0.055113	  0.035453	 -0.051742	 -0.037274	 -0.107554	 -0.023668
  0.028549	 -0.061781	 -0.223938	  0.021973	  0.042198	 -0.052747	 -0.053530	  0.046381	 -0.078222	 -0.007119	 -0.011957	 -0.016192
  0.012426	 -0.062066	 -0.209463	  0.024064	  0.034722	 -0.025158	 -0.059136	  0.078056	 -0.064855	  0.015719	 -0.017279	  0.001736
  0.019300	 -0.055858	 -0.191503	  0.022733	  0.045587	 -0.045525	 -0.057172	  0.077707	 -0.027827	 -0.015830	 -0.050095	  0.027076
 -0.014783	 -0.043916	 -0.189254	  0.002113	  0.014324	 -0.030733	 -0.050330	  0.069345	 -0.025546	 -0.056501	 -0.034320	  0.058118
 -0.052952	 -0.051550	 -0.177122	  0.026756	  0.001812	 -0.011316	 -0.031832	  0.055186	 -0.038026	 -0.064071	 -0.022474	  0.017257
 -0.049372	 -0.040337	 -0.164769	  0.058178	  0.022116	  0.027265	 -0.067118	  0.063295	 -0.057190	 -0.052795	 -0.017469	  0.074779
 -0.038444	 -0.066659	 -0.176140	  0.061314	  0.003712	  0.013929	 -0.090812	  0.068427	 -0.057285	 -0.033219	  0.033402	  0.066543
 -0.013167	 -0.087755	 -0.144845	  0.069771	  0.003617	 -0.007927	 -0.049824	  0.077707	 -0.067579	 -0.014499	  0.067611	  0.072055
  0.017114	 -0.114014	 -0.134455	  0.053934	 -0.027646	 -0.003366	 -0.030153	  0.049897	 -0.080725	  0.013850	  0.026560	  0.065023
  0.017051	 -0.103054	 -0.141171	  0.079432	 -0.059733	 -0.007483	 -0.015963	  0.053729	 -0.080249	  0.014103	  0.014586	  0.128247
 -0.002715	 -0.111891	 -0.142184	  0.070468	 -0.016908	  0.043609	  0.013717	  0.054046	 -0.081358	 -0.003160	  0.014333	  0.149850
  0.022752	 -0.089655	 -0.144496	  0.036132	 -0.029420	  0.028151	  0.025183	  0.048788	 -0.094440	  0.003397	  0.009328	  0.082445
  0.019838	 -0.089814	 -0.141836	  0.024380	 -0.029832	 -0.030511	  0.085937	  0.015751	 -0.098526	  0.030543	 -0.025451	  0.061919
  0.009924	 -0.118131	 -0.146999	  0.009208	 -0.021881	 -0.033362	  0.076783	 -0.016907	 -0.044298	  0.015592	 -0.037488	  0.069648
 -0.000592	 -0.122724	 -0.111966	 -0.002480	 -0.026601	 -0.036244	  0.056574	 -0.035722	 -0.040750	  0.049453	  0.002930	  0.061792
 -0.000022	 -0.127634	 -0.107785	  0.025552	 -0.030750	 -0.043593	  0.056162	 -0.029862	 -0.038185	  0.085975	  0.030361	  0.075223
 -0.009050	 -0.121172	 -0.109432	  0.060300	 -0.059385	 -0.067983	  0.069497	 -0.024762	 -0.037804	  0.116636	  0.036062	  0.069774
 -0.021656	 -0.093330	 -0.083426	  0.108003	 -0.077567	 -0.097726	  0.058031	 -0.010001	 -0.037266	  0.082047	  0.014396	  0.001419
 -0.003190	 -0.119050	 -0.081209	  0.099863	 -0.058403	 -0.086228	  0.034654	  0.035294	 -0.026718	  0.034977	  0.026496	 -0.014862
 -0.010317	 -0.102832	 -0.034583	  0.107655	 -0.054412	 -0.093038	  0.048401	  0.037068	 -0.050095	  0.003967	 -0.019179	 -0.040076
 -0.005185	 -0.087248	 -0.052828	  0.080002	 -0.023117	 -0.087368	  0.019704	  0.007230	 -0.087503	  0.008339	 -0.012147	 -0.023478
 -0.025109	 -0.083099	 -0.069838	  0.078482	 -0.005125	 -0.106405	  0.008237	  0.052209	 -0.066281	  0.026045	  0.001283	 -0.037605
 -0.034041	 -0.054591	 -0.084884	  0.056626	  0.001242	 -0.069377	  0.011500	  0.050277	 -0.063050	  0.006786	  0.041574	 -0.041913
 -0.065083	 -0.067293	 -0.077757	  0.048992	 -0.000500	 -0.056010	  0.017486	  0.041122	 -0.057126	  0.022022	  0.047149	 -0.020184
 -0.054377	 -0.082528	 -0.082476	  0.027105	  0.020595	 -0.072386	 -0.007410	  0.053761	 -0.040972	  0.035801	  0.004704	 -0.016826
 -0.029955	 -0.129218	 -0.063281	  0.002620	 -0.024162	 -0.063549	  0.001617	  0.051354	 -0.034289	  0.068965	 -0.026528	 -0.037035
 -0.008384	 -0.129883	 -0.057548	 -0.001562	 -0.057073	 -0.106817	 -0.018877	 -0.005535	 -0.049144	  0.095984	 -0.033497	 -0.049325
  0.010526	 -0.105873	 -0.045828	 -0.005363	 -0.023307	 -0.130985	 -0.016153	 -0.007024	 -0.038153	  0.088921	 -0.086584	 -0.070674
 -0.043544	 -0.088673	 -0.048900	 -0.016671	  0.003396	 -0.116510	 -0.037375	  0.017239	 -0.045882	  0.102573	 -0.094313	 -0.032030
 -0.071387	 -0.053641	 -0.032049	  0.010507	 -0.022198	 -0.104441	 -0.041208	  0.024049	 -0.089910	  0.096649	 -0.070557	  0.000976
 -0.087985	 -0.030961	 -0.035248	 -0.028359	 -0.061444	 -0.086640	  0.014762	  0.009701	 -0.063525	  0.095477	 -0.063208	 -0.022211
 -0.112248	 -0.022852	 -0.044909	 -0.062917	 -0.020044	 -0.083504	  0.030156	  0.015877	 -0.051583	  0.059367	 -0.075878	  0.017637
 -0.104772	 -0.002643	 -0.084218	 -0.049771	 -0.018524	 -0.074635	  0.035193	  0.007990	 -0.032071	  0.072513	 -0.083354	  0.000722
 -0.090487	 -0.004227	 -0.115323	 -0.052305	 -0.013962	 -0.068395	  0.025880	  0.022529	 -0.055321	  0.079640	 -0.150885	 -0.009984
 -0.093338	 -0.024024	 -0.115672	 -0.055156	 -0.008673	 -0.044100	  0.043587	  0.019457	 -0.085064	  0.068268	 -0.101535	 -0.047424
 -0.104424	 -0.033432	 -0.118903	 -0.047903	  0.012328	 -0.038145	  0.051569	  0.006976	 -0.084114	  0.071657	 -0.091589	 -0.088159
 -0.132457	 -0.023011	 -0.116147	 -0.025413	  0.020025	 -0.018506	  0.053565	 -0.002051	 -0.084462	  0.079830	 -0.087915	 -0.075172
 -0.098279	  0.014461	 -0.130401	  0.003443	  0.025093	 -0.019552	  0.037759	  0.027819	 -0.074833	  0.058449	 -0.088232	 -0.075109
 -0.080477	  0.025136	 -0.130084	 -0.010716	  0.060379	 -0.002415	  0.009156	  0.003429	 -0.081643	  0.055218	 -0.093300	 -0.100639
 -0.095998	  0.010534	 -0.100119	 -0.014200	  0.065384	 -0.020882	 -0.009976	  0.008592	 -0.122314	  0.057150	 -0.073851	 -0.126359
 -0.090519	  0.003723	 -0.097269	  0.010570	  0.059303	 -0.041027	  0.030156	  0.020597	 -0.118418	  0.030796	 -0.070493	 -0.132821
 -0.105311	  0.001348	 -0.076490	  0.028910	  0.059112	 -0.020882	 -0.001582	  0.048788	 -0.142238	  0.038113	 -0.057000	 -0.149229
 -0.078545	 -0.009929	 -0.076806	  0.041327	  0.059904	  0.008354	 -0.036678	  0.103206	 -0.122884	  0.029941	 -0.012971	 -0.148278
 -0.062676	 -0.012273	 -0.101893	  0.005597	  0.057244	  0.044686	 -0.053783	  0.115496	 -0.115536	  0.011063	 -0.006509	 -0.055787
 -0.071418	 -0.035111	 -0.142564	  0.025806	  0.063452	  0.048265	 -0.047955	  0.110143	 -0.117721	  0.010017	 -0.048511	 -0.014102
 -0.071608	 -0.036346	 -0.113898	  0.007117	  0.036433	  0.017920	 -0.006524	  0.102034	 -0.125355	  0.002415	 -0.000111	  0.048362
 -0.082821	 -0.035871	 -0.085295	 -0.001720	  0.045936	  0.018395	  0.022206	  0.065924	 -0.124690	 -0.015450	  0.043094	  0.061602
 -0.066572	 -0.016422	 -0.084028	  0.005977	  0.023668	 -0.010999	 -0.003039	  0.081952	 -0.134478	 -0.012187	  0.037139	  0.078327
 -0.034833	 -0.032070	 -0.110731	 -0.015435	  0.034754	 -0.053603	 -0.009153	  0.039380	 -0.113762	  0.010271	  0.010279	  0.058878
 -0.017665	 -0.061908	 -0.120392	 -0.016037	 -0.010605	 -0.058354	  0.013495	  0.045747	 -0.095200	  0.024366	 -0.020383	  0.067684
 -0.036322	 -0.067736	 -0.106676	 -0.010747	 -0.039176	 -0.039982	  0.021636	  0.060634	 -0.067674	 -0.011047	  0.000079	  0.058878
  0.001847	 -0.071379	 -0.054665	 -0.043183	 -0.033569	 -0.064467	 -0.000695	  0.036910	 -0.045153	  0.004633	  0.035746	  0.071992


