:RUN-41	LEVEL SWEEP	TEMP:NaN	7/3/2019	5:12 PM	-636.36HR:
:SW EAR: R	SW FREQ: 8.00	# AVERAGES: 512	REP RATE (/sec): 33	DRIVER: RS Tweeter	SAMPLE (µsec): 40	
:NOTES-
:CHAMBER-SEWELL-PXI1
:CFTS Version: V2.7.2 (R850)
:LEVELS:20;25;30;35;40;45;50;55;60;65;70;75;80;
:DATA
 -0.026205	  0.036214	 -0.062746	  0.077785	  0.013430	 -0.037882	  0.011552	  0.005336	  0.061160	 -0.026501	  0.007287	 -0.018585	  0.034835
 -0.009544	  0.047142	 -0.045229	  0.064862	  0.015109	 -0.057172	  0.025141	 -0.043349	  0.036739	 -0.039456	 -0.001867	  0.007578	  0.070121
  0.012027	  0.046699	 -0.029201	  0.051526	  0.042603	 -0.073263	  0.031507	 -0.082342	  0.005222	 -0.038094	  0.024455	 -0.022640	  0.061189
  0.040757	  0.049265	  0.010266	  0.050069	  0.032721	 -0.068544	  0.017982	 -0.045598	 -0.018662	 -0.062643	  0.048370	 -0.039428	  0.065528
 -0.006471	  0.076157	  0.034529	  0.023082	 -0.007792	 -0.041271	  0.002398	 -0.044838	 -0.019833	 -0.035877	 -0.005257	 -0.011902	  0.041328
  0.013896	  0.038020	  0.051000	  0.008923	 -0.028223	  0.020242	 -0.027662	 -0.040815	 -0.027721	 -0.051366	 -0.002374	  0.002384	  0.026884
  0.027326	  0.021802	  0.055910	 -0.028264	 -0.028856	  0.020052	 -0.038305	 -0.036919	 -0.031838	 -0.040122	 -0.017325	 -0.013581	  0.021595
  0.001226	  0.032635	  0.034339	 -0.003842	 -0.001330	  0.050935	 -0.015372	  0.000394	 -0.030825	 -0.023650	 -0.009564	 -0.000499	  0.034550
  0.007434	 -0.011615	  0.010234	 -0.013598	  0.033512	  0.020242	 -0.016386	  0.066247	 -0.041246	 -0.010157	 -0.011497	  0.014103	 -0.021991
  0.012724	 -0.049942	 -0.003354	  0.011045	  0.029680	  0.022459	 -0.019553	  0.052817	 -0.047138	 -0.001636	 -0.005383	  0.002827	 -0.039064
  0.013262	 -0.041390	  0.000035	  0.007656	 -0.020177	  0.024265	 -0.007295	  0.062605	 -0.013910	  0.001943	 -0.028506	 -0.000467	 -0.037005
  0.023177	 -0.038888	 -0.004621	 -0.020187	 -0.020906	  0.019355	  0.007149	  0.031563	 -0.009412	 -0.025202	 -0.006587	  0.019647	 -0.002225
 -0.010906	 -0.013991	 -0.006332	 -0.015024	 -0.012290	 -0.004306	 -0.018064	  0.029092	 -0.028513	 -0.009048	  0.006242	  0.011158	  0.005662
 -0.027852	  0.007136	 -0.029138	 -0.027599	 -0.005512	  0.018120	  0.019693	  0.029092	 -0.025630	  0.029913	 -0.002184	 -0.006074	 -0.000990
 -0.020947	 -0.023652	  0.000542	 -0.029119	 -0.020082	  0.017360	  0.030525	  0.047686	 -0.006340	  0.047841	  0.011151	 -0.001576	  0.002526
  0.008796	 -0.057196	  0.000890	 -0.038875	 -0.003073	  0.054008	  0.027865	  0.008408	  0.037372	  0.047017	  0.017265	  0.004411	 -0.015054
 -0.021327	 -0.029005	  0.003139	 -0.048093	 -0.013050	  0.018627	  0.005027	 -0.010090	  0.031987	  0.049646	  0.016378	  0.021167	 -0.044860
 -0.026585	 -0.027580	  0.012293	 -0.026427	 -0.014159	  0.024455	 -0.011286	 -0.000778	  0.026191	  0.065642	  0.005070	  0.007388	 -0.075934
  0.012946	 -0.035784	 -0.008866	 -0.022024	 -0.000950	 -0.008392	 -0.013630	 -0.016425	  0.050549	  0.072801	 -0.006777	  0.008465	 -0.058956
 -0.023734	 -0.026028	 -0.023690	 -0.021897	  0.009344	 -0.019289	 -0.011286	 -0.012086	  0.051848	  0.048949	 -0.038896	  0.015624	 -0.068142
 -0.022246	 -0.038698	 -0.002056	 -0.030164	 -0.056414	 -0.027176	  0.019154	 -0.023204	  0.019412	  0.045402	 -0.017578	 -0.008956	 -0.072798
  0.017127	 -0.035435	  0.001302	 -0.036088	 -0.068799	 -0.052263	  0.042562	 -0.021652	 -0.008145	  0.039035	 -0.025560	 -0.030052	 -0.077074
 -0.006155	 -0.033471	 -0.018749	 -0.018825	 -0.034399	 -0.066485	  0.003855	 -0.058870	 -0.021639	  0.049646	 -0.015203	 -0.044464	 -0.063770
  0.000402	 -0.009873	 -0.034238	 -0.012553	  0.008394	 -0.060213	 -0.025825	 -0.060422	 -0.007100	  0.053162	 -0.042000	 -0.034993	 -0.037860
 -0.022087	 -0.017032	  0.001080	 -0.013376	  0.001774	 -0.061955	 -0.024558	 -0.055037	 -0.010679	  0.015374	 -0.043679	 -0.033441	 -0.038335
 -0.031748	 -0.015321	 -0.023690	 -0.027789	  0.052644	 -0.057299	 -0.024590	 -0.040435	 -0.013467	 -0.005437	 -0.043013	 -0.059225	 -0.038842
 -0.013218	 -0.029258	 -0.029487	 -0.029911	  0.031802	 -0.049887	 -0.023576	 -0.056051	 -0.051509	  0.016165	 -0.039434	 -0.047378	 -0.043720
  0.025077	 -0.048992	 -0.044089	 -0.032477	  0.016154	 -0.070128	 -0.017621	 -0.068151	 -0.047454	  0.021455	 -0.028063	 -0.027138	 -0.053381
  0.027200	  0.000421	 -0.053908	 -0.057120	  0.047576	 -0.101296	 -0.010494	 -0.067486	 -0.058129	  0.009229	  0.017708	  0.009194	 -0.032285
  0.076740	  0.066781	 -0.056379	 -0.047491	  0.060563	 -0.081214	 -0.013281	 -0.098021	 -0.053314	  0.002957	  0.003486	  0.003777	 -0.004347
  0.103727	  0.049708	 -0.045894	 -0.013820	  0.087614	 -0.043615	 -0.011033	 -0.105750	 -0.066966	  0.013663	 -0.023913	 -0.017382	  0.009431
  0.110981	  0.029151	 -0.033984	 -0.029119	  0.077985	 -0.052833	 -0.018191	 -0.098939	 -0.066618	  0.029121	 -0.014031	 -0.041867	  0.012536
  0.106483	  0.026110	  0.008967	 -0.030608	  0.034621	 -0.062652	 -0.007897	 -0.111451	 -0.029399	  0.018478	 -0.026067	 -0.043799	 -0.015656
  0.093686	  0.013155	 -0.003291	 -0.016797	  0.025910	 -0.058534	 -0.011128	 -0.088645	 -0.026517	 -0.017062	 -0.039466	 -0.025649	 -0.045937
  0.069645	  0.011666	 -0.024418	 -0.020313	  0.053531	 -0.054448	 -0.019997	 -0.055956	 -0.051889	 -0.019248	 -0.041620	 -0.027170	 -0.055851
  0.046046	  0.018603	 -0.033193	  0.006484	  0.051441	 -0.019067	 -0.026300	 -0.044521	 -0.079858	 -0.048769	 -0.030597	 -0.041518	 -0.041091
  0.028372	  0.039319	 -0.023532	 -0.011159	  0.038992	 -0.026416	 -0.025667	 -0.044901	 -0.025979	 -0.038506	 -0.024293	 -0.026504	 -0.007673
  0.043386	  0.035803	 -0.003101	 -0.010716	  0.069876	 -0.031040	 -0.026585	 -0.046010	 -0.001082	 -0.027863	 -0.071426	 -0.031446	  0.002780
  0.029005	  0.059147	 -0.006997	 -0.001942	  0.088057	 -0.019130	 -0.042233	 -0.046010	  0.012982	 -0.000401	 -0.085332	 -0.019092	 -0.024493
  0.033313	  0.049708	 -0.023183	  0.013326	  0.090655	 -0.036964	 -0.066971	 -0.070495	  0.028820	  0.008595	 -0.111622	 -0.033980	  0.002875
  0.025109	  0.031938	 -0.015423	  0.020770	  0.071998	 -0.073232	 -0.051830	 -0.082690	  0.032874	 -0.021877	 -0.108803	 -0.006454	  0.027360
  0.037146	  0.035644	  0.021416	  0.024697	  0.040544	 -0.091603	 -0.086737	 -0.086174	  0.033698	 -0.025424	 -0.108265	  0.001623	  0.077692
  0.047187	  0.016861	  0.004786	 -0.013345	  0.024168	 -0.086694	 -0.111855	 -0.115379	  0.028028	 -0.034927	 -0.102626	  0.024271	  0.120327
  0.051495	  0.006598	  0.024647	 -0.068872	  0.024612	 -0.079757	 -0.103493	 -0.074866	  0.038544	 -0.045981	 -0.123754	  0.004062	  0.162581
  0.031507	  0.000833	  0.054580	 -0.056740	  0.028571	 -0.053973	 -0.092596	 -0.051078	  0.051658	 -0.048357	 -0.104622	  0.016891	  0.236670
  0.009525	  0.004317	  0.052679	 -0.030513	  0.029680	 -0.048018	 -0.062790	 -0.075468	  0.019792	 -0.033311	 -0.096418	  0.033425	  0.279812
 -0.016797	  0.029848	  0.040548	 -0.012680	  0.031169	 -0.009406	 -0.035232	 -0.071287	  0.015453	  0.005713	 -0.127935	  0.064372	  0.288459
  0.000782	  0.039224	  0.041403	 -0.007010	  0.027051	 -0.031895	 -0.049486	 -0.060897	 -0.008810	  0.023578	 -0.121980	  0.096554	  0.283011
 -0.008403	  0.059464	  0.032217	  0.035182	  0.063604	 -0.059960	 -0.038748	 -0.027258	 -0.009761	  0.036533	 -0.138926	  0.084771	  0.252064
  0.027453	  0.016829	  0.047326	 -0.011571	  0.053563	 -0.074087	 -0.031020	 -0.000556	  0.013837	  0.017306	 -0.070856	  0.076979	  0.153174
  0.024824	 -0.014910	  0.050589	  0.022353	  0.069591	 -0.074087	 -0.031716	 -0.007461	  0.043517	 -0.011867	 -0.053118	  0.075902	  0.023273
  0.014529	  0.003589	  0.014827	  0.003697	  0.046214	 -0.040099	 -0.011286	 -0.036127	  0.022738	 -0.012216	 -0.043964	  0.047806	 -0.076979
  0.008226	 -0.017063	 -0.012952	  0.020294	  0.043680	  0.003359	 -0.040237	 -0.041670	  0.031481	 -0.000179	 -0.046371	 -0.008006	 -0.175489
 -0.012521	 -0.028593	 -0.017355	  0.042404	  0.032055	 -0.039719	 -0.046414	 -0.047530	  0.047191	  0.003622	 -0.062621	 -0.063058	 -0.207640
 -0.005869	 -0.030621	 -0.052863	  0.010855	  0.021603	 -0.027873	 -0.035137	 -0.056621	  0.046051	  0.021994	 -0.064901	 -0.074873	 -0.236211
  0.016747	 -0.069011	 -0.105919	 -0.001118	 -0.012702	 -0.037090	 -0.059686	 -0.012497	  0.058721	  0.019396	 -0.096957	 -0.141739	 -0.222970
  0.034517	 -0.037906	 -0.125716	 -0.003240	  0.009946	 -0.037534	 -0.045970	  0.005684	  0.070758	  0.031845	 -0.124894	 -0.192610	 -0.251383
  0.055929	 -0.021815	 -0.117164	  0.011774	  0.031264	  0.005513	 -0.029626	 -0.002171	  0.065943	  0.058769	 -0.130089	 -0.212217	 -0.254171
  0.049689	 -0.021371	 -0.135124	  0.022797	  0.024232	  0.035130	 -0.015182	 -0.007778	  0.075858	  0.060891	 -0.156506	 -0.233439	 -0.237985
  0.036829	 -0.047630	 -0.121503	 -0.023703	 -0.024453	  0.023315	 -0.027314	 -0.024471	  0.084853	  0.030799	 -0.198666	 -0.226534	 -0.207418
  0.014339	 -0.051431	 -0.096226	 -0.021580	 -0.034399	  0.031962	 -0.034409	 -0.043064	  0.087324	  0.026428	 -0.211843	 -0.202176	 -0.135262
  0.052793	 -0.051241	 -0.081751	 -0.056550	 -0.028128	  0.030347	 -0.041156	 -0.013226	  0.133982	  0.015532	 -0.213332	 -0.187447	 -0.078848
  0.053427	 -0.040788	 -0.070538	 -0.074320	 -0.047735	  0.001839	 -0.062315	 -0.020733	  0.143738	  0.010116	 -0.236201	 -0.152920	 -0.042041
  0.074396	 -0.001543	 -0.075828	 -0.086230	 -0.052486	 -0.001741	 -0.101022	 -0.023837	  0.144688	 -0.011582	 -0.224228	 -0.103127	  0.046460
  0.085260	 -0.007466	 -0.063284	 -0.086546	 -0.073994	 -0.007442	 -0.088289	  0.022409	  0.107089	  0.006853	 -0.206775	 -0.050799	  0.165749
  0.094098	 -0.004742	 -0.096005	 -0.075777	 -0.104085	  0.010264	 -0.133141	  0.024278	  0.075889	 -0.000401	 -0.197747	 -0.000847	  0.236860
  0.105089	  0.005236	 -0.119888	 -0.062473	 -0.122552	 -0.024388	 -0.115656	 -0.048196	  0.053558	 -0.013863	 -0.154416	  0.036340	  0.312912
  0.106736	 -0.004077	 -0.122612	 -0.091710	 -0.102755	 -0.021728	 -0.112710	 -0.052060	  0.041870	 -0.010188	 -0.138388	  0.071151	  0.333755
  0.110949	 -0.009271	 -0.138355	 -0.115339	 -0.103230	 -0.033226	 -0.103714	 -0.027131	  0.060907	 -0.008858	 -0.067150	  0.085341	  0.339963
  0.087921	 -0.013579	 -0.142219	 -0.100769	 -0.095596	 -0.060530	 -0.105963	 -0.040815	  0.057359	  0.020315	 -0.038104	  0.078974	  0.314433
  0.054472	  0.006059	 -0.120997	 -0.067003	 -0.064934	 -0.051027	 -0.096207	 -0.039707	  0.057359	  0.008563	 -0.038547	  0.075300	  0.279052
  0.041834	 -0.038191	 -0.133096	 -0.103810	 -0.046563	 -0.047321	 -0.094054	 -0.015823	  0.066070	 -0.009238	 -0.036552	  0.056580	  0.179179
  0.025109	 -0.007086	 -0.146115	 -0.118697	 -0.005797	 -0.072313	 -0.118792	  0.001376	  0.062301	  0.007677	 -0.006840	  0.074350	  0.063343
  0.038096	 -0.038793	 -0.145862	 -0.129403	  0.020050	 -0.098287	 -0.138177	  0.018259	  0.046716	 -0.022035	  0.024455	  0.053032	  0.003033
  0.037969	 -0.036449	 -0.124069	 -0.116321	  0.028001	 -0.065725	 -0.102257	 -0.017946	  0.038766	 -0.042561	 -0.024547	  0.015054	 -0.049390
  0.010253	 -0.047630	 -0.142251	 -0.069537	  0.031612	 -0.040765	 -0.068048	 -0.055291	  0.033571	 -0.043131	 -0.006555	 -0.005250	 -0.106659
 -0.008498	 -0.010792	 -0.093344	 -0.036404	 -0.009249	 -0.038231	 -0.082492	 -0.062133	  0.026634	 -0.041515	  0.015998	 -0.003445	 -0.137637
 -0.013662	  0.007200	 -0.086407	 -0.064089	  0.007982	 -0.034968	 -0.100990	 -0.045060	  0.008516	 -0.064258	 -0.006270	 -0.034486	 -0.144067
 -0.040174	  0.000231	 -0.083271	 -0.033934	 -0.013557	 -0.048303	 -0.086768	 -0.051743	  0.019381	 -0.095015	 -0.042887	 -0.100498	 -0.166272
  0.005185	 -0.000181	 -0.098127	  0.010000	  0.003643	 -0.039117	 -0.078406	 -0.039485	  0.025842	 -0.081173	 -0.090336	 -0.133028	 -0.168236
  0.047567	  0.023006	 -0.096860	  0.006674	 -0.010168	 -0.058154	 -0.077329	 -0.062196	  0.026317	 -0.070815	 -0.111274	 -0.148486	 -0.153823
  0.034200	 -0.004900	 -0.085330	  0.015670	 -0.008426	 -0.047416	 -0.083917	 -0.079744	  0.017258	 -0.080159	 -0.102595	 -0.186465	 -0.129307
  0.006896	 -0.020104	 -0.082954	  0.025109	 -0.014856	 -0.043330	 -0.091361	 -0.111895	 -0.013815	 -0.067489	 -0.095626	 -0.199800	 -0.131270
 -0.013155	 -0.061567	 -0.059831	  0.026154	 -0.035223	 -0.069019	 -0.110556	 -0.102234	 -0.035830	 -0.031981	 -0.115265	 -0.204361	 -0.136117
  0.008416	 -0.059287	 -0.063696	  0.013136	 -0.041273	 -0.030438	 -0.107674	 -0.112813	 -0.075804	 -0.045570	 -0.144850	 -0.161029	 -0.083979
 -0.019141	 -0.035815	 -0.063252	 -0.004666	 -0.076844	 -0.028950	 -0.123068	 -0.127796	 -0.053251	 -0.041135	 -0.133066	 -0.124064	 -0.048788
  0.019122	 -0.079591	 -0.069841	 -0.025635	 -0.083781	  0.008554	 -0.107801	 -0.153136	 -0.029938	 -0.020388	 -0.110735	 -0.068157	 -0.003682
  0.043956	 -0.109460	 -0.042410	 -0.061111	 -0.077731	  0.004088	 -0.098203	 -0.132357	 -0.033074	  0.004161	 -0.114916	 -0.061062	  0.052510
  0.020073	 -0.112596	 -0.102371	 -0.076315	 -0.073487	 -0.003894	 -0.107199	 -0.122411	 -0.050780	  0.024559	 -0.125401	 -0.005725	  0.052763
  0.031888	 -0.103284	 -0.112539	 -0.075397	 -0.051948	 -0.031167	 -0.098013	 -0.113257	 -0.053283	  0.018288	 -0.160244	  0.048344	  0.057609
  0.042150	 -0.111012	 -0.123879	 -0.087782	 -0.043807	 -0.044882	 -0.057722	 -0.146231	 -0.049925	 -0.007274	 -0.133351	  0.050498	  0.057641
  0.031539	 -0.074364	 -0.140065	 -0.103429	 -0.065346	 -0.043774	 -0.084076	 -0.185445	 -0.015969	 -0.018962	 -0.115582	  0.020090	  0.035183
  0.029480	 -0.015036	 -0.138798	 -0.116543	 -0.094234	 -0.051027	 -0.103144	 -0.162575	  0.008643	 -0.028370	 -0.097463	  0.029878	  0.064990
  0.066509	 -0.029702	 -0.140540	 -0.128580	 -0.111212	 -0.050362	 -0.080591	 -0.188992	  0.031512	 -0.026406	 -0.127650	  0.015085	  0.051655
  0.036259	 -0.058305	 -0.136011	 -0.116195	 -0.088881	 -0.076431	 -0.052844	 -0.149050	 -0.020657	 -0.044556	 -0.151343	 -0.002494	  0.017920
  0.027358	 -0.057323	 -0.125811	 -0.114642	 -0.047956	 -0.078965	 -0.078343	 -0.138058	 -0.017014	 -0.079937	 -0.146687	 -0.027106	 -0.008655
  0.018521	 -0.043069	 -0.110227	 -0.129403	 -0.040861	 -0.085300	 -0.078501	 -0.164381	 -0.011883	 -0.073982	 -0.172375	 -0.021975	 -0.029466
  0.004298	 -0.058970	 -0.038767	 -0.096873	 -0.057047	 -0.062430	 -0.085311	 -0.163335	  0.001991	 -0.046203	 -0.191444	 -0.020803	 -0.049928
  0.002018	 -0.054599	 -0.042568	 -0.104221	 -0.052803	 -0.075164	 -0.089587	 -0.110754	  0.009149	 -0.017949	 -0.200915	 -0.015165	 -0.060539
  0.046300	 -0.047820	 -0.036518	 -0.081035	 -0.067912	 -0.074150	 -0.067256	 -0.127416	 -0.021956	 -0.000971	 -0.188372	 -0.032079	 -0.124302
  0.030114	 -0.014244	 -0.046686	 -0.088225	 -0.064459	 -0.087296	 -0.038337	 -0.122633	 -0.015272	 -0.023745	 -0.205983	 -0.065687	 -0.094749
  0.025109	  0.035391	 -0.020649	 -0.087813	 -0.012068	 -0.054068	 -0.077772	 -0.092224	 -0.030128	 -0.064860	 -0.217006	 -0.074587	 -0.105550
  0.079464	  0.048346	 -0.002974	 -0.069949	 -0.008014	 -0.053878	 -0.089587	 -0.051490	 -0.072510	 -0.069136	 -0.211304	 -0.070153	 -0.085880
  0.067902	  0.047586	 -0.009880	 -0.075365	 -0.045929	 -0.047543	 -0.059876	 -0.051490	 -0.095506	 -0.040565	 -0.179186	 -0.108575	 -0.082554
  0.038824	  0.058070	 -0.034048	 -0.089080	 -0.038169	 -0.036013	 -0.054934	 -0.058110	 -0.083342	 -0.029764	 -0.197431	 -0.101606	 -0.057309
  0.033756	  0.047332	 -0.023722	 -0.054998	 -0.019512	 -0.047638	 -0.088574	 -0.069196	 -0.064242	 -0.072905	 -0.211558	 -0.108132	 -0.078721
  0.049436	  0.027757	 -0.033889	 -0.077392	 -0.047608	 -0.063222	 -0.074922	 -0.075246	 -0.100035	 -0.120862	 -0.238767	 -0.140662	 -0.078278
  0.048770	  0.019300	 -0.023310	 -0.065451	 -0.071713	 -0.077983	 -0.062220	 -0.085129	 -0.070071	 -0.166126	 -0.283176	 -0.144875	 -0.073653
  0.026946	  0.044197	 -0.046591	 -0.082144	 -0.059550	 -0.038516	 -0.094434	 -0.065807	 -0.080143	 -0.157035	 -0.259419	 -0.174935	 -0.041249
  0.020928	  0.013693	 -0.040826	 -0.071564	 -0.032721	 -0.042222	 -0.089746	 -0.069038	 -0.081252	 -0.150700	 -0.253686	 -0.177596	 -0.029878
  0.016683	 -0.011172	 -0.029170	 -0.056392	 -0.041178	 -0.013175	 -0.068998	 -0.070305	 -0.067568	 -0.166601	 -0.212540	 -0.182284	 -0.021452
  0.049309	 -0.034738	 -0.002024	 -0.046255	 -0.044916	 -0.029488	 -0.090316	 -0.064952	 -0.101809	 -0.182185	 -0.245957	 -0.179940	 -0.002859
  0.020104	 -0.009588	 -0.009183	 -0.044260	 -0.000507	 -0.013270	 -0.099660	 -0.097862	 -0.107321	 -0.197263	 -0.232939	 -0.178229	  0.018047
  0.002461	 -0.029860	 -0.037089	 -0.049106	 -0.011308	 -0.029456	 -0.067383	 -0.118483	 -0.101556	 -0.198593	 -0.195910	 -0.153206	  0.032586
 -0.007453	 -0.044114	 -0.088941	 -0.070487	 -0.002597	 -0.065408	 -0.058767	 -0.113130	 -0.060093	 -0.166443	 -0.160180	 -0.091692	  0.024034
 -0.007548	 -0.081491	 -0.069778	 -0.078311	  0.030250	 -0.060688	 -0.077709	 -0.114112	 -0.054296	 -0.160773	 -0.157235	 -0.083963	  0.049532
 -0.023766	 -0.110157	 -0.052705	 -0.093040	  0.049984	 -0.088563	 -0.057088	 -0.125008	 -0.069247	 -0.169705	 -0.190906	 -0.082253	  0.061062
 -0.044133	 -0.094161	 -0.054510	 -0.122815	  0.044377	 -0.120491	 -0.070677	 -0.120225	 -0.051540	 -0.125328	 -0.142886	 -0.071262	  0.047822
 -0.044798	 -0.105184	 -0.074117	 -0.118792	  0.035730	 -0.127301	 -0.078754	 -0.115062	 -0.062278	 -0.102807	 -0.134840	 -0.082601	  0.032206
 -0.025825	 -0.097677	 -0.090271	 -0.076790	  0.004656	 -0.101138	 -0.062885	 -0.147688	 -0.079858	 -0.068978	 -0.120998	 -0.109399	  0.081461
 -0.054934	 -0.058051	 -0.081751	 -0.082460	  0.001774	 -0.084255	 -0.041472	 -0.158362	 -0.097280	 -0.067806	 -0.118021	 -0.110064	  0.078167
 -0.022372	 -0.044526	 -0.075733	 -0.093927	  0.009408	 -0.096703	 -0.066939	 -0.129664	 -0.091388	 -0.086177	 -0.094961	 -0.119218	  0.057419
  0.025331	 -0.076993	 -0.071583	 -0.097253	 -0.015046	 -0.054765	 -0.067225	 -0.114112	 -0.105293	 -0.083612	 -0.071014	 -0.109874	  0.039269
  0.011299	 -0.065083	 -0.044152	 -0.082429	 -0.042762	 -0.019320	 -0.051007	 -0.111610	 -0.096614	 -0.096219	 -0.090020	 -0.123906	  0.001164
 -0.009607	 -0.084469	 -0.082353	 -0.083062	 -0.032182	 -0.040670	 -0.033015	 -0.129031	 -0.076311	 -0.067172	 -0.104907	 -0.133915	 -0.028294
  0.000402	 -0.107401	 -0.114535	 -0.043310	 -0.050427	 -0.025719	 -0.034346	 -0.139040	 -0.079827	 -0.087349	 -0.120270	 -0.154061	 -0.041376
  0.027865	 -0.109619	 -0.084918	 -0.027504	 -0.040608	 -0.021854	 -0.050278	 -0.125420	 -0.082709	 -0.059095	 -0.126541	 -0.151653	 -0.037290
  0.048612	 -0.059920	 -0.059705	 -0.026427	 -0.052391	 -0.052294	 -0.055663	 -0.115822	 -0.081980	 -0.049783	 -0.131673	 -0.162835	 -0.053317
  0.062486	 -0.110221	 -0.065185	 -0.028169	 -0.065790	 -0.049539	 -0.082207	 -0.125072	 -0.031648	 -0.064131	 -0.142126	 -0.197393	 -0.110808
  0.019249	 -0.124506	 -0.085203	 -0.029182	 -0.063857	 -0.040733	 -0.076790	 -0.099510	 -0.011091	 -0.056244	 -0.155904	 -0.201574	 -0.156294
  0.051685	 -0.137525	 -0.105444	 -0.030925	 -0.081912	 -0.050837	 -0.037355	 -0.094347	  0.002434	 -0.053869	 -0.174244	 -0.171736	 -0.207450
  0.054409	 -0.169738	 -0.132400	 -0.049676	 -0.113018	 -0.090210	 -0.064025	 -0.114872	 -0.003964	 -0.053552	 -0.186883	 -0.191881	 -0.249989
  0.051558	 -0.173856	 -0.137056	 -0.075460	 -0.101519	 -0.093251	 -0.053097	 -0.123329	  0.007217	 -0.049846	 -0.186534	 -0.198755	 -0.256198
  0.060744	 -0.169010	 -0.123942	 -0.110113	 -0.110420	 -0.049380	 -0.050056	 -0.132420	  0.006045	 -0.086526	 -0.175860	 -0.216651	 -0.254551
  0.067142	 -0.180033	 -0.087326	 -0.124303	 -0.105257	 -0.042633	 -0.072419	 -0.151077	  0.013489	 -0.070340	 -0.194517	 -0.222353	 -0.247772
  0.059952	 -0.189409	 -0.044374	 -0.103239	 -0.118307	 -0.054258	 -0.105457	 -0.150475	  0.006615	 -0.085702	 -0.178616	 -0.240249	 -0.235546
  0.056373	 -0.130810	 -0.066103	 -0.113851	 -0.105986	 -0.060973	 -0.117050	 -0.200522	 -0.024363	 -0.091531	 -0.210101	 -0.245127	 -0.234754
  0.033788	 -0.127135	 -0.061003	 -0.097348	 -0.094424	 -0.051091	 -0.109131	 -0.181359	 -0.021987	 -0.086906	 -0.240699	 -0.225805	 -0.240202
 -0.016892	 -0.117348	 -0.070855	 -0.123512	 -0.133416	 -0.077603	 -0.125824	 -0.202708	 -0.031268	 -0.106101	 -0.284569	 -0.226059	 -0.241310
 -0.018001	 -0.124411	 -0.088276	 -0.137132	 -0.177413	 -0.063824	 -0.138811	 -0.182752	 -0.014765	 -0.096345	 -0.309118	 -0.210696	 -0.228830
  0.023113	 -0.133534	 -0.101073	 -0.155757	 -0.179156	 -0.041303	 -0.156074	 -0.151710	 -0.019295	 -0.077530	 -0.292013	 -0.187700	 -0.206974
  0.042625	 -0.185228	 -0.082353	 -0.147585	 -0.179789	 -0.073992	 -0.176726	 -0.146611	 -0.035354	 -0.068313	 -0.294927	 -0.221719	 -0.143434
  0.029449	 -0.137461	 -0.081434	 -0.140363	 -0.206016	 -0.029266	 -0.194528	 -0.132294	 -0.040961	 -0.071322	 -0.305634	 -0.206008	 -0.109034
  0.047884	 -0.116302	 -0.062270	 -0.159178	 -0.222202	 -0.021506	 -0.222845	 -0.100428	  0.008453	 -0.105531	 -0.313426	 -0.224475	 -0.128610
  0.040091	 -0.139615	 -0.079185	 -0.155219	 -0.175228	 -0.016280	 -0.216985	 -0.114935	  0.000692	 -0.089123	 -0.299774	 -0.263879	 -0.109921
  0.005470	 -0.150258	 -0.091760	 -0.187749	 -0.177192	 -0.055304	 -0.178595	 -0.104071	 -0.043400	 -0.088015	 -0.279406	 -0.258431	 -0.114387
  0.011995	 -0.106768	 -0.114313	 -0.181319	 -0.153340	 -0.051122	 -0.205361	 -0.105243	 -0.064622	 -0.120640	 -0.291031	 -0.217601	 -0.077517
  0.020579	 -0.119977	 -0.148427	 -0.172957	 -0.150648	 -0.030850	 -0.200071	 -0.080948	 -0.068518	 -0.112468	 -0.259578	 -0.190297	 -0.075902
 -0.018381	 -0.109745	 -0.146939	 -0.191297	 -0.144820	 -0.028379	 -0.191835	 -0.060105	 -0.086827	 -0.104581	 -0.233255	 -0.207750	 -0.077169
 -0.027504	 -0.083075	 -0.140160	 -0.164436	 -0.143236	 -0.032212	 -0.207800	 -0.070305	 -0.096805	 -0.100811	 -0.248713	 -0.220231	 -0.061585
  0.007624	 -0.061504	 -0.137373	 -0.145177	 -0.149001	 -0.000505	 -0.197600	 -0.074201	 -0.117488	 -0.156528	 -0.244437	 -0.191913	 -0.062915
  0.006611	 -0.085482	 -0.136517	 -0.128865	 -0.108551	 -0.029488	 -0.142738	 -0.073758	 -0.097881	 -0.179810	 -0.244912	 -0.152224	 -0.052937
 -0.015182	 -0.079369	 -0.133888	 -0.132951	 -0.098764	 -0.042697	 -0.119584	 -0.048417	 -0.093859	 -0.156022	 -0.248523	 -0.133694	 -0.029023
  0.012977	 -0.112343	 -0.169713	 -0.126711	 -0.075641	 -0.037344	 -0.078564	 -0.063400	 -0.120751	 -0.133659	 -0.225400	 -0.136259	 -0.041724
 -0.000041	 -0.122827	 -0.156726	 -0.083759	 -0.076464	 -0.045516	 -0.057088	 -0.028810	 -0.119421	 -0.135908	 -0.211526	 -0.112154	 -0.056453
 -0.015657	 -0.122416	 -0.127173	 -0.085976	 -0.074595	 -0.029837	 -0.052591	 -0.027480	 -0.122778	 -0.124283	 -0.208105	 -0.086719	 -0.076726
  0.001289	 -0.161313	 -0.102688	 -0.058260	 -0.072600	 -0.032181	 -0.046319	 -0.026118	 -0.080872	 -0.128496	 -0.197272	 -0.083615	 -0.127754
 -0.010209	 -0.180350	 -0.097747	 -0.057944	 -0.066328	 -0.026922	 -0.024843	 -0.016995	 -0.066365	 -0.136193	 -0.214947	 -0.060714	 -0.133931
 -0.004824	 -0.162802	 -0.114566	 -0.079483	 -0.039974	 -0.019320	 -0.051260	 -0.034227	 -0.051604	 -0.152917	 -0.229201	 -0.080637	 -0.117587
 -0.009639	 -0.159191	 -0.121282	 -0.098773	 -0.037440	  0.001680	 -0.042613	 -0.076513	 -0.096488	 -0.165366	 -0.232273	 -0.082601	 -0.153316
  0.008575	 -0.178481	 -0.113870	 -0.083442	 -0.071681	  0.004119	 -0.040617	 -0.074043	 -0.064527	 -0.136921	 -0.220332	 -0.074809	 -0.178213
  0.022132	 -0.155896	 -0.100439	 -0.060129	 -0.058916	  0.020844	 -0.051070	 -0.059915	 -0.069437	 -0.169674	 -0.192616	 -0.119725	 -0.209952
  0.010633	 -0.146837	 -0.111272	 -0.092058	 -0.074120	 -0.005383	 -0.069980	 -0.062291	 -0.061645	 -0.157384	 -0.159610	 -0.148866	 -0.207798
  0.001353	 -0.146932	 -0.095593	 -0.101085	 -0.111054	  0.006590	 -0.104031	 -0.070558	 -0.087397	 -0.136795	 -0.126921	 -0.179496	 -0.211567
 -0.019046	 -0.125963	 -0.109213	 -0.090949	 -0.131199	 -0.008677	 -0.122118	 -0.096500	 -0.135227	 -0.151967	 -0.092079	 -0.190741	 -0.215020
 -0.028549	 -0.123683	 -0.109118	 -0.094940	 -0.148652	  0.015586	 -0.120502	 -0.096342	 -0.134150	 -0.173538	 -0.136044	 -0.180003	 -0.227025
 -0.023354	 -0.124918	 -0.067465	 -0.118887	 -0.160626	  0.025278	 -0.126869	 -0.104546	 -0.113117	 -0.184941	 -0.143139	 -0.165781	 -0.208527
 -0.033839	 -0.140724	 -0.070126	 -0.148060	 -0.198699	  0.021477	 -0.127788	 -0.136760	 -0.085908	 -0.143858	 -0.144121	 -0.183551	 -0.238143
 -0.002195	 -0.114022	 -0.083271	 -0.139761	 -0.158345	  0.041876	 -0.131240	 -0.123108	 -0.095347	 -0.129763	 -0.135474	 -0.197203	 -0.217807
  0.012787	 -0.126280	 -0.075954	 -0.125634	 -0.179282	 -0.000125	 -0.125159	 -0.131217	 -0.099275	 -0.119532	 -0.107473	 -0.211140	 -0.212391
  0.007339	 -0.128909	 -0.048935	 -0.126014	 -0.173391	 -0.030660	 -0.143499	 -0.116139	 -0.104913	 -0.170212	 -0.118527	 -0.227167	 -0.181698
  0.009905	 -0.121719	 -0.040890	 -0.107420	 -0.172662	 -0.013112	 -0.181002	 -0.121397	 -0.131679	 -0.159221	 -0.142379	 -0.223810	 -0.135040
 -0.009956	 -0.122384	 -0.046274	 -0.108371	 -0.183083	 -0.020081	 -0.174129	 -0.109741	 -0.126136	 -0.148261	 -0.157583	 -0.232964	 -0.103016
 -0.005173	 -0.087668	 -0.031545	 -0.162694	 -0.176970	 -0.021284	 -0.146698	 -0.089247	 -0.117995	 -0.153868	 -0.170127	 -0.239806	 -0.115750
 -0.036119	 -0.097297	 -0.014758	 -0.195415	 -0.181278	  0.007920	 -0.141788	 -0.119085	 -0.133453	 -0.158049	 -0.203449	 -0.228720	 -0.122940
 -0.023893	 -0.082663	 -0.004716	 -0.208528	 -0.157680	  0.002282	 -0.191170	 -0.160991	 -0.127118	 -0.123269	 -0.194865	 -0.256435	 -0.108116
 -0.047047	 -0.088301	 -0.038229	 -0.192437	 -0.165884	 -0.015994	 -0.223701	 -0.175720	 -0.128226	 -0.107305	 -0.190240	 -0.257512	 -0.107070
 -0.087528	 -0.088586	 -0.047161	 -0.174287	 -0.174974	 -0.012669	 -0.221610	 -0.188232	 -0.154675	 -0.089250	 -0.192869	 -0.246553	 -0.105487
 -0.092470	 -0.089822	 -0.031292	 -0.165386	 -0.161797	 -0.009184	 -0.188034	 -0.195074	 -0.164305	 -0.053267	 -0.225400	 -0.261282	 -0.119899
 -0.070867	 -0.136258	 -0.009721	 -0.151259	 -0.189165	 -0.030818	 -0.170391	 -0.185793	 -0.180174	 -0.059063	 -0.265374	 -0.296663	 -0.136592
 -0.067003	 -0.189567	 -0.028061	 -0.158006	 -0.213333	 -0.040638	 -0.173622	 -0.156462	 -0.194776	 -0.038189	 -0.273166	 -0.277246	 -0.117840
  0.016715	 -0.148073	 -0.019382	 -0.153666	 -0.176146	 -0.035411	 -0.177898	 -0.113795	 -0.190817	 -0.029194	 -0.275542	 -0.293876	 -0.125252
  0.028435	 -0.148738	 -0.042980	 -0.160128	 -0.129647	 -0.041525	 -0.158861	 -0.082627	 -0.197975	 -0.033913	 -0.269999	 -0.280889	 -0.141185
 -0.014548	 -0.143701	 -0.061384	 -0.183093	 -0.140892	 -0.045294	 -0.195953	 -0.066409	 -0.203740	 -0.056213	 -0.260940	 -0.284658	 -0.176915
 -0.011444	 -0.153806	 -0.077126	 -0.172767	 -0.143584	 -0.020112	 -0.198234	 -0.071889	 -0.204532	 -0.068788	 -0.240731	 -0.269929	 -0.221007
  0.027390	 -0.163435	 -0.071425	 -0.154427	 -0.134462	 -0.038104	 -0.201274	 -0.097957	 -0.178590	 -0.092069	 -0.214757	 -0.280034	 -0.209762
  0.045508	 -0.150512	 -0.091507	 -0.180115	 -0.164522	 -0.063602	 -0.192722	 -0.091242	 -0.162182	 -0.089788	 -0.232812	 -0.270594	 -0.187304
  0.039553	 -0.163245	 -0.051564	 -0.182554	 -0.143806	 -0.028031	 -0.188953	 -0.099478	 -0.145014	 -0.117504	 -0.200915	 -0.222416	 -0.226265
  0.040155	 -0.198626	 -0.052895	 -0.195224	 -0.147037	 -0.000188	 -0.196206	 -0.122854	 -0.123095	 -0.138885	 -0.166516	 -0.223303	 -0.229464
  0.052920	 -0.206292	 -0.073230	 -0.182048	 -0.147829	 -0.021886	 -0.190220	 -0.130045	 -0.118217	 -0.133089	 -0.146275	 -0.220706	 -0.220088
  0.085292	 -0.218709	 -0.097874	 -0.138969	 -0.111592	 -0.043995	 -0.167160	 -0.100460	 -0.120529	 -0.143446	 -0.147542	 -0.260141	 -0.228482
  0.123809	 -0.207305	 -0.086027	 -0.140173	 -0.085998	 -0.064014	 -0.187749	 -0.087758	 -0.104913	 -0.118486	 -0.160434	 -0.253141	 -0.215052
  0.101542	 -0.193400	 -0.111589	 -0.126077	 -0.051314	 -0.060530	 -0.174921	 -0.083640	 -0.104122	 -0.115540	 -0.199965	 -0.231824	 -0.264497
  0.095872	 -0.176802	 -0.128820	 -0.131557	 -0.054418	 -0.097527	 -0.150087	 -0.098781	 -0.078971	 -0.112183	 -0.222042	 -0.231760	 -0.268741
  0.041992	 -0.174775	 -0.094136	 -0.150119	 -0.024897	 -0.100884	 -0.184677	 -0.125832	 -0.078528	 -0.121020	 -0.226445	 -0.225584	 -0.229907
  0.057608	 -0.167046	 -0.106426	 -0.132951	 -0.018593	 -0.112446	 -0.177011	 -0.112845	 -0.086415	 -0.100051	 -0.190430	 -0.225774	 -0.222844
  0.083297	 -0.158272	 -0.088941	 -0.127091	  0.011340	 -0.140447	 -0.192817	 -0.143412	 -0.077831	 -0.094983	 -0.172344	 -0.264798	 -0.244098
  0.091532	 -0.110949	 -0.073040	 -0.132602	  0.011847	 -0.139401	 -0.190188	 -0.156018	 -0.072826	 -0.099861	 -0.176747	 -0.263087	 -0.250211
  0.098469	 -0.142973	 -0.126793	 -0.135516	 -0.026892	 -0.143171	 -0.199786	 -0.152756	 -0.081220	 -0.082376	 -0.188847	 -0.251621	 -0.214101
  0.084564	 -0.146077	 -0.123150	 -0.132222	 -0.044757	 -0.135695	 -0.195858	 -0.143633	 -0.101809	 -0.098721	 -0.179091	 -0.247535	 -0.183218
  0.067459	 -0.156593	 -0.091697	 -0.114801	 -0.030630	 -0.128664	 -0.184106	 -0.163937	 -0.091293	 -0.081173	 -0.215105	 -0.251938	 -0.140931
  0.086622	 -0.103125	 -0.023817	 -0.133869	 -0.025784	 -0.161479	 -0.164341	 -0.160833	 -0.086858	 -0.105879	 -0.216246	 -0.271323	 -0.131967
  0.061251	 -0.096347	 -0.014789	 -0.105362	 -0.021856	 -0.155524	 -0.127724	 -0.169765	 -0.071369	 -0.098372	 -0.203734	 -0.243132	 -0.145588
  0.061916	 -0.107085	 -0.064013	 -0.114896	 -0.024390	 -0.103228	 -0.067953	 -0.180598	 -0.094714	 -0.110251	 -0.188942	 -0.254598	 -0.169249
  0.045666	 -0.087921	 -0.072026	 -0.105678	 -0.036997	 -0.081024	 -0.062188	 -0.178064	 -0.094175	 -0.124156	 -0.181118	 -0.265906	 -0.200481
 -0.014200	 -0.110981	 -0.078267	 -0.096556	 -0.030060	 -0.093219	 -0.071406	 -0.185825	 -0.111819	 -0.101983	 -0.136266	 -0.248358	 -0.234627
 -0.020852	 -0.133470	 -0.059578	 -0.109859	 -0.024802	 -0.083400	 -0.105615	 -0.191653	 -0.117362	 -0.111454	 -0.125369	 -0.223810	 -0.260854
 -0.006946	 -0.163118	 -0.074846	 -0.135770	 -0.031517	 -0.084698	 -0.127819	 -0.184146	 -0.116475	 -0.126754	 -0.171710	 -0.212787	 -0.281316
 -0.054301	 -0.183105	 -0.069936	 -0.139571	 -0.037599	 -0.059453	 -0.125602	 -0.165869	 -0.148720	 -0.118106	 -0.213142	 -0.237145	 -0.267506
 -0.059686	 -0.186146	 -0.072628	 -0.151227	 -0.048748	 -0.042602	 -0.157119	 -0.153073	 -0.138774	 -0.135021	 -0.207535	 -0.245412	 -0.247012
 -0.063233	 -0.167299	 -0.078583	 -0.143594	 -0.058726	 -0.047480	 -0.169758	 -0.154625	 -0.120878	 -0.129731	 -0.210196	 -0.245412	 -0.220405
 -0.111887	 -0.187445	 -0.070918	 -0.137417	 -0.033608	 -0.065028	 -0.139571	 -0.138439	 -0.122937	 -0.131061	 -0.204463	 -0.205660	 -0.184928
  0.026823	 -0.071358	 -0.049623	  0.070151	  0.007124	  0.068753	  0.032128	 -0.001468	 -0.060045	 -0.013955	 -0.042085	 -0.038332	 -0.062088
  0.000722	 -0.087101	 -0.023300	  0.079147	  0.006459	  0.025263	  0.010051	  0.031823	 -0.049434	 -0.000176	 -0.053013	 -0.028893	 -0.059428
 -0.024903	 -0.089508	  0.004004	  0.046933	 -0.012040	  0.009742	 -0.005249	  0.020578	 -0.018361	  0.018924	 -0.033153	 -0.013498	 -0.024711
 -0.025188	 -0.066100	  0.034222	  0.018806	 -0.042575	  0.000588	  0.004792	  0.017030	  0.009134	  0.027635	 -0.006641	 -0.001145	 -0.024997
 -0.041121	 -0.058340	  0.020412	  0.004488	 -0.059521	 -0.014712	  0.000168	  0.000876	  0.007455	  0.014046	  0.007391	 -0.011376	 -0.020435
 -0.010111	 -0.039271	  0.023959	 -0.006376	 -0.084956	  0.013353	 -0.014941	  0.004962	 -0.005437	  0.042713	  0.005269	 -0.016603	 -0.005168
  0.011555	  0.020025	  0.035774	  0.012502	 -0.092305	 -0.022440	  0.006281	  0.002206	 -0.014243	  0.051993	 -0.045411	 -0.035861	 -0.018757
  0.029103	  0.059429	  0.006348	  0.020136	 -0.055150	 -0.046862	 -0.010317	  0.012279	  0.008120	  0.078221	 -0.006292	  0.030309	  0.061984
  0.011365	  0.079543	  0.010180	  0.015828	 -0.047928	 -0.074008	 -0.058336	  0.046520	  0.007455	  0.048446	 -0.022985	  0.007091	  0.053717
 -0.021229	  0.035831	 -0.016332	 -0.007041	 -0.028638	 -0.070524	 -0.037621	  0.016555	 -0.026121	  0.002548	 -0.055832	 -0.113973	 -0.147073
 -0.007893	  0.010111	  0.003022	 -0.029689	  0.021789	 -0.019558	 -0.015860	  0.030777	  0.015722	  0.058265	  0.061239	  0.042060	  0.118017
  0.013804	  0.002667	  0.020412	 -0.020218	  0.016120	 -0.042142	 -0.020104	  0.060489	  0.012935	  0.015599	  0.060099	  0.069079	  0.172689
  0.009370	  0.011473	  0.004574	 -0.011128	  0.027713	 -0.045595	 -0.020358	  0.036606	 -0.009080	 -0.061119	 -0.059475	 -0.165445	 -0.242416
  0.029483	  0.018853	 -0.005879	 -0.017368	  0.045894	 -0.028237	  0.008784	  0.019944	  0.071661	  0.046957	  0.070140	  0.029105	  0.110004
  0.029040	 -0.000025	  0.010244	 -0.011286	  0.069334	 -0.004164	  0.014929	 -0.006124	  0.068651	  0.038848	  0.113250	  0.178802	  0.275507
  0.030212	  0.021799	 -0.021400	 -0.008118	  0.050297	  0.015697	  0.004539	 -0.094308	 -0.031823	 -0.122759	 -0.067204	 -0.090343	 -0.258254
  0.011428	  0.025663	 -0.016934	 -0.028106	  0.039813	  0.040182	  0.023766	 -0.074480	 -0.000781	 -0.053359	  0.028265	  0.044689	  0.031671
 -0.011314	  0.034311	 -0.002585	 -0.064595	  0.027618	  0.082943	  0.033047	 -0.022342	  0.040619	  0.007490	  0.116671	  0.232555	  0.317477
 -0.040202	  0.043402	 -0.023934	 -0.039477	  0.057614	  0.073663	  0.002512	 -0.033175	 -0.031633	 -0.097736	 -0.059824	 -0.104850	 -0.203265
 -0.020944	  0.048596	 -0.013164	 -0.024590	  0.053338	  0.038059	  0.041789	 -0.068747	  0.005206	 -0.102582	 -0.010410	 -0.013372	 -0.074473
 -0.019075	  0.038207	  0.003782	 -0.011318	  0.070443	  0.028715	  0.072166	 -0.074100	  0.043850	 -0.028462	  0.102386	  0.198663	  0.299390
  0.003573	  0.017206	  0.004606	  0.038698	  0.043487	  0.014081	  0.027092	 -0.098458	 -0.025139	 -0.141448	 -0.014116	 -0.087745	 -0.184894
 -0.006151	 -0.026379	 -0.001001	  0.067110	  0.030754	  0.006828	  0.023101	 -0.102481	 -0.012786	 -0.132103	  0.037610	 -0.075804	 -0.133770
 -0.025758	 -0.001958	 -0.032264	  0.057671	  0.036930	  0.049969	  0.061143	 -0.089526	  0.040714	 -0.042494	  0.194212	  0.191124	  0.377597
 -0.039252	  0.012170	 -0.073727	  0.042340	  0.012762	  0.034353	  0.011223	 -0.095544	 -0.008224	 -0.134321	  0.044103	 -0.066998	 -0.034277
 -0.030731	  0.012360	 -0.096470	  0.034073	 -0.005293	  0.034702	  0.004286	 -0.101847	 -0.006387	 -0.139420	 -0.033406	 -0.157653	 -0.197152
 -0.031460	  0.018948	 -0.088647	  0.055327	 -0.018216	  0.051553	 -0.026566	 -0.102132	  0.032478	  0.010784	  0.151863	  0.136357	  0.314721
 -0.034026	  0.044764	 -0.091972	  0.055296	 -0.008144	  0.067866	 -0.049879	 -0.146034	  0.043058	 -0.026308	  0.084172	 -0.020277	 -0.004914
 -0.019487	  0.029876	 -0.100018	  0.029512	  0.011748	  0.037014	 -0.034960	 -0.137704	  0.010717	 -0.092256	  0.047334	 -0.140802	 -0.228986
 -0.002889	  0.013753	 -0.089438	  0.042055	  0.002816	  0.042209	 -0.016968	 -0.086263	  0.061461	  0.033748	  0.220756	  0.196636	  0.276933
  0.003763	  0.047994	 -0.087823	  0.025236	  0.042410	  0.043064	  0.018413	 -0.079294	  0.008025	 -0.017629	  0.143690	  0.075889	  0.064106
  0.007279	  0.036433	 -0.056781	  0.021720	  0.055080	  0.004262	  0.021327	 -0.107897	 -0.040850	 -0.060264	  0.034347	 -0.097090	 -0.278177
  0.000944	  0.038587	 -0.059062	  0.033851	  0.057139	  0.003058	  0.036309	 -0.045022	  0.014677	  0.045215	  0.225666	  0.182508	  0.209496
  0.011587	  0.061678	 -0.071954	  0.031761	  0.085615	 -0.029947	  0.051007	 -0.006188	 -0.024189	  0.024563	  0.179452	  0.129706	  0.113583
  0.006867	  0.053791	 -0.068691	  0.037874	  0.076619	 -0.083764	  0.053794	 -0.011826	 -0.064258	 -0.097609	  0.014107	 -0.125091	 -0.304309
 -0.022559	  0.023604	 -0.071320	  0.070880	  0.087262	 -0.065424	  0.060414	  0.015510	 -0.011709	 -0.011896	  0.131242	  0.105727	  0.130656
 -0.006468	  0.015686	 -0.076673	  0.090614	  0.072217	 -0.037106	  0.040205	 -0.002989	  0.036913	 -0.043761	  0.131654	  0.115040	  0.180545
 -0.032695	  0.000703	 -0.070623	  0.067364	  0.034174	 -0.039767	  0.032002	 -0.029881	  0.013726	 -0.115727	 -0.003917	 -0.167377	 -0.311120
 -0.015844	 -0.028343	 -0.043224	  0.066509	  0.011558	 -0.031214	  0.041187	 -0.062697	  0.073149	 -0.038154	  0.103874	  0.012665	  0.068952
 -0.007038	 -0.028660	 -0.041735	  0.093813	  0.009785	 -0.004766	  0.062315	 -0.051642	  0.089304	 -0.005022	  0.172800	  0.089383	  0.229356
  0.021565	 -0.048964	 -0.065397	  0.107718	 -0.015144	 -0.007775	  0.012204	 -0.053004	  0.013346	 -0.132484	 -0.003537	 -0.198197	 -0.315681
  0.032778	 -0.099803	 -0.039898	  0.103790	 -0.019610	  0.015475	  0.023608	 -0.010622	  0.035139	 -0.089975	  0.063900	 -0.039852	 -0.057242
  0.031099	 -0.106930	 -0.033025	  0.071450	  0.000314	  0.002520	  0.021105	 -0.028170	  0.044547	 -0.061784	  0.145306	  0.134647	  0.230306
  0.053778	 -0.085707	 -0.040342	  0.056341	  0.002531	 -0.007965	  0.020725	 -0.092820	 -0.046425	 -0.171856	 -0.046488	 -0.196930	 -0.249701
  0.049692	 -0.031732	 -0.017124	  0.075188	  0.031957	  0.026751	  0.021359	 -0.079611	  0.004509	 -0.139262	 -0.018107	 -0.089202	 -0.121131
  0.039049	 -0.027298	 -0.002046	  0.058590	  0.053591	  0.022444	  0.061365	 -0.108246	  0.058294	 -0.057001	  0.097983	  0.174083	  0.279942
  0.056376	 -0.045606	  0.012619	  0.053173	  0.054003	  0.050349	  0.015752	 -0.102291	  0.000043	 -0.178318	 -0.055611	 -0.090755	 -0.181789
  0.001039	 -0.018936	  0.023167	  0.059730	  0.071171	  0.051553	 -0.015163	 -0.122880	  0.004541	 -0.194726	 -0.054851	 -0.076121	 -0.139535
  0.002369	  0.005043	 -0.006417	  0.046110	  0.092837	  0.061309	 -0.000371	 -0.086326	  0.052434	 -0.128492	  0.110590	  0.179943	  0.330686
 -0.013595	 -0.006550	 -0.011327	  0.054155	  0.095340	  0.050476	 -0.008543	 -0.086611	  0.005649	 -0.161847	 -0.011835	 -0.078401	 -0.060505
 -0.004758	  0.000672	  0.009040	  0.052476	  0.069999	  0.040530	  0.001277	 -0.100422	 -0.011107	 -0.133434	 -0.085702	 -0.130792	 -0.160947
  0.020678	  0.007323	  0.032575	  0.110917	  0.068859	  0.054182	 -0.012185	 -0.049266	 -0.002491	 -0.034258	  0.065041	  0.192708	  0.331636
  0.026791	  0.009414	 -0.010409	  0.135117	  0.064424	  0.054056	 -0.033788	 -0.079516	 -0.030049	 -0.063716	 -0.037397	 -0.007100	  0.011652
 -0.009224	  0.005233	 -0.012087	  0.114845	  0.019921	  0.048734	 -0.030145	 -0.103178	 -0.041008	 -0.102360	 -0.107938	 -0.189550	 -0.223854
  0.001229	  0.022021	 -0.036066	  0.094066	  0.026572	  0.079269	 -0.004235	 -0.077362	  0.002703	  0.014965	  0.052465	  0.096257	  0.293214
 -0.009857	  0.042610	 -0.084180	  0.081966	  0.058279	  0.062386	 -0.025552	 -0.079358	 -0.052031	 -0.010122	 -0.015193	 -0.032884	  0.086437
 -0.005581	  0.067570	 -0.078954	  0.051526	  0.048999	  0.037109	 -0.030716	 -0.077140	 -0.047470	 -0.069640	 -0.119278	 -0.259299	 -0.259932
  0.028882	  0.064972	 -0.057161	  0.065843	  0.064551	  0.046453	 -0.007339	 -0.024433	  0.013600	  0.050916	  0.051642	  0.051341	  0.232239
  0.048045	  0.043940	 -0.017282	  0.059128	  0.087484	  0.054911	  0.011033	 -0.034220	  0.018193	  0.031816	 -0.009808	 -0.010679	  0.134140
  0.037212	  0.045302	 -0.027988	  0.047598	  0.143961	  0.044616	  0.000738	 -0.032668	 -0.017790	 -0.029824	 -0.138442	 -0.280870	 -0.312450
  0.020804	  0.038017	 -0.032106	  0.053015	  0.168351	  0.055418	  0.010177	  0.007591	  0.015722	  0.080216	  0.029184	  0.012159	  0.152037
 -0.013342	  0.053918	 -0.047595	  0.058780	  0.164360	  0.039295	 -0.007086	 -0.000455	  0.021962	  0.105430	  0.068240	  0.075478	  0.217383
 -0.005803	  0.069185	 -0.085732	  0.068884	  0.145450	  0.035367	 -0.023113	 -0.004414	 -0.029352	  0.019938	 -0.084689	 -0.189011	 -0.306907
  0.009591	  0.071814	 -0.072144	  0.043417	  0.124798	  0.072902	 -0.032363	  0.008003	  0.031591	  0.074451	  0.029216	  0.026507	  0.071613
 -0.011219	  0.092942	 -0.073918	 -0.005743	  0.120015	  0.086839	 -0.007593	 -0.020125	  0.060448	  0.099538	  0.091268	  0.131543	  0.253619
 -0.064782	  0.098517	 -0.046645	 -0.001625	  0.080991	  0.060644	 -0.003158	 -0.057660	  0.031338	 -0.017629	 -0.067457	 -0.201016	 -0.280965
 -0.084326	  0.120468	 -0.055387	  0.000656	  0.069619	  0.078826	  0.034029	 -0.092756	  0.039732	  0.031816	  0.002862	 -0.019073	  0.003385
 -0.104662	  0.087462	 -0.024409	 -0.007675	  0.119128	  0.077685	  0.049328	 -0.115753	  0.060669	  0.069256	  0.139826	  0.148077	  0.300942
 -0.094494	  0.053759	 -0.035337	 -0.026743	  0.094896	  0.095265	  0.013408	 -0.128201	 -0.007274	 -0.045091	 -0.029732	 -0.120276	 -0.241086
 -0.110300	  0.052556	 -0.027672	 -0.004444	  0.087832	  0.069291	 -0.003031	 -0.084426	  0.010654	 -0.048037	 -0.005881	 -0.020594	 -0.096456
 -0.105358	  0.072701	 -0.034387	  0.003475	  0.073198	  0.076260	  0.006028	 -0.025858	  0.071027	 -0.016330	  0.132541	  0.214881	  0.312441
 -0.100069	  0.061837	 -0.030016	 -0.003937	  0.037849	  0.023204	  0.037957	 -0.047334	  0.009039	 -0.099573	 -0.038918	 -0.076121	 -0.135733
 -0.065162	  0.066018	 -0.047532	 -0.018571	  0.004178	  0.010249	  0.052749	 -0.059276	  0.028012	 -0.098813	 -0.039108	 -0.086225	 -0.107004
 -0.043877	  0.050465	 -0.042084	 -0.047269	  0.015138	  0.035462	  0.065989	 -0.039035	  0.098331	 -0.028177	  0.084743	  0.162965	  0.367429
 -0.040836	  0.055153	 -0.025043	 -0.045400	  0.034681	  0.028557	  0.019870	 -0.080308	  0.067258	 -0.097482	 -0.026723	 -0.045807	 -0.048436
 -0.036243	  0.067792	 -0.041007	 -0.030988	  0.028663	 -0.008947	 -0.027516	 -0.105933	  0.047999	 -0.089690	 -0.035719	 -0.114448	 -0.188061
 -0.025917	  0.036021	 -0.079017	 -0.030861	  0.031514	 -0.023074	 -0.037209	 -0.100675	  0.083190	 -0.022127	  0.096621	  0.181431	  0.349089
 -0.005676	  0.013658	 -0.064858	 -0.015340	  0.028029	 -0.021648	 -0.059635	 -0.110653	  0.014835	 -0.074138	  0.013030	 -0.030160	  0.060685
 -0.008369	  0.005676	 -0.040310	  0.001764	  0.045134	 -0.029536	 -0.045666	 -0.115499	 -0.033153	 -0.121936	 -0.049814	 -0.206021	 -0.174251
 -0.014767	  0.001020	 -0.023364	  0.035815	  0.065185	 -0.028269	 -0.023367	 -0.042044	  0.020378	 -0.018072	  0.113694	  0.068826	  0.324826
 -0.029084	 -0.013361	 -0.023300	  0.048644	  0.084063	 -0.009042	 -0.002018	 -0.050375	 -0.002143	 -0.075436	  0.063615	 -0.036083	  0.073229
 -0.020722	 -0.020044	 -0.007526	  0.057196	  0.084855	 -0.037454	 -0.005059	 -0.075715	 -0.006704	 -0.168023	 -0.048706	 -0.247706	 -0.260503
  0.003415	 -0.041520	 -0.003567	  0.062201	  0.073927	 -0.047369	  0.007263	 -0.011889	  0.027854	 -0.106763	  0.107897	  0.073577	  0.238320
 -0.005803	 -0.056756	 -0.012309	  0.069645	  0.031577	 -0.066406	 -0.018584	 -0.017116	  0.003432	 -0.096659	  0.102322	  0.029168	  0.161001
  0.001451	 -0.032809	  0.032036	  0.105153	  0.032876	 -0.056966	 -0.054219	 -0.047651	 -0.032044	 -0.179997	 -0.046932	 -0.192052	 -0.245583
 -0.003237	 -0.055077	  0.016579	  0.094953	  0.050899	 -0.047939	 -0.009050	  0.016618	  0.018636	 -0.106763	  0.091806	  0.078170	  0.206645
 -0.028197	 -0.040570	 -0.021748	  0.109777	  0.076018	 -0.031658	 -0.022353	  0.040565	  0.004319	 -0.084242	  0.125604	  0.096193	  0.201704
 -0.038270	 -0.069236	 -0.032011	  0.094890	  0.084602	 -0.040179	 -0.033345	  0.013831	 -0.069073	 -0.162195	 -0.040565	 -0.191165	 -0.323156
 -0.036623	 -0.125016	 -0.029572	  0.068789	  0.057044	 -0.048921	 -0.057038	  0.047027	 -0.012532	 -0.061341	  0.098141	  0.020331	  0.042060
 -0.031650	 -0.090173	 -0.020101	  0.063056	  0.034428	 -0.048889	 -0.038033	  0.057385	 -0.005215	 -0.005149	  0.111952	  0.120963	  0.217636
 -0.055913	 -0.081684	  0.001691	  0.068409	  0.055809	 -0.097448	 -0.069961	 -0.005554	 -0.043416	 -0.064223	 -0.050068	 -0.164431	 -0.311056
 -0.081285	 -0.092612	 -0.009553	  0.057830	  0.055365	 -0.057125	 -0.044368	  0.001414	  0.000169	 -0.006733	  0.017876	 -0.021322	 -0.044509
 -0.076185	 -0.123939	 -0.021780	  0.034517	  0.053021	 -0.061148	 -0.025679	  0.007053	  0.060194	  0.083764	  0.079073	  0.154254	  0.242565
 -0.051700	 -0.143356	 -0.026563	 -0.003874	  0.049537	 -0.067768	 -0.030684	 -0.056488	  0.012555	 -0.021208	 -0.080413	 -0.161644	 -0.252679
 -0.046601	 -0.129197	 -0.026278	  0.016683	  0.075669	 -0.042903	 -0.021561	 -0.083507	  0.036533	  0.014363	 -0.030746	 -0.062468	 -0.047074
 -0.058542	 -0.120233	 -0.034387	  0.014244	  0.055397	 -0.054749	 -0.004678	 -0.033048	  0.059497	  0.118417	  0.122341	  0.189445	  0.349786
 -0.033170	 -0.053462	 -0.021210	  0.011457	  0.045134	 -0.070904	 -0.030177	 -0.039352	 -0.017157	  0.020540	 -0.018139	 -0.106909	 -0.142987
 -0.018378	  0.001083	 -0.007843	  0.015987	  0.046496	 -0.024531	 -0.024127	 -0.009925	 -0.015130	  0.015503	 -0.005785	 -0.102950	 -0.108018
 -0.035166	 -0.028058	 -0.052442	  0.020231	  0.053655	  0.041227	  0.015752	  0.003568	  0.039922	  0.089370	  0.152623	  0.147982	  0.362012
 -0.051004	 -0.056186	 -0.063053	  0.014656	  0.100566	  0.060802	  0.019205	 -0.066498	 -0.016017	 -0.003438	  0.025985	 -0.083057	 -0.083057
 -0.079670	 -0.049471	 -0.069736	  0.015068	  0.116182	  0.032516	  0.006059	 -0.071090	 -0.040248	 -0.039073	 -0.017474	 -0.148277	 -0.218976
 -0.101842	 -0.047348	 -0.057446	  0.026249	  0.094199	  0.044268	  0.034282	 -0.041886	 -0.002206	  0.025228	  0.141346	  0.170155	  0.305662
 -0.073398	 -0.001894	 -0.088361	  0.029290	  0.066008	  0.070178	  0.040015	 -0.066086	 -0.036922	 -0.042716	  0.033650	 -0.014892	 -0.002254
 -0.050243	  0.028261	 -0.091086	  0.019122	  0.062999	  0.066060	  0.022974	 -0.066022	 -0.071258	 -0.044426	 -0.035465	 -0.152521	 -0.250873
 -0.031111	  0.069027	 -0.103851	  0.032711	  0.080515	  0.065744	  0.072324	 -0.034569	 -0.034452	  0.049618	  0.115056	  0.179563	  0.264199
 -0.065384	  0.062090	 -0.108539	  0.026249	  0.088149	  0.064065	  0.068650	 -0.029374	 -0.050511	 -0.005751	  0.057407	  0.067052	  0.072437
 -0.029559	  0.064371	 -0.116806	  0.019122	  0.115992	  0.055639	  0.048916	 -0.039605	 -0.043606	 -0.095835	 -0.076802	 -0.152300	 -0.272571
  0.012727	  0.029559	 -0.127259	  0.073255	  0.138323	  0.059947	  0.050722	 -0.030166	  0.064090	 -0.019339	  0.057438	  0.150738	  0.228976
 -0.025188	  0.038048	 -0.148956	  0.054662	  0.144405	  0.057666	  0.042898	 -0.061398	  0.062253	 -0.038820	  0.012079	  0.114470	  0.159069
 -0.019487	  0.001780	 -0.107968	  0.051811	  0.118272	  0.025389	  0.017051	 -0.098458	  0.035361	 -0.101854	 -0.125233	 -0.171938	 -0.280300
 -0.025822	 -0.011302	 -0.076927	  0.038223	  0.135916	  0.015665	  0.036721	 -0.091173	  0.075208	 -0.009045	  0.035836	  0.074749	  0.158340
 -0.011821	 -0.006550	 -0.133847	  0.053047	  0.144531	 -0.002295	  0.029784	 -0.095512	  0.131179	 -0.027860	  0.049551	  0.099139	  0.257516
 -0.023414	 -0.001229	 -0.145630	  0.077405	  0.108802	 -0.023074	  0.032223	 -0.134631	  0.053067	 -0.120795	 -0.105563	 -0.194745	 -0.260122
 -0.002730	  0.005930	 -0.138250	  0.083962	  0.096543	 -0.054654	  0.075650	 -0.098870	  0.080561	 -0.007715	 -0.018297	  0.011018	  0.093216
  0.045068	  0.033297	 -0.145440	  0.076962	  0.087769	 -0.058550	  0.104348	 -0.073054	  0.107580	  0.024943	  0.039669	  0.133095	  0.267493
  0.045289	  0.012518	 -0.147119	  0.085609	  0.074370	 -0.078157	  0.148313	 -0.068398	  0.063583	 -0.078034	 -0.110377	 -0.130570	 -0.245045
  0.058530	 -0.004998	 -0.114272	  0.109080	  0.016816	 -0.064283	  0.130037	 -0.016957	  0.102354	 -0.054277	 -0.021338	  0.025462	  0.025842
  0.060525	 -0.046398	 -0.118675	  0.091025	 -0.046312	 -0.049459	  0.100674	 -0.013758	  0.144324	 -0.038091	  0.072674	  0.129769	  0.224827
  0.035913	 -0.044624	 -0.117313	  0.038983	 -0.034878	 -0.039228	  0.070740	  0.000654	  0.085629	 -0.141068	 -0.031221	 -0.046599	 -0.071559
  0.024669	 -0.020963	 -0.107367	  0.044684	 -0.026610	 -0.059944	  0.090791	  0.032583	  0.080023	 -0.134542	  0.019111	 -0.008019	 -0.051445
 -0.009699	 -0.013519	 -0.116838	  0.032109	 -0.026009	 -0.065741	  0.079324	  0.022352	  0.060891	 -0.118230	  0.033112	  0.044087	  0.036232
 -0.039474	  0.014957	 -0.083198	  0.041675	 -0.007162	 -0.074451	  0.035676	  0.022795	  0.043470	 -0.130076	  0.019555	  0.015104	 -0.020119
 -0.021165	  0.035134	 -0.063401	 -0.001752	 -0.007859	 -0.093140	 -0.006547	  0.032139	  0.080498	 -0.107238	 -0.046773	  0.022548	 -0.006720
  0.002179	  0.067570	 -0.077655	  0.006357	 -0.015429	 -0.069858	  0.001625	  0.070878	  0.075367	 -0.113383	 -0.044683	  0.039178	  0.025114
  0.047095	  0.043687	 -0.063655	 -0.028929	 -0.026642	 -0.097733	 -0.001859	  0.049212	  0.065896	 -0.119940	 -0.032013	  0.066672	  0.045449
  0.059702	  0.089046	 -0.027165	 -0.027757	 -0.029366	 -0.059722	 -0.007751	  0.017600	  0.081258	 -0.113890	 -0.000242	  0.073704	  0.071518
  0.062331	  0.057054	 -0.028083	 -0.013155	 -0.033991	 -0.027540	 -0.019819	  0.001636	  0.052655	 -0.113130	 -0.008351	  0.064898	  0.087894
  0.067177	  0.032125	 -0.018707	  0.004900	 -0.026832	 -0.016169	 -0.042309	 -0.020378	  0.033048	 -0.114017	  0.018383	  0.042694	  0.094229
  0.083965	  0.023763	 -0.013798	 -0.004127	 -0.021479	  0.030489	 -0.068092	 -0.039067	  0.049551	 -0.098654	  0.009387	  0.053305	  0.085138
  0.092105	  0.068267	 -0.013038	 -0.035929	 -0.014479	  0.033720	 -0.046838	 -0.067480	  0.047366	 -0.058458	  0.047239	  0.050581	  0.045924
  0.100341	  0.081285	 -0.002363	 -0.043436	  0.011875	  0.006701	 -0.029829	 -0.060099	  0.034854	 -0.074835	  0.053922	  0.060463	  0.044499
  0.046050	  0.072131	  0.021172	 -0.040522	 -0.000668	 -0.027540	 -0.035087	 -0.036849	  0.005903	 -0.065902	  0.036533	  0.055332	  0.059101
  0.036547	  0.033234	  0.015882	 -0.016449	  0.033383	 -0.014617	 -0.049942	 -0.052972	 -0.000591	 -0.065364	  0.046194	  0.037879	  0.051816
  0.030085	  0.022496	  0.011067	  0.001353	  0.050202	 -0.001281	 -0.023905	 -0.067828	 -0.019184	 -0.043318	  0.058705	  0.002181	  0.078297
  0.018936	  0.026424	  0.014678	 -0.015752	  0.038261	 -0.036029	 -0.033281	 -0.078249	 -0.015098	 -0.046517	  0.080086	  0.018082	  0.057391
  0.004333	  0.016731	  0.032733	 -0.004697	 -0.001143	 -0.063302	 -0.033313	 -0.077584	 -0.010505	 -0.018231	  0.120377	  0.017987	  0.039399
  0.009180	  0.019582	  0.008660	  0.019281	 -0.007890	 -0.071917	 -0.032236	 -0.080118	 -0.028497	  0.010594	  0.124495	  0.016910	  0.021439
 -0.016509	  0.007355	 -0.007209	  0.012661	 -0.037000	 -0.061718	 -0.049467	 -0.073244	 -0.047027	  0.021173	  0.079960	  0.005824	  0.041332
 -0.027849	  0.031333	  0.025575	  0.001448	 -0.016063	 -0.059152	 -0.070341	 -0.054556	 -0.018234	  0.028649	  0.081132	  0.015073	  0.028060
  0.009750	  0.025980	  0.009864	  0.003158	  0.005128	 -0.039925	 -0.105818	 -0.070647	 -0.047344	  0.033970	  0.061398	 -0.007258	  0.014819
  0.048394	  0.051954	 -0.025929	 -0.027757	  0.056347	 -0.015694	 -0.078292	 -0.043533	 -0.042307	  0.043663	  0.031116	 -0.004851	  0.024385
  0.009243	  0.006912	 -0.000114	 -0.036626	  0.055397	  0.009393	 -0.050037	 -0.053954	 -0.050638	  0.021522	  0.035424	 -0.009032	  0.052386
  0.022166	  0.011853	 -0.009838	 -0.041187	  0.031767	  0.009393	 -0.035530	 -0.059339	 -0.034452	  0.002295	  0.070394	 -0.026137	  0.068414
  0.002908	 -0.017668	  0.046195	 -0.043025	  0.015074	 -0.011101	 -0.003031	 -0.084299	 -0.015827	 -0.009742	  0.041632	 -0.027816	  0.058848
  0.011840	 -0.023497	  0.024719	 -0.037165	  0.005793	  0.018706	 -0.008321	 -0.051864	 -0.001668	 -0.017154	  0.038940	 -0.084641	  0.067210
 -0.011124	 -0.001641	  0.007456	  0.007656	 -0.004279	  0.002108	  0.000548	 -0.072231	 -0.044049	 -0.020416	  0.031876	 -0.078433	  0.092265
  0.017510	 -0.004650	 -0.014273	  0.001859	 -0.013687	 -0.006951	  0.002544	 -0.083539	 -0.028275	 -0.005212	  0.020188	 -0.062690	  0.074907
  0.028501	 -0.013487	 -0.053709	 -0.034377	  0.005033	 -0.035332	  0.008277	 -0.107834	  0.004129	 -0.035304	  0.028709	 -0.068138	  0.088116
  0.034837	 -0.038669	 -0.103407	 -0.060129	  0.024482	 -0.020255	  0.038305	 -0.113345	 -0.009365	 -0.019498	  0.020125	 -0.053726	  0.074242
  0.073924	 -0.033221	 -0.080474	 -0.057595	  0.033731	 -0.016739	  0.041789	 -0.111065	 -0.002048	 -0.056526	 -0.004138	 -0.045807	  0.037816
  0.049629	 -0.043009	 -0.072429	  0.005755	  0.059768	 -0.032355	  0.042739	 -0.104825	  0.002292	 -0.059979	 -0.017220	 -0.046504	  0.007977
  0.067937	 -0.026886	 -0.052822	  0.004140	  0.067148	 -0.007173	  0.051672	 -0.092028	 -0.020229	 -0.074201	 -0.018076	 -0.033486	  0.015675
  0.055647	 -0.035153	 -0.079841	 -0.000833	  0.059071	  0.003248	  0.059052	 -0.079231	 -0.032108	 -0.075436	 -0.001794	 -0.016096	 -0.000955
  0.037180	 -0.029863	 -0.061691	  0.002303	  0.073262	 -0.008313	  0.059844	 -0.061334	 -0.048674	 -0.038883	  0.056171	 -0.020055	  0.008326
  0.030054	 -0.005442	 -0.046993	  0.000339	  0.095118	  0.003597	  0.075428	 -0.064629	 -0.040375	 -0.031629	  0.028867	 -0.020467	 -0.023571
  0.040665	 -0.001989	 -0.072302	  0.006927	  0.117449	  0.002361	  0.042296	 -0.063108	 -0.037271	 -0.036096	  0.034759	 -0.014734	 -0.038015
  0.008008	  0.007513	 -0.051365	  0.017349	  0.111906	 -0.020888	  0.036088	 -0.065484	 -0.027610	 -0.037648	  0.027790	  0.004398	 -0.065984
 -0.038524	  0.018758	 -0.064162	  0.040662	  0.077063	 -0.012146	  0.040902	 -0.055475	 -0.040343	 -0.039833	 -0.033723	  0.010828	 -0.053979
 -0.021736	  0.056198	 -0.063116	  0.022417	  0.056664	 -0.011259	  0.032857	 -0.056742	 -0.052380	 -0.032991	 -0.011170	  0.010606	 -0.017426
 -0.003681	  0.048470	  0.003402	  0.008384	  0.037469	 -0.029472	  0.070392	 -0.054619	 -0.048230	 -0.022063	  0.001595	  0.026571	  0.026539
 -0.000101	  0.040772	  0.019113	  0.015796	  0.056189	 -0.038436	  0.047237	 -0.074892	 -0.052887	 -0.011674	  0.011256	  0.032969	  0.040666
  0.006994	  0.042198	 -0.027323	  0.003190	  0.054320	 -0.082655	  0.079356	 -0.085915	 -0.054946	 -0.011547	  0.006663	  0.030372	  0.078613
 -0.022559	  0.047583	 -0.052790	 -0.007136	  0.083018	 -0.072963	  0.069759	 -0.106852	 -0.046647	 -0.013321	  0.000328	  0.064518	  0.113583
 -0.012708	  0.074538	 -0.050098	 -0.029658	  0.081687	 -0.069098	  0.041663	 -0.101372	 -0.018234	 -0.021620	  0.002862	  0.095148	  0.110510
  0.006234	  0.068837	 -0.017789	 -0.028961	  0.043930	 -0.041477	  0.046319	 -0.075430	 -0.049276	  0.000965	 -0.025583	  0.083967	  0.115990
 -0.004346	  0.050592	 -0.018454	 -0.024590	  0.044089	 -0.040970	  0.019807	 -0.054746	 -0.064290	  0.000933	 -0.015003	  0.079374	  0.087514
 -0.021767	  0.020088	 -0.001128	  0.002208	  0.054352	 -0.018671	 -0.023937	 -0.050280	 -0.062516	  0.007014	 -0.043194	  0.044119	  0.150738
 -0.014767	  0.033931	 -0.018802	 -0.023544	  0.038831	 -0.021775	 -0.022132	 -0.055316	 -0.054692	  0.016675	 -0.061154	  0.075636	  0.150136
  0.001672	  0.055248	 -0.016680	 -0.006186	  0.076018	 -0.031595	 -0.039838	 -0.060226	 -0.017189	  0.036092	 -0.081838	  0.061857	  0.135882
  0.042692	  0.040709	 -0.032676	  0.052793	  0.061669	 -0.036473	 -0.064862	 -0.077774	 -0.007433	  0.021110	 -0.082345	  0.057993	  0.130656
  0.084884	  0.023636	 -0.042907	  0.070531	  0.063316	 -0.032545	 -0.009715	 -0.092725	 -0.016745	  0.000331	 -0.068439	  0.049504	  0.102116
  0.094291	  0.005676	 -0.056084	  0.048200	  0.040415	 -0.034129	  0.008910	 -0.056868	 -0.011455	 -0.052598	 -0.024062	  0.036834	  0.064011
  0.083110	  0.001463	 -0.052473	  0.001574	  0.031260	 -0.037676	  0.018254	 -0.032415	 -0.024601	 -0.083894	  0.011287	  0.028883	  0.054730
  0.090807	 -0.011080	 -0.036161	 -0.020884	  0.037500	 -0.038943	  0.024526	 -0.007043	 -0.050163	 -0.084432	  0.061461	  0.019190	  0.066513
  0.093563	 -0.009306	 -0.038061	 -0.018888	  0.084823	 -0.057125	  0.047237	 -0.046510	 -0.031918	 -0.068024	  0.040049	 -0.004946	  0.069269
  0.096413	  0.013817	 -0.057288	  0.013484	  0.085742	 -0.022599	  0.059369	 -0.054271	  0.015025	 -0.073536	  0.045402	  0.009656	  0.015801
  0.077757	  0.006278	 -0.069768	 -0.010462	  0.069239	 -0.032006	  0.082080	 -0.051452	  0.024750	 -0.096405	  0.034125	  0.029042	 -0.015906
  0.087132	 -0.017447	 -0.074013	 -0.043943	  0.078647	 -0.010372	  0.095827	 -0.050153	  0.041949	 -0.070305	  0.024338	 -0.015241	 -0.008177
  0.067114	 -0.002908	 -0.076642	 -0.065958	  0.078520	  0.017566	  0.113122	 -0.069982	  0.028392	 -0.068404	  0.010242	  0.009815	 -0.014417
  0.092517	  0.001780	 -0.087063	 -0.034916	  0.098919	  0.060232	  0.053351	 -0.049298	  0.056361	 -0.059567	 -0.003188	  0.027394	 -0.019390
  0.068191	  0.002572	 -0.085004	 -0.008784	  0.099647	  0.045852	  0.042328	 -0.032827	  0.032827	 -0.097166	 -0.006546	  0.053400	 -0.027246
  0.056312	  0.022084	 -0.065682	 -0.011413	  0.106933	  0.026878	  0.046287	 -0.068715	 -0.007686	 -0.121112	  0.023768	  0.021186	 -0.061898
 -0.011916	  0.045365	 -0.027957	  0.000054	  0.094833	  0.015570	  0.045052	 -0.079168	 -0.022447	 -0.095487	  0.023863	  0.025874	 -0.092972
 -0.018790	  0.051542	 -0.013734	  0.001543	  0.110512	  0.056653	  0.069157	 -0.081638	 -0.047027	 -0.086998	  0.010939	  0.039083	 -0.104248
 -0.007957	  0.026740	  0.003782	 -0.021960	  0.098951	  0.045535	  0.058957	 -0.042899	 -0.082155	 -0.120542	 -0.013894	  0.048934	 -0.099370
  0.026062	  0.013247	  0.022280	  0.011394	  0.088244	  0.012909	  0.047617	 -0.017021	 -0.050638	 -0.098021	 -0.025868	  0.024385	 -0.089076
  0.009971	 -0.017859	  0.034317	 -0.002322	  0.088783	 -0.000553	  0.057120	 -0.020125	 -0.022827	 -0.083070	 -0.034167	  0.028440	 -0.052427
 -0.014609	 -0.006202	 -0.005626	 -0.002480	  0.118304	 -0.004322	  0.072483	 -0.018921	  0.008088	 -0.068278	 -0.036542	  0.040825	 -0.049830
 -0.039157	 -0.027013	  0.012176	  0.002588	  0.127363	 -0.002960	  0.089619	 -0.041664	 -0.001288	 -0.050128	 -0.055991	  0.022326	 -0.019770
 -0.064719	  0.023668	 -0.016839	  0.008860	  0.119286	 -0.036061	  0.062473	 -0.040999	  0.001563	 -0.040023	 -0.035307	  0.017955	 -0.000512
 -0.052492	  0.000672	 -0.028558	  0.014054	  0.124354	 -0.032640	  0.054871	  0.004614	 -0.007591	 -0.037964	 -0.018392	  0.008041	  0.035250
 -0.017269	  0.025315	 -0.036921	 -0.000200	  0.127648	 -0.060134	  0.049740	 -0.007011	  0.013473	 -0.035494	 -0.015383	  0.016688	  0.049440
 -0.010586	  0.032759	 -0.052030	  0.025743	  0.132621	 -0.052912	  0.051672	 -0.068271	  0.014708	 -0.003280	  0.002545	  0.027553	  0.051499
  0.001989	  0.041754	 -0.035875	  0.017095	  0.121092	 -0.057347	  0.026648	 -0.102291	  0.040429	 -0.000366	  0.022406	  0.077726	  0.049029
  0.006455	  0.044732	 -0.045980	 -0.002353	  0.091570	 -0.084081	  0.024685	 -0.086833	  0.037641	 -0.014841	  0.006473	  0.098157	  0.054097
  0.007944	  0.052967	 -0.034830	 -0.016291	  0.092679	 -0.085189	  0.038685	 -0.073529	  0.053384	 -0.010027	  0.010812	  0.092075	  0.046906
  0.007089	  0.057814	 -0.036477	 -0.021264	  0.053053	 -0.078474	  0.050247	 -0.051072	  0.042583	 -0.012624	  0.026492	  0.078202	  0.050422
  0.007849	  0.083851	 -0.050288	  0.005977	  0.048808	 -0.089782	  0.051292	 -0.059434	  0.025985	 -0.020670	  0.020252	  0.063884	  0.094673
  0.045004	  0.042641	 -0.076040	  0.006864	  0.010260	 -0.078664	  0.071152	 -0.059149	  0.017211	 -0.047340	  0.005744	  0.032589	  0.092836
  0.044212	  0.040234	 -0.107113	 -0.024621	  0.006015	 -0.088673	  0.105298	 -0.100960	 -0.008573	 -0.049241	  0.009039	  0.019317	  0.091284
  0.045860	  0.026424	 -0.110946	 -0.014232	  0.021979	 -0.118638	  0.096271	 -0.094784	  0.005808	 -0.024407	  0.025415	  0.003765	  0.105062
  0.066037	  0.000576	 -0.098498	 -0.034504	  0.054257	 -0.115978	  0.118950	 -0.111128	  0.003337	 -0.013321	  0.041062	 -0.005295	  0.099963
  0.072150	  0.006848	 -0.096439	 -0.025255	  0.053750	 -0.085949	  0.139603	 -0.129880	 -0.002270	 -0.031788	  0.006631	 -0.017204	  0.077853
  0.046271	 -0.017130	 -0.090991	 -0.025033	  0.016500	 -0.093837	  0.148693	 -0.131084	 -0.004392	 -0.024217	  0.016102	 -0.002127	  0.078202
  0.059670	  0.001717	 -0.069483	 -0.006820	  0.029360	 -0.075687	  0.139318	 -0.103843	  0.018256	 -0.034195	  0.026903	 -0.001715	  0.090682
  0.032429	  0.008685	 -0.044491	 -0.022214	  0.044089	 -0.066469	  0.133901	 -0.108056	 -0.005152	 -0.028050	  0.032098	 -0.012738	  0.060210
  0.025714	  0.004504	 -0.017314	  0.005344	  0.060940	 -0.060007	  0.114959	 -0.119395	  0.014075	 -0.027702	  0.016451	 -0.051921	  0.066735
  0.013266	 -0.007532	  0.027982	  0.017317	  0.057266	 -0.065677	  0.130575	 -0.111191	 -0.000686	 -0.028240	  0.004636	 -0.020625	  0.108927
 -0.044035	 -0.009465	  0.007615	  0.014720	  0.051564	 -0.055256	  0.132539	 -0.069222	 -0.034388	  0.007331	  0.016862	 -0.012928	  0.106266
 -0.037257	 -0.024162	 -0.018074	  0.016367	  0.059230	 -0.026938	  0.130734	 -0.054144	 -0.061882	  0.005367	  0.010496	 -0.033359	  0.103320
 -0.014134	 -0.034900	 -0.003187	  0.012281	  0.106521	 -0.020983	  0.117842	 -0.041823	 -0.078069	 -0.000302	  0.030134	 -0.032852	  0.126253
  0.019886	 -0.051118	 -0.032201	  0.019851	  0.107883	  0.012086	  0.129530	 -0.055665	 -0.093304	  0.015535	  0.046827	 -0.011535	  0.137339


