:RUN-49	LEVEL SWEEP	TEMP:NaN	7/1/2019	6:14 PM	-636.36HR:
:SW EAR: R	SW FREQ: 8.00	# AVERAGES: 512	REP RATE (/sec): 33	DRIVER: RS Tweeter	SAMPLE (µsec): 40	
:NOTES-
:CHAMBER-SEWELL-PXI1
:CFTS Version: V2.7.2 (R850)
:LEVELS:20;25;30;40;50;60;70;80;
:DATA
 -0.028148	 -0.040872	  0.071564	  0.084960	 -0.200118	  0.044941	 -0.118048	 -0.001140
 -0.061534	 -0.046099	  0.117240	  0.067601	 -0.149628	 -0.009541	 -0.127043	  0.014697
 -0.115097	 -0.035424	  0.131177	  0.065004	 -0.124731	 -0.036021	 -0.128057	  0.025594
 -0.087888	 -0.006568	  0.135548	  0.076471	 -0.135881	 -0.029940	 -0.115133	  0.012417
 -0.070245	 -0.026777	  0.112742	  0.047709	 -0.113708	 -0.075299	 -0.135532	 -0.042952
 -0.017442	 -0.021360	  0.036278	 -0.010763	 -0.067019	 -0.103300	 -0.174810	 -0.053595
 -0.038443	 -0.046194	 -0.014846	 -0.077345	 -0.010637	 -0.071624	 -0.107911	 -0.057522
 -0.005500	 -0.039669	 -0.011869	 -0.121754	  0.046822	 -0.106214	 -0.091947	  0.022173
  0.024211	  0.003600	 -0.029417	 -0.042249	  0.039220	 -0.065796	 -0.141741	 -0.015711
  0.002957	  0.005944	 -0.051716	 -0.095653	  0.029021	 -0.034501	 -0.117034	 -0.024580
  0.026745	  0.019818	 -0.052286	 -0.063534	 -0.008356	 -0.031587	 -0.077503	 -0.014697
  0.028487	  0.060742	 -0.057545	 -0.025967	  0.025220	  0.079530	 -0.057104	 -0.004308
  0.015944	  0.108794	 -0.089663	 -0.057706	  0.041184	  0.071168	  0.011314	 -0.046499
  0.026365	  0.083580	 -0.072432	 -0.038004	  0.114228	  0.103097	  0.028419	 -0.046119
  0.046669	  0.063941	 -0.080224	  0.002667	  0.092688	  0.017827	  0.047424	 -0.029015
  0.077584	  0.015066	 -0.057925	  0.013500	  0.092245	 -0.008274	  0.175266	  0.012670
  0.079453	 -0.008658	 -0.018837	  0.030225	  0.059556	 -0.040202	  0.308556	  0.033322
  0.040682	 -0.003369	 -0.014403	  0.013373	  0.098580	  0.094481	  0.291451	  0.017231
  0.021329	 -0.051864	  0.000865	  0.053348	  0.111693	  0.115767	  0.230254	  0.076147
  0.033872	 -0.034632	 -0.054250	  0.078118	  0.059619	  0.085485	  0.299180	  0.121887
  0.051610	 -0.000613	 -0.078070	  0.112770	  0.075267	  0.023402	  0.361770	  0.096293
  0.068715	 -0.042456	 -0.011362	  0.029148	  0.069439	 -0.014482	  0.368105	  0.075514
  0.049678	 -0.050058	 -0.051716	  0.036750	  0.066271	  0.016813	  0.384323	 -0.000507
  0.072104	 -0.086896	 -0.064260	  0.001527	 -0.011460	  0.056597	  0.355815	 -0.007855
  0.032352	 -0.147016	 -0.041707	  0.044795	 -0.027044	  0.151750	  0.347580	  0.026354
  0.001658	 -0.175904	 -0.042530	  0.056705	 -0.016528	  0.197489	  0.373046	  0.020399
  0.010401	 -0.168334	 -0.066350	  0.065321	 -0.034837	  0.242595	  0.386984	  0.000380
  0.012238	 -0.186230	 -0.074016	  0.086227	 -0.108767	  0.332299	  0.311470	 -0.065251
 -0.006641	 -0.161017	 -0.047028	  0.079955	 -0.130749	  0.361061	  0.280935	 -0.063351
 -0.024506	 -0.172642	  0.010747	  0.063040	 -0.131320	  0.435814	  0.221765	 -0.099460
 -0.060267	 -0.176949	  0.021137	  0.053031	 -0.152162	  0.439742	  0.139536	 -0.074500
 -0.096725	 -0.167447	  0.002702	  0.111630	 -0.151528	  0.456213	  0.106594	  0.044219
 -0.134166	 -0.133903	  0.012965	  0.122463	 -0.215259	  0.487635	  0.198959	  0.209437
 -0.112120	 -0.143120	  0.040015	  0.134753	 -0.153239	  0.466856	  0.348973	  0.403543
 -0.125930	 -0.131210	  0.074858	  0.067158	 -0.076395	  0.435434	  0.482136	  0.578391
 -0.142274	 -0.136025	  0.044260	  0.002414	 -0.086087	  0.460521	  0.595914	  0.751465
 -0.140817	 -0.113757	  0.115529	 -0.067906	 -0.052385	  0.583041	  0.732751	  0.888936
 -0.097137	 -0.116576	  0.103176	 -0.006075	 -0.022673	  0.642591	  0.751376	  0.969645
 -0.085449	 -0.111540	  0.107167	 -0.008419	  0.048913	  0.678447	  0.685999	  0.936956
 -0.058335	 -0.088068	  0.128199	 -0.014944	  0.125821	  0.716077	  0.647101	  0.743230
 -0.017125	 -0.064629	  0.082904	 -0.030465	  0.262025	  0.813891	  0.675229	  0.553811
 -0.027293	 -0.036691	  0.065926	  0.014957	  0.387902	  0.771826	  0.535224	  0.427237
 -0.017347	 -0.031845	  0.058324	  0.035039	  0.437886	  0.852915	  0.317045	  0.237818
 -0.048706	 -0.018826	  0.027725	  0.095919	  0.421035	  0.721272	  0.207828	  0.088311
 -0.088806	  0.037429	  0.035391	  0.166048	  0.392654	  0.496504	  0.069470	 -0.073994
 -0.066190	  0.064385	 -0.018521	  0.166745	  0.337095	  0.331793	 -0.210033	 -0.153182
 -0.052412	  0.095110	 -0.012249	  0.165985	  0.245807	  0.116781	 -0.400085	 -0.142792
 -0.036099	  0.092988	 -0.005787	  0.138554	  0.153695	 -0.042610	 -0.536668	 -0.130376
  0.004889	  0.126278	  0.041409	  0.098707	  0.050497	 -0.130160	 -0.645758	 -0.169146
  0.068493	  0.147216	  0.061175	 -0.005315	 -0.072213	 -0.242671	 -0.725200	 -0.379850
  0.066339	  0.140184	  0.108878	 -0.072847	 -0.259224	 -0.304374	 -0.657795	 -0.488940
  0.017813	  0.101825	  0.110905	 -0.180163	 -0.342657	 -0.355815	 -0.560995	 -0.460179
  0.033207	  0.087033	  0.082460	 -0.262772	 -0.437556	 -0.277640	 -0.475092	 -0.383018
  0.046891	  0.089947	  0.059401	 -0.299009	 -0.478734	 -0.193511	 -0.391215	 -0.284951
  0.021614	  0.056498	  0.023228	 -0.286845	 -0.429067	 -0.125346	 -0.309493	 -0.193726
  0.030863	  0.066760	 -0.019598	 -0.307054	 -0.372622	  0.005157	 -0.108038	  0.014064
  0.011541	  0.111454	 -0.001606	 -0.279433	 -0.387573	  0.122862	  0.113562	  0.329297
 -0.008129	  0.126437	 -0.033535	 -0.253269	 -0.374079	  0.296696	  0.272699	  0.604872
 -0.010632	  0.099481	 -0.068631	 -0.201005	 -0.308321	  0.467236	  0.450081	  0.755773
  0.000233	  0.003790	 -0.059445	 -0.106803	 -0.118333	  0.670845	  0.616440	  0.942531
  0.006536	 -0.031433	 -0.103790	 -0.074874	  0.005454	  0.811864	  0.733131	  0.950893
  0.011097	 -0.081417	 -0.141991	 -0.037877	  0.169343	  0.885984	  0.766581	  0.760461
  0.000581	 -0.144039	 -0.139584	  0.090471	  0.354580	  0.942746	  0.626829	  0.565214
 -0.029510	 -0.198584	 -0.159919	  0.230856	  0.400889	  0.957823	  0.512038	  0.280010
 -0.047153	 -0.231368	 -0.117981	  0.320877	  0.496992	  0.830996	  0.301840	 -0.095153
 -0.067584	 -0.211982	 -0.080794	  0.383658	  0.477923	  0.630934	  0.108241	 -0.301169
 -0.098911	 -0.190760	 -0.005407	  0.454484	  0.423695	  0.489156	 -0.065467	 -0.458025
 -0.135338	 -0.209860	  0.036594	  0.502504	  0.337982	  0.350038	 -0.302398	 -0.578518
 -0.119373	 -0.231051	  0.021517	  0.519165	  0.176311	  0.241328	 -0.594318	 -0.701418
 -0.122129	 -0.160035	  0.051799	  0.474946	  0.019962	  0.139333	 -0.805655	 -0.720803
 -0.125835	 -0.151356	  0.091329	  0.483752	 -0.115862	 -0.034374	 -0.850888	 -0.662141
 -0.142464	 -0.153636	  0.074542	  0.412799	 -0.190869	 -0.204280	 -0.861911	 -0.511493
 -0.164067	 -0.153858	  0.079483	  0.367187	 -0.364133	 -0.280174	 -0.758016	 -0.380991
 -0.198910	 -0.146414	  0.063075	  0.249038	 -0.480825	 -0.386223	 -0.631821	 -0.291666
 -0.148926	 -0.072769	  0.070614	  0.121386	 -0.582313	 -0.359363	 -0.452032	 -0.159897
 -0.139582	 -0.044832	  0.063519	  0.013753	 -0.632233	 -0.242037	 -0.286434	 -0.143553
 -0.073856	 -0.065294	  0.021707	 -0.066322	 -0.660994	 -0.228227	 -0.077630	 -0.122774
 -0.079842	 -0.065326	  0.022341	 -0.163185	 -0.646740	 -0.153347	  0.126739	 -0.046626
 -0.082915	 -0.026302	  0.014548	 -0.212218	 -0.612848	 -0.072765	  0.307795	  0.004941
 -0.055516	 -0.032130	  0.002385	 -0.221848	 -0.501351	 -0.034881	  0.479222	  0.137724
  0.001436	 -0.013505	 -0.075790	 -0.261125	 -0.400433	  0.069774	  0.544727	  0.256950
  0.007265	  0.019913	 -0.141611	 -0.233757	 -0.278610	  0.253998	  0.498481	  0.277222
  0.008088	 -0.026935	 -0.168218	 -0.239142	 -0.111491	  0.281746	  0.442479	  0.171934
  0.048284	 -0.064534	 -0.168091	 -0.149248	  0.055755	  0.332299	  0.261296	  0.058916
  0.075905	 -0.086326	 -0.192861	 -0.104079	  0.183850	  0.336227	  0.046031	 -0.180929
  0.041157	 -0.107295	 -0.181268	 -0.039144	  0.272477	  0.326851	 -0.163153	 -0.423182
  0.032668	 -0.103146	 -0.198183	  0.000767	  0.321954	  0.219535	 -0.369169	 -0.614248
  0.018985	 -0.105300	 -0.193368	  0.019075	  0.346027	  0.084725	 -0.487255	 -0.695463
  0.011541	 -0.059339	 -0.191468	 -0.042312	  0.233390	 -0.143844	 -0.597992	 -0.721437
 -0.030777	 -0.063488	 -0.207052	 -0.013614	  0.150337	 -0.217457	 -0.624599	 -0.684947
 -0.010568	 -0.076634	 -0.177087	  0.040107	  0.028894	 -0.344032	 -0.603440	 -0.590555
 -0.048389	 -0.054366	 -0.120515	  0.055438	 -0.099898	 -0.389391	 -0.498405	 -0.557105
 -0.045601	 -0.038782	 -0.134135	 -0.023117	 -0.230210	 -0.458190	 -0.453046	 -0.539367
 -0.032234	 -0.010749	 -0.138380	 -0.071897	 -0.331001	 -0.451981	 -0.379179	 -0.574210
 -0.019152	 -0.007677	 -0.140534	 -0.145193	 -0.394351	 -0.385590	 -0.348517	 -0.587894
 -0.066539	  0.038696	 -0.125076	 -0.178009	 -0.460869	 -0.337063	 -0.322290	 -0.516941
 -0.079652	  0.036479	 -0.140597	 -0.239332	 -0.521623	 -0.271812	 -0.266795	 -0.411906
 -0.073064	  0.001763	 -0.146299	 -0.284248	 -0.525044	 -0.042610	 -0.259193	 -0.295214
 -0.071480	 -0.005142	 -0.189884	 -0.350259	 -0.523080	 -0.029940	 -0.258813	 -0.132783
 -0.078037	 -0.033840	 -0.245759	 -0.378197	 -0.451113	  0.070408	 -0.251464	  0.012670
 -0.098689	 -0.078598	 -0.339201	 -0.353110	 -0.375790	  0.052670	 -0.133252	  0.173834
 -0.093843	 -0.098965	 -0.355229	 -0.321118	 -0.319154	  0.063693	 -0.051403	  0.259864
 -0.071068	 -0.155474	 -0.330776	 -0.205123	 -0.265306	  0.086879	  0.092657	  0.363252
 -0.080222	 -0.232159	 -0.341926	 -0.136261	 -0.165022	  0.118428	  0.185655	  0.453084
 -0.120704	 -0.245178	 -0.338948	 -0.109907	 -0.090648	  0.160999	  0.324140	  0.603985
 -0.170149	 -0.261047	 -0.327608	 -0.082413	  0.013500	  0.238160	  0.338710	  0.668349
 -0.174488	 -0.287876	 -0.292829	 -0.057769	  0.125377	  0.361947	  0.443112	  0.715355
 -0.195394	 -0.295162	 -0.299100	  0.035356	  0.171623	  0.476105	  0.473901	  0.723084
 -0.220671	 -0.314008	 -0.251144	  0.122590	  0.222620	  0.597232	  0.567913	  0.786308
 -0.227449	 -0.300230	 -0.261344	  0.149831	  0.271781	  0.672999	  0.591479	  0.862709
 -0.250161	 -0.313597	 -0.274394	  0.126898	  0.294587	  0.725580	  0.578809	  0.837875
 -0.234576	 -0.275206	 -0.169358	  0.191072	  0.359078	  0.791591	  0.543713	  0.804046
 -0.239993	 -0.272292	 -0.184626	  0.164338	  0.358571	  0.870653	  0.476942	  0.750452
 -0.209268	 -0.260255	 -0.127990	  0.218503	  0.333484	  0.925261	  0.463384	  0.713075
 -0.188045	 -0.226141	 -0.003887	  0.249861	  0.282297	  0.841385	  0.361263	  0.546209
 -0.152632	 -0.198013	  0.073718	  0.254106	  0.272287	  0.769292	  0.246092	  0.390873
 -0.161850	 -0.132667	  0.056297	  0.246630	  0.176058	  0.644745	  0.242291	  0.258471
 -0.107653	 -0.058737	  0.059908	  0.232123	  0.196393	  0.509935	  0.175266	  0.161417
 -0.052507	 -0.009482	  0.086578	  0.231553	  0.141405	  0.420103	  0.047298	  0.043459
 -0.031823	 -0.006916	  0.090696	  0.238331	  0.105865	  0.345350	 -0.153904	 -0.038390
 -0.022922	 -0.011034	  0.106470	  0.271020	  0.006722	  0.245762	 -0.178357	 -0.109090
  0.030609	 -0.021455	  0.158038	  0.235671	 -0.091789	  0.199516	 -0.178864	 -0.082609
  0.054049	 -0.010749	  0.205677	  0.171116	 -0.107880	  0.055964	 -0.277945	 -0.243393
  0.071122	  0.057923	  0.225950	  0.153758	 -0.120487	 -0.137382	 -0.389948	 -0.478804
  0.065706	  0.103124	  0.231714	  0.137097	 -0.145890	 -0.273206	 -0.465842	 -0.531132
  0.066814	  0.123143	  0.169061	  0.033455	 -0.211775	 -0.307035	 -0.514242	 -0.505918
  0.032953	  0.164827	  0.120281	 -0.002274	 -0.298565	 -0.325027	 -0.542877	 -0.445482
  0.036184	  0.182059	  0.081067	 -0.094893	 -0.335815	 -0.346186	 -0.585955	 -0.373008
  0.074797	  0.177624	 -0.022892	 -0.131003	 -0.404487	 -0.396486	 -0.564669	 -0.311812
  0.063583	  0.199638	 -0.050703	 -0.171547	 -0.466444	 -0.407002	 -0.588869	 -0.260878
  0.056045	  0.194539	 -0.020421	 -0.204489	 -0.479811	 -0.418912	 -0.488269	 -0.052328
  0.061778	  0.177117	 -0.043734	 -0.225522	 -0.546710	 -0.366331	 -0.466223	  0.164965
  0.037831	  0.158239	 -0.019851	 -0.241360	 -0.486146	 -0.157274	 -0.380066	  0.263665
 -0.008826	  0.119785	 -0.099483	 -0.302049	 -0.448326	 -0.040329	 -0.267428	  0.266706
 -0.043099	  0.074236	 -0.140154	 -0.338793	 -0.466634	  0.102210	 -0.188874	  0.306110
 -0.037556	  0.044714	 -0.160553	 -0.338539	 -0.388586	  0.056091	 -0.133632	  0.386185
 -0.057575	  0.020356	 -0.193558	 -0.345318	 -0.327200	  0.097775	 -0.028596	  0.258977
 -0.056403	  0.001636	 -0.183739	 -0.342467	 -0.217476	  0.194068	  0.003839	  0.074120
 -0.053077	 -0.001246	 -0.215541	 -0.341327	 -0.152035	  0.195969	  0.007007	 -0.012037
 -0.090549	 -0.015532	 -0.296630	 -0.330747	 -0.142849	  0.233979	  0.004219	 -0.157996
 -0.141673	 -0.034506	 -0.341165	 -0.310412	 -0.151592	  0.247410	 -0.004777	 -0.211718
 -0.153487	 -0.071787	 -0.366822	 -0.281460	 -0.152859	  0.219155	 -0.144148	 -0.328410
 -0.187348	 -0.096874	 -0.380443	 -0.189285	 -0.164325	  0.183172	 -0.112093	 -0.403924
 -0.193082	 -0.186199	 -0.348577	 -0.128912	 -0.141709	  0.199516	 -0.184059	 -0.547856
 -0.225454	 -0.216829	 -0.322033	 -0.091599	 -0.146460	  0.181778	 -0.299610	 -0.527964
 -0.247848	 -0.218222	 -0.335717	 -0.033253	 -0.110477	  0.130718	 -0.418076	 -0.535439
 -0.202616	 -0.232603	 -0.317345	  0.064117	 -0.123844	  0.063946	 -0.442910	 -0.568382
 -0.183769	 -0.242771	 -0.294919	  0.117648	 -0.105536	  0.005917	 -0.538949	 -0.599677
 -0.193240	 -0.225128	 -0.303535	  0.053221	 -0.121310	 -0.076312	 -0.602933	 -0.562300
 -0.173981	 -0.225349	 -0.184943	  0.075267	 -0.192770	 -0.060094	 -0.536668	 -0.662394
 -0.205118	 -0.252178	 -0.145855	  0.068742	 -0.203919	 -0.101019	 -0.484848	 -0.668096
 -0.152315	 -0.251386	 -0.138570	  0.129812	 -0.169203	 -0.109001	 -0.464069	 -0.680893
 -0.136098	 -0.252717	 -0.109809	  0.170420	 -0.187828	 -0.082267	 -0.456467	 -0.613234
 -0.083897	 -0.237259	 -0.065147	  0.191199	 -0.220961	 -0.026265	 -0.456086	 -0.605759
 -0.085322	 -0.205362	 -0.032711	  0.127658	 -0.240473	 -0.037922	 -0.413768	 -0.602084
 -0.088331	 -0.166655	  0.021074	  0.107829	 -0.242310	 -0.003586	 -0.412248	 -0.612854
 -0.089852	 -0.113314	  0.095764	  0.110997	 -0.236988	 -0.122051	 -0.418836	 -0.601197
 -0.074489	 -0.081987	  0.126109	  0.056262	 -0.258338	 -0.129653	 -0.455453	 -0.665308
 -0.069643	  0.004455	  0.116480	  0.046126	 -0.285768	 -0.102666	 -0.436194	 -0.700911
 -0.050986	 -0.030704	  0.109004	  0.044922	 -0.320611	 -0.155374	 -0.431633	 -0.723464
 -0.074489	 -0.013030	  0.067510	  0.019835	 -0.305344	 -0.125472	 -0.411741	 -0.703319
 -0.111613	  0.020926	  0.043753	 -0.064168	 -0.253333	 -0.058954	 -0.392609	 -0.745130
 -0.141926	  0.009492	 -0.000022	 -0.153239	 -0.270247	 -0.038809	 -0.524505	 -0.755266
 -0.132455	 -0.019998	  0.022277	 -0.161411	 -0.321688	 -0.108748	 -0.551746	 -0.785928
 -0.150067	 -0.046922	 -0.008448	 -0.212788	 -0.346965	 -0.049198	 -0.587096	 -0.833568
 -0.153519	 -0.033460	 -0.050956	 -0.236798	 -0.383202	 -0.039315	 -0.571511	 -0.801005
 -0.140406	 -0.006346	 -0.122542	 -0.283931	 -0.386876	 -0.089869	 -0.527673	 -0.765529
 -0.136510	  0.023365	 -0.126597	 -0.278990	 -0.319408	 -0.182615	 -0.592290	 -0.705473
 -0.190769	 -0.015944	 -0.165177	 -0.314466	 -0.289443	 -0.176406	 -0.562516	 -0.669996
 -0.213861	 -0.060859	 -0.103347	 -0.335499	 -0.291850	 -0.238363	 -0.484087	 -0.588907
 -0.180760	 -0.094023	 -0.122606	 -0.331824	 -0.249849	 -0.251793	 -0.502079	 -0.524416
 -0.139455	 -0.116513	 -0.207939	 -0.224888	 -0.191566	 -0.268391	 -0.450765	 -0.472469
 -0.142940	 -0.112997	 -0.274837	 -0.240029	 -0.164579	 -0.244318	 -0.378165	 -0.473356
 -0.175850	 -0.162632	 -0.265081	 -0.175855	 -0.133537	 -0.199592	 -0.332173	 -0.438513
 -0.180031	 -0.185058	 -0.270846	 -0.175285	 -0.195177	 -0.176533	 -0.332679	 -0.410892
 -0.163655	 -0.160700	 -0.313925	 -0.190552	 -0.175158	 -0.287016	 -0.332553	 -0.454224
 -0.167108	 -0.195131	 -0.267615	 -0.147411	 -0.191693	 -0.323380	 -0.330906	 -0.430784
 -0.171321	 -0.224779	 -0.204265	 -0.095020	 -0.284311	 -0.313244	 -0.255138	 -0.397462
 -0.154121	 -0.298424	 -0.209459	 -0.071833	 -0.297108	 -0.438044	 -0.227391	 -0.401009
 -0.146424	 -0.351449	 -0.223587	 -0.092359	 -0.320041	 -0.434623	 -0.261853	 -0.477030
 -0.137935	 -0.368237	 -0.244936	 -0.128152	 -0.383328	 -0.385337	 -0.213454	 -0.534679
 -0.124600	 -0.395572	 -0.272937	 -0.128659	 -0.465938	 -0.417265	 -0.219915	 -0.609180
 -0.109490	 -0.384011	 -0.254882	 -0.153175	 -0.499070	 -0.421700	 -0.182919	 -0.513647
 -0.121337	 -0.351449	 -0.202998	 -0.201322	 -0.569642	 -0.334656	 -0.149596	 -0.444848
 -0.165397	 -0.315466	 -0.189060	 -0.223748	 -0.643889	 -0.277640	 -0.229925	 -0.377570
 -0.182565	 -0.292501	 -0.110949	 -0.270121	 -0.680823	 -0.233042	 -0.231699	 -0.310038
 -0.195711	 -0.248599	 -0.106451	 -0.229893	 -0.701539	 -0.187302	 -0.235120	 -0.286091
 -0.196756	 -0.228580	 -0.108795	 -0.172941	 -0.709647	 -0.201620	 -0.287320	 -0.240859
 -0.198118	 -0.239667	 -0.082441	 -0.180860	 -0.686968	 -0.223792	 -0.420610	 -0.233384
 -0.183421	 -0.212869	 -0.123239	 -0.204236	 -0.584530	 -0.088602	 -0.391089	 -0.274942
 -0.190199	 -0.235770	 -0.122606	 -0.219694	 -0.489314	 -0.073018	 -0.370436	 -0.204876
 -0.171669	 -0.250151	 -0.153394	 -0.264926	 -0.501667	 -0.087589	 -0.337621	 -0.154829
 -0.197199	 -0.232856	 -0.113230	 -0.279053	 -0.450923	 -0.057307	 -0.342435	 -0.153055
 -0.180000	 -0.218412	 -0.106831	 -0.287415	 -0.489441	 -0.045524	 -0.288334	 -0.216279
 -0.167045	 -0.241409	 -0.088206	 -0.301036	 -0.440597	  0.058371	 -0.170882	 -0.124801
 -0.115160	 -0.179705	 -0.143575	 -0.309461	 -0.417664	  0.067747	 -0.126283	 -0.055875
 -0.105341	 -0.175682	 -0.140280	 -0.279243	 -0.365653	  0.020741	 -0.074589	 -0.068545
 -0.090359	 -0.160003	 -0.179114	 -0.285578	 -0.358685	  0.070154	 -0.063819	 -0.071460
 -0.127134	 -0.124939	 -0.137620	 -0.306167	 -0.287162	  0.062806	 -0.048742	  0.001014
 -0.087983	 -0.100770	 -0.088333	 -0.282347	 -0.287796	  0.121975	  0.055026	 -0.045739
 -0.061629	 -0.103938	 -0.102143	 -0.270691	 -0.347092	  0.063439	  0.046157	 -0.093506
 -0.057765	 -0.157501	 -0.052350	 -0.277216	 -0.352413	  0.069014	  0.045904	 -0.100094
 -0.018076	 -0.142740	 -0.064893	 -0.296665	 -0.307371	  0.053303	  0.087462	 -0.102501
 -0.056814	 -0.088068	 -0.133375	 -0.318774	 -0.289823	  0.011872	  0.172225	 -0.082989
 -0.027610	 -0.063077	 -0.156815	 -0.334928	 -0.272591	 -0.068583	  0.120911	 -0.067658
 -0.071005	 -0.078598	 -0.130271	 -0.290013	 -0.276963	 -0.028166	  0.156894	 -0.049667
 -0.083928	 -0.104350	 -0.113293	 -0.237178	 -0.344684	 -0.041469	  0.143210	 -0.122393
 -0.114780	 -0.101879	 -0.168408	 -0.231667	 -0.323335	 -0.091770	  0.189710	 -0.215392
 -0.111834	 -0.088385	 -0.151367	 -0.190996	 -0.325616	 -0.148532	  0.222525	 -0.253149
 -0.117378	 -0.079009	 -0.181268	 -0.222544	 -0.270311	 -0.137255	  0.157528	 -0.245167
 -0.129034	 -0.086073	 -0.191911	 -0.203286	 -0.268854	 -0.161582	  0.160188	 -0.178902
 -0.131220	 -0.093612	 -0.208509	 -0.144877	 -0.262582	 -0.078593	  0.107734	 -0.122647
 -0.033248	  0.016539	 -0.058324	 -0.029065	 -0.081101	  0.046930	 -0.137914	  0.065340
 -0.065113	  0.005421	 -0.047237	  0.001216	 -0.088260	  0.089502	 -0.173517	  0.021881
 -0.060774	  0.017490	 -0.064722	 -0.013924	 -0.057408	  0.037934	 -0.075451	 -0.013088
 -0.074996	  0.021132	 -0.078216	  0.054684	 -0.026113	 -0.008438	  0.019069	 -0.031840
 -0.088521	  0.013910	 -0.126616	  0.024403	 -0.001533	 -0.056838	 -0.051251	  0.007311
 -0.085259	 -0.002022	 -0.108561	  0.047526	  0.000177	 -0.049870	 -0.098384	 -0.005359
 -0.053552	  0.009951	 -0.086705	  0.029471	 -0.047209	 -0.088894	 -0.102438	 -0.125599
 -0.065272	 -0.031987	 -0.144291	  0.012176	  0.000494	 -0.097636	 -0.024390	  0.062552
 -0.056276	 -0.031544	 -0.093167	  0.017434	  0.007209	 -0.060259	  0.055052	  0.129071
 -0.030271	 -0.056061	 -0.036404	 -0.002648	 -0.032385	 -0.079391	 -0.089514	 -0.375200
 -0.018456	 -0.028630	 -0.015689	  0.032385	  0.021843	 -0.038467	  0.108393	  0.247410
  0.030863	 -0.017987	 -0.037671	  0.035616	  0.059347	 -0.023642	  0.227872	  0.531474
  0.069190	 -0.022326	  0.021181	  0.030991	  0.074044	 -0.121202	 -0.105605	 -0.535478
  0.078724	 -0.010797	  0.048802	  0.010022	  0.107177	  0.000684	  0.110674	  0.099422
  0.095100	  0.007955	  0.114623	 -0.011010	  0.049528	  0.104199	  0.199871	  0.666157
  0.100042	  0.025472	  0.153014	  0.009832	 -0.028457	  0.000304	 -0.141335	 -0.592620
  0.067828	  0.026644	  0.180065	  0.010212	 -0.019841	  0.118643	  0.032499	 -0.123952
  0.082462	  0.037888	  0.156878	 -0.022350	  0.009427	  0.133214	  0.332147	  0.780568
  0.056900	  0.011059	  0.106388	 -0.110344	  0.016078	  0.021210	 -0.049350	 -0.468579
  0.050628	  0.007892	  0.116651	 -0.126625	  0.036984	  0.072017	 -0.036427	 -0.339471
  0.047587	 -0.003068	  0.097519	 -0.090199	  0.083547	  0.190103	  0.290716	  0.766378
  0.020600	  0.028766	  0.119121	 -0.062578	  0.004739	  0.137268	 -0.037440	 -0.317171
 -0.008320	  0.058541	  0.097012	 -0.036477	 -0.010592	  0.149051	 -0.072917	 -0.483657
  0.001373	  0.068772	  0.050766	 -0.007589	  0.019626	  0.251933	  0.323025	  0.739517
 -0.002523	  0.054898	 -0.005236	 -0.034387	 -0.016230	  0.157034	  0.065188	 -0.231268
  0.027220	  0.066491	 -0.041029	 -0.056053	 -0.076667	  0.114842	 -0.199491	 -0.740480
  0.042931	  0.103900	  0.040693	 -0.050858	 -0.051390	  0.224565	  0.171490	  0.580507
  0.040714	  0.106022	  0.076106	 -0.002331	 -0.020285	  0.215189	  0.028571	  0.011365
  0.016451	  0.070736	  0.042657	 -0.028875	 -0.043154	  0.134734	 -0.256380	 -0.744408
 -0.016302	  0.083881	  0.052033	  0.022375	 -0.066151	  0.201379	  0.035920	  0.583041
 -0.057638	  0.089139	  0.095618	  0.094215	 -0.116261	  0.150065	 -0.007285	  0.284660
 -0.050321	  0.077989	  0.012059	  0.133176	 -0.154018	 -0.012366	 -0.332654	 -0.747575
 -0.040248	  0.076564	 -0.027472	  0.168462	 -0.129438	  0.072777	 -0.014254	  0.452285
 -0.034927	  0.074822	 -0.003209	  0.187721	 -0.165104	  0.138662	  0.037694	  0.401858
 -0.060014	  0.072668	 -0.001942	  0.139004	 -0.150217	 -0.033905	 -0.438323	 -0.893535
 -0.054502	  0.081284	  0.038286	  0.113030	 -0.098586	  0.044650	 -0.115995	  0.167208
 -0.022573	  0.070609	  0.008194	  0.179042	 -0.059562	  0.071637	 -0.006272	  0.614336
  0.022374	  0.087745	  0.001162	  0.197287	 -0.110686	 -0.077364	 -0.405507	 -0.678903
  0.067891	  0.082582	 -0.016892	  0.263361	 -0.074576	  0.002838	 -0.105986	  0.073195
  0.064027	  0.053029	 -0.015245	  0.220346	 -0.017687	  0.006512	  0.138928	  0.752948
  0.034791	  0.043210	 -0.032287	  0.126651	 -0.053671	 -0.102957	 -0.267276	 -0.508110
  0.034632	  0.060061	  0.027643	  0.152054	 -0.060322	 -0.112840	 -0.082673	 -0.036148
  0.034315	  0.056609	 -0.006059	  0.170489	 -0.021742	 -0.019588	  0.285521	  0.841258
 -0.004265	  0.043337	 -0.074288	  0.130388	 -0.073816	 -0.125637	 -0.048717	 -0.361643
  0.036659	  0.015779	 -0.096524	  0.084586	 -0.070142	 -0.124117	 -0.029965	 -0.254074
  0.037610	 -0.029358	 -0.102289	  0.073499	 -0.064124	 -0.075210	  0.238642	  0.876228
  0.008627	 -0.024037	 -0.098932	  0.089717	 -0.075083	 -0.207106	 -0.081406	 -0.166523
  0.010749	 -0.030340	 -0.083727	  0.018068	 -0.011479	 -0.302385	 -0.121443	 -0.324393
  0.024623	  0.007005	 -0.104696	 -0.011264	  0.076515	 -0.142615	  0.339369	  0.833656
  0.060226	  0.025662	 -0.128516	 -0.005942	  0.015128	 -0.206979	  0.026291	  0.014786
  0.030578	  0.025725	 -0.147331	 -0.072587	  0.014495	 -0.246130	 -0.132846	 -0.569940
  0.060986	  0.043495	 -0.176473	 -0.080443	  0.080696	 -0.053291	  0.287802	  0.769926
 -0.002808	  0.058731	 -0.187306	 -0.069800	  0.033056	 -0.087880	  0.120049	  0.189507
 -0.055642	  0.099592	 -0.123068	 -0.058143	 -0.025353	 -0.146163	 -0.176178	 -0.647988
 -0.048927	  0.075645	 -0.060414	 -0.052188	 -0.073626	 -0.016927	  0.211401	  0.641831
 -0.011804	  0.045617	 -0.003906	 -0.100905	 -0.096496	 -0.042521	  0.191636	  0.267808
 -0.012184	  0.056038	 -0.033174	 -0.094190	 -0.116388	 -0.113094	 -0.205826	 -0.709565
  0.007677	  0.119041	 -0.007580	 -0.079556	 -0.112017	  0.041482	  0.043268	  0.415162
  0.018224	  0.104502	 -0.010747	 -0.050604	 -0.115057	  0.122064	  0.114475	  0.360807
 -0.016650	  0.149576	 -0.022467	 -0.140246	 -0.207866	 -0.020222	 -0.300219	 -0.887200
  0.009102	  0.179857	  0.013136	 -0.164826	 -0.123483	  0.092669	  0.018688	  0.031891
  0.037736	  0.161042	 -0.046604	 -0.130616	 -0.099600	  0.110281	  0.215329	  0.366002
  0.029564	  0.123063	 -0.065989	 -0.126435	 -0.148760	 -0.021742	 -0.233574	 -0.870222
  0.039827	  0.075044	 -0.030449	 -0.105023	 -0.063807	 -0.006411	  0.024897	 -0.086828
  0.024021	  0.075709	 -0.061745	 -0.108254	 -0.063237	  0.111801	  0.263222	  0.646392
  0.013536	  0.042260	 -0.057627	 -0.041799	 -0.055951	 -0.007678	 -0.078111	 -0.721982
  0.003559	  0.019010	 -0.003272	  0.054874	 -0.095609	  0.055546	  0.074310	 -0.247866
  0.040239	  0.046726	 -0.037291	  0.115691	 -0.068051	  0.185795	  0.309214	  0.748386
  0.054999	  0.028639	 -0.022341	  0.139194	 -0.093898	  0.010694	 -0.091922	 -0.562972
  0.047176	  0.002159	 -0.024875	  0.135393	 -0.089210	  0.082280	 -0.055178	 -0.473394
  0.027442	 -0.047128	  0.066857	  0.108469	 -0.027253	  0.121430	  0.250552	  0.652854
  0.026333	 -0.039969	  0.094035	  0.013443	 -0.010782	 -0.022122	 -0.105859	 -0.421700
  0.037356	 -0.084473	  0.188174	  0.001406	  0.025518	 -0.105365	 -0.180613	 -0.624422
  0.044768	 -0.071581	  0.224854	  0.063807	  0.073031	 -0.038593	  0.207347	  0.617884
  0.022025	 -0.093216	  0.183105	  0.036376	  0.028305	 -0.122723	  0.016915	 -0.259902
  0.034917	 -0.097143	  0.150036	  0.021869	  0.005626	 -0.182779	 -0.150711	 -0.774183
  0.056108	 -0.094673	  0.124823	 -0.068089	  0.089755	 -0.053164	  0.352039	  0.623586
  0.004002	 -0.077156	  0.094415	 -0.039011	  0.083483	 -0.107772	  0.231040	  0.004650
 -0.027515	 -0.049662	  0.064576	 -0.064098	  0.070750	 -0.187847	 -0.025024	 -0.880865
 -0.052697	 -0.071962	  0.059889	 -0.025201	  0.016775	 -0.024276	  0.393217	  0.441389
 -0.080001	 -0.080324	 -0.007263	 -0.016965	  0.018106	  0.080633	  0.209374	  0.248170
 -0.077657	 -0.052925	 -0.015182	 -0.075501	  0.001824	  0.086461	 -0.130819	 -0.775576
 -0.096662	 -0.011905	 -0.058894	 -0.085447	  0.079619	  0.283988	  0.185427	  0.289094
 -0.045886	  0.068455	 -0.069030	 -0.107430	  0.127132	  0.248639	  0.150965	  0.267302
 -0.031696	  0.111597	 -0.067700	 -0.108887	  0.110661	  0.013608	 -0.251565	 -0.868828
 -0.049719	  0.136367	 -0.129593	 -0.114145	  0.165586	  0.146137	  0.036427	  0.196476
 -0.052760	  0.101999	 -0.169948	 -0.026975	  0.181107	  0.227860	  0.072410	  0.599386
  0.012555	  0.076849	 -0.173115	 -0.023490	  0.067836	  0.099131	 -0.316563	 -0.676116
  0.041031	  0.047486	 -0.163106	 -0.001761	  0.015762	  0.258775	 -0.123977	  0.105251
  0.067131	  0.065256	 -0.149929	  0.023262	  0.036984	  0.231280	  0.027304	  0.685542
  0.033935	  0.066238	 -0.095384	  0.024529	  0.016649	  0.087981	 -0.433002	 -0.624422
 -0.004518	  0.059681	 -0.114072	  0.029597	  0.065999	  0.125738	 -0.253973	 -0.206814
 -0.008446	  0.062342	 -0.080687	  0.091554	  0.115982	  0.254594	  0.060753	  0.754088
  0.018604	  0.050020	 -0.077202	  0.087880	  0.061184	  0.090262	 -0.371678	 -0.493033
  0.021677	  0.045491	 -0.067700	  0.065897	 -0.040177	 -0.041001	 -0.351659	 -0.373680
  0.002418	  0.022811	 -0.092026	  0.063110	 -0.046132	 -0.000836	  0.017168	  0.768405
 -0.009365	  0.035798	 -0.071184	  0.043218	 -0.066848	 -0.141855	 -0.378900	 -0.345172
  0.020157	  0.096298	 -0.023291	  0.037833	 -0.082305	 -0.172390	 -0.488370	 -0.567026
 -0.011962	  0.145394	  0.013579	  0.077744	 -0.122659	  0.029572	  0.002091	  0.665270
 -0.045886	  0.126453	  0.053110	  0.019905	 -0.210844	 -0.111320	 -0.195563	 -0.191990
 -0.078575	  0.098293	  0.023652	  0.021045	 -0.217749	 -0.127537	 -0.305160	 -0.616186
 -0.100463	  0.116253	 -0.022784	  0.090287	 -0.188227	 -0.010846	  0.212541	  0.723426
 -0.104359	  0.148562	  0.000022	  0.093772	 -0.257660	 -0.098396	  0.019575	  0.073195
 -0.135369	  0.145363	 -0.005426	  0.079391	 -0.259750	 -0.127918	 -0.232814	 -0.837153
 -0.158619	  0.166427	 -0.051609	  0.060006	 -0.239985	  0.005626	  0.203672	  0.480160
 -0.136605	  0.174061	 -0.139603	  0.082559	 -0.157376	 -0.071536	  0.080392	  0.284533
 -0.124283	  0.142480	 -0.083917	  0.036376	 -0.157629	 -0.161113	 -0.172250	 -0.747955
 -0.109776	  0.152110	 -0.050278	 -0.001001	 -0.122153	 -0.039353	  0.281213	  0.427959
 -0.089123	  0.132566	 -0.081383	  0.009325	 -0.122089	 -0.005144	  0.275132	  0.493463
 -0.049592	  0.118851	 -0.128326	  0.005397	 -0.129058	 -0.018321	 -0.041368	 -0.652803
 -0.020736	  0.105167	 -0.069790	 -0.043763	 -0.044675	  0.151585	  0.259421	  0.346363
  0.015627	  0.058984	 -0.049138	 -0.052062	 -0.032258	  0.237869	  0.354067	  0.707842
  0.050692	  0.005453	 -0.002575	 -0.016712	 -0.051390	  0.056433	 -0.059106	 -0.622648
  0.059624	  0.011471	  0.028593	  0.070269	  0.017916	  0.164762	  0.138928	  0.080164
  0.028392	  0.034943	  0.053997	  0.005588	  0.074678	  0.231154	  0.402213	  0.719625
 -0.019121	  0.056862	  0.022892	 -0.040215	  0.078099	  0.063781	  0.062020	 -0.598068
 -0.031252	  0.037698	  0.047535	 -0.026278	  0.112625	  0.235715	  0.155272	 -0.194524
  0.022754	  0.046504	  0.071672	 -0.033310	  0.109521	  0.282848	  0.288182	  0.475472
 -0.016935	  0.076437	  0.045761	 -0.085194	  0.075185	  0.151965	 -0.027304	 -0.272446
  0.015785	  0.030096	 -0.018666	 -0.131503	  0.063338	  0.125865	  0.028951	 -0.242544
  0.024623	 -0.003606	 -0.033680	 -0.128589	  0.063781	  0.208221	  0.177065	  0.197869
  0.063773	  0.052174	 -0.021644	 -0.110091	  0.066886	  0.228620	  0.056445	 -0.036908
  0.020315	  0.042101	 -0.015562	 -0.128779	  0.014558	  0.224439	 -0.051251	 -0.076312
 -0.003473	 -0.010670	  0.012185	 -0.159187	  0.056686	  0.280947	 -0.039848	  0.057991
 -0.031126	 -0.045988	  0.088903	 -0.140499	  0.034703	  0.201379	  0.012480	  0.042914
 -0.051050	 -0.026222	  0.088713	 -0.125422	  0.041925	  0.122697	  0.062654	 -0.029433
 -0.027705	  0.000068	  0.110759	 -0.103249	  0.043699	  0.076325	  0.070763	 -0.031080
 -0.005722	  0.002032	 -0.012585	 -0.113132	  0.039645	 -0.055571	  0.028191	 -0.028799
 -0.035909	  0.037382	  0.013453	 -0.141639	  0.057130	 -0.011606	 -0.028571	 -0.034754
 -0.027420	  0.062310	  0.016683	 -0.132770	  0.033436	 -0.040367	 -0.104465	  0.028090
 -0.027483	  0.074632	 -0.074161	 -0.165966	  0.047564	 -0.202798	 -0.123724	 -0.001558
 -0.038855	  0.149005	 -0.147902	 -0.145947	 -0.011606	 -0.164408	 -0.136394	 -0.046031
 -0.039868	  0.173649	 -0.195224	 -0.178509	 -0.072169	 -0.159593	 -0.148811	 -0.007133
 -0.059539	  0.174536	 -0.174509	 -0.195234	 -0.055635	 -0.146036	 -0.182386	 -0.045650
 -0.071195	  0.126516	 -0.116480	 -0.172048	 -0.040240	 -0.107392	 -0.298191	 -0.078973
 -0.038094	  0.131267	 -0.114199	 -0.200302	 -0.057598	 -0.073183	 -0.322771	 -0.116476
  0.015754	  0.084800	 -0.201686	 -0.178066	  0.000494	 -0.039860	 -0.314789	  0.035058
  0.011478	  0.072415	 -0.202256	 -0.158491	  0.034577	 -0.074830	 -0.333034	  0.098789
 -0.040565	  0.038997	 -0.192247	 -0.055229	  0.059093	 -0.023516	 -0.307314	  0.085359
 -0.056941	 -0.010195	 -0.194528	 -0.012721	  0.013038	 -0.010085	 -0.199618	  0.071421
 -0.043067	 -0.029042	 -0.135548	  0.087817	  0.010250	 -0.063300	 -0.209120	  0.136546
 -0.081489	 -0.051373	 -0.081637	  0.098269	 -0.050693	 -0.082178	 -0.160214	  0.169362
 -0.092101	 -0.035091	 -0.016449	  0.066404	 -0.027190	 -0.157186	 -0.105352	  0.096128
 -0.103155	 -0.059672	 -0.018666	  0.033779	 -0.059436	 -0.133746	 -0.016408	  0.079150
 -0.060077	 -0.058436	 -0.057500	  0.003434	 -0.050883	 -0.184426	 -0.009313	  0.040760
 -0.069421	 -0.000217	 -0.020503	  0.008818	 -0.002357	 -0.182779	  0.014634	  0.020868
 -0.109205	  0.038300	 -0.011381	  0.027000	 -0.021172	 -0.194562	 -0.012227	  0.058118
 -0.193113	  0.001652	  0.002049	 -0.039708	 -0.103084	 -0.158072	 -0.027177	  0.032651
 -0.177181	  0.013530	  0.025236	 -0.090959	 -0.096306	 -0.095609	 -0.020969	 -0.011061
 -0.162357	  0.030160	 -0.002258	 -0.089185	 -0.082495	 -0.108786	  0.003231	  0.042407
 -0.126342	  0.071052	 -0.025381	 -0.090262	 -0.048793	 -0.179105	  0.007159	 -0.017016
 -0.098119	  0.054613	  0.010792	 -0.121177	 -0.089590	 -0.075083	  0.084700	 -0.052112
 -0.047185	  0.053473	  0.020294	 -0.065492	 -0.087183	 -0.031118	  0.110293	 -0.020437
 -0.050289	  0.041119	 -0.008277	 -0.073221	 -0.078377	 -0.011606	  0.003484	 -0.092783
 -0.049181	  0.046092	  0.030240	 -0.056179	 -0.072296	 -0.054177	  0.008299	 -0.125599
 -0.049402	  0.057559	  0.034485	 -0.084750	 -0.027634	 -0.081672	 -0.095343	 -0.065162
 -0.041357	  0.031142	  0.083328	 -0.086271	 -0.016104	 -0.046575	 -0.041875	 -0.039569
 -0.020736	  0.002349	  0.074269	 -0.102615	 -0.065961	 -0.004257	 -0.020969	 -0.097345
  0.023514	  0.059776	  0.032584	 -0.084497	 -0.074006	 -0.014773	  0.028951	 -0.129147
  0.047112	  0.027214	  0.000022	 -0.074298	 -0.070712	 -0.008438	  0.020082	 -0.030066
  0.061049	 -0.020933	  0.006801	 -0.113575	  0.003725	 -0.086993	 -0.017295	 -0.003332
  0.064344	 -0.012634	  0.022322	 -0.128779	 -0.009262	 -0.033905	  0.024897	  0.065340
  0.049361	 -0.005443	 -0.007136	 -0.042496	 -0.092695	  0.000938	  0.053405	  0.085105
  0.032858	  0.019929	  0.003633	 -0.031283	 -0.074576	 -0.018828	  0.014507	  0.104871
 -0.011931	  0.058572	  0.012692	  0.026176	 -0.025226	 -0.006918	  0.132466	  0.156565
 -0.043891	  0.058161	 -0.000675	  0.029027	 -0.074640	  0.019436	  0.012987	  0.151623
 -0.065050	  0.105990	 -0.041346	  0.013443	 -0.036376	 -0.012113	 -0.033893	  0.100689
 -0.065462	  0.139566	 -0.034377	  0.042204	 -0.066594	  0.021083	 -0.026544	  0.037339
 -0.073666	  0.167726	 -0.022531	  0.055508	 -0.076920	  0.020196	  0.015394	  0.044941
 -0.101888	  0.129082	 -0.033680	  0.072486	 -0.032828	 -0.036693	  0.067468	  0.023909
 -0.104137	  0.146535	 -0.043690	  0.056015	 -0.044675	 -0.056458	  0.017041	  0.056471
 -0.089313	  0.129493	 -0.053889	  0.031181	 -0.020728	 -0.097383	 -0.060627	  0.092707
 -0.127514	  0.094112	 -0.045527	  0.025163	  0.008160	 -0.049490	 -0.102818	  0.013012
 -0.160044	  0.070577	 -0.078343	  0.001786	 -0.000456	  0.053519	 -0.031485	 -0.070737
 -0.166063	  0.062975	 -0.136435	 -0.048324	 -0.008502	  0.039835	 -0.019575	 -0.026392
 -0.174963	  0.053061	 -0.130353	 -0.091339	  0.001128	 -0.036693	 -0.005512	 -0.027912
 -0.206480	  0.066079	 -0.225823	 -0.073284	  0.049971	 -0.053037	  0.003991	 -0.045017
 -0.162357	  0.084831	 -0.206184	 -0.034450	  0.021463	  0.044523	 -0.032245	 -0.063135
 -0.127419	  0.076944	 -0.172101	 -0.098307	  0.022477	  0.088488	 -0.085080	 -0.042103
 -0.058715	  0.083596	 -0.134788	 -0.105910	  0.065809	  0.073664	 -0.083559	 -0.018536
 -0.049909	  0.044065	 -0.097855	 -0.107493	  0.025074	  0.068469	 -0.194043	  0.013519
 -0.021180	  0.052586	 -0.101402	 -0.134988	  0.088678	  0.109267	 -0.268923	 -0.044257
 -0.033438	  0.059206	 -0.110715	 -0.077782	  0.089248	  0.096724	 -0.238262	 -0.064782
 -0.078670	  0.038237	 -0.106597	 -0.086651	  0.084307	  0.075818	 -0.220650	 -0.135355
 -0.093780	  0.029368	 -0.061238	 -0.067773	  0.072017	  0.052252	 -0.200378	 -0.015115
 -0.079272	  0.039219	 -0.072578	 -0.061564	  0.056496	 -0.014393	 -0.150204	  0.063819
 -0.059729	  0.059934	 -0.028296	 -0.090895	  0.005499	  0.011580	 -0.155146	  0.113106
 -0.067489	  0.052712	 -0.007960	 -0.093746	 -0.011986	 -0.024023	 -0.176938	  0.105631
 -0.062896	  0.006910	 -0.039509	 -0.061121	  0.004612	  0.015888	 -0.178459	  0.068507
 -0.015320	  0.019580	 -0.017336	 -0.094506	 -0.036376	  0.007399	 -0.055178	  0.070535
  0.012681	  0.048500	 -0.050532	 -0.131883	 -0.063427	 -0.106505	 -0.006652	  0.157578
  0.007518	  0.049133	 -0.111982	 -0.061184	  0.011897	 -0.198363	 -0.020969	  0.075349
  0.009102	  0.017141	 -0.094497	 -0.059980	  0.010947	 -0.209640	 -0.000443	  0.030750
 -0.013989	  0.027341	 -0.110018	  0.019335	 -0.027824	 -0.216355	 -0.011720	  0.022008
 -0.029162	  0.021512	 -0.113946	  0.055254	 -0.063237	 -0.158072	  0.027938	  0.067874
 -0.037904	  0.032915	 -0.095321	  0.038973	 -0.071092	 -0.097509	  0.034019	 -0.006880
 -0.056339	  0.001462	 -0.164246	  0.018891	 -0.071662	 -0.154145	  0.092809	 -0.061615
 -0.100400	  0.027531	 -0.212202	  0.011162	 -0.089527	 -0.204318	  0.099524	 -0.041216
 -0.118170	  0.043463	 -0.236846	  0.005144	 -0.081988	 -0.141475	  0.121190	 -0.024238
 -0.129889	  0.070736	 -0.264973	  0.042901	 -0.113030	 -0.064820	  0.076971	  0.014913
 -0.105689	  0.059206	 -0.257498	  0.027570	 -0.091111	 -0.059752	  0.018942	  0.020868
 -0.117473	  0.072478	 -0.245208	  0.021552	 -0.045752	  0.008666	  0.045803	 -0.019930
 -0.122509	  0.109791	 -0.185785	  0.013886	  0.035780	  0.022604	  0.025784	 -0.042356
 -0.111834	  0.128480	 -0.178120	 -0.018106	  0.058143	  0.011834	 -0.092935	  0.033411
 -0.124821	  0.105135	 -0.144924	 -0.024124	  0.128716	 -0.069635	 -0.163255	  0.093594
 -0.176832	  0.132122	 -0.149802	  0.001660	  0.144237	 -0.126017	 -0.203799	  0.131351
 -0.167266	  0.112389	 -0.163232	 -0.053075	  0.150762	 -0.193549	 -0.248398	  0.175950
 -0.160234	  0.129937	 -0.181857	 -0.042115	  0.167803	 -0.275271	 -0.187961	  0.195969
 -0.140754	  0.154454	 -0.167350	 -0.006386	  0.176165	 -0.216989	 -0.181246	  0.215734
 -0.110631	  0.145268	 -0.183948	 -0.046550	  0.144173	 -0.180372	 -0.181626	  0.222703
 -0.096314	  0.158223	 -0.126932	  0.004764	  0.135114	 -0.126144	 -0.145516	  0.266922
 -0.070308	  0.146376	 -0.190030	 -0.028432	  0.148988	 -0.064694	 -0.180233	  0.313801


