:RUN-47	LEVEL SWEEP	TEMP:NaN	7/3/2019	6:00 PM	-433.91HR:
:SW EAR: R	SW FREQ: 32.00	# AVERAGES: 512	REP RATE (/sec): 33	DRIVER: RS Tweeter	SAMPLE (µsec): 40	
:NOTES-
:CHAMBER-SEWELL-PXI1
:CFTS Version: V2.7.2 (R850)
:LEVELS:20;25;30;35;40;45;50;55;60;65;70;75;80;
:DATA
 -0.061420	  0.020670	 -0.000488	 -0.022253	  0.037032	  0.058539	 -0.006577	  0.051243	  0.065257	 -0.028115	 -0.078718	 -0.024463	 -0.024845
 -0.067027	  0.042589	  0.021178	 -0.055924	  0.012293	  0.057621	 -0.009967	  0.026093	  0.089331	 -0.074963	 -0.060726	 -0.011508	 -0.020378
 -0.052076	  0.016489	  0.012214	 -0.038123	  0.007574	  0.032249	 -0.037081	  0.026188	  0.055945	 -0.074488	 -0.026390	 -0.011413	 -0.008310
 -0.016631	 -0.021680	  0.026436	 -0.045503	 -0.005857	  0.014415	 -0.035972	  0.029292	  0.015242	 -0.054025	 -0.005326	 -0.042866	  0.002618
  0.014537	 -0.010087	 -0.000519	 -0.019023	 -0.004716	  0.025597	  0.004382	  0.024667	  0.012993	 -0.046360	  0.026856	 -0.053351	  0.023682
 -0.005260	 -0.026685	 -0.031593	 -0.000524	 -0.008106	  0.020339	  0.028994	 -0.013565	  0.024871	  0.002262	  0.026983	 -0.043721	  0.043384
  0.003768	 -0.018164	 -0.040240	  0.004987	 -0.031450	  0.020149	  0.040207	 -0.012171	  0.020564	  0.014108	  0.026222	 -0.016037	  0.015763
 -0.012418	 -0.018893	 -0.060893	 -0.014683	 -0.069936	  0.012135	  0.004889	 -0.004569	 -0.007722	  0.029882	  0.027648	 -0.004539	  0.000496
 -0.013939	 -0.011386	 -0.011004	 -0.006543	 -0.030532	 -0.020301	  0.006378	 -0.005329	 -0.018334	  0.032480	  0.001927	  0.000339	 -0.004129
 -0.028098	  0.027480	  0.006861	  0.049079	 -0.037025	 -0.029740	  0.017971	  0.012377	 -0.013456	  0.048222	 -0.009697	  0.012217	 -0.021170
 -0.056574	  0.028557	 -0.000234	  0.036948	 -0.024577	 -0.041080	 -0.002935	 -0.009922	 -0.001197	  0.029978	  0.003099	  0.035594	 -0.020758
 -0.051221	  0.017312	  0.008286	  0.034034	 -0.025654	 -0.021536	 -0.015890	 -0.029878	  0.031302	  0.022122	  0.029548	  0.049467	 -0.016894
 -0.006748	  0.018928	 -0.000615	  0.013540	 -0.032052	 -0.004811	  0.009419	 -0.029624	  0.001020	  0.025353	  0.056821	  0.036322	 -0.020505
  0.014157	 -0.021015	 -0.013918	 -0.010122	 -0.019572	  0.027751	  0.043438	 -0.042009	 -0.041932	  0.019208	  0.050644	  0.036290	  0.011012
  0.020144	 -0.043758	 -0.017086	 -0.004389	  0.020560	  0.018185	  0.013600	 -0.016384	 -0.076553	  0.006348	  0.039178	  0.027263	  0.018456
  0.046561	 -0.030676	 -0.014963	 -0.004072	  0.020814	  0.019230	  0.018478	 -0.009447	 -0.058973	 -0.004675	  0.034965	  0.023272	  0.009777
  0.061734	 -0.031753	  0.023649	  0.009295	  0.064716	 -0.025147	  0.005903	 -0.001560	 -0.029167	  0.011606	 -0.005168	  0.015892	  0.008573
  0.095468	 -0.002168	  0.032961	  0.032576	  0.046059	 -0.045134	  0.002007	 -0.005900	 -0.026918	  0.013031	 -0.025408	  0.003031	  0.007908
  0.071585	  0.029222	  0.023142	  0.003023	  0.035986	 -0.045609	 -0.038126	 -0.001940	 -0.009211	  0.023231	 -0.047739	 -0.020820	  0.013736
  0.043457	  0.035019	  0.036826	  0.037676	  0.044444	 -0.072850	 -0.049117	  0.012440	 -0.033063	  0.004796	 -0.064717	 -0.010969	 -0.018414
  0.045896	  0.033498	  0.018549	  0.033843	  0.060376	 -0.037595	 -0.060077	  0.015956	 -0.049027	  0.029629	 -0.032630	  0.012027	 -0.009324
  0.067942	  0.041480	  0.016363	  0.030803	  0.063417	 -0.015898	 -0.022320	  0.019631	 -0.009116	  0.045023	 -0.026707	 -0.026205	 -0.033682
  0.038547	  0.041354	  0.000811	  0.028649	  0.041720	 -0.037976	 -0.035529	  0.034360	  0.004156	  0.072929	 -0.006815	 -0.058197	 -0.033745
  0.034968	  0.037363	 -0.032321	  0.046925	  0.044697	 -0.025781	 -0.035877	  0.043324	 -0.004143	  0.095387	  0.003036	 -0.044703	  0.005627
  0.045104	  0.023869	 -0.078599	  0.051107	  0.042892	  0.005515	 -0.029320	  0.072877	 -0.008989	  0.064472	  0.034553	 -0.060921	  0.015605
  0.039941	  0.016615	 -0.069635	  0.034350	  0.049227	 -0.011717	 -0.045063	  0.052478	  0.005011	  0.039860	  0.003163	 -0.087845	  0.009396
  0.062272	  0.023204	 -0.052562	  0.026748	  0.061200	 -0.027744	 -0.056814	  0.010667	 -0.005537	  0.016389	 -0.011693	 -0.060098	 -0.000961
  0.078617	  0.019878	 -0.010434	  0.026717	  0.060535	 -0.009563	 -0.042370	  0.035722	 -0.010130	 -0.016902	 -0.046472	 -0.038242	 -0.020093
  0.049063	 -0.020318	 -0.019525	  0.021205	  0.029239	 -0.021979	 -0.006514	  0.081556	 -0.017985	 -0.016268	 -0.048975	 -0.014263	 -0.038560
  0.005985	  0.009520	 -0.007488	  0.005336	  0.061897	 -0.029075	  0.024496	  0.053903	 -0.015293	  0.018384	 -0.061392	 -0.022467	 -0.022406
  0.040226	  0.031218	 -0.033969	  0.004924	  0.077481	 -0.039971	 -0.012437	  0.035532	  0.043402	  0.011447	 -0.042830	 -0.018761	 -0.044483
  0.018212	  0.015760	 -0.038150	  0.010309	  0.066141	 -0.047161	 -0.019089	  0.050673	  0.047804	 -0.013608	 -0.065509	 -0.007707	 -0.070457
 -0.010708	  0.042336	 -0.011986	 -0.000017	  0.073110	 -0.023500	 -0.039013	  0.048962	  0.060094	  0.000995	 -0.087935	 -0.037735	 -0.064090
 -0.006780	  0.071382	 -0.011986	 -0.019466	  0.096296	 -0.023151	 -0.018551	  0.025301	  0.035103	  0.022122	 -0.103361	 -0.039319	 -0.054271
  0.015456	  0.071255	 -0.005334	 -0.001063	  0.101174	  0.018470	 -0.023999	  0.039396	  0.027786	  0.000171	 -0.089804	 -0.036911	 -0.073593
  0.035982	  0.044933	  0.004802	  0.007331	  0.110012	 -0.011400	 -0.034357	  0.032649	  0.025853	 -0.012119	 -0.040327	 -0.041948	 -0.054081
  0.031864	  0.065934	 -0.001406	  0.011956	  0.053978	  0.012800	 -0.037588	  0.060492	  0.013183	 -0.031061	 -0.078560	 -0.039382	 -0.005586
  0.040036	  0.040720	 -0.018796	  0.014997	  0.037950	  0.021606	 -0.006419	  0.048392	  0.004916	 -0.028273	 -0.044762	 -0.046065	 -0.001341
  0.075259	  0.038503	  0.023839	  0.012653	  0.020846	  0.033832	 -0.014496	  0.033916	 -0.006772	 -0.045125	 -0.024902	 -0.049961	  0.002555
  0.054765	 -0.001155	  0.023142	  0.035871	  0.008302	  0.024266	 -0.022257	 -0.002510	 -0.023592	 -0.020355	  0.006299	 -0.048029	  0.018456
  0.039973	 -0.005462	  0.000874	  0.027033	  0.029968	  0.051159	 -0.029067	  0.000562	 -0.041678	 -0.012246	  0.033064	 -0.037576	  0.017379
  0.044756	  0.007176	 -0.027982	 -0.016900	  0.035353	  0.048878	 -0.034895	  0.012947	 -0.016877	 -0.002331	 -0.008335	 -0.047301	 -0.030926
  0.054670	  0.038693	  0.020956	 -0.003185	  0.004216	  0.055752	 -0.035940	  0.025174	 -0.011428	 -0.000272	  0.014503	 -0.070360	 -0.041537
  0.028665	  0.049621	  0.001793	  0.029156	  0.012166	  0.052109	 -0.025234	  0.010128	 -0.013329	  0.019778	  0.030277	 -0.065831	 -0.049108
  0.020017	  0.047942	  0.012341	  0.030137	 -0.004843	  0.062689	 -0.013514	 -0.005424	 -0.003953	 -0.007304	  0.011588	 -0.043278	 -0.038021
  0.011623	  0.039168	  0.006006	  0.046830	  0.001334	  0.047643	 -0.000591	 -0.000356	 -0.021438	 -0.033215	  0.033254	 -0.014168	 -0.017686
  0.014696	  0.051933	  0.001634	  0.046165	  0.029176	  0.039407	 -0.006007	  0.004458	 -0.015515	 -0.028907	  0.025494	  0.007339	 -0.034189
 -0.019165	  0.050951	  0.025043	  0.040147	  0.020244	  0.075042	 -0.003885	  0.017984	 -0.018936	 -0.028558	  0.039938	  0.019851	 -0.062063
 -0.031423	  0.035715	  0.041229	  0.043283	  0.035004	  0.074155	 -0.019628	  0.040093	  0.017143	 -0.030522	  0.036834	 -0.015879	 -0.089304
 -0.020369	  0.034892	  0.033595	  0.041952	 -0.005097	  0.057684	  0.003242	  0.041360	  0.002540	 -0.001191	  0.008896	 -0.019331	 -0.113662
 -0.018437	  0.052028	  0.033025	  0.030993	 -0.006585	  0.021162	  0.010401	  0.056089	  0.008464	  0.004352	  0.010638	  0.005249	 -0.084679
  0.005320	  0.054467	  0.023807	  0.032323	 -0.010323	  0.036461	  0.018288	  0.060302	 -0.034425	 -0.001096	  0.028725	  0.006452	 -0.083127
  0.043109	 -0.003657	  0.011074	  0.031404	 -0.014219	  0.030000	  0.021772	  0.056121	  0.011599	 -0.013924	  0.009530	  0.032964	 -0.077806
  0.036108	 -0.043568	 -0.026968	  0.017056	 -0.025274	  0.044095	  0.035456	  0.069329	  0.003142	 -0.030776	 -0.004344	  0.009461	 -0.048759
  0.042190	 -0.036789	 -0.051643	  0.041446	 -0.023437	  0.049923	  0.067004	  0.067144	  0.009509	 -0.062388	 -0.021101	  0.000117	 -0.029944
  0.030850	 -0.048858	 -0.045720	  0.063048	 -0.019541	  0.040643	  0.069855	  0.063850	  0.012455	 -0.069926	 -0.042766	  0.013643	 -0.021550
  0.050267	 -0.054179	 -0.033335	  0.057061	  0.017076	  0.018533	  0.040555	  0.031129	  0.037668	 -0.037839	 -0.059206	  0.007181	 -0.039162
  0.062462	 -0.049966	 -0.052562	  0.053451	  0.038077	  0.002506	  0.001690	  0.017635	  0.036750	 -0.061723	 -0.035196	 -0.011096	 -0.043691
  0.076273	 -0.053894	 -0.057408	  0.033843	  0.027751	  0.008334	 -0.001953	  0.042912	  0.030383	 -0.057795	 -0.005168	 -0.036531	 -0.063045
  0.061892	 -0.056523	 -0.041317	  0.040590	  0.070069	  0.020085	 -0.007021	  0.044591	  0.025315	 -0.061089	  0.012444	 -0.031273	 -0.059339
  0.017135	 -0.099095	 -0.037421	  0.012019	  0.058096	  0.017266	  0.010876	  0.040948	  0.045049	 -0.085479	  0.000882	 -0.011128	 -0.005333
  0.016755	 -0.056206	 -0.020412	  0.016232	  0.043652	  0.014891	 -0.002903	  0.027138	  0.072163	 -0.077624	 -0.016444	 -0.011159	 -0.015595
  0.036583	 -0.042681	 -0.019081	  0.028712	  0.024868	  0.046091	 -0.001288	  0.018237	  0.020817	 -0.102584	 -0.016159	 -0.005553	 -0.021645
  0.031579	 -0.037391	 -0.004257	  0.065170	 -0.001042	  0.049702	  0.007708	  0.031667	  0.019202	 -0.068628	 -0.027911	 -0.004159	 -0.030071
  0.024072	  0.010629	 -0.023547	  0.042681	 -0.003259	  0.042131	  0.014012	  0.010287	 -0.003130	 -0.034735	 -0.007639	  0.005122	 -0.022279
  0.038991	  0.011167	 -0.008850	  0.028554	 -0.006459	  0.034181	  0.050787	  0.016337	 -0.003700	 -0.064066	  0.031290	  0.003918	 -0.035773
  0.038516	 -0.013666	 -0.036788	  0.016675	  0.026959	  0.021447	  0.075493	  0.022323	  0.003586	 -0.025613	  0.002308	 -0.005426	 -0.048094
  0.012478	  0.006416	 -0.034475	  0.028775	 -0.002563	  0.018280	  0.062031	 -0.019171	  0.010871	 -0.028147	 -0.047138	 -0.005901	 -0.050787
  0.029647	  0.044204	 -0.019588	  0.045025	 -0.005667	  0.031045	  0.062792	 -0.044100	  0.045841	 -0.053392	 -0.020435	 -0.018856	 -0.002735
 -0.008744	  0.055513	  0.012911	  0.065519	  0.010298	  0.019452	  0.037800	 -0.094337	  0.019107	 -0.046898	 -0.011123	  0.001859	  0.013039
 -0.014446	  0.076608	  0.040595	  0.037518	  0.014099	  0.017488	  0.040049	 -0.066241	  0.016097	 -0.067329	  0.003701	  0.026313	  0.019659
  0.004085	  0.077274	  0.020450	  0.030011	  0.005673	  0.018597	  0.065642	 -0.055503	 -0.010351	 -0.065777	  0.019824	  0.014054	  0.023999
  0.011813	  0.036096	 -0.008375	  0.031943	  0.022271	  0.034086	  0.039257	 -0.054109	 -0.028691	 -0.068058	  0.024037	  0.003823	  0.011867
  0.010325	  0.032611	 -0.041824	  0.035681	  0.011216	  0.041751	  0.005269	 -0.033362	 -0.047063	 -0.037776	  0.006584	  0.010443	  0.002016
  0.000854	  0.034924	 -0.028489	  0.006001	 -0.005033	  0.004596	  0.030578	 -0.025855	 -0.028375	 -0.031726	  0.020236	  0.028942	  0.009048
  0.020524	  0.023711	 -0.019588	  0.036694	 -0.007409	 -0.009753	  0.044895	 -0.008434	  0.015527	 -0.030111	 -0.018028	  0.051970	 -0.005428
  0.002057	  0.024566	  0.009110	  0.066406	 -0.019952	 -0.021283	  0.036026	 -0.024683	  0.007957	 -0.040278	 -0.026739	  0.045191	 -0.037515
  0.009628	  0.051236	  0.016522	  0.061338	  0.031837	 -0.021029	  0.032162	 -0.011886	 -0.006107	 -0.047374	 -0.061360	  0.020326	 -0.019428
 -0.011753	  0.060549	 -0.024498	  0.042016	  0.006148	 -0.016373	  0.002070	 -0.008845	  0.014894	 -0.029699	 -0.063482	 -0.006598	 -0.019840
 -0.025627	  0.060042	 -0.028109	  0.037518	  0.013592	 -0.042410	 -0.011645	 -0.044385	  0.039474	 -0.024979	 -0.067632	 -0.059116	 -0.007740
 -0.035731	  0.040213	 -0.027380	  0.041192	  0.020560	 -0.044279	 -0.006197	 -0.073970	  0.053031	 -0.054722	 -0.085180	 -0.108529	 -0.030451
 -0.003137	  0.009045	 -0.015217	  0.014458	  0.000193	 -0.070569	  0.012998	 -0.048978	  0.057022	 -0.039201	 -0.106846	 -0.076315	 -0.033714
 -0.019735	  0.048766	  0.024029	  0.017911	 -0.016690	 -0.072755	  0.006631	 -0.051702	  0.046411	 -0.066632	 -0.065129	 -0.082682	 -0.020315
 -0.026197	  0.048734	  0.031219	 -0.002837	 -0.008898	 -0.074370	 -0.004107	 -0.036244	  0.019962	 -0.078320	 -0.059174	 -0.103746	 -0.016672
 -0.043555	  0.020511	  0.018993	 -0.019403	 -0.010576	 -0.076936	 -0.020356	 -0.032285	 -0.026823	 -0.058745	 -0.075962	 -0.084709	 -0.034854
 -0.065823	  0.007715	  0.018612	  0.001503	 -0.012509	 -0.057139	 -0.033723	 -0.027027	 -0.013677	 -0.063591	 -0.078148	 -0.099913	 -0.023419
 -0.078651	  0.000176	  0.026341	 -0.014050	 -0.015549	 -0.075923	 -0.056371	 -0.066209	  0.025537	 -0.097959	 -0.103836	 -0.075017	 -0.009545
 -0.090023	 -0.049776	  0.033690	 -0.030426	 -0.015201	 -0.024323	 -0.026026	 -0.054933	  0.016224	 -0.093018	 -0.091451	 -0.035739	  0.025583
 -0.065506	 -0.059247	  0.013323	 -0.010882	  0.010234	 -0.015613	 -0.011107	 -0.025918	 -0.010320	 -0.107652	 -0.120276	 -0.021010	  0.027736
 -0.061452	 -0.040464	  0.025391	  0.012589	  0.039692	 -0.029740	  0.001310	 -0.014357	 -0.026157	 -0.092891	 -0.099022	 -0.011064	  0.020736
 -0.028794	 -0.039102	  0.013418	  0.021300	  0.025248	 -0.014821	  0.021899	  0.002653	  0.004568	 -0.090610	 -0.083913	 -0.022911	  0.014591
 -0.004816	 -0.039450	 -0.001438	  0.005843	  0.047928	 -0.004843	  0.000391	  0.017604	 -0.017764	 -0.083262	 -0.069342	 -0.053794	 -0.017844
 -0.024867	 -0.058202	 -0.028330	 -0.032960	  0.026959	 -0.009183	 -0.025773	  0.010698	 -0.031130	 -0.081868	 -0.060695	 -0.065641	 -0.003305
  0.000379	 -0.092823	 -0.013633	 -0.081676	  0.034434	 -0.019255	 -0.025012	  0.012947	  0.000640	 -0.099068	 -0.055025	 -0.059876	  0.022067
  0.047005	 -0.080406	 -0.012936	 -0.056399	  0.033737	 -0.053718	 -0.014465	  0.042880	 -0.010035	 -0.085701	 -0.078306	 -0.050120	  0.013704
  0.068575	 -0.082718	 -0.009579	 -0.053454	  0.012737	 -0.040320	  0.014138	  0.027423	 -0.036959	 -0.069895	 -0.070736	 -0.038812	  0.022858
  0.060752	 -0.079868	  0.003345	 -0.039802	 -0.003925	 -0.020839	  0.023989	 -0.004474	 -0.036230	 -0.079492	 -0.042323	 -0.079071	 -0.011287
  0.047638	 -0.064347	 -0.003497	 -0.023932	 -0.023278	 -0.016310	  0.017021	 -0.039032	 -0.044973	 -0.121462	 -0.059333	 -0.086863	 -0.049456
  0.028633	 -0.048573	 -0.020063	  0.014331	  0.002062	 -0.032496	 -0.000116	 -0.071214	 -0.046461	 -0.160043	 -0.041658	 -0.095162	 -0.056963
  0.012288	 -0.055763	 -0.067038	  0.006983	 -0.002309	 -0.019477	 -0.025931	 -0.039032	 -0.075729	 -0.186903	 -0.055912	 -0.059908	 -0.041537
  0.010039	 -0.055985	 -0.083889	 -0.013289	  0.015714	 -0.083398	 -0.035212	 -0.024113	 -0.093309	 -0.171477	 -0.093415	 -0.040522	 -0.072674
  0.009691	 -0.030613	 -0.072137	 -0.064002	 -0.012572	 -0.104019	 -0.061407	 -0.051354	 -0.094133	 -0.165206	 -0.065921	 -0.044292	 -0.030641
  0.022425	 -0.020793	 -0.049743	 -0.048544	 -0.019002	 -0.135440	 -0.052728	 -0.025602	 -0.073607	 -0.147911	 -0.089139	 -0.030323	 -0.042741
  0.001424	  0.002837	 -0.054558	 -0.052884	 -0.013586	 -0.104240	 -0.021750	  0.006232	 -0.115070	 -0.147214	 -0.110805	  0.000529	 -0.040999
  0.035887	 -0.002010	 -0.057028	 -0.053137	  0.003361	 -0.072438	 -0.023492	 -0.010714	 -0.108640	 -0.120670	 -0.097248	  0.012597	 -0.080181
  0.049982	  0.031756	 -0.058739	 -0.062164	  0.011343	 -0.050582	 -0.002618	 -0.021610	 -0.088494	 -0.102330	 -0.094714	 -0.022119	 -0.074828
  0.022710	  0.074866	 -0.086138	 -0.043888	  0.006243	 -0.028726	  0.011984	 -0.036846	 -0.089255	 -0.093144	 -0.101302	 -0.042486	 -0.055443
  0.028443	  0.058807	 -0.087183	 -0.072776	 -0.003639	 -0.025369	 -0.002840	 -0.021959	 -0.045764	 -0.107367	 -0.078496	 -0.082334	 -0.054619
  0.038484	  0.048354	 -0.048064	 -0.073187	 -0.003925	 -0.031482	  0.015342	 -0.041566	 -0.032556	 -0.119150	 -0.069659	 -0.096936	 -0.028487
  0.014031	  0.040498	 -0.024023	 -0.079617	  0.030887	 -0.015771	  0.014423	 -0.061426	 -0.041045	 -0.139422	 -0.103583	 -0.089936	 -0.034601
 -0.015808	  0.031661	 -0.033874	 -0.072015	  0.000795	  0.014637	  0.005491	 -0.080241	 -0.061982	 -0.148576	 -0.120403	 -0.097379	 -0.046891
 -0.016441	  0.041607	 -0.005492	 -0.069640	 -0.038356	  0.009379	  0.028709	 -0.068078	 -0.091599	 -0.156337	 -0.134118	 -0.104095	 -0.025066
 -0.060375	  0.043729	 -0.036154	 -0.034132	 -0.039813	 -0.027839	  0.018478	 -0.057404	 -0.078010	 -0.151269	 -0.114764	 -0.098678	  0.000844
 -0.081534	  0.036286	 -0.038562	 -0.002171	 -0.067117	 -0.045261	  0.047429	 -0.055060	 -0.023687	 -0.169450	 -0.126358	 -0.074225	 -0.021297
 -0.044442	  0.040182	 -0.036756	 -0.013194	 -0.070379	 -0.038989	  0.056520	 -0.027249	 -0.003320	 -0.143001	 -0.147168	 -0.103429	 -0.029564
 -0.048338	  0.019910	 -0.043566	 -0.031534	 -0.042473	 -0.051469	  0.017686	 -0.021579	  0.000576	 -0.123996	 -0.159775	 -0.102669	 -0.062665
 -0.073362	 -0.016992	 -0.055444	 -0.014335	 -0.027428	 -0.032401	 -0.027673	 -0.062693	 -0.006424	 -0.149368	 -0.182011	 -0.124240	 -0.044071
 -0.058284	 -0.073374	 -0.060513	 -0.022507	 -0.018464	 -0.029898	  0.008722	 -0.076029	 -0.002306	 -0.178699	 -0.185052	 -0.135073	 -0.014170
 -0.033958	 -0.094850	 -0.058010	 -0.034448	 -0.000662	 -0.021884	  0.016926	 -0.060128	 -0.022166	 -0.162988	 -0.149417	 -0.146381	  0.007274
 -0.038424	 -0.125100	 -0.026715	 -0.020385	  0.001555	 -0.029487	 -0.005500	 -0.080970	 -0.048108	 -0.142526	 -0.152743	 -0.142295	  0.002206
 -0.015301	 -0.153544	  0.002015	  0.021870	 -0.004495	 -0.042188	 -0.008288	 -0.099278	 -0.056724	 -0.135684	 -0.170006	 -0.137164	 -0.036184
 -0.038044	 -0.129059	 -0.011099	  0.026020	 -0.001802	 -0.031387	 -0.022098	 -0.079925	 -0.080196	 -0.138345	 -0.152775	 -0.151544	 -0.088290
 -0.036397	 -0.108851	  0.004010	  0.016580	 -0.023785	 -0.023595	 -0.000971	 -0.059716	 -0.102717	 -0.141829	 -0.151001	 -0.144734	 -0.090127
 -0.064239	 -0.091873	  0.004010	  0.014743	 -0.038989	 -0.022043	  0.028424	 -0.093735	 -0.060589	 -0.148608	 -0.112674	 -0.149105	 -0.054968
 -0.057492	 -0.080375	 -0.004986	 -0.024788	 -0.056917	 -0.027586	  0.023229	 -0.100229	 -0.076236	 -0.153549	 -0.064432	 -0.090316	 -0.064597
 -0.045646	 -0.069130	 -0.019303	 -0.031724	 -0.038736	 -0.035948	  0.022089	 -0.116446	 -0.083521	 -0.153486	 -0.081410	 -0.088099	 -0.100454
 -0.045234	 -0.057917	 -0.047526	 -0.063843	 -0.002056	 -0.053686	 -0.014655	 -0.122686	 -0.068064	 -0.157699	 -0.066966	 -0.097411	 -0.102006
 -0.038202	 -0.047812	 -0.067925	 -0.066029	 -0.029487	 -0.030532	 -0.035497	 -0.114736	 -0.067715	 -0.147753	 -0.107447	 -0.107579	 -0.081828
 -0.042668	 -0.056428	 -0.060417	 -0.035684	 -0.049062	 -0.020808	 -0.053457	 -0.127945	 -0.071612	 -0.171192	 -0.123760	 -0.109733	 -0.075493
 -0.060977	 -0.018418	 -0.032195	 -0.016362	 -0.091538	 -0.039971	 -0.069548	 -0.114451	 -0.065498	 -0.169735	 -0.110615	 -0.100008	 -0.106725
 -0.087711	  0.000778	 -0.038593	 -0.010280	 -0.119001	 -0.060053	 -0.039805	 -0.067888	 -0.059226	 -0.166821	 -0.114068	 -0.091076	 -0.116735
 -0.096706	 -0.006033	 -0.073214	 -0.001918	 -0.127300	 -0.060053	 -0.044113	 -0.084898	 -0.056154	 -0.175595	 -0.099719	 -0.127503	 -0.090983
 -0.062212	  0.000841	 -0.072296	  0.017467	 -0.105159	 -0.026731	 -0.040818	 -0.117207	 -0.097807	 -0.151395	 -0.079763	 -0.118665	 -0.079358
 -0.060787	  0.016805	 -0.082875	 -0.025991	 -0.081814	 -0.044627	 -0.030904	 -0.101179	 -0.075983	 -0.192922	 -0.058541	 -0.092311	 -0.089177
 -0.051632	 -0.012969	 -0.091554	 -0.034322	 -0.072882	 -0.047383	 -0.025361	 -0.124555	 -0.065657	 -0.190673	 -0.056989	 -0.092691	 -0.073625
 -0.053691	 -0.034984	 -0.065454	 -0.044775	 -0.125621	 -0.046465	 -0.019248	 -0.132379	 -0.069743	 -0.155545	 -0.074157	 -0.128738	 -0.068525
 -0.035320	 -0.041097	 -0.072644	 -0.067708	 -0.155459	 -0.054352	 -0.026786	 -0.134438	 -0.052195	 -0.139327	 -0.096171	 -0.114009	 -0.068620
 -0.035858	 -0.045658	 -0.071567	 -0.074138	 -0.135345	 -0.056411	 -0.029225	 -0.102192	 -0.055077	 -0.151395	 -0.127688	 -0.120851	 -0.062158
 -0.014572	 -0.046767	 -0.060893	 -0.102297	 -0.136676	 -0.045134	 -0.032900	 -0.086957	 -0.065562	 -0.098498	 -0.139661	 -0.135992	 -0.030926
 -0.024645	 -0.054147	 -0.041982	 -0.117058	 -0.099457	 -0.030342	  0.012428	 -0.064340	 -0.032366	 -0.117123	 -0.138267	 -0.114167	 -0.024306
 -0.068864	 -0.092981	 -0.037675	 -0.071794	 -0.088054	 -0.072723	 -0.012532	 -0.034281	  0.007323	 -0.126942	 -0.115651	 -0.124367	 -0.043406
 -0.107032	 -0.094533	 -0.023833	 -0.070653	 -0.072882	 -0.086122	 -0.020926	 -0.070992	 -0.015736	 -0.126055	 -0.114068	 -0.127376	 -0.029913
 -0.129300	 -0.058075	 -0.049648	 -0.007429	 -0.076619	 -0.069271	 -0.044461	 -0.100862	 -0.045986	 -0.099891	 -0.135322	 -0.113787	  0.002903
 -0.131201	 -0.024943	 -0.074893	 -0.003122	 -0.096575	 -0.019224	 -0.068914	 -0.130732	 -0.048140	 -0.109077	 -0.148879	 -0.090411	  0.048674
 -0.147418	  0.000303	 -0.080753	 -0.031028	 -0.099141	 -0.015866	 -0.081521	 -0.145936	 -0.047728	 -0.141069	 -0.088189	 -0.087528	  0.044556
 -0.145930	 -0.007205	 -0.100297	 -0.056526	 -0.088466	 -0.018242	 -0.090232	 -0.136402	 -0.040221	 -0.142716	 -0.069342	 -0.111697	  0.033786
 -0.143839	 -0.022060	 -0.085283	 -0.054467	 -0.078013	 -0.045324	 -0.059919	 -0.103111	 -0.058371	 -0.136223	 -0.088474	 -0.151069	  0.034547
 -0.109630	 -0.061971	 -0.115628	 -0.100555	 -0.097430	 -0.086851	 -0.050543	 -0.079101	 -0.075413	 -0.121937	 -0.073903	 -0.196872	  0.021560
 -0.108078	 -0.055699	 -0.087025	 -0.105053	 -0.098507	 -0.129327	 -0.031949	 -0.081287	 -0.047348	 -0.134924	 -0.078401	 -0.220976	 -0.000233
 -0.119006	 -0.005938	 -0.083509	 -0.092193	 -0.108041	 -0.159165	 -0.025044	 -0.066779	 -0.041615	 -0.158997	 -0.088030	 -0.223257	 -0.019681
 -0.121508	  0.014050	 -0.069698	 -0.065997	 -0.074656	 -0.158500	 -0.032710	 -0.051924	 -0.032841	 -0.167518	 -0.099053	 -0.187717	 -0.021265
 -0.124296	  0.015538	 -0.080880	 -0.032041	 -0.096195	 -0.151627	 -0.037207	 -0.039000	 -0.018777	 -0.166061	 -0.119421	 -0.146191	 -0.058769
 -0.110992	 -0.032576	 -0.122533	 -0.036856	 -0.102878	 -0.159450	 -0.050796	 -0.051860	 -0.026854	 -0.167265	 -0.118534	 -0.104475	 -0.039098
 -0.071081	 -0.049333	 -0.146068	 -0.066504	 -0.081466	 -0.153622	 -0.069516	 -0.059684	 -0.092010	 -0.160138	 -0.113466	 -0.112235	 -0.024433
 -0.052709	 -0.060799	 -0.158516	 -0.066124	 -0.070728	 -0.152450	 -0.066412	 -0.085531	 -0.097870	 -0.157889	 -0.108334	 -0.142073	 -0.053606
 -0.043302	 -0.049364	 -0.161874	 -0.077052	 -0.077981	 -0.143961	 -0.064036	 -0.072038	 -0.100975	 -0.164097	 -0.122937	 -0.165861	 -0.040049
 -0.039754	 -0.061939	 -0.169412	 -0.096152	 -0.068067	 -0.120902	 -0.081046	 -0.090441	 -0.108925	 -0.188487	 -0.147802	 -0.210682	 -0.021740
 -0.087774	 -0.091239	 -0.180594	 -0.094537	 -0.052198	 -0.103607	 -0.104898	 -0.126487	 -0.088368	 -0.194189	 -0.139630	 -0.186007	 -0.028265
 -0.106779	 -0.079646	 -0.175272	 -0.084812	 -0.061225	 -0.082099	 -0.094318	 -0.122940	 -0.091789	 -0.171129	 -0.121068	 -0.160128	 -0.035646
 -0.135350	 -0.020667	 -0.147398	 -0.099446	 -0.089163	 -0.113743	 -0.085196	 -0.138271	 -0.055520	 -0.152156	 -0.152965	 -0.172197	 -0.058737
 -0.143712	  0.006986	 -0.159530	 -0.071287	 -0.103638	 -0.114155	 -0.086272	 -0.126709	 -0.095653	 -0.138598	 -0.150114	 -0.150911	 -0.074131
 -0.158695	  0.002932	 -0.196621	 -0.093586	 -0.101231	 -0.102086	 -0.084942	 -0.112835	 -0.078010	 -0.159631	 -0.155752	 -0.135168	 -0.080973
 -0.145898	  0.009710	 -0.198110	 -0.104039	 -0.107915	 -0.086185	 -0.088838	 -0.086640	 -0.080861	 -0.137331	 -0.142227	 -0.121263	 -0.099915
 -0.146151	 -0.033083	 -0.159118	 -0.139357	 -0.118843	 -0.077696	 -0.106671	 -0.088002	 -0.098060	 -0.120480	 -0.130412	 -0.124969	 -0.098331
 -0.120875	 -0.066089	 -0.191015	 -0.153104	 -0.096163	 -0.070284	 -0.054249	 -0.118252	 -0.100563	 -0.131915	 -0.136525	 -0.083379	 -0.092566
 -0.102693	 -0.105683	 -0.183539	 -0.157064	 -0.101073	 -0.105159	 -0.087666	 -0.124429	 -0.114817	 -0.147024	 -0.115778	 -0.060478	 -0.127853
 -0.116693	 -0.119810	 -0.157186	 -0.138058	 -0.121535	 -0.118874	 -0.114875	 -0.082934	 -0.111301	 -0.156178	 -0.094651	 -0.063487	 -0.168745
 -0.129110	 -0.131879	 -0.117085	 -0.142145	 -0.125811	 -0.118526	 -0.102110	 -0.076282	 -0.135121	 -0.201157	 -0.108303	 -0.104221	 -0.169411
 -0.126259	 -0.126589	 -0.110401	 -0.095012	 -0.143898	 -0.110924	 -0.084499	 -0.083757	 -0.092802	 -0.222443	 -0.141182	 -0.148915	 -0.179990
 -0.077353	 -0.094882	 -0.122311	 -0.095645	 -0.137531	 -0.095086	 -0.076643	 -0.112614	 -0.114912	 -0.204705	 -0.189296	 -0.145177	 -0.191615
 -0.057777	 -0.096466	 -0.120632	 -0.078889	 -0.131354	 -0.113521	 -0.086399	 -0.106754	 -0.123369	 -0.174233	 -0.217773	 -0.167730	 -0.193611
 -0.032659	 -0.102579	 -0.097383	 -0.080441	 -0.097430	 -0.118241	 -0.067299	 -0.108718	 -0.083236	 -0.207619	 -0.217994	 -0.180147	 -0.205235
 -0.065601	 -0.086488	 -0.119935	 -0.121492	 -0.106426	 -0.125178	 -0.095205	 -0.131682	 -0.081368	 -0.205338	 -0.202505	 -0.170866	 -0.223797
 -0.068262	 -0.104258	 -0.133366	 -0.139674	 -0.105222	 -0.114661	 -0.120228	 -0.131144	 -0.102020	 -0.222918	 -0.162341	 -0.178975	 -0.273084
 -0.058696	 -0.142300	 -0.170267	 -0.125737	 -0.095625	 -0.104842	 -0.116206	 -0.156801	 -0.082128	 -0.209488	 -0.173142	 -0.166812	 -0.274858
 -0.085208	 -0.160228	 -0.193961	 -0.132325	 -0.107154	 -0.112698	 -0.118803	 -0.174190	 -0.094830	 -0.225611	 -0.155024	 -0.173495	 -0.249074
 -0.106842	 -0.150852	 -0.192599	 -0.139927	 -0.097779	 -0.122644	 -0.124726	 -0.143465	 -0.113233	 -0.237584	 -0.168201	 -0.189808	 -0.223100
 -0.122902	 -0.108534	 -0.197191	 -0.093301	 -0.098507	 -0.148301	 -0.091942	 -0.160950	 -0.124034	 -0.236982	 -0.191704	 -0.220533	 -0.205267
 -0.108965	 -0.085062	 -0.200359	 -0.101949	 -0.116340	 -0.161921	 -0.061724	 -0.177580	 -0.125048	 -0.213162	 -0.191482	 -0.249864	 -0.196841
 -0.127146	 -0.081705	 -0.186802	 -0.097007	 -0.110417	 -0.139337	 -0.088521	 -0.179322	 -0.084979	 -0.196913	 -0.176531	 -0.266399	 -0.162695
 -0.157428	 -0.070333	 -0.154430	 -0.082183	 -0.132146	 -0.128409	 -0.111011	 -0.183693	 -0.061697	 -0.195741	 -0.182265	 -0.264403	 -0.154618
 -0.133418	 -0.071886	 -0.165326	 -0.061024	 -0.115232	 -0.091443	 -0.124219	 -0.171023	 -0.096762	 -0.185446	 -0.203297	 -0.247710	 -0.153795
 -0.136332	 -0.053672	 -0.173340	 -0.061943	 -0.130151	 -0.109213	 -0.136414	 -0.185910	 -0.121785	 -0.189279	 -0.197089	 -0.264498	 -0.150310
 -0.131422	 -0.057188	 -0.184521	 -0.053707	 -0.151373	 -0.104652	 -0.144682	 -0.216509	 -0.097300	 -0.206574	 -0.173807	 -0.267539	 -0.142138
 -0.110865	 -0.081420	 -0.175272	 -0.082658	 -0.132906	 -0.114725	 -0.118423	 -0.250465	 -0.103984	 -0.230108	 -0.177101	 -0.243498	 -0.144957
 -0.102218	 -0.101439	 -0.171344	 -0.086301	 -0.144500	 -0.123436	 -0.114749	 -0.228070	 -0.102432	 -0.265775	 -0.117362	 -0.194908	 -0.132889
 -0.093792	 -0.123611	 -0.213884	 -0.088328	 -0.140445	 -0.113363	 -0.138980	 -0.212169	 -0.079720	 -0.257508	 -0.142544	 -0.226456	 -0.119459
 -0.071714	 -0.113602	 -0.205839	 -0.072807	 -0.141585	 -0.108263	 -0.141989	 -0.255628	 -0.076743	 -0.205307	 -0.165001	 -0.254901	 -0.136848
 -0.068167	 -0.104289	 -0.163141	 -0.075816	 -0.139495	 -0.101896	 -0.125455	 -0.253569	 -0.064991	 -0.175849	 -0.183056	 -0.210650	 -0.148442
 -0.093919	 -0.105145	 -0.146131	 -0.090355	 -0.179659	 -0.118114	 -0.116681	 -0.229432	 -0.049566	 -0.182722	 -0.167440	 -0.167509	 -0.162030
 -0.101806	 -0.103402	 -0.148665	 -0.084305	 -0.188053	 -0.120078	 -0.122351	 -0.243718	 -0.065055	 -0.145757	 -0.187713	 -0.157467	 -0.189588
 -0.104308	 -0.098493	 -0.127189	 -0.081835	 -0.168763	 -0.138386	 -0.108762	 -0.238491	 -0.061064	 -0.195107	 -0.206401	 -0.210334	 -0.173814
 -0.112037	 -0.135173	 -0.150597	 -0.083102	 -0.139938	 -0.170758	 -0.096820	 -0.228419	 -0.066987	 -0.204293	 -0.197025	 -0.230542	 -0.185818
 -0.109820	 -0.137897	 -0.163457	 -0.099478	 -0.141585	 -0.175510	 -0.084277	 -0.236401	 -0.073069	 -0.178414	 -0.201333	 -0.222560	 -0.190411
 -0.122332	 -0.151486	 -0.144452	 -0.090672	 -0.156029	 -0.201642	 -0.094508	 -0.236718	 -0.073956	 -0.203786	 -0.205039	 -0.227692	 -0.191330
 -0.131644	 -0.166373	 -0.134664	 -0.088106	 -0.174686	 -0.188053	 -0.105056	 -0.285783	 -0.094101	 -0.254974	 -0.227402	 -0.217144	 -0.199566
 -0.116503	 -0.153481	 -0.159466	 -0.116329	 -0.213615	 -0.186913	 -0.076168	 -0.272004	 -0.101798	 -0.239769	 -0.181663	 -0.220533	 -0.190506
 -0.171808	 -0.150155	 -0.171281	 -0.142145	 -0.177537	 -0.189954	 -0.080286	 -0.243844	 -0.126093	 -0.211895	 -0.212356	 -0.248376	 -0.210050
 -0.167786	 -0.164504	 -0.188512	 -0.140561	 -0.209529	 -0.196796	 -0.100178	 -0.183091	 -0.178041	 -0.212972	 -0.211723	 -0.293386	 -0.189049
 -0.142826	 -0.150725	 -0.190381	 -0.159756	 -0.220805	 -0.171709	 -0.128812	 -0.171878	 -0.171420	 -0.219972	 -0.216284	 -0.294717	 -0.202575
 -0.109693	 -0.139101	 -0.162349	 -0.183798	 -0.205285	 -0.172722	 -0.155198	 -0.136845	 -0.162393	 -0.208126	 -0.197817	 -0.299119	 -0.188669
 -0.114635	 -0.157694	 -0.181386	 -0.185952	 -0.213583	 -0.169048	 -0.140532	 -0.154393	 -0.138225	 -0.238091	 -0.224044	 -0.328071	 -0.170519
 -0.120653	 -0.151707	 -0.160670	 -0.175625	 -0.207945	 -0.175130	 -0.158302	 -0.177643	 -0.138890	 -0.228873	 -0.196138	 -0.294970	 -0.168745
 -0.132341	 -0.153006	 -0.159403	 -0.158109	 -0.213647	 -0.175225	 -0.155325	 -0.157751	 -0.142469	 -0.258870	 -0.191989	 -0.263485	 -0.206059
 -0.148527	 -0.104638	 -0.181290	 -0.163462	 -0.215832	 -0.169460	 -0.121305	 -0.158765	 -0.149850	 -0.287884	 -0.197215	 -0.279449	 -0.208561
 -0.162433	 -0.165391	 -0.204825	 -0.166344	 -0.235218	 -0.141776	 -0.114970	 -0.182996	 -0.190584	 -0.291464	 -0.172287	 -0.253317	 -0.203240
 -0.164618	 -0.205207	 -0.203083	 -0.171159	 -0.252449	 -0.144024	 -0.139202	 -0.175077	 -0.199105	 -0.278033	 -0.170038	 -0.259240	 -0.214960
 -0.161609	 -0.228552	 -0.188671	 -0.136443	 -0.236516	 -0.159292	 -0.157130	 -0.185245	 -0.233441	 -0.256051	 -0.175359	 -0.236402	 -0.188701
 -0.171777	 -0.180057	 -0.194848	 -0.133561	 -0.238639	 -0.155839	 -0.141134	 -0.164593	 -0.215924	 -0.229665	 -0.178463	 -0.230701	 -0.216639
 -0.154735	 -0.121077	 -0.158674	 -0.141574	 -0.218430	 -0.204493	 -0.117283	 -0.171086	 -0.164642	 -0.210343	 -0.192496	 -0.225253	 -0.226395
 -0.173741	 -0.100108	 -0.159435	 -0.131977	 -0.205855	 -0.209339	 -0.118106	 -0.162914	 -0.175158	 -0.159726	 -0.211628	 -0.254616	 -0.257626
 -0.166519	 -0.139639	 -0.189304	 -0.143095	 -0.215326	 -0.199805	 -0.156053	 -0.186227	 -0.149818	 -0.152504	 -0.263005	 -0.253222	 -0.282713
  0.005149	 -0.000990	  0.002984	 -0.007505	  0.032119	 -0.025309	 -0.034141	 -0.082152	 -0.013776	  0.027459	 -0.006448	  0.002873	 -0.035202
 -0.013635	 -0.025000	  0.011916	 -0.010008	  0.020811	 -0.010009	 -0.009846	 -0.105591	 -0.027333	  0.030659	  0.035807	 -0.031621	 -0.010527
 -0.027889	 -0.012456	  0.024998	 -0.011592	 -0.005575	  0.017200	 -0.006679	 -0.063115	 -0.015296	  0.038419	  0.034224	 -0.015815	 -0.006124
  0.002425	  0.016210	  0.010523	 -0.008899	  0.025340	  0.018752	  0.005643	 -0.030489	 -0.013681	  0.029487	  0.034382	 -0.020662	 -0.024654
 -0.008788	  0.017730	  0.023224	 -0.008139	  0.042318	  0.022521	 -0.021598	 -0.009963	 -0.014156	  0.019794	  0.066691	  0.006484	  0.001224
 -0.013381	  0.021785	  0.023826	  0.010993	  0.055400	 -0.011878	 -0.004461	  0.005779	 -0.016975	  0.040731	  0.045658	  0.018647	 -0.010432
  0.007176	  0.011047	  0.010111	  0.022143	  0.039467	 -0.038042	  0.009476	 -0.003533	  0.008112	  0.037754	  0.037296	  0.021941	  0.023080
  0.020385	  0.034391	  0.023604	  0.030283	  0.007127	 -0.026481	 -0.003606	  0.005399	  0.010298	  0.016215	  0.010657	 -0.003430	  0.002428
 -0.001851	 -0.003841	 -0.002971	  0.052551	 -0.000538	 -0.027748	  0.011059	  0.024024	  0.034213	  0.010323	 -0.004547	 -0.024019	 -0.029944
 -0.012463	 -0.008750	  0.007862	  0.020369	  0.004435	 -0.025277	  0.016824	 -0.005529	  0.006972	 -0.022081	 -0.005592	 -0.000991	 -0.029754
 -0.019526	 -0.021737	 -0.002401	  0.023948	  0.019100	 -0.019955	  0.012517	 -0.011547	  0.010298	  0.008834	 -0.008190	  0.013833	  0.008985
  0.006416	 -0.036783	  0.004663	  0.015649	 -0.005607	  0.031897	  0.002602	  0.010245	  0.004469	 -0.003076	 -0.037109	 -0.018350	  0.004107
 -0.009105	 -0.069694	 -0.002654	  0.003011	 -0.028793	  0.044694	  0.014607	  0.019811	  0.021574	 -0.017646	 -0.060517	 -0.063170	 -0.016482
 -0.027413	 -0.055091	  0.010142	  0.033514	 -0.026449	  0.050332	  0.012960	  0.044233	 -0.003956	 -0.004089	 -0.015633	  0.010665	  0.050258
  0.003660	 -0.018791	  0.010459	 -0.003641	 -0.027494	  0.017136	  0.029621	  0.045975	  0.025914	 -0.012768	  0.044486	  0.032299	  0.069231
  0.027100	 -0.011474	  0.008210	 -0.019669	 -0.050934	 -0.004941	  0.023666	  0.010530	  0.015492	 -0.036081	  0.013666	 -0.019648	 -0.018446
  0.027068	 -0.019013	 -0.007912	 -0.027588	 -0.039657	 -0.029616	 -0.006140	  0.013286	 -0.016405	 -0.050209	 -0.014493	 -0.019807	 -0.020600
  0.021335	  0.043007	 -0.018239	 -0.025719	 -0.036712	 -0.006018	  0.008145	  0.029662	  0.002062	 -0.030728	 -0.012307	  0.037842	  0.041325
  0.007968	  0.060017	 -0.056629	 -0.045896	 -0.014032	  0.016059	 -0.012665	  0.067514	  0.000320	 -0.034909	 -0.065427	  0.046617	 -0.000169
  0.005371	  0.079434	 -0.081716	 -0.043805	 -0.010326	  0.006683	 -0.047983	  0.035459	 -0.018147	 -0.048086	 -0.092604	  0.026313	  0.001699
 -0.021585	  0.068981	 -0.087449	 -0.020271	 -0.021698	  0.004815	 -0.082383	  0.060641	 -0.043994	 -0.025724	 -0.072110	  0.044684	  0.092006
 -0.037233	  0.024255	 -0.082349	 -0.013682	 -0.017136	 -0.010611	 -0.072690	  0.024151	 -0.038989	  0.003228	 -0.052820	  0.089378	  0.111739
  0.001348	 -0.000705	 -0.072625	  0.001015	 -0.022870	  0.010136	 -0.049662	  0.026780	 -0.041682	 -0.007574	 -0.059535	  0.054345	  0.028560
 -0.001091	  0.021024	 -0.074272	  0.006938	 -0.028381	  0.030187	 -0.034300	 -0.016140	 -0.051374	 -0.006845	 -0.042272	  0.058843	  0.019849
  0.023235	  0.000752	 -0.050294	  0.000223	 -0.034938	  0.014032	 -0.054160	 -0.029349	 -0.077823	  0.001834	 -0.013669	  0.087858	  0.103694
  0.005782	 -0.018538	 -0.021945	 -0.016470	 -0.010231	 -0.019987	 -0.042408	 -0.019466	 -0.082321	  0.029170	 -0.026245	  0.087224	  0.084119
  0.031724	  0.000657	 -0.003858	 -0.004370	 -0.001679	 -0.032721	 -0.042123	 -0.013701	 -0.092172	 -0.007732	 -0.044838	  0.030019	 -0.014740
  0.023679	 -0.039032	 -0.013107	 -0.011116	  0.001710	 -0.037472	 -0.033128	 -0.005054	 -0.077063	 -0.013465	 -0.027543	  0.025648	  0.026565
  0.018072	 -0.027914	 -0.030370	 -0.001614	 -0.017928	 -0.032404	 -0.008421	  0.022092	 -0.034998	  0.029550	 -0.021683	  0.066794	  0.064670
 -0.001820	 -0.026267	 -0.006107	  0.019133	 -0.041336	 -0.044250	  0.015114	 -0.007841	 -0.011717	  0.016436	 -0.029412	  0.028562	  0.021655
 -0.015789	 -0.021357	  0.016256	 -0.000727	 -0.027336	 -0.033291	  0.014037	 -0.022855	 -0.028473	  0.013364	 -0.028335	  0.002683	  0.035434
 -0.020128	 -0.006660	 -0.018840	 -0.023343	 -0.022521	 -0.033829	  0.047296	 -0.015633	 -0.024323	  0.010545	 -0.002108	  0.050228	  0.128876
 -0.033907	 -0.020248	 -0.032398	 -0.014727	 -0.003009	 -0.040006	  0.020087	  0.002041	 -0.058026	 -0.007352	  0.005494	  0.067586	  0.081521
 -0.039988	 -0.002922	 -0.039366	  0.005355	 -0.006493	 -0.051187	 -0.001389	  0.037866	 -0.031450	 -0.023918	 -0.040974	  0.062074	  0.001193
 -0.022250	  0.023622	 -0.056788	  0.025152	  0.022014	 -0.029648	 -0.022611	  0.050568	 -0.027174	 -0.020465	  0.013001	  0.101478	 -0.001912
  0.013733	  0.075221	 -0.054824	  0.019925	  0.000950	 -0.002566	 -0.022326	  0.025893	 -0.032401	  0.012477	  0.019463	  0.149973	  0.024442
  0.020828	  0.087036	 -0.049566	 -0.024167	  0.005416	  0.005543	  0.019802	 -0.017471	 -0.044564	 -0.023696	  0.012083	  0.145950	 -0.091141
  0.049463	  0.060809	 -0.048140	 -0.044312	  0.009724	  0.037028	  0.042165	 -0.044775	 -0.038451	 -0.047643	 -0.017407	  0.097899	 -0.121169
  0.015697	  0.075253	 -0.049914	 -0.052548	  0.028793	  0.058188	  0.057400	 -0.045060	 -0.024672	 -0.018945	  0.038373	  0.136574	 -0.046194
  0.023267	  0.102430	 -0.041045	 -0.043964	  0.006810	  0.033734	  0.067061	 -0.031313	 -0.032369	  0.035980	  0.082180	  0.132552	 -0.031243
  0.046802	  0.068918	 -0.035945	 -0.017515	 -0.010675	  0.061640	  0.040359	 -0.006638	 -0.054700	 -0.004818	  0.074926	  0.055011	 -0.078819
  0.040689	  0.093593	 -0.042565	 -0.008044	 -0.005607	  0.067658	  0.046314	  0.005241	 -0.042632	  0.009341	  0.048541	  0.024254	 -0.098300
  0.018484	  0.097362	 -0.025112	 -0.015678	 -0.014317	  0.034431	  0.029875	 -0.001158	 -0.038007	 -0.024963	  0.002073	  0.054535	  0.007148
 -0.008091	  0.045193	 -0.053272	 -0.034144	 -0.029933	  0.014761	 -0.013077	 -0.005814	 -0.055112	 -0.047611	 -0.026561	  0.026059	 -0.038370
 -0.024087	  0.058781	 -0.073575	 -0.014791	 -0.045169	  0.010009	 -0.069333	  0.034952	 -0.053718	 -0.065698	 -0.050445	  0.004330	 -0.076760
 -0.037866	  0.048614	 -0.088399	 -0.024072	 -0.043870	  0.024928	 -0.057993	  0.038183	 -0.063157	 -0.061263	  0.015440	  0.048390	  0.031062
 -0.038721	 -0.002479	 -0.082318	 -0.051534	 -0.017105	  0.042793	 -0.038956	 -0.005782	 -0.062872	 -0.044349	  0.006223	  0.071988	  0.083232
 -0.029631	 -0.016637	 -0.086404	 -0.048747	 -0.005005	  0.045929	 -0.011303	 -0.037996	 -0.104684	 -0.049892	 -0.018231	  0.007276	 -0.018129
 -0.010467	 -0.007040	 -0.086182	 -0.031294	 -0.045169	  0.055178	 -0.023245	 -0.024186	 -0.124037	 -0.021637	 -0.050286	 -0.033079	 -0.023704
  0.004579	  0.002653	 -0.027868	  0.007540	 -0.009313	  0.018372	 -0.056251	 -0.015950	 -0.108295	  0.004336	 -0.039073	  0.002176	  0.042592
 -0.000648	 -0.014357	 -0.018555	 -0.006333	  0.049952	  0.026005	 -0.033824	 -0.031503	 -0.103638	 -0.017931	 -0.024471	 -0.038368	  0.060425
 -0.016675	 -0.019710	 -0.010035	 -0.014696	  0.036458	  0.015268	 -0.011367	 -0.027923	 -0.116372	 -0.027307	 -0.033815	 -0.074605	  0.008890
 -0.010879	  0.006866	 -0.014343	 -0.047100	  0.007159	 -0.020145	 -0.009466	 -0.014746	 -0.072312	 -0.000542	 -0.010439	 -0.053984	  0.047787
 -0.009453	  0.006422	 -0.036927	 -0.071014	 -0.032847	 -0.010611	 -0.002688	 -0.033086	 -0.048460	  0.014409	  0.019526	 -0.026110	  0.023492
 -0.009453	 -0.004791	 -0.060905	 -0.043204	 -0.016883	 -0.018340	  0.019358	  0.001155	 -0.081624	 -0.008651	 -0.000144	 -0.032097	 -0.040175
  0.037616	  0.008418	 -0.064738	 -0.002089	  0.003738	 -0.011530	  0.015621	 -0.008728	 -0.106869	 -0.027909	  0.012906	 -0.025160	 -0.019175
  0.069893	 -0.021610	 -0.047918	 -0.003324	 -0.011023	 -0.000887	  0.012992	  0.019938	 -0.097367	 -0.019832	  0.054622	  0.029322	  0.009016
  0.113827	 -0.014357	 -0.060113	 -0.013334	  0.011055	 -0.053658	  0.024426	  0.018544	 -0.115517	 -0.040928	  0.042142	  0.022828	 -0.006156
  0.091654	 -0.033805	 -0.057738	 -0.011972	  0.009914	 -0.083243	  0.006910	  0.024943	 -0.128092	 -0.030411	  0.009137	  0.003665	 -0.038750
  0.086143	 -0.023828	 -0.066543	  0.030378	 -0.015869	 -0.081691	 -0.005000	  0.037961	 -0.097620	 -0.024837	  0.024974	  0.017412	 -0.011984
  0.045883	  0.000752	 -0.083300	  0.053058	 -0.040956	 -0.081406	 -0.020743	  0.060609	 -0.080040	 -0.027181	  0.045088	  0.055106	  0.046520
  0.030742	 -0.025348	 -0.120201	  0.025722	 -0.029870	 -0.055590	 -0.044784	  0.081071	 -0.074592	 -0.002664	  0.027762	  0.020104	 -0.010369
  0.021050	 -0.065354	 -0.140727	  0.018437	 -0.008172	  0.002534	 -0.065848	  0.053546	 -0.069176	  0.036170	  0.006824	 -0.010526	 -0.055886
  0.032326	 -0.066083	 -0.085485	  0.011246	 -0.035350	 -0.020969	 -0.038671	  0.053482	 -0.054067	  0.080452	  0.037454	  0.041422	 -0.023197
 -0.016866	 -0.025031	 -0.095780	  0.006558	 -0.034653	 -0.006557	 -0.057264	  0.065614	 -0.040034	  0.077285	  0.027635	  0.011869	  0.002333
 -0.016137	 -0.017968	 -0.106106	  0.001237	 -0.046974	 -0.034019	 -0.058310	  0.026431	 -0.036867	  0.036043	  0.012146	 -0.010241	 -0.073561
 -0.008883	 -0.010619	 -0.110224	  0.017043	 -0.060817	 -0.051504	 -0.038164	 -0.027702	 -0.075891	  0.024894	  0.001155	  0.030272	 -0.076950
  0.004927	 -0.014674	 -0.099613	  0.027749	 -0.060310	 -0.085333	  0.002222	 -0.048987	 -0.080706	  0.019699	 -0.008887	  0.059002	 -0.021234
  0.038250	  0.006581	 -0.068887	 -0.003134	 -0.065568	 -0.044060	  0.010394	 -0.053834	 -0.096290	  0.060465	 -0.003723	  0.034327	 -0.031401
  0.032991	  0.002748	 -0.043421	  0.006083	 -0.040608	 -0.046531	  0.007639	 -0.065110	 -0.118146	  0.031482	 -0.011959	  0.026534	 -0.065484
  0.029634	  0.015925	 -0.052100	 -0.025782	 -0.038517	 -0.029046	  0.042893	 -0.066346	 -0.142061	  0.016436	  0.022947	  0.066889	 -0.002228
  0.002741	  0.028753	 -0.053367	 -0.019035	 -0.039277	 -0.020716	  0.061201	 -0.047245	 -0.122834	 -0.000257	  0.053007	  0.074966	  0.061534
  0.032390	  0.028563	 -0.054507	 -0.017610	 -0.035476	 -0.014222	  0.067505	 -0.057635	 -0.107851	  0.010703	  0.017689	  0.041612	  0.005564
  0.041227	  0.019251	 -0.048995	  0.004753	 -0.030630	 -0.025815	  0.043653	 -0.080789	 -0.098159	 -0.003741	 -0.031313	  0.054187	  0.011297
  0.041005	  0.021690	 -0.074304	  0.010613	 -0.075577	 -0.026164	  0.034689	 -0.072459	 -0.113933	 -0.012135	 -0.036349	  0.065717	  0.072367
  0.044395	  0.052541	 -0.065467	 -0.017737	 -0.061418	 -0.033291	  0.009476	 -0.058965	 -0.074909	 -0.007922	 -0.022602	  0.028688	  0.070688
  0.007049	  0.065053	 -0.043927	 -0.033067	 -0.043300	 -0.037218	 -0.022263	 -0.078572	 -0.068859	 -0.007827	 -0.027892	  0.012217	 -0.002070
  0.011769	  0.034835	 -0.027900	 -0.008868	 -0.045549	 -0.027082	 -0.013457	 -0.105750	 -0.067339	  0.018273	 -0.008855	  0.051400	  0.013483
  0.012624	  0.029767	 -0.052131	 -0.049539	 -0.024168	 -0.015331	 -0.013077	 -0.076608	 -0.052166	  0.025812	 -0.009900	  0.083455	  0.050258
  0.044363	  0.060048	 -0.076331	 -0.044661	 -0.038581	 -0.019512	 -0.011842	 -0.089595	 -0.030057	 -0.000383	 -0.013860	  0.015353	  0.005342
  0.038376	  0.088873	 -0.080607	 -0.038199	 -0.030218	 -0.044250	 -0.003163	 -0.057983	 -0.047985	  0.011368	  0.030486	 -0.016702	 -0.039479
  0.013384	  0.069108	 -0.077186	 -0.028126	 -0.050142	 -0.017960	  0.027816	 -0.032865	 -0.028093	  0.059768	  0.100362	  0.045603	  0.040312
  0.014081	  0.061822	 -0.058150	 -0.011687	 -0.031232	 -0.001774	  0.013213	 -0.036983	 -0.075257	  0.030373	  0.083605	  0.029924	  0.052253
 -0.028617	  0.075094	 -0.039303	  0.007160	 -0.033322	 -0.003453	  0.010584	 -0.068151	 -0.095244	  0.019509	  0.077777	 -0.007041	 -0.006758
 -0.016074	  0.099643	 -0.074019	  0.014351	 -0.039626	 -0.009883	  0.001620	 -0.096374	 -0.067972	  0.031545	  0.081135	  0.000656	 -0.002387
 -0.003879	  0.082601	 -0.082888	  0.030442	 -0.043142	 -0.006874	  0.013150	 -0.071794	 -0.077316	  0.062682	  0.071917	  0.040693	  0.040027
 -0.034572	  0.096919	 -0.085865	  0.000762	 -0.011466	  0.003104	 -0.002149	 -0.033752	 -0.072945	  0.025527	  0.048953	  0.017127	  0.003980
 -0.029409	  0.087448	 -0.105251	 -0.004591	 -0.005543	  0.024168	 -0.002973	 -0.029570	 -0.032844	  0.037310	  0.025671	  0.015606	 -0.040904
 -0.042016	  0.083678	 -0.058023	 -0.014442	 -0.052518	 -0.019385	 -0.014534	 -0.030521	 -0.044691	  0.055239	  0.028902	  0.053268	  0.005595
 -0.035997	  0.057673	 -0.038352	 -0.000220	 -0.068355	 -0.043015	  0.000987	 -0.008126	 -0.045007	  0.048207	  0.027540	  0.070816	  0.034705
  0.011611	  0.083932	 -0.013519	  0.023631	 -0.047640	 -0.030313	  0.033549	  0.016675	 -0.077000	  0.014377	 -0.008475	  0.016588	 -0.019903
  0.043888	  0.065655	 -0.030845	  0.025975	 -0.028128	 -0.018055	  0.031933	  0.028205	 -0.076398	 -0.012483	 -0.000429	  0.023272	 -0.012618
  0.046137	  0.045003	 -0.038036	  0.001680	 -0.071269	 -0.028856	  0.049925	  0.031943	 -0.094326	 -0.009949	  0.043695	  0.099293	  0.046963
  0.044648	  0.049406	 -0.023528	  0.009789	 -0.104465	 -0.017326	  0.084198	  0.019431	 -0.095118	 -0.025755	  0.053862	  0.085165	  0.003727
  0.035145	  0.045478	 -0.050009	 -0.000917	 -0.105859	  0.012448	  0.069469	  0.006793	 -0.077285	 -0.031710	  0.031024	  0.040440	 -0.093327
  0.050508	  0.059447	 -0.034551	 -0.036995	 -0.109692	  0.032309	  0.093447	  0.003562	 -0.070126	  0.005382	  0.003055	  0.057640	 -0.027600
  0.024883	  0.049627	  0.004979	 -0.038040	 -0.100189	  0.017516	  0.081632	 -0.034227	 -0.055904	  0.045578	 -0.000461	  0.067237	  0.014908
  0.032105	  0.020423	 -0.002749	 -0.024832	 -0.099460	  0.008996	  0.068455	 -0.079491	 -0.087262	  0.064931	 -0.032611	  0.043988	 -0.065326
  0.035779	  0.020803	 -0.036040	  0.028826	 -0.072853	  0.022394	  0.075772	 -0.088613	 -0.076081	  0.055619	 -0.016330	  0.022385	 -0.034252
 -0.004005	 -0.008750	 -0.044371	  0.062972	 -0.047450	  0.011657	  0.054518	 -0.048512	 -0.062080	  0.048713	  0.039672	  0.032109	  0.064670
 -0.003087	  0.021373	 -0.069078	  0.037378	 -0.033798	  0.025594	  0.047644	 -0.044363	 -0.089796	  0.016373	  0.042649	  0.016525	  0.063561
  0.028367	  0.039966	 -0.070820	  0.027717	 -0.029458	  0.010041	  0.050273	 -0.088518	 -0.075416	  0.001105	  0.029029	 -0.022087	 -0.021424
  0.037363	  0.042120	 -0.053050	  0.036523	 -0.022331	 -0.030693	  0.037097	 -0.096659	 -0.050899	  0.003766	  0.056935	 -0.011919	 -0.003685
  0.025421	  0.071198	 -0.024922	  0.057271	  0.010453	 -0.022743	  0.049070	 -0.074201	 -0.048270	  0.034871	  0.039007	  0.013104	  0.064258
  0.036824	  0.052288	 -0.029990	  0.064366	  0.009471	 -0.006462	  0.035544	 -0.080504	 -0.057614	  0.033794	 -0.004389	 -0.003082	  0.002650
  0.046612	  0.067365	 -0.016180	  0.019989	  0.010801	 -0.033639	  0.045079	 -0.061056	 -0.069841	  0.005318	 -0.017502	 -0.037418	 -0.042931
  0.041639	  0.064673	 -0.009370	  0.024265	  0.023630	 -0.047703	  0.022748	 -0.051205	 -0.057171	 -0.028384	  0.027477	 -0.006408	  0.034167
  0.057001	  0.050007	 -0.013392	  0.010708	  0.037694	 -0.068165	  0.035988	 -0.036191	 -0.037184	  0.002056	  0.029757	  0.034327	 -0.014677
  0.045376	  0.019346	  0.017491	  0.005798	  0.021698	 -0.078143	  0.033581	 -0.080694	 -0.050899	  0.009721	 -0.007968	 -0.023291	 -0.072167
  0.054119	  0.036894	  0.018790	  0.004626	 -0.006588	 -0.093917	  0.030381	 -0.063812	 -0.043677	  0.009404	  0.010562	 -0.029848	 -0.081385
  0.054182	  0.038636	  0.021229	 -0.009754	 -0.019512	 -0.094107	  0.003647	 -0.007746	 -0.034460	  0.060560	  0.037074	  0.018140	 -0.056488
  0.043983	  0.020581	  0.009509	 -0.012320	 -0.049477	 -0.102850	  0.031743	  0.025386	 -0.051089	  0.048935	  0.024626	 -0.004792	 -0.136342
  0.020765	  0.041835	  0.012676	 -0.018497	 -0.039214	 -0.109090	  0.035386	 -0.006511	 -0.039401	  0.023025	  0.042079	 -0.023132	 -0.137925
 -0.004702	  0.042564	 -0.015008	 -0.030692	 -0.056192	 -0.126511	  0.003394	 -0.021462	 -0.015233	  0.018907	  0.079329	  0.011457	 -0.034315
  0.002868	  0.068252	 -0.033538	 -0.029551	 -0.001489	 -0.098320	 -0.025462	 -0.050540	 -0.002974	  0.036043	  0.086013	  0.043892	  0.004233
 -0.017752	  0.038034	 -0.041615	 -0.008361	  0.006398	 -0.071079	  0.008874	 -0.079206	 -0.007821	  0.055175	  0.059469	  0.003982	 -0.098363
 -0.015345	  0.017350	 -0.047475	 -0.006112	 -0.007507	 -0.069052	  0.023381	 -0.078952	 -0.056442	  0.072502	  0.031278	 -0.033110	 -0.075905
  0.020891	 -0.006913	 -0.051846	  0.016441	 -0.027684	 -0.084858	 -0.004968	 -0.088930	 -0.099901	  0.074402	  0.053577	  0.001479	  0.000622
  0.007588	 -0.036244	 -0.049217	  0.019830	 -0.021476	 -0.118972	 -0.012919	 -0.082722	 -0.125716	  0.091000	  0.035364	 -0.016037	  0.006926
 -0.026273	 -0.018158	 -0.069616	 -0.006017	 -0.030155	 -0.107506	 -0.032621	 -0.082025	 -0.118843	  0.070474	  0.017911	 -0.071374	  0.019786
 -0.032418	  0.015291	 -0.094354	 -0.032371	 -0.040639	 -0.084288	 -0.015706	 -0.126307	 -0.083303	  0.082511	  0.025291	 -0.058767	  0.031949
 -0.004100	  0.022988	 -0.093214	  0.007952	 -0.048653	 -0.046373	 -0.032938	 -0.106637	 -0.077633	  0.098919	  0.056776	 -0.057310	 -0.006156
  0.014018	 -0.006216	 -0.107816	  0.020559	 -0.047640	 -0.017928	 -0.020933	 -0.076672	 -0.097493	  0.095751	  0.067166	 -0.045432	 -0.040936
  0.006828	 -0.034281	 -0.104522	  0.004024	 -0.049730	 -0.013842	 -0.031639	 -0.076608	 -0.127902	  0.086312	  0.042523	 -0.017494	 -0.023387
 -0.017531	 -0.020692	 -0.103445	  0.016631	 -0.003421	 -0.003864	 -0.017702	 -0.056495	 -0.118019	  0.054954	  0.049903	 -0.001720	 -0.066719
  0.011040	 -0.010778	 -0.126695	  0.025469	 -0.037250	 -0.038644	 -0.031259	 -0.101980	 -0.076018	  0.029296	  0.017404	 -0.000390	 -0.088639
  0.007778	  0.020644	 -0.132618	  0.038075	 -0.076718	 -0.066518	 -0.036834	 -0.089785	 -0.080009	  0.017102	  0.040210	  0.003475	 -0.075810
  0.010819	 -0.000483	 -0.099549	  0.056162	 -0.053975	 -0.065916	 -0.004715	 -0.072396	 -0.060592	  0.003354	  0.013856	  0.005154	 -0.055570
  0.023014	 -0.007958	 -0.107056	  0.051411	 -0.022553	 -0.066518	  0.004819	 -0.090736	 -0.063791	 -0.035923	  0.001788	  0.016050	 -0.042456
  0.034797	  0.042342	 -0.153017	  0.075421	 -0.035065	 -0.084351	 -0.003226	 -0.082056	 -0.066863	  0.000884	  0.000299	 -0.006028	 -0.028582
  0.009583	  0.040822	 -0.157578	  0.044189	 -0.066582	 -0.113366	  0.007258	 -0.078065	 -0.066927	  0.028948	 -0.001633	 -0.020282	 -0.051388
  0.008190	  0.032174	 -0.119726	  0.023030	 -0.061577	 -0.112036	  0.044128	 -0.070178	 -0.072533	  0.052926	  0.013983	 -0.002353	 -0.028424
 -0.006413	  0.055456	 -0.127487	  0.015237	 -0.079917	 -0.108044	  0.049450	 -0.054657	 -0.105571	  0.056094	 -0.002805	  0.001289	 -0.030673
 -0.026970	  0.027645	 -0.090807	  0.021066	 -0.120303	 -0.101488	  0.016349	 -0.080948	 -0.122200	  0.020079	 -0.014081	 -0.014295	 -0.040809
 -0.052722	  0.022893	 -0.094418	 -0.015963	 -0.103262	 -0.095501	 -0.003765	 -0.058775	 -0.079692	  0.033288	 -0.016837	  0.001859	 -0.057438
 -0.046292	  0.051559	 -0.089603	 -0.014569	 -0.077826	 -0.098574	 -0.023055	 -0.075341	 -0.072375	  0.020776	 -0.013226	  0.034041	 -0.068620
 -0.055858	  0.063945	 -0.084630	  0.022048	 -0.090876	 -0.105891	 -0.007661	 -0.032991	 -0.088783	 -0.007035	 -0.039675	  0.030399	 -0.060606
 -0.051265	  0.036260	 -0.068792	  0.000667	 -0.052771	 -0.104529	 -0.005919	 -0.027480	 -0.118146	 -0.018216	 -0.039643	  0.054345	 -0.063140
 -0.038405	  0.033948	 -0.081558	 -0.010958	 -0.064871	 -0.111370	  0.024616	 -0.025738	 -0.095118	 -0.026896	  0.002358	  0.054915	 -0.078217
 -0.022314	  0.002494	 -0.091472	 -0.012288	 -0.075102	 -0.097908	  0.017806	 -0.069070	 -0.097779	 -0.003329	 -0.012276	  0.049372	 -0.057533
 -0.008503	 -0.009099	 -0.083553	 -0.008582	 -0.086125	 -0.119004	  0.040676	 -0.101410	 -0.117766	  0.013712	 -0.029570	  0.036259	 -0.054334
  0.007366	 -0.012108	 -0.044307	  0.005862	 -0.108773	 -0.090781	  0.048880	 -0.092953	 -0.143106	  0.014282	 -0.003470	  0.015828	 -0.045782
 -0.000078	 -0.006628	 -0.055869	 -0.024547	 -0.099714	 -0.050427	  0.025282	 -0.085319	 -0.134775	  0.039433	 -0.010154	 -0.003525	 -0.072706
 -0.017942	  0.011047	 -0.054697	 -0.052168	 -0.058726	 -0.064111	  0.034404	 -0.088455	 -0.114947	  0.066103	 -0.015475	  0.028973	 -0.070900
 -0.008883	  0.016210	 -0.030212	 -0.032117	 -0.043173	 -0.071206	  0.052776	 -0.107397	 -0.105412	  0.081117	 -0.002932	 -0.000706	 -0.052212
  0.039865	 -0.008022	 -0.003003	 -0.045516	 -0.036807	 -0.069337	  0.089171	 -0.086269	 -0.091950	  0.112539	 -0.003027	  0.005217	 -0.055126
  0.070147	 -0.022244	 -0.026062	 -0.029330	 -0.073423	 -0.054418	  0.092497	 -0.039548	 -0.127775	  0.085520	 -0.023362	  0.013674	 -0.037388
  0.071350	 -0.013755	 -0.034488	 -0.040765	 -0.082894	 -0.048115	  0.091040	 -0.043666	 -0.133667	  0.058438	 -0.012466	  0.049974	 -0.021740
  0.055418	 -0.019140	  0.017808	 -0.103672	 -0.089990	 -0.039784	  0.070419	 -0.067518	 -0.124671	  0.033414	 -0.014240	  0.042087	 -0.020093
  0.048607	 -0.019615	 -0.011112	 -0.115835	 -0.114411	 -0.014634	  0.073523	 -0.087473	 -0.080801	  0.041206	 -0.031788	  0.048232	 -0.016862
  0.034512	 -0.039412	 -0.018460	 -0.093631	 -0.077858	 -0.005353	  0.067822	 -0.087251	 -0.103892	  0.045102	 -0.031978	  0.069328	 -0.059561
 -0.011481	 -0.068078	 -0.017352	 -0.081721	 -0.074437	 -0.016091	  0.051224	 -0.084147	 -0.124544	  0.026667	 -0.018262	  0.090582	 -0.073815
 -0.026685	 -0.025855	 -0.030244	 -0.080517	 -0.071681	 -0.015933	  0.052269	 -0.083387	 -0.113426	  0.005445	 -0.029982	  0.090360	 -0.018541
 -0.029536	 -0.007832	 -0.047443	 -0.047765	 -0.081881	 -0.010104	  0.059016	 -0.077464	 -0.102878	 -0.003773	 -0.051585	  0.079496	 -0.014772
 -0.009644	  0.013898	 -0.075413	 -0.038199	 -0.064808	  0.014951	  0.019295	 -0.106922	 -0.078837	  0.010830	 -0.049494	  0.075124	 -0.036786
  0.029095	  0.031984	 -0.053810	 -0.075861	 -0.030757	  0.002407	  0.034214	 -0.062513	 -0.091380	 -0.014320	 -0.036856	  0.055834	 -0.005618
  0.032770	  0.037084	 -0.046461	 -0.061955	 -0.050997	 -0.041051	  0.032915	 -0.056336	 -0.077791	  0.002024	 -0.051585	  0.052191	 -0.008595
 -0.011196	  0.029640	 -0.045036	 -0.061670	 -0.055970	 -0.039594	  0.026485	 -0.074644	 -0.073198	  0.000060	 -0.049684	  0.063563	 -0.017908
 -0.003467	 -0.016099	 -0.042249	 -0.069304	 -0.089388	 -0.050269	  0.033961	 -0.063051	 -0.088213	 -0.020592	 -0.032073	  0.061377	 -0.017179
  0.030172	 -0.026552	 -0.013487	 -0.057584	 -0.108773	 -0.046626	  0.023001	 -0.075595	 -0.076208	 -0.026515	 -0.012973	  0.042974	 -0.014740
  0.050318	 -0.047869	 -0.004016	 -0.052041	 -0.107348	 -0.044124	  0.012802	 -0.073156	 -0.080611	 -0.035321	  0.002675	  0.001986	 -0.004224
  0.042494	 -0.076504	  0.002224	 -0.053688	 -0.132434	 -0.044472	  0.011091	 -0.080631	 -0.067972	 -0.010614	  0.015535	 -0.046699	  0.000527
  0.035209	 -0.074160	 -0.003510	 -0.052231	 -0.127208	 -0.064998	  0.023666	 -0.090292	 -0.065565	  0.000472	  0.015757	 -0.064849	 -0.021139
  0.073346	 -0.078879	 -0.037624	 -0.067213	 -0.109438	 -0.082356	  0.001335	 -0.076387	 -0.066103	  0.013649	 -0.008285	 -0.052971	 -0.053827
  0.097672	 -0.038145	 -0.048679	 -0.064299	 -0.104307	 -0.121380	 -0.022263	 -0.063621	 -0.049157	  0.003798	 -0.014081	 -0.003145	 -0.079611
  0.066947	 -0.015212	 -0.065973	 -0.080865	 -0.077858	 -0.103737	 -0.027553	 -0.027797	 -0.048460	  0.021441	  0.003308	  0.006769	 -0.122753
  0.052187	 -0.003809	 -0.084788	 -0.085617	 -0.067658	 -0.095786	 -0.053685	 -0.058902	 -0.059198	  0.025971	 -0.011421	 -0.014612	 -0.123735
 -0.011101	  0.004332	 -0.081177	 -0.081721	 -0.069211	 -0.064776	 -0.016403	 -0.085256	 -0.046591	  0.005635	  0.006223	 -0.017336	 -0.072453
  0.002203	 -0.010651	 -0.069109	 -0.083368	 -0.072663	 -0.080550	  0.001969	 -0.090070	 -0.083271	 -0.010329	  0.003562	 -0.035423	 -0.031338
  0.002013	 -0.021769	 -0.021470	 -0.090273	 -0.048115	 -0.063192	 -0.013045	 -0.096120	 -0.121535	 -0.002727	  0.001946	 -0.035993	 -0.019270
 -0.019780	 -0.005995	 -0.036325	 -0.072757	 -0.058029	 -0.050332	 -0.013172	 -0.096405	 -0.118082	  0.035727	 -0.002456	 -0.008118	 -0.045592
 -0.008535	  0.007087	 -0.052163	 -0.064173	 -0.086189	 -0.000190	  0.002824	 -0.084876	 -0.097652	  0.048143	 -0.013321	  0.021276	 -0.047904
  0.022127	  0.017160	 -0.053240	 -0.056887	 -0.070794	  0.007064	  0.018313	 -0.132484	 -0.077855	  0.032686	 -0.039517	  0.030684	 -0.076539
  0.050888	  0.002368	 -0.053050	 -0.021791	 -0.060722	 -0.011625	  0.007543	 -0.124406	 -0.074244	  0.008074	 -0.050286	 -0.001498	 -0.095480
  0.062164	  0.014499	 -0.082223	 -0.005003	 -0.077985	 -0.044884	  0.006181	 -0.139611	 -0.088814	  0.049822	 -0.049684	 -0.024811	 -0.063869
  0.042747	  0.005884	 -0.073670	 -0.015836	 -0.093062	 -0.040513	  0.018662	 -0.144203	 -0.110385	  0.059420	 -0.037268	  0.004362	 -0.072991
  0.033086	 -0.018063	 -0.064643	 -0.037375	 -0.101995	 -0.056667	  0.022558	 -0.126402	 -0.104905	  0.051564	 -0.018009	  0.015733	 -0.084141
  0.048196	 -0.008053	 -0.048964	 -0.059991	 -0.114253	 -0.059961	 -0.006362	 -0.149335	 -0.104114	  0.012509	 -0.043539	 -0.024558	 -0.114961
  0.032168	  0.028341	 -0.028438	 -0.070223	 -0.125181	 -0.081754	  0.017331	 -0.156969	 -0.087389	 -0.006433	 -0.035652	 -0.031590	 -0.109829
  0.005117	 -0.002510	 -0.052828	 -0.077128	 -0.107031	 -0.062527	  0.055975	 -0.148955	 -0.123657	 -0.000573	 -0.029190	 -0.024685	 -0.110780
  0.018294	 -0.016099	 -0.039841	 -0.070666	 -0.097592	 -0.076242	  0.060853	 -0.104166	 -0.118874	  0.003133	 -0.069070	 -0.018698	 -0.119617
  0.026150	  0.005282	 -0.055679	  0.002060	 -0.115963	 -0.120303	  0.062215	 -0.114555	 -0.114598	 -0.000130	 -0.066789	 -0.042993	 -0.106250
  0.008031	  0.013106	 -0.059828	  0.045361	 -0.121126	 -0.113873	  0.109190	 -0.059187	 -0.113901	  0.010671	 -0.066916	 -0.050975	 -0.094023
  0.031693	  0.020676	 -0.052511	  0.034908	 -0.132973	 -0.095184	  0.111692	 -0.045947	 -0.102973	 -0.003456	 -0.044775	 -0.050532	 -0.085788
  0.007841	  0.001512	 -0.054665	  0.028826	 -0.133511	 -0.066867	  0.101587	 -0.022697	 -0.111937	  0.010133	 -0.034258	 -0.051450	 -0.104255
  0.002995	 -0.020153	 -0.057959	  0.043175	 -0.108868	 -0.026354	  0.086890	 -0.033942	 -0.121092	  0.001074	 -0.026720	 -0.067921	 -0.081227
 -0.019178	 -0.032443	 -0.051466	  0.027717	 -0.106714	 -0.033449	  0.080080	 -0.010249	 -0.097683	  0.012509	 -0.034670	 -0.057785	 -0.071851
 -0.000014	 -0.033457	 -0.095115	  0.022649	 -0.070604	 -0.051409	  0.048626	 -0.034955	 -0.112444	 -0.003582	 -0.024566	 -0.059052	 -0.057375
  0.023806	 -0.015782	 -0.107595	  0.047134	 -0.056034	 -0.066518	  0.011946	 -0.078952	 -0.114503	  0.013079	 -0.031154	 -0.061998	 -0.045085
  0.019973	 -0.010176	 -0.079499	  0.024867	 -0.056414	 -0.074754	  0.000005	 -0.094917	 -0.113394	  0.008042	 -0.039865	 -0.042423	 -0.032067
  0.013986	 -0.037575	 -0.063788	 -0.025592	 -0.055495	 -0.123344	  0.038680	 -0.093301	 -0.105381	  0.003449	 -0.008443	 -0.024970	 -0.033270
  0.012624	 -0.059019	 -0.057453	 -0.013682	 -0.105764	 -0.139878	  0.038712	 -0.092319	 -0.093787	 -0.003646	 -0.026118	 -0.041979	 -0.062538
  0.007556	 -0.054901	 -0.051593	 -0.025909	 -0.101899	 -0.125814	  0.065351	 -0.073631	 -0.098000	 -0.012515	 -0.001094	 -0.030196	 -0.026143
  0.045883	 -0.050340	 -0.079530	 -0.038611	 -0.115457	 -0.119606	  0.104502	 -0.104673	 -0.096290	  0.009880	  0.006634	  0.007688	 -0.041506
  0.046675	 -0.025412	 -0.080797	 -0.050140	 -0.111655	 -0.121855	  0.132218	 -0.074391	 -0.083873	  0.032401	  0.021934	 -0.002765	 -0.039510
  0.055988	 -0.001908	 -0.078929	 -0.067594	 -0.088311	 -0.121380	  0.100004	 -0.070685	 -0.072533	  0.032717	  0.042713	  0.001764	 -0.019681
  0.055861	 -0.001497	 -0.062299	 -0.048873	 -0.059581	 -0.113208	  0.109253	 -0.056083	 -0.086312	  0.036518	  0.059691	 -0.011381	 -0.054904
  0.035082	  0.017033	 -0.033569	 -0.060245	 -0.046499	 -0.111180	  0.108493	 -0.077083	 -0.069112	  0.040763	  0.061813	  0.001574	 -0.050438
  0.001538	  0.010477	 -0.000437	 -0.051756	 -0.043649	 -0.095406	  0.098800	 -0.062576	 -0.074370	  0.062429	  0.061749	 -0.003145	 -0.051483
  0.007049	  0.037116	 -0.006360	 -0.073612	 -0.042572	 -0.063667	  0.111217	 -0.081708	 -0.051026	  0.053148	  0.023486	  0.032394	 -0.041886
 -0.018481	  0.011237	 -0.036800	 -0.063888	 -0.027621	 -0.047070	  0.092750	 -0.072776	 -0.052071	  0.034206	  0.028142	  0.035657	 -0.029944
  0.017185	 -0.017683	 -0.029230	 -0.060213	 -0.012480	 -0.075641	  0.136177	 -0.054214	 -0.021251	  0.007346	  0.069637	  0.008670	 -0.050311
  0.009077	 -0.033235	  0.013025	 -0.060973	 -0.009376	 -0.079188	  0.130634	 -0.075943	 -0.028758	 -0.008080	  0.103181	  0.013453	 -0.019903
 -0.022694	 -0.019583	 -0.013456	 -0.060498	  0.013050	 -0.085238	  0.110868	 -0.082342	 -0.088973	 -0.026547	  0.107520	  0.037526	 -0.011478
 -0.033875	  0.008133	 -0.039715	 -0.054258	 -0.027969	 -0.104434	  0.111058	 -0.098306	 -0.095720	 -0.024647	  0.069732	  0.027010	 -0.023736
 -0.055383	  0.010793	 -0.018587	 -0.050109	 -0.048305	 -0.096831	  0.072605	 -0.083830	 -0.112888	 -0.046914	  0.054939	  0.007719	 -0.038877
 -0.048699	  0.012029	  0.002604	 -0.035982	 -0.055844	 -0.123597	  0.084863	 -0.061721	 -0.080801	 -0.025565	  0.023169	 -0.035327	 -0.052941
 -0.048224	  0.002114	  0.018790	 -0.041176	 -0.056445	 -0.112511	  0.121416	 -0.066631	 -0.042537	  0.005857	  0.022662	 -0.020218	 -0.040049
 -0.048192	  0.008038	  0.049103	 -0.058313	 -0.043173	 -0.123375	  0.111122	 -0.055418	 -0.037817	  0.045039	 -0.000524	  0.018679	 -0.060321
 -0.026463	  0.021024	  0.006215	 -0.048652	 -0.090243	 -0.109818	  0.111597	 -0.041512	 -0.064583	  0.046306	  0.003625	  0.056373	 -0.101372
 -0.007901	  0.034328	 -0.022927	 -0.040321	 -0.084636	 -0.108140	  0.149734	 -0.041005	 -0.072818	  0.038007	  0.026558	  0.075346	 -0.170488
 -0.035332	  0.049596	 -0.000405	 -0.067910	 -0.081374	 -0.113936	  0.136557	 -0.048037	 -0.123879	  0.042885	  0.028395	  0.053934	 -0.160098


