:RUN-7	LEVEL SWEEP	TEMP:NaN	8/27/2019	2:31 PM	HR:-401.37:SW EAR: R	SW FREQ: 22.60	# AVERAGES: 512	REP RATE (/sec): 80	DRIVER: 	SAMPLE (µsec): 40	MASKER dB: 2147483647:NOTES-:CHAMBER-SEWELL-PXI1:CFTS Version: V2.7.2 (R850):LEVELS:20;30;40;50;60;70;80;:DATA  0.000562	 -0.051762	 -0.000386	  0.032955	  0.076537	 -0.015268	 -0.039556
  0.001576	 -0.050495	  0.007374	  0.027729	  0.067510	  0.012068	 -0.050484
 -0.002384	 -0.065826	  0.061539	  0.035647	  0.041472	 -0.000348	 -0.061032
 -0.004411	 -0.068772	  0.034837	  0.026272	  0.004919	 -0.007824	 -0.059512
 -0.007357	 -0.081474	  0.042597	  0.003750	  0.013978	 -0.000855	 -0.070946
 -0.014103	 -0.055817	  0.041077	  0.012936	  0.029214	 -0.037662	 -0.073100
 -0.044543	  0.009498	  0.042597	  0.000678	 -0.005755	 -0.055558	 -0.053842
 -0.034534	  0.038829	  0.036262	  0.005461	 -0.036766	 -0.040608	 -0.061412
 -0.020914	  0.076745	 -0.004283	 -0.012499	 -0.048675	 -0.051662	 -0.070630
 -0.028452	  0.046019	 -0.041659	 -0.017155	 -0.045635	 -0.056730	 -0.039334
  0.001069	  0.051214	 -0.057212	 -0.010599	 -0.028783	 -0.059803	 -0.044688
 -0.001750	  0.009941	 -0.059968	  0.003845	 -0.027295	 -0.036997	 -0.051054
  0.004997	  0.020838	 -0.051954	 -0.023205	 -0.021815	 -0.043775	 -0.049977
  0.025269	  0.043200	 -0.029084	 -0.036921	 -0.024380	 -0.058093	 -0.046873
  0.050989	  0.064423	 -0.020627	 -0.036097	 -0.000054	 -0.022711	  0.003047
 -0.000071	  0.028440	 -0.022654	 -0.013323	  0.007548	  0.039182	  0.067095
  0.002811	  0.008579	 -0.013880	 -0.029952	 -0.022163	  0.052138	  0.137129
  0.014911	 -0.000860	 -0.006341	 -0.010662	 -0.013167	  0.094107	  0.182615
  0.020644	 -0.018218	  0.004555	  0.009959	 -0.002303	  0.140163	  0.189741
  0.035690	 -0.004503	  0.037212	  0.031181	  0.035613	  0.150236	  0.192814
 -0.009574	  0.006425	  0.043737	  0.018669	  0.038938	  0.141652	  0.247422
 -0.013121	  0.020648	  0.030497	  0.068241	  0.035359	  0.153118	  0.310519
 -0.017873	 -0.001874	  0.010415	  0.080943	  0.042106	  0.187740	  0.305483
 -0.030860	 -0.040042	 -0.008590	  0.052182	  0.012395	  0.187961	  0.280808
 -0.037480	 -0.026169	 -0.025125	  0.068431	  0.004792	  0.173517	  0.211597
 -0.034851	 -0.020087	 -0.028641	  0.068273	  0.007105	  0.201423	  0.193986
 -0.039729	 -0.056355	 -0.034311	  0.049109	  0.004381	  0.209374	  0.220340
 -0.045715	 -0.059333	 -0.015527	  0.043535	 -0.033471	  0.175101	  0.239757
 -0.051037	 -0.085718	 -0.036053	  0.054019	  0.020345	  0.216247	  0.340072
 -0.054996	 -0.101271	 -0.031682	  0.087817	  0.058767	  0.249443	  0.404057
 -0.051195	 -0.076944	 -0.019075	  0.086201	  0.068460	  0.321758	  0.425121
 -0.053729	 -0.079573	 -0.036813	  0.135615	  0.076537	  0.372217	  0.467249
 -0.077137	 -0.093067	 -0.046126	  0.155665	  0.092913	  0.386154	  0.455687
 -0.092056	 -0.065604	 -0.060158	  0.149488	  0.087718	  0.346401	  0.415650
 -0.060349	 -0.027942	 -0.041469	  0.160702	  0.085311	  0.343677	  0.303171
 -0.053286	 -0.006150	 -0.005645	  0.197730	  0.067383	  0.266484	  0.183818
 -0.054743	 -0.038427	  0.031479	  0.205205	  0.000675	  0.171965	  0.026740
 -0.040647	 -0.043812	  0.047665	  0.197160	 -0.031602	  0.088469	 -0.150768
 -0.015022	  0.015675	  0.018270	  0.182621	 -0.065368	 -0.008077	 -0.283266
 -0.001497	  0.016656	  0.035407	  0.106378	 -0.152824	 -0.141145	 -0.361979
 -0.007357	  0.027109	  0.031384	  0.040367	 -0.258809	 -0.232307	 -0.432362
 -0.009796	  0.062807	  0.011904	  0.011606	 -0.301413	 -0.307916	 -0.504898
 -0.040204	  0.062332	 -0.018726	 -0.033722	 -0.352822	 -0.391507	 -0.560045
 -0.033172	  0.040476	 -0.082806	 -0.073442	 -0.376768	 -0.398507	 -0.604105
 -0.066526	  0.045513	 -0.108653	 -0.127861	 -0.368850	 -0.389796	 -0.581996
 -0.059272	  0.027901	 -0.153061	 -0.169830	 -0.400652	 -0.407820	 -0.544556
 -0.069409	  0.014503	 -0.190723	 -0.183356	 -0.397832	 -0.369081	 -0.517853
 -0.085785	  0.007787	 -0.195285	 -0.164034	 -0.346645	 -0.300029	 -0.440566
 -0.071689	 -0.024173	 -0.223412	 -0.148354	 -0.295109	 -0.200441	 -0.315005
 -0.053951	 -0.009919	 -0.189076	 -0.118580	 -0.230840	 -0.085998	 -0.191661
 -0.084929	 -0.024395	 -0.153061	 -0.061279	 -0.153014	  0.005733	 -0.115133
 -0.049706	 -0.032662	 -0.122400	 -0.030427	 -0.085831	  0.096451	 -0.013266
 -0.049421	 -0.029051	 -0.083566	 -0.035020	 -0.038951	  0.219098	  0.051004
 -0.046159	 -0.009697	 -0.071212	 -0.005942	  0.016861	  0.264457	  0.146441
 -0.071911	 -0.009792	 -0.054488	  0.024529	  0.051577	  0.338387	  0.223349
 -0.120279	 -0.048690	 -0.018821	  0.084237	  0.071406	  0.336075	  0.286510
 -0.119392	 -0.026897	 -0.024048	  0.108786	  0.083189	  0.341840	  0.293858
 -0.067951	 -0.045839	 -0.027722	  0.120569	  0.106819	  0.299585	  0.268771
 -0.081382	 -0.051382	  0.009275	  0.117053	  0.101466	  0.279218	  0.232091
 -0.104631	 -0.040201	  0.044022	  0.098016	  0.063075	  0.288087	  0.191990
 -0.104505	 -0.034848	  0.048362	  0.079961	  0.051387	  0.283842	  0.133106
 -0.063010	 -0.002856	  0.067462	  0.037833	  0.007263	  0.263950	  0.027722
 -0.038683	  0.016878	  0.025271	  0.042933	  0.015562	  0.182386	 -0.069869
  0.006137	  0.007661	  0.003446	  0.064535	 -0.006801	  0.080772	 -0.200783
  0.010603	  0.017005	 -0.000767	  0.050598	 -0.015163	 -0.010675	 -0.249563
  0.009875	  0.034458	 -0.001780	  0.044928	 -0.052191	 -0.078206	 -0.246681
  0.007974	  0.004176	  0.003446	  0.021394	 -0.136828	 -0.127937	 -0.231445
  0.001164	 -0.016856	  0.014881	 -0.025771	 -0.215763	 -0.152897	 -0.230780
 -0.002795	 -0.035861	 -0.028134	 -0.005974	 -0.232361	 -0.146213	 -0.217540
 -0.006438	 -0.027847	  0.001989	 -0.011485	 -0.239329	 -0.186726	 -0.220454
  0.005915	 -0.021829	 -0.006088	 -0.035654	 -0.274330	 -0.177635	 -0.229766
 -0.030036	  0.010416	 -0.016446	 -0.055894	 -0.242908	 -0.163603	 -0.232459
 -0.047679	 -0.012516	 -0.039537	 -0.045885	 -0.243415	 -0.143426	 -0.242753
 -0.031493	 -0.009032	 -0.021070	 -0.060962	 -0.229541	 -0.136014	 -0.238889
 -0.064404	 -0.024395	 -0.015052	 -0.070497	 -0.230175	 -0.093569	 -0.198883
 -0.059304	 -0.049672	 -0.016192	 -0.053614	 -0.186020	 -0.072631	 -0.148234
 -0.050340	 -0.047074	 -0.017966	 -0.079429	 -0.150512	 -0.060722	 -0.058435
 -0.051765	 -0.044857	 -0.002984	 -0.068786	 -0.139869	 -0.060151	  0.004726
 -0.040806	 -0.018852	  0.042312	 -0.065967	 -0.110886	 -0.030345	 -0.006931
 -0.044037	 -0.032219	  0.029863	 -0.015572	 -0.068092	  0.013114	 -0.016085
 -0.066083	 -0.036653	  0.026601	  0.001596	 -0.058115	  0.006208	 -0.035153
 -0.079386	 -0.012358	  0.000310	  0.018258	 -0.053268	  0.012037	 -0.057168
 -0.069028	 -0.001557	 -0.034849	  0.008502	 -0.027295	 -0.030440	 -0.078738
 -0.056897	 -0.002254	 -0.051162	  0.017212	 -0.054409	 -0.054260	 -0.045860
 -0.042073	 -0.025598	 -0.040044	 -0.002173	 -0.059667	 -0.007855	 -0.009940
 -0.023068	 -0.073460	 -0.024048	 -0.019911	 -0.007814	  0.020811	  0.051764
 -0.019583	 -0.078243	 -0.057529	 -0.024314	  0.024716	  0.051694	  0.106530
  0.020771	 -0.060029	 -0.024966	 -0.010472	  0.064310	  0.087772	  0.145491
  0.059890	 -0.052554	 -0.075805	  0.019556	  0.085596	  0.095406	  0.166207
  0.019757	 -0.055246	 -0.067380	  0.045593	  0.065166	  0.100379	  0.201493
  0.043356	 -0.061613	 -0.062945	  0.078092	  0.047237	  0.136711	  0.228544
  0.047790	 -0.093985	 -0.064402	  0.066214	  0.040586	  0.138770	  0.232155
  0.040758	 -0.101271	 -0.056198	  0.063648	  0.071722	  0.198984	  0.251540
  0.061315	 -0.071654	 -0.040963	  0.077776	  0.107991	  0.239180	  0.249449
  0.067777	 -0.051731	  0.017320	  0.112935	  0.065387	  0.255525	  0.261581
  0.036102	 -0.066998	  0.041932	  0.109071	  0.039160	  0.285838	  0.222114
  0.020043	 -0.076406	  0.068001	  0.131180	  0.094529	  0.332052	  0.248879
 -0.018570	 -0.050907	  0.094228	  0.156362	  0.113566	  0.335885	  0.246947
 -0.003112	 -0.027721	  0.066575	  0.181290	  0.166115	  0.312382	  0.267726
  0.003128	 -0.051826	  0.073860	  0.184901	  0.178025	  0.280041	  0.296297
 -0.015339	 -0.042038	  0.031859	  0.182779	  0.165925	  0.260973	  0.342290
 -0.036815	 -0.040866	  0.008578	  0.186865	  0.136308	  0.269557	  0.395251
 -0.044132	 -0.032915	  0.007311	  0.164914	  0.115846	  0.278996	  0.438741
 -0.036435	 -0.042576	 -0.017238	  0.136502	  0.094402	  0.287675	  0.401744
 -0.048851	 -0.046821	 -0.019582	  0.120411	  0.109511	  0.291540	  0.395536
 -0.015656	 -0.043780	 -0.021482	  0.119302	  0.115086	  0.283557	  0.338140
 -0.018633	  0.003321	 -0.004979	  0.091333	  0.087782	  0.280802	  0.290247
 -0.042041	  0.025304	  0.018999	  0.083477	  0.080940	  0.235411	  0.236716
 -0.041946	  0.020489	  0.047855	  0.096622	  0.074985	  0.198161	  0.164338
 -0.044512	  0.007566	  0.074431	  0.135995	  0.058482	  0.140797	  0.115716
 -0.049706	  0.012887	  0.091757	  0.127189	  0.066718	  0.084922	  0.083883
 -0.024176	 -0.014449	  0.101513	  0.095545	  0.048346	  0.036965	  0.015876
 -0.034882	 -0.002000	  0.099264	  0.079929	  0.032762	 -0.003231	 -0.058656
 -0.043308	  0.027141	  0.080291	  0.077205	  0.002385	 -0.053119	 -0.105853
 -0.060856	  0.056156	  0.085517	  0.107614	 -0.046300	 -0.079188	 -0.143419
 -0.052779	  0.055395	  0.045638	  0.081070	 -0.121560	 -0.109216	 -0.171515
 -0.021642	  0.029168	  0.073702	  0.055349	 -0.134104	 -0.107031	 -0.189982
 -0.018855	  0.003036	  0.064960	  0.042806	 -0.117981	 -0.110769	 -0.216875
  0.012884	 -0.008557	  0.022103	  0.039765	 -0.155453	 -0.116977	 -0.205250
  0.024826	 -0.020815	 -0.010364	  0.026525	 -0.177879	 -0.105542	 -0.230780
  0.037147	  0.025937	 -0.052967	 -0.031631	 -0.169263	 -0.067849	 -0.199073
 -0.010302	  0.039748	 -0.105263	 -0.051745	 -0.160363	 -0.045581	 -0.160271
 -0.023986	  0.076048	 -0.089742	 -0.089660	 -0.115130	  0.027874	 -0.130939
  0.003888	  0.043042	 -0.050085	 -0.069705	 -0.105691	  0.051504	 -0.096635
 -0.019488	  0.038512	 -0.014640	 -0.056084	 -0.110949	  0.043237	 -0.115070
 -0.072038	  0.041870	 -0.036591	 -0.046297	 -0.112660	  0.047925	 -0.137243
 -0.063960	 -0.001493	 -0.039569	 -0.028527	 -0.100275	  0.052739	 -0.148551
 -0.042326	 -0.031585	 -0.062977	 -0.030111	 -0.080351	  0.006462	 -0.194955
 -0.021009	 -0.001493	 -0.059968	 -0.000526	 -0.075885	 -0.017992	 -0.244749
 -0.003904	  0.011557	 -0.050940	  0.009737	 -0.079844	 -0.074975	 -0.267048
  0.025712	  0.000249	 -0.069217	  0.024973	 -0.132488	 -0.121982	 -0.325046
  0.019979	  0.005253	 -0.085245	 -0.008508	 -0.199450	 -0.173707	 -0.380826
 -0.015339	 -0.031300	 -0.107544	 -0.023047	 -0.257036	 -0.264299	 -0.412185
 -0.043498	 -0.032377	 -0.087367	 -0.029287	 -0.308255	 -0.334048	 -0.423081
 -0.060254	 -0.045649	 -0.080050	 -0.060107	 -0.310092	 -0.344532	 -0.430208
 -0.016669	 -0.039124	 -0.081000	 -0.064700	 -0.349338	 -0.298667	 -0.416936
 -0.027090	 -0.045205	 -0.062375	 -0.094221	 -0.362546	 -0.305318	 -0.411203
 -0.027755	 -0.037002	 -0.090028	 -0.139897	 -0.381805	 -0.323722	 -0.455548
 -0.008085	 -0.029051	 -0.133993	 -0.188360	 -0.373886	 -0.316531	 -0.468091
  0.011965	 -0.019042	 -0.181886	 -0.186935	 -0.363465	 -0.258914	 -0.449846
 -0.006660	 -0.042196	 -0.171496	 -0.194854	 -0.315350	 -0.235918	 -0.390804
 -0.024715	 -0.019327	 -0.164053	 -0.216741	 -0.261248	 -0.226510	 -0.360079
 -0.014864	  0.006932	 -0.160347	 -0.262069	 -0.207432	 -0.209342	 -0.359794
 -0.022276	  0.021788	 -0.156482	 -0.307270	 -0.160553	 -0.207062	 -0.383202
 -0.046507	 -0.006403	 -0.132314	 -0.321460	 -0.166001	 -0.231610	 -0.443480
 -0.028326	 -0.053694	 -0.139156	 -0.291495	 -0.175535	 -0.256950	 -0.490834
 -0.009891	 -0.064876	 -0.126137	 -0.247435	 -0.186051	 -0.231705	 -0.514401
 -0.002384	 -0.059459	 -0.126549	 -0.201664	 -0.164861	 -0.240827	 -0.516966
 -0.036340	 -0.080745	 -0.127816	 -0.154151	 -0.151430	 -0.248081	 -0.509713
 -0.036498	 -0.062880	 -0.123223	 -0.137236	 -0.142054	 -0.231958	 -0.505183
 -0.053127	 -0.086637	 -0.112232	 -0.130553	 -0.172589	 -0.239814	 -0.492418
 -0.047109	 -0.087017	 -0.113151	 -0.093778	 -0.174363	 -0.246624	 -0.490137
 -0.081794	 -0.121543	 -0.093037	 -0.082660	 -0.180698	 -0.246877	 -0.467553
 -0.088255	 -0.098610	 -0.064877	 -0.062546	 -0.186051	 -0.253941	 -0.412470
 -0.076124	 -0.101999	 -0.080873	 -0.075026	 -0.188237	 -0.223501	 -0.368314
 -0.066114	 -0.081410	 -0.117648	 -0.101443	 -0.180413	 -0.224515	 -0.349214
 -0.057815	 -0.084958	 -0.111123	 -0.037016	 -0.169042	 -0.202342	 -0.337114
 -0.045050	 -0.056070	 -0.085403	 -0.043287	 -0.168281	 -0.157236	 -0.386749
 -0.024081	 -0.055912	 -0.081000	 -0.044206	 -0.193590	 -0.127335	 -0.385134
 -0.004379	 -0.039567	 -0.078593	 -0.036382	 -0.159729	 -0.102375	 -0.364513
  0.005662	 -0.005738	 -0.057117	 -0.057636	 -0.132457	 -0.093220	 -0.264292
  0.017794	  0.001801	 -0.038809	 -0.050066	 -0.122131	 -0.080044	 -0.229355
  0.026568	  0.005285	 -0.049515	 -0.043097	 -0.128814	 -0.050110	 -0.213200
  0.028405	 -0.026105	 -0.052936	 -0.062546	 -0.121370	 -0.057586	 -0.213042
  0.001037	 -0.025218	 -0.086987	 -0.082185	 -0.092134	 -0.071111	 -0.162931
 -0.031588	  0.009371	 -0.092023	 -0.063465	 -0.082188	 -0.069939	 -0.098536
 -0.009289	  0.004335	 -0.082901	 -0.070148	 -0.087794	 -0.076052	 -0.106930
 -0.004347	 -0.021607	 -0.096869	 -0.048419	 -0.093749	 -0.043332	 -0.093087
 -0.018095	 -0.012960	 -0.107639	 -0.034197	 -0.064830	 -0.055939	 -0.110034
 -0.060064	  0.009181	 -0.143781	 -0.060297	 -0.079052	 -0.059645	 -0.101165
 -0.060254	 -0.014164	 -0.148374	 -0.073981	 -0.067269	 -0.073994	 -0.091219
 -0.091676	 -0.013688	 -0.156767	 -0.076071	 -0.096885	 -0.098225	 -0.115767
 -0.086450	 -0.046821	 -0.151699	 -0.115539	 -0.101763	 -0.103958	 -0.137560
 -0.092912	  0.008928	 -0.136717	 -0.093525	 -0.113832	 -0.119099	 -0.124319
 -0.089016	  0.037277	 -0.112644	 -0.065682	 -0.137905	 -0.137439	 -0.116020
 -0.138809	  0.024417	 -0.115558	 -0.050319	 -0.165304	 -0.148019	 -0.113645
 -0.119424	  0.024639	 -0.095919	 -0.028527	 -0.163974	 -0.146213	 -0.140030
 -0.132601	  0.007787	 -0.098738	 -0.013639	 -0.205563	 -0.135824	 -0.141392
 -0.118315	  0.008263	 -0.076154	 -0.038346	 -0.178291	 -0.128760	 -0.137179
 -0.098328	 -0.001335	 -0.072479	 -0.058618	 -0.179748	 -0.110262	 -0.106961
 -0.086323	 -0.001810	 -0.091168	 -0.097326	 -0.204043	 -0.090116	 -0.092169
 -0.077232	 -0.009824	 -0.123825	 -0.094982	 -0.238379	 -0.077795	 -0.073227
 -0.053729	  0.003670	 -0.132853	 -0.095425	 -0.206862	 -0.054196	 -0.039873
 -0.037005	 -0.027214	 -0.129558	 -0.110502	 -0.236067	 -0.052074	 -0.065118
 -0.015909	 -0.017046	 -0.131491	 -0.090262	 -0.222098	 -0.059074	 -0.074779
 -0.006280	  0.008263	 -0.134943	 -0.116109	 -0.183581	 -0.034906	 -0.051276
 -0.047553	  0.021661	 -0.124744	 -0.088742	 -0.200685	 -0.047070	 -0.036389
 -0.075395	  0.036992	 -0.103680	 -0.046582	 -0.206545	 -0.029870	  0.022749
 -0.070771	  0.032272	 -0.093544	 -0.049813	 -0.198563	 -0.000253	  0.034691
 -0.057119	 -0.016793	 -0.085403	 -0.062673	 -0.170815	 -0.044187	  0.025378
 -0.085911	 -0.053314	 -0.116920	 -0.059980	 -0.183644	 -0.026132	  0.035198
 -0.089681	 -0.070166	 -0.145428	 -0.050446	 -0.197423	 -0.047386	  0.017301
 -0.073020	 -0.061233	 -0.182076	 -0.089470	 -0.159761	 -0.021603	  0.042515
 -0.047774	 -0.003647	 -0.206466	 -0.106321	 -0.132963	  0.020177	  0.054488
 -0.052874	 -0.009286	 -0.203425	 -0.099226	 -0.072274	  0.030567	  0.075520
 -0.047299	 -0.045586	 -0.179004	 -0.122286	 -0.062739	  0.062210	  0.075995
 -0.069345	 -0.072161	 -0.134658	 -0.109584	 -0.054029	  0.066423	  0.077484
 -0.053032	 -0.090184	 -0.121259	 -0.097389	 -0.033186	  0.056604	  0.060855
 -0.048218	 -0.101683	 -0.101652	 -0.062704	 -0.063151	  0.079315	  0.073430
 -0.078689	 -0.126263	 -0.083851	 -0.054184	 -0.062232	  0.098605	  0.089869
 -0.091676	 -0.126136	 -0.066271	 -0.063940	 -0.062771	  0.129679	  0.103173
 -0.100419	 -0.133421	 -0.050845	 -0.074456	 -0.057513	  0.124991	  0.112454
 -0.110301	 -0.108018	 -0.052777	 -0.066284	 -0.087573	  0.136774	  0.138903
 -0.090346	 -0.097913	 -0.050909	 -0.022223	 -0.048834	  0.127525	  0.146821
 -0.054046	 -0.109950	 -0.046949	  0.003149	  0.007833	  0.141810	  0.151509
 -0.011158	 -0.080745	 -0.058479	  0.005999	  0.020250	  0.158535	  0.155690
 -0.039950	 -0.062342	 -0.044383	 -0.039930	  0.015911	  0.168544	  0.144763
 -0.085880	 -0.028829	 -0.021831	 -0.059854	  0.037640	  0.174848	  0.145238
 -0.062155	 -0.014259	 -0.009446	 -0.058143	  0.031146	  0.139403	  0.167379
 -0.046222	 -0.005738	 -0.012771	 -0.055387	  0.010684	  0.146277	  0.200479
 -0.046032	  0.013647	 -0.029369	 -0.021590	  0.017558	  0.183495	  0.218788
 -0.011063	  0.009593	 -0.012455	  0.013000	  0.039192	  0.162431	  0.227150
 -0.027946	  0.022960	 -0.007070	  0.027792	  0.055821	  0.179061	  0.230951
 -0.056190	 -0.015051	  0.000874	 -0.002632	  0.065609	 -0.018422	  0.079743
 -0.045801	  0.004398	 -0.016959	  0.022740	  0.055568	  0.001121	  0.043158
 -0.052231	  0.025431	  0.022699	  0.034460	  0.025476	  0.011257	  0.000238
 -0.044122	  0.023435	  0.012404	  0.034143	  0.015214	  0.010434	 -0.003690
 -0.027556	  0.022516	  0.018771	  0.046845	  0.028074	 -0.031188	  0.023202
  0.008396	 -0.001430	  0.049749	  0.017893	 -0.007117	 -0.044048	  0.023202
  0.017360	 -0.014860	  0.026056	 -0.012103	 -0.005090	 -0.034007	  0.007111
  0.015206	 -0.017078	  0.028337	 -0.025565	 -0.036354	 -0.053265	  0.016075
  0.019324	  0.020521	  0.039803	 -0.031108	 -0.058146	 -0.022508	 -0.002518
 -0.026669	  0.040096	  0.058808	 -0.030126	 -0.015828	  0.001058	 -0.004165
 -0.022171	  0.008738	  0.025391	 -0.016981	 -0.033693	 -0.007970	 -0.019591
  0.020622	 -0.004661	 -0.013221	 -0.021922	 -0.065590	  0.016357	 -0.039071
  0.026102	  0.003194	 -0.028901	  0.001200	 -0.078482	  0.073689	 -0.050221
  0.011975	  0.016245	 -0.007741	 -0.005990	 -0.043354	  0.035806	 -0.058583
  0.004436	  0.005538	 -0.018986	 -0.017203	 -0.009018	 -0.002806	 -0.050221
  0.021794	 -0.022399	 -0.010877	 -0.028384	 -0.009715	 -0.012372	 -0.032863
  0.009473	 -0.022368	 -0.027697	 -0.002949	 -0.016937	  0.022629	 -0.035999
  0.042288	 -0.017173	 -0.012746	  0.006965	  0.031020	  0.040842	 -0.006288
  0.068610	 -0.019073	 -0.069572	  0.015803	  0.078438	  0.007963	  0.031818
  0.009156	 -0.036020	 -0.076192	  0.014916	  0.079926	  0.005429	  0.078666
  0.006400	 -0.028639	 -0.102292	  0.000757	  0.084076	  0.051137	  0.062385
  0.049415	 -0.026517	 -0.101659	 -0.043493	  0.098995	  0.045118	  0.033560
  0.049415	 -0.038585	 -0.090699	 -0.031932	  0.098773	  0.012461	 -0.005116
  0.041306	 -0.045966	 -0.100645	 -0.027434	  0.097633	 -0.051998	 -0.017754
  0.011753	 -0.027404	 -0.064282	 -0.036335	  0.100294	 -0.059157	  0.002043
  0.008681	  0.013394	 -0.072549	 -0.048910	  0.074795	 -0.002363	  0.043791
 -0.003293	 -0.008050	 -0.041602	 -0.025692	  0.082144	 -0.002585	  0.063303
 -0.016185	 -0.029780	 -0.057092	 -0.008080	  0.112077	 -0.018169	  0.097354
 -0.029235	 -0.050210	 -0.065644	  0.000314	  0.113692	 -0.004200	  0.096245
  0.004373	  0.003923	 -0.068241	 -0.014162	  0.096873	 -0.030301	  0.147496
  0.004816	  0.021344	 -0.044041	 -0.005388	  0.091424	 -0.024251	  0.133147
 -0.010325	  0.003448	  0.021907	 -0.053091	  0.107927	 -0.024852	  0.097481
 -0.011623	  0.028725	  0.062958	 -0.057557	  0.089144	 -0.029604	  0.038406
 -0.028253	  0.060495	  0.064130	 -0.052141	  0.087813	 -0.026278	  0.000079
  0.005418	  0.072120	  0.036889	 -0.054485	  0.089144	 -0.008033	 -0.004007
 -0.015773	  0.058373	  0.021400	 -0.043050	  0.088004	 -0.029794	  0.005496
  0.011595	  0.026919	  0.039265	 -0.019990	  0.090347	 -0.028780	  0.037963
 -0.019986	  0.015389	  0.025359	 -0.024995	  0.059844	 -0.012752	  0.077304
 -0.035475	 -0.009444	  0.002616	 -0.048276	  0.078976	 -0.004707	  0.093490
 -0.046973	 -0.046409	  0.035717	 -0.074599	  0.074637	  0.011289	  0.099033
 -0.035728	 -0.037160	  0.106448	 -0.067820	  0.051640	  0.035742	  0.118101
 -0.026637	 -0.034024	  0.101032	 -0.047928	  0.020630	  0.056490	  0.113097
 -0.010800	 -0.030381	  0.062103	 -0.047706	  0.021105	  0.061526	  0.050728
 -0.029551	 -0.006942	  0.069736	 -0.067408	  0.024780	  0.043946	 -0.012591
 -0.039339	 -0.028386	  0.069293	 -0.085843	 -0.008289	  0.031181	 -0.034130
 -0.074974	 -0.002032	  0.046487	 -0.046978	 -0.003158	  0.075685	 -0.042239
 -0.066865	 -0.048056	  0.023966	 -0.083436	 -0.012566	  0.066911	 -0.017881
 -0.076146	 -0.072763	  0.013449	 -0.048530	 -0.021435	  0.059499	  0.025451
 -0.028855	 -0.080207	  0.002046	 -0.041086	 -0.018552	  0.048349	  0.061118
 -0.029742	 -0.067917	  0.009332	 -0.034814	 -0.012059	  0.091459	  0.059914
 -0.032719	 -0.005104	  0.003472	 -0.077924	 -0.005439	  0.096084	  0.094693
 -0.019035	  0.011208	 -0.000963	 -0.071779	  0.001878	  0.058454	  0.060611
 -0.048652	  0.012982	  0.063528	 -0.070037	  0.023671	  0.054336	  0.019338
 -0.050647	 -0.016761	  0.082280	 -0.049322	  0.039129	  0.043123	 -0.018261
 -0.089196	 -0.048531	  0.053075	 -0.052172	  0.027979	  0.045403	 -0.057792
 -0.110324	 -0.095854	  0.053265	 -0.078811	  0.001498	  0.013000	 -0.056778
 -0.098097	 -0.135575	  0.027703	 -0.041720	 -0.009778	 -0.019309	 -0.038343
 -0.070919	 -0.157178	  0.026119	 -0.015682	  0.017336	 -0.003282	 -0.030994
 -0.042855	 -0.148594	  0.008571	  0.008993	  0.010526	  0.003085	 -0.020731
 -0.018719	 -0.093890	 -0.007488	  0.020174	  0.025033	  0.004352	 -0.007935
 -0.026384	 -0.076691	  0.019024	 -0.001872	  0.037862	  0.015122	  0.048796
 -0.003261	 -0.065351	  0.041355	  0.005793	  0.053477	  0.016009	  0.053452
 -0.029742	 -0.044604	  0.071574	 -0.010266	  0.077361	  0.021298	  0.041510
 -0.023185	  0.009973	  0.038663	 -0.009886	  0.051640	  0.003877	  0.042873
  0.002884	  0.026096	  0.016775	 -0.029398	  0.055061	 -0.025613	  0.026021
 -0.030914	  0.023530	  0.033880	 -0.067820	  0.053763	 -0.032961	 -0.026908
 -0.046118	  0.003575	  0.024472	 -0.067345	  0.055853	 -0.054184	 -0.036189
  0.025880	 -0.005041	 -0.006158	 -0.075992	  0.043056	 -0.065017	 -0.020700
  0.039976	  0.007756	 -0.011733	 -0.065191	  0.051355	 -0.066062	  0.013636
  0.004468	 -0.033897	 -0.008533	 -0.078241	  0.030006	 -0.090610	  0.016297
 -0.013144	 -0.009507	  0.024567	 -0.081060	  0.082492	 -0.081963	  0.047529
 -0.023818	  0.003796	  0.009332	 -0.090214	  0.088700	 -0.028717	  0.023931
 -0.043615	  0.002593	  0.009617	 -0.081789	  0.082492	  0.006664	 -0.004862
 -0.067910	 -0.018820	  0.064130	 -0.047326	  0.092058	  0.011036	 -0.017152
 -0.094866	 -0.028164	  0.056021	 -0.004469	  0.096999	  0.004130	 -0.059439
 -0.054797	 -0.060220	  0.052663	  0.016088	  0.082112	 -0.007178	 -0.102866
 -0.055208	 -0.087840	  0.016490	  0.023848	  0.084741	 -0.010725	 -0.078571
 -0.074879	 -0.054138	  0.009237	  0.033794	  0.067636	 -0.031441	 -0.059819
 -0.084191	  0.002909	  0.020386	  0.016468	  0.072483	 -0.049337	 -0.026180
 -0.096038	  0.002276	  0.001476	  0.008011	  0.077202	 -0.086017	  0.022379
 -0.088689	 -0.019137	 -0.038213	  0.005793	  0.056835	 -0.069610	  0.046452
 -0.079187	 -0.049957	 -0.010719	  0.000599	  0.065356	 -0.052758	  0.065932
 -0.059580	 -0.025408	  0.020956	 -0.002632	  0.078976	 -0.065524	  0.063366
 -0.027112	 -0.040803	  0.012119	 -0.029651	  0.094750	 -0.054310	  0.067484
 -0.004813	 -0.079605	  0.035210	 -0.056322	  0.101972	 -0.050034	  0.048796
  0.005766	 -0.094714	  0.022318	 -0.026737	  0.075080	 -0.080918	  0.036252
  0.002599	 -0.080428	  0.044079	 -0.024805	  0.041472	 -0.106290	  0.058077
  0.053153	 -0.024395	  0.078289	 -0.002284	  0.036911	 -0.086746	  0.087535
  0.056035	 -0.023128	  0.089660	  0.007789	  0.063582	 -0.065555	  0.151392
  0.045361	 -0.031712	  0.067171	  0.002531	  0.063677	 -0.041324	  0.168814
  0.066171	 -0.034404	  0.069768	  0.023056	  0.059052	 -0.022223	  0.170777
  0.060660	 -0.040296	  0.057795	  0.016816	  0.026237	 -0.015793	  0.208851
  0.031392	 -0.002349	  0.045473	  0.001010	  0.025318	 -0.022350	  0.196308
  0.042953	 -0.013847	  0.000526	  0.002214	  0.018571	  0.005366	  0.163112
  0.034971	  0.013172	  0.017314	  0.007219	  0.017843	  0.011384	  0.131088
  0.038836	  0.006204	 -0.014267	 -0.034529	  0.008847	  0.026557	  0.081485
  0.022903	  0.000534	 -0.005112	 -0.041118	  0.012901	 -0.024852	  0.021017
  0.011848	  0.002529	 -0.007900	 -0.033294	  0.049360	  0.001533	 -0.006193
  0.027432	 -0.004439	 -0.000076	 -0.036620	  0.084361	 -0.017472	  0.012243
 -0.004085	 -0.022843	 -0.021805	 -0.044602	  0.092090	 -0.042907	  0.018324
 -0.021221	 -0.044857	 -0.032512	 -0.080173	  0.106914	 -0.033088	  0.056588
 -0.044724	 -0.043432	 -0.032797	 -0.058159	  0.102511	  0.000963	  0.092191
 -0.052928	 -0.018123	 -0.028552	 -0.049132	  0.084583	  0.010402	  0.096974
 -0.042443	 -0.010236	 -0.006031	 -0.052964	  0.066623	  0.002103	  0.110531
 -0.039086	  0.024544	  0.037237	 -0.068675	  0.112457	 -0.027545	  0.088802
 -0.035475	  0.017575	  0.034703	 -0.091386	  0.139444	 -0.055292	  0.074421
 -0.009691	  0.007851	  0.030807	 -0.090278	  0.113851	 -0.081868	 -0.006984
 -0.041715	 -0.012738	  0.015382	 -0.064241	  0.107706	 -0.122127	 -0.007048
 -0.041493	 -0.010901	 -0.000361	 -0.069024	  0.084899	 -0.107493	  0.003437
 -0.021189	  0.022611	 -0.010529	 -0.094015	  0.088099	 -0.075216	  0.005052
 -0.039244	  0.004430	 -0.027792	 -0.083943	  0.116353	 -0.093651	  0.007111
 -0.017895	 -0.016381	 -0.055033	 -0.060408	  0.106597	 -0.073506	  0.058900
  0.021889	 -0.061455	 -0.051073	 -0.068739	  0.109321	 -0.075438	  0.079838
  0.059646	 -0.062405	 -0.043630	 -0.055498	  0.100294	 -0.066094	  0.108789
  0.040008	 -0.067220	 -0.016104	 -0.074567	  0.076252	 -0.119973	  0.111386
  0.007224	 -0.085401	 -0.008470	 -0.075517	  0.052686	 -0.129856	  0.115789
  0.014160	 -0.049735	  0.016363	 -0.072603	  0.029626	 -0.110819	  0.106065
  0.048053	 -0.041784	  0.025613	 -0.089581	  0.022499	 -0.140024	  0.120287
  0.054895	 -0.048500	  0.065619	 -0.055625	  0.005236	 -0.102330	  0.086870
  0.026545	 -0.052206	  0.063306	 -0.066585	  0.035454	 -0.067392	  0.098019
  0.037093	 -0.038775	  0.058840	 -0.038964	  0.064215	 -0.061627	  0.101155
  0.044442	 -0.049418	  0.080411	 -0.026896	  0.037893	 -0.036509	  0.070778
  0.055845	 -0.048848	  0.071352	 -0.018438	 -0.007149	 -0.017029	  0.062416
  0.066108	 -0.045617	  0.056148	 -0.001017	 -0.022860	 -0.054469	  0.091779
  0.063384	 -0.051097	  0.042052	 -0.012863	  0.007675	 -0.031694	  0.084874
  0.072285	 -0.050400	  0.017821	  0.020111	  0.035866	 -0.032264	  0.096087
  0.048496	 -0.033327	 -0.030706	  0.044532	  0.029753	 -0.035685	  0.089847
  0.005576	 -0.007290	 -0.055254	  0.038451	  0.030798	 -0.030016	  0.090449
  0.019482	  0.026729	 -0.037675	  0.031799	  0.014675	 -0.043763	  0.111988
  0.017201	  0.043897	 -0.014647	  0.002341	 -0.003095	 -0.039740	  0.112685
 -0.014189	 -0.007385	 -0.041412	  0.000789	  0.007865	 -0.034735	  0.148763
 -0.003768	  0.007186	 -0.007393	  0.039781	 -0.007783	 -0.042052	  0.146578
 -0.004940	  0.046716	 -0.015945	  0.030310	  0.011983	 -0.053899	  0.147464
  0.008776	  0.053875	 -0.030104	  0.009436	  0.012901	 -0.039455	  0.136505
 -0.002026	  0.053780	 -0.014552	 -0.007447	  0.013218	 -0.027703	  0.141224
 -0.034651	  0.036739	  0.018454	 -0.004058	  0.023449	 -0.027070	  0.085634
 -0.047163	  0.005824	  0.034989	 -0.015904	  0.001562	 -0.043478	  0.056144
 -0.022931	 -0.006055	  0.082280	 -0.011596	  0.004856	 -0.048831	  0.068118
  0.023410	  0.006710	  0.105783	 -0.052204	 -0.003190	 -0.012943	  0.098209
  0.030537	  0.021028	  0.104009	 -0.051856	  0.004634	  0.000203	  0.083005
 -0.001646	  0.029992	  0.120860	 -0.034244	 -0.009208	 -0.015762	  0.072236
 -0.015076	  0.004968	  0.118738	 -0.040928	 -0.016620	 -0.003250	  0.092381
 -0.006365	  0.029137	  0.087665	 -0.019864	  0.008435	 -0.014463	  0.077779
 -0.010926	  0.021883	  0.046803	 -0.047199	  0.027567	 -0.018834	  0.057855
 -0.030280	  0.039748	  0.067931	 -0.066268	 -0.003285	 -0.016839	  0.072711
 -0.008868	  0.061065	  0.089597	 -0.061200	 -0.008891	 -0.045410	  0.037963
 -0.018243	  0.036010	  0.062514	 -0.036461	 -0.050639	 -0.050509	  0.045438
 -0.020302	  0.021534	  0.054501	 -0.000573	 -0.011077	 -0.050509	  0.044900
 -0.041842	 -0.017109	  0.059505	  0.001010	  0.024716	 -0.058967	  0.048289
 -0.040289	 -0.049672	  0.047627	  0.001771	  0.035042	 -0.058112	  0.051742
 -0.002881	 -0.038775	  0.055134	 -0.006940	  0.058229	 -0.043287	  0.082372
  0.013210	 -0.075835	  0.063211	 -0.012357	  0.025540	 -0.049084	  0.101187
  0.049542	 -0.069944	  0.068184	  0.040320	  0.002353	 -0.056686	  0.087535
  0.048782	 -0.043590	  0.047754	  0.035156	  0.026458	 -0.074709	  0.119875
  0.049764	 -0.034372	  0.031188	  0.046179	  0.025667	 -0.035907	  0.144645
  0.076181	 -0.037983	  0.041735	  0.027174	  0.026522	 -0.017979	  0.155890
  0.101078	 -0.039187	  0.021146	 -0.011976	  0.057342	  0.002167	  0.155066
  0.128983	 -0.023476	  0.046170	 -0.019325	  0.047396	 -0.007019	  0.119749
  0.134748	 -0.028322	  0.046265	 -0.025692	  0.039319	 -0.033563	  0.131944
  0.122712	 -0.062722	  0.065080	 -0.015968	  0.020535	 -0.009427	  0.107965
  0.120463	 -0.093130	  0.029414	 -0.032724	  0.012141	  0.005809	  0.124056
  0.142604	 -0.094714	  0.034418	 -0.042511	  0.019870	 -0.023079	  0.138595
  0.167342	 -0.078433	  0.062483	 -0.019262	  0.046002	 -0.002015	  0.133084
  0.169623	 -0.076121	  0.065207	 -0.004184	  0.051925	  0.020475	  0.141795
  0.173867	 -0.067822	  0.074678	  0.015264	  0.064120	  0.014362	  0.133432
  0.188185	 -0.037793	  0.091307	  0.027206	  0.048663	  0.029344	  0.122124
  0.177352	 -0.039219	  0.101570	  0.012160	  0.030386	  0.046797	  0.128681
  0.131486	 -0.071052	  0.053645	  0.016658	  0.038812	  0.048919	  0.122694
  0.121730	 -0.056514	  0.067709	  0.014156	  0.010716	  0.035109	  0.136473
  0.092367	 -0.045839	  0.088203	 -0.003963	 -0.008258	  0.075432	  0.141604
  0.097371	 -0.051002	  0.085954	 -0.010551	 -0.046712	  0.081735	  0.135650
  0.080647	 -0.030001	  0.084972	 -0.018026	 -0.032109	  0.065422	  0.125799
  0.056605	 -0.028037	  0.077624	 -0.009791	 -0.041232	  0.071726	  0.093933
  0.059646	  0.014724	  0.092416	 -0.010203	 -0.044304	  0.084839	  0.080249
  0.052963	  0.033761	  0.075501	 -0.003076	 -0.025743	  0.102672	  0.086901
  0.053089	  0.047888	  0.044143	  0.018115	  0.001783	  0.096084	  0.058805
  0.046881	  0.026951	  0.057890	  0.020586	  0.020092	  0.087120	  0.056240
  0.052012	  0.014154	  0.100303	 -0.025090	 -0.008511	  0.058295	  0.034479
  0.010169	 -0.006910	  0.099258	 -0.047199	  0.005014	  0.064472	  0.030709
 -0.005637	 -0.012580	  0.092036	 -0.003741	  0.001403	  0.043883	  0.024374
 -0.025054	 -0.031617	  0.090515	  0.017798	  0.012775	  0.040715	  0.042524
 -0.023628	 -0.048753	  0.072746	 -0.014130	 -0.017190	  0.028014	  0.073186
  0.014509	 -0.020119	  0.049211	  0.003038	  0.007105	  0.036598	  0.111418
  0.042573	 -0.015842	  0.046487	 -0.026357	  0.006598	  0.043915	  0.148446
  0.054483	 -0.069405	  0.042654	 -0.026896	  0.025001	  0.012398	  0.131247
  0.047768	 -0.053283	  0.018993	 -0.024171	  0.064089	  0.010149	  0.126812
  0.047420	 -0.021892	  0.006132	 -0.022968	  0.085945	 -0.010250	  0.130296
  0.057841	 -0.011313	  0.033975	 -0.014067	  0.101117	 -0.032138	  0.148826
  0.026672	 -0.017046	  0.009712	 -0.023633	  0.104285	 -0.023934	  0.123771
  0.014097	 -0.004091	  0.030459	 -0.019642	  0.100864	  0.044390	  0.127256
  0.014319	  0.004303	  0.059569	 -0.015556	  0.079673	  0.033177	  0.135555
  0.018088	 -0.016983	  0.068564	 -0.057082	  0.104538	  0.051580	  0.129631
  0.023853	  0.016023	  0.067773	 -0.034022	  0.091203	  0.073056	  0.104924
  0.054546	 -0.026232	  0.076642	 -0.066395	  0.071057	  0.065295	  0.077810
  0.083466	 -0.025725	  0.029825	 -0.044159	  0.043690	  0.081070	  0.066851
  0.054705	 -0.046061	  0.014019	 -0.037190	  0.019458	  0.093898	  0.078792
  0.038550	 -0.037097	  0.038346	 -0.043557	  0.009100	  0.097351	  0.082625
  0.030347	 -0.031933	  0.061818	  0.005572	  0.002322	  0.118383	  0.063335
  0.041433	 -0.025440	  0.067171	  0.014219	 -0.008638	  0.070965	  0.062733
  0.030473	 -0.046979	  0.053804	  0.054605	  0.011919	  0.072327	  0.052755
  0.042320	 -0.037920	  0.049718	  0.081846	  0.005996	  0.122659	  0.059787
  0.035731	 -0.059016	  0.044808	  0.080389	 -0.011109	  0.149457	  0.069765
  0.019640	 -0.079225	  0.026468	  0.040858	  0.018381	  0.126524	  0.082530
  0.022554	 -0.053093	  0.019341	  0.004907	  0.024811	  0.116388	  0.118006
 -0.002532	 -0.007670	  0.003345	 -0.009632	  0.057849	  0.104700	  0.131817
  0.004183	  0.022611	 -0.011479	 -0.032882	  0.057088	  0.087405	  0.127952
 -0.003008	  0.027458	 -0.023991	 -0.033769	  0.024685	  0.065295	  0.115884
 -0.000030	  0.021186	 -0.032670	 -0.025058	  0.040142	  0.048476	  0.107237
  0.027939	  0.010226	 -0.039924	 -0.038109	  0.011033	  0.057060	  0.080725
  0.057366	  0.024068	 -0.021203	 -0.080332	 -0.014815	  0.037453	  0.042682
  0.028541	  0.026412	  0.003567	 -0.050525	 -0.029290	  0.018859	  0.034067
  0.022586	  0.004176	  0.038790	 -0.049765	 -0.017222	  0.039607	  0.066502
  0.038645	 -0.066713	  0.038790	 -0.060376	 -0.015353	  0.037104	  0.089879
