:RUN-4	LEVEL SWEEP	TEMP:NaN	8/27/2019	2:25 PM	HR:-636.36:SW EAR: R	SW FREQ: 8.00	# AVERAGES: 512	REP RATE (/sec): 80	DRIVER: 	SAMPLE (µsec): 40	MASKER dB: 2147483647:NOTES-:CHAMBER-SEWELL-PXI1:CFTS Version: V2.7.2 (R850):LEVELS:20;30;40;50;60;70;80;:DATA  0.017935	  0.060090	 -0.061626	  0.043392	 -0.016283	  0.055180	  0.013969
  0.013310	  0.026641	 -0.089944	  0.036804	 -0.010961	  0.048148	  0.032594
  0.015622	  0.016694	 -0.067327	  0.069968	 -0.004183	  0.050999	  0.040228
  0.027627	  0.028509	 -0.070717	  0.033858	  0.012415	 -0.004560	  0.038612
  0.002065	  0.047229	 -0.055037	  0.020364	  0.021854	  0.025880	  0.009883
 -0.018460	  0.079063	  0.002548	  0.002151	  0.043932	  0.006432	 -0.005860
 -0.035248	  0.015871	  0.010784	 -0.026800	  0.017863	 -0.013999	 -0.020145
 -0.057294	 -0.037122	  0.034350	 -0.033421	 -0.009726	 -0.037819	 -0.002091
 -0.054000	 -0.051312	  0.027065	 -0.022461	 -0.026767	 -0.019320	  0.001457
 -0.046430	 -0.051629	  0.049428	 -0.031615	 -0.042827	 -0.006967	 -0.008774
 -0.032429	 -0.029393	  0.041446	 -0.050367	 -0.008554	 -0.019669	 -0.015806
 -0.040823	 -0.054353	  0.051043	 -0.063164	  0.020492	 -0.009659	 -0.027272
 -0.037339	 -0.059010	  0.069827	 -0.028796	  0.032814	 -0.015931	 -0.066360
 -0.005537	 -0.013936	  0.038341	 -0.008556	  0.006207	 -0.036837	 -0.061260
 -0.001767	  0.011436	  0.023992	  0.031039	  0.001741	 -0.075702	 -0.075134
  0.048755	  0.025849	 -0.005846	  0.007757	  0.005510	 -0.022520	 -0.066328
  0.059873	  0.002884	  0.000236	  0.014219	 -0.009631	  0.013337	 -0.014634
  0.043306	  0.000350	  0.017246	  0.009373	 -0.018627	  0.024170	  0.025847
  0.043116	 -0.012890	  0.005019	 -0.010519	  0.003704	  0.027622	  0.080044
  0.057719	 -0.004971	 -0.020828	  0.006775	 -0.018975	  0.011215	  0.121031
  0.091833	  0.006843	 -0.030362	 -0.000003	 -0.052424	  0.012735	  0.168703
  0.081380	 -0.025940	 -0.047625	  0.012065	 -0.075959	  0.010676	  0.196894
  0.058257	  0.024993	 -0.029982	  0.034048	 -0.087045	  0.008617	  0.215614
  0.033550	  0.021414	  0.032672	  0.016468	 -0.078335	  0.030378	  0.238230
  0.024871	 -0.022710	  0.027413	  0.028600	 -0.045551	  0.046438	  0.246592
  0.072258	 -0.042222	 -0.005814	  0.006142	 -0.047768	  0.063447	  0.241144
  0.065606	 -0.039022	 -0.004484	  0.007852	 -0.026545	  0.045804	  0.252484
  0.033709	 -0.038104	  0.010372	  0.015549	 -0.016251	  0.071303	  0.244470
  0.014355	 -0.035380	  0.011956	 -0.015777	 -0.015111	  0.090656	  0.246656
  0.011885	 -0.053371	  0.011227	 -0.033832	 -0.013305	  0.116979	  0.217071
 -0.015356	 -0.082734	  0.024563	 -0.048308	 -0.020020	  0.131201	  0.214315
 -0.023402	 -0.059136	  0.018418	 -0.046471	  0.001994	  0.159899	  0.221949
 -0.002623	 -0.020777	  0.003942	  0.023912	  0.025719	  0.157396	  0.262652
  0.001939	 -0.003483	  0.016422	  0.051057	  0.045452	  0.180171	  0.292585
  0.018093	  0.011088	 -0.000302	  0.003386	  0.036235	  0.190275	  0.332844
  0.044922	  0.050397	  0.018133	 -0.001080	  0.060878	  0.212068	  0.392869
  0.066493	  0.024106	  0.013381	 -0.004153	  0.101549	  0.242476	  0.440572
  0.062945	 -0.006555	  0.041160	  0.002182	  0.153972	  0.256382	  0.466831
  0.061963	 -0.024167	  0.072582	  0.046623	  0.180484	  0.276147	  0.454762
  0.074570	 -0.036742	  0.093013	  0.063823	  0.171299	  0.344376	  0.424132
  0.080557	 -0.052643	  0.110624	  0.105539	  0.172787	  0.311750	  0.332813
  0.042230	 -0.060847	  0.082338	  0.106901	  0.212445	  0.293442	  0.243393
  0.037668	 -0.049539	  0.071220	  0.174496	  0.225622	  0.248589	  0.110737
  0.076407	 -0.049792	  0.102009	  0.196035	  0.173611	  0.150048	  0.037187
  0.089711	 -0.046276	  0.105335	  0.187356	  0.122392	  0.076497	 -0.064871
  0.093068	 -0.051883	  0.116833	  0.189352	  0.059580	 -0.005447	 -0.172092
  0.107037	 -0.022139	  0.104511	  0.143771	 -0.008047	 -0.122835	 -0.232719
  0.103965	 -0.004433	  0.111701	  0.125558	 -0.075896	 -0.195087	 -0.288024
  0.121608	 -0.032117	  0.082180	  0.122454	 -0.150681	 -0.227459	 -0.306839
  0.059398	 -0.021506	  0.117340	  0.090715	 -0.185112	 -0.254890	 -0.316912
  0.050909	 -0.006112	  0.075338	  0.011495	 -0.216882	 -0.281339	 -0.303608
  0.074855	 -0.023185	  0.074641	 -0.054010	 -0.215330	 -0.278836	 -0.275639
  0.058352	 -0.031737	  0.074388	 -0.109030	 -0.209724	 -0.265564	 -0.221664
  0.040456	  0.027496	  0.010530	 -0.164873	 -0.235824	 -0.248491	 -0.199840
  0.002034	  0.043935	 -0.001633	 -0.143144	 -0.260816	 -0.233255	 -0.146213
 -0.013741	  0.026102	 -0.055608	 -0.157461	 -0.187266	 -0.180263	 -0.076939
 -0.013646	  0.029491	 -0.108189	 -0.159298	 -0.161989	 -0.090970	 -0.010833
  0.035419	  0.027432	 -0.132389	 -0.153375	 -0.153912	  0.009377	  0.077224
  0.051099	 -0.031167	 -0.150063	 -0.188693	 -0.116282	  0.065253	  0.144915
  0.074570	 -0.067023	 -0.152851	 -0.222586	 -0.027781	  0.128635	  0.231895
  0.075362	 -0.033479	 -0.128588	 -0.185399	  0.023121	  0.170636	  0.287739
  0.055438	 -0.008931	 -0.124850	 -0.140673	  0.052484	  0.187013	  0.267751
  0.037225	  0.010740	 -0.122854	 -0.093984	  0.034334	  0.200316	  0.289797
  0.040456	 -0.012954	 -0.118230	 -0.050272	  0.061068	  0.162718	  0.251692
  0.043243	 -0.032592	 -0.068088	 -0.010044	  0.057679	  0.110105	  0.232972
  0.051225	 -0.031990	 -0.005054	  0.002974	  0.054543	  0.095313	  0.204211
  0.029179	 -0.077476	  0.021363	 -0.004628	  0.087992	  0.094394	  0.140227
  0.022432	 -0.102721	  0.072804	  0.025147	  0.027081	  0.087204	  0.065473
  0.009572	 -0.103323	  0.089307	  0.086502	  0.021126	  0.046279	  0.012607
 -0.033665	 -0.114663	  0.100425	  0.083303	  0.004465	 -0.010768	 -0.028508
 -0.059860	 -0.113554	  0.089845	  0.053211	 -0.013464	 -0.011528	 -0.070668
 -0.055425	 -0.083906	  0.046260	  0.053813	 -0.039279	 -0.031325	 -0.025625
 -0.023877	 -0.033131	  0.067926	  0.038482	 -0.093064	 -0.034208	 -0.016439
 -0.028850	 -0.050204	  0.057347	  0.017070	 -0.111752	 -0.029963	  0.020462
 -0.042090	 -0.079218	  0.053704	 -0.002189	 -0.121413	 -0.012890	  0.060405
 -0.045004	 -0.045294	  0.087311	 -0.011058	 -0.085557	  0.001617	  0.091352
 -0.014121	 -0.069779	  0.094058	 -0.072888	 -0.040958	  0.025374	  0.128728
 -0.003890	 -0.090431	  0.049174	 -0.111405	  0.012700	  0.053881	  0.174499
 -0.018175	 -0.053878	  0.000078	 -0.119419	  0.042633	  0.051632	  0.195753
 -0.002338	 -0.043964	 -0.054056	 -0.135162	  0.056856	  0.117929	  0.206555
  0.000481	 -0.027746	 -0.036856	 -0.100097	  0.083970	  0.146468	  0.158313
  0.034342	 -0.019352	 -0.064065	 -0.040833	  0.148524	  0.136491	  0.123565
  0.041501	  0.008174	 -0.099573	  0.004843	  0.150900	  0.113938	  0.082419
  0.037732	  0.012545	 -0.113732	  0.018527	  0.122265	  0.075294	  0.028064
  0.003554	  0.036903	 -0.061024	  0.047066	  0.130912	  0.033102	 -0.039372
  0.014134	  0.015618	 -0.059060	  0.050456	  0.116183	  0.013685	 -0.071745
  0.023953	  0.020115	 -0.073663	  0.045071	  0.098509	  0.009314	 -0.124231
  0.046791	  0.057080	 -0.037489	  0.034428	  0.035158	 -0.004021	 -0.140195
  0.044415	  0.017075	 -0.008285	  0.023690	 -0.036713	 -0.055145	 -0.136742
  0.031143	 -0.004908	  0.008915	  0.016626	 -0.081819	 -0.114853	 -0.161576
  0.029243	  0.005133	  0.001250	  0.006712	 -0.126481	 -0.168764	 -0.161449
  0.001685	 -0.005763	  0.056238	 -0.032154	 -0.138391	 -0.166706	 -0.157965
  0.013912	 -0.000537	  0.013381	 -0.039312	 -0.162274	 -0.136076	 -0.136014
  0.012835	  0.005640	 -0.018959	 -0.081725	 -0.211466	 -0.141935	 -0.162906
 -0.008451	  0.039406	 -0.044046	 -0.080237	 -0.234842	 -0.137976	 -0.161766
  0.008084	  0.022459	 -0.038820	 -0.095187	 -0.238073	 -0.127143	 -0.158060
  0.027691	  0.007984	 -0.016584	 -0.112260	 -0.242761	 -0.102848	 -0.167309
  0.057655	  0.003454	 -0.027670	 -0.102378	 -0.195850	 -0.055652	 -0.126796
  0.054044	 -0.001646	 -0.033277	 -0.111975	 -0.155527	 -0.010071	 -0.062685
  0.043021	  0.005196	 -0.048037	 -0.105387	 -0.146120	 -0.017515	 -0.057206
  0.027976	  0.017708	 -0.022475	 -0.103740	 -0.110929	 -0.024262	 -0.005607
  0.023446	 -0.008456	 -0.005782	 -0.073490	 -0.026070	 -0.040733	  0.017295
  0.013532	 -0.008392	  0.007616	 -0.048276	  0.015994	 -0.061100	  0.048495
  0.000640	 -0.043900	 -0.005054	 -0.042005	  0.041968	 -0.024198	  0.092017
  0.018790	 -0.055145	 -0.055639	 -0.002315	  0.043109	 -0.004433	  0.123312
  0.018536	 -0.030882	 -0.046485	  0.034333	  0.086409	  0.025088	  0.138865
  0.001685	 -0.027746	  0.019400	  0.041301	  0.099934	  0.052836	  0.149064
 -0.004302	 -0.019447	  0.052659	  0.110639	  0.126034	  0.077543	  0.152738
 -0.001958	 -0.015424	  0.050916	  0.140540	  0.135379	  0.073077	  0.143394
  0.008179	 -0.020936	  0.065329	  0.116055	  0.142411	  0.085430	  0.151946
  0.012296	 -0.045579	  0.078157	  0.092520	  0.119066	  0.085240	  0.166612
  0.038745	 -0.056919	  0.088768	  0.098919	  0.094454	  0.126830	  0.167246
  0.041628	 -0.061449	  0.059532	  0.079597	  0.082164	  0.116377	  0.185079
  0.043687	 -0.046403	  0.058360	  0.079597	  0.085078	  0.096073	  0.183368
  0.034881	 -0.028475	  0.109706	  0.080706	  0.067087	  0.054673	  0.154290
  0.009034	 -0.001677	  0.114711	  0.087769	  0.018433	  0.038012	  0.130407
 -0.001641	  0.004309	  0.100267	  0.032812	  0.015868	  0.002789	  0.075672
 -0.002844	 -0.032086	  0.104004	 -0.010424	  0.018940	 -0.050140	  0.043744
  0.021514	 -0.035031	  0.104923	  0.018685	 -0.022333	 -0.078522	  0.016344
  0.020469	 -0.029963	  0.076098	  0.027238	 -0.028098	 -0.112002	  0.003453
  0.034691	 -0.023501	  0.069352	  0.020808	 -0.063067	 -0.142696	 -0.051916
  0.007703	  0.005798	  0.097638	  0.022201	 -0.098385	 -0.163823	 -0.103578
 -0.001292	  0.039279	  0.148698	  0.034650	 -0.109186	 -0.124102	 -0.135159
  0.000576	  0.036206	  0.140938	  0.014472	 -0.128382	 -0.118781	 -0.172029
 -0.014723	  0.016821	  0.141856	  0.020491	 -0.119924	 -0.136962	 -0.172504
 -0.018809	  0.009061	  0.117023	 -0.003773	 -0.158093	 -0.202689	 -0.155304
 -0.000057	  0.016473	  0.097004	 -0.027022	 -0.131613	 -0.205666	 -0.171427
  0.004631	  0.013052	  0.069066	 -0.037348	 -0.129839	 -0.183367	 -0.197115
 -0.007976	  0.022998	  0.034857	 -0.019895	 -0.109123	 -0.195879	 -0.198763
 -0.009813	  0.004436	  0.023612	 -0.036113	 -0.084923	 -0.191191	 -0.199396
  0.033265	 -0.003609	  0.014363	 -0.039692	 -0.073362	 -0.177158	 -0.182165
  0.040487	 -0.005605	 -0.010565	 -0.062087	 -0.072095	 -0.136139	 -0.184699
  0.043687	 -0.020112	 -0.006289	 -0.060250	 -0.077828	 -0.096101	 -0.138865
  0.026709	 -0.036267	  0.006856	 -0.067852	 -0.068547	 -0.096576	 -0.130154
 -0.021786	 -0.052199	  0.023992	 -0.045299	 -0.020210	 -0.062969	 -0.128475
  0.002667	 -0.046466	  0.029472	 -0.033009	  0.005700	 -0.070729	 -0.116502
 -0.000184	 -0.079408	  0.043695	 -0.050462	  0.018687	 -0.041240	 -0.113809
  0.026804	 -0.078743	  0.066913	 -0.065761	 -0.003106	 -0.040384	 -0.077795
  0.003364	 -0.079345	  0.101565	 -0.058096	 -0.015047	 -0.013144	 -0.042730
  0.011156	 -0.054100	  0.089465	 -0.067598	  0.012574	 -0.048145	 -0.002249
  0.006405	 -0.054290	  0.090416	 -0.058476	  0.040796	 -0.049063	  0.007222
  0.028768	 -0.071014	  0.061591	 -0.032660	  0.057679	 -0.054733	 -0.009534
  0.038048	 -0.056539	  0.042523	 -0.041846	  0.085712	 -0.060498	  0.010421
  0.020469	 -0.044724	  0.009549	 -0.009442	  0.080802	 -0.040036	 -0.025562
 -0.000722	 -0.047701	 -0.020923	  0.004051	  0.044534	 -0.092712	 -0.048495
  0.000925	 -0.064268	 -0.016330	 -0.010488	  0.001075	 -0.110197	 -0.058726
  0.011093	 -0.067403	 -0.001950	 -0.018058	 -0.025278	 -0.143868	 -0.055400
  0.029306	 -0.050552	  0.028364	 -0.023189	 -0.050429	 -0.164393	 -0.055242
  0.045175	 -0.030977	  0.032101	 -0.032439	 -0.095503	 -0.176525	 -0.087075
  0.056072	 -0.020809	  0.032513	 -0.069245	 -0.112797	 -0.185742	 -0.113904
  0.041026	 -0.011972	  0.018386	 -0.088631	 -0.120399	 -0.203291	 -0.126353
  0.010111	 -0.026162	  0.066184	 -0.065888	 -0.109345	 -0.186091	 -0.189513
  0.012676	 -0.047258	  0.036663	 -0.069689	 -0.116345	 -0.210291	 -0.234271
 -0.019791	 -0.047828	  0.023929	 -0.057557	 -0.093824	 -0.239812	 -0.244312
 -0.030719	 -0.066738	  0.033400	 -0.037887	 -0.098639	 -0.258089	 -0.300630
 -0.039873	 -0.071775	  0.042776	 -0.067662	 -0.129110	 -0.267148	 -0.314441
 -0.024732	 -0.069399	  0.049871	 -0.095061	 -0.119006	 -0.264867	 -0.335093
 -0.012347	 -0.056159	  0.062826	 -0.084101	 -0.127115	 -0.265406	 -0.371646
 -0.023687	 -0.073327	  0.049206	 -0.078273	 -0.124359	 -0.294515	 -0.360148
 -0.067177	 -0.079884	  0.026178	 -0.074060	 -0.127400	 -0.307281	 -0.296069
 -0.034520	 -0.070096	  0.022599	 -0.037000	 -0.133450	 -0.310987	 -0.260054
 -0.036262	 -0.029551	  0.002073	 -0.021669	 -0.143269	 -0.304810	 -0.244502
 -0.020994	  0.007192	  0.037201	 -0.021067	 -0.193379	 -0.291475	 -0.194708
 -0.024257	  0.036967	  0.040622	 -0.041276	 -0.119101	 -0.268162	 -0.176812
 -0.037877	  0.047610	  0.016961	 -0.034244	 -0.147957	 -0.254953	 -0.157173
 -0.044624	  0.036206	  0.000268	 -0.056544	 -0.185017	 -0.232780	 -0.164522
 -0.041900	  0.014002	 -0.007461	 -0.047199	 -0.150903	 -0.218400	 -0.153118
 -0.040158	  0.011975	 -0.010058	 -0.023760	 -0.145676	 -0.248238	 -0.116629
 -0.056249	 -0.011338	 -0.018864	 -0.036113	 -0.153944	 -0.258944	 -0.084700
 -0.059575	 -0.025497	  0.024024	 -0.060725	 -0.139563	 -0.247984	 -0.066455
 -0.071643	 -0.023818	  0.026336	 -0.084260	 -0.176718	 -0.194485	 -0.078935
 -0.050769	 -0.015614	  0.048446	 -0.089993	 -0.106336	 -0.163031	 -0.103325
 -0.041488	 -0.037375	  0.005494	 -0.117170	 -0.061673	 -0.138958	 -0.062844
 -0.030465	 -0.082291	 -0.013099	 -0.102821	 -0.064619	 -0.115550	 -0.069654
 -0.049977	 -0.105572	 -0.057033	 -0.069309	 -0.102788	 -0.113364	 -0.107189
 -0.063851	 -0.110324	 -0.077844	 -0.061833	 -0.089548	 -0.099744	 -0.081311
 -0.056186	 -0.110197	 -0.064065	 -0.067915	 -0.049668	 -0.079947	 -0.054545
 -0.042629	 -0.126288	 -0.057128	 -0.053851	 -0.049447	 -0.071268	 -0.082039
 -0.018809	 -0.123944	 -0.070843	 -0.035860	 -0.086348	 -0.097843	 -0.068609
  0.010649	 -0.139908	 -0.047119	 -0.017456	 -0.071049	 -0.094296	 -0.050047
  0.027754	 -0.164868	 -0.009647	  0.005350	 -0.042827	 -0.072598	 -0.028539
  0.046632	 -0.167497	  0.011607	  0.013237	 -0.050935	 -0.071300	 -0.040386
  0.064941	 -0.144660	 -0.014778	 -0.013338	 -0.031550	 -0.046276	 -0.049192
  0.085625	 -0.120206	 -0.054594	 -0.022429	 -0.013590	 -0.071743	 -0.006525
  0.098295	 -0.133637	 -0.036539	 -0.055340	 -0.023758	 -0.061480	 -0.014539
  0.084168	 -0.136804	 -0.033498	 -0.035258	  0.008836	 -0.083843	 -0.040418
  0.079765	 -0.120048	 -0.037521	 -0.038204	  0.046720	 -0.100884	 -0.068514
  0.074063	 -0.118242	 -0.040087	 -0.039692	  0.069209	 -0.168131	 -0.108773
  0.025917	 -0.116310	 -0.022190	 -0.066395	  0.047258	 -0.155429	 -0.089071
  0.013215	 -0.115170	  0.005526	 -0.051381	  0.030565	 -0.092649	 -0.062464
 -0.003953	 -0.093187	  0.005114	 -0.066110	 -0.002536	 -0.064521	 -0.041811
 -0.000279	 -0.053371	  0.014712	 -0.091006	  0.025940	 -0.067340	  0.001520
 -0.000342	 -0.029456	  0.016802	 -0.124677	  0.049063	 -0.069652	  0.030282
  0.020120	 -0.027778	  0.012463	 -0.107414	  0.063729	 -0.066865	  0.017073
  0.026772	 -0.032307	 -0.006131	 -0.102600	  0.085870	 -0.053245	 -0.006874
  0.044003	 -0.052801	  0.025640	 -0.079508	  0.073042	 -0.075892	 -0.017358
  0.046474	 -0.027936	  0.026400	 -0.074282	  0.039403	 -0.055208	 -0.019100
  0.037890	  0.018120	  0.032798	 -0.028289	  0.023248	 -0.024578	 -0.005005
  0.036306	 -0.001994	 -0.006796	 -0.023728	 -0.000445	 -0.018433	  0.010358
  0.064624	 -0.017135	  0.017499	 -0.050399	  0.019384	 -0.050679	  0.015774
  0.064909	 -0.050584	  0.046799	 -0.051476	  0.030217	 -0.035475	  0.050871
  0.052366	 -0.050426	  0.076637	 -0.015524	  0.042285	 -0.005098	  0.057681
  0.025093	 -0.023692	  0.051898	 -0.001302	  0.029678	 -0.003736	  0.061545
  0.007703	 -0.008868	  0.055066	 -0.021891	  0.007949	 -0.026701	  0.092555
 -0.009433	  0.016314	  0.061433	 -0.030000	  0.006492	 -0.004781	  0.091890
 -0.001831	 -0.028094	  0.072202	  0.004115	  0.006112	  0.004531	  0.106461
 -0.018175	 -0.037027	  0.091144	  0.023247	  0.007474	  0.006748	  0.139910
 -0.001831	 -0.036393	  0.053704	  0.024577	  0.024832	  0.038265	  0.138358
 -0.017700	 -0.027714	  0.036156	  0.037785	  0.037312	  0.036808	  0.089831
 -0.011967	 -0.036583	  0.054781	 -0.024488	  0.043805	  0.048053	  0.099302
 -0.031827	 -0.028855	  0.059057	 -0.061105	  0.078680	  0.072886	  0.136267
 -0.047855	 -0.020967	  0.079456	 -0.033041	  0.123310	  0.066615	  0.191382
 -0.012695	 -0.015456	  0.076922	 -0.012515	  0.103038	  0.091828	  0.187740
  0.044064	  0.044727	 -0.029289	 -0.021150	 -0.030274	  0.066390	  0.021669
  0.061548	  0.035858	 -0.036194	  0.006915	 -0.028183	  0.058028	  0.029271
  0.045552	  0.032247	 -0.033343	  0.012775	 -0.004870	  0.028126	  0.026769
  0.065983	  0.018722	 -0.050543	  0.027535	  0.015656	 -0.002282	  0.046693
  0.058096	  0.015903	 -0.047977	  0.032477	  0.017873	 -0.025183	  0.073332
  0.051254	  0.024677	 -0.045380	  0.003430	  0.013787	 -0.040324	  0.069816
  0.033452	  0.004563	 -0.063625	 -0.003411	  0.015085	 -0.059488	  0.033801
 -0.006649	  0.014224	 -0.039171	 -0.005597	  0.007325	 -0.020464	 -0.011305
 -0.020903	  0.021066	 -0.038855	  0.004096	  0.020248	 -0.022301	 -0.015486
 -0.033224	  0.023663	 -0.046773	 -0.035720	  0.042136	 -0.039342	 -0.001644
 -0.040890	  0.008522	 -0.029859	 -0.030335	  0.044417	 -0.049637	  0.025977
 -0.028125	 -0.003894	  0.023704	 -0.002905	  0.055218	 -0.036270	  0.026737
  0.023316	 -0.029013	  0.069158	  0.033110	 -0.009558	 -0.018025	  0.013877
  0.006592	 -0.009659	  0.087847	  0.026807	 -0.041550	 -0.038424	 -0.084158
  0.013972	 -0.019764	  0.094847	  0.002734	 -0.003445	  0.000822	 -0.031070
  0.006592	 -0.043235	  0.063552	 -0.000846	 -0.001956	  0.030438	 -0.002436
 -0.019541	 -0.034841	  0.045180	 -0.040567	 -0.022735	  0.011307	 -0.104620
 -0.079439	 -0.025592	  0.049456	 -0.023494	  0.008560	  0.040638	 -0.037849
 -0.095846	 -0.041937	  0.022786	  0.008942	 -0.045763	  0.088119	  0.031362
 -0.085805	 -0.036235	  0.004477	  0.005204	 -0.051971	  0.027873	 -0.110734
 -0.087801	 -0.028665	  0.011794	  0.028137	 -0.051274	  0.022931	 -0.039052
 -0.100344	 -0.017990	  0.006885	  0.038938	 -0.034582	  0.044312	  0.076372
 -0.084950	 -0.019637	  0.000961	  0.023164	 -0.108765	 -0.008237	 -0.069302
 -0.103132	  0.008966	  0.013125	 -0.052191	 -0.079782	 -0.025310	 -0.038134
 -0.078362	  0.013559	  0.044040	 -0.058812	 -0.043704	  0.019257	  0.139501
 -0.059673	  0.016536	  0.005428	 -0.063024	 -0.064926	 -0.026134	 -0.022423
 -0.046179	  0.009346	 -0.006926	 -0.038508	 -0.092991	 -0.020781	 -0.023310
 -0.029803	  0.062782	  0.014582	 -0.022195	 -0.078769	  0.033796	  0.165570
 -0.032559	  0.073235	  0.006600	 -0.052445	 -0.102335	 -0.010328	  0.042575
 -0.044216	  0.056637	 -0.013704	 -0.020833	 -0.076963	 -0.001427	 -0.023247
 -0.044849	  0.036713	  0.015152	  0.015562	 -0.002843	  0.072218	  0.140356
 -0.026604	  0.019767	  0.003875	  0.060858	 -0.015735	  0.031484	  0.020402
 -0.033193	 -0.000283	  0.012523	  0.072704	 -0.040853	 -0.026831	 -0.103290
 -0.023120	 -0.012193	  0.035139	  0.088130	  0.000990	  0.019130	  0.133673
 -0.035220	 -0.020999	  0.012396	  0.082017	  0.012615	  0.022646	  0.064906
 -0.026699	 -0.016280	  0.016894	  0.058355	  0.003809	 -0.047546	 -0.102815
  0.006148	 -0.037819	  0.045338	  0.043500	  0.004506	 -0.006178	  0.083119
  0.020402	 -0.069557	  0.076475	  0.045907	 -0.041899	 -0.017740	  0.058761
 -0.030817	 -0.053846	  0.057090	  0.059052	 -0.075316	 -0.079000	 -0.142599
 -0.034365	 -0.029995	  0.051167	  0.090062	 -0.054474	 -0.027749	  0.037095
 -0.049220	 -0.038040	  0.048443	  0.094339	 -0.036704	  0.019891	  0.072856
 -0.064614	 -0.028823	  0.067226	  0.086325	 -0.061791	 -0.041306	 -0.089796
 -0.086154	 -0.026004	  0.030198	  0.078659	 -0.019662	  0.055937	  0.030633
 -0.101136	 -0.051788	  0.016261	  0.059844	  0.044575	  0.088214	  0.124519
 -0.073198	 -0.042507	  0.017179	  0.113375	  0.051322	  0.020556	 -0.087516
 -0.034174	 -0.044629	  0.004667	  0.103714	  0.016321	  0.042380	 -0.010133
 -0.058343	 -0.023121	 -0.004994	  0.083601	  0.004189	  0.077603	  0.078241
 -0.106014	 -0.032402	 -0.011740	  0.090031	  0.004252	  0.042348	 -0.103892
 -0.101168	 -0.015044	 -0.030302	  0.094085	  0.017651	  0.057552	 -0.086914
 -0.085647	 -0.040226	 -0.008890	  0.064817	  0.012805	  0.057172	  0.092432
 -0.057392	 -0.048588	 -0.035244	  0.039699	 -0.015861	  0.001709	 -0.043899
 -0.043835	 -0.037027	 -0.043479	  0.060161	 -0.044147	 -0.050840	 -0.067434
 -0.057488	 -0.044882	 -0.031379	  0.046002	 -0.036197	  0.030217	  0.127876
 -0.060180	 -0.054258	 -0.026374	  0.076379	 -0.065972	 -0.027781	  0.006275
 -0.052546	 -0.065946	 -0.011044	  0.053763	 -0.048899	 -0.025152	 -0.050076
 -0.027206	 -0.056349	  0.002387	  0.088479	 -0.041107	  0.035380	  0.137727
 -0.007536	 -0.049475	  0.001753	  0.055156	 -0.051559	 -0.016536	  0.022588
  0.001809	 -0.050901	  0.006061	  0.041568	 -0.076615	 -0.067470	 -0.099299
 -0.009373	 -0.043109	  0.007391	  0.038685	 -0.076615	 -0.052646	  0.073173
  0.005166	 -0.053055	 -0.039868	  0.008403	 -0.085737	 -0.023283	  0.018121
 -0.018749	 -0.063792	 -0.074014	  0.013218	 -0.105471	 -0.089358	 -0.144468
 -0.023785	 -0.075417	 -0.075471	  0.022151	 -0.085167	 -0.079380	  0.037253
  0.002981	 -0.062779	 -0.083485	 -0.000339	 -0.073035	 -0.092874	  0.031235
  0.016601	 -0.075956	 -0.082598	  0.034187	 -0.090077	 -0.157016	 -0.186089
  0.014637	 -0.070634	 -0.057290	  0.067129	 -0.086434	 -0.089769	 -0.023310
  0.005008	 -0.055905	 -0.034483	  0.072166	 -0.080257	 -0.015934	  0.008112
  0.003297	 -0.036647	 -0.033090	  0.048536	 -0.117381	 -0.094901	 -0.182257
  0.019357	 -0.030470	 -0.028465	  0.073876	 -0.106896	 -0.048877	 -0.052324
  0.035891	 -0.006555	 -0.009428	  0.074098	 -0.116652	  0.010356	  0.082011
 -0.008169	  0.018912	 -0.000844	  0.077804	 -0.139965	 -0.051886	 -0.134268
 -0.012445	  0.057461	  0.018224	  0.075777	 -0.102715	  0.013492	 -0.090018
  0.008270	  0.071841	  0.021772	  0.101339	 -0.090140	  0.097147	  0.017044
  0.010995	  0.031772	  0.042678	  0.084741	 -0.095271	  0.052136	 -0.170663
  0.011596	  0.021858	  0.030324	  0.090379	 -0.106738	  0.085965	 -0.129644
  0.010266	  0.025785	 -0.017980	  0.081954	 -0.108543	  0.128822	  0.040738
  0.015081	  0.022713	 -0.036384	  0.121294	 -0.110381	  0.058819	 -0.103924
 -0.028029	  0.009948	 -0.051493	  0.129783	 -0.128309	  0.037977	 -0.076556
 -0.045293	  0.004626	 -0.011740	  0.104000	 -0.057103	  0.068892	  0.133356
 -0.089416	  0.003232	 -0.005342	  0.066781	 -0.088936	  0.026479	  0.031710
 -0.106268	 -0.020809	  0.002292	  0.096397	 -0.095937	  0.001677	 -0.024260
 -0.106172	 -0.051281	 -0.008636	  0.138621	 -0.052668	  0.063602	  0.143271
 -0.095371	 -0.069621	  0.014455	  0.120597	 -0.050197	  0.012954	  0.048276
 -0.073008	 -0.018465	  0.057058	  0.119267	 -0.043767	 -0.035446	 -0.096005
 -0.120680	  0.019292	  0.109734	  0.120344	 -0.053523	  0.024167	  0.062182
 -0.133001	  0.044854	  0.109101	  0.098773	 -0.082316	  0.005605	 -0.005762
 -0.112413	  0.017613	  0.092883	  0.103683	 -0.126757	 -0.062149	 -0.147097
 -0.110892	  0.033831	  0.095956	  0.118634	 -0.135436	 -0.004880	  0.043557
 -0.059990	  0.060723	  0.133966	  0.108688	 -0.120738	  0.029868	  0.031393
 -0.041143	  0.092493	  0.109386	  0.097253	 -0.125141	 -0.018215	 -0.102878
 -0.004621	  0.078493	  0.125002	  0.108371	 -0.094480	  0.014506	  0.066775
  0.019135	  0.047610	  0.120187	  0.103461	 -0.079465	  0.034841	  0.100351
  0.031932	  0.069972	  0.133491	  0.091583	 -0.097647	 -0.027021	 -0.100598
  0.052711	  0.037252	  0.151514	  0.090316	 -0.068696	  0.019700	 -0.008708
  0.060313	  0.034053	  0.125825	  0.096239	 -0.041550	  0.045262	  0.102314
  0.057526	  0.030188	  0.097888	  0.088859	 -0.035595	 -0.004816	 -0.097557
  0.052014	  0.022428	  0.058199	  0.124525	 -0.041930	  0.004813	 -0.022771
  0.046661	  0.035130	  0.074353	  0.151291	 -0.077026	  0.036457	  0.105704
  0.025248	  0.086095	  0.073720	  0.154712	 -0.131793	 -0.025880	 -0.101485
  0.014099	  0.063637	  0.033080	  0.156200	 -0.103254	 -0.001902	 -0.132463
 -0.015993	  0.048750	  0.016165	  0.167160	 -0.057926	  0.081182	 -0.014029
 -0.027301	  0.033071	  0.003971	  0.124145	 -0.071705	  0.023565	 -0.156790
 -0.065786	  0.014699	  0.048601	  0.115751	 -0.066542	  0.033574	 -0.189637
 -0.046940	 -0.016280	  0.058515	  0.118285	 -0.059383	  0.114125	  0.013497
  0.000478	 -0.016818	  0.039764	  0.070582	 -0.100878	  0.059801	 -0.122707
  0.022303	 -0.015836	  0.025541	  0.093103	 -0.148581	  0.023692	 -0.176365
  0.027181	 -0.036235	  0.047112	  0.064564	 -0.122069	  0.093694	  0.010741
 -0.005635	 -0.084920	  0.034696	  0.104791	 -0.106516	  0.038769	 -0.086882
 -0.005033	 -0.077381	  0.021075	  0.118063	 -0.134454	 -0.003803	 -0.196352
 -0.006047	 -0.054797	  0.050375	  0.089492	 -0.114783	  0.067372	 -0.009183
 -0.003766	 -0.075259	  0.033048	  0.069125	 -0.086909	  0.046529	 -0.045483
  0.024171	 -0.070128	  0.057470	  0.077329	 -0.083963	  0.003514	 -0.224606
  0.025914	 -0.053403	  0.033809	  0.125982	 -0.085262	  0.069811	 -0.041650
 -0.017133	 -0.058883	  0.018573	  0.147205	 -0.107118	  0.074942	 -0.029328
 -0.044786	 -0.055367	  0.012840	  0.137322	 -0.090583	  0.016185	 -0.182637
 -0.015201	 -0.067213	 -0.026596	  0.142612	 -0.089950	  0.051566	 -0.021029
  0.000003	 -0.073612	 -0.004804	  0.148662	 -0.105344	  0.074625	  0.036303
  0.030760	 -0.048050	  0.002989	  0.110683	 -0.157957	  0.012859	 -0.115042
  0.036525	 -0.008994	 -0.016080	  0.120787	 -0.115290	  0.063001	 -0.008486
  0.045869	  0.008902	  0.012523	  0.128865	 -0.117286	  0.105192	  0.083151
  0.017013	  0.021446	  0.036976	  0.128865	 -0.182917	  0.033194	 -0.094516
  0.025280	  0.038614	  0.043533	  0.102416	 -0.155106	  0.038737	 -0.005128
  0.015651	  0.079317	  0.039827	  0.078849	 -0.148106	  0.085205	  0.121288
  0.017488	  0.050840	  0.027474	  0.082175	 -0.139585	  0.023501	 -0.004241
  0.054643	  0.046248	  0.000201	  0.129213	 -0.126978	  0.029330	  0.029651
  0.066965	  0.067090	  0.041411	  0.142707	 -0.062963	  0.078807	  0.117994
  0.110518	  0.067312	  0.038116	  0.145304	 -0.063311	  0.050267	  0.078875
  0.104817	  0.033736	  0.063077	  0.143087	 -0.078895	  0.015868	  0.094237
  0.075232	  0.000477	  0.076380	  0.082904	 -0.057673	  0.015298	  0.127971
  0.052172	 -0.009596	  0.103241	  0.081795	 -0.027265	  0.030090	  0.072540
  0.026262	 -0.042982	  0.105553	  0.118475	 -0.045319	  0.013175	  0.032439
  0.019293	 -0.047480	  0.105236	  0.111222	 -0.045034	 -0.005671	  0.061517
 -0.007187	 -0.021474	  0.104064	  0.119806	 -0.019124	  0.005320	  0.054295
 -0.013047	 -0.007981	  0.086611	  0.101751	 -0.043736	 -0.000382	  0.046154
 -0.040985	 -0.056697	  0.119205	  0.097126	 -0.056881	  0.029805	  0.013497
 -0.055904	 -0.040765	  0.145971	  0.107199	 -0.053840	  0.067277	  0.003012
 -0.065153	 -0.016470	  0.161017	  0.131272	 -0.089443	  0.087264	  0.021827
 -0.073072	 -0.017483	  0.157754	  0.169124	 -0.089126	  0.070824	 -0.002404
 -0.084918	  0.025120	  0.148220	  0.124937	 -0.075759	  0.073263	 -0.022708
 -0.089606	  0.008807	  0.148600	  0.087497	 -0.071357	  0.101011	 -0.015708
 -0.084412	 -0.009216	  0.133396	  0.099027	 -0.075158	  0.057077	 -0.007092
 -0.074909	 -0.041525	  0.107422	  0.087180	 -0.050292	  0.060783	 -0.034111
 -0.013079	 -0.030818	  0.070932	  0.093420	 -0.050324	  0.058028	 -0.049664
  0.021162	 -0.031420	  0.048696	  0.111538	 -0.085135	  0.062525	 -0.022360
  0.045331	 -0.022076	  0.005649	  0.091931	 -0.112915	  0.092617	  0.001080
  0.075517	 -0.011180	 -0.017220	  0.067478	 -0.131128	  0.087011	 -0.036740
  0.062530	  0.013432	 -0.023017	  0.043563	 -0.114340	  0.077635	 -0.086946
  0.049322	  0.002694	 -0.012754	  0.039287	 -0.089697	  0.094011	 -0.112127
  0.056322	 -0.020999	 -0.019501	  0.045939	 -0.094258	  0.113016	 -0.093407
  0.083214	 -0.003324	  0.013505	  0.037323	 -0.074587	  0.102151	 -0.062777
  0.097405	 -0.008297	  0.002070	  0.070836	 -0.030685	  0.115487	 -0.073452
  0.071589	  0.011436	  0.015754	  0.103461	 -0.035247	  0.105604	 -0.069049
  0.070259	  0.034939	  0.016229	  0.068555	 -0.019757	  0.079662	 -0.068859
  0.087269	  0.051284	  0.048538	  0.088890	 -0.010857	  0.064458	 -0.005287
  0.111564	  0.041528	  0.068240	  0.097918	 -0.032301	  0.061924	  0.017425
  0.106020	  0.020527	  0.064470	  0.093578	 -0.053460	  0.059991	  0.014257
  0.095473	  0.031012	  0.094372	  0.090474	 -0.029450	  0.038769	 -0.022613
  0.110803	  0.043714	  0.117495	  0.113312	 -0.038921	  0.022995	 -0.045229
  0.094111	  0.018437	  0.136722	  0.092977	 -0.023273	  0.026954	 -0.049030
  0.070924	  0.035795	  0.110114	  0.094687	 -0.039206	  0.067150	 -0.054130
  0.073110	  0.013147	  0.106408	  0.090791	 -0.053017	  0.072630	 -0.080642
  0.059648	  0.018437	  0.075018	  0.106692	 -0.062614	  0.079820	 -0.037405
  0.029398	  0.021161	  0.077996	  0.106249	 -0.084533	  0.036330	 -0.015708
  0.028258	  0.018373	  0.087973	  0.077012	 -0.073257	  0.049349	  0.028701
  0.016949	  0.027813	  0.052497	  0.089492	 -0.024826	  0.046688	  0.029113
  0.050335	  0.029586	  0.041442	  0.038368	 -0.029418	  0.080865	  0.007764
  0.038774	  0.048908	  0.026840	  0.045907	 -0.028341	  0.066231	 -0.016880
  0.026610	  0.049890	  0.038687	  0.060383	 -0.041360	  0.064078	 -0.021061
  0.060155	  0.074660	  0.026777	  0.065324	 -0.028088	  0.061924	 -0.005857
  0.057684	  0.089548	  0.067448	  0.068365	 -0.042880	  0.074594	  0.018533
  0.055182	  0.066963	  0.073973	  0.113756	 -0.023559	  0.070286	  0.039566
  0.040706	  0.043175	  0.094150	  0.112457	 -0.011807	  0.086345	  0.037412
  0.066648	  0.021224	  0.125762	  0.123892	  0.023099	  0.090748	  0.015619
  0.089739	  0.048496	  0.093517	  0.111602	  0.021832	  0.093599	  0.011501
  0.087712	 -0.001487	  0.127061	  0.103651	 -0.022165	  0.089956	  0.016348
  0.068137	  0.003106	  0.122088	  0.112774	 -0.059637	  0.088278	  0.006750
  0.052806	  0.012292	  0.080561	  0.089524	 -0.067809	  0.067245	 -0.002151
  0.010741	 -0.037439	  0.053986	  0.074700	 -0.072148	  0.067657	  0.012768
  0.014352	 -0.023501	  0.049773	  0.043278	 -0.061030	  0.106808	  0.003899
  0.040072	 -0.018053	  0.070647	  0.005078	 -0.035215	  0.131736	 -0.006364
  0.046914	 -0.003293	  0.110400	  0.023861	 -0.049881	  0.157076	  0.017963
  0.051666	  0.023885	  0.117020	  0.027409	 -0.067207	  0.167307	  0.033642
  0.095441	  0.053058	  0.141821	  0.035423	 -0.076393	  0.170443	  0.069879
  0.066616	  0.055813	  0.106630	  0.023798	 -0.081271	  0.177475	  0.056005
  0.040041	  0.081977	  0.107992	  0.050627	 -0.069773	  0.134270	  0.013402
  0.008049	  0.102376	  0.064787	  0.049771	 -0.123653	  0.135284	  0.016728
  0.024710	  0.117960	  0.061239	  0.045083	 -0.157260	  0.108233	  0.000732
  0.012325	  0.095946	  0.104983	  0.055631	 -0.152319	  0.107093	 -0.011463
  0.017456	  0.079950	  0.090698	  0.066686	 -0.160047	  0.098445	 -0.039686
  0.030253	  0.048940	  0.112775	  0.041377	 -0.153174	  0.103798	 -0.069587
  0.019769	  0.030061	  0.150754	  0.031241	 -0.096380	  0.078395	 -0.080547
  0.017298	 -0.002247	  0.159845	 -0.007371	 -0.066510	  0.096830	 -0.098792
  0.052267	 -0.007854	  0.167352	 -0.014846	 -0.037274	  0.093441	 -0.085552
  0.031615	 -0.030628	  0.167035	  0.003874	 -0.038224	  0.117989	 -0.051279
  0.029525	 -0.000949	  0.140143	  0.015182	 -0.055551	  0.099744	 -0.039084
  0.049417	 -0.006619	  0.115151	  0.032984	 -0.061157	  0.093662	 -0.042188
  0.064938	 -0.028506	  0.100485	  0.029151	 -0.082348	  0.110419	 -0.055714
  0.072476	 -0.019859	  0.105617	  0.050912	 -0.067017	  0.121600	 -0.042759
  0.077956	 -0.060593	  0.090222	 -0.002303	 -0.071198	  0.077856	 -0.052990
  0.061928	 -0.092427	  0.073434	 -0.037146	 -0.069488	  0.070254	 -0.054795
  0.051856	 -0.075259	  0.065547	 -0.016683	 -0.054917	  0.081911	  0.013845
  0.076784	 -0.059991	  0.109924	  0.017589	 -0.020581	  0.052263	  0.020370
  0.068612	 -0.067372	  0.129626	  0.013820	  0.031715	  0.041208	  0.031805
  0.074979	 -0.076114	  0.088354	 -0.011932	  0.033805	  0.060815	  0.051761
  0.083499	 -0.078268	  0.071946	 -0.010475	  0.003651	  0.063064	  0.024235
  0.075169	 -0.075069	  0.056393	 -0.017063	 -0.005028	  0.040828	 -0.014758
  0.099305	 -0.063286	  0.039035	 -0.008670	 -0.037844	  0.010990	 -0.019255
  0.110328	 -0.109658	  0.051515	  0.017621	 -0.025396	  0.031325	  0.001904
  0.121161	 -0.110799	  0.058040	 -0.004235	 -0.012916	  0.056507	 -0.017703
  0.108016	 -0.089449	  0.015342	  0.001055	  0.015275	  0.064743	 -0.026889
  0.105514	 -0.076716	  0.007170	  0.009797	  0.052811	  0.054575	 -0.032496
  0.089201	 -0.056190	  0.035456	  0.023608	  0.030099	  0.081942	 -0.037152
  0.071336	 -0.036520	  0.098490	  0.026838	  0.033299	  0.082449	 -0.028029
 -0.006459	 -0.022013	  0.130672	  0.012965	  0.009099	  0.098730	 -0.010576
