:RUN-2	LEVEL SWEEP	TEMP:NaN	8/27/2019	4:59 PM	HR:-636.36:SW EAR: R	SW FREQ: 8.00	# AVERAGES: 512	REP RATE (/sec): 80	DRIVER: 	SAMPLE (µsec): 40	MASKER dB: 2147483647:NOTES-:CHAMBER-SEWELL-PXI1:CFTS Version: V2.7.2 (R850):LEVELS:20;30;40;50;60;70;80;:DATA -0.015068	 -0.068523	 -0.049542	 -0.056723	  0.003187	 -0.039798	 -0.007282
 -0.008923	 -0.038083	 -0.039659	 -0.049944	 -0.004637	 -0.021997	 -0.014884
  0.000231	 -0.019490	 -0.036967	 -0.042500	 -0.023516	 -0.003213	  0.000858
 -0.004330	 -0.019395	 -0.043080	 -0.037717	 -0.044200	 -0.001028	  0.000985
  0.009037	 -0.022531	 -0.033862	 -0.026884	 -0.061431	  0.034670	  0.002284
  0.007168	 -0.028106	 -0.013179	 -0.027423	 -0.052625	  0.073029	 -0.000789
 -0.001891	 -0.019046	 -0.001997	 -0.007499	 -0.068241	  0.053960	  0.028321
 -0.004615	  0.001226	 -0.035573	 -0.015861	 -0.054051	  0.031059	  0.032122
 -0.005375	  0.038191	  0.002437	 -0.008291	 -0.014995	  0.021968	  0.062499
 -0.006262	  0.057164	  0.053846	  0.019362	  0.018644	  0.006004	  0.055340
  0.017368	  0.058780	  0.070223	  0.020058	  0.042147	  0.021145	  0.043082
 -0.013611	  0.028498	  0.045231	  0.019203	  0.026024	  0.008760	  0.041339
 -0.031349	  0.027168	  0.067689	  0.017208	  0.042242	 -0.024911	  0.019769
 -0.047915	  0.020263	  0.056856	  0.051164	  0.035970	 -0.017847	  0.015239
 -0.027706	  0.013484	  0.041113	  0.088224	  0.022952	 -0.011417	 -0.015233
 -0.002366	 -0.004824	 -0.002377	  0.043561	  0.019183	 -0.009960	 -0.041491
  0.038527	 -0.002544	 -0.039912	  0.025158	  0.019499	 -0.025988	 -0.080389
  0.039762	  0.012185	 -0.010359	 -0.004870	  0.028685	 -0.021078	 -0.075828
  0.033015	  0.003792	 -0.021572	  0.006818	  0.026436	 -0.027255	 -0.044817
  0.024304	 -0.038210	 -0.009314	 -0.013042	  0.038726	 -0.046102	 -0.021124
  0.024178	 -0.053002	  0.048715	 -0.029260	  0.040088	 -0.048002	 -0.009880
  0.010051	 -0.052686	  0.022805	 -0.057198	  0.047532	 -0.035744	  0.011818
  0.024051	 -0.072894	  0.056380	 -0.053460	  0.035242	 -0.012051	  0.027972
  0.021834	 -0.064500	  0.065250	 -0.072117	  0.020703	 -0.005526	  0.015492
  0.030418	 -0.046160	  0.074309	 -0.109842	 -0.004035	  0.020796	 -0.039939
  0.020028	 -0.029784	  0.081087	 -0.138635	 -0.029819	  0.033815	 -0.038261
  0.030640	  0.018774	  0.061987	 -0.155328	 -0.054082	  0.068943	 -0.009373
  0.041663	  0.008543	  0.057521	 -0.136734	 -0.059214	  0.086048	  0.001999
  0.017906	 -0.012236	  0.043520	 -0.124698	 -0.076825	  0.084369	  0.035004
  0.008245	 -0.048504	  0.047796	 -0.126060	 -0.068051	  0.109044	  0.078653
  0.009417	 -0.037830	  0.056792	 -0.131191	 -0.027824	  0.120605	  0.106337
  0.007327	 -0.023766	  0.070729	 -0.134707	 -0.039385	  0.129791	  0.080807
 -0.021751	 -0.023386	  0.023248	 -0.101860	 -0.031751	  0.132959	  0.105450
 -0.070626	 -0.051292	  0.050204	 -0.074461	 -0.042933	  0.134226	  0.173869
 -0.078260	 -0.014358	  0.040891	 -0.043261	 -0.023199	  0.177494	  0.208934
 -0.093528	  0.000117	  0.007854	 -0.025934	  0.016458	  0.201979	  0.214762
 -0.104646	 -0.011983	  0.006429	 -0.019314	  0.054374	  0.229220	  0.237156
 -0.087604	  0.012819	  0.003103	  0.009954	  0.086303	  0.240401	  0.192209
 -0.106103	  0.023145	  0.043520	  0.027470	  0.097389	  0.210690	  0.130379
 -0.089917	  0.010380	  0.065218	  0.108528	  0.104136	  0.203690	  0.067820
 -0.051241	  0.015511	  0.058059	  0.132918	  0.111706	  0.155543	 -0.013015
 -0.058305	  0.044399	  0.052263	  0.153570	  0.147309	  0.088201	 -0.124893
 -0.071260	  0.054060	  0.076716	  0.129085	  0.128684	 -0.001281	 -0.226159
 -0.083170	  0.038033	  0.087739	  0.130510	  0.065143	 -0.107679	 -0.278455
 -0.072844	  0.047313	  0.042792	  0.111093	  0.007146	 -0.209325	 -0.322325
 -0.076930	  0.077152	  0.045801	  0.118600	 -0.030769	 -0.237833	 -0.341837
 -0.044209	  0.038349	  0.022963	  0.034629	 -0.109578	 -0.246797	 -0.358941
 -0.045033	  0.019819	  0.004655	 -0.003540	 -0.163299	 -0.288703	 -0.333506
 -0.031602	  0.051336	 -0.012862	 -0.015735	 -0.234188	 -0.322944	 -0.286088
  0.005363	  0.053237	 -0.029681	 -0.037211	 -0.267067	 -0.304319	 -0.285835
  0.032920	  0.078704	 -0.034908	 -0.073035	 -0.298109	 -0.246131	 -0.276776
  0.050848	  0.095365	 -0.078620	 -0.107783	 -0.295828	 -0.215977	 -0.277726
  0.036626	  0.097455	 -0.103707	 -0.114150	 -0.259338	 -0.132639	 -0.248141
  0.019997	  0.045698	 -0.125119	 -0.123082	 -0.244831	 -0.088262	 -0.242535
  0.019585	  0.010412	 -0.117422	 -0.100751	 -0.244198	 -0.064854	 -0.201674
  0.035644	  0.031919	 -0.093539	 -0.097774	 -0.208626	 -0.001376	 -0.137024
  0.080275	  0.039046	 -0.084955	 -0.088936	 -0.167448	  0.043793	 -0.057678
  0.079008	  0.045191	 -0.052773	 -0.068696	 -0.129881	  0.057540	  0.013845
  0.072673	 -0.001023	 -0.030156	 -0.036007	 -0.100613	  0.117596	  0.077006
  0.069442	 -0.027472	 -0.014160	 -0.015830	 -0.058739	  0.162163	  0.113844
  0.040427	 -0.021707	 -0.025722	 -0.015513	 -0.025955	  0.205654	  0.159900
  0.059622	 -0.045178	 -0.015079	 -0.003476	  0.031758	  0.208061	  0.156194
  0.081225	 -0.028612	  0.008139	  0.012646	  0.062451	  0.170082	  0.108143
  0.078216	  0.001384	  0.010641	  0.025792	  0.088520	  0.105433	  0.057716
  0.072483	  0.003760	  0.033162	  0.056168	  0.118168	  0.043444	  0.048593
  0.074637	  0.035245	  0.038040	  0.056992	  0.103661	 -0.028649	  0.003424
  0.055726	  0.034833	  0.058313	  0.096808	  0.100968	 -0.065772	 -0.079882
  0.045717	  0.046870	  0.086789	  0.084074	  0.093334	 -0.087850	 -0.111399
  0.063170	  0.032173	  0.050584	  0.068933	  0.058492	 -0.086298	 -0.113046
  0.051197	  0.038761	  0.037819	  0.061997	  0.033405	 -0.058740	 -0.110259
  0.042201	  0.030019	  0.042855	  0.056073	  0.007558	 -0.054401	 -0.078868
  0.038907	  0.030716	  0.033701	  0.045019	 -0.045657	 -0.038088	 -0.075289
  0.043531	  0.013357	  0.037280	  0.036276	 -0.053322	 -0.032513	 -0.041333
  0.015340	  0.008099	  0.082481	  0.045145	 -0.029122	 -0.041477	  0.016031
  0.003684	  0.016430	  0.101866	  0.059589	 -0.044897	  0.002615	  0.042765
  0.003082	  0.013136	  0.087422	  0.081192	 -0.040842	  0.045915	  0.063892
 -0.007593	  0.061314	  0.094834	  0.071816	 -0.010212	  0.073314	  0.019737
 -0.017570	  0.071260	  0.087011	  0.049105	 -0.003117	  0.074328	  0.062499
 -0.007593	  0.074427	  0.089291	  0.003270	 -0.009135	  0.108379	  0.031647
 -0.014308	  0.055771	  0.078585	  0.020534	  0.015065	  0.126370	  0.020275
 -0.009461	  0.068758	  0.043869	  0.027882	  0.031473	  0.085161	 -0.028600
  0.009765	  0.058495	  0.060657	  0.008972	  0.022287	  0.100935	 -0.068986
  0.044228	  0.041770	  0.083368	 -0.018839	  0.018454	  0.079903	 -0.122295
  0.054396	  0.065495	  0.066010	 -0.009875	  0.021400	  0.069228	 -0.132020
  0.056518	  0.092482	  0.073422	 -0.001512	  0.007399	  0.043159	 -0.165849
  0.049550	  0.107877	  0.048810	 -0.003920	  0.003060	 -0.020635	 -0.172627
  0.010177	  0.093243	  0.065028	 -0.034645	  0.004390	 -0.076573	 -0.156853
 -0.046775	  0.079591	  0.053815	 -0.045034	 -0.067354	 -0.127191	 -0.161668
 -0.064640	  0.061536	  0.056697	 -0.046872	 -0.098998	 -0.156934	 -0.183429
 -0.048390	  0.077437	  0.045928	 -0.026504	 -0.092600	 -0.187849	 -0.160686
 -0.041137	  0.089758	  0.017705	 -0.019948	 -0.092853	 -0.172011	 -0.102055
 -0.034358	  0.069708	 -0.029143	 -0.030432	 -0.082907	 -0.139417	 -0.103037
 -0.052191	  0.065970	 -0.005228	 -0.017318	 -0.088228	 -0.131562	 -0.099869
 -0.073097	  0.041295	  0.021126	  0.001433	 -0.090192	 -0.132037	 -0.099521
 -0.106356	  0.011267	  0.033257	  0.011886	 -0.081418	 -0.106158	 -0.115073
 -0.097360	 -0.015340	  0.024578	  0.037290	 -0.078853	 -0.086868	 -0.088909
 -0.111646	 -0.019015	 -0.011975	  0.067128	 -0.066467	 -0.067261	 -0.085330
 -0.068314	 -0.057564	 -0.016948	  0.034534	 -0.042996	 -0.017626	 -0.066420
 -0.042404	 -0.077487	  0.004085	  0.006185	 -0.036503	 -0.002010	 -0.051247
 -0.036195	 -0.092438	  0.006619	  0.020787	 -0.016294	 -0.017119	 -0.006775
 -0.064767	 -0.100230	  0.010198	  0.018316	  0.012626	 -0.006856	  0.024647
 -0.087573	 -0.077202	  0.021284	  0.028801	 -0.020063	 -0.006983	  0.047770
 -0.078324	 -0.068301	  0.005130	  0.033837	 -0.052942	 -0.010499	  0.047421
 -0.059287	 -0.057880	  0.000283	  0.033647	 -0.055349	 -0.009960	  0.042511
 -0.035467	 -0.049866	  0.008392	  0.019108	 -0.084301	  0.000017	  0.043525
  0.017684	 -0.009987	  0.003831	  0.021262	 -0.043440	  0.004325	  0.035036
  0.044260	  0.007719	 -0.014667	  0.016257	 -0.050028	  0.034575	  0.008397
  0.047934	  0.027675	  0.004465	  0.005900	 -0.061494	  0.068246	  0.018502
  0.049835	  0.028720	  0.007696	  0.025918	 -0.035077	  0.055386	 -0.019129
  0.034599	  0.021783	  0.012922	  0.057625	 -0.032005	  0.017217	 -0.032844
  0.055948	  0.021086	  0.042950	  0.040996	 -0.022439	  0.022317	 -0.068447
  0.080908	  0.010127	  0.054068	  0.000768	 -0.050028	  0.072997	 -0.102340
  0.042454	 -0.011286	  0.021664	 -0.028246	 -0.076287	  0.058997	 -0.104715
  0.038020	 -0.012014	  0.012320	 -0.082411	 -0.078821	  0.050983	 -0.112824
  0.047839	  0.011900	 -0.006527	 -0.074302	 -0.071282	  0.011326	 -0.116847
  0.039540	  0.018806	 -0.045677	 -0.058718	 -0.062761	 -0.076035	 -0.117924
  0.055600	  0.008575	 -0.063732	 -0.090267	 -0.056110	 -0.095737	 -0.114788
  0.080687	  0.022733	 -0.054040	 -0.108005	 -0.071947	 -0.114394	 -0.151468
  0.061713	  0.009461	 -0.015808	 -0.098566	 -0.070078	 -0.120254	 -0.156568
  0.077867	  0.002018	 -0.032564	 -0.055836	 -0.066404	 -0.122914	 -0.164740
  0.099280	  0.019407	 -0.027306	 -0.068632	 -0.075463	 -0.154431	 -0.134807
  0.115719	  0.037842	 -0.052551	 -0.036292	 -0.099632	 -0.179708	 -0.150803
  0.092185	  0.035435	 -0.008586	 -0.013834	 -0.110813	 -0.153386	 -0.143771
  0.056645	  0.037684	  0.024325	  0.013248	 -0.113790	 -0.128236	 -0.146147
  0.045464	  0.043132	  0.038104	  0.018855	 -0.120886	 -0.103814	 -0.118653
  0.044260	  0.047345	  0.044376	  0.039570	 -0.131877	 -0.125575	 -0.172596
  0.027884	  0.034643	  0.069621	  0.044005	 -0.107360	 -0.121046	 -0.199456
 -0.023652	 -0.002924	  0.067372	  0.022244	 -0.087563	 -0.133937	 -0.166767
 -0.010538	  0.033725	  0.040606	 -0.000119	 -0.086486	 -0.122978	 -0.165247
  0.018698	  0.026978	  0.028475	  0.004696	 -0.106505	 -0.103656	 -0.159007
 -0.003506	  0.006072	  0.034746	 -0.000277	 -0.144452	 -0.087692	 -0.123436
 -0.051938	 -0.021834	  0.001202	 -0.007974	 -0.137864	 -0.066184	 -0.086375
 -0.047789	 -0.019046	 -0.004499	 -0.007753	 -0.141696	 -0.033558	 -0.104874
 -0.073731	  0.039775	 -0.015649	  0.019362	 -0.134918	  0.027828	 -0.080420
 -0.089347	  0.047313	 -0.074660	 -0.020676	 -0.127157	  0.050951	 -0.138513
 -0.105089	  0.074269	 -0.075199	 -0.017318	 -0.095450	  0.065712	 -0.143866
 -0.089061	  0.061124	 -0.046311	 -0.063089	 -0.048603	  0.082120	 -0.141269
 -0.053047	  0.028118	 -0.049035	 -0.070248	 -0.008533	  0.050286	 -0.163568
 -0.036322	  0.019788	 -0.032247	 -0.077882	  0.000716	  0.001918	 -0.196162
 -0.075663	  0.026503	 -0.029586	 -0.102240	 -0.021710	 -0.019178	 -0.249725
 -0.061029	  0.027326	 -0.003042	 -0.063691	 -0.032321	 -0.053672	 -0.246209
 -0.066699	  0.014181	  0.004591	 -0.064008	 -0.040652	 -0.080881	 -0.250517
 -0.024317	  0.041865	 -0.002060	 -0.075126	 -0.081830	 -0.124878	 -0.292012
 -0.016050	  0.049341	 -0.030410	 -0.079307	 -0.119207	 -0.169794	 -0.313266
 -0.012977	  0.018774	 -0.045171	 -0.113833	 -0.150312	 -0.194532	 -0.363819
  0.002734	 -0.013788	 -0.053216	 -0.101100	 -0.172105	 -0.197605	 -0.343484
  0.033870	 -0.035803	 -0.056225	 -0.150070	 -0.167448	 -0.201469	 -0.360240
  0.046541	 -0.007010	 -0.048528	 -0.160364	 -0.181797	 -0.212999	 -0.370883
  0.038115	  0.021593	 -0.024455	 -0.159604	 -0.181607	 -0.256458	 -0.390870
  0.004507	  0.030177	 -0.005703	 -0.139934	 -0.210210	 -0.264598	 -0.372530
  0.030196	 -0.015911	 -0.036555	 -0.146585	 -0.211445	 -0.262729	 -0.387513
  0.036246	 -0.002829	 -0.076022	 -0.205121	 -0.206187	 -0.256521	 -0.407151
  0.015720	 -0.009005	 -0.100982	 -0.249340	 -0.224591	 -0.230230	 -0.406518
 -0.001162	  0.000307	 -0.082991	 -0.234136	 -0.231306	 -0.196338	 -0.348742
 -0.034612	 -0.001181	 -0.103960	 -0.198280	 -0.247460	 -0.188799	 -0.321153
 -0.076993	  0.000814	 -0.094362	 -0.196126	 -0.225921	 -0.232923	 -0.304713
 -0.069138	  0.016873	 -0.076719	 -0.157862	 -0.219396	 -0.262286	 -0.309370
 -0.072369	  0.036671	 -0.101964	 -0.122132	 -0.223799	 -0.246575	 -0.261635
 -0.083423	  0.010063	 -0.063986	 -0.103475	 -0.242994	 -0.229248	 -0.231417
 -0.091089	 -0.064437	 -0.062592	 -0.082348	 -0.237356	 -0.202831	 -0.184030
 -0.076708	 -0.083347	 -0.083466	 -0.066764	 -0.187911	 -0.184143	 -0.157296
 -0.077057	 -0.078406	 -0.045646	 -0.064926	 -0.207929	 -0.162920	 -0.177347
 -0.063214	 -0.089112	 -0.030061	 -0.064736	 -0.190286	 -0.137897	 -0.173483
 -0.049119	 -0.076632	 -0.039976	 -0.060840	 -0.171028	 -0.137390	 -0.114947
 -0.023335	 -0.072958	 -0.061325	 -0.081429	 -0.147620	 -0.107425	 -0.084126
 -0.002556	 -0.064754	 -0.058506	 -0.068474	 -0.124085	 -0.101249	 -0.081561
  0.020757	 -0.048251	 -0.066140	 -0.037844	 -0.103781	 -0.082560	 -0.093534
  0.006820	 -0.030449	 -0.096200	 -0.007658	 -0.072644	 -0.068306	 -0.102403
  0.004127	 -0.051925	 -0.082674	  0.000705	 -0.028584	 -0.047401	 -0.077475
  0.035232	 -0.025413	 -0.103105	 -0.003445	 -0.005651	 -0.014268	 -0.057709
  0.037576	 -0.016196	 -0.056067	 -0.002399	 -0.000488	  0.009868	 -0.066990
  0.047047	 -0.005014	 -0.032247	  0.026108	  0.020545	 -0.010942	 -0.073800
  0.060383	  0.031412	 -0.006622	  0.018126	  0.027038	 -0.021078	 -0.038039
  0.041631	  0.023810	  0.011908	  0.018570	  0.006006	 -0.012589	 -0.018400
  0.055853	  0.012502	  0.007664	  0.017208	 -0.011162	 -0.044423	 -0.055967
  0.018254	 -0.016291	 -0.011088	 -0.011965	  0.029097	 -0.014205	 -0.060940
  0.030133	 -0.045242	 -0.000223	 -0.007721	  0.006576	 -0.002960	 -0.100819
  0.019965	 -0.056487	  0.008076	  0.009701	 -0.024308	 -0.014997	 -0.140477
 -0.010380	 -0.050975	 -0.001934	  0.011664	 -0.049743	 -0.023169	 -0.171867
 -0.019598	 -0.056265	  0.030818	 -0.015925	 -0.042363	  0.007778	 -0.183112
 -0.046775	 -0.045147	  0.051344	 -0.004585	 -0.035267	  0.000936	 -0.192266
 -0.040662	 -0.035834	  0.043900	 -0.024635	 -0.036439	 -0.017942	 -0.198189
 -0.034960	 -0.059084	  0.045959	  0.003112	 -0.073563	 -0.022757	 -0.170948
 -0.056087	 -0.068048	 -0.013654	  0.007198	 -0.100487	 -0.059405	 -0.135757
 -0.080604	 -0.037450	 -0.064873	 -0.011617	 -0.127981	 -0.089244	 -0.113680
 -0.071957	 -0.059527	 -0.054325	 -0.015133	 -0.182272	 -0.092665	 -0.100376
 -0.061377	 -0.033554	 -0.041243	 -0.024889	 -0.159149	 -0.080406	 -0.103543
 -0.051146	  0.001258	 -0.037759	 -0.018332	 -0.174195	 -0.061718	 -0.112919
 -0.005185	  0.041834	 -0.071841	  0.027851	 -0.191332	 -0.108597	 -0.110227
 -0.005090	  0.042562	 -0.109250	 -0.008291	 -0.197001	 -0.097986	 -0.139812
 -0.020579	  0.010823	 -0.095249	 -0.050007	 -0.189653	 -0.081261	 -0.148142
  0.014865	  0.042499	 -0.102123	 -0.071388	 -0.174924	 -0.070143	 -0.100819
  0.026648	  0.048770	 -0.085177	 -0.071832	 -0.132225	 -0.064315	 -0.073864
  0.025888	  0.057196	 -0.016504	 -0.080827	 -0.106347	 -0.035174	 -0.078837
  0.016892	  0.027200	 -0.004658	 -0.014246	 -0.076033	 -0.017151	 -0.094009
 -0.013326	  0.048105	  0.006207	  0.011791	 -0.055730	  0.024978	 -0.075891
 -0.029322	  0.046490	  0.017483	 -0.028595	 -0.044675	  0.002963	 -0.069778
  0.015499	  0.062993	  0.016185	 -0.024667	 -0.034159	  0.017724	 -0.104969
  0.009702	  0.102207	  0.005605	 -0.028151	 -0.069635	  0.051426	 -0.087674
  0.011539	  0.113800	 -0.029460	 -0.043387	 -0.045910	  0.089088	 -0.092457
  0.020630	  0.080477	 -0.006210	 -0.086782	 -0.032480	  0.074518	 -0.064013
 -0.001606	  0.074618	 -0.054863	 -0.108797	  0.016427	  0.065649	 -0.058818
 -0.021086	  0.069454	 -0.033609	 -0.115765	  0.004168	  0.076006	 -0.088593
 -0.014973	  0.062771	 -0.030156	 -0.120295	  0.022160	  0.071192	 -0.091475
 -0.027801	  0.091184	 -0.030442	 -0.116019	  0.007874	  0.041734	 -0.074307
 -0.049531	  0.083487	 -0.045551	 -0.073827	  0.036541	  0.021018	 -0.084728
 -0.026471	  0.081333	 -0.052741	 -0.077216	  0.048672	  0.013511	 -0.037405
 -0.038096	  0.065717	 -0.041496	 -0.091946	 -0.004859	 -0.004861	 -0.036962
 -0.009651	  0.029100	 -0.042098	 -0.061917	  0.013703	 -0.012526	 -0.019921
 -0.021150	  0.043766	 -0.057492	 -0.022070	 -0.001882	 -0.014363	 -0.017102
 -0.020674	  0.050164	 -0.052994	 -0.003508	 -0.001311	  0.001094	  0.034371
 -0.047123	  0.011204	 -0.046089	 -0.019631	 -0.037390	 -0.015155	  0.065698
 -0.072337	  0.014593	 -0.007857	 -0.028817	 -0.063015	  0.016774	  0.048213
 -0.051488	 -0.001628	 -0.027889	 -0.070755	  0.042236	  0.014778	  0.094779
 -0.050728	  0.006069	 -0.021553	 -0.063786	  0.003877	  0.031249	  0.065448
 -0.033465	  0.003820	  0.008000	 -0.052351	 -0.000367	  0.046168	  0.030383
 -0.016867	  0.016902	  0.030964	 -0.050736	  0.031340	  0.066346	 -0.013519
 -0.022315	  0.037839	  0.028018	 -0.048835	  0.016832	  0.069671	 -0.034583
  0.000396	  0.028020	  0.039453	 -0.041202	 -0.017187	  0.066346	 -0.024605
 -0.025514	  0.043731	  0.029032	 -0.038509	 -0.031979	  0.049938	 -0.048584
 -0.018863	  0.036636	  0.018199	 -0.040663	 -0.057446	  0.072205	  0.006215
 -0.016709	  0.024631	  0.043666	 -0.008069	 -0.065080	  0.038028	 -0.012125
  0.017057	  0.046898	  0.014240	 -0.030844	 -0.036636	  0.023014	 -0.141107
 -0.005306	  0.018169	 -0.008915	 -0.007911	  0.031023	  0.039105	 -0.008546
 -0.003088	 -0.041317	  0.028113	  0.005234	  0.048729	  0.031598	  0.038365
  0.030297	 -0.042204	  0.033657	  0.009637	  0.001470	 -0.099063	 -0.167429
  0.037488	 -0.027380	 -0.014110	  0.020850	 -0.004359	 -0.029472	  0.045017
  0.044266	 -0.028267	 -0.035807	  0.047077	  0.026462	  0.021367	  0.223729
  0.038628	 -0.033145	 -0.019241	  0.064119	 -0.011264	 -0.119462	 -0.111047
  0.038533	 -0.031371	  0.000302	  0.072323	  0.006601	 -0.107172	  0.016224
  0.003532	 -0.028996	 -0.019051	  0.072386	  0.043535	  0.000429	  0.228829
  0.015917	 -0.014457	 -0.051107	  0.085658	 -0.015857	 -0.108819	 -0.096825
  0.018229	 -0.013950	 -0.075972	  0.076377	 -0.011929	 -0.106253	 -0.090617
  0.023614	  0.013513	 -0.077936	  0.064911	  0.030548	 -0.005779	  0.235544
  0.010690	  0.016617	 -0.065012	  0.012836	 -0.009458	 -0.070048	 -0.050009
  0.006066	  0.017060	 -0.067799	  0.011316	 -0.032391	 -0.092538	 -0.153207
  0.026528	  0.005245	 -0.072361	  0.011348	  0.023579	  0.017122	  0.226643
  0.032705	 -0.014045	 -0.074261	 -0.037211	  0.002895	 -0.038278	  0.005930
  0.010785	  0.000241	 -0.068876	 -0.069551	 -0.026056	 -0.099570	 -0.179213
  0.028302	  0.027386	 -0.044518	 -0.080986	 -0.006481	  0.040593	  0.159333
 -0.009392	  0.026278	 -0.061654	 -0.046555	 -0.012626	  0.009805	  0.062882
 -0.024976	  0.057003	 -0.053672	  0.002479	 -0.014336	 -0.071505	 -0.208069
 -0.034700	  0.062419	 -0.073343	  0.043561	  0.064187	  0.041290	  0.073145
 -0.010912	  0.082723	 -0.058455	  0.053508	  0.096369	  0.039992	  0.035071
 -0.005021	  0.114715	 -0.067261	  0.046191	  0.060354	 -0.054527	 -0.278578
 -0.001916	  0.114399	 -0.076859	  0.047616	  0.095229	  0.044870	  0.022781
  0.007111	  0.113670	 -0.077207	  0.030226	  0.085631	  0.062291	  0.092086
  0.020130	  0.095869	 -0.051803	  0.017778	  0.019778	 -0.073533	 -0.230463
  0.028745	  0.082280	 -0.008060	  0.008814	  0.058739	 -0.003689	  0.017238
  0.023456	  0.100588	 -0.004227	 -0.037527	  0.064979	  0.020195	  0.170641
  0.001600	  0.127100	  0.002013	 -0.060460	  0.015312	 -0.102040	 -0.193910
 -0.003595	  0.119752	  0.007018	 -0.038319	  0.041666	 -0.066564	 -0.010383
  0.009107	  0.147214	  0.022887	 -0.067429	  0.051200	  0.048386	  0.214353
  0.033782	  0.138789	  0.010027	 -0.111267	 -0.001856	 -0.082940	 -0.152067
  0.057570	  0.139866	  0.030014	 -0.090805	 -0.003187	 -0.053419	 -0.083015
  0.074326	  0.140151	  0.014493	 -0.066827	  0.027412	  0.021050	  0.182963
  0.056905	  0.106765	  0.013733	 -0.089095	  0.057313	 -0.105113	 -0.134899
  0.019845	  0.086588	  0.038978	 -0.116431	  0.048032	 -0.105841	 -0.132713
  0.017469	  0.082913	  0.006511	 -0.085294	  0.067069	 -0.021458	  0.234150
  0.008632	  0.085606	 -0.016961	 -0.098502	  0.059341	 -0.050315	 -0.016528
 -0.017342	  0.030586	 -0.011892	 -0.116906	  0.036534	 -0.058962	 -0.114373
 -0.017279	  0.041260	  0.009932	 -0.086529	  0.079233	  0.048576	  0.247707
 -0.023519	  0.025043	 -0.009232	 -0.076963	  0.066246	 -0.028205	  0.057402
 -0.021492	  0.039043	 -0.049998	 -0.082063	  0.046860	 -0.081135	 -0.131129
 -0.008188	  0.037839	 -0.066532	 -0.052383	  0.055856	  0.027131	  0.236114
 -0.018166	  0.053614	 -0.072994	 -0.058243	  0.039575	 -0.005843	  0.095222
 -0.016550	  0.044935	 -0.078252	 -0.085230	  0.023104	 -0.073469	 -0.177914
 -0.052438	  0.014019	 -0.087660	 -0.029260	  0.090572	  0.031344	  0.149419
 -0.032325	  0.026278	 -0.082402	  0.009384	  0.101057	  0.012783	  0.088064
 -0.051425	  0.033151	 -0.086551	  0.042231	  0.049173	 -0.070270	 -0.257292
 -0.032483	  0.048229	 -0.082814	  0.070961	  0.036629	  0.022222	  0.005486
 -0.033307	  0.037111	 -0.073248	  0.079513	  0.060766	  0.031281	  0.101969
 -0.092159	  0.029984	 -0.057758	  0.037733	  0.010085	 -0.055288	 -0.221341
 -0.072901	  0.032961	 -0.056016	  0.036276	  0.033874	  0.021968	  0.014450
 -0.077145	  0.062198	 -0.048034	 -0.004838	  0.098491	  0.050730	  0.145681
 -0.104513	  0.045822	 -0.058455	 -0.005060	  0.051517	 -0.058899	 -0.171801
 -0.094408	  0.033183	 -0.060007	  0.013343	  0.061685	  0.013479	 -0.016021
 -0.063208	  0.010282	 -0.020888	  0.009384	  0.107360	  0.054246	  0.149831
 -0.054782	  0.024852	 -0.053577	 -0.024192	  0.066119	 -0.045342	 -0.192960
 -0.047465	  0.037744	 -0.083099	 -0.049247	  0.080025	 -0.030834	 -0.087608
 -0.051583	  0.062641	 -0.064315	 -0.020993	  0.084807	  0.063463	  0.246852
 -0.047180	  0.095077	 -0.049269	 -0.048424	  0.089179	 -0.043568	 -0.075223
 -0.066629	  0.103376	 -0.038531	 -0.036229	  0.068400	 -0.031911	 -0.084598
 -0.058013	  0.103376	 -0.044962	 -0.009843	  0.079359	  0.071509	  0.226295
 -0.035587	  0.095837	 -0.044740	 -0.018871	  0.065739	 -0.026907	 -0.047982
 -0.031659	  0.049084	 -0.029377	 -0.034265	  0.048318	 -0.060799	 -0.138890
 -0.017659	  0.021780	 -0.039925	  0.013692	  0.116926	  0.052250	  0.230603
 -0.015188	  0.001603	 -0.043219	  0.010587	  0.087658	 -0.018069	  0.034849
 -0.033528	 -0.001248	 -0.036187	  0.007040	  0.045340	 -0.115788	 -0.116717
 -0.017216	  0.001634	 -0.041129	  0.042263	  0.074260	 -0.055763	  0.213973
  0.005052	 -0.003180	 -0.084746	  0.048503	  0.042394	 -0.099475	  0.087842
  0.015600	 -0.026430	 -0.123009	  0.059304	  0.019968	 -0.163934	 -0.155551
  0.018768	 -0.005049	 -0.087406	  0.060223	  0.040240	 -0.036156	  0.159397
 -0.023266	 -0.028869	 -0.077080	  0.050213	  0.047082	 -0.061781	  0.093417
 -0.041732	 -0.029819	 -0.132956	  0.000705	  0.050376	 -0.171948	 -0.202146
 -0.052122	 -0.053702	 -0.145721	  0.001782	  0.099441	 -0.045437	  0.064782
 -0.070272	 -0.070015	 -0.121267	  0.019045	  0.104098	  0.000651	  0.120246
 -0.092603	 -0.088957	 -0.096307	  0.006945	  0.067798	 -0.101629	 -0.200625
 -0.104576	 -0.030231	 -0.106665	  0.000927	  0.108247	 -0.000204	  0.008115
 -0.112590	 -0.033462	 -0.089560	 -0.018079	  0.142267	  0.055481	  0.119739
 -0.104164	  0.003883	 -0.095262	 -0.035437	  0.055571	 -0.035934	 -0.276076
 -0.101694	  0.011105	 -0.099665	 -0.037907	  0.101785	  0.041702	 -0.119948
 -0.116423	 -0.019113	 -0.117403	 -0.049469	  0.133841	  0.118166	  0.122051
 -0.099540	  0.036224	 -0.093742	 -0.088968	  0.117940	  0.039231	 -0.174588
 -0.082372	 -0.005999	 -0.123675	 -0.089887	  0.128329	  0.057825	 -0.049059
 -0.035270	 -0.017592	 -0.109262	 -0.077216	  0.177743	  0.151330	  0.220055
  0.002740	 -0.000076	 -0.065931	 -0.096919	  0.116483	  0.058300	 -0.114975
  0.025990	  0.010820	 -0.073438	 -0.089697	  0.100360	  0.053390	 -0.107531
  0.043411	  0.030902	 -0.104036	 -0.061379	  0.114519	  0.143380	  0.232345
  0.047877	  0.045663	 -0.113222	 -0.089950	  0.080658	  0.054657	 -0.024447
  0.057950	  0.085289	 -0.057378	 -0.092072	  0.080310	 -0.007141	 -0.158655
  0.051932	  0.109584	 -0.080248	 -0.050799	  0.085473	  0.046168	  0.188791
  0.030899	  0.105276	 -0.107172	 -0.063184	  0.097636	  0.012244	  0.002477
  0.003405	  0.103882	 -0.106253	 -0.070343	  0.077015	 -0.040717	 -0.197901
  0.013795	  0.074013	 -0.107964	 -0.071768	  0.104383	  0.072364	  0.096933
 -0.008315	  0.066886	 -0.110118	 -0.067429	  0.045403	  0.007081	 -0.026252
 -0.018673	  0.039930	 -0.077080	 -0.027391	 -0.007431	 -0.105461	 -0.261505
 -0.024564	  0.014558	 -0.060863	 -0.040536	  0.013475	 -0.044043	  0.091801
 -0.040022	  0.000779	 -0.062700	 -0.056944	  0.009547	 -0.028902	  0.066968
 -0.050190	  0.000811	 -0.028870	 -0.038446	 -0.044871	 -0.079488	 -0.245826
 -0.043221	 -0.006791	 -0.035142	  0.006881	 -0.024219	 -0.004322	  0.030605
 -0.089087	 -0.031023	 -0.031658	  0.004537	 -0.043921	 -0.001978	  0.080842
 -0.085634	 -0.016420	 -0.064759	  0.009701	 -0.079619	 -0.131815	 -0.229671
 -0.047624	 -0.033589	 -0.063998	  0.036086	 -0.017916	 -0.062921	  0.016446
 -0.006319	 -0.016484	 -0.024879	  0.068332	  0.013728	 -0.040305	  0.208018
 -0.000934	  0.000621	 -0.027825	  0.064024	  0.009072	 -0.139259	 -0.104902
 -0.004989	  0.020988	 -0.045912	  0.064847	 -0.000811	 -0.088230	  0.065828
  0.008061	  0.036224	 -0.037518	  0.086577	  0.023516	  0.007049	  0.304501
  0.016677	  0.018612	 -0.007553	  0.081762	 -0.003567	 -0.076764	 -0.052733
  0.005116	 -0.004606	 -0.024278	  0.067951	  0.020126	 -0.074673	  0.003934
  0.017596	  0.019689	 -0.046007	  0.091264	  0.041096	  0.020195	  0.212801
  0.055954	  0.060582	 -0.070302	  0.047679	  0.019335	 -0.005431	  0.037922
  0.068625	  0.025138	 -0.069256	  0.030860	  0.032512	 -0.071252	 -0.010035
  0.099603	  0.018771	 -0.082814	  0.035611	  0.042458	 -0.004702	  0.145079
  0.079426	  0.001413	 -0.082718	  0.013026	  0.043820	  0.019181	  0.088222
  0.071285	  0.022382	 -0.045405	  0.018126	  0.003877	  0.024661	 -0.011872
  0.044868	  0.014115	 -0.028332	  0.016067	  0.025226	  0.075785	  0.002224
  0.071507	  0.003092	 -0.059215	 -0.032174	  0.040747	  0.063336	  0.052904
  0.081770	  0.042464	 -0.054147	 -0.072719	  0.060608	  0.009647	 -0.026062
  0.050380	  0.038378	 -0.047907	 -0.074556	  0.089115	 -0.006666	 -0.036452
  0.035777	  0.023237	 -0.035586	 -0.073574	  0.117401	 -0.002580	 -0.020234
  0.015062	  0.019974	 -0.037708	 -0.079655	  0.123926	 -0.003657	 -0.058498
 -0.012654	  0.018802	 -0.049586	 -0.042722	  0.128804	 -0.016707	 -0.045289
 -0.003057	  0.026848	 -0.051613	 -0.036925	  0.073816	  0.022507	 -0.033158
  0.000713	  0.027196	 -0.052785	 -0.011807	  0.035996	  0.016774	  0.015179
  0.036284	  0.021368	 -0.070967	 -0.014183	  0.008407	 -0.013255	 -0.002749
  0.076987	  0.026911	 -0.085157	 -0.035088	  0.021900	 -0.048477	 -0.009718
  0.053135	  0.028242	 -0.079551	 -0.018617	  0.059879	 -0.022440	  0.016826
  0.020731	  0.055831	 -0.062035	  0.009194	  0.030643	 -0.019843	 -0.023560
  0.004957	  0.110027	 -0.063555	  0.025063	  0.054241	 -0.023644	 -0.002464
 -0.013700	  0.111611	 -0.039418	  0.005805	  0.008153	  0.011040	 -0.060747
 -0.026053	  0.062990	 -0.060387	 -0.008798	 -0.014526	  0.008791	 -0.091187
 -0.060959	  0.061976	 -0.014331	 -0.025364	 -0.021558	  0.022095	 -0.101355
 -0.032705	  0.092321	  0.003280	  0.015275	 -0.052062	  0.013701	 -0.097965
 -0.062131	  0.078732	 -0.026590	  0.046317	 -0.055261	  0.028557	 -0.093404
 -0.068149	  0.091909	 -0.035142	  0.022973	 -0.066410	  0.004642	 -0.057611
 -0.012179	  0.103566	 -0.056776	 -0.013327	 -0.060772	 -0.018164	 -0.058973
  0.010595	  0.091751	 -0.127096	 -0.036324	 -0.082565	 -0.044613	 -0.079562
  0.005211	  0.128177	 -0.146734	 -0.075664	 -0.060646	 -0.053957	 -0.074557
  0.028112	  0.130426	 -0.113317	 -0.047663	 -0.019309	 -0.032038	 -0.067620
  0.052819	  0.120829	 -0.080786	 -0.031541	  0.018669	 -0.003087	 -0.053747
  0.060801	  0.092416	 -0.096434	 -0.034962	 -0.011739	  0.000081	 -0.027044
  0.049556	  0.051776	 -0.112968	 -0.021436	  0.008438	  0.006194	 -0.027203
  0.055099	 -0.020285	 -0.129946	 -0.037591	  0.017592	  0.002932	  0.014070
  0.065964	 -0.022407	 -0.112398	 -0.037527	  0.022090	 -0.028427	  0.002477
  0.065900	 -0.035426	 -0.098334	 -0.029482	  0.031625	 -0.027730	  0.038714
  0.074484	 -0.028140	 -0.093393	 -0.059573	  0.025606	 -0.021458	  0.035356
  0.031026	 -0.008787	 -0.049871	 -0.034360	  0.001470	 -0.023296	  0.028356
  0.016645	 -0.038467	 -0.025703	 -0.062297	 -0.005689	 -0.032260	  0.043402
  0.027542	 -0.024814	 -0.013001	 -0.037464	 -0.006702	 -0.057315	  0.063642
  0.072647	 -0.032702	  0.009837	 -0.027645	  0.026462	 -0.075940	  0.075900
  0.089087	 -0.050503	 -0.022820	 -0.044844	  0.029566	 -0.064632	  0.103838
  0.077557	 -0.033779	 -0.021047	 -0.038478	  0.028172	 -0.053609	  0.108526
  0.079077	 -0.052879	 -0.031531	 -0.005409	 -0.004802	 -0.017689	  0.110553
  0.073091	 -0.029249	 -0.035459	  0.008148	  0.002103	 -0.052722	  0.092340
  0.111640	 -0.042806	 -0.033875	  0.012266	 -0.049939	 -0.045943	  0.082964
  0.112938	 -0.040905	 -0.041762	 -0.019567	 -0.051903	  0.011769	  0.085941
  0.102042	 -0.032100	 -0.003815	 -0.043134	 -0.063781	 -0.005526	  0.119676
  0.115979	 -0.058865	 -0.014110	 -0.050071	 -0.037649	 -0.052564	  0.101082
  0.122948	 -0.010307	 -0.009707	 -0.038066	 -0.071574	 -0.040654	  0.103553
  0.091272	  0.015793	  0.019023	 -0.040885	 -0.078827	 -0.030644	  0.099245
  0.045565	  0.021812	  0.010945	 -0.061601	 -0.096534	 -0.027413	  0.087367
  0.044235	  0.047564	  0.012054	 -0.052446	 -0.096724	 -0.002643	  0.081222
  0.042651	  0.059188	 -0.004639	 -0.036450	 -0.068818	 -0.010309	  0.078593
  0.023551	  0.078796	 -0.026812	 -0.050071	 -0.071162	 -0.009263	  0.056642
 -0.004102	  0.077022	 -0.020698	  0.001370	 -0.043573	 -0.009263	  0.025505
  0.012306	  0.092289	 -0.055763	  0.018855	 -0.008920	 -0.002295	  0.015179
  0.016012	  0.075280	 -0.059310	  0.046381	 -0.009870	  0.001158	  0.048375
  0.022442	  0.080443	 -0.099285	  0.026584	 -0.031504	 -0.009105	  0.061456
  0.009043	  0.031599	 -0.095769	  0.067571	 -0.059093	 -0.018956	  0.033677
  0.027193	  0.022825	 -0.090004	  0.101464	 -0.040880	 -0.043853	 -0.029230
  0.032705	  0.068058	 -0.071822	  0.075300	 -0.037808	 -0.082497	 -0.083680
  0.036791	  0.033817	 -0.059659	  0.055250	 -0.019088	 -0.108312	 -0.064580
  0.049208	  0.033531	 -0.064347	  0.026995	 -0.026436	 -0.094755	 -0.073417
  0.060262	  0.064066	 -0.069953	  0.025126	 -0.030459	 -0.052120	 -0.059131
  0.052470	  0.069325	 -0.070365	 -0.004332	 -0.007843	 -0.052754	 -0.036325
  0.048447	  0.093556	 -0.068211	 -0.029894	  0.002420	 -0.077492	  0.007925
  0.034954	  0.098878	 -0.077682	 -0.035088	 -0.003218	 -0.064315	  0.011251
  0.048352	  0.063686	 -0.118575	 -0.049944	  0.004637	 -0.073628	  0.016573
  0.048352	  0.044238	 -0.093013	 -0.013454	  0.015090	 -0.038753	 -0.002686
  0.019940	  0.047057	 -0.091366	  0.038715	  0.017846	 -0.038943	  0.008400
  0.005211	 -0.001248	 -0.077175	  0.038082	  0.027887	 -0.036029	  0.035483
  0.017089	 -0.000963	 -0.079741	  0.028357	 -0.012689	 -0.036441	  0.047836
  0.025293	  0.000051	 -0.121172	  0.003682	 -0.048989	 -0.006033	  0.031143
  0.046293	  0.024884	 -0.142743	 -0.015545	 -0.089628	 -0.002263	  0.004726
  0.084494	  0.044650	 -0.125417	 -0.041012	 -0.080063	 -0.028237	 -0.001641
  0.044963	  0.082913	 -0.131118	 -0.026314	 -0.094855	 -0.062130	 -0.041203
  0.009930	  0.070718	 -0.087977	  0.012773	 -0.089248	 -0.087628	 -0.035090
 -0.023899	  0.069641	 -0.054306	  0.017524	 -0.149780	 -0.101375	 -0.029515
 -0.002328	  0.046487	 -0.058740	 -0.003476	 -0.152599	 -0.069035	 -0.044751
  0.007523	  0.053614	 -0.049016	  0.000958	 -0.120227	 -0.055224	 -0.071326
  0.037203	  0.044301	 -0.071062	 -0.002526	 -0.075185	 -0.038436	 -0.056883
  0.048416	  0.052410	 -0.068370	 -0.057736	 -0.012436	 -0.028522	 -0.026633
  0.023234	  0.062293	 -0.074071	 -0.088081	 -0.018517	 -0.036821	 -0.033728
  0.034257	  0.055419	 -0.085221	 -0.107055	 -0.020735	 -0.025481	 -0.054570
  0.039610	  0.039613	 -0.117878	 -0.109525	  0.028457	 -0.039070	 -0.079974
  0.039578	  0.010884	 -0.091809	 -0.128245	  0.027570	 -0.049079	 -0.083300
  0.009899	 -0.023737	 -0.085949	 -0.125616	  0.044326	 -0.054908	 -0.072910
  0.018388	 -0.021489	 -0.110434	 -0.080637	  0.055635	 -0.056491	 -0.074716
  0.018831	 -0.024656	 -0.091081	 -0.045636	  0.020950	 -0.012621	 -0.068001
  0.036728	  0.007938	 -0.054559	 -0.024065	  0.004479	  0.003660	 -0.034235
  0.036601	 -0.004922	 -0.042491	 -0.018807	  0.031340	 -0.007490	 -0.052543
  0.063050	 -0.019905	 -0.020635	 -0.025776	  0.021520	 -0.037201	 -0.049407
  0.082783	 -0.017371	  0.000081	 -0.021785	  0.001311	 -0.065329	 -0.040760
  0.076797	 -0.021869	  0.003248	 -0.012060	 -0.014685	 -0.054908	 -0.017415
  0.067864	 -0.002262	 -0.031880	 -0.017382	 -0.043668	 -0.064917	 -0.032999
