:RUN-1	LEVEL SWEEP	TEMP:NaN	8/27/2019	4:56 PM	HR:-636.36:SW EAR: R	SW FREQ: 5.66	# AVERAGES: 512	REP RATE (/sec): 80	DRIVER: 	SAMPLE (µsec): 40	MASKER dB: 2147483647:NOTES-:CHAMBER-SEWELL-PXI1:CFTS Version: V2.7.2 (R850):LEVELS:20;30;40;50;60;70;80;:DATA  0.023338	  0.019069	 -0.019631	 -0.014374	  0.052446	 -0.004256	  0.010790
 -0.000038	  0.045359	 -0.031382	  0.002857	  0.018902	 -0.022311	  0.005785
 -0.015084	  0.066296	  0.008909	 -0.012347	  0.027455	 -0.058959	 -0.013030
 -0.032125	  0.065314	  0.052462	 -0.001704	  0.031256	 -0.072262	 -0.031623
 -0.038428	  0.024738	  0.031303	  0.003301	  0.051211	 -0.063805	 -0.047524
 -0.024840	  0.042128	  0.047584	 -0.002053	  0.028627	 -0.047017	 -0.052814
 -0.032695	  0.047703	  0.027059	 -0.026854	  0.021405	 -0.013790	 -0.077774
 -0.005454	  0.032689	  0.021072	 -0.011840	  0.025364	  0.008129	 -0.068271
 -0.005645	 -0.007570	  0.014705	 -0.000564	  0.025807	  0.016523	 -0.074765
 -0.008305	 -0.063794	  0.014325	 -0.016275	  0.023939	 -0.033334	 -0.032542
  0.016560	 -0.077288	  0.001243	  0.009287	  0.012662	 -0.000771	 -0.004066
  0.013994	 -0.091542	 -0.034740	  0.027089	  0.034930	 -0.006695	  0.012754
  0.030339	 -0.066803	 -0.020739	  0.009192	  0.019536	 -0.021550	  0.007844
  0.006170	 -0.068007	 -0.063216	 -0.010225	 -0.013153	 -0.011478	 -0.003305
  0.008799	 -0.036617	 -0.067936	  0.009984	 -0.028832	  0.003727	  0.027135
  0.024162	 -0.019512	 -0.043799	  0.012360	 -0.048534	  0.034167	  0.065335
 -0.006912	 -0.019955	 -0.022767	 -0.019949	 -0.116035	  0.055547	  0.044398
  0.018175	  0.011942	  0.028136	 -0.014184	 -0.100514	  0.058240	  0.068376
  0.015356	  0.022426	  0.037321	  0.007450	 -0.058861	  0.086748	  0.079050
  0.012632	  0.073423	  0.020090	  0.048850	 -0.007610	  0.093146	  0.084245
  0.027234	  0.093189	  0.026869	  0.075615	 -0.008053	  0.078195	  0.068249
  0.026474	  0.133955	  0.010176	  0.057877	 -0.023416	  0.102459	  0.081521
  0.017542	  0.080930	  0.001718	  0.035134	 -0.045430	  0.087254	  0.070657
  0.006867	  0.031485	  0.002827	  0.042293	 -0.049168	  0.069231	  0.099323
  0.022261	  0.021603	 -0.014309	  0.054900	 -0.044702	  0.080222	  0.090485
  0.032968	  0.019797	 -0.041138	  0.027944	 -0.036181	  0.097866	  0.087444
  0.067779	  0.016028	 -0.060682	  0.026107	 -0.040489	  0.063118	  0.086843
  0.087164	  0.034843	 -0.073130	  0.038999	 -0.019488	  0.063561	  0.088997
  0.112948	  0.063192	 -0.067967	  0.018821	 -0.003144	  0.068376	  0.085005
  0.127202	  0.079410	 -0.085262	  0.033139	  0.020613	  0.090612	  0.037366
  0.094956	  0.073645	 -0.069488	  0.030985	  0.034011	  0.082281	  0.064670
  0.104807	  0.076781	 -0.070026	  0.025252	  0.056628	  0.096630	  0.085892
  0.095716	  0.096768	 -0.066003	  0.048881	  0.096728	  0.094666	  0.100906
  0.072023	  0.087361	 -0.046238	  0.031207	  0.128087	  0.130650	  0.123649
  0.069268	  0.037979	 -0.034772	  0.038080	  0.135056	  0.080349	  0.150953
  0.074051	  0.030915	 -0.024889	  0.034944	  0.141137	  0.109205	  0.197738
  0.039018	  0.001267	  0.009320	  0.027976	  0.123653	  0.120260	  0.213417
  0.022768	  0.009756	 -0.006042	  0.054171	  0.080416	  0.163719	  0.223997
  0.018492	 -0.014064	  0.030416	  0.073208	  0.065465	  0.223268	  0.174963
  0.002179	 -0.019924	  0.016321	  0.035261	  0.025681	  0.246169	  0.134134
 -0.019392	 -0.020114	  0.015909	  0.047741	  0.059130	  0.287918	  0.111581
 -0.000450	 -0.023376	  0.038810	  0.064054	  0.080321	  0.324344	  0.082281
 -0.003712	 -0.052011	  0.038652	  0.066018	  0.100656	  0.299036	 -0.001151
  0.019126	 -0.060658	  0.025633	  0.044605	  0.129798	  0.263401	 -0.039003
 -0.010142	 -0.060373	  0.046222	  0.037573	  0.153839	  0.216331	 -0.064850
 -0.022369	 -0.038644	  0.049960	  0.062628	  0.128974	  0.112056	 -0.084014
 -0.046126	 -0.027494	  0.074287	  0.074728	  0.062297	  0.047597	 -0.071534
 -0.083281	 -0.013335	  0.082902	  0.038745	  0.049912	 -0.032162	 -0.093232
 -0.052587	 -0.020716	  0.081825	  0.016889	  0.025079	 -0.079104	 -0.118065
  0.000152	 -0.013715	  0.050372	 -0.000564	  0.002336	 -0.134346	 -0.139731
  0.008103	 -0.019892	  0.043308	 -0.041742	  0.021056	 -0.106503	 -0.115056
 -0.007957	 -0.015743	  0.041693	 -0.054824	 -0.001908	 -0.117431	 -0.099282
  0.021660	 -0.027431	  0.033489	 -0.055616	 -0.000736	 -0.147903	 -0.074511
  0.000025	 -0.014381	  0.003144	 -0.048299	  0.003856	 -0.139763	 -0.022912
 -0.015622	 -0.007380	  0.008434	 -0.032778	 -0.032285	 -0.112142	  0.018329
 -0.032125	 -0.016978	  0.022719	 -0.075349	 -0.047553	 -0.090571	  0.041389
 -0.010903	  0.014096	  0.025950	 -0.079594	 -0.004094	 -0.044040	  0.056846
 -0.043465	  0.073962	 -0.022672	 -0.058276	 -0.021991	  0.000052	  0.082471
 -0.063357	  0.060278	 -0.002304	 -0.069173	  0.004490	  0.053077	  0.081363
 -0.034089	  0.100823	  0.003682	 -0.051149	  0.023083	  0.077372	  0.054312
 -0.017428	  0.087044	  0.022181	 -0.033981	  0.049184	  0.109427	  0.023429
  0.010953	  0.079505	 -0.002146	 -0.019854	  0.043007	  0.118011	  0.020451
 -0.005613	  0.085713	 -0.007214	 -0.005157	  0.036545	  0.120482	  0.037588
  0.009496	  0.059201	 -0.025586	 -0.003066	  0.078674	  0.116396	  0.061629
  0.030054	  0.034241	 -0.005504	  0.006373	  0.080954	  0.105721	  0.046615
  0.020107	  0.049318	 -0.008228	  0.020215	  0.089633	  0.108825	  0.056941
  0.073987	  0.077509	 -0.022418	  0.068963	  0.080923	  0.105309	  0.075503
  0.105187	  0.082863	 -0.028563	  0.087367	  0.091755	  0.098436	  0.063403
  0.098092	  0.058758	 -0.040917	  0.057117	  0.137590	  0.076485	  0.018329
  0.083173	  0.063731	 -0.063533	  0.089426	  0.130970	  0.073761	  0.003663
  0.070661	  0.064998	 -0.077628	  0.096331	  0.128119	  0.036986	 -0.004889
  0.087798	  0.092207	 -0.075981	  0.089236	  0.118584	  0.027325	 -0.000201
  0.094576	  0.110135	 -0.073004	  0.079195	  0.073764	  0.059539	  0.017980
  0.062077	  0.077098	 -0.081366	  0.058067	  0.088049	  0.082345	  0.014116
  0.025651	  0.075767	 -0.070121	  0.063579	  0.076963	  0.064480	 -0.003971
  0.068634	  0.062052	 -0.011744	  0.024586	  0.071768	  0.041008	 -0.026967
  0.051276	  0.054291	 -0.007594	  0.018315	  0.071452	  0.053552	 -0.006314
  0.011397	  0.028444	  0.031430	  0.018030	  0.070628	  0.079684	  0.038189
 -0.021007	  0.008426	  0.039412	  0.042039	  0.041708	  0.086874	  0.025488
 -0.067601	  0.024200	  0.045399	  0.055185	 -0.009415	  0.109269	  0.003473
 -0.053949	  0.067753	  0.017746	  0.076122	  0.000942	  0.092132	  0.028560
 -0.074982	  0.104243	  0.037733	  0.057972	  0.003920	  0.071290	  0.033343
 -0.084706	  0.111782	  0.037385	  0.031523	  0.023432	  0.051050	  0.016745
 -0.083597	  0.095786	  0.010239	  0.017586	  0.024255	  0.055104	  0.022288
 -0.041089	  0.061260	  0.034186	  0.034311	  0.033853	  0.047407	  0.009301
 -0.020247	  0.047260	  0.058702	  0.013057	  0.022608	  0.050036	 -0.006568
 -0.005296	  0.056857	  0.016574	  0.021546	 -0.000546	  0.023904	 -0.016419
  0.004460	  0.057111	 -0.023939	  0.007007	 -0.041566	  0.039583	 -0.044958
  0.010700	  0.077921	 -0.045605	 -0.007342	 -0.051734	  0.022193	 -0.019998
  0.032556	  0.073803	 -0.022418	 -0.023592	 -0.052906	 -0.007360	 -0.034759
  0.015071	  0.030630	 -0.051306	 -0.018872	 -0.025443	  0.010790	 -0.048728
  0.001863	  0.021666	 -0.031699	 -0.010827	  0.004395	  0.042307	  0.000084
  0.021343	  0.026100	 -0.078927	 -0.028058	 -0.013502	  0.013293	  0.011519
 -0.011758	  0.056509	 -0.097457	 -0.076901	  0.004395	  0.006261	  0.018361
 -0.004663	  0.070066	 -0.087923	 -0.075634	  0.007943	 -0.005839	  0.053108
  0.005505	  0.075324	 -0.037021	 -0.046715	 -0.016542	  0.029162	  0.059919
 -0.008749	  0.091288	 -0.031224	 -0.047570	  0.023083	  0.006767	  0.058050
  0.003731	  0.085523	 -0.019029	 -0.036769	  0.036292	  0.033090	  0.047248
 -0.003554	  0.032277	  0.011728	 -0.023845	  0.058781	  0.021338	  0.061661
  0.020107	  0.018340	  0.026108	 -0.031035	  0.062678	  0.009777	  0.060267
  0.051054	 -0.020842	  0.025380	 -0.025207	  0.046840	  0.036067	  0.062706
  0.069046	 -0.033512	  0.086482	 -0.025967	  0.005915	  0.038728	  0.080318
  0.085327	 -0.007444	  0.068395	 -0.029705	  0.009400	  0.038348	  0.068503
  0.087259	  0.015933	  0.059462	 -0.007152	  0.002209	  0.055199	  0.072779
  0.083110	  0.004086	  0.028389	  0.002572	 -0.002415	  0.086811	  0.080539
  0.075793	  0.020304	  0.022086	  0.008875	  0.016178	  0.095712	  0.041008
  0.027456	  0.021286	  0.032982	  0.029084	  0.015893	  0.096567	  0.009080
  0.037814	 -0.012353	  0.040774	  0.038270	 -0.003080	  0.096662	  0.022320
  0.081558	 -0.039911	  0.029118	  0.049198	  0.014246	  0.083168	 -0.004509
  0.084693	 -0.050332	  0.009796	  0.039094	  0.020676	  0.083928	 -0.066466
  0.068381	 -0.084288	  0.011063	  0.045239	 -0.014389	  0.052728	 -0.091869
  0.052195	 -0.066075	  0.049358	  0.022527	 -0.024113	  0.039900	 -0.102544
  0.062964	 -0.078080	  0.025982	 -0.008039	 -0.042389	  0.049212	 -0.103558
  0.056281	 -0.056730	  0.005266	  0.009667	 -0.057752	  0.054882	 -0.091616
  0.048045	 -0.046341	  0.010271	  0.047108	 -0.020470	  0.064005	 -0.089652
  0.027298	 -0.039436	  0.017809	  0.033455	 -0.027946	  0.043036	 -0.092566
  0.022071	 -0.043902	  0.010429	  0.005486	 -0.036625	  0.036669	 -0.071724
  0.010827	 -0.021856	  0.001212	  0.016921	 -0.060001	  0.012089	 -0.017496
 -0.013532	 -0.016249	 -0.024572	  0.046221	 -0.005995	  0.031918	  0.003505
 -0.009065	  0.027716	  0.020660	  0.049483	 -0.010746	  0.029099	 -0.032478
  0.006329	  0.028825	  0.004157	  0.011980	 -0.016289	  0.042846	 -0.028456
 -0.000418	  0.021096	  0.042263	  0.030795	 -0.014230	  0.058715	  0.006134
 -0.031935	  0.024612	  0.040996	  0.028831	 -0.034534	  0.029067	  0.016523
 -0.000418	  0.018277	  0.000927	  0.046664	 -0.005773	  0.017949	  0.012691
 -0.004979	  0.052423	 -0.008829	  0.032822	 -0.041249	 -0.002925	  0.011614
 -0.024016	  0.068735	  0.003999	  0.018853	 -0.058132	  0.008541	 -0.016261
 -0.036433	  0.074975	  0.036213	  0.028831	 -0.051924	  0.027705	  0.021908
  0.005188	  0.091035	  0.036561	  0.029148	 -0.052937	  0.023967	  0.007148
 -0.001305	  0.091225	  0.009447	  0.073588	 -0.060254	 -0.005586	  0.022320
  0.027456	  0.087962	  0.011854	  0.068868	 -0.055756	 -0.017084	  0.042370
  0.035090	  0.078143	 -0.002114	  0.055185	 -0.068015	 -0.006536	  0.085069
  0.052036	  0.069116	 -0.007151	  0.071244	 -0.036086	 -0.004984	  0.055326
  0.083648	  0.066772	  0.027217	  0.090186	 -0.053793	  0.037968	  0.027135
  0.076521	  0.088406	  0.012171	  0.046062	 -0.059653	  0.051525	  0.057670
  0.081684	  0.086569	  0.018285	  0.071751	 -0.050847	  0.053615	  0.064036
  0.079182	  0.089103	 -0.019156	  0.052081	 -0.055661	  0.074553	  0.034167
  0.103255	  0.104434	  0.000483	  0.054836	 -0.027692	  0.113577	  0.034420
  0.098314	  0.071808	 -0.015925	  0.047614	 -0.013375	  0.063149	  0.031633
  0.104649	  0.019892	 -0.044718	  0.041596	  0.015260	  0.036606	  0.035560
  0.117731	  0.044409	 -0.035057	  0.064529	  0.012409	  0.039266	  0.022098
  0.137940	  0.079093	 -0.042374	  0.064656	  0.005979	  0.007433	  0.009998
  0.135311	  0.046879	 -0.026948	  0.064339	  0.008449	  0.012944	  0.003188
  0.146745	  0.004815	 -0.052731	  0.066271	  0.002146	  0.006419	  0.008731
  0.120550	  0.035033	 -0.037401	  0.051225	  0.030559	  0.030397	  0.015320
  0.087798	  0.028951	 -0.027961	  0.044225	  0.049881	  0.006071	  0.012912
  0.083648	  0.048368	 -0.010762	  0.018346	  0.041297	 -0.022247	  0.012817
  0.085644	  0.058188	 -0.017699	  0.013088	  0.022577	 -0.035804	 -0.023641
  0.050642	  0.051884	  0.002700	 -0.005093	 -0.001528	 -0.056108	 -0.058864
  0.033950	  0.063477	  0.018728	 -0.027108	 -0.000927	 -0.043913	 -0.092186
  0.010985	  0.079062	  0.018886	 -0.058530	 -0.043593	 -0.024433	 -0.148822
 -0.027722	  0.089483	  0.014325	 -0.064960	 -0.110428	 -0.062158	 -0.169031
 -0.030826	  0.121316	  0.048154	 -0.061729	 -0.105265	 -0.118097	 -0.142550
 -0.072258	  0.093791	  0.071214	 -0.055299	 -0.077676	 -0.132826	 -0.154808
 -0.036560	  0.065948	  0.072101	 -0.092676	 -0.095161	 -0.118762	 -0.161999
 -0.021419	  0.084763	  0.032665	 -0.086752	 -0.118474	 -0.116703	 -0.153320
 -0.020912	  0.034748	 -0.004300	 -0.048584	 -0.123605	 -0.127029	 -0.140048
 -0.019487	  0.014127	 -0.029894	 -0.037782	 -0.149769	 -0.144482	 -0.158134
 -0.043275	 -0.001647	 -0.036672	 -0.026157	 -0.154964	 -0.148093	 -0.185755
 -0.022749	 -0.020177	 -0.038953	 -0.035058	 -0.156167	 -0.131685	 -0.145971
 -0.007070	 -0.028603	 -0.068157	 -0.035945	 -0.146950	 -0.091901	 -0.120757
  0.015483	 -0.018182	 -0.053682	 -0.067842	 -0.170389	 -0.083887	 -0.144482
  0.011207	 -0.034304	 -0.029735	 -0.081621	 -0.163928	 -0.055411	 -0.100549
 -0.019107	 -0.027272	 -0.020739	 -0.073670	 -0.161742	 -0.015975	 -0.037040
 -0.026424	 -0.015648	 -0.015260	 -0.023560	 -0.117270	 -0.003369	 -0.003210
 -0.032759	  0.026069	  0.013660	 -0.031447	 -0.081002	 -0.006948	 -0.003274
 -0.050402	  0.001235	  0.014959	 -0.044624	 -0.030891	  0.006482	  0.050099
 -0.059366	 -0.028508	  0.044924	 -0.063313	  0.010192	  0.033375	  0.070530
 -0.032505	 -0.027367	  0.056390	 -0.031511	  0.043862	  0.059887	  0.095205
 -0.025410	 -0.009503	  0.042041	 -0.010066	  0.080764	  0.081933	  0.074077
  0.004935	 -0.009566	  0.036720	  0.006183	  0.110697	  0.113640	  0.068408
 -0.000862	 -0.031644	  0.008750	  0.039442	  0.128752	  0.107305	  0.090200
  0.015071	 -0.076781	 -0.015861	  0.053538	  0.135119	  0.132423	  0.064828
 -0.004061	 -0.071428	 -0.017730	  0.071054	  0.143925	  0.141324	  0.049878
 -0.008654	 -0.037915	 -0.012187	  0.054044	  0.140535	  0.161660	  0.020103
  0.026538	 -0.040354	 -0.009780	 -0.018587	  0.132427	  0.143890	 -0.006980
  0.034266	 -0.016059	 -0.013961	 -0.055267	  0.129132	  0.171352	 -0.017084
  0.047253	 -0.021349	 -0.038446	 -0.051308	  0.088936	  0.202774	 -0.035044
  0.059417	  0.001425	 -0.052225	 -0.012252	  0.075379	  0.143795	 -0.037420
  0.085200	  0.000380	 -0.060302	 -0.001324	  0.068347	  0.118961	 -0.047144
  0.074272	 -0.005923	 -0.063945	 -0.011840	  0.046428	  0.108572	 -0.050121
  0.095748	  0.010611	 -0.062709	 -0.023655	  0.072655	  0.117536	 -0.026967
  0.072467	  0.016186	 -0.103539	  0.013627	  0.081113	  0.090802	 -0.046067
  0.049851	  0.060943	 -0.072434	 -0.012315	  0.078515	  0.066507	 -0.027093
  0.063503	  0.079790	 -0.113200	 -0.031257	  0.051433	  0.056213	  0.001573
  0.068159	  0.093696	 -0.080257	 -0.037212	  0.008988	  0.030587	  0.024696
  0.017542	  0.078143	 -0.038573	 -0.034646	 -0.023796	  0.020166	  0.013768
  0.008039	  0.068894	 -0.055709	 -0.026189	 -0.046476	 -0.010939	  0.002871
  0.008103	  0.068545	 -0.052066	 -0.017795	 -0.039602	 -0.003812	  0.015827
  0.013266	  0.042698	 -0.042785	 -0.030940	 -0.047774	 -0.055094	  0.026216
  0.026094	  0.013620	 -0.073257	 -0.008863	 -0.058290	 -0.062887	  0.022985
  0.004238	 -0.020336	 -0.077438	  0.028324	 -0.063042	 -0.063805	 -0.015627
 -0.068013	 -0.022806	 -0.067872	  0.005866	 -0.064436	 -0.072167	 -0.021867
 -0.067158	  0.002724	 -0.094036	  0.014894	 -0.042675	 -0.052402	 -0.059941
 -0.057877	 -0.010136	 -0.082601	  0.008495	 -0.035389	 -0.040017	 -0.082272
 -0.049420	  0.005955	 -0.041867	  0.041628	 -0.083884	 -0.080751	 -0.108657
 -0.072226	 -0.000570	 -0.035120	  0.025030	 -0.083567	 -0.056330	 -0.082209
 -0.106087	  0.003516	 -0.048044	 -0.000532	 -0.057625	 -0.028265	 -0.074701
 -0.088856	  0.010928	 -0.052605	  0.010142	 -0.044163	 -0.042931	 -0.108594
 -0.080873	 -0.038264	 -0.037559	  0.024270	 -0.032253	  0.001383	 -0.090666
 -0.102761	 -0.079537	 -0.009210	  0.014165	 -0.012108	 -0.017401	 -0.068081
 -0.117300	 -0.061482	 -0.009716	  0.040582	 -0.012741	 -0.014803	 -0.047049
 -0.090028	 -0.054545	 -0.006486	  0.023858	  0.013296	 -0.007360	 -0.044547
 -0.073461	 -0.075989	  0.019393	  0.008210	  0.018681	 -0.012840	 -0.044737
 -0.070199	 -0.085492	  0.015719	 -0.033760	  0.036070	 -0.000708	 -0.036723
 -0.077136	 -0.104497	 -0.002241	 -0.052163	  0.028183	  0.009745	 -0.003559
 -0.071783	 -0.080519	  0.000230	 -0.050041	 -0.003175	 -0.006663	  0.004709
 -0.075045	 -0.052454	 -0.027074	 -0.026633	 -0.032633	 -0.010242	 -0.007170
 -0.035134	 -0.028349	 -0.044813	 -0.030149	 -0.021642	  0.026184	 -0.017686
 -0.046791	 -0.031612	 -0.002843	 -0.053683	 -0.026013	  0.042719	 -0.016292
 -0.044954	 -0.052644	 -0.000214	 -0.088590	 -0.040901	  0.065272	 -0.031750
 -0.026930	 -0.031232	 -0.039555	 -0.070345	 -0.081920	  0.069199	 -0.081258
 -0.017048	 -0.025214	 -0.080067	 -0.052100	 -0.095731	  0.053457	 -0.067986
  0.005378	 -0.010485	 -0.094448	 -0.033760	 -0.112329	  0.060615	 -0.044642
 -0.005974	 -0.029392	 -0.021680	  0.014672	 -0.027626	 -0.000911	 -0.014661
  0.007076	 -0.011337	 -0.015947	  0.011124	 -0.054075	 -0.026314	  0.004281
 -0.014051	 -0.005287	 -0.015060	  0.029433	 -0.042608	 -0.053587	  0.041278
 -0.001318	 -0.029708	 -0.007553	  0.033107	 -0.029114	 -0.062456	  0.050115
  0.051675	 -0.000345	 -0.018259	  0.004979	 -0.033232	 -0.026631	  0.008114
  0.080975	 -0.004748	 -0.020540	 -0.045036	 -0.035038	 -0.008449	  0.002127
  0.060703	 -0.013871	 -0.001281	 -0.046461	 -0.011978	 -0.008988	  0.001937
  0.037770	 -0.013491	  0.010977	 -0.004397	 -0.030255	 -0.019821	 -0.014598
  0.035046	  0.004849	  0.031028	  0.006310	 -0.033612	  0.005488	 -0.055364
  0.034475	  0.039217	  0.013353	 -0.011112	 -0.006023	  0.027090	  0.010489
  0.017656	  0.014827	  0.011357	  0.018695	 -0.010141	  0.048693	  0.091610
 -0.031092	  0.001587	  0.005466	  0.022813	 -0.017141	  0.039982	  0.028734
 -0.040088	  0.035384	  0.018896	  0.006943	 -0.036906	  0.014357	 -0.061192
 -0.041324	  0.027782	 -0.010594	 -0.009750	 -0.025503	  0.010746	 -0.030530
 -0.034070	  0.038457	 -0.017594	 -0.010637	  0.027046	  0.000736	  0.069722
 -0.042654	  0.002791	  0.012751	  0.032347	  0.050359	 -0.007214	  0.069976
 -0.026531	 -0.008929	  0.011801	  0.015939	  0.064391	 -0.018712	 -0.064613
 -0.013608	 -0.012572	  0.015950	 -0.010795	  0.060337	  0.012615	 -0.082193
 -0.038663	 -0.016025	 -0.000331	 -0.025904	  0.080197	  0.025285	 -0.007471
 -0.036002	 -0.019192	 -0.002738	 -0.032271	  0.110922	  0.048091	 -0.047762
 -0.043509	 -0.002404	  0.023552	 -0.008609	  0.117194	 -0.002780	 -0.137244
 -0.072080	 -0.008644	  0.030299	 -0.013551	  0.111081	 -0.014689	 -0.181558
 -0.080316	 -0.025242	  0.036349	 -0.022040	  0.115293	  0.018316	 -0.065468
 -0.092701	 -0.043899	  0.044870	 -0.005505	  0.161919	  0.032158	 -0.013299
 -0.072112	 -0.043645	  0.051807	  0.002477	  0.160051	  0.022181	 -0.086184
 -0.071859	 -0.038292	  0.065712	 -0.003446	  0.118714	 -0.025871	 -0.157833
 -0.041229	 -0.071520	  0.094632	 -0.030370	  0.124733	  0.013502	 -0.092867
 -0.017409	 -0.048587	  0.126402	 -0.051941	  0.130149	  0.056453	 -0.002339
 -0.028495	 -0.018717	  0.128714	 -0.018587	  0.099994	  0.068237	 -0.024068
 -0.020260	 -0.002119	  0.085002	 -0.064390	  0.096953	  0.057910	 -0.140317
  0.017687	  0.013148	  0.077083	 -0.080734	  0.063346	  0.072766	 -0.170408
  0.005366	 -0.005825	  0.056399	 -0.071326	  0.101673	  0.143434	 -0.071265
  0.013190	  0.005420	  0.081645	 -0.101418	  0.106361	  0.156167	  0.016666
  0.010529	  0.027941	  0.099383	 -0.104522	  0.073292	  0.120691	 -0.045481
 -0.034482	 -0.008137	  0.070242	 -0.076046	  0.071645	  0.043150	 -0.152670
 -0.013544	 -0.022043	  0.064540	 -0.076648	  0.054730	  0.052367	 -0.130466
  0.024973	 -0.003418	  0.056875	 -0.044149	  0.067210	  0.094337	 -0.051246
  0.065676	 -0.005192	  0.048481	 -0.013012	  0.091569	  0.072608	 -0.091537
  0.068558	 -0.048523	  0.062386	 -0.037054	  0.054699	  0.032697	 -0.188210
  0.075748	 -0.058184	  0.060074	 -0.029135	  0.055775	  0.024936	 -0.219220
  0.050376	 -0.058501	  0.065490	 -0.020836	  0.054192	  0.003144	 -0.113234
  0.040810	 -0.038197	  0.048987	 -0.005473	  0.070948	 -0.031256	 -0.055871
  0.045023	 -0.034206	  0.049716	  0.020944	  0.081274	 -0.108132	 -0.107438
  0.069445	 -0.021758	  0.031566	  0.053316	  0.056631	 -0.174111	 -0.133823
  0.077047	 -0.070126	  0.014271	  0.062502	  0.050961	 -0.093783	 -0.025240
  0.063617	 -0.095720	  0.031059	  0.040741	  0.073862	 -0.072560	  0.096995
  0.031751	 -0.091729	  0.008190	  0.033582	  0.080609	 -0.120485	  0.079510
  0.051422	 -0.127237	 -0.021712	  0.045049	  0.075699	 -0.139173	 -0.004335
  0.037073	 -0.107249	 -0.048573	  0.025790	  0.114280	 -0.130368	  0.004978
 -0.010282	 -0.122865	 -0.076985	 -0.007817	  0.160842	 -0.080321	  0.106972
  0.002927	 -0.095910	 -0.101027	  0.028102	  0.140222	 -0.021816	  0.087175
  0.025765	 -0.076049	 -0.069003	  0.019075	  0.137339	 -0.042944	 -0.044657
 -0.020703	 -0.055175	 -0.046102	  0.065226	  0.158530	  0.003366	 -0.072152
 -0.038916	 -0.030278	 -0.027730	  0.067665	  0.170092	  0.044765	 -0.015358
 -0.043858	 -0.020047	 -0.017689	  0.049547	  0.171961	  0.049263	  0.010553
 -0.073918	 -0.019192	  0.013321	  0.054234	  0.157010	  0.012235	 -0.096637
 -0.085131	 -0.029296	  0.012561	  0.072416	  0.159227	 -0.011364	 -0.216813
 -0.097040	 -0.019857	  0.035589	  0.068963	  0.137593	 -0.001164	 -0.142154
 -0.088298	 -0.010228	  0.023077	  0.060791	  0.167621	  0.015370	 -0.028661
 -0.078796	 -0.033921	  0.010629	  0.068552	  0.162205	  0.021864	 -0.005475
 -0.042559	 -0.042759	 -0.005272	  0.037193	  0.132810	 -0.041740	 -0.164137
 -0.026405	 -0.039844	 -0.008060	  0.017174	  0.119158	 -0.052035	 -0.177694
 -0.053043	 -0.051247	 -0.020667	  0.009256	  0.087039	 -0.014468	 -0.076935
 -0.006576	 -0.045768	 -0.035491	 -0.003541	  0.061889	  0.037385	 -0.009625
  0.019683	 -0.072565	 -0.040052	 -0.019886	  0.069744	 -0.016242	 -0.113456
  0.017466	 -0.080801	 -0.035554	  0.004029	  0.054540	 -0.035690	 -0.164200
  0.015153	 -0.090873	 -0.029219	  0.011219	  0.039938	 -0.009178	 -0.072975
  0.054969	 -0.064361	 -0.034667	  0.010998	  0.028218	  0.024113	  0.022114
  0.086961	 -0.068701	 -0.006856	 -0.008419	  0.015326	  0.009384	  0.004978
  0.061526	 -0.077601	 -0.013445	  0.004251	 -0.005548	 -0.045795	 -0.076459
  0.023928	 -0.082859	 -0.006001	 -0.017225	 -0.002951	 -0.121974	 -0.047572
  0.047716	 -0.070601	 -0.007014	 -0.011143	  0.035345	 -0.071578	  0.103773
  0.028584	 -0.069144	  0.026941	 -0.006360	  0.069903	 -0.050134	  0.135892
  0.023642	 -0.099204	  0.041195	 -0.001387	  0.086659	 -0.042405	 -0.000059
  0.054494	 -0.114978	  0.057318	 -0.011397	  0.053336	 -0.058686	 -0.047096
  0.065359	 -0.062682	  0.058743	  0.010491	  0.048205	 -0.064420	  0.087460
  0.045277	 -0.073864	  0.082342	  0.009857	  0.059545	 -0.040283	  0.133706
 -0.001634	 -0.083493	  0.097356	 -0.021723	  0.094261	 -0.040125	  0.039219
  0.001818	 -0.104652	  0.079681	 -0.044909	  0.086691	 -0.044211	 -0.046526
  0.015153	 -0.071963	  0.074074	 -0.053113	  0.058246	 -0.018395	 -0.013362
  0.024308	 -0.018780	  0.053010	 -0.058720	  0.041743	 -0.005630	  0.095918
  0.045467	 -0.011875	  0.024661	 -0.074336	  0.051816	 -0.029133	  0.100194
  0.059816	 -0.019160	 -0.002105	 -0.080512	  0.057708	 -0.014658	  0.019105
  0.018859	 -0.017545	 -0.013983	 -0.036484	  0.102623	 -0.016242	 -0.031987
  0.020443	 -0.027808	 -0.026336	 -0.027995	  0.125081	  0.007863	  0.033707
  0.032733	 -0.007155	 -0.000489	  0.002129	  0.137466	  0.037480	  0.084800
  0.003972	 -0.030690	 -0.019495	 -0.032904	  0.151118	  0.023764	  0.002032
  0.034697	 -0.019034	 -0.015915	 -0.042945	  0.152290	  0.048439	 -0.118556
  0.018258	 -0.005635	  0.017787	 -0.084028	  0.162711	  0.079196	 -0.085804
  0.023516	 -0.018622	  0.018991	 -0.109654	  0.192074	  0.112550	 -0.007819
 -0.007970	 -0.012889	  0.003343	 -0.109052	  0.205093	  0.096808	 -0.057644
 -0.013513	 -0.021093	 -0.016897	 -0.079530	  0.157390	  0.038620	 -0.178992
  0.030864	  0.006402	 -0.000648	 -0.064516	  0.140697	  0.028611	 -0.199550
  0.043186	  0.022746	 -0.005811	 -0.047158	  0.158213	  0.054394	 -0.087102
  0.053386	  0.012040	  0.010122	 -0.041077	  0.146367	  0.085690	 -0.032526
  0.046069	  0.013687	 -0.034129	 -0.045479	  0.127773	  0.084011	 -0.116244
  0.037643	  0.012040	 -0.041699	 -0.049946	  0.127995	  0.059653	 -0.186341
  0.019398	  0.030538	  0.001855	 -0.065181	  0.084695	  0.067540	 -0.084505
  0.021298	  0.024488	 -0.005336	 -0.070376	  0.083871	  0.104885	 -0.003891
  0.047177	  0.047675	 -0.008630	 -0.017193	  0.110954	  0.056327	 -0.032146
  0.012429	  0.043335	 -0.018544	 -0.001736	  0.142312	  0.000705	 -0.104777
 -0.006196	  0.017741	 -0.011417	 -0.019981	  0.149534	 -0.008354	 -0.063156
 -0.024187	  0.019483	  0.013955	 -0.049566	  0.166702	  0.019267	  0.050210
 -0.043541	 -0.021884	  0.012561	 -0.066543	  0.151403	  0.014452	  0.043400
 -0.024441	 -0.031007	 -0.014205	 -0.042692	  0.164327	 -0.011585	 -0.087958
 -0.021115	 -0.025686	 -0.035332	 -0.034171	  0.183807	 -0.065845	 -0.097524
  0.003845	 -0.079502	 -0.058455	 -0.040253	  0.187513	 -0.066447	  0.037287
  0.005207	 -0.089131	 -0.028934	 -0.049059	  0.187165	 -0.030052	  0.088220
 -0.000526	 -0.086914	 -0.001503	 -0.040855	  0.183395	 -0.011110	  0.015969
  0.021362	 -0.083841	 -0.008472	 -0.051276	  0.138765	 -0.038097	 -0.103510
  0.042679	 -0.106774	  0.019910	 -0.071992	  0.148172	 -0.019314	 -0.045481
  0.041444	 -0.098444	  0.018864	 -0.067462	  0.152068	 -0.019219	  0.065984
  0.003624	 -0.119951	  0.025579	 -0.054190	  0.132018	 -0.027898	  0.013467
 -0.025993	 -0.134585	  0.014810	 -0.032556	  0.134267	 -0.067017	 -0.103574
 -0.015096	 -0.146242	  0.022095	 -0.006392	  0.111872	 -0.068157	 -0.105791
  0.002547	 -0.113870	  0.047119	 -0.018524	  0.111239	 -0.010001	  0.031617
  0.005683	 -0.109023	  0.072427	 -0.019316	  0.117257	  0.035706	  0.078686
  0.004067	 -0.068732	  0.103437	 -0.063946	  0.073799	  0.017271	 -0.012729
 -0.001856	 -0.063949	  0.119085	 -0.023053	  0.047920	  0.008782	 -0.028345
  0.005081	 -0.056981	  0.120479	 -0.034108	  0.046526	  0.005139	  0.015621
 -0.013291	 -0.081719	  0.125515	 -0.053747	  0.004937	 -0.022862	 -0.001136
 -0.043604	 -0.078552	  0.128651	 -0.087386	  0.009783	 -0.059637	 -0.025589
 -0.010440	 -0.079090	  0.085129	 -0.069268	  0.022992	 -0.029925	 -0.011398
 -0.019784	 -0.077823	  0.051395	 -0.095653	  0.029200	 -0.050926	  0.002127
 -0.002933	 -0.065977	  0.044236	 -0.100119	  0.056314	 -0.102208	  0.040391
 -0.035844	 -0.021916	  0.055924	 -0.097300	  0.073767	 -0.106896	  0.067695
 -0.011644	 -0.020744	  0.069196	 -0.091694	  0.091315	 -0.081968	  0.063102
  0.001153	 -0.024133	  0.069861	 -0.061349	  0.102845	 -0.043451	  0.014892
  0.009864	  0.000003	  0.071319	 -0.031606	  0.080894	 -0.017382	  0.020689
 -0.002110	  0.026769	  0.053074	 -0.045764	  0.067527	 -0.007911	  0.058731
  0.018701	  0.007764	  0.045440	 -0.050579	  0.030879	  0.005424	  0.053979
 -0.029160	  0.001967	  0.044141	 -0.013994	  0.022770	  0.033267	  0.039314
 -0.036446	  0.036683	  0.031883	 -0.019949	  0.059165	  0.021420	 -0.006995
  0.001343	  0.068707	  0.033055	 -0.001926	  0.065531	  0.020977	 -0.035567
 -0.021115	  0.042290	  0.022697	  0.003744	  0.075097	  0.021420	 -0.049535
 -0.016395	  0.035955	  0.027765	  0.028863	  0.038481	  0.032792	 -0.027648
 -0.029319	  0.050272	  0.043032	  0.037447	  0.040603	  0.025443	 -0.031702
  0.032258	  0.032724	  0.017692	  0.001273	  0.060052	 -0.004965	 -0.043485
  0.051200	  0.039091	 -0.015662	 -0.012474	  0.070251	 -0.000214	 -0.050581
  0.032733	  0.020275	 -0.005557	  0.009129	  0.107628	 -0.013517	 -0.070758
  0.004035	  0.011438	  0.004927	  0.007989	  0.122927	 -0.037622	 -0.060305
 -0.018866	 -0.004811	  0.014841	 -0.001451	  0.120140	 -0.041107	 -0.014408
  0.004289	 -0.031926	  0.026181	  0.019740	  0.115673	 -0.040980	  0.001145
  0.018194	 -0.053845	  0.030109	  0.012233	  0.075541	 -0.033980	 -0.015009
  0.030611	 -0.085140	  0.045567	 -0.016750	  0.040128	 -0.081303	 -0.005380
  0.046354	 -0.081434	  0.038059	  0.005961	  0.062966	 -0.101258	 -0.012634
  0.024909	 -0.085805	  0.007493	 -0.009813	  0.065405	 -0.097077	  0.015652
  0.010814	 -0.090715	 -0.006381	 -0.031479	  0.062712	 -0.053903	  0.023254
  0.018068	 -0.101294	  0.008760	 -0.071992	  0.068762	 -0.032839	 -0.005317
  0.004859	 -0.088308	  0.032168	 -0.089793	  0.045798	 -0.026726	 -0.026096
 -0.012943	 -0.093724	  0.038693	 -0.113455	  0.012285	 -0.047283	 -0.009054
 -0.034989	 -0.064424	  0.054151	 -0.130243	 -0.004978	 -0.040505	  0.010394
 -0.042401	 -0.056474	  0.055481	 -0.158465	  0.008674	 -0.048835	 -0.010480
 -0.006766	 -0.043519	  0.060232	 -0.143071	  0.058405	  0.005266	 -0.033381
  0.013886	 -0.049094	  0.079839	 -0.126188	  0.094198	 -0.004332	 -0.009434
  0.005017	 -0.085932	  0.067961	 -0.111776	  0.103890	 -0.024794	 -0.000850
  0.018416	 -0.117132	  0.079174	 -0.123717	  0.126887	 -0.034962	  0.027689
  0.007108	 -0.102435	  0.083545	 -0.117414	  0.131068	 -0.069171	  0.040803
  0.018764	 -0.093091	  0.068531	 -0.111554	  0.125049	 -0.069804	  0.019833
  0.027348	 -0.083841	  0.101410	 -0.090078	  0.100121	 -0.083108	  0.026802
  0.001628	 -0.060940	  0.111831	 -0.009528	  0.070600	 -0.072370	  0.003457
 -0.019943	 -0.036518	  0.089659	  0.020659	  0.110510	 -0.050673	 -0.018050
  0.001185	 -0.036328	  0.062735	  0.026075	  0.102623	 -0.025807	 -0.013077
 -0.009237	 -0.069683	  0.082912	  0.029053	  0.106741	 -0.055075	 -0.026444
  0.016420	 -0.099362	  0.080980	  0.046379	  0.120076	 -0.016400	 -0.034236
 -0.014780	 -0.096955	  0.042684	  0.005074	  0.079405	 -0.010318	 -0.045038
 -0.027798	 -0.095720	  0.010629	  0.020659	  0.059291	 -0.008513	 -0.054382
 -0.044459	 -0.096036	 -0.010087	 -0.007152	  0.068826	 -0.027613	 -0.056757
 -0.039265	 -0.123341	 -0.014236	 -0.041203	  0.075763	 -0.032047	 -0.073324
 -0.027735	 -0.081086	 -0.015187	 -0.042312	  0.064138	 -0.009083	 -0.073102
 -0.013513	 -0.051279	 -0.031436	 -0.059607	  0.027394	  0.011633	 -0.097112
 -0.031346	 -0.053655	  0.016489	 -0.062616	  0.005887	 -0.018364	 -0.102655
 -0.057763	 -0.071868	  0.041861	 -0.067145	  0.006140	 -0.031509	 -0.075731
 -0.001983	 -0.064900	  0.040245	 -0.044814	  0.006869	  0.003270	 -0.102782
  0.014013	 -0.048967	  0.048354	 -0.079499	 -0.020055	 -0.003413	 -0.118651
 -0.003282	 -0.039243	  0.066536	 -0.069679	 -0.034246	 -0.044116	 -0.101515
  0.002800	 -0.033129	  0.065934	 -0.093974	 -0.031173	 -0.073004	 -0.089130
  0.016674	 -0.044437	  0.078889	 -0.079245	 -0.050115	 -0.067809	 -0.076238
  0.016991	 -0.031292	  0.081771	 -0.095875	 -0.042070	 -0.044686	 -0.028250
  0.025321	 -0.070158	  0.081930	 -0.113170	 -0.004059	 -0.052668	 -0.045671
  0.036978	 -0.057931	  0.076830	 -0.084884	 -0.029273	 -0.067397	 -0.024417
  0.014520	 -0.065723	  0.059884	 -0.074272	 -0.061803	 -0.063850	 -0.030720
  0.024213	 -0.047066	  0.016489	 -0.065752	 -0.001050	 -0.037211	 -0.010860
  0.010434	 -0.020174	  0.019751	 -0.074177	 -0.004883	 -0.017857	  0.025598
  0.026303	 -0.026794	 -0.004575	 -0.076331	 -0.005706	 -0.006612	  0.038015
 -0.017662	 -0.025812	 -0.039608	 -0.068064	 -0.012326	  0.038208	  0.007068
 -0.022540	 -0.038546	 -0.015630	 -0.062204	 -0.014734	  0.060128	 -0.006235
 -0.034133	 -0.001137	  0.000556	 -0.078137	 -0.024268	  0.026140	  0.002539
 -0.036256	 -0.001010	  0.014208	 -0.116495	  0.012602	 -0.011142	  0.013625
  0.000836	 -0.040415	  0.010597	 -0.131541	  0.027743	 -0.006961	  0.026612
  0.003814	 -0.066895	 -0.008852	 -0.082635	  0.056631	 -0.059827	 -0.053875
 -0.013576	 -0.112888	 -0.025640	 -0.071897	  0.074115	 -0.084343	 -0.066894
 -0.011580	 -0.095149	 -0.011132	 -0.070281	  0.078138	 -0.068759	 -0.082161
 -0.009015	 -0.076778	 -0.016929	 -0.054380	  0.052101	 -0.036862	 -0.083080
  0.001026	 -0.081909	 -0.004385	 -0.056281	  0.058278	 -0.012472	 -0.123212
  0.022946	 -0.067465	 -0.020825	 -0.054253	  0.069871	 -0.024224	 -0.138891
  0.045783	 -0.092964	 -0.031595	 -0.035153	  0.117986	 -0.010287	 -0.146525
  0.070047	 -0.064203	 -0.002517	 -0.039810	  0.133412	 -0.001956	 -0.134299
  0.095070	 -0.081719	  0.018801	 -0.040633	  0.099582	  0.022656	 -0.105411
  0.094278	 -0.066927	  0.027892	 -0.021026	  0.139050	  0.025855	 -0.084220
  0.106917	 -0.039939	  0.068563	 -0.034140	  0.154254	  0.022941	 -0.083460
  0.098079	 -0.055492	  0.066029	  0.016287	  0.135439	  0.017778	 -0.073419
  0.100708	 -0.081878	  0.033815	 -0.012537	  0.149693	 -0.001956	 -0.085772
  0.117781	 -0.086756	  0.009805	 -0.073005	  0.156376	 -0.007943	 -0.027458
  0.113632	 -0.107788	  0.004199	 -0.061507	  0.126570	 -0.033790	 -0.011525
  0.105301	 -0.110480	  0.008506	 -0.109305	  0.076586	 -0.018269	  0.006942
  0.081387	 -0.108580	 -0.041794	 -0.095843	  0.053463	 -0.052003	  0.028513
  0.046164	 -0.140160	 -0.018101	 -0.078834	  0.036200	 -0.032998	  0.029906
  0.084047	 -0.148934	  0.002393	 -0.038574	  0.009720	 -0.044781	  0.024015
  0.101152	 -0.105919	 -0.005684	 -0.029388	 -0.012263	 -0.043514	  0.018630
  0.095989	 -0.116055	  0.016805	 -0.012347	 -0.041246	 -0.032301	 -0.000154
  0.072866	 -0.104842	  0.046295	 -0.027931	 -0.025535	 -0.035057	  0.005263
  0.055825	 -0.069271	  0.055671	 -0.013139	 -0.045174	 -0.054949	 -0.010606
