:RUN-7	LEVEL SWEEP	TEMP:NaN	8/27/2019	5:12 PM	HR:-478.39:SW EAR: R	SW FREQ: 45.20	# AVERAGES: 512	REP RATE (/sec): 80	DRIVER: 	SAMPLE (µsec): 40	MASKER dB: 2147483647:NOTES-:CHAMBER-SEWELL-PXI1:CFTS Version: V2.7.2 (R850):LEVELS:20;30;40;50;60;70;80;:DATA  0.006351	 -0.106089	 -0.010009	  0.013093	 -0.005217	  0.091752	  0.014750
 -0.014618	 -0.050308	  0.030598	 -0.009872	  0.032952	  0.087825	 -0.014233
 -0.010817	 -0.029466	  0.024960	  0.011668	  0.041663	  0.031981	 -0.000201
 -0.010880	 -0.006660	 -0.011150	 -0.008985	  0.032857	  0.019026	 -0.007233
  0.020890	  0.024699	 -0.050364	 -0.027863	  0.048980	 -0.008405	  0.016745
  0.014840	  0.002748	 -0.047861	 -0.028307	  0.041758	 -0.027125	  0.033818
 -0.003437	 -0.028579	 -0.064998	 -0.034705	  0.033649	 -0.049203	  0.024126
 -0.017025	 -0.008877	 -0.041875	 -0.037746	  0.017114	 -0.056330	  0.008129
  0.016487	  0.012694	 -0.014792	 -0.014370	  0.025286	 -0.043881	 -0.046732
 -0.012781	  0.045129	 -0.007697	 -0.010062	  0.016734	 -0.032605	 -0.071059
 -0.022062	  0.035690	 -0.036427	  0.014518	 -0.025457	 -0.040207	 -0.085629
 -0.056430	  0.020676	 -0.050269	  0.030229	 -0.033915	 -0.034696	 -0.073213
 -0.051520	 -0.018696	 -0.019227	  0.024559	 -0.031507	 -0.019555	 -0.063869
 -0.012021	  0.014151	  0.009819	  0.032985	 -0.015955	  0.003156	 -0.046827
  0.006984	  0.026694	  0.025879	  0.019428	 -0.030367	  0.019913	 -0.018351
  0.025388	  0.014278	  0.037282	  0.015912	 -0.016778	  0.038253	  0.039520
  0.061973	  0.024509	  0.042667	 -0.009492	  0.001783	  0.022732	  0.056118
  0.055796	  0.000752	  0.044187	 -0.003220	 -0.022037	  0.028370	  0.064607
  0.009740	  0.011173	  0.047576	 -0.005817	 -0.039521	 -0.010116	  0.092924
 -0.006858	  0.015481	  0.091700	  0.028044	 -0.072020	 -0.020885	  0.076611
 -0.016107	 -0.013628	  0.123280	  0.048474	 -0.081744	 -0.048348	  0.028338
  0.004450	 -0.030891	  0.126923	  0.040049	 -0.056721	 -0.052687	  0.002808
  0.029569	 -0.048154	  0.136806	  0.062887	 -0.071482	 -0.063520	 -0.012016
  0.028745	 -0.066970	  0.139276	  0.069317	 -0.047440	 -0.050502	 -0.002387
 -0.009835	 -0.092278	  0.120778	  0.049615	 -0.063943	 -0.046922	 -0.003685
 -0.015695	 -0.118949	  0.100823	  0.084299	 -0.050291	  0.029700	  0.006862
 -0.024596	 -0.101116	  0.119701	  0.098173	 -0.036829	  0.092291	  0.042561
 -0.060104	 -0.090758	  0.135412	  0.078122	 -0.016240	  0.100970	  0.051936
 -0.081073	 -0.076187	  0.104529	  0.089335	  0.013535	  0.099576	  0.130808
 -0.097227	 -0.046381	  0.097782	  0.104951	  0.029024	  0.147723	  0.171131
 -0.032768	 -0.076124	  0.069369	  0.070330	  0.043721	  0.167235	  0.158587
  0.013351	 -0.079481	  0.056129	  0.046605	  0.059527	  0.193810	  0.162673
  0.038375	 -0.098423	  0.086854	  0.044800	  0.098456	  0.206290	  0.184054
  0.015790	 -0.107831	  0.096356	  0.071059	  0.107927	  0.211833	  0.157827
 -0.010310	 -0.126266	  0.040829	  0.073783	  0.103651	  0.186937	  0.129541
  0.026877	 -0.118347	  0.043364	  0.086390	  0.084931	  0.183231	  0.081648
  0.036601	 -0.106690	  0.077763	  0.075113	  0.057088	  0.197484	  0.051778
  0.039863	 -0.090948	  0.083781	  0.062855	  0.103493	  0.193398	  0.006007
  0.035049	 -0.101559	  0.078206	  0.089430	  0.068460	  0.142053	 -0.043311
  0.026686	 -0.102794	  0.038676	  0.107390	  0.044957	  0.097517	 -0.112205
 -0.020668	 -0.079133	  0.043395	  0.101562	  0.010747	  0.068503	 -0.163266
 -0.056398	 -0.063168	  0.057966	  0.104286	  0.004697	  0.026565	 -0.158103
 -0.078000	 -0.039539	  0.075134	  0.072231	 -0.026154	  0.035497	 -0.169886
 -0.088928	 -0.079766	  0.067405	  0.074733	 -0.035467	  0.013483	 -0.192977
 -0.059154	 -0.090124	  0.059518	  0.048728	 -0.063500	  0.027863	 -0.223575
 -0.043823	 -0.082902	  0.078016	  0.051642	 -0.055391	  0.019311	 -0.213503
 -0.022537	 -0.050847	  0.074690	  0.072674	 -0.057830	  0.003695	 -0.165736
 -0.012749	 -0.022497	  0.057364	  0.095449	 -0.036639	  0.007084	 -0.117368
 -0.017596	  0.015735	  0.065505	  0.086263	  0.005679	  0.024949	  0.002206
 -0.013605	  0.042279	  0.062939	  0.087720	  0.025730	  0.034072	  0.087571
  0.007143	  0.037179	  0.049413	  0.070995	  0.031463	  0.092893	  0.105563
 -0.034194	  0.016875	  0.018878	  0.074068	  0.034726	  0.132740	  0.116522
 -0.050728	  0.031256	  0.042730	  0.069950	  0.007738	  0.117251	  0.154438
 -0.007586	  0.012852	  0.072631	  0.090666	 -0.007022	  0.100210	  0.112183
 -0.012654	  0.014531	  0.102311	  0.112649	  0.041884	  0.088680	  0.082250
 -0.027098	 -0.003461	  0.137249	  0.134156	  0.087053	  0.088997	  0.064923
 -0.052502	 -0.064340	  0.107284	  0.120314	  0.096809	  0.102015	  0.008034
 -0.042904	 -0.092975	  0.089895	  0.118508	  0.042581	  0.070498	 -0.010179
 -0.039705	 -0.089522	  0.092017	  0.099725	  0.015784	  0.055262	  0.003758
 -0.051520	 -0.107641	  0.093917	  0.076127	 -0.005819	  0.062009	  0.004202
 -0.049714	 -0.102889	  0.072663	  0.069475	 -0.005470	  0.084499	 -0.036723
 -0.057602	 -0.119582	  0.036775	  0.059909	 -0.035847	  0.101540	 -0.026872
 -0.083987	 -0.100545	  0.051282	  0.077299	 -0.051463	  0.083105	 -0.002323
 -0.089055	 -0.093070	  0.039784	  0.073561	 -0.059825	  0.093241	 -0.003495
 -0.085824	 -0.064214	  0.018435	  0.036469	 -0.061219	  0.099133	 -0.031971
 -0.087566	 -0.045589	  0.040861	  0.062633	 -0.008765	  0.120767	 -0.032478
 -0.081136	 -0.081382	  0.062084	  0.074638	 -0.003443	  0.128147	 -0.056488
 -0.090069	 -0.065671	  0.055907	  0.075430	 -0.001131	  0.115572	 -0.043153
 -0.078856	 -0.064055	  0.065156	  0.072833	  0.013472	  0.093558	 -0.038972
 -0.105115	 -0.037226	  0.069749	  0.061493	  0.014960	  0.078385	 -0.064692
 -0.087060	 -0.035769	  0.065695	  0.063583	  0.011761	  0.049687	 -0.050723
 -0.082403	 -0.027280	  0.062369	  0.076190	  0.019775	  0.046932	 -0.057153
 -0.053452	 -0.014547	  0.073994	  0.076792	  0.051989	  0.038728	 -0.059149
 -0.052217	 -0.019362	  0.076084	  0.059687	  0.070582	  0.024822	 -0.022849
 -0.045121	 -0.035896	  0.094234	  0.081860	  0.019490	  0.026723	 -0.000930
 -0.004324	 -0.091961	  0.104212	  0.063457	  0.005331	  0.012659	 -0.003084
 -0.036062	 -0.075744	  0.082958	  0.064502	 -0.004520	  0.037651	 -0.001500
 -0.041225	 -0.075332	  0.080835	  0.078376	 -0.009525	  0.037619	  0.022035
 -0.052185	 -0.089554	  0.076211	  0.084457	  0.002353	  0.037556	  0.086209
 -0.070050	 -0.056453	  0.067057	  0.086485	 -0.003665	  0.093716	  0.089155
 -0.074770	 -0.077866	  0.057586	  0.093358	  0.011634	  0.114527	  0.089472
 -0.044741	 -0.105328	  0.079473	  0.083887	  0.056835	  0.122636	  0.084530
 -0.004292	 -0.092563	  0.057237	  0.084838	  0.069125	  0.081711	  0.101667
  0.004324	 -0.120311	  0.090528	  0.084457	  0.080655	  0.068788	  0.077752
  0.018419	 -0.105930	  0.075324	  0.085915	  0.096112	  0.038823	  0.064607
  0.023582	 -0.088635	  0.080519	  0.086358	  0.094972	  0.036162	  0.046172
  0.037361	 -0.105487	  0.069274	  0.094372	  0.109194	  0.026786	  0.009555
  0.030329	 -0.119962	  0.090465	  0.095924	  0.119235	  0.046013	 -0.017559
  0.009613	 -0.117998	  0.087646	  0.100929	  0.153286	  0.020736	 -0.060384
  0.002138	 -0.121229	  0.064649	  0.121296	  0.164563	  0.016809	 -0.079770
  0.012274	 -0.124682	  0.038200	  0.108816	  0.133236	  0.004804	 -0.099598
  0.004767	 -0.109129	  0.009439	  0.081797	  0.124684	 -0.016165	 -0.078914
  0.004134	 -0.131904	  0.024833	  0.067384	  0.117462	  0.007433	 -0.070457
  0.028619	 -0.143941	  0.009186	  0.054366	  0.071944	  0.006324	 -0.098141
  0.047465	 -0.173399	 -0.006937	  0.037388	  0.081098	  0.016397	 -0.075810
  0.064665	 -0.156896	 -0.023186	  0.045085	  0.073940	  0.030175	 -0.090127
  0.045628	 -0.154805	 -0.011815	  0.019523	  0.104380	  0.050163	 -0.028234
  0.014238	 -0.122845	  0.008774	  0.026840	  0.087718	  0.074204	 -0.023546
  0.007079	 -0.110872	  0.005670	  0.032542	  0.077266	  0.110599	 -0.004414
 -0.000428	 -0.093387	 -0.024168	  0.048633	  0.064374	  0.106988	  0.013198
 -0.015283	 -0.076092	 -0.058473	  0.051040	  0.044735	  0.089345	  0.007116
 -0.020256	 -0.087083	 -0.051536	  0.019872	  0.044482	  0.090802	  0.029384
 -0.031976	 -0.095066	 -0.029680	  0.013473	  0.008182	  0.080888	  0.053552
 -0.055068	 -0.102256	 -0.054545	  0.015880	  0.011033	  0.062833	  0.038633
 -0.069511	 -0.095034	 -0.060500	  0.025668	  0.001340	  0.102934	  0.041547
 -0.061022	 -0.106817	 -0.017897	  0.059276	  0.018223	  0.100875	  0.015700
 -0.069163	 -0.071341	 -0.001552	  0.049298	  0.050912	  0.103631	 -0.012269
 -0.075466	 -0.056707	  0.001489	  0.002862	  0.077551	  0.101033	 -0.034822
 -0.060009	 -0.068902	 -0.001267	  0.013093	  0.104506	  0.128337	 -0.028202
 -0.069353	 -0.062060	  0.021413	  0.002703	  0.155345	  0.110631	 -0.021170
 -0.080534	 -0.040172	  0.047703	  0.031718	  0.155694	  0.068091	 -0.067068
 -0.103277	 -0.057657	  0.028730	  0.017654	  0.185057	  0.078607	 -0.078598
 -0.122536	 -0.054426	 -0.004244	  0.050533	  0.164024	  0.056466	 -0.077204
 -0.173882	 -0.094527	 -0.055020	  0.066688	  0.142073	  0.036130	 -0.112553
 -0.179140	 -0.075237	 -0.047513	  0.089335	  0.127408	  0.010410	 -0.100802
 -0.123961	 -0.052082	 -0.027114	  0.093137	  0.093198	  0.019564	 -0.115056
 -0.102390	 -0.025253	 -0.071681	  0.100612	  0.094339	 -0.000486	 -0.127599
 -0.137265	 -0.027882	 -0.074374	  0.093453	  0.069759	 -0.036121	 -0.132667
 -0.131215	 -0.025982	 -0.064554	  0.053954	  0.059084	 -0.029818	 -0.167035
 -0.103848	 -0.081445	 -0.072441	  0.036849	  0.046097	 -0.044230	 -0.179990
 -0.060864	 -0.113501	 -0.061704	  0.026998	  0.062790	 -0.063995	 -0.229911
 -0.054466	 -0.124270	 -0.049667	 -0.001161	  0.079356	 -0.094910	 -0.244956
 -0.030234	 -0.127184	 -0.039436	 -0.010188	  0.052400	 -0.110051	 -0.221390
  0.002487	 -0.119899	 -0.051061	 -0.017569	  0.049233	 -0.147301	 -0.210113
  0.029442	 -0.074793	 -0.040196	 -0.000971	  0.041948	 -0.149265	 -0.197918
  0.002803	 -0.026013	 -0.045707	 -0.005279	  0.056233	 -0.134790	 -0.170646
 -0.009899	 -0.003461	 -0.018118	 -0.016713	  0.027124	 -0.082969	 -0.136183
 -0.006224	 -0.037448	 -0.024073	  0.006029	  0.028454	 -0.118825	 -0.109798
 -0.003500	 -0.036973	  0.039562	 -0.004455	  0.002480	 -0.128550	 -0.110621
 -0.005211	 -0.081128	  0.028476	 -0.010252	  0.005743	 -0.143849	 -0.124558
 -0.039832	 -0.064214	  0.032531	 -0.000401	  0.035929	 -0.153288	 -0.151704
 -0.017627	 -0.066811	 -0.011847	 -0.000622	 -0.000402	 -0.134251	 -0.151831
  0.001410	 -0.093323	 -0.003801	  0.000106	  0.005268	 -0.108974	 -0.162854
  0.016519	 -0.116193	  0.023376	  0.023578	 -0.008670	 -0.084933	 -0.137450
  0.019179	 -0.094464	  0.040861	  0.055633	  0.002544	 -0.084901	 -0.141980
  0.017247	 -0.075744	  0.042825	  0.090919	 -0.015606	 -0.081258	 -0.176918
  0.014618	 -0.064689	  0.048875	  0.084711	 -0.024761	 -0.086706	 -0.200547
 -0.041922	 -0.088667	  0.045803	  0.078376	 -0.024285	 -0.082304	 -0.195891
 -0.012813	 -0.117935	  0.047386	  0.081702	 -0.013453	 -0.110780	 -0.204095
 -0.040592	 -0.118252	  0.039341	  0.049044	 -0.031412	 -0.128169	 -0.208878
 -0.053199	 -0.119804	  0.019227	  0.031433	 -0.018172	 -0.139794	 -0.195511
 -0.028524	 -0.076155	  0.054925	  0.009767	 -0.026313	 -0.156804	 -0.209702
 -0.037013	 -0.037163	  0.039151	  0.026872	 -0.018552	 -0.143437	 -0.232476
 -0.066724	 -0.009986	  0.034241	  0.044958	 -0.020579	 -0.173719	 -0.250911
 -0.065742	 -0.076631	  0.061038	  0.029437	 -0.005882	 -0.215878	 -0.270962
 -0.109802	 -0.083472	  0.044694	  0.061968	  0.008435	 -0.231621	 -0.244101
 -0.112685	 -0.071657	  0.021919	  0.039257	  0.004222	 -0.224589	 -0.218412
 -0.087155	 -0.077644	  0.017643	  0.045877	  0.010209	 -0.243182	 -0.212552
 -0.046959	 -0.092817	  0.021793	  0.034664	 -0.016715	 -0.239286	 -0.199376
 -0.096911	 -0.094939	  0.041875	  0.042361	 -0.025933	 -0.207896	 -0.211032
 -0.090987	 -0.084043	  0.045612	  0.069665	 -0.058812	 -0.186769	 -0.209322
 -0.068181	 -0.066209	 -0.004118	  0.040619	 -0.078355	 -0.188891	 -0.174954
 -0.021017	 -0.051385	 -0.021381	  0.052054	 -0.113990	 -0.155980	 -0.209733
 -0.014777	 -0.067191	  0.008837	  0.049995	 -0.072780	 -0.122119	 -0.218539
 -0.026116	 -0.105170	  0.053816	  0.046542	 -0.037082	 -0.090064	 -0.188162
 -0.008758	 -0.103745	  0.080677	  0.019967	 -0.021941	 -0.091236	 -0.168904
  0.011799	 -0.130605	  0.083908	  0.006346	 -0.008068	 -0.076855	 -0.132921
  0.019528	 -0.121514	  0.068324	  0.023609	  0.000801	 -0.093897	 -0.156139
  0.017501	 -0.113089	  0.071966	  0.032352	  0.034409	 -0.112490	 -0.171501
  0.013414	 -0.115940	  0.105162	  0.049108	  0.056202	 -0.101594	 -0.161017
  0.034922	 -0.083124	  0.116470	  0.073625	  0.060098	 -0.099915	 -0.141758
  0.043981	 -0.057499	  0.088564	  0.059656	  0.067098	 -0.062411	 -0.139509
  0.076543	 -0.068997	  0.052676	  0.045909	  0.053604	 -0.058579	 -0.120314
  0.077050	 -0.094527	  0.053880	  0.041918	  0.052274	 -0.072864	 -0.082684
  0.057918	 -0.107799	  0.016408	  0.065547	  0.039445	 -0.070995	 -0.108626
  0.015347	 -0.097283	 -0.023915	  0.072453	  0.046224	 -0.075113	 -0.107675
 -0.011356	 -0.134058	 -0.050174	  0.060574	  0.047617	 -0.019650	 -0.115689
 -0.055764	 -0.144447	 -0.098764	  0.074480	 -0.000972	 -0.032447	 -0.130038
 -0.052280	 -0.172005	 -0.098067	  0.070900	 -0.017919	 -0.064154	 -0.122943
 -0.044298	 -0.167475	 -0.055590	  0.093675	 -0.017254	 -0.054683	 -0.100168
 -0.052058	 -0.142388	 -0.019480	  0.060258	 -0.028942	 -0.030831	 -0.113060
 -0.010437	 -0.162756	 -0.017200	  0.041506	 -0.041390	 -0.028677	 -0.095132
  0.001663	 -0.185435	 -0.055368	  0.050787	 -0.040883	 -0.077679	 -0.069348
 -0.012528	 -0.155344	 -0.053373	  0.033999	 -0.037082	 -0.107010	 -0.064122
 -0.022600	 -0.128546	 -0.021413	  0.041474	 -0.065115	 -0.090349	 -0.054524
 -0.016297	 -0.140140	 -0.019924	  0.038212	 -0.044494	 -0.086358	  0.003727
 -0.066027	 -0.147520	 -0.030123	  0.061049	 -0.027485	 -0.025288	  0.021782
 -0.065140	 -0.131270	 -0.026005	  0.052655	 -0.027896	 -0.036058	  0.027008
 -0.058615	 -0.108052	 -0.024042	  0.046067	 -0.027548	 -0.035899	  0.069738
 -0.100363	 -0.097441	 -0.008552	 -0.002460	 -0.027675	 -0.025510	  0.045981
 -0.107110	 -0.084138	 -0.015996	 -0.019723	 -0.029480	 -0.046067	  0.022320
 -0.116708	 -0.092722	 -0.020367	 -0.029225	 -0.009968	 -0.007138	  0.006261
 -0.117119	 -0.096998	 -0.027272	 -0.026660	 -0.001923	  0.000939	 -0.014138
 -0.156999	 -0.095636	 -0.034494	  0.007708	 -0.004520	 -0.028836	  0.015478
 -0.163049	 -0.068300	 -0.003136	  0.013315	 -0.015385	 -0.030514	  0.014148
 -0.124151	 -0.035009	 -0.019449	  0.038275	 -0.022100	 -0.032320	  0.021085
 -0.122441	 -0.059589	 -0.023281	  0.038148	 -0.049309	 -0.013631	  0.040470
 -0.137138	 -0.080305	  0.002851	  0.065959	 -0.043829	 -0.012840	  0.030112
 -0.126400	 -0.038113	  0.024580	  0.117115	 -0.025711	  0.005976	  0.040882
 -0.118703	 -0.043847	  0.044631	  0.134473	 -0.000909	  0.025424	  0.065969
 -0.130391	 -0.079418	  0.051441	  0.139066	 -0.000434	  0.047945	  0.065588
 -0.118101	 -0.090979	  0.052328	  0.132224	  0.044767	  0.028972	  0.071163
 -0.120984	 -0.114356	  0.043554	  0.161682	  0.045020	  0.038569	  0.081996
 -0.163207	 -0.103998	  0.041970	  0.132984	  0.057912	  0.059063	  0.068566
 -0.161180	 -0.115654	  0.050966	  0.103019	  0.079831	  0.059919	  0.031411
 -0.155890	 -0.133013	  0.018277	  0.091933	  0.119362	  0.069294	  0.004962
 -0.139387	 -0.112772	  0.060436	  0.087023	  0.111538	  0.059602	  0.000907
 -0.129980	 -0.090884	  0.073202	  0.112173	  0.055916	  0.057828	  0.000369
 -0.108250	 -0.148787	  0.083369	  0.088417	 -0.016398	  0.088775	  0.027990
 -0.122092	 -0.170960	  0.098827	  0.054873	  0.003811	  0.096535	  0.052222
 -0.097766	 -0.173018	  0.101995	  0.070425	 -0.013959	  0.045633	  0.078290
 -0.084272	 -0.174539	  0.102438	  0.066783	 -0.012185	  0.012817	  0.062421
 -0.099001	 -0.161014	  0.080614	  0.058484	 -0.002493	  0.031728	  0.065398
 -0.080661	 -0.168109	  0.055210	  0.042424	  0.012236	  0.022383	  0.053647
 -0.056144	 -0.201653	  0.044345	  0.008088	  0.027060	  0.037619	  0.063561
 -0.024976	 -0.194811	  0.028318	  0.007106	  0.043595	  0.023999	  0.067299
 -0.045628	 -0.206309	  0.028349	  0.001341	  0.052971	  0.037873	  0.060710
 -0.079521	 -0.208115	  0.007919	 -0.015256	  0.057880	  0.027388	  0.047977
 -0.105083	 -0.227152	  0.022616	  0.005554	  0.025920	 -0.005903	  0.065620
 -0.088358	 -0.214291	  0.037155	  0.012776	  0.016576	 -0.007328	  0.069580
 -0.071349	 -0.170643	  0.069242	  0.017179	  0.015245	 -0.018129	  0.052982
 -0.077462	 -0.159620	  0.072093	  0.007708	  0.038368	  0.015858	  0.048579
 -0.064760	 -0.167602	  0.076971	  0.024021	  0.018793	 -0.012428	  0.065588
 -0.025964	 -0.049580	 -0.013662	 -0.022874	 -0.017159	  0.011430	 -0.039437
 -0.026028	 -0.037828	 -0.059971	 -0.020689	 -0.027263	  0.024417	 -0.037125
 -0.014878	 -0.014325	 -0.067383	  0.004652	 -0.019629	  0.026159	 -0.057809
  0.006028	 -0.028642	 -0.064976	  0.024734	 -0.017729	  0.036390	 -0.060026
  0.014232	 -0.005203	 -0.021264	  0.034046	 -0.022702	  0.047983	 -0.039786
 -0.046933	  0.002304	 -0.000010	  0.026444	 -0.013262	  0.035725	 -0.027211
 -0.060459	  0.009305	  0.022068	  0.006425	 -0.035055	  0.018145	 -0.042478
 -0.068853	  0.012916	  0.010728	  0.004842	 -0.038413	 -0.008430	 -0.031170
 -0.040281	 -0.000927	 -0.027504	 -0.008779	 -0.034232	 -0.000100	 -0.039342
 -0.029068	 -0.020882	  0.021720	  0.009910	  0.014295	  0.008769	  0.038579
 -0.000402	 -0.009732	  0.013643	  0.025494	  0.016196	  0.025304	  0.084128
  0.017938	 -0.008402	  0.039521	  0.065595	  0.030164	 -0.020372	  0.072472
  0.034947	 -0.006850	  0.012534	  0.026476	  0.024399	 -0.067695	  0.014411
  0.010336	  0.007499	  0.028973	  0.001326	  0.038432	 -0.053536	 -0.017581
 -0.001321	  0.036007	  0.042816	 -0.018757	  0.040427	 -0.055088	  0.069811
  0.008403	  0.034360	  0.031983	 -0.018408	  0.023291	 -0.000702	  0.088911
  0.047649	  0.031414	 -0.013503	 -0.016888	  0.026458	 -0.000005	  0.070729
  0.058197	  0.013676	  0.006516	 -0.050147	  0.031210	 -0.005009	  0.000157
  0.056550	  0.013898	  0.003063	 -0.045902	 -0.005534	 -0.028671	 -0.040514
  0.059908	  0.020993	  0.034707	 -0.027499	 -0.013896	  0.005285	 -0.006717
  0.064279	  0.028120	  0.030304	 -0.018598	 -0.014308	 -0.006340	  0.064806
  0.057469	  0.026441	  0.030462	 -0.023476	 -0.011204	  0.003891	  0.082418
  0.064405	  0.020391	  0.066002	 -0.006403	  0.015594	 -0.001557	  0.002469
  0.067446	  0.023559	  0.052888	  0.004778	  0.015879	 -0.006403	 -0.040166
  0.067826	  0.020803	  0.050164	  0.022453	  0.045495	 -0.021259	 -0.045646
  0.117968	  0.013074	  0.023430	  0.045164	  0.065166	 -0.004376	  0.048778
  0.124652	  0.014626	 -0.030861	  0.059101	  0.037830	  0.019824	  0.087644
  0.076220	  0.011300	 -0.044862	  0.022136	 -0.005312	  0.045988	  0.013714
  0.029974	  0.062741	 -0.049518	  0.014154	 -0.051051	  0.042123	 -0.052931
  0.031178	  0.052320	 -0.040237	  0.008611	 -0.012376	  0.034268	 -0.057651
  0.042740	  0.064641	 -0.026838	  0.033603	  0.006883	  0.033128	  0.005827
  0.031463	  0.079212	 -0.012014	  0.053590	  0.020155	  0.061477	  0.058756
  0.020630	  0.093149	 -0.020187	  0.049947	  0.060414	  0.030752	 -0.001015
 -0.007339	  0.101290	 -0.038305	  0.050676	  0.077171	 -0.018186	 -0.085335
 -0.014054	  0.099009	 -0.013630	  0.049155	  0.044197	 -0.056260	 -0.107603
 -0.011520	  0.079370	  0.007593	 -0.011788	  0.053097	 -0.047043	 -0.005481
 -0.006864	  0.061315	  0.036671	 -0.018883	  0.046667	 -0.028734	  0.061195
  0.016797	  0.052288	  0.041295	 -0.014670	  0.009765	 -0.020657	  0.016945
  0.015467	  0.035278	  0.024127	 -0.001018	  0.030291	 -0.027214	  0.001329
 -0.021846	  0.040378	  0.052888	 -0.048120	  0.061523	 -0.061487	  0.023977
 -0.003443	  0.062646	  0.046141	 -0.060220	  0.083252	 -0.038617	  0.076431
  0.027155	  0.098439	  0.032394	 -0.065984	  0.094750	 -0.034879	  0.143298
  0.050468	  0.096855	  0.053237	 -0.052807	  0.117683	 -0.053884	  0.113966
  0.090347	  0.083362	  0.078450	 -0.037382	  0.109701	 -0.046314	  0.023026
  0.099723	  0.082126	  0.083043	 -0.012010	  0.108783	 -0.040739	 -0.025310
  0.095099	  0.053618	  0.062644	 -0.029241	  0.135643	 -0.046314	  0.031705
  0.132982	  0.048740	  0.052033	 -0.040327	  0.103049	 -0.012453	  0.104685
  0.141883	  0.020771	  0.074237	 -0.032630	  0.055821	  0.007661	  0.109278
  0.120756	  0.013517	  0.061029	 -0.044794	  0.012616	 -0.003932	 -0.007509
  0.104728	  0.016622	  0.044336	 -0.000638	 -0.037906	 -0.014829	 -0.101299
  0.099502	  0.005947	  0.011109	 -0.019897	 -0.052128	 -0.011186	 -0.068104
  0.125317	 -0.012900	  0.017887	  0.001674	 -0.048739	  0.005665	  0.030470
  0.162124	 -0.032158	  0.035974	  0.007439	  0.004159	  0.028630	  0.045136
  0.156105	 -0.041439	  0.059097	  0.006299	  0.036341	 -0.000702	 -0.014351
  0.142929	 -0.023036	  0.068758	 -0.035893	  0.038875	 -0.014322	 -0.091733
  0.124684	 -0.015497	  0.050101	 -0.012358	  0.043246	 -0.020530	 -0.118689
  0.143435	 -0.024430	  0.034770	 -0.032662	  0.047491	  0.009910	 -0.036016
  0.166273	 -0.018918	  0.010032	 -0.051319	  0.075492	 -0.019770	  0.019384
  0.136593	  0.010952	 -0.002480	 -0.062373	  0.112615	 -0.017331	 -0.023378
  0.092280	 -0.035231	 -0.030925	 -0.066460	  0.108941	 -0.017426	 -0.116060
  0.062093	 -0.060698	 -0.055030	 -0.048151	  0.114294	 -0.030476	 -0.127780
  0.064976	 -0.045335	 -0.056011	 -0.031363	  0.120407	 -0.004819	 -0.057302
  0.052400	 -0.014579	 -0.066464	 -0.041911	  0.108402	  0.043834	  0.016026
  0.044862	 -0.004506	 -0.042993	 -0.071813	  0.115561	  0.072468	 -0.024677
  0.032065	  0.041265	 -0.064405	 -0.090279	  0.118729	  0.062649	 -0.092430
  0.036721	  0.080923	 -0.032793	 -0.051889	  0.128738	  0.028281	 -0.100919
  0.032318	  0.058306	  0.012312	 -0.049070	  0.129878	  0.021598	 -0.054483
  0.039667	  0.052098	  0.018932	 -0.033200	  0.170391	  0.043422	  0.031452
  0.043341	  0.046175	  0.035340	 -0.007924	  0.177645	  0.046241	  0.044882
  0.045210	  0.008513	  0.075346	 -0.014259	  0.163422	  0.043295	 -0.017455
  0.044830	  0.004458	  0.090043	 -0.020150	  0.160857	  0.018019	 -0.040609
  0.077361	  0.026631	  0.131316	 -0.051572	  0.202256	  0.031481	  0.027334
  0.060129	  0.037084	  0.125900	 -0.096709	  0.214641	  0.025621	  0.128410
  0.060224	  0.042975	  0.134009	 -0.091198	  0.209922	  0.005570	  0.121442
  0.070297	  0.087004	  0.162105	 -0.073270	  0.166051	 -0.009824	  0.088373
  0.058894	  0.080416	  0.165177	 -0.051889	  0.135928	 -0.055817	  0.055430
  0.046667	  0.075854	  0.137461	 -0.047423	  0.128485	 -0.048753	  0.043267
  0.040364	  0.072275	  0.137303	 -0.022969	  0.140394	 -0.046504	  0.084793
  0.001150	  0.071800	  0.171512	  0.006109	  0.141376	 -0.054233	  0.102912
 -0.030906	  0.016020	  0.191183	  0.019476	  0.133077	 -0.050844	  0.060878
 -0.033788	 -0.003049	  0.183232	  0.023308	  0.110240	 -0.063672	 -0.014129
 -0.010918	  0.022070	  0.165336	 -0.017141	  0.106027	 -0.039219	  0.003039
 -0.000497	 -0.013312	  0.154883	 -0.007955	  0.124082	 -0.016729	  0.093472
 -0.013104	 -0.008560	  0.130398	 -0.027721	  0.121484	  0.021344	  0.107251
  0.038622	  0.005884	  0.152570	 -0.037223	  0.106407	  0.011525	  0.056729
  0.052147	  0.029957	  0.143891	 -0.052681	  0.105140	 -0.003489	 -0.013464
  0.048948	  0.035278	  0.126312	 -0.060695	  0.092882	  0.039463	 -0.008205
  0.035518	  0.005472	  0.125393	 -0.068518	  0.098235	  0.082509	  0.024547
  0.034060	  0.010350	  0.111298	 -0.037097	  0.091868	  0.110067	  0.063634
  0.063075	 -0.009922	  0.095967	 -0.034467	  0.061650	  0.121914	  0.034620
  0.086198	 -0.034091	  0.155548	 -0.054043	  0.035454	  0.088559	 -0.053565
  0.081795	 -0.007135	  0.151430	 -0.091641	  0.045083	  0.065183	 -0.076909
  0.067541	 -0.016796	  0.148009	 -0.071654	  0.047111	  0.068826	 -0.031455
  0.066369	 -0.004759	  0.137050	 -0.032662	  0.058419	  0.056947	  0.035823
  0.083696	 -0.031557	  0.086654	 -0.030698	  0.078786	  0.057771	  0.038832
  0.070170	 -0.080938	  0.051970	 -0.042196	  0.073908	  0.051658	 -0.023631
  0.065324	 -0.097663	  0.059413	 -0.070292	  0.105425	  0.068541	 -0.072728
  0.043500	 -0.096998	  0.041739	 -0.068930	  0.119172	  0.060590	 -0.018183
  0.037671	 -0.087052	  0.032869	 -0.075202	  0.114864	  0.033761	  0.030977
  0.010019	 -0.038462	  0.019819	 -0.082677	  0.116036	 -0.002665	  0.031800
 -0.039426	 -0.029656	  0.020611	 -0.097755	  0.106787	 -0.007829	 -0.020971
 -0.038698	 -0.029181	  0.008099	 -0.104280	  0.111095	 -0.014417	 -0.088597
 -0.025457	  0.006042	  0.006326	 -0.103203	  0.103176	  0.003099	 -0.075452
 -0.038476	 -0.044670	 -0.017653	 -0.098262	  0.131557	  0.047255	  0.020999
 -0.055011	 -0.030099	  0.003950	 -0.132883	  0.122054	  0.061002	  0.075417
 -0.071102	 -0.014515	  0.000624	 -0.129240	  0.139634	  0.068446	  0.012764
 -0.065178	 -0.007610	 -0.000960	 -0.122937	  0.166748	  0.031481	 -0.015459
 -0.051780	  0.003920	  0.022543	 -0.106275	  0.171278	  0.038132	 -0.017043
 -0.053490	  0.026378	 -0.001181	 -0.088569	  0.210460	  0.042313	  0.033796
 -0.074934	  0.050134	 -0.008847	 -0.094714	  0.202193	  0.059070	  0.091382
 -0.096505	  0.004173	 -0.025635	 -0.080840	  0.152178	  0.055427	  0.043204
 -0.065653	  0.014879	 -0.052337	 -0.029843	  0.140553	  0.046495	 -0.038139
 -0.031507	 -0.024525	 -0.027092	  0.017923	  0.129086	  0.041205	 -0.053406
  0.013820	 -0.020724	 -0.022246	 -0.013055	  0.137607	  0.061034	  0.002722
  0.035676	 -0.005741	 -0.009924	 -0.078718	  0.137005	  0.093532	  0.058503
  0.025793	  0.017920	  0.015987	 -0.070229	  0.144607	  0.113583	  0.022330
  0.005046	  0.031066	  0.025584	 -0.062120	  0.084298	  0.116655	 -0.041148
 -0.012217	  0.060302	  0.057291	 -0.063767	  0.111348	  0.069744	 -0.055338
 -0.010412	  0.062202	  0.061726	 -0.094334	  0.104348	  0.071676	 -0.010771
  0.007707	  0.063564	  0.038761	 -0.077989	  0.110683	  0.076776	  0.012574
 -0.023430	  0.058940	  0.049626	 -0.018788	  0.101782	  0.095971	 -0.015301
 -0.042562	  0.075601	  0.067997	 -0.008620	  0.079831	  0.099836	  0.009438
 -0.045698	  0.052985	  0.067396	 -0.020815	  0.091266	  0.109148	  0.033511
 -0.013167	  0.027581	  0.067681	 -0.011725	  0.124082	  0.094831	  0.050172
  0.040396	  0.026251	  0.073541	 -0.023825	  0.158798	  0.063726	  0.056285
  0.026363	 -0.000103	  0.043449	  0.006837	  0.170739	  0.010226	  0.078680
  0.014358	 -0.027154	  0.053427	  0.001611	  0.154870	 -0.003331	  0.062906
  0.008784	 -0.041376	  0.063373	 -0.020625	  0.135041	  0.009846	  0.060910
  0.029689	 -0.064150	  0.084057	 -0.007797	  0.103429	 -0.013752	  0.068639
  0.014612	 -0.052747	  0.087985	 -0.005548	  0.066591	 -0.047549	  0.083906
  0.043088	 -0.030004	  0.101161	 -0.007417	  0.060668	 -0.018788	  0.068797
  0.052115	 -0.012330	  0.094985	  0.014281	  0.042644	 -0.011281	  0.061829
  0.055568	  0.000372	  0.095238	  0.021661	  0.006440	  0.001579	  0.030280
  0.026838	  0.038573	  0.108098	 -0.004471	 -0.007561	  0.012634	  0.025339
  0.010811	  0.015640	  0.132995	  0.001674	 -0.030684	  0.006457	  0.063634
 -0.007276	  0.039301	  0.092324	  0.019602	 -0.027358	  0.025240	  0.057457
  0.001942	  0.048329	  0.070816	  0.025304	 -0.014783	  0.005095	  0.047955
  0.000326	  0.033219	  0.076360	  0.007882	  0.019648	 -0.003299	  0.021569
  0.019807	  0.020613	  0.055644	 -0.007037	  0.052717	  0.026381	  0.020271
 -0.006262	  0.035120	  0.060585	 -0.037350	  0.054269	  0.034838	  0.019859
 -0.020009	  0.030971	  0.034643	 -0.070862	  0.036785	  0.045449	 -0.014160
 -0.026186	  0.041740	 -0.005236	 -0.081442	  0.056455	  0.031861	  0.032909
 -0.036702	  0.034486	 -0.022784	 -0.098230	  0.063455	  0.022928	  0.046498
 -0.071355	  0.005662	 -0.032508	 -0.077673	  0.077709	  0.023752	  0.041176
 -0.057386	  0.015798	 -0.032952	 -0.059934	  0.087972	  0.034110	  0.043995
 -0.049562	  0.019156	 -0.039224	 -0.067948	  0.083917	  0.044151	  0.034429
 -0.066192	  0.018997	 -0.015879	 -0.073175	  0.084393	  0.024702	  0.055684
 -0.042942	  0.001988	  0.002271	 -0.079541	  0.047617	  0.028661	  0.029805
 -0.083011	 -0.027375	  0.008448	 -0.078781	 -0.010095	  0.011082	  0.003261
 -0.128022	 -0.008909	  0.014846	 -0.085021	  0.002100	  0.019856	  0.028348
 -0.104107	  0.000974	  0.006357	 -0.084768	 -0.012090	  0.046811	  0.039307
 -0.052857	 -0.014198	 -0.034377	 -0.088917	 -0.010348	  0.034490	  0.038326
 -0.054345	 -0.038969	 -0.027250	 -0.063482	 -0.028942	  0.059165	  0.053086
 -0.030747	 -0.005805	  0.009366	 -0.042671	 -0.013389	  0.032399	  0.035665
 -0.024095	  0.008544	  0.006199	 -0.039726	 -0.007593	  0.051911	  0.028665
 -0.010728	 -0.007135	 -0.012616	 -0.041594	  0.000073	  0.048078	 -0.008459
  0.012616	 -0.007072	 -0.043975	 -0.058889	  0.008942	  0.070504	 -0.025944
 -0.031729	 -0.014198	 -0.057025	 -0.102316	 -0.015828	  0.087229	 -0.038329
 -0.032743	  0.002336	 -0.085565	 -0.113846	  0.001055	  0.076871	 -0.039691
 -0.039490	 -0.016416	 -0.101149	 -0.111597	  0.009797	  0.067179	 -0.045931
 -0.048961	 -0.019140	 -0.116955	 -0.104185	 -0.015321	  0.092867	 -0.043397
 -0.057450	 -0.026267	 -0.102669	 -0.115873	 -0.015353	  0.120678	 -0.041021
  0.009195	 -0.041756	 -0.116638	 -0.117520	 -0.015733	  0.110574	 -0.025880
  0.031812	 -0.026045	 -0.097760	 -0.137602	 -0.016367	  0.081464	 -0.037854
  0.024209	  0.000277	 -0.097855	 -0.128607	  0.002353	  0.070663	 -0.032754
 -0.001258	  0.010413	 -0.076537	 -0.158255	  0.027757	  0.064961	 -0.026419
 -0.015670	  0.025902	 -0.095257	 -0.139154	 -0.015258	  0.071772	 -0.032849
 -0.036259	 -0.003619	 -0.063962	 -0.159965	 -0.014751	  0.068857	  0.000822
 -0.040757	  0.015133	 -0.071817	 -0.154485	 -0.026249	  0.099487	  0.008361
 -0.092894	  0.020296	 -0.051197	 -0.155340	 -0.013548	  0.107691	 -0.010486
 -0.086084	  0.004585	 -0.011983	 -0.183817	  0.012901	  0.095180	 -0.021097
 -0.126438	  0.015513	 -0.009195	 -0.174504	  0.044735	  0.072500	 -0.001585
 -0.090772	 -0.043593	  0.012439	 -0.173522	  0.057722	  0.081084	  0.021601
 -0.079242	 -0.054616	  0.012154	 -0.120561	  0.037957	  0.095211	  0.050394
 -0.061631	 -0.038398	  0.002683	 -0.076659	  0.042423	  0.114280	  0.039466
 -0.037589	 -0.062915	 -0.003304	 -0.064907	  0.067098	  0.099709	  0.055145
 -0.014656	 -0.039444	 -0.011413	 -0.076152	  0.072894	  0.068667	  0.040574
 -0.031951	 -0.025665	  0.012534	 -0.049703	  0.037576	  0.067400	  0.066770
 -0.025426	 -0.077454	  0.008923	 -0.040264	  0.023608	  0.034870	  0.093599
 -0.017000	 -0.091169	 -0.010684	 -0.061296	  0.007643	  0.031385	  0.068956
 -0.035784	 -0.099468	  0.009683	 -0.096805	 -0.006326	  0.039463	  0.055620
 -0.007181	 -0.106849	  0.012597	 -0.070071	  0.048980	  0.039241	  0.054322
 -0.003918	 -0.124682	  0.023050	 -0.059016	  0.038083	  0.030213	  0.052358
  0.001752	 -0.131619	  0.008226	 -0.051382	  0.019205	  0.031164	  0.067910
 -0.014498	 -0.124175	 -0.011349	 -0.018852	  0.017399	  0.018525	  0.088056
 -0.026978	 -0.097726	 -0.029119	 -0.001557	  0.044703	 -0.006657	  0.084096
 -0.033630	 -0.075934	 -0.006028	 -0.022526	  0.020155	  0.039969	  0.084033
 -0.025014	 -0.044828	  0.037399	 -0.059523	  0.030386	  0.044943	  0.062462
 -0.032838	 -0.032665	  0.006864	 -0.079130	  0.017653	  0.052608	  0.043837
 -0.024887	  0.018300	 -0.002290	 -0.093637	  0.058039	  0.043359	  0.035095
 -0.032774	  0.029482	  0.008068	 -0.106909	  0.049835	  0.037309	  0.048145
 -0.050196	  0.068601	  0.042087	 -0.096646	  0.017368	  0.031956	  0.025275
 -0.030335	  0.037559	  0.068726	 -0.093985	  0.031558	  0.015389	  0.005573
  0.007263	  0.025047	  0.065875	 -0.049450	  0.042169	  0.010226	  0.014316
  0.012838	 -0.003967	  0.074998	 -0.039124	  0.086388	 -0.024331	 -0.028034
  0.028581	 -0.036910	  0.090582	 -0.038237	  0.097728	 -0.037888	 -0.020274
  0.025191	 -0.056327	  0.075093	 -0.002285	  0.098710	 -0.058857	  0.018814
  0.011159	 -0.087844	  0.064481	  0.051626	  0.087180	 -0.034911	  0.034683
  0.018318	 -0.085183	  0.083455	  0.043771	  0.062568	 -0.021512	  0.005542
 -0.007561	 -0.069282	  0.052096	  0.040191	  0.015309	 -0.020024	 -0.032881
 -0.036005	 -0.024145	  0.046141	  0.039273	  0.016227	 -0.005548	 -0.043492
 -0.048549	 -0.013185	  0.030684	  0.060653	  0.008815	 -0.018345	 -0.026229
 -0.028942	  0.018712	  0.029005	  0.068192	  0.036626	  0.000755	 -0.030727
 -0.018077	  0.064198	  0.040788	  0.086279	  0.075175	  0.006869	 -0.040704
 -0.031254	  0.096032	  0.035499	  0.049029	  0.084044	 -0.004756	 -0.063352
 -0.077880	  0.068854	  0.018837	  0.018589	  0.033807	  0.018050	 -0.054420
 -0.075536	  0.095810	  0.015955	  0.007819	  0.013091	  0.052006	 -0.079127
 -0.088143	  0.057388	  0.037906	 -0.006371	  0.009956	  0.074401	 -0.104087
 -0.081776	  0.014214	  0.055517	 -0.010268	  0.010557	  0.099899	 -0.093856
 -0.080509	  0.014531	  0.053712	 -0.026549	 -0.008036	  0.098030	 -0.100919
 -0.065970	  0.010477	  0.064260	 -0.046599	 -0.028435	  0.099963	 -0.098195
 -0.031729	  0.006422	  0.059318	 -0.061392	 -0.023367	  0.105506	 -0.058949
 -0.014973	  0.007689	  0.046712	 -0.042861	 -0.007212	  0.070504	 -0.047958
