:RUN-5	LEVEL SWEEP	TEMP:NaN	8/27/2019	5:05 PM	HR:-636.36:SW EAR: R	SW FREQ: 22.60	# AVERAGES: 512	REP RATE (/sec): 80	DRIVER: 	SAMPLE (µsec): 40	MASKER dB: 2147483647:NOTES-:CHAMBER-SEWELL-PXI1:CFTS Version: V2.7.2 (R850):LEVELS:20;30;40;50;60;70;80;:DATA  0.054570	 -0.069027	 -0.052668	 -0.004058	  0.014365	  0.087699	 -0.007143
  0.054760	 -0.042388	 -0.056184	  0.041903	  0.016329	  0.079052	 -0.052629
  0.056756	 -0.018061	 -0.035722	  0.053718	  0.009613	  0.049657	 -0.071824
  0.049502	 -0.025315	 -0.019631	  0.029740	 -0.007555	 -0.003304	 -0.061529
  0.006772	  0.014944	 -0.039555	  0.025369	  0.003912	 -0.000231	 -0.041986
  0.025777	  0.041267	 -0.032364	  0.027934	  0.028017	 -0.010811	 -0.077430
 -0.006341	  0.049597	 -0.008386	  0.006775	 -0.006034	 -0.021549	 -0.080154
 -0.004251	  0.073449	 -0.007848	 -0.007130	 -0.019053	 -0.041472	 -0.116201
  0.004270	  0.050167	  0.002954	 -0.065698	  0.010279	 -0.056708	 -0.083702
  0.008293	  0.078010	  0.044512	 -0.063385	 -0.000523	 -0.062885	 -0.063271
  0.008324	  0.059322	  0.055281	 -0.038014	 -0.021460	 -0.098076	 -0.075752
  0.025777	  0.030782	  0.056422	 -0.027719	 -0.027827	 -0.098488	 -0.066376
  0.010415	  0.010351	  0.013058	 -0.026896	 -0.014365	 -0.059654	 -0.041606
  0.006899	 -0.027659	  0.034756	  0.000250	 -0.013478	 -0.049201	 -0.015505
  0.018714	 -0.064814	  0.027534	 -0.014574	 -0.040940	 -0.024780	  0.040402
 -0.055121	 -0.071909	  0.019108	  0.003291	 -0.042809	 -0.024399	  0.081770
 -0.077072	 -0.050655	  0.004062	  0.018369	 -0.028999	  0.021815	  0.128934
 -0.094240	 -0.018473	  0.004411	  0.000314	 -0.004134	  0.074618	  0.168180
 -0.050940	 -0.010491	 -0.007341	  0.011432	  0.051235	  0.107338	  0.203625
 -0.042863	 -0.009097	 -0.002399	  0.028378	  0.093426	  0.131380	  0.232196
 -0.065067	  0.022642	 -0.008164	  0.059927	  0.153419	  0.169897	  0.261876
 -0.065067	  0.008356	 -0.016653	  0.097177	  0.145215	  0.164354	  0.251169
 -0.052967	 -0.027310	 -0.021911	  0.089258	  0.103499	  0.159254	  0.220159
 -0.028736	 -0.014957	  0.005995	  0.070221	  0.110911	  0.104044	  0.188167
 -0.007989	  0.014564	  0.001053	  0.090557	  0.136061	  0.099419	  0.140591
 -0.008179	  0.037941	  0.019362	  0.085995	  0.149998	  0.149181	  0.122568
 -0.024808	  0.060430	 -0.002748	  0.080642	  0.163302	  0.159761	  0.174008
 -0.018093	  0.053715	  0.012013	  0.090240	  0.181927	  0.193843	  0.288863
 -0.015812	  0.029388	  0.007610	  0.088308	  0.165963	  0.240089	  0.367608
 -0.027976	 -0.037352	  0.007230	  0.065311	  0.233906	  0.274806	  0.429723
 -0.055185	 -0.072289	 -0.000499	  0.057678	  0.291429	  0.367741	  0.469064
 -0.032315	 -0.079511	 -0.007784	  0.092552	  0.336091	  0.407018	  0.456647
 -0.016604	 -0.071624	 -0.009653	  0.138988	  0.360576	  0.401728	  0.373690
 -0.021894	 -0.059144	  0.036213	  0.163283	  0.322154	  0.364763	  0.296655
 -0.032759	 -0.055597	  0.048281	  0.201008	  0.251676	  0.295996	  0.180185
 -0.051510	 -0.058922	  0.056073	  0.239114	  0.183194	  0.201382	  0.046864
 -0.064561	 -0.053411	  0.078848	  0.220774	  0.109011	  0.074427	 -0.096087
 -0.036750	 -0.059303	  0.096618	  0.162998	  0.023836	 -0.039477	 -0.242110
 -0.040899	 -0.074095	  0.108686	  0.093312	 -0.085032	 -0.173305	 -0.357060
 -0.044732	 -0.042388	  0.073020	  0.024007	 -0.215725	 -0.271467	 -0.434569
 -0.045619	  0.014121	  0.057214	 -0.043272	 -0.287216	 -0.298708	 -0.484838
 -0.054329	  0.025492	  0.068965	 -0.066268	 -0.320285	 -0.354076	 -0.525446
 -0.030066	  0.038289	  0.043625	 -0.123790	 -0.319525	 -0.407259	 -0.531433
 -0.016953	  0.041393	 -0.008544	 -0.155497	 -0.280786	 -0.384801	 -0.494151
  0.005664	  0.095590	 -0.040410	 -0.149574	 -0.263840	 -0.336243	 -0.422216
  0.045511	  0.082793	 -0.081588	 -0.119926	 -0.234698	 -0.310681	 -0.377617
  0.048805	  0.053937	 -0.076235	 -0.077924	 -0.203688	 -0.273906	 -0.299854
  0.074241	  0.076743	 -0.061822	 -0.040199	 -0.172773	 -0.208085	 -0.239101
  0.060557	  0.046556	 -0.075189	  0.015359	 -0.137835	 -0.108561	 -0.114871
  0.024004	  0.031606	 -0.095652	  0.026984	 -0.055764	 -0.036499	  0.052882
  0.010383	  0.035185	 -0.104869	  0.040541	  0.044108	  0.070943	  0.201122
  0.011017	  0.051149	 -0.122702	  0.068954	  0.116011	  0.170499	  0.291175
  0.016655	 -0.003902	 -0.097995	  0.119983	  0.174483	  0.311707	  0.306886
  0.016528	 -0.010111	 -0.092009	  0.138798	  0.262858	  0.352790	  0.330896
 -0.000513	 -0.048248	 -0.038889	  0.138766	  0.298429	  0.375818	  0.388482
 -0.027691	 -0.089521	 -0.004015	  0.138386	  0.344675	  0.359379	  0.406695
 -0.038682	 -0.080208	 -0.008101	  0.155998	  0.381513	  0.339550	  0.361495
 -0.075140	 -0.071878	  0.011791	  0.187198	  0.355888	  0.348514	  0.302705
 -0.084484	 -0.076851	  0.049802	  0.212697	  0.293963	  0.323585	  0.210752
 -0.114196	 -0.066841	  0.067825	  0.208230	  0.257441	  0.252886	  0.083639
 -0.085498	 -0.063895	  0.060729	  0.158785	  0.193584	  0.212754	 -0.031723
 -0.075584	 -0.055977	  0.078309	  0.109783	  0.129346	  0.139267	 -0.114712
 -0.041089	 -0.011568	  0.077707	  0.092109	  0.124848	  0.050481	 -0.166406
 -0.018726	 -0.013183	  0.059114	  0.094516	  0.097512	 -0.005489	 -0.221331
  0.020773	 -0.001052	  0.074477	  0.091063	  0.056366	 -0.060161	 -0.287881
  0.040475	 -0.014957	  0.042611	  0.121345	  0.006668	 -0.137512	 -0.338625
  0.005695	  0.026316	  0.081825	  0.123182	 -0.030266	 -0.191677	 -0.355856
  0.000057	  0.034076	  0.078689	  0.071140	 -0.054909	 -0.216985	 -0.382780
  0.002686	  0.011397	  0.073811	  0.051438	 -0.063303	 -0.223384	 -0.347114
  0.014058	  0.024669	  0.054394	  0.036043	 -0.073598	 -0.201306	 -0.290193
  0.012094	  0.026538	  0.045240	  0.026921	 -0.113097	 -0.178690	 -0.233526
  0.028121	  0.029578	  0.020058	  0.016088	 -0.116803	 -0.185120	 -0.195072
  0.019442	  0.048203	  0.018095	  0.019414	 -0.149333	 -0.126647	 -0.110404
  0.016053	  0.031130	 -0.007562	  0.005192	 -0.141224	 -0.076632	 -0.073978
  0.015103	  0.015388	 -0.028627	  0.005413	 -0.103848	 -0.011001	 -0.059819
  0.039366	  0.026981	 -0.022450	  0.001771	 -0.058013	  0.017254	 -0.060864
  0.025682	  0.038954	 -0.034011	 -0.026800	 -0.017849	  0.025552	 -0.048004
  0.013614	  0.022515	 -0.041043	  0.007979	  0.024533	  0.021561	 -0.042239
  0.000691	  0.016972	 -0.066320	 -0.015841	  0.055448	  0.022037	 -0.033845
  0.002179	  0.006962	 -0.019853	  0.007472	  0.035239	  0.036037	 -0.027985
 -0.020184	  0.021660	  0.048534	  0.032337	  0.050380	  0.022828	 -0.031153
 -0.028799	  0.023814	  0.047236	  0.045894	  0.051963	  0.012281	 -0.021365
 -0.024523	  0.033506	  0.039412	  0.035632	  0.038280	  0.022163	 -0.004165
 -0.000767	  0.022515	  0.054268	  0.016816	  0.053610	  0.045255	  0.012813
 -0.000640	  0.005125	  0.066399	  0.018273	  0.066946	  0.051273	  0.029125
 -0.002889	  0.022832	  0.051924	  0.006649	  0.059249	  0.078799	  0.001600
  0.010256	  0.041488	  0.054204	  0.032432	  0.089974	  0.067839	  0.049081
 -0.006880	  0.027678	  0.036118	  0.035251	  0.113730	  0.076233	  0.052755
  0.001166	  0.008008	  0.045525	  0.029677	  0.118386	  0.073002	  0.041542
 -0.006183	 -0.021419	  0.055503	  0.055682	  0.142206	  0.087953	  0.081833
 -0.019012	 -0.020374	 -0.007182	  0.066325	  0.120224	  0.104012	  0.072964
 -0.061235	 -0.015939	  0.039950	  0.075099	  0.125450	  0.126217	  0.055923
 -0.030446	 -0.015464	  0.051227	  0.080135	  0.098146	  0.149118	  0.047751
  0.009116	 -0.017396	  0.026584	  0.109087	  0.070874	  0.157068	  0.058647
  0.025461	 -0.033614	  0.039127	  0.141807	  0.071982	  0.137050	  0.052629
  0.039746	 -0.035641	  0.061901	  0.159419	  0.096879	  0.133470	  0.046388
  0.012474	 -0.027532	  0.065417	  0.155396	  0.082657	  0.108605	  0.073914
  0.004777	 -0.024681	  0.065829	  0.131196	  0.114649	  0.085102	  0.071475
  0.026252	 -0.027089	  0.070042	  0.144278	  0.123169	  0.086908	  0.058267
 -0.009065	 -0.016794	  0.097600	  0.141332	  0.127351	  0.094921	  0.071475
 -0.032093	 -0.060348	  0.084549	  0.107946	  0.141351	  0.140154	  0.075593
 -0.011283	 -0.044732	  0.078911	  0.142536	  0.161433	  0.148168	  0.086299
 -0.008685	 -0.040804	  0.048091	  0.176112	  0.179552	  0.170245	  0.050190
 -0.020595	 -0.049135	  0.045209	  0.203226	  0.182117	  0.140344	  0.024374
 -0.036465	 -0.075013	  0.020027	  0.247254	  0.185411	  0.096759	 -0.041764
 -0.058669	 -0.065353	  0.004601	  0.219222	  0.132894	  0.062549	 -0.059280
 -0.073588	 -0.075679	 -0.011490	  0.157613	  0.113889	  0.056531	 -0.080693
 -0.092086	 -0.074063	 -0.036830	  0.119571	  0.078792	  0.042942	 -0.061814
 -0.095729	 -0.065353	 -0.055614	  0.096670	  0.023107	  0.031571	 -0.104608
 -0.115241	 -0.071117	 -0.039048	  0.113680	  0.023392	  0.014624	 -0.130265
 -0.121766	 -0.059619	 -0.055139	  0.122232	  0.016614	 -0.033110	 -0.160546
 -0.110585	 -0.054805	 -0.052288	  0.083145	  0.010754	 -0.050373	 -0.177398
 -0.107702	 -0.010174	 -0.011839	  0.027016	 -0.020478	 -0.058767	 -0.206571
 -0.105517	  0.017668	  0.020027	  0.005002	 -0.022664	 -0.060478	 -0.212462
 -0.086068	  0.014818	  0.043498	 -0.006338	 -0.017722	 -0.064722	 -0.182117
 -0.066651	  0.025207	  0.048059	 -0.012040	 -0.003849	 -0.068808	 -0.144962
 -0.048660	  0.033474	  0.022117	 -0.005135	  0.000238	 -0.083316	 -0.095042
 -0.026804	  0.045764	  0.008180	  0.021409	 -0.023012	 -0.096619	 -0.072711
 -0.026329	  0.038923	 -0.009716	  0.002309	 -0.023899	 -0.071849	 -0.040212
 -0.020374	  0.027836	 -0.025301	 -0.033199	 -0.040940	 -0.082334	  0.005781
  0.014026	 -0.003237	 -0.012536	 -0.041688	 -0.066724	 -0.126489	  0.019433
  0.002876	 -0.030795	 -0.018522	 -0.049638	 -0.080851	 -0.148693	  0.004735
 -0.021989	 -0.040772	 -0.039079	 -0.060661	 -0.054402	 -0.119394	  0.030107
 -0.026994	 -0.033519	 -0.034993	 -0.057842	 -0.048606	 -0.122181	  0.032103
  0.021723	 -0.026709	 -0.025364	 -0.026896	 -0.064697	 -0.118634	  0.027985
  0.035153	 -0.007608	 -0.044242	 -0.030126	 -0.058108	 -0.089872	  0.003627
  0.028818	 -0.022623	 -0.074714	 -0.003804	 -0.051520	 -0.107959	 -0.056746
 -0.007545	 -0.033962	 -0.083520	 -0.030126	 -0.080788	 -0.133236	 -0.131088
 -0.032695	 -0.044288	 -0.071388	 -0.061295	 -0.122568	 -0.135897	 -0.137328
 -0.067190	 -0.032822	 -0.095050	 -0.051697	 -0.143252	 -0.150942	 -0.208059
 -0.077357	 -0.038904	 -0.123748	 -0.061073	 -0.130930	 -0.154458	 -0.242902
 -0.081539	 -0.047804	 -0.117222	 -0.049575	 -0.135555	 -0.182048	 -0.284809
 -0.109033	 -0.047646	 -0.125648	 -0.068675	 -0.148541	 -0.226393	 -0.299253
 -0.132853	 -0.050085	 -0.113073	 -0.089739	 -0.119495	 -0.264625	 -0.303339
 -0.137097	 -0.070357	 -0.094226	 -0.084355	 -0.110278	 -0.258417	 -0.338023
 -0.125884	 -0.043021	 -0.056818	 -0.112957	 -0.156967	 -0.246824	 -0.354082
 -0.131649	 -0.028831	 -0.048487	 -0.085305	 -0.189086	 -0.243751	 -0.392410
 -0.116160	 -0.013057	 -0.025966	 -0.104658	 -0.162700	 -0.202098	 -0.382178
 -0.106657	 -0.016763	  0.014420	 -0.119292	 -0.104038	 -0.182649	 -0.398016
 -0.086100	 -0.008305	 -0.013359	 -0.109536	 -0.065140	 -0.226583	 -0.421456
 -0.060728	  0.015641	 -0.047600	 -0.112197	 -0.056018	 -0.214261	 -0.457597
 -0.061678	 -0.006436	 -0.086497	 -0.097817	 -0.098589	 -0.165450	 -0.460036
 -0.072479	 -0.042641	 -0.074112	 -0.089328	 -0.109042	 -0.181129	 -0.418763
 -0.050180	 -0.032949	 -0.047220	 -0.039344	 -0.140052	 -0.221262	 -0.392410
 -0.051384	  0.005188	 -0.049912	  0.004938	 -0.148700	 -0.224176	 -0.384491
 -0.047836	  0.010003	 -0.043926	 -0.005958	 -0.163492	 -0.220248	 -0.394595
 -0.022021	  0.006645	 -0.066289	 -0.021226	 -0.141066	 -0.217397	 -0.374766
 -0.019582	  0.014406	 -0.029894	 -0.032090	 -0.141700	 -0.177423	 -0.384776
 -0.001590	 -0.003142	 -0.029545	 -0.057114	 -0.132640	 -0.181129	 -0.374386
  0.030877	 -0.023446	 -0.022767	 -0.064209	 -0.112653	 -0.186862	 -0.342838
  0.049375	 -0.019075	  0.007357	 -0.055055	 -0.083195	 -0.183473	 -0.291397
  0.031035	 -0.013595	  0.023479	 -0.003899	 -0.080598	 -0.155884	 -0.277523
  0.055109	 -0.058669	  0.033014	  0.017006	 -0.118798	 -0.089841	 -0.278125
  0.071802	 -0.114323	  0.045779	  0.054700	 -0.138025	 -0.067985	 -0.275084
  0.017985	 -0.121545	  0.039285	  0.045229	 -0.102802	 -0.061935	 -0.229218
  0.015008	 -0.078403	  0.035231	  0.026256	 -0.084336	 -0.045147	 -0.156207
  0.023022	 -0.071086	  0.049960	  0.033573	 -0.048162	 -0.049201	 -0.139609
  0.019917	 -0.056673	  0.044448	  0.024925	 -0.050158	 -0.039255	 -0.104861
  0.024067	 -0.071434	  0.065671	  0.046876	 -0.043221	 -0.009417	 -0.087978
  0.028723	 -0.059651	  0.063644	  0.066547	 -0.017532	 -0.005489	 -0.099825
  0.023814	 -0.046601	  0.082522	  0.127047	  0.016075	 -0.008752	 -0.081992
 -0.008242	 -0.048913	  0.091328	  0.140762	  0.058298	  0.017349	 -0.114110
 -0.029971	 -0.047614	  0.073210	  0.115358	  0.069290	 -0.032572	 -0.107363
 -0.042198	 -0.035071	  0.026330	  0.080294	  0.050253	 -0.027377	 -0.066692
 -0.061425	 -0.050022	 -0.007087	  0.061035	  0.053642	 -0.024495	 -0.060991
 -0.032949	 -0.055882	 -0.021690	  0.034491	  0.048574	 -0.032635	 -0.082277
 -0.021926	 -0.066208	 -0.040727	  0.029993	  0.040877	 -0.055378	 -0.072457
 -0.036180	 -0.060443	 -0.043799	  0.040034	  0.015410	 -0.085945	 -0.090861
 -0.052492	 -0.048818	 -0.035183	  0.060370	 -0.002803	 -0.139318	 -0.140084
 -0.062312	 -0.021609	 -0.028025	  0.007155	 -0.003975	 -0.156707	 -0.169986
 -0.095254	  0.013139	  0.018950	 -0.018818	 -0.025134	 -0.138177	 -0.185063
 -0.069914	  0.036864	 -0.007974	 -0.024457	 -0.047434	 -0.202066	 -0.184208
 -0.054266	  0.021533	 -0.041867	 -0.041751	 -0.016899	 -0.208686	 -0.191493
 -0.069850	  0.014501	 -0.090488	 -0.062404	 -0.043854	 -0.215465	 -0.177398
 -0.098612	 -0.017206	 -0.044464	 -0.066331	 -0.008441	 -0.205709	 -0.171316
 -0.105263	 -0.010237	 -0.021468	 -0.070481	 -0.011482	 -0.202573	 -0.140306
 -0.128260	  0.003636	 -0.041582	 -0.030633	 -0.013414	 -0.182238	 -0.121301
 -0.117712	  0.014659	 -0.065148	 -0.022619	 -0.043379	 -0.157467	 -0.109644
 -0.139061	  0.000025	 -0.098344	 -0.025977	 -0.043284	 -0.126141	 -0.084937
 -0.119644	 -0.021957	 -0.101828	 -0.052457	  0.004134	 -0.104601	 -0.024628
 -0.108969	 -0.012550	 -0.105566	 -0.067313	  0.020256	 -0.104158	 -0.009804
 -0.105295	 -0.031555	 -0.126092	 -0.034941	  0.025926	 -0.054238	 -0.013003
 -0.051574	 -0.004568	 -0.114878	 -0.001872	  0.023487	 -0.042676	 -0.044805
 -0.030985	  0.011809	 -0.110951	  0.043107	  0.025103	 -0.025033	 -0.020351
 -0.014799	 -0.000196	 -0.066542	  0.063696	  0.039008	  0.003126	 -0.003595
 -0.021039	 -0.033265	 -0.077312	  0.042157	  0.043348	  0.009366	  0.019781
  0.000595	 -0.019867	 -0.049659	  0.062556	  0.042778	  0.052255	  0.013003
 -0.009731	 -0.014577	 -0.024762	  0.081307	  0.006699	  0.067110	  0.000238
  0.020012	 -0.038619	 -0.027233	  0.099647	 -0.007776	  0.055612	  0.011071
  0.024194	 -0.036781	 -0.024192	  0.108105	  0.003025	  0.036005	  0.045660
  0.037782	 -0.044225	 -0.014468	  0.105000	  0.027573	  0.052825	  0.046484
  0.023465	 -0.052239	 -0.019314	  0.094706	  0.060737	  0.077310	  0.042778
 -0.010206	 -0.002509	 -0.023654	  0.058374	  0.079521	  0.116587	  0.020225
 -0.066873	 -0.000196	 -0.020043	  0.098919	  0.093838	  0.137778	  0.015695
 -0.097788	 -0.007577	 -0.026631	  0.136929	  0.127256	  0.150195	  0.032705
 -0.078118	 -0.015337	 -0.008925	  0.145577	  0.121871	  0.165557	  0.038945
 -0.072733	 -0.031745	 -0.010920	  0.145165	  0.141858	  0.158747	  0.052755
 -0.090091	 -0.059904	 -0.034011	  0.187546	  0.150917	  0.183422	  0.067484
 -0.035958	 -0.083693	 -0.020993	  0.190175	  0.127256	  0.167616	  0.062606
 -0.021609	 -0.085910	 -0.032586	  0.168383	  0.146673	  0.165082	  0.050285
 -0.025537	 -0.107322	 -0.041867	  0.206266	  0.144519	  0.184372	  0.070493
 -0.003237	 -0.101589	 -0.056913	  0.172152	  0.141826	  0.195110	  0.082878
  0.018587	 -0.110110	 -0.098249	  0.151627	  0.092508	  0.169358	  0.140559
  0.012189	 -0.118694	 -0.131318	  0.149061	  0.082562	  0.163245	  0.106762
 -0.034437	 -0.125187	 -0.119313	  0.126318	  0.081643	  0.154914	  0.077969
 -0.047393	 -0.105929	 -0.124159	  0.128282	  0.068561	  0.144430	  0.064538
 -0.044162	 -0.070167	 -0.106073	  0.136676	  0.096784	  0.134832	  0.069321
 -0.057307	 -0.083534	 -0.083393	  0.101263	  0.085539	  0.095397	  0.091114
 -0.064909	 -0.082711	 -0.072814	  0.104557	  0.051900	  0.082410	  0.059977
 -0.027215	 -0.100290	 -0.065433	  0.076619	  0.033750	  0.091754	  0.077715
  0.006962	 -0.087113	 -0.047315	  0.047858	  0.048827	  0.059508	  0.076543
  0.005125	 -0.066049	 -0.014024	  0.041238	  0.037614	  0.060427	  0.065457
 -0.035641	 -0.036211	 -0.009273	  0.082068	  0.035270	  0.098849	  0.064507
 -0.010168	 -0.007713	  0.025272	  0.000887	 -0.040380	  0.057174	 -0.006810
 -0.002312	 -0.027257	 -0.005041	  0.016503	 -0.063439	  0.047576	 -0.010041
 -0.004878	 -0.042017	 -0.033676	 -0.007729	 -0.075413	  0.063604	 -0.039119
 -0.014982	 -0.064919	 -0.044762	 -0.025182	 -0.025176	  0.041875	 -0.041875
 -0.010073	 -0.081105	 -0.043020	 -0.047861	 -0.005410	  0.040766	 -0.036015
 -0.006145	 -0.086268	 -0.044255	 -0.041495	 -0.013107	  0.034684	 -0.038454
 -0.045612	 -0.041067	 -0.031047	 -0.048527	 -0.001292	  0.029901	 -0.040798
 -0.037123	 -0.031976	 -0.012136	 -0.026386	 -0.019062	  0.021191	 -0.034970
  0.027969	 -0.021935	 -0.018820	 -0.034653	 -0.014058	  0.033766	 -0.086917
  0.025720	  0.000649	 -0.028449	 -0.029363	 -0.005600	 -0.000855	 -0.089609
  0.008457	  0.016614	  0.007407	 -0.017105	  0.026740	 -0.016661	 -0.074152
  0.012100	  0.030392	  0.023688	  0.038549	  0.051352	 -0.034241	  0.006493
 -0.015172	  0.057728	  0.026888	  0.063509	  0.080398	 -0.001615	  0.137819
 -0.009883	  0.073566	  0.022421	  0.070129	  0.055185	  0.007634	  0.232655
  0.017390	  0.057950	  0.043454	  0.041431	  0.050022	 -0.003548	  0.233004
 -0.003294	  0.007776	  0.042884	 -0.009439	  0.009889	 -0.006715	  0.166802
  0.039626	  0.040434	  0.026888	 -0.009249	  0.023699	 -0.032150	  0.062052
  0.024042	  0.057031	  0.027363	  0.015901	  0.014355	 -0.080582	 -0.057649
  0.019069	  0.039547	  0.014344	  0.022141	 -0.016623	 -0.107918	 -0.147449
 -0.014729	  0.022569	  0.000597	  0.027938	 -0.032081	 -0.093886	 -0.134969
 -0.033893	 -0.007586	 -0.016318	 -0.000190	 -0.009781	 -0.023060	 -0.050554
 -0.047386	  0.001378	 -0.000733	 -0.019259	 -0.003098	  0.022648	  0.077351
 -0.060120	 -0.038280	  0.016055	 -0.001837	 -0.038606	  0.051567	  0.204401
 -0.058378	 -0.048606	  0.001072	  0.009661	 -0.030624	  0.051979	  0.321726
 -0.040861	 -0.017627	 -0.004249	  0.047038	  0.002065	  0.053880	  0.383303
 -0.018372	  0.001505	  0.039146	  0.064966	  0.020374	  0.052201	  0.314663
 -0.020177	  0.004292	  0.052196	  0.059866	  0.020310	  0.023820	  0.166802
 -0.037662	 -0.012433	  0.069111	  0.036902	  0.008337	 -0.028001	  0.029711
 -0.063002	  0.008727	  0.062047	 -0.005828	 -0.025429	 -0.110040	 -0.100791
 -0.056794	  0.003880	  0.050327	  0.009503	 -0.035343	 -0.125308	 -0.158282
 -0.030598	  0.006256	  0.049440	  0.029046	 -0.010003	 -0.118529	 -0.125656
 -0.037187	  0.046990	  0.035060	  0.038834	  0.024460	 -0.095153	 -0.059645
 -0.017485	  0.070525	  0.014376	  0.062717	  0.063959	  0.009408	  0.092872
 -0.010294	  0.085032	  0.010892	  0.079790	  0.081602	  0.036870	  0.200378
  0.006018	  0.068498	 -0.038680	  0.098700	  0.103743	  0.072568	  0.250773
 -0.024580	  0.055796	 -0.040011	  0.114886	  0.102729	  0.048273	  0.215519
 -0.045929	  0.020827	 -0.027562	  0.096420	  0.074982	  0.012733	  0.117991
 -0.033196	  0.015695	 -0.014797	  0.105732	  0.078751	 -0.013810	  0.024865
 -0.002566	  0.043854	  0.041807	  0.098193	  0.022021	 -0.037345	 -0.099841
  0.002091	  0.062891	  0.035091	  0.080835	  0.009287	 -0.078808	 -0.193124
  0.015458	  0.058647	  0.009530	  0.078998	 -0.003605	 -0.096166	 -0.177762
  0.055400	  0.060832	 -0.004629	  0.074374	 -0.006836	 -0.070636	 -0.109533
  0.064903	  0.101123	  0.003163	  0.075831	  0.028514	 -0.007000	  0.029997
  0.090180	  0.051013	  0.002371	  0.087075	  0.052492	  0.051314	  0.157553
  0.087962	  0.056240	  0.027648	  0.075261	  0.075457	  0.083464	  0.250013
  0.076749	  0.091019	  0.033539	  0.071333	  0.094906	  0.119479	  0.278711
  0.045011	  0.073756	  0.019571	  0.052454	  0.082711	  0.081120	  0.173897
  0.018815	  0.069195	  0.042915	 -0.002249	  0.064592	  0.028666	  0.031929
  0.036933	  0.086901	  0.012000	 -0.015236	  0.030478	  0.014539	 -0.085650
  0.048337	  0.063398	  0.011113	 -0.024770	 -0.041140	 -0.037250	 -0.173074
  0.026100	  0.050190	  0.053843	 -0.040101	 -0.052891	 -0.087867	 -0.205636
  0.000063	  0.014270	  0.056282	 -0.027779	 -0.019949	 -0.096768	 -0.176717
 -0.045803	 -0.018673	  0.073324	 -0.003928	  0.027564	 -0.031644	 -0.091637
 -0.029901	  0.009708	  0.073735	  0.044409	  0.023763	  0.005702	  0.032594
 -0.014317	  0.003563	  0.082193	  0.069147	  0.002699	  0.039943	  0.170191
  0.009122	  0.012021	  0.092170	  0.089736	  0.005169	  0.115425	  0.191572
  0.020367	  0.033560	  0.075731	  0.079220	  0.021165	  0.124674	  0.140480
  0.003991	  0.022759	  0.070536	  0.058789	  0.015115	  0.089863	  0.032087
  0.002756	  0.033560	  0.099044	  0.041653	  0.032759	  0.027558	 -0.092872
 -0.011942	  0.051932	  0.078613	  0.044599	  0.090439	  0.021476	 -0.196799
 -0.034621	  0.073503	  0.056251	  0.044060	  0.106467	  0.012448	 -0.267371
 -0.048653	  0.062099	  0.039241	  0.035033	  0.106720	  0.041273	 -0.284539
 -0.048115	  0.085286	  0.009434	  0.054418	  0.126993	  0.042192	 -0.173359
 -0.033037	  0.095834	 -0.033296	  0.076464	  0.141405	  0.062305	 -0.006113
 -0.015711	  0.075593	 -0.036051	  0.039056	  0.158478	  0.101836	  0.120239
 -0.004688	  0.069733	 -0.035038	  0.055717	  0.201398	  0.129710	  0.167499
 -0.030155	  0.070398	 -0.020024	  0.060468	  0.178338	  0.119448	  0.182260
 -0.081469	  0.069670	 -0.000100	  0.057396	  0.130825	  0.095469	  0.101741
 -0.071491	  0.064348	 -0.053758	  0.021919	  0.063135	  0.013557	  0.000380
 -0.064428	  0.038596	 -0.071528	  0.010580	  0.017301	 -0.042857	 -0.119448
 -0.066708	  0.027542	 -0.071813	 -0.004308	 -0.043864	 -0.068957	 -0.246054
 -0.051694	  0.013541	 -0.048468	 -0.053024	 -0.022673	 -0.094646	 -0.250678
 -0.012353	  0.018229	 -0.026739	 -0.033988	  0.020374	 -0.069369	 -0.203260
 -0.007317	  0.028017	  0.002973	 -0.022616	  0.058131	 -0.018277	 -0.034368
 -0.030250	  0.041606	 -0.024363	 -0.029110	  0.048311	  0.061608	  0.093189
 -0.044060	  0.025958	 -0.051255	 -0.007539	  0.048343	  0.099999	  0.202690
 -0.016123	  0.006319	 -0.013530	 -0.024960	  0.027944	  0.084922	  0.228537
  0.065061	 -0.018799	  0.032716	 -0.006272	  0.029654	  0.087836	  0.213523
  0.089071	  0.001948	  0.041332	 -0.012227	  0.014260	  0.053595	  0.093949
  0.051472	 -0.024976	  0.058531	 -0.020652	 -0.000627	  0.012037	 -0.054006
  0.042540	 -0.031374	  0.087768	 -0.034811	 -0.031542	  0.002186	 -0.165567
  0.025942	 -0.026496	  0.084568	 -0.047925	 -0.049914	 -0.001267	 -0.244787
  0.024327	 -0.010215	  0.102718	 -0.014476	 -0.039398	  0.031612	 -0.220175
  0.039341	 -0.012464	  0.114090	 -0.006113	 -0.033126	  0.100569	 -0.097275
  0.035730	 -0.003690	  0.092582	  0.023915	 -0.032081	  0.126733	  0.003738
  0.033481	 -0.016962	  0.077093	  0.068989	 -0.024954	  0.151915	  0.100506
  0.040671	  0.012464	  0.064423	  0.086094	 -0.033950	  0.184794	  0.158060
  0.074722	  0.017659	  0.043232	  0.096388	 -0.019379	  0.169875	  0.133226
  0.054323	 -0.009107	  0.049599	  0.087519	 -0.002686	  0.167974	  0.091415
  0.074595	  0.008093	  0.022136	  0.084383	 -0.007627	  0.069084	 -0.025087
  0.109850	  0.042081	  0.003860	  0.096293	 -0.038226	  0.022489	 -0.168133
  0.096198	  0.039547	  0.005127	  0.067437	 -0.031099	 -0.002882	 -0.219383
  0.108678	  0.033813	  0.023182	  0.068102	 -0.042755	 -0.041938	 -0.182893
  0.087931	  0.048542	  0.011272	  0.060817	 -0.017827	 -0.042793	 -0.118656
  0.062844	  0.025990	 -0.007100	  0.065219	 -0.021913	 -0.037915	  0.014254
  0.018340	  0.076480	  0.024670	  0.046658	  0.014197	 -0.006462	  0.138073
  0.010580	  0.095359	  0.048712	  0.047830	  0.006817	  0.059138	  0.205003
  0.026829	  0.081548	  0.018019	  0.019955	  0.009477	  0.096895	  0.222266
  0.042477	  0.050506	 -0.015842	 -0.021127	 -0.019379	  0.112067	  0.161544
  0.051504	  0.022094	  0.001896	 -0.018372	 -0.051561	  0.055400	  0.018657
  0.064713	 -0.002265	 -0.021227	 -0.034843	 -0.089888	 -0.027146	 -0.097212
  0.063541	  0.014301	 -0.025915	 -0.036933	 -0.072784	 -0.035350	 -0.212003
  0.068989	 -0.011609	 -0.014037	 -0.048590	 -0.023687	 -0.079663	 -0.237533
  0.054672	 -0.005116	 -0.009127	 -0.013747	 -0.049629	 -0.073708	 -0.206776
  0.022965	  0.030329	  0.005665	  0.025910	 -0.075666	 -0.029616	 -0.107316
  0.029521	  0.042461	  0.015770	 -0.001805	 -0.054127	  0.029490	  0.032531
  0.007190	  0.041827	  0.058468	 -0.003104	  0.009921	  0.098669	  0.133575
  0.019987	  0.024311	  0.051056	 -0.016123	  0.027215	  0.107253	  0.131548
  0.014381	  0.031184	  0.048047	 -0.014697	 -0.009338	  0.110895	  0.110293
  0.001774	  0.023202	  0.040730	  0.012385	 -0.025904	  0.099777	  0.006462
  0.015014	  0.009297	  0.029517	  0.009218	 -0.092169	  0.038676	 -0.119733
  0.001996	 -0.000143	  0.028123	  0.015806	 -0.063946	 -0.001267	 -0.249665
  0.001014	  0.015157	  0.037087	  0.054070	 -0.077060	 -0.066740	 -0.287137
  0.022458	 -0.006478	  0.066798	  0.063604	 -0.105029	 -0.071491	 -0.247036
  0.027716	 -0.037203	  0.091474	  0.051694	 -0.114215	 -0.023155	 -0.153150
  0.029078	 -0.040243	  0.056187	  0.080329	 -0.077598	  0.052581	 -0.029965
  0.042382	 -0.029632	  0.076681	  0.091415	 -0.045321	  0.061830	  0.086094
  0.075704	 -0.011831	  0.073134	  0.075894	 -0.049185	  0.097497	  0.132941
  0.070224	  0.003183	  0.058848	  0.039372	 -0.078834	  0.097243	  0.103547
  0.047038	  0.005781	  0.017923	  0.038327	 -0.103414	  0.081501	  0.061228
  0.079980	  0.026908	  0.022326	  0.047323	 -0.084282	  0.047671	  0.017738
  0.073138	  0.068720	  0.021915	  0.036458	 -0.079467	  0.045866	  0.032055
  0.086410	  0.057095	  0.061920	 -0.000285	 -0.051814	  0.037789	  0.053120
  0.111941	  0.101789	  0.014756	 -0.063857	 -0.031511	  0.045137	  0.076338
  0.080645	  0.080788	  0.035662	 -0.058948	 -0.028660	  0.063256	  0.072917
  0.082229	  0.048131	  0.041237	 -0.064079	 -0.018207	  0.060912	  0.011371
  0.125561	  0.044330	  0.043200	 -0.072663	 -0.016750	  0.044599	  0.000158
  0.102565	  0.027352	  0.037372	 -0.042033	 -0.017764	 -0.003738	 -0.000760
  0.101424	  0.017912	  0.007439	 -0.004403	  0.018885	 -0.013367	 -0.009724
  0.075482	  0.057190	  0.007851	  0.002217	 -0.016433	  0.031897	 -0.009693
  0.059043	  0.082847	  0.007027	  0.008172	 -0.022293	 -0.017421	 -0.033006
  0.042001	  0.079711	  0.026983	  0.053500	 -0.044402	 -0.001552	 -0.045771
  0.032372	  0.062321	  0.052893	  0.058726	 -0.054792	 -0.001045	 -0.009281
  0.042065	  0.043728	  0.059006	  0.059518	 -0.031891	  0.011657	  0.011466
  0.032752	  0.032261	  0.029580	  0.027019	  0.002224	  0.020589	  0.010611
  0.059676	  0.050095	 -0.003077	  0.023566	 -0.032873	  0.072536	 -0.035350
  0.065695	  0.035841	  0.000059	  0.012385	 -0.018936	  0.069971	 -0.041621
  0.038042	  0.039262	 -0.004534	  0.010073	 -0.013392	  0.030408	 -0.070034
  0.024358	  0.055764	 -0.029399	  0.040798	 -0.005093	  0.015141	 -0.072631
  0.012860	  0.027098	 -0.031205	  0.045296	 -0.003763	  0.043807	 -0.035381
  0.087139	 -0.013256	 -0.028639	  0.023123	 -0.002053	  0.024263	 -0.018562
  0.100062	  0.001853	 -0.047834	  0.018182	 -0.028470	  0.008457	 -0.031770
  0.079125	  0.006953	 -0.061106	  0.008109	 -0.078580	 -0.012163	 -0.026671
  0.103515	  0.063715	 -0.072985	 -0.033132	 -0.078929	 -0.005797	  0.001394
  0.086474	  0.097734	 -0.017394	 -0.038327	 -0.068634	 -0.019797	  0.018055
  0.082673	  0.070874	 -0.016096	 -0.037820	 -0.081146	 -0.029680	  0.004720
  0.075736	  0.099381	 -0.024331	 -0.013494	 -0.080259	 -0.026639	  0.035951
  0.052328	  0.087756	  0.001737	  0.001742	 -0.076965	 -0.046594	  0.069781
  0.023883	  0.078951	  0.036739	 -0.033481	 -0.072530	 -0.051694	  0.047355
  0.020811	  0.068973	  0.017923	 -0.010168	 -0.083965	 -0.061608	  0.000348
  0.040196	  0.076195	  0.045829	 -0.030155	 -0.045194	 -0.037250	  0.007951
  0.040861	  0.099033	  0.072215	 -0.029997	 -0.004080	 -0.022775	  0.012512
  0.032879	  0.096214	  0.049060	 -0.021761	 -0.007881	 -0.033449	  0.016218
  0.030313	  0.114300	  0.062712	  0.000602	 -0.006899	 -0.040861	  0.008109
  0.012290	  0.103594	  0.074527	  0.019765	  0.017428	 -0.032974	 -0.029078
 -0.004054	  0.079014	  0.072690	  0.009661	  0.011948	 -0.010675	 -0.028730
 -0.001805	  0.096784	  0.058658	 -0.006272	  0.026138	 -0.023155	 -0.039943
 -0.037725	  0.075783	  0.011335	 -0.041906	  0.000450	 -0.048558	 -0.039404
 -0.021793	  0.092825	  0.006077	 -0.070636	  0.006373	 -0.054577	 -0.024802
  0.001109	  0.096182	 -0.007290	 -0.105384	  0.013437	 -0.067437	  0.007190
  0.014254	  0.081865	  0.010385	 -0.125593	  0.023351	 -0.063161	 -0.011593
  0.004751	  0.093426	 -0.005136	 -0.100664	  0.027374	 -0.095596	  0.006145
  0.012227	  0.043094	  0.038386	 -0.092365	  0.064656	 -0.065061	  0.030883
  0.020145	  0.043221	  0.039526	 -0.077700	  0.031808	 -0.051187	  0.053120
  0.010738	  0.004767	  0.029612	 -0.072568	  0.029433	 -0.026512	  0.043680
  0.022236	  0.006256	  0.030594	 -0.050712	  0.020500	 -0.007412	  0.041716
  0.018562	  0.024121	  0.049567	 -0.051852	  0.026994	 -0.019322	  0.024485
  0.018562	  0.046800	  0.023182	 -0.070002	  0.021102	 -0.017643	  0.035160
  0.012258	  0.046072	 -0.008874	 -0.088311	  0.024681	 -0.053278	  0.048780
  0.020494	  0.028175	 -0.004756	 -0.078111	  0.004568	 -0.037092	  0.059866
 -0.023725	  0.012496	  0.023087	 -0.068672	 -0.013677	 -0.037314	  0.048146
 -0.040956	  0.008093	 -0.021132	 -0.051567	  0.014197	 -0.048051	  0.012005
 -0.015172	  0.025324	 -0.021132	 -0.041685	 -0.009623	 -0.066772	 -0.018974
  0.017770	 -0.018324	 -0.060378	 -0.022996	  0.003966	 -0.042065	 -0.012797
  0.014222	 -0.015442	 -0.071306	 -0.003991	  0.051732	 -0.051694	 -0.028951
  0.034748	 -0.014935	 -0.070166	  0.026512	  0.068330	 -0.047165	 -0.041843
  0.037599	 -0.048891	 -0.079510	  0.001552	  0.063294	 -0.056857	 -0.025499
  0.035793	 -0.031723	 -0.070514	  0.011213	  0.057149	 -0.068577	 -0.002819
  0.041621	 -0.034193	 -0.031807	  0.025910	  0.093607	 -0.061957	  0.013969
  0.048495	 -0.039325	  0.003986	  0.016154	  0.097566	 -0.108836	  0.017643
  0.024073	 -0.008948	  0.009878	  0.017453	  0.039379	 -0.095469	  0.028983
  0.032182	  0.018863	 -0.039789	  0.036585	  0.063674	 -0.101551	  0.068672
  0.029458	  0.004482	 -0.034277	  0.061545	  0.057434	 -0.096895	  0.018182
  0.038961	 -0.022600	 -0.030160	  0.055590	  0.001083	 -0.080835	 -0.037060
  0.044060	 -0.018007	  0.004683	  0.073455	  0.011188	 -0.040386	 -0.057617
  0.049540	 -0.027320	  0.013932	  0.030947	 -0.000627	 -0.047133	 -0.084541
  0.071998	 -0.058140	  0.055332	 -0.004276	  0.009319	 -0.039657	 -0.060278
  0.066677	 -0.057602	  0.043169	 -0.008204	  0.038175	 -0.037789	 -0.037377
  0.013620	 -0.037044	  0.052291	 -0.042952	  0.036053	 -0.075261	 -0.068355
 -0.019765	 -0.053896	  0.046653	 -0.017706	  0.035514	 -0.064586	 -0.034399
 -0.019734	 -0.028334	  0.045481	 -0.031390	 -0.000944	 -0.027811	 -0.026671
 -0.051852	 -0.006446	  0.031069	  0.004815	 -0.003383	 -0.032531	  0.002186
 -0.034843	  0.003373	  0.021218	  0.018213	  0.019835	 -0.042983	 -0.007634
 -0.030947	  0.028682	 -0.013182	  0.019417	  0.027374	 -0.021793	  0.010770
 -0.016186	  0.057221	 -0.045174	 -0.002502	  0.024745	 -0.003484	  0.030187
 -0.029775	  0.057253	 -0.065541	 -0.019449	  0.023541	 -0.054577	  0.020969
 -0.000950	  0.038755	 -0.088189	 -0.028983	  0.020849	 -0.060817	  0.000507
 -0.000760	  0.020161	 -0.106972	  0.006810	 -0.004492	 -0.079220	  0.004466
 -0.005987	  0.031850	 -0.106814	 -0.026607	  0.023731	 -0.064428	 -0.035445
  0.000443	  0.034574	 -0.115936	 -0.055368	  0.053791	 -0.057206	 -0.066518
 -0.007982	  0.025958	 -0.120909	 -0.068165	  0.086860	 -0.035381	 -0.076971
  0.015774	  0.031374	 -0.108334	 -0.079600	  0.088919	 -0.009566	 -0.087962
  0.052486	  0.017722	 -0.089551	 -0.082261	  0.088190	 -0.024105	 -0.079062
  0.044377	  0.015917	 -0.069279	 -0.097433	  0.090218	 -0.022236	 -0.060912
  0.065790	  0.036094	 -0.006973	 -0.123534	  0.076629	 -0.032024	 -0.056699
  0.049033	  0.012528	  0.018272	 -0.114094	  0.087620	 -0.030788	 -0.050174
  0.059486	  0.033275	  0.020204	 -0.119511	  0.060791	 -0.029680	 -0.048558
  0.039499	  0.054941	  0.033254	 -0.105510	  0.060126	 -0.012290	 -0.039689
  0.034178	  0.061022	  0.053020	 -0.092334	  0.086733	 -0.024580	  0.018815
  0.013335	  0.051362	  0.045576	 -0.105764	  0.063959	 -0.055337	  0.012480
  0.021032	  0.057190	  0.036834	 -0.105954	  0.065226	 -0.063572	  0.060468
 -0.007792	  0.045565	  0.013742	 -0.102058	  0.070484	 -0.095533	  0.026892
 -0.033861	  0.030551	  0.022231	 -0.106587	  0.047108	 -0.083718	  0.013209
