:RUN-4	LEVEL SWEEP	TEMP:NaN	8/27/2019	5:03 PM	HR:-636.36:SW EAR: R	SW FREQ: 16.00	# AVERAGES: 512	REP RATE (/sec): 80	DRIVER: 	SAMPLE (µsec): 40	MASKER dB: 2147483647:NOTES-:CHAMBER-SEWELL-PXI1:CFTS Version: V2.7.2 (R850):LEVELS:20;30;40;50;60;70;80;:DATA -0.023462	  0.065349	 -0.064958	 -0.008874	 -0.120537	 -0.061167	 -0.069869
 -0.042752	  0.077101	 -0.060999	 -0.017331	 -0.090731	 -0.038962	 -0.053050
 -0.015606	  0.065761	 -0.027961	 -0.008494	 -0.044263	 -0.007635	 -0.047000
 -0.009208	  0.087807	 -0.023590	 -0.033327	 -0.049078	 -0.003264	 -0.046778
  0.000643	  0.066901	 -0.012599	 -0.053378	 -0.052689	 -0.025088	 -0.041900
  0.031653	  0.046027	 -0.009463	 -0.041658	 -0.044865	 -0.029206	 -0.055837
  0.018698	  0.030855	  0.027090	 -0.013752	 -0.003592	 -0.032089	 -0.054855
  0.021707	  0.020370	  0.053096	  0.016403	  0.011327	 -0.024550	 -0.043547
 -0.014751	  0.043905	  0.040331	  0.002814	  0.003313	 -0.021256	 -0.025841
  0.016164	  0.036271	  0.006438	 -0.005263	 -0.019778	  0.001012	  0.007007
  0.005173	  0.035226	  0.012108	  0.019159	 -0.025891	  0.007030	 -0.013994
 -0.014244	  0.004786	 -0.009020	  0.013711	  0.023585	  0.001139	 -0.034583
 -0.007181	 -0.009088	 -0.015640	  0.018620	  0.048767	 -0.018152	 -0.070693
  0.000136	 -0.031197	  0.026742	  0.011778	  0.046360	 -0.008079	 -0.054570
  0.022911	 -0.056506	  0.031620	  0.011145	  0.035875	 -0.026577	 -0.041267
  0.026965	 -0.069619	  0.005836	  0.015168	  0.023459	 -0.016821	 -0.017954
 -0.002366	 -0.101833	  0.012646	  0.022231	  0.036604	 -0.009473	  0.063705
  0.006471	 -0.119128	  0.006185	  0.027363	  0.048831	  0.058503	  0.151699
 -0.006262	 -0.105222	 -0.017540	  0.015770	  0.058998	  0.110102	  0.197344
 -0.014688	 -0.087769	  0.019678	  0.007914	  0.114304	  0.144533	  0.251983
 -0.035689	 -0.076778	 -0.006707	  0.014503	  0.086873	  0.186028	  0.306180
 -0.034548	 -0.078076	 -0.005567	  0.034680	  0.109394	  0.204368	  0.324647
 -0.029797	 -0.079629	  0.026995	  0.048585	  0.120163	  0.185742	  0.346661
 -0.024095	 -0.045673	  0.045430	  0.069364	  0.100842	  0.166896	  0.335891
 -0.039965	 -0.051089	 -0.006454	  0.054350	  0.118073	  0.144565	  0.322619
 -0.085957	 -0.033889	 -0.031002	  0.020109	  0.118675	  0.099681	  0.314257
 -0.062866	 -0.009911	 -0.032174	  0.022295	  0.097136	  0.107314	  0.334276
 -0.049942	  0.013497	 -0.050926	  0.003416	  0.116331	  0.109373	  0.340199
 -0.055866	  0.052648	 -0.035690	  0.008231	  0.116901	  0.144628	  0.382993
 -0.039743	  0.065349	 -0.035373	  0.005348	  0.111674	  0.218780	  0.476023
 -0.055201	  0.058951	 -0.015861	 -0.015842	  0.092574	  0.276777	  0.560279
 -0.045445	  0.036145	  0.048249	 -0.013688	  0.132802	  0.322738	  0.614571
 -0.034580	  0.019800	  0.059019	  0.029802	  0.145567	  0.376269	  0.613589
 -0.044336	  0.025185	  0.058576	  0.067464	  0.198243	  0.426823	  0.548591
 -0.058685	  0.062879	  0.064340	  0.121565	  0.277368	  0.423656	  0.466742
 -0.062201	  0.060883	  0.066146	  0.171359	  0.290830	  0.367939	  0.370829
 -0.043132	  0.054263	  0.053159	  0.173069	  0.263019	  0.320996	  0.246757
 -0.000054	  0.054010	  0.068173	  0.155141	  0.228018	  0.239464	  0.045429
  0.037988	 -0.001802	  0.083346	  0.102877	  0.160645	  0.089956	 -0.116084
  0.036373	 -0.047763	  0.078911	  0.033001	  0.082913	 -0.037410	 -0.235595
  0.039509	 -0.042790	  0.068522	  0.003099	  0.021590	 -0.131042	 -0.337367
  0.052717	 -0.055080	  0.035674	 -0.027182	 -0.029059	 -0.259327	 -0.438887
  0.065641	 -0.040636	  0.020724	 -0.068043	 -0.120379	 -0.386187	 -0.495776
  0.059527	 -0.031324	  0.012520	 -0.096298	 -0.150977	 -0.450488	 -0.526659
  0.036246	 -0.032781	 -0.023812	 -0.145426	 -0.193739	 -0.491444	 -0.557416
  0.030956	 -0.038292	 -0.039333	 -0.158286	 -0.230641	 -0.443076	 -0.562991
  0.019363	 -0.040541	 -0.086276	 -0.165730	 -0.198078	 -0.393567	 -0.515794
  0.063962	 -0.043930	 -0.092262	 -0.154612	 -0.178947	 -0.392775	 -0.462073
  0.074320	 -0.055112	 -0.099516	 -0.122398	 -0.199187	 -0.385553	 -0.383075
  0.083506	 -0.040446	 -0.112566	 -0.143209	 -0.172105	 -0.318180	 -0.293149
  0.091044	 -0.059103	 -0.102398	 -0.128765	 -0.143280	 -0.257839	 -0.189887
  0.105932	 -0.053053	 -0.072402	 -0.108144	 -0.097193	 -0.182546	 -0.017637
  0.111000	 -0.062714	 -0.059288	 -0.067822	 -0.069762	 -0.102281	  0.156704
  0.088669	 -0.078045	 -0.030400	 -0.049101	 -0.026145	  0.002374	  0.331330
  0.097601	 -0.078235	 -0.020834	 -0.004281	  0.037871	  0.118401	  0.513970
  0.104316	 -0.088466	 -0.021531	  0.046115	  0.101697	  0.268605	  0.578556
  0.102036	 -0.041016	 -0.004522	  0.077790	  0.162513	  0.362364	  0.594140
  0.099058	 -0.028220	  0.010682	  0.133222	  0.253992	  0.421660	  0.519386
  0.069378	 -0.012350	  0.023511	  0.167716	  0.298591	  0.428217	  0.448465
  0.037925	  0.000953	  0.074287	  0.178834	  0.289658	  0.413235	  0.359204
  0.029024	 -0.002563	  0.069567	  0.195907	  0.281581	  0.360242	  0.275201
 -0.003380	  0.017836	  0.094907	  0.211491	  0.240466	  0.305538	  0.185307
 -0.003095	  0.024900	  0.089047	  0.176110	  0.187949	  0.219793	  0.039600
 -0.004330	  0.032280	  0.083631	  0.147697	  0.153549	  0.149062	 -0.085010
 -0.016810	  0.017044	  0.076029	  0.133380	  0.114874	  0.043647	 -0.158402
 -0.007371	  0.029810	  0.062472	  0.118017	  0.064383	 -0.013527	 -0.193752
 -0.005470	  0.045267	  0.031176	  0.088053	  0.004105	 -0.051601	 -0.225332
  0.012458	 -0.014567	  0.006026	  0.069649	 -0.006760	 -0.059646	 -0.209209
  0.025571	 -0.021378	 -0.001449	  0.037721	 -0.041919	 -0.069117	 -0.183584
  0.053731	 -0.012002	 -0.006834	 -0.000322	 -0.049299	 -0.098575	 -0.146745
  0.078691	 -0.037120	 -0.040441	 -0.064781	 -0.073341	 -0.141685	 -0.162425
  0.081098	 -0.036170	 -0.014436	 -0.044223	 -0.107899	 -0.134622	 -0.132998
  0.058355	 -0.062714	 -0.056913	 -0.046282	 -0.106790	 -0.117739	 -0.104269
  0.077361	 -0.077316	 -0.043641	 -0.064306	 -0.113062	 -0.056384	 -0.081368
  0.059337	 -0.083271	 -0.082348	 -0.097881	 -0.087278	 -0.025817	 -0.083553
  0.030259	 -0.112222	 -0.080669	 -0.117267	 -0.043281	 -0.022364	 -0.066132
  0.005774	 -0.134839	 -0.097457	 -0.115240	  0.004707	 -0.026260	 -0.067050
 -0.029987	 -0.133382	 -0.057451	 -0.083469	  0.025771	  0.029203	 -0.073702
 -0.036259	 -0.139717	 -0.044591	 -0.035228	  0.039170	 -0.002536	 -0.058656
 -0.021181	 -0.157486	 -0.027835	 -0.010838	  0.046708	 -0.028034	 -0.066417
 -0.024507	 -0.149473	 -0.042120	  0.009403	  0.063623	 -0.001585	 -0.049946
 -0.019756	 -0.141110	 -0.049152	  0.017543	  0.096249	 -0.002884	 -0.050009
 -0.022227	 -0.107566	 -0.044021	  0.041617	  0.061026	  0.020461	 -0.039176
 -0.014720	 -0.040288	 -0.018934	  0.060495	  0.028147	  0.046213	  0.002065
 -0.012756	 -0.020237	 -0.047822	  0.080989	  0.044776	  0.037312	  0.050307
 -0.007149	 -0.021821	 -0.058972	  0.078835	  0.056528	  0.053720	  0.090724
 -0.010095	 -0.000884	 -0.046111	  0.055839	  0.046138	  0.091920	  0.100987
  0.021644	 -0.014726	 -0.020359	  0.044911	 -0.002958	  0.108645	  0.114924
  0.026078	 -0.032211	 -0.058401	  0.004050	 -0.008533	  0.108835	  0.101937
  0.035327	 -0.050392	 -0.051053	  0.010797	  0.011802	  0.115455	  0.110173
  0.045464	 -0.058691	 -0.029165	  0.033603	  0.005435	  0.131166	  0.099213
  0.045875	 -0.072818	 -0.050197	  0.053368	  0.027577	  0.167624	  0.113626
  0.032984	 -0.081307	 -0.042627	  0.061002	  0.027735	  0.184127	  0.107892
  0.026743	 -0.093186	 -0.086909	  0.052988	  0.018042	  0.131324	  0.080683
  0.044640	 -0.083018	 -0.100054	  0.057708	  0.026658	  0.090748	  0.063832
  0.058609	 -0.053465	 -0.094796	  0.097555	  0.053804	  0.080454	  0.084896
  0.045274	 -0.036423	 -0.109620	  0.121248	  0.069483	  0.066928	  0.137604
  0.035201	 -0.064171	 -0.061727	  0.150611	  0.089375	  0.076843	  0.171528
  0.033395	 -0.042790	 -0.019599	  0.142186	  0.099511	  0.058534	  0.143115
  0.033712	 -0.031767	  0.014832	  0.128629	  0.087253	  0.088784	  0.136305
  0.025001	  0.016411	  0.009511	  0.122547	  0.085986	  0.082798	  0.115019
 -0.005724	 -0.016563	  0.018285	  0.140317	  0.094063	  0.092649	  0.078783
 -0.021846	 -0.030722	  0.045779	  0.165752	  0.080443	  0.106839	  0.072733
 -0.011172	 -0.028220	  0.073716	  0.113868	  0.065175	  0.088309	  0.078118
  0.015530	 -0.029550	  0.093387	  0.100184	  0.080791	  0.105667	  0.060633
  0.034314	 -0.017323	  0.131302	  0.078012	  0.115064	  0.139306	  0.020690
  0.003240	  0.011470	  0.114324	  0.079310	  0.108729	  0.125401	  0.006722
 -0.009778	 -0.005572	  0.109605	  0.034173	  0.095267	  0.098097	 -0.022927
 -0.029227	 -0.021631	  0.091138	  0.025842	  0.063148	  0.132560	 -0.052986
 -0.077943	 -0.020966	  0.091074	  0.027584	  0.038314	  0.114061	 -0.113930
 -0.072020	 -0.037089	  0.092183	 -0.006118	  0.028527	  0.073802	 -0.146809
 -0.046680	 -0.046369	  0.063232	 -0.034974	  0.028432	  0.028379	 -0.162076
 -0.069740	 -0.034143	  0.052177	 -0.045332	  0.041229	  0.001519	 -0.218648
 -0.079622	 -0.001834	  0.060508	 -0.045776	  0.050921	 -0.041211	 -0.230527
 -0.044209	 -0.041808	  0.050182	 -0.068265	  0.016458	 -0.054832	 -0.229608
 -0.046585	 -0.076113	  0.029308	 -0.072383	  0.029382	 -0.108680	 -0.193276
 -0.043101	 -0.048143	 -0.029862	 -0.079035	  0.036952	 -0.117644	 -0.171167
 -0.026724	 -0.064393	 -0.068696	 -0.090881	  0.029129	 -0.114888	 -0.178928
 -0.039205	 -0.051818	 -0.058528	 -0.089107	 -0.034444	 -0.064081	 -0.159637
 -0.041675	 -0.001866	 -0.065845	 -0.067853	 -0.093328	 -0.043302	 -0.124003
 -0.024254	  0.019959	 -0.075253	 -0.074093	 -0.112713	 -0.054103	 -0.119346
 -0.032109	  0.048276	 -0.075506	 -0.111565	 -0.139257	 -0.073868	 -0.064231
 -0.016367	  0.039122	 -0.067651	 -0.113054	 -0.127126	 -0.068008	 -0.010953
 -0.006262	 -0.018052	 -0.092737	 -0.092243	 -0.116800	 -0.013242	  0.024998
 -0.014308	 -0.046655	 -0.091565	 -0.066650	 -0.086803	  0.015108	  0.033202
  0.017241	 -0.067497	 -0.098154	 -0.007955	 -0.074893	  0.012985	 -0.006582
  0.050753	 -0.108770	 -0.143703	 -0.018376	 -0.082685	  0.022615	 -0.007406
  0.051799	 -0.101580	 -0.172559	 -0.008335	 -0.078726	  0.057647	 -0.002464
  0.040491	 -0.130911	 -0.156436	 -0.002697	 -0.043313	  0.062399	 -0.004935
  0.024558	 -0.126413	 -0.147219	  0.004113	 -0.023357	  0.055747	 -0.041298
  0.015752	 -0.122992	 -0.156627	  0.001801	 -0.029566	  0.008551	 -0.104807
  0.022119	 -0.116182	 -0.128847	  0.008263	 -0.027412	 -0.031455	 -0.149406
  0.027092	 -0.110829	 -0.108638	  0.036327	 -0.027729	 -0.031867	 -0.196856
  0.028296	 -0.130309	 -0.067460	  0.069396	 -0.038562	 -0.024297	 -0.230115
  0.026142	 -0.133857	 -0.082190	  0.090523	 -0.068431	 -0.063004	 -0.271514
 -0.016620	 -0.132210	 -0.042722	  0.021598	 -0.089432	 -0.096833	 -0.298724
 -0.022448	 -0.130214	 -0.055867	 -0.028798	 -0.116483	 -0.126830	 -0.288587
 -0.003633	 -0.108928	 -0.052320	 -0.017141	 -0.159435	 -0.162306	 -0.330716
 -0.035055	 -0.064805	 -0.046808	 -0.027562	 -0.156394	 -0.190940	 -0.353047
 -0.022733	 -0.004051	 -0.070501	 -0.082012	 -0.184110	 -0.241146	 -0.359825
 -0.032363	  0.001080	 -0.112344	 -0.096361	 -0.222785	 -0.242128	 -0.357798
 -0.041358	 -0.000029	 -0.115385	 -0.109823	 -0.237356	 -0.243173	 -0.363500
 -0.053934	 -0.001232	 -0.126630	 -0.145680	 -0.252465	 -0.246847	 -0.351653
 -0.055391	  0.030443	 -0.148296	 -0.123000	 -0.289177	 -0.240100	 -0.348929
 -0.015195	  0.019040	 -0.149975	 -0.144919	 -0.254397	 -0.234747	 -0.305724
 -0.018584	  0.003012	 -0.152477	 -0.160377	 -0.249171	 -0.248209	 -0.290773
 -0.025236	 -0.018654	 -0.143608	 -0.099529	 -0.262158	 -0.263604	 -0.313769
 -0.045888	 -0.058976	 -0.148771	 -0.111660	 -0.240618	 -0.258884	 -0.293402
 -0.029702	 -0.076524	 -0.139997	 -0.075835	 -0.216957	 -0.247544	 -0.279433
 -0.063943	 -0.062270	 -0.107593	 -0.108651	 -0.187562	 -0.212321	 -0.292579
 -0.062803	 -0.062175	 -0.083678	 -0.117995	 -0.204952	 -0.229267	 -0.278641
 -0.027896	 -0.092679	 -0.066479	 -0.140263	 -0.162919	 -0.247322	 -0.257039
 -0.038539	 -0.123341	 -0.062741	 -0.129525	 -0.153226	 -0.238263	 -0.257736
 -0.086527	 -0.138798	 -0.014278	 -0.115810	 -0.139004	 -0.227304	 -0.262487
 -0.057956	 -0.131354	 -0.002716	 -0.096171	 -0.131275	 -0.221887	 -0.207245
 -0.071070	 -0.123214	 -0.011047	 -0.091198	 -0.133873	 -0.183877	 -0.188557
 -0.096537	 -0.121440	 -0.044464	 -0.087239	 -0.123641	 -0.140735	 -0.171991
 -0.083328	 -0.141459	 -0.034011	 -0.083754	 -0.118383	 -0.100602	 -0.125650
 -0.064830	 -0.129707	 -0.045953	 -0.053631	 -0.093645	 -0.113906	 -0.107690
 -0.076106	 -0.127680	 -0.026948	 -0.038174	 -0.046765	 -0.110929	 -0.083363
 -0.130493	 -0.080547	 -0.027296	  0.003194	 -0.021172	 -0.108648	 -0.064675
 -0.120388	 -0.061447	 -0.014753	 -0.007860	  0.003218	 -0.107191	 -0.061380
 -0.134357	 -0.081434	 -0.028500	  0.001072	  0.006449	 -0.101078	 -0.038796
 -0.083202	 -0.048808	  0.000705	  0.026634	  0.019848	 -0.091353	 -0.028216
 -0.038983	 -0.030754	  0.035072	  0.031354	  0.041070	 -0.072158	 -0.039334
  0.005616	  0.006402	  0.050182	  0.025906	  0.034323	 -0.081566	 -0.083110
  0.007517	  0.018375	  0.056485	  0.006394	  0.030459	 -0.075642	 -0.069173
 -0.007909	  0.071906	  0.068110	  0.011652	  0.041387	 -0.066583	 -0.093943
  0.029531	  0.049892	  0.052431	  0.015231	  0.042812	 -0.061895	 -0.100341
  0.023829	  0.045774	  0.026172	 -0.013910	  0.080949	 -0.038265	 -0.109273
  0.012806	  0.044444	  0.035484	 -0.026612	  0.036192	 -0.078176	 -0.110667
  0.027219	  0.028986	  0.031335	 -0.024807	  0.005752	 -0.073203	 -0.121278
  0.041029	 -0.016151	  0.018633	 -0.031110	 -0.032353	 -0.044632	 -0.147854
  0.016829	 -0.039781	  0.000040	  0.004715	 -0.057662	 -0.066140	 -0.152415
  0.016671	 -0.068669	 -0.010445	 -0.000417	 -0.071852	 -0.085620	 -0.118681
  0.005584	 -0.073610	  0.010081	 -0.015431	 -0.096939	 -0.090150	 -0.111522
  0.018666	 -0.045102	  0.010556	 -0.042481	 -0.100994	 -0.105290	 -0.076236
  0.025983	 -0.056537	 -0.050894	 -0.008810	 -0.120664	 -0.099494	 -0.036864
  0.047237	 -0.075764	 -0.024255	  0.002941	 -0.117180	 -0.120875	 -0.028755
  0.064627	 -0.115612	 -0.007784	  0.026951	 -0.123895	 -0.112196	  0.005645
  0.100357	 -0.105159	  0.001465	  0.020774	 -0.121424	 -0.105987	 -0.010066
  0.071881	 -0.100819	 -0.015291	 -0.022399	 -0.089971	 -0.080647	  0.034216
  0.060921	 -0.105697	  0.021706	 -0.048880	 -0.028837	 -0.087077	  0.044225
  0.083474	 -0.103037	  0.000071	 -0.060156	 -0.000646	 -0.078398	  0.060791
  0.049075	 -0.096765	  0.005361	 -0.043052	 -0.002578	 -0.045171	  0.046537
  0.024304	 -0.086534	  0.012741	  0.009339	  0.022065	 -0.026672	  0.092467
  0.013218	 -0.081719	 -0.011237	  0.024227	  0.013038	 -0.018848	  0.108209
  0.031146	 -0.056189	 -0.001924	  0.003289	  0.025518	  0.002691	  0.082742
 -0.008955	 -0.045293	 -0.035880	 -0.020815	  0.018866	  0.016945	  0.078403
 -0.005724	 -0.063347	 -0.003761	 -0.025630	  0.035369	  0.000379	  0.060633
 -0.012185	 -0.073959	  0.014420	 -0.046377	  0.035210	 -0.019102	  0.079860
 -0.015955	 -0.061985	  0.008814	 -0.053409	  0.029445	 -0.025215	  0.099372
 -0.022828	 -0.066388	  0.007420	 -0.021259	 -0.005492	 -0.007984	  0.141532
 -0.011679	 -0.055429	  0.012330	 -0.005390	 -0.008787	  0.014727	  0.158858
 -0.042087	 -0.061130	 -0.009970	 -0.008874	 -0.015502	  0.043425	  0.143464
 -0.050608	 -0.070633	  0.003809	 -0.013055	 -0.042173	  0.049539	  0.116952
 -0.048264	 -0.062112	  0.010873	 -0.029653	 -0.054368	  0.025434	  0.118440
 -0.022417	 -0.071330	  0.008243	 -0.030318	 -0.038276	  0.032434	  0.113246
 -0.026408	 -0.035790	 -0.014626	 -0.040296	 -0.022629	  0.063792	  0.116920
  0.011824	 -0.020586	 -0.025079	  0.004113	 -0.003529	  0.128188	  0.113087
 -0.029227	 -0.080040	  0.014103	  0.022738	  0.036794	  0.193661	  0.139251
 -0.036417	 -0.087801	  0.057340	  0.036232	  0.046328	  0.236233	  0.163134
 -0.004964	 -0.062619	  0.076029	  0.011303	  0.041640	  0.242283	  0.189646
 -0.012027	 -0.085552	  0.074920	  0.010543	  0.071383	  0.227807	  0.198991
 -0.019756	 -0.095308	  0.039285	 -0.015114	  0.059885	  0.219192	  0.200955
 -0.007434	 -0.081941	  0.043086	  0.025462	  0.079176	  0.210101	  0.209887
 -0.008860	 -0.099299	  0.035263	  0.067590	  0.087031	  0.236993	  0.234974
 -0.035784	 -0.088466	  0.010461	  0.078867	  0.043573	  0.217006	  0.246409
 -0.046585	 -0.102403	  0.025792	  0.075826	  0.056781	  0.179186	  0.274346
 -0.056468	 -0.102086	  0.061775	  0.072658	  0.049844	  0.139243	  0.267758
 -0.064386	 -0.106584	  0.058892	  0.044784	  0.040975	  0.108296	  0.249513
 -0.057608	 -0.078678	  0.095351	  0.002213	  0.045758	  0.084255	  0.228132
 -0.050418	 -0.058976	  0.085056	  0.016625	  0.050573	  0.096513	  0.220150
  0.002395	  0.023981	  0.014686	  0.003299	  0.028476	 -0.003784	 -0.001964
  0.005784	  0.048783	 -0.020252	  0.008652	 -0.033576	  0.054467	 -0.002819
 -0.008058	  0.065128	 -0.015405	  0.005580	 -0.047608	  0.010470	 -0.002027
 -0.014647	  0.051444	 -0.015975	 -0.009244	 -0.024358	 -0.002453	 -0.010104
 -0.012398	  0.054358	 -0.006821	 -0.045069	 -0.019797	  0.000112	  0.011118
  0.039011	  0.026705	 -0.002418	 -0.049567	 -0.020145	 -0.002738	  0.027843
  0.048102	  0.037443	 -0.007233	 -0.043580	 -0.018277	  0.032136	 -0.004815
  0.024757	  0.037919	 -0.007708	 -0.045038	  0.015521	  0.005529	  0.027906
  0.006671	  0.044919	 -0.021170	 -0.021693	  0.008331	 -0.044962	 -0.105035
 -0.017149	  0.024425	  0.020958	 -0.017290	  0.020399	  0.031281	  0.056224
 -0.026050	  0.036303	  0.003188	  0.000733	  0.011181	  0.029634	  0.058029
 -0.030516	 -0.006934	 -0.011668	 -0.005348	 -0.000348	 -0.076732	 -0.197274
  0.006386	 -0.050202	  0.013831	 -0.000185	  0.064174	  0.053169	  0.161481
  0.000526	 -0.028853	 -0.019998	 -0.008611	  0.027241	  0.000588	 -0.001679
 -0.010529	 -0.022740	 -0.017274	 -0.028313	  0.013019	 -0.016580	 -0.126163
 -0.001026	 -0.052324	 -0.016387	 -0.009846	  0.044440	  0.066726	  0.238167
 -0.017244	 -0.056221	 -0.007233	  0.011788	  0.002281	 -0.080881	 -0.100252
 -0.010054	 -0.074972	  0.045095	  0.048531	 -0.026354	 -0.046102	 -0.044504
 -0.002768	 -0.075384	  0.056403	  0.085845	 -0.006493	  0.045852	  0.205319
  0.016807	 -0.083778	  0.015383	  0.119357	 -0.038105	 -0.055731	 -0.189450
  0.021273	 -0.087167	 -0.014043	  0.139693	 -0.026576	  0.045883	  0.082736
  0.016839	 -0.043550	 -0.010686	  0.147833	 -0.037820	  0.074739	  0.131738
  0.019816	 -0.039781	 -0.011826	  0.126516	 -0.042952	 -0.041636	 -0.225211
  0.002711	 -0.028251	 -0.002070	  0.116317	 -0.002281	  0.083450	  0.149634
 -0.027412	  0.031774	  0.014528	  0.095094	 -0.001204	  0.057762	 -0.018783
  0.023079	  0.041815	 -0.010781	  0.094112	 -0.034558	 -0.030264	 -0.209849
  0.060297	  0.082264	 -0.003971	  0.088125	 -0.012955	  0.089500	  0.212446
  0.039011	  0.051951	 -0.027220	  0.069437	 -0.088026	 -0.054211	 -0.063541
  0.009838	 -0.006205	 -0.044357	  0.060821	 -0.097655	 -0.072487	 -0.088089
 -0.015660	 -0.005413	 -0.048601	  0.072573	 -0.063604	  0.016489	  0.230660
 -0.024403	 -0.004400	 -0.051642	  0.059998	 -0.099556	 -0.096054	 -0.182196
 -0.033842	 -0.019667	 -0.074068	  0.043147	 -0.042540	 -0.051613	  0.024263
 -0.052499	 -0.042537	 -0.045243	  0.074093	 -0.039214	  0.033783	  0.183622
 -0.060164	 -0.021314	 -0.020663	  0.032124	 -0.075229	 -0.091271	 -0.179187
 -0.058422	 -0.016690	 -0.020917	  0.024268	 -0.066993	 -0.000426	  0.131167
 -0.036661	 -0.002341	 -0.033048	 -0.000755	 -0.050110	 -0.035047	  0.106207
 -0.026208	 -0.012699	 -0.061176	 -0.007091	 -0.077224	 -0.128363	 -0.166422
  0.016173	 -0.010228	 -0.068271	  0.001018	 -0.025055	  0.032231	  0.210577
  0.007399	  0.029683	 -0.012745	 -0.016783	 -0.024897	 -0.002928	 -0.030757
  0.000589	  0.047389	  0.012659	 -0.025842	 -0.034843	 -0.033939	 -0.155399
  0.010187	  0.032534	 -0.003749	  0.005009	  0.029775	  0.088582	  0.219858
  0.022192	  0.039186	 -0.086516	 -0.003163	 -0.031897	 -0.020128	 -0.147797
  0.014083	  0.038299	 -0.039384	 -0.003289	  0.001584	  0.000619	 -0.084130
  0.009617	  0.041973	 -0.019650	 -0.004937	  0.036047	  0.092034	  0.172725
  0.018517	  0.022588	 -0.041031	 -0.029422	 -0.048337	 -0.017531	 -0.240226
  0.061057	  0.021637	 -0.027347	 -0.015421	 -0.091130	  0.057762	  0.022680
  0.095267	  0.023063	 -0.039320	 -0.015580	 -0.075482	  0.094283	  0.106809
  0.101538	  0.031647	 -0.038275	 -0.043549	 -0.056477	 -0.030042	 -0.193283
  0.104738	  0.019705	 -0.046289	 -0.013869	 -0.013240	  0.118451	  0.162748
  0.091941	  0.029176	 -0.050090	 -0.019602	 -0.016693	  0.042716	  0.034748
  0.076800	  0.029715	 -0.069127	 -0.031956	  0.014096	 -0.022440	 -0.154987
  0.084592	  0.010995	 -0.062000	 -0.029327	  0.071903	  0.092256	  0.260846
  0.038980	 -0.004368	 -0.066181	 -0.047603	  0.064047	 -0.003594	 -0.042223
  0.002331	 -0.002531	 -0.049456	 -0.022611	  0.057807	  0.044300	 -0.073930
 -0.001343	  0.007605	 -0.011699	 -0.033920	  0.050554	  0.158552	  0.196070
  0.004865	  0.056544	  0.001414	 -0.024068	 -0.003389	  0.021145	 -0.217198
  0.003852	  0.066553	  0.016143	  0.026992	  0.037092	  0.100903	 -0.070161
 -0.030421	  0.072128	  0.006197	  0.065383	  0.056097	  0.144425	  0.110642
 -0.030073	  0.053724	  0.015922	  0.054265	 -0.005607	  0.005339	 -0.259484
 -0.013886	  0.061137	  0.034515	  0.098895	  0.008204	  0.063716	  0.049223
  0.045125	  0.035194	  0.023080	  0.099053	  0.003864	  0.029729	 -0.006779
  0.060551	 -0.025052	  0.074014	  0.090184	 -0.027748	 -0.071030	 -0.257140
  0.068881	 -0.025084	  0.060996	  0.090153	 -0.012543	  0.082120	  0.157426
  0.080126	 -0.000535	  0.018456	  0.072319	 -0.019069	  0.041670	 -0.046626
  0.090009	  0.010646	  0.011867	  0.055848	 -0.034114	  0.019941	 -0.164110
  0.082153	  0.010171	  0.022637	  0.081917	  0.015363	  0.155797	  0.182545
  0.081456	  0.028986	  0.062358	  0.051129	 -0.026481	  0.078129	 -0.177318
  0.074551	  0.032629	  0.056783	  0.065224	 -0.046341	  0.114112	 -0.103293
  0.086081	  0.022651	  0.044366	  0.084673	 -0.030440	  0.187630	  0.136711
  0.097262	  0.021257	  0.006482	  0.059744	 -0.052328	  0.087156	 -0.274403
  0.107905	  0.020022	 -0.033207	  0.039060	 -0.054577	  0.157697	  0.002027
  0.090294	  0.002030	 -0.043691	  0.022368	 -0.049667	  0.136760	  0.061418
  0.093461	 -0.003164	 -0.064692	  0.023096	 -0.045201	  0.013765	 -0.273991
  0.075026	 -0.014219	 -0.075430	  0.045681	  0.016186	  0.141511	  0.118497
  0.063908	 -0.047161	 -0.068968	  0.028956	 -0.000158	  0.116139	  0.020336
  0.036921	 -0.026256	 -0.052846	  0.019390	  0.005702	  0.012212	 -0.188151
  0.004897	  0.023031	 -0.039352	  0.017743	  0.052613	  0.124628	  0.172219
  0.027038	  0.024488	 -0.060099	 -0.026571	  0.040164	  0.030647	 -0.140227
  0.012467	  0.048181	 -0.028360	 -0.041427	  0.046594	 -0.000965	 -0.150458
  0.022730	  0.066775	 -0.022374	 -0.013679	  0.082261	  0.096310	  0.138389
  0.030491	  0.071811	 -0.022025	  0.003457	  0.040386	 -0.003182	 -0.265978
  0.025296	  0.068517	  0.013261	 -0.008484	  0.061799	  0.071033	 -0.086252
  0.018897	  0.067155	  0.026374	  0.039472	  0.066613	  0.135746	  0.044377
  0.016712	  0.063924	  0.010410	  0.023635	  0.040196	 -0.023486	 -0.338387
  0.025328	  0.074472	  0.044683	  0.022716	  0.075197	  0.081201	 -0.020842
  0.040753	  0.047358	  0.043606	  0.036780	  0.090623	  0.047689	 -0.037567
  0.034323	 -0.006142	  0.016682	  0.048753	  0.066106	 -0.033590	 -0.303703
  0.028875	 -0.019287	  0.000686	  0.061708	  0.085365	  0.132769	  0.123407
  0.018993	  0.013338	  0.001098	  0.058287	  0.032467	  0.074739	 -0.121126
  0.031663	  0.068263	 -0.002387	  0.061423	 -0.007380	  0.018959	 -0.192649
  0.027038	  0.084355	  0.026089	  0.051477	  0.014887	  0.137298	  0.178902
  0.021558	  0.098608	 -0.007170	  0.061740	 -0.028286	  0.040530	 -0.180391
 -0.019335	  0.085368	 -0.005428	  0.080587	 -0.037694	  0.046137	 -0.076084
 -0.011321	  0.093635	 -0.025573	  0.083913	  0.010960	  0.123583	  0.191414
 -0.017181	  0.081187	 -0.036501	  0.058351	 -0.008299	  0.000334	 -0.189197
 -0.020380	  0.080965	 -0.016609	  0.046758	  0.042096	  0.034765	  0.052328
 -0.007235	  0.073997	 -0.002482	  0.051192	  0.040988	  0.095677	  0.117896
  0.001761	  0.071083	 -0.026998	  0.023413	  0.041115	 -0.023897	 -0.203894
  0.011549	  0.064589	 -0.018066	  0.018852	  0.067215	  0.123203	  0.147544
  0.026816	  0.093730	 -0.029311	  0.028354	  0.039499	  0.052535	  0.022584
  0.037618	  0.109853	  0.005785	  0.030761	  0.000412	 -0.052785	 -0.190907
  0.044776	  0.122175	  0.011139	  0.073238	 -0.009186	  0.103026	  0.227777
  0.018201	  0.084450	 -0.005776	  0.046472	 -0.088818	 -0.000426	 -0.116185
  0.024821	  0.067820	 -0.038972	  0.020499	 -0.116185	 -0.024404	 -0.155716
  0.031694	  0.068073	 -0.024686	  0.015747	 -0.103863	  0.050223	  0.133923
  0.000557	  0.091640	  0.007464	 -0.014471	 -0.134462	 -0.103339	 -0.228917
 -0.031403	  0.086540	  0.046235	 -0.006964	 -0.072631	 -0.025323	 -0.037820
 -0.014963	  0.093129	  0.061724	  0.021322	 -0.059803	  0.052852	  0.114538
 -0.030358	  0.097595	  0.071575	 -0.011778	 -0.097940	 -0.032545	 -0.270349
 -0.049109	  0.094079	  0.050669	 -0.020869	 -0.075831	  0.077939	  0.041843
 -0.077966	  0.059774	  0.097200	 -0.045956	 -0.065980	  0.059472	  0.000222
 -0.065042	  0.053408	  0.129002	 -0.046748	 -0.112447	 -0.015028	 -0.310070
 -0.054209	  0.048150	  0.101350	 -0.035250	 -0.060183	  0.083038	  0.068387
 -0.011828	  0.040991	  0.087128	 -0.060970	 -0.052328	  0.032580	 -0.131643
  0.021938	  0.017488	  0.062548	 -0.052228	 -0.041558	 -0.030961	 -0.232528
 -0.004574	  0.004089	 -0.003242	 -0.031639	  0.017548	  0.079016	  0.094392
 -0.017878	  0.019135	 -0.020347	 -0.011177	 -0.023915	 -0.000711	 -0.187898
  0.019151	  0.044507	  0.003853	 -0.013521	 -0.008932	  0.055449	 -0.084035
  0.058555	  0.026484	  0.008320	  0.028354	 -0.037092	  0.118610	  0.020589
  0.040373	  0.025628	  0.022542	  0.020277	 -0.072980	  0.057033	 -0.085745
  0.035812	  0.051190	  0.008193	  0.016571	 -0.079948	  0.092604	  0.033006
  0.071605	  0.036050	  0.021813	  0.006847	 -0.067215	  0.079808	  0.000760
  0.063781	  0.024678	  0.005405	  0.001810	 -0.056350	  0.070970	 -0.040544
  0.080791	  0.062657	  0.012627	  0.004376	 -0.048938	  0.095899	 -0.035255
  0.085606	  0.072698	  0.011962	  0.023254	 -0.008996	  0.123108	 -0.009376
  0.036509	  0.044760	 -0.005966	  0.036906	  0.038961	  0.107682	  0.047640
 -0.001185	  0.022683	 -0.046257	  0.003679	  0.030788	  0.073472	  0.077351
 -0.062666	  0.002189	 -0.044452	 -0.016435	  0.009408	  0.085382	  0.075641
 -0.078029	  0.030443	 -0.035868	 -0.024797	  0.014792	  0.056875	  0.067849
 -0.050883	  0.027339	 -0.008405	 -0.017923	 -0.029110	  0.041987	  0.058789
 -0.046005	  0.024678	 -0.005269	  0.016824	 -0.014602	  0.060676	  0.038676
 -0.045467	  0.029778	 -0.001246	  0.049070	  0.017390	  0.057223	  0.024992
 -0.061019	  0.048688	 -0.007075	  0.046536	 -0.011435	  0.058395	  0.009027
 -0.072169	  0.066775	 -0.034189	  0.044952	  0.007064	  0.051078	 -0.002819
 -0.053924	  0.076594	 -0.044547	  0.028449	  0.061767	  0.054056	 -0.041115
 -0.030548	  0.025280	 -0.061778	  0.000195	  0.046214	  0.052028	 -0.069907
 -0.019461	  0.012388	 -0.067004	 -0.010163	  0.041146	  0.044078	 -0.096641
 -0.010529	 -0.008517	 -0.077204	 -0.002434	  0.032531	  0.019371	 -0.086125
 -0.003244	 -0.050044	 -0.046796	  0.011345	 -0.002312	  0.038946	 -0.026164
  0.029287	 -0.039148	 -0.050280	 -0.011050	  0.004371	  0.019656	 -0.059740
  0.012056	 -0.032686	 -0.051452	 -0.035091	 -0.001932	  0.010692	 -0.030282
 -0.010370	 -0.045768	 -0.067416	 -0.030625	  0.029300	  0.039231	 -0.030345
  0.002205	 -0.040256	 -0.000169	 -0.049884	  0.038264	  0.028842	 -0.020779
 -0.005778	  0.014352	  0.004772	 -0.011937	  0.016186	  0.013289	 -0.023630
 -0.004606	  0.036715	 -0.004889	  0.035196	 -0.028286	 -0.007711	 -0.069432
 -0.000963	  0.018090	 -0.004287	  0.089868	 -0.018055	  0.017154	 -0.066391
 -0.010466	  0.006117	 -0.040207	  0.125312	 -0.006018	 -0.016295	 -0.083496
 -0.010592	 -0.020206	 -0.061968	  0.103741	  0.005195	  0.023457	 -0.028476
 -0.012905	  0.004628	 -0.063520	  0.072795	  0.028096	  0.003185	  0.004878
 -0.038530	  0.007098	 -0.047714	  0.042766	  0.061545	  0.033467	 -0.002566
 -0.030231	  0.026832	 -0.047049	  0.040708	  0.071586	  0.023996	  0.021127
 -0.014837	  0.006465	 -0.044293	  0.022431	  0.041590	  0.011516	 -0.021001
 -0.022692	  0.006338	 -0.047904	 -0.008009	  0.011435	  0.024883	 -0.040259
 -0.028552	  0.025407	 -0.055443	 -0.035282	 -0.007412	  0.010502	 -0.082451
 -0.021203	  0.023158	 -0.082842	 -0.051246	 -0.029775	  0.021937	 -0.088216
 -0.063078	  0.025787	 -0.049995	 -0.066482	 -0.070192	  0.052535	 -0.089419
 -0.066879	 -0.013300	 -0.071566	 -0.051056	 -0.070097	  0.050128	 -0.104022
 -0.033208	 -0.004558	 -0.042171	 -0.060875	 -0.046088	  0.048132	 -0.120778
  0.010377	 -0.035251	 -0.052909	 -0.028978	 -0.034019	  0.037046	 -0.070573
  0.034323	 -0.023342	 -0.014518	 -0.046210	 -0.049540	  0.020195	 -0.052454
  0.046075	  0.002315	 -0.032605	 -0.083206	 -0.049033	  0.002393	 -0.068102
  0.021527	  0.061580	 -0.086453	 -0.088496	 -0.040988	 -0.019780	 -0.082673
  0.027006	  0.093730	 -0.071312	 -0.081971	 -0.022680	 -0.027603	 -0.099049
  0.017726	  0.057431	 -0.077584	 -0.090808	 -0.049318	 -0.018133	 -0.118117
 -0.007868	  0.010551	 -0.095734	 -0.114977	 -0.049192	 -0.011291	 -0.093189
 -0.009832	 -0.017925	 -0.057248	 -0.077853	 -0.049287	 -0.016200	 -0.060500
 -0.024403	 -0.006712	 -0.046700	 -0.057961	 -0.031739	 -0.053926	 -0.032372
 -0.023484	  0.003678	 -0.008595	 -0.038386	 -0.050776	 -0.053546	 -0.013050
  0.007368	  0.006687	  0.010125	 -0.042662	 -0.079822	 -0.065772	  0.025404
 -0.030453	 -0.012635	  0.015605	 -0.067495	 -0.044852	 -0.074831	  0.019829
 -0.018226	  0.006307	  0.004518	 -0.106488	  0.006430	 -0.062795	  0.002914
 -0.018131	  0.002759	  0.023429	 -0.089921	 -0.012480	 -0.068908	 -0.013399
 -0.066848	 -0.015201	 -0.004224	 -0.083048	 -0.029363	 -0.076954	 -0.015774
 -0.068495	 -0.042505	 -0.011731	 -0.070790	 -0.028001	 -0.070397	 -0.006779
 -0.026905	 -0.031862	 -0.007708	 -0.052228	  0.009756	 -0.032481	  0.016630
  0.001856	 -0.047256	 -0.005618	 -0.070726	  0.019512	 -0.021744	  0.030440
 -0.026430	 -0.081909	 -0.025415	 -0.043866	  0.011340	 -0.019653	  0.035191
 -0.008090	 -0.052863	 -0.046637	 -0.017100	  0.000538	 -0.030581	  0.048273
 -0.020918	 -0.072723	 -0.040841	 -0.007249	 -0.013272	 -0.070207	  0.028634
 -0.016325	 -0.073800	 -0.014043	 -0.010797	  0.028603	 -0.054749	  0.010326
 -0.039829	 -0.075954	  0.002808	 -0.012159	 -0.026132	 -0.064949	 -0.027241
 -0.056711	 -0.067370	  0.028370	 -0.000977	 -0.050807	 -0.040115	  0.006969
 -0.067925	 -0.079407	  0.003790	  0.015431	 -0.068039	 -0.008788	  0.032562
 -0.053544	 -0.106014	 -0.034379	  0.015177	 -0.059676	  0.011040	  0.063509
 -0.054684	 -0.138893	 -0.048031	  0.000923	 -0.027272	 -0.035427	  0.048305
 -0.090731	 -0.112634	 -0.008912	 -0.012317	 -0.036712	 -0.064632	  0.051092
 -0.074070	 -0.050234	  0.018297	 -0.045449	 -0.042825	 -0.052627	  0.042888
 -0.048603	 -0.045166	  0.008224	 -0.050549	 -0.075451	 -0.075116	  0.049033
 -0.064124	 -0.065185	  0.023365	 -0.027584	 -0.074057	 -0.078094	  0.039056
 -0.042394	 -0.075447	  0.008288	 -0.043676	 -0.074152	 -0.061401	  0.032182
 -0.017307	 -0.071678	 -0.031686	 -0.037372	 -0.050934	 -0.018798	  0.049128
 -0.026525	 -0.064709	 -0.008215	 -0.053907	 -0.046246	 -0.038468	  0.044694
 -0.008945	 -0.049727	 -0.015627	 -0.068256	 -0.088342	 -0.033147	  0.020145
 -0.009642	 -0.049854	 -0.036881	 -0.106044	 -0.081247	 -0.056428	 -0.006303
 -0.017117	 -0.042315	 -0.006219	 -0.067400	 -0.061418	 -0.074546	  0.025815
 -0.027602	 -0.034523	  0.002301	 -0.073355	 -0.044060	 -0.086044	 -0.014634
 -0.062952	 -0.041523	 -0.015722	 -0.058341	 -0.041938	 -0.074546	 -0.025879
 -0.055033	 -0.043455	 -0.052687	 -0.069776	 -0.062337	 -0.027445	 -0.023155
 -0.049141	 -0.042252	 -0.051737	 -0.084188	 -0.070573	 -0.026178	 -0.015172
 -0.080848	 -0.029772	 -0.065484	 -0.089193	 -0.030567	 -0.034509	 -0.013050
 -0.059436	  0.022271	 -0.075398	 -0.075446	 -0.004308	  0.002520	 -0.014824
 -0.045847	  0.020275	 -0.055538	 -0.055110	 -0.023281	 -0.010087	 -0.036427
 -0.024466	  0.032724	 -0.068588	 -0.071550	 -0.037282	  0.000017	 -0.054133
 -0.005556	  0.013845	 -0.082240	 -0.072373	 -0.048907	  0.007334	 -0.079252
  0.016490	  0.014035	 -0.069665	 -0.100628	 -0.058251	 -0.001915	 -0.082039
 -0.000013	 -0.032781	 -0.037166	 -0.071265	 -0.079948	 -0.021332	 -0.058283
 -0.032290	 -0.015613	 -0.047207	 -0.081464	 -0.040988	  0.001189	 -0.051567
 -0.040589	 -0.053750	 -0.021645	 -0.067970	 -0.038897	 -0.064157	 -0.034178
 -0.051580	 -0.049379	  0.034737	 -0.055554	 -0.055527	 -0.070175	  0.002502
 -0.053734	 -0.061352	  0.020166	 -0.024512	 -0.068482	 -0.085664	 -0.024928
 -0.067101	 -0.085615	  0.000369	  0.011281	 -0.044979	 -0.081261	 -0.010865
 -0.077174	 -0.081782	 -0.020822	 -0.004493	 -0.032087	 -0.115059	 -0.008996
 -0.117496	 -0.095530	 -0.032257	 -0.005412	 -0.009471	 -0.081388	 -0.015648
