:RUN-3	LEVEL SWEEP	TEMP:NaN	8/27/2019	5:01 PM	HR:-636.36:SW EAR: R	SW FREQ: 11.30	# AVERAGES: 512	REP RATE (/sec): 80	DRIVER: 	SAMPLE (µsec): 40	MASKER dB: 2147483647:NOTES-:CHAMBER-SEWELL-PXI1:CFTS Version: V2.7.2 (R850):LEVELS:20;30;40;50;60;70;80;:DATA  0.024240	  0.060053	 -0.014647	  0.056282	 -0.029162	 -0.074823	 -0.139420
  0.032570	  0.112698	 -0.033303	  0.034648	  0.016767	 -0.090629	 -0.093871
  0.030638	  0.112761	 -0.011923	  0.005570	 -0.014116	 -0.096173	 -0.088360
  0.016511	  0.114693	 -0.002040	  0.018715	  0.001500	 -0.051574	 -0.093618
  0.010397	  0.121947	 -0.011289	  0.019856	  0.039764	 -0.019297	 -0.058332
 -0.024509	  0.121123	 -0.000456	  0.019982	  0.056678	 -0.019613	 -0.050445
 -0.005092	  0.089480	  0.015920	  0.026191	  0.054904	  0.003795	 -0.031439
 -0.009843	  0.049695	  0.020861	  0.006615	  0.055316	  0.034900	 -0.041924
 -0.016717	 -0.023285	  0.023554	  0.009339	  0.032415	  0.017700	 -0.034670
 -0.008513	 -0.024235	  0.029129	 -0.012010	 -0.008890	  0.002623	 -0.027638
 -0.019472	 -0.044349	  0.001096	 -0.048310	 -0.032551	  0.023718	 -0.025833
 -0.022925	 -0.065191	 -0.006664	 -0.053631	 -0.038094	  0.028185	  0.022155
 -0.008449	 -0.065508	 -0.012081	 -0.016413	 -0.043416	  0.031226	 -0.011959
  0.014674	 -0.045996	  0.039645	  0.001136	 -0.034040	  0.001641	 -0.014746
  0.017018	 -0.101016	  0.024631	  0.022390	 -0.000907	 -0.010523	  0.042808
  0.003682	 -0.096613	  0.031124	  0.028820	 -0.005057	  0.009370	  0.054369
 -0.010445	 -0.081409	 -0.011828	 -0.022843	 -0.014496	  0.008008	  0.092474
  0.015624	 -0.066806	 -0.011099	 -0.044002	 -0.015035	  0.048932	  0.130200
  0.002985	 -0.089169	 -0.022819	 -0.037667	 -0.028845	  0.065435	  0.164377
 -0.042374	 -0.078875	 -0.047811	 -0.014670	  0.007265	  0.087101	  0.205872
 -0.033568	 -0.039819	 -0.096907	  0.006710	  0.037990	  0.122292	  0.209483
 -0.041518	 -0.018692	 -0.078567	  0.024480	  0.072389	  0.131510	  0.197003
 -0.060619	  0.005888	 -0.063585	  0.046336	  0.099662	  0.109749	  0.184111
 -0.066637	  0.019952	 -0.057915	  0.084062	  0.105490	  0.103952	  0.209578
 -0.068062	  0.056379	 -0.061780	  0.094071	  0.087340	  0.097078	  0.203972
 -0.040853	  0.081117	 -0.078029	  0.067179	  0.121961	  0.073259	  0.206822
 -0.028912	  0.079755	 -0.068621	  0.058119	  0.147238	  0.043769	  0.255064
 -0.007848	  0.096955	 -0.034380	  0.091917	  0.134378	  0.070946	  0.291490
 -0.001227	  0.075289	 -0.072866	  0.110479	  0.158989	  0.116115	  0.331560
 -0.005504	  0.047795	 -0.075368	  0.127520	  0.187782	  0.191344	  0.415183
 -0.019884	  0.036899	 -0.035426	  0.141299	  0.199756	  0.234549	  0.478311
 -0.005662	  0.039781	 -0.004257	  0.173893	  0.224589	  0.297773	  0.512996
 -0.011142	  0.038261	 -0.007203	  0.208419	  0.264056	  0.342879	  0.570392
 -0.021658	  0.043582	  0.011200	  0.242121	  0.282397	  0.353649	  0.550404
  0.035453	  0.059451	  0.038061	  0.274810	  0.331240	  0.360459	  0.463551
  0.041059	  0.066008	  0.045695	  0.302590	  0.384264	  0.336322	  0.350755
  0.061933	  0.047827	  0.066030	  0.288779	  0.377359	  0.309493	  0.244389
  0.047204	  0.044754	  0.122001	  0.314024	  0.364657	  0.206137	  0.105303
  0.071056	  0.049220	  0.111738	  0.310128	  0.320185	  0.103477	 -0.000968
  0.073748	  0.047288	  0.113163	  0.239017	  0.202416	  0.004143	 -0.128714
  0.042991	  0.068320	  0.124313	  0.171454	  0.112902	 -0.121893	 -0.227288
  0.037416	  0.100598	  0.135083	  0.106931	 -0.005405	 -0.236304	 -0.365392
  0.036530	  0.118019	  0.094792	 -0.001430	 -0.105879	 -0.287713	 -0.481641
  0.016067	  0.150169	  0.028432	 -0.103013	 -0.198625	 -0.387871	 -0.599314
 -0.012060	  0.154984	 -0.059689	 -0.169468	 -0.302868	 -0.459900	 -0.683096
  0.004791	  0.145450	 -0.146954	 -0.231425	 -0.345503	 -0.488566	 -0.752591
 -0.014499	  0.124354	 -0.214993	 -0.303328	 -0.332073	 -0.486793	 -0.814168
 -0.031002	  0.091063	 -0.220029	 -0.347673	 -0.319023	 -0.485906	 -0.800294
 -0.033188	  0.078362	 -0.194657	 -0.343872	 -0.295266	 -0.489200	 -0.744609
 -0.008544	  0.053972	 -0.190920	 -0.335890	 -0.263876	 -0.478018	 -0.694435
  0.000135	  0.002721	 -0.196431	 -0.294268	 -0.224757	 -0.420971	 -0.596590
 -0.029133	 -0.023380	 -0.197318	 -0.216252	 -0.197706	 -0.411437	 -0.449427
 -0.036672	  0.026541	 -0.163299	 -0.154200	 -0.139614	 -0.300257	 -0.230012
 -0.002589	  0.010418	 -0.114519	 -0.116982	 -0.023524	 -0.166270	 -0.005402
  0.008687	 -0.024995	 -0.087183	 -0.052617	  0.077204	 -0.000228	  0.183161
 -0.011775	 -0.026832	 -0.043281	 -0.016254	  0.212172	  0.165592	  0.335361
  0.003017	  0.012540	  0.004295	  0.064771	  0.283949	  0.305375	  0.411793
  0.038367	  0.071931	  0.015287	  0.124099	  0.352462	  0.357260	  0.400105
  0.055978	  0.110607	  0.065048	  0.186214	  0.413216	  0.359382	  0.377742
  0.059146	  0.137404	  0.091339	  0.247538	  0.413691	  0.303475	  0.354366
  0.081699	  0.177157	  0.115951	  0.264928	  0.390314	  0.273130	  0.294563
  0.093387	  0.141269	  0.125485	  0.242153	  0.320819	  0.280954	  0.195103
  0.086513	  0.152767	  0.160803	  0.185739	  0.254142	  0.261378	  0.103529
  0.079893	  0.178867	  0.146391	  0.153747	  0.274541	  0.196254	  0.028332
  0.080210	  0.183872	  0.126245	  0.160621	  0.239413	  0.103160	 -0.010502
  0.075617	  0.171962	  0.073316	  0.107945	  0.150976	  0.062457	 -0.011326
  0.087052	  0.148649	  0.053519	  0.049060	  0.074828	  0.059575	  0.001345
  0.072861	  0.162998	  0.043921	  0.030752	  0.039700	  0.078073	  0.007426
  0.100704	  0.131988	  0.017884	  0.034490	  0.012776	  0.076014	  0.027603
  0.072133	  0.185487	  0.007494	  0.015991	  0.028487	  0.111712	  0.038183
  0.067381	  0.175130	  0.019689	  0.020331	  0.017052	  0.133157	  0.082338
  0.055788	  0.167813	  0.019373	  0.054572	  0.068430	  0.096667	  0.076003
  0.084961	  0.133192	  0.010694	  0.071676	  0.103114	  0.116590	  0.058772
  0.074001	  0.115200	 -0.003275	  0.079659	  0.118445	  0.122989	  0.082528
  0.058829	  0.089099	 -0.008312	  0.100279	  0.148252	  0.128564	  0.061844
  0.064784	  0.079660	 -0.002167	  0.120647	  0.229625	  0.131985	  0.055034
  0.087844	  0.056411	  0.025739	  0.148172	  0.263771	  0.116052	  0.001155
  0.054870	  0.028441	  0.058397	  0.126855	  0.265514	  0.093816	 -0.008348
  0.056897	  0.021884	  0.046297	  0.115673	  0.262156	  0.063851	 -0.022158
  0.078278	  0.001676	  0.038663	  0.106519	  0.219268	 -0.020849	 -0.011199
  0.046191	 -0.010013	  0.002205	  0.081211	  0.154048	 -0.090123	 -0.035779
  0.021801	  0.022961	 -0.004004	  0.046273	  0.117400	 -0.135608	 -0.018579
  0.021737	  0.068130	 -0.017846	  0.003543	  0.048126	 -0.124459	 -0.007429
 -0.000594	  0.040573	 -0.062128	 -0.009159	  0.038560	 -0.078719	 -0.003850
 -0.025522	  0.040921	 -0.054874	 -0.035196	 -0.037366	 -0.079321	  0.008218
  0.009225	  0.049600	 -0.074545	 -0.049228	 -0.076263	 -0.106879	 -0.003818
  0.026742	  0.025527	 -0.106378	 -0.087397	 -0.093399	 -0.140550	  0.001313
 -0.005504	  0.027998	 -0.137990	 -0.071749	 -0.071100	 -0.142038	 -0.007271
 -0.025364	  0.054352	 -0.113917	 -0.086257	 -0.056624	 -0.130255	 -0.000556
  0.006533	  0.035568	 -0.139004	 -0.092307	 -0.022067	 -0.091991	 -0.009868
  0.059336	  0.006744	 -0.167543	 -0.070356	  0.014202	 -0.085656	 -0.000968
  0.096554	 -0.013877	 -0.175557	 -0.052459	  0.040777	 -0.066651	  0.022725
  0.070359	 -0.003773	 -0.166530	 -0.021512	  0.048601	 -0.073398	 -0.000778
  0.056232	 -0.010995	 -0.135045	 -0.019390	  0.035709	 -0.023668	  0.012146
  0.042136	  0.006332	 -0.077586	 -0.010078	  0.033524	 -0.006056	 -0.006036
 -0.033251	  0.014726	 -0.046290	 -0.011186	  0.022374	  0.017605	  0.043916
 -0.017825	  0.023215	 -0.050820	  0.042757	  0.054936	  0.057738	  0.032038
 -0.003951	  0.007409	  0.008761	  0.046843	  0.051230	  0.056439	  0.027572
 -0.046840	  0.037500	  0.032835	  0.058436	  0.056393	  0.041362	 -0.049304
 -0.062076	  0.035980	  0.021970	  0.026698	  0.118318	  0.051434	 -0.067929
 -0.034296	  0.032337	  0.057320	  0.049282	  0.101879	  0.028438	 -0.067232
 -0.052351	  0.020998	  0.060329	  0.069713	  0.106060	  0.011270	 -0.072427
 -0.070691	  0.034143	  0.049274	  0.088464	  0.126871	 -0.008305	 -0.070210
 -0.065021	  0.009119	  0.049147	  0.065975	  0.138084	  0.013139	 -0.037521
 -0.057166	  0.029867	  0.044491	  0.061255	  0.108246	  0.043927	 -0.047530
 -0.035437	  0.032781	  0.077845	  0.047698	  0.101309	  0.101228	 -0.094727
  0.016131	  0.029613	  0.102362	  0.029707	  0.102956	  0.092042	 -0.100903
  0.008307	  0.031577	  0.073696	 -0.000607	  0.084806	  0.072625	 -0.085224
  0.018031	  0.052705	  0.065777	  0.018620	  0.068620	  0.050357	 -0.092984
  0.029656	  0.033699	  0.067773	  0.038766	  0.042013	  0.040855	 -0.106985
  0.034312	  0.029740	  0.046582	  0.038924	  0.021994	  0.032493	 -0.142493
  0.059177	  0.032812	  0.006956	  0.008516	 -0.003505	 -0.007070	 -0.176987
  0.062820	  0.020681	 -0.008375	 -0.001208	 -0.002903	 -0.014830	 -0.197798
  0.048946	  0.033193	 -0.002135	  0.000724	 -0.034293	 -0.054773	 -0.239800
  0.055440	  0.024133	 -0.009008	 -0.007163	 -0.039678	 -0.071688	 -0.264411
  0.078404	  0.028061	 -0.030389	  0.013837	 -0.068376	 -0.087113	 -0.306159
  0.082269	  0.043677	 -0.051612	 -0.011566	 -0.064607	 -0.117237	 -0.320793
  0.057467	  0.071456	 -0.059372	 -0.025440	 -0.039361	 -0.120784	 -0.319241
  0.053127	  0.090842	 -0.054906	 -0.046251	 -0.061312	 -0.124490	 -0.299824
  0.035959	  0.048555	 -0.065581	 -0.081695	 -0.077974	 -0.144984	 -0.299824
  0.062313	  0.017608	 -0.080848	 -0.113719	 -0.062579	 -0.129685	 -0.270620
  0.070485	 -0.004976	 -0.099980	 -0.128638	 -0.058588	 -0.155754	 -0.238659
  0.033774	 -0.015777	 -0.111383	 -0.098927	 -0.023809	 -0.185212	 -0.231057
  0.028072	 -0.050652	 -0.138339	 -0.082582	 -0.038379	 -0.191484	 -0.241763
  0.039887	 -0.060725	 -0.154145	 -0.081094	 -0.060806	 -0.177768	 -0.204577
  0.012235	 -0.063480	 -0.149488	 -0.080682	 -0.070308	 -0.143400	 -0.159883
  0.024936	 -0.040801	 -0.137959	 -0.051952	 -0.052855	 -0.144129	 -0.147181
  0.050942	 -0.087332	 -0.137072	 -0.033644	 -0.014496	 -0.105200	 -0.177399
  0.031208	 -0.066173	 -0.167670	 -0.004154	 -0.001858	 -0.102444	 -0.189658
  0.020692	 -0.042923	 -0.155095	  0.015358	 -0.004455	 -0.071244	 -0.204450
  0.046222	 -0.021257	 -0.131877	  0.044784	  0.005047	 -0.076312	 -0.227668
  0.061806	  0.015771	 -0.134284	  0.061699	  0.026808	 -0.076819	 -0.224595
  0.049928	  0.005920	 -0.114899	  0.098474	  0.023356	 -0.130699	 -0.229822
  0.049421	 -0.000732	 -0.126365	  0.118017	 -0.008636	 -0.175329	 -0.252375
  0.035168	  0.007092	 -0.100043	  0.075129	 -0.068978	 -0.166428	 -0.282466
  0.033996	 -0.014130	 -0.064725	  0.040286	 -0.083200	 -0.184008	 -0.328966
  0.015275	 -0.021701	 -0.034634	  0.021598	 -0.089282	 -0.220213	 -0.366437
 -0.027898	 -0.041434	 -0.038023	  0.027078	 -0.118074	 -0.198959	 -0.419272
 -0.014721	 -0.040674	 -0.035362	  0.010131	 -0.146044	 -0.212833	 -0.432354
 -0.010857	 -0.045742	 -0.026905	 -0.043115	 -0.159632	 -0.223476	 -0.407615
 -0.021405	 -0.024773	 -0.011352	 -0.042798	 -0.187602	 -0.211059	 -0.412493
 -0.030907	 -0.041910	 -0.020063	 -0.072890	 -0.185353	 -0.227879	 -0.393425
 -0.030464	 -0.066775	 -0.015914	 -0.101239	 -0.154564	 -0.179004	 -0.334794
 -0.024477	 -0.056449	 -0.045277	 -0.143906	 -0.160931	 -0.154994	 -0.324848
  0.000135	 -0.033516	 -0.085948	 -0.151254	 -0.174615	 -0.129812	 -0.298177
  0.023353	 -0.051032	 -0.130705	 -0.155594	 -0.140691	 -0.131079	 -0.302422
  0.016891	 -0.025217	 -0.176159	 -0.147833	 -0.123396	 -0.158826	 -0.277303
  0.018950	 -0.055942	 -0.196653	 -0.135607	 -0.119975	 -0.182013	 -0.271855
  0.020248	 -0.058222	 -0.243216	 -0.080017	 -0.114210	 -0.193416	 -0.263999
 -0.040727	 -0.091988	 -0.242931	 -0.090311	 -0.103060	 -0.230951	 -0.299793
 -0.040030	 -0.083689	 -0.172358	 -0.155911	 -0.109934	 -0.265889	 -0.323264
 -0.016146	 -0.080522	 -0.164724	 -0.173364	 -0.123301	 -0.330728	 -0.316802
  0.006216	 -0.077354	 -0.142140	 -0.162816	 -0.127926	 -0.351602	 -0.366216
 -0.017065	 -0.069879	 -0.144610	 -0.178115	 -0.163497	 -0.397405	 -0.419937
 -0.001481	 -0.040136	 -0.159149	 -0.226737	 -0.174520	 -0.396074	 -0.413570
  0.007325	 -0.048276	 -0.163806	 -0.233008	 -0.197516	 -0.422238	 -0.376764
  0.057879	 -0.063322	 -0.110211	 -0.238900	 -0.204358	 -0.435890	 -0.383257
  0.071182	 -0.110962	 -0.124212	 -0.238235	 -0.240310	 -0.397753	 -0.387311
  0.062978	 -0.123252	 -0.116388	 -0.248308	 -0.212942	 -0.367440	 -0.354369
  0.063929	 -0.114003	 -0.115057	 -0.230411	 -0.166158	 -0.317805	 -0.334065
  0.036213	 -0.120369	 -0.120220	 -0.196898	 -0.207747	 -0.256165	 -0.259217
  0.039982	 -0.138139	 -0.099410	 -0.174726	 -0.186620	 -0.242418	 -0.212590
  0.023321	 -0.113813	 -0.080943	 -0.147928	 -0.155420	 -0.199973	 -0.162829
 -0.006992	 -0.122333	 -0.084491	 -0.114416	 -0.135306	 -0.139916	 -0.127004
 -0.015196	 -0.076657	 -0.069730	 -0.104755	 -0.110346	 -0.076185	 -0.043508
 -0.041202	 -0.068612	 -0.084396	 -0.128575	 -0.061566	 -0.072479	  0.002770
 -0.062646	 -0.020687	 -0.101247	 -0.114384	  0.008500	 -0.037637	  0.043219
 -0.054252	 -0.038995	 -0.077871	 -0.079225	  0.047999	 -0.006912	  0.083320
 -0.056691	 -0.028701	 -0.086233	 -0.044477	  0.072104	 -0.023066	  0.080976
 -0.047220	 -0.006338	 -0.112397	  0.010670	  0.102386	  0.005949	  0.065044
 -0.017730	 -0.028574	 -0.079233	  0.044151	  0.074036	 -0.008179	  0.027413
 -0.019821	 -0.042923	 -0.057598	  0.076871	  0.046257	 -0.008939	 -0.021018
 -0.010001	 -0.053661	 -0.073499	  0.089256	  0.037768	 -0.004568	 -0.061056
  0.008782	 -0.060851	 -0.110243	  0.070029	  0.035266	  0.012632	 -0.081486
  0.029656	 -0.050367	 -0.126936	  0.021218	  0.014265	 -0.042071	 -0.082342
  0.062123	 -0.091925	 -0.126651	  0.004778	  0.037261	 -0.063895	 -0.121556
  0.055756	 -0.092590	 -0.118257	 -0.022399	  0.030673	 -0.051574	 -0.132959
  0.038715	 -0.098070	 -0.088260	 -0.024490	  0.036374	  0.002718	 -0.146104
  0.032824	 -0.045204	 -0.123926	 -0.025852	  0.074828	 -0.012391	 -0.132262
 -0.001132	 -0.022746	 -0.116958	 -0.018503	  0.070489	 -0.037447	 -0.095360
 -0.017825	 -0.000478	 -0.090161	  0.006900	  0.085788	 -0.058321	 -0.080884
 -0.012567	  0.027428	 -0.078282	  0.009815	  0.119839	 -0.032790	 -0.063463
 -0.042437	  0.016278	 -0.090604	 -0.030508	  0.082145	 -0.052651	 -0.071065
 -0.072814	  0.008993	 -0.063902	 -0.049767	  0.054778	 -0.046189	 -0.060422
 -0.069804	  0.029265	 -0.048539	 -0.016888	  0.046637	 -0.065321	 -0.065332
 -0.068759	  0.043297	 -0.038403	 -0.013245	  0.044040	 -0.053062	 -0.076102
 -0.096032	  0.048017	 -0.020126	  0.004398	  0.039922	 -0.051099	 -0.092763
 -0.076171	  0.059325	 -0.032448	 -0.027657	  0.042234	 -0.021926	 -0.105433
 -0.107086	  0.058564	 -0.015280	 -0.025535	  0.071787	  0.004365	 -0.083228
 -0.083425	  0.045958	 -0.014552	 -0.030476	  0.068620	 -0.019075	 -0.088297
 -0.049342	  0.037469	 -0.008090	 -0.030635	  0.084014	 -0.015749	 -0.105306
 -0.038288	  0.032401	 -0.016294	 -0.007448	  0.086928	 -0.042008	 -0.053770
 -0.040220	  0.035885	  0.016458	 -0.026707	  0.090507	 -0.079638	 -0.087980
 -0.030590	  0.018020	  0.036414	  0.011240	  0.099282	 -0.105929	 -0.066536
 -0.017540	  0.006807	  0.013449	 -0.017965	  0.126934	 -0.074633	 -0.065395
  0.000261	  0.011685	 -0.060893	 -0.021449	  0.128518	 -0.047298	 -0.071762
 -0.006517	  0.016816	 -0.074006	  0.018399	  0.114739	 -0.046284	 -0.057096
  0.002954	  0.005160	 -0.071599	  0.049440	  0.135423	 -0.018346	 -0.042304
 -0.007562	  0.009024	 -0.050566	  0.031671	  0.125445	  0.022483	 -0.019751
  0.003556	  0.021948	 -0.046037	  0.068762	  0.132477	  0.026474	  0.018228
 -0.017414	 -0.017678	 -0.054114	  0.078582	  0.160795	  0.035597	  0.027508
  0.013533	 -0.018913	 -0.061780	  0.080767	  0.158989	  0.041995	  0.031436
 -0.024889	 -0.030285	 -0.083572	  0.083586	  0.156899	  0.052321	  0.050125
 -0.022577	 -0.047960	 -0.055856	  0.078930	  0.130798	  0.041742	  0.030423
 -0.042057	 -0.035036	 -0.015122	  0.079785	  0.119205	  0.073322	  0.035744
 -0.067207	 -0.036556	  0.025961	  0.097967	  0.119300	  0.057611	  0.013128
 -0.042690	 -0.041434	  0.032993	  0.112633	  0.103019	  0.063281	  0.035522
 -0.039238	 -0.024678	  0.025074	  0.058500	  0.090127	  0.055837	  0.082940
 -0.077913	 -0.033706	  0.064795	  0.076491	  0.110305	  0.056629	  0.123041
 -0.081619	 -0.038045	  0.054722	  0.060748	  0.097698	  0.041013	  0.114679
 -0.024319	 -0.032755	  0.038695	  0.084062	  0.112807	  0.042565	  0.103466
 -0.026536	 -0.038489	  0.025581	  0.047001	  0.103368	  0.048774	  0.092474
 -0.039333	 -0.010995	  0.033215	  0.042313	  0.070014	  0.022135	  0.105493
 -0.081106	 -0.087589	 -0.118862	 -0.030647	 -0.017537	  0.000440	 -0.018817
 -0.070875	 -0.070484	 -0.093680	 -0.030489	  0.006473	  0.022075	 -0.040419
 -0.086808	 -0.063389	 -0.070525	 -0.087441	 -0.011044	  0.016848	 -0.048592
 -0.101949	 -0.035799	 -0.055828	 -0.075943	  0.014835	  0.023943	 -0.033958
 -0.094505	 -0.019360	 -0.049556	 -0.050856	 -0.014116	  0.033794	 -0.063099
 -0.063083	 -0.011061	 -0.020415	 -0.022475	 -0.038886	  0.043360	 -0.030948
 -0.003565	 -0.028577	 -0.033940	  0.003625	 -0.048452	  0.061574	 -0.008839
  0.057125	 -0.046696	 -0.028809	  0.010340	 -0.035687	 -0.024393	 -0.131264
  0.117213	 -0.026867	  0.020066	  0.012178	  0.004572	  0.063252	  0.177982
  0.087280	 -0.009509	  0.030076	  0.004259	 -0.066570	 -0.174376	 -0.507092
  0.058519	  0.023275	  0.026686	  0.048541	  0.040017	  0.153527	  0.628627
  0.045057	  0.056914	  0.016582	 -0.004610	 -0.094191	 -0.331454	 -0.855774
  0.057125	  0.068317	  0.039547	  0.053197	  0.118730	  0.212728	  0.868282
  0.060609	  0.036262	  0.069670	 -0.025738	 -0.030397	 -0.287108	 -0.777757
  0.042871	  0.032429	  0.055543	  0.029346	  0.095924	  0.155269	  0.582602
  0.010467	  0.056978	  0.041574	  0.015313	  0.011889	 -0.150588	 -0.300727
  0.004639	  0.052353	  0.030297	  0.014205	  0.049393	 -0.042987	  0.079282
 -0.018136	  0.041678	  0.035017	  0.022757	  0.053162	  0.078140	  0.263790
 -0.015887	  0.007216	  0.040655	  0.037264	 -0.067077	 -0.132659	 -0.504431
 -0.004990	  0.023909	  0.065900	  0.077175	  0.028962	  0.278613	  0.721150
  0.022187	  0.025841	  0.036759	  0.038817	 -0.162990	 -0.248243	 -0.922798
  0.046292	  0.022198	  0.031026	  0.096624	  0.025478	  0.342597	  0.944018
  0.061148	  0.032334	  0.026877	  0.041572	 -0.148578	 -0.284923	 -0.989412
  0.053039	  0.025872	  0.049461	  0.130231	  0.054778	  0.256694	  0.862074
  0.055161	  0.034235	  0.007586	  0.093932	 -0.112183	 -0.257365	 -0.715389
  0.012938	  0.030085	  0.021492	  0.136091	  0.005047	  0.112032	  0.425746
  0.012716	  0.050516	 -0.016994	  0.090352	 -0.027135	 -0.097246	 -0.180678
  0.001915	  0.048710	 -0.023994	  0.099633	 -0.015732	 -0.098767	 -0.121128
  0.029694	  0.046746	 -0.016614	  0.103371	  0.069823	  0.078932	  0.418461
  0.045057	  0.035090	 -0.035397	  0.054147	 -0.020926	 -0.251980	 -0.623974
  0.060387	  0.043706	  0.002835	  0.090986	  0.140491	  0.233159	  0.871196
  0.039893	  0.053557	 -0.017311	  0.002897	 -0.070530	 -0.359043	 -0.910065
  0.070207	  0.040000	  0.000333	  0.046292	  0.095449	  0.265531	  1.029161
  0.076605	  0.045321	 -0.030868	  0.020191	 -0.143985	 -0.336237	 -0.851751
  0.082528	  0.068792	  0.012718	  0.088040	 -0.005881	  0.216529	  0.812597
  0.063238	  0.037846	 -0.004482	  0.000268	 -0.067267	 -0.176055	 -0.522359
  0.063333	 -0.000545	 -0.008156	  0.023327	  0.044483	  0.094294	  0.332367
  0.063302	 -0.018758	 -0.021302	 -0.015475	  0.019618	  0.017228	  0.031484
  0.079741	  0.002813	 -0.013700	 -0.005561	 -0.005469	 -0.066996	 -0.253246
  0.102452	 -0.036243	 -0.010500	  0.024816	  0.075177	  0.195655	  0.617794
  0.046862	 -0.060063	 -0.039008	 -0.024122	 -0.057733	 -0.223821	 -0.720425
  0.069605	 -0.014672	 -0.019369	  0.055034	  0.109101	  0.304207	  0.965905
  0.040084	 -0.019803	 -0.024564	 -0.021462	 -0.107432	 -0.293412	 -0.950198
  0.033875	  0.012410	  0.005686	  0.030264	  0.063869	  0.298157	  0.960616
  0.059342	 -0.009826	  0.006193	 -0.045376	 -0.092132	 -0.269909	 -0.812347
  0.025196	  0.010858	  0.011292	  0.007965	  0.038497	  0.180673	  0.680954
  0.023327	  0.018524	  0.037709	 -0.067106	 -0.053805	 -0.145139	 -0.388974
  0.009422	 -0.004631	  0.119780	 -0.044933	 -0.010854	  0.017292	  0.125686
  0.025481	  0.007437	  0.156809	 -0.009140	  0.000803	  0.033003	  0.195689
  0.018829	  0.045321	  0.152691	  0.003404	 -0.092354	 -0.204087	 -0.468416
  0.024721	  0.023782	  0.172520	  0.024183	  0.009925	  0.128725	  0.668823
  0.046767	  0.022642	  0.166945	 -0.032675	 -0.117156	 -0.377795	 -0.887576
  0.030296	  0.041013	  0.149840	  0.029947	  0.080815	  0.199203	  0.945253
  0.028459	  0.070820	  0.103341	 -0.057825	 -0.101667	 -0.450901	 -0.985262
  0.051708	  0.083363	  0.111165	  0.015472	  0.119807	  0.135092	  0.854472
  0.020540	  0.078548	  0.081643	 -0.049336	 -0.076548	 -0.368324	 -0.781083
  0.031721	  0.072689	  0.088928	 -0.033435	  0.040460	  0.049505	  0.515229
  0.047115	  0.060050	  0.064824	 -0.040372	 -0.043384	 -0.190467	 -0.254259
  0.037106	  0.033158	  0.045280	  0.000078	 -0.022922	 -0.121130	 -0.064397
  0.087787	  0.018270	  0.072267	  0.018703	  0.029881	  0.017703	  0.325969
  0.107362	  0.038701	  0.039927	 -0.062925	 -0.095870	 -0.281185	 -0.608643
  0.114932	  0.071485	  0.022284	 -0.031344	  0.020188	  0.136707	  0.819154
  0.106475	  0.073100	  0.017501	 -0.049811	 -0.167741	 -0.414506	 -0.922513
  0.119684	  0.079435	  0.048827	  0.020572	  0.048411	  0.203732	  0.979526
  0.135014	  0.058720	  0.026211	  0.014712	 -0.082947	 -0.439561	 -0.939745
  0.130231	  0.056883	  0.063493	  0.071949	  0.065674	  0.112001	  0.791881
  0.117720	  0.032556	  0.067009	 -0.020448	 -0.113608	 -0.277321	 -0.622358
  0.110181	  0.035818	  0.081992	 -0.018928	 -0.005627	  0.060465	  0.339431
  0.099190	  0.032239	  0.072172	 -0.025896	 -0.051430	 -0.101871	 -0.083719
  0.094248	  0.047095	  0.092254	 -0.039897	 -0.074109	 -0.173109	 -0.249381
  0.104574	  0.101101	  0.104956	 -0.056970	  0.048506	  0.051247	  0.455774
  0.102230	  0.138763	  0.039008	 -0.077274	 -0.070530	 -0.339943	 -0.747191
  0.122028	  0.146207	  0.047497	 -0.031914	  0.106947	  0.181655	  0.874649
  0.120064	  0.142406	  0.030107	 -0.086459	 -0.073096	 -0.394202	 -0.984249
  0.134539	  0.115609	  0.065805	 -0.030933	  0.122309	  0.197049	  0.956339
  0.106918	  0.081716	 -0.002677	 -0.098749	 -0.068218	 -0.349604	 -0.870978
  0.119905	  0.076648	  0.056271	 -0.054246	  0.057660	  0.211018	  0.724666
  0.143440	  0.038859	  0.039008	 -0.092224	 -0.083137	 -0.186824	 -0.458090
  0.134698	  0.041995	  0.077652	 -0.042906	 -0.026945	  0.041745	  0.176177
  0.088040	  0.061380	  0.047402	  0.001408	 -0.029352	  0.029392	  0.132718
  0.061908	  0.077123	  0.021207	  0.010182	 -0.064290	 -0.139660	 -0.339941
  0.049048	  0.116179	  0.040909	  0.056143	  0.026143	  0.187736	  0.695620
  0.071474	  0.073480	  0.013763	  0.002707	 -0.117188	 -0.281312	 -0.753209
  0.047115	  0.073100	 -0.000491	  0.046830	  0.083381	  0.261540	  1.040976
  0.014331	  0.100563	 -0.021999	 -0.029317	 -0.116459	 -0.362432	 -0.875159
 -0.002615	  0.113296	 -0.012021	  0.019558	  0.091141	  0.255997	  1.027577
 -0.028874	  0.132998	  0.026781	 -0.016204	 -0.117124	 -0.280741	 -0.693913
 -0.059662	  0.146112	  0.082023	  0.041826	 -0.029130	  0.146400	  0.666827
 -0.063178	  0.163597	  0.092983	  0.005019	 -0.129636	 -0.138614	 -0.233069
 -0.064667	  0.157737	  0.087471	  0.016390	 -0.093684	 -0.069626	  0.100282
 -0.027005	  0.139555	  0.107459	 -0.003090	 -0.062294	 -0.012166	  0.349155
 -0.008348	  0.143515	  0.117690	 -0.053485	 -0.121115	 -0.296801	 -0.493978
 -0.034860	  0.124288	  0.122156	 -0.019434	 -0.011804	  0.125019	  0.812502
 -0.052345	  0.079625	  0.087123	 -0.058934	 -0.192638	 -0.406619	 -0.868824
 -0.026720	  0.051276	  0.131975	  0.001503	 -0.002111	  0.177854	  1.007622
 -0.046358	  0.038257	  0.115757	 -0.089057	 -0.194064	 -0.440417	 -0.930939
 -0.025421	  0.041678	  0.111165	 -0.007049	 -0.038601	  0.133572	  0.881047
 -0.025294	  0.035755	  0.065584	 -0.075690	 -0.212910	 -0.352233	 -0.671328
  0.013983	 -0.012771	  0.059565	 -0.037616	 -0.082566	  0.024514	  0.393944
  0.028902	 -0.028799	  0.014175	 -0.053137	 -0.136700	 -0.145583	 -0.172157
  0.020065	 -0.001717	 -0.001346	 -0.075151	 -0.166633	 -0.145963	 -0.173741
  0.050853	  0.053588	 -0.023044	 -0.094885	 -0.110948	  0.033763	  0.407565
  0.081230	  0.029737	 -0.010722	 -0.084115	 -0.227481	 -0.329680	 -0.721153
  0.072076	  0.028406	  0.034194	  0.002041	 -0.039963	  0.217575	  0.810918
  0.027350	  0.008103	  0.007871	 -0.052218	 -0.160583	 -0.310896	 -0.977027
  0.013540	  0.007532	  0.045407	  0.035586	  0.066308	  0.317700	  0.966951
  0.026590	  0.043072	  0.006889	 -0.059630	 -0.124758	 -0.285271	 -0.897427
  0.027445	  0.043769	  0.014396	 -0.015570	  0.017813	  0.225557	  0.725965
 -0.007683	  0.023972	 -0.000174	 -0.062735	 -0.095427	 -0.193539	 -0.565596
  0.006919	  0.045828	  0.030329	  0.005557	  0.018034	  0.070569	  0.247193
  0.049079	  0.078548	  0.057475	  0.020793	  0.040714	  0.000757	  0.000790
  0.060451	  0.079720	  0.132197	  0.009897	 -0.002523	 -0.154927	 -0.351281
  0.084936	  0.064168	  0.157284	  0.073723	  0.086643	  0.098570	  0.557452
  0.084746	  0.088716	  0.131025	  0.009644	 -0.031221	 -0.354292	 -0.844687
  0.093900	  0.099359	  0.096847	  0.046165	  0.141220	  0.210226	  0.844019
  0.064157	  0.107911	  0.065647	 -0.047182	 -0.059919	 -0.350205	 -0.920169
  0.055034	  0.114405	  0.091177	  0.031563	  0.076887	  0.129771	  0.697362
  0.052088	  0.106961	  0.097988	 -0.000239	 -0.049466	 -0.257112	 -0.540794
  0.039323	  0.124763	  0.070398	 -0.012751	  0.021392	  0.039021	  0.217735
  0.065297	  0.097997	  0.046800	 -0.015570	 -0.042782	 -0.104690	 -0.229014
  0.078031	  0.084472	  0.043569	 -0.020226	 -0.049054	 -0.028004	 -0.092303
  0.052183	  0.073544	  0.045597	 -0.000239	 -0.064702	 -0.027656	 -0.074153
  0.023074	  0.049566	  0.023487	  0.003689	 -0.067679	 -0.081694	 -0.105702
  0.011037	  0.047127	  0.021112	  0.011227	 -0.095363	 -0.076562	 -0.010993
  0.007014	  0.043199	  0.012844	 -0.001918	 -0.118233	 -0.118722	 -0.048053
 -0.011832	  0.051403	  0.036886	 -0.036476	 -0.118866	 -0.105070	 -0.010138
  0.017404	  0.034995	  0.026940	 -0.090926	 -0.125170	 -0.097880	 -0.003518
  0.016802	  0.014881	 -0.008853	 -0.121461	 -0.128242	 -0.041593	 -0.004785
  0.044328	  0.004365	 -0.015062	 -0.135239	 -0.162293	 -0.051127	 -0.015839
  0.063523	  0.003985	 -0.026813	 -0.148733	 -0.135749	 -0.065539	 -0.018595
  0.074230	  0.000944	 -0.041352	 -0.135271	 -0.144682	 -0.075105	  0.019130
  0.098366	 -0.029876	 -0.047941	 -0.136601	 -0.114115	 -0.049448	  0.033543
  0.125512	 -0.022686	 -0.070177	 -0.159059	 -0.103757	 -0.059173	  0.048715
  0.119684	  0.012284	 -0.049904	 -0.139199	 -0.102997	 -0.077449	  0.042507
  0.084904	  0.002243	 -0.090671	 -0.076862	 -0.074521	 -0.079191	  0.029773
  0.099887	  0.034488	 -0.124785	 -0.077812	 -0.069611	 -0.111912	  0.039783
  0.111448	  0.051751	 -0.127762	 -0.045250	 -0.078417	 -0.125818	  0.077445
  0.114077	  0.044244	 -0.108789	 -0.014113	 -0.071733	 -0.117043	  0.123437
  0.074863	  0.038986	 -0.101567	  0.005177	 -0.064226	 -0.115776	  0.094644
  0.020952	  0.054000	 -0.077525	  0.027572	 -0.055769	 -0.081377	  0.058376
  0.049871	  0.050769	 -0.027447	  0.081040	 -0.006831	 -0.100192	  0.066168
  0.017752	  0.035343	 -0.001061	  0.080723	 -0.001098	 -0.117012	  0.063824
  0.030803	  0.042154	  0.023234	  0.057378	 -0.018519	 -0.090183	  0.072345
  0.030328	  0.055457	  0.057158	  0.018449	 -0.047248	 -0.076879	  0.070508
  0.036568	  0.090427	  0.053864	  0.003118	 -0.035149	 -0.061453	  0.089323
  0.006001	  0.087924	  0.011641	 -0.012307	 -0.067426	 -0.064874	  0.063159
 -0.032643	  0.102970	 -0.008980	 -0.004104	 -0.086051	 -0.050557	  0.044819
 -0.039200	  0.087893	 -0.028777	  0.002232	 -0.103029	 -0.056892	  0.047163
 -0.002868	  0.095115	 -0.028524	 -0.010154	 -0.127926	 -0.059173	  0.031452
  0.004512	  0.086562	 -0.033877	  0.018323	 -0.123998	 -0.048055	 -0.000160
  0.028965	  0.110952	 -0.043696	  0.037676	 -0.107051	 -0.019198	  0.004940
  0.060514	  0.082001	 -0.057348	  0.042649	 -0.100020	 -0.010424	 -0.004753
  0.056396	  0.061792	 -0.055923	  0.037993	 -0.101477	 -0.053978	  0.008741
  0.039957	  0.086816	 -0.041289	  0.018449	 -0.135844	 -0.098450	 -0.010138
  0.030391	  0.078358	 -0.021175	 -0.009330	 -0.150732	 -0.099400	 -0.003264
  0.032545	  0.056281	  0.012939	  0.008091	 -0.119120	 -0.094712	 -0.010676
  0.039070	  0.050104	  0.077937	 -0.011991	 -0.126215	 -0.080110	 -0.036555
  0.032291	  0.047507	  0.069828	 -0.026973	 -0.111043	 -0.093984	 -0.027939
  0.005779	  0.039651	  0.073091	 -0.042431	 -0.094381	 -0.084006	 -0.043967
  0.020033	  0.028691	  0.073091	 -0.037204	 -0.079336	 -0.096645	 -0.050967
  0.011512	  0.022325	  0.068498	 -0.060010	 -0.073032	 -0.078400	 -0.087425
 -0.007398	  0.036104	  0.043949	 -0.071160	 -0.054185	 -0.059711	 -0.089833
 -0.012466	  0.062584	  0.054561	 -0.082563	 -0.015383	 -0.042480	 -0.058823
 -0.015285	  0.081241	  0.040370	 -0.055259	 -0.002871	 -0.065983	 -0.034844
  0.032957	  0.077567	  0.017247	 -0.031534	 -0.012754	 -0.066363	 -0.065696
  0.032798	  0.016623	  0.033813	 -0.071635	  0.001373	 -0.013117	 -0.070859
  0.001281	  0.041425	  0.047370	 -0.100777	 -0.008636	  0.023627	 -0.035478
  0.023992	  0.070566	  0.023107	 -0.102170	 -0.021591	  0.020079	 -0.007160
  0.020920	  0.084662	  0.038565	 -0.079459	 -0.017189	 -0.001840	  0.027176
  0.001440	  0.075476	  0.019686	 -0.050603	 -0.041262	 -0.004374	  0.055272
  0.010024	  0.083585	  0.023899	 -0.037901	 -0.028180	  0.014948	  0.061734
  0.015028	  0.081779	 -0.004894	 -0.035842	 -0.051905	  0.008676	  0.063539
  0.037454	  0.088146	  0.005939	  0.008725	 -0.040882	 -0.009949	  0.034841
  0.038690	  0.091472	 -0.000016	 -0.042114	 -0.035909	 -0.028733	 -0.003771
  0.043029	  0.050642	 -0.011957	 -0.044236	 -0.034990	 -0.051381	 -0.007794
  0.022852	  0.046841	 -0.008632	 -0.044965	 -0.021560	 -0.058001	 -0.015586
  0.041952	  0.053778	 -0.009233	 -0.043191	 -0.011740	 -0.064367	 -0.011025
  0.040369	  0.058245	 -0.033022	  0.006666	  0.001500	 -0.082422	 -0.042098
  0.009073	  0.010953	 -0.023266	  0.022916	  0.021772	 -0.062372	 -0.033894
  0.000141	 -0.000228	 -0.031248	  0.031911	  0.040049	 -0.051761	 -0.019228
 -0.005972	  0.009876	 -0.025546	  0.062573	  0.031401	 -0.062245	 -0.009884
 -0.022950	 -0.020627	 -0.038438	  0.062383	  0.021614	 -0.050905	 -0.000065
 -0.063400	 -0.034057	 -0.045058	  0.027255	  0.009197	 -0.084766	 -0.004753
 -0.049304	 -0.015622	 -0.039008	  0.032640	  0.002799	 -0.086413	  0.006524
 -0.024629	  0.000722	 -0.033465	  0.030359	  0.032035	 -0.088061	  0.016185
 -0.072047	  0.017098	 -0.034922	  0.070238	  0.044008	 -0.112102	  0.022203
 -0.069355	  0.029927	 -0.083417	  0.103593	  0.049203	 -0.071684	  0.026827
 -0.064445	  0.044719	 -0.086489	  0.080533	  0.027885	 -0.051064	  0.011370
 -0.024661	  0.013487	 -0.043094	  0.099000	  0.018921	 -0.054105	  0.019384
 -0.031408	 -0.007355	 -0.006826	  0.082212	 -0.011487	 -0.058793	  0.037565
 -0.056621	 -0.019835	  0.014840	  0.098968	 -0.014338	 -0.021954	  0.013967
 -0.068246	 -0.001210	 -0.025356	  0.055636	 -0.026374	 -0.009949	  0.009944
 -0.031661	  0.022483	 -0.015600	  0.058550	 -0.020958	  0.006395	 -0.039659
 -0.015000	  0.043072	 -0.014016	  0.024594	 -0.013451	 -0.001334	 -0.037157
 -0.021018	  0.018302	  0.020985	 -0.025073	  0.010907	 -0.028701	 -0.079728
 -0.005941	 -0.000703	  0.035524	 -0.027670	 -0.002840	 -0.033041	 -0.075135
  0.009010	  0.022356	  0.022727	 -0.021335	 -0.012881	 -0.033674	 -0.087774
  0.023169	  0.026157	  0.055036	 -0.017977	 -0.025202	 -0.045711	 -0.094647
  0.028427	  0.059797	  0.035397	 -0.014841	 -0.018519	 -0.052838	 -0.077353
  0.065646	  0.077345	  0.035302	  0.022250	  0.003274	 -0.039281	 -0.069719
  0.079519	  0.092707	  0.039578	  0.023011	  0.027854	 -0.035733	 -0.083181
  0.095579	  0.063661	  0.052122	  0.037233	  0.016229	 -0.051951	 -0.085208
  0.062985	  0.056724	  0.037678	  0.035111	 -0.021338	 -0.064431	 -0.067533
  0.020888	  0.043611	  0.001220	  0.026780	 -0.060806	 -0.052457	 -0.020147
  0.044423	  0.005917	 -0.005622	  0.002422	 -0.069675	 -0.021827	 -0.029776
  0.035681	 -0.029306	  0.003152	  0.034097	 -0.064575	 -0.022461	 -0.049098
  0.024594	 -0.028609	  0.004292	  0.037803	 -0.079082	 -0.035226	 -0.085240
  0.058012	 -0.080905	  0.037868	 -0.001633	 -0.042687	 -0.020560	 -0.085905
  0.060387	 -0.112865	  0.044646	 -0.020005	  0.000613	 -0.003614	 -0.093064
  0.068275	 -0.093639	  0.069226	 -0.035367	  0.007455	 -0.044634	 -0.043904
  0.081293	 -0.061045	  0.072141	 -0.024091	 -0.000496	 -0.027244	 -0.029270
  0.034857	 -0.011409	  0.055289	  0.013096	 -0.011645	 -0.024013	 -0.033102
  0.042839	  0.006265	  0.026813	  0.028744	  0.030831	 -0.039439	 -0.020717
