:RUN-6	LEVEL SWEEP	TEMP:NaN	8/27/2019	5:07 PM	HR:-564.01:SW EAR: R	SW FREQ: 32.00	# AVERAGES: 512	REP RATE (/sec): 80	DRIVER: 	SAMPLE (µsec): 40	MASKER dB: 2147483647:NOTES-:CHAMBER-SEWELL-PXI1:CFTS Version: V2.7.2 (R850):LEVELS:20;30;40;50;60;70;80;:DATA -0.043847	 -0.049002	 -0.033047	 -0.015049	  0.034789	 -0.006674	 -0.067293
 -0.027882	 -0.042508	 -0.040776	 -0.021384	  0.022309	  0.034377	 -0.083637
  0.008259	 -0.061450	 -0.039192	  0.004590	  0.050658	  0.023671	 -0.083986
  0.022228	 -0.021127	  0.000466	  0.018115	  0.039033	  0.004634	 -0.098936
  0.021975	 -0.014317	  0.034390	  0.063094	  0.055853	  0.010304	 -0.094312
  0.033346	 -0.002154	  0.034073	  0.046686	  0.029974	  0.021010	 -0.028110
  0.003666	  0.017010	  0.032426	  0.069492	  0.020820	 -0.000371	 -0.028047
  0.014309	 -0.003801	  0.004900	  0.077031	 -0.026471	  0.009259	 -0.047496
 -0.018918	  0.000127	  0.013516	  0.076429	 -0.049784	  0.011223	 -0.070492
 -0.016669	  0.015489	  0.024095	  0.061795	 -0.030050	  0.015562	 -0.058455
 -0.006343	  0.027811	  0.008638	  0.038989	 -0.018331	 -0.018806	 -0.034002
  0.004522	 -0.007982	  0.019693	  0.019699	 -0.052128	 -0.058463	 -0.045532
  0.005694	 -0.030028	  0.000561	  0.017482	 -0.050639	 -0.060047	 -0.051613
  0.015766	  0.028286	 -0.040047	 -0.000320	 -0.068916	 -0.047218	 -0.026305
  0.015418	  0.022806	 -0.017684	 -0.038900	 -0.041992	 -0.052318	  0.036222
  0.015228	  0.016408	 -0.014422	 -0.094554	 -0.003760	 -0.024222	  0.087473
  0.012694	  0.019449	  0.004932	 -0.115460	  0.007326	 -0.021593	  0.134447
 -0.014040	  0.013905	  0.012407	 -0.081219	  0.026268	  0.022784	  0.159788
 -0.027660	  0.035571	 -0.003716	 -0.067282	  0.015499	  0.035929	  0.192033
 -0.017746	  0.035508	 -0.001213	 -0.059236	  0.039540	  0.100959	  0.208251
 -0.027914	  0.001520	 -0.010747	 -0.038742	  0.047998	  0.126774	  0.196784
 -0.034977	 -0.025499	 -0.041219	 -0.030823	  0.059274	  0.115371	  0.201821
 -0.081382	 -0.026766	 -0.043975	 -0.059014	  0.082460	  0.133236	  0.195454
 -0.057530	 -0.036902	 -0.036531	 -0.051444	  0.066369	  0.106439	  0.210468
 -0.057435	 -0.050110	  0.001448	 -0.073363	  0.082365	  0.107325	  0.233655
 -0.063327	 -0.061197	  0.040978	 -0.053756	  0.097474	  0.101244	  0.279014
 -0.069757	 -0.003421	  0.047662	 -0.061992	  0.120217	  0.115846	  0.322884
 -0.063739	  0.020906	  0.066097	 -0.043208	  0.110651	  0.163803	  0.366152
 -0.046254	 -0.001996	  0.079686	 -0.056132	  0.119711	  0.216352	  0.454400
 -0.053856	 -0.002661	  0.068568	 -0.049100	  0.177930	  0.279481	  0.524371
 -0.079038	  0.020779	  0.087319	 -0.018407	  0.200673	  0.320690	  0.538213
 -0.075712	  0.041495	  0.105216	 -0.008524	  0.198329	  0.330130	  0.547145
 -0.067920	  0.045486	  0.133629	  0.021378	  0.242231	  0.352968	  0.476509
 -0.030321	  0.037535	  0.117791	  0.031260	  0.247140	  0.351796	  0.392253
 -0.036466	  0.043047	  0.144525	  0.031989	  0.225158	  0.288477	  0.311956
 -0.061870	  0.048432	  0.152824	  0.039939	  0.190948	  0.196682	  0.210722
 -0.061997	  0.038834	  0.167363	  0.036328	  0.174382	  0.116448	  0.059725
 -0.052557	  0.052644	  0.144272	  0.031767	  0.062030	 -0.002620	 -0.114362
 -0.067666	  0.041115	  0.137271	  0.009088	 -0.019471	 -0.118931	 -0.251453
 -0.050372	  0.028825	  0.133217	 -0.052869	 -0.090138	 -0.199228	 -0.315659
 -0.000261	  0.015109	  0.088206	 -0.100857	 -0.138792	 -0.269009	 -0.343533
 -0.016796	  0.005353	  0.070373	 -0.151506	 -0.182789	 -0.306893	 -0.322311
 -0.013533	  0.017548	  0.044621	 -0.218531	 -0.189472	 -0.335432	 -0.311066
 -0.044892	 -0.004371	 -0.008213	 -0.230504	 -0.182440	 -0.318644	 -0.266657
 -0.067571	  0.023250	 -0.047111	 -0.214825	 -0.141547	 -0.271416	 -0.197035
 -0.068997	 -0.001267	 -0.086166	 -0.223473	 -0.096727	 -0.226817	 -0.134318
 -0.081287	  0.005226	 -0.115688	 -0.185430	 -0.043449	 -0.175567	 -0.068433
 -0.095952	 -0.003991	 -0.102511	 -0.133103	  0.003050	 -0.089980	  0.042747
 -0.081762	  0.029173	 -0.109701	 -0.122555	  0.074003	 -0.045856	  0.123203
 -0.088477	  0.034209	 -0.105457	 -0.113527	  0.110493	 -0.024444	  0.177716
 -0.107451	  0.012322	 -0.101497	 -0.027181	  0.133489	  0.075175	  0.224595
 -0.124809	 -0.020526	 -0.060351	  0.024165	  0.152178	  0.132951	  0.221776
 -0.109478	 -0.025530	  0.009366	  0.075352	  0.176631	  0.180210	  0.229157
 -0.117048	 -0.049002	  0.034358	  0.090303	  0.205867	  0.234375	  0.199604
 -0.109573	 -0.051156	  0.063753	  0.086154	  0.176441	  0.210460	  0.157824
 -0.127881	 -0.073075	  0.128846	  0.090525	  0.159115	  0.179957	  0.132294
 -0.090346	 -0.061133	  0.187762	  0.058564	  0.140521	  0.143879	  0.109772
 -0.045050	 -0.020589	  0.234134	  0.045483	  0.101022	  0.104728	  0.112211
 -0.031588	 -0.030472	  0.234610	  0.009911	  0.098646	  0.083917	  0.176100
 -0.022117	 -0.021761	  0.166571	 -0.034434	  0.054744	  0.092723	  0.161213
 -0.025190	  0.007475	  0.151050	 -0.050050	  0.060573	  0.081162	  0.100682
 -0.028516	 -0.004403	  0.170214	 -0.078336	  0.076189	  0.088415	  0.043223
 -0.028737	  0.026449	  0.158652	 -0.100224	  0.051355	  0.063994	 -0.021110
 -0.007040	  0.042160	  0.098501	 -0.088662	  0.084709	  0.025730	 -0.061908
  0.025332	  0.026354	  0.109840	 -0.066680	  0.102891	  0.007390	 -0.095674
 -0.005234	  0.047640	  0.101985	 -0.066521	  0.086832	 -0.006104	 -0.148508
 -0.019203	  0.058663	  0.100528	 -0.104880	  0.039287	 -0.046870	 -0.195293
 -0.001940	  0.051536	  0.135434	 -0.098482	  0.063867	 -0.083360	 -0.229312
 -0.011221	  0.000222	  0.163625	 -0.078526	  0.007105	 -0.102587	 -0.261842
 -0.021642	 -0.004530	  0.174236	 -0.075866	 -0.049024	 -0.117633	 -0.292187
 -0.013692	  0.023408	  0.185291	 -0.069404	 -0.084469	 -0.138855	 -0.274544
 -0.014293	  0.060595	  0.155738	 -0.068707	 -0.081269	 -0.148674	 -0.227728
 -0.024620	  0.049762	  0.157195	 -0.028796	 -0.085577	 -0.123112	 -0.188957
 -0.026774	  0.061197	  0.151557	 -0.017298	 -0.113958	 -0.108225	 -0.100298
 -0.055725	  0.016661	  0.118741	 -0.001365	 -0.139742	 -0.050576	 -0.010309
 -0.050403	  0.019132	  0.104931	  0.036202	 -0.102302	 -0.019312	  0.049399
 -0.032982	  0.032942	  0.096917	  0.036265	 -0.099736	  0.004983	  0.103596
 -0.005361	  0.026797	  0.114750	  0.006712	 -0.093908	  0.024685	  0.120574
 -0.015497	  0.021476	  0.135973	 -0.005895	 -0.055802	  0.054586	  0.135176
 -0.049041	  0.031232	  0.073572	 -0.046883	 -0.041992	  0.080465	  0.147593
 -0.050498	  0.021159	  0.047472	 -0.081314	 -0.023177	  0.108909	  0.182245
 -0.020660	 -0.012195	  0.021625	 -0.045426	 -0.031824	  0.091488	  0.139357
 -0.037068	 -0.047703	  0.011109	 -0.015366	 -0.015036	  0.099153	  0.131850
 -0.044100	 -0.070066	  0.009335	  0.024355	  0.013155	  0.102384	  0.135208
 -0.053729	 -0.068640	  0.019217	  0.028251	  0.069759	  0.100547	  0.183291
 -0.088857	 -0.024897	  0.011837	  0.036328	  0.084234	  0.103905	  0.183164
 -0.140963	  0.014697	  0.006706	  0.076936	  0.102004	  0.150784	  0.192698
 -0.130985	  0.033956	 -0.002037	  0.032242	  0.114547	  0.141978	  0.194979
 -0.099595	  0.009724	  0.023557	  0.014821	  0.139001	  0.104918	  0.155226
 -0.107514	 -0.006842	 -0.004286	  0.025432	  0.121801	  0.096366	  0.130900
 -0.107197	  0.026544	  0.024919	  0.029138	  0.160318	  0.102479	  0.135619
 -0.078468	  0.028856	  0.037652	  0.019984	  0.167920	  0.142358	  0.100048
 -0.049326	  0.024390	  0.047503	  0.007536	  0.176093	  0.134693	  0.124311
 -0.022117	 -0.011055	  0.065115	 -0.010361	  0.157309	  0.116448	  0.114112
 -0.038747	 -0.035698	  0.054630	 -0.031583	  0.147300	  0.105235	  0.060707
 -0.049295	 -0.054165	  0.097772	 -0.018787	  0.129403	  0.092311	  0.039770
 -0.056422	 -0.023883	  0.115447	  0.015264	  0.085945	  0.084393	  0.080980
 -0.058797	 -0.031929	  0.114845	 -0.004596	  0.068777	  0.057722	  0.081455
 -0.076631	 -0.017326	  0.136543	 -0.023475	  0.036753	  0.027250	  0.067137
 -0.062282	  0.000475	  0.142118	 -0.013877	  0.011508	  0.048789	  0.090736
 -0.068110	  0.019575	  0.135751	  0.002499	  0.035423	  0.055346	  0.077369
 -0.042231	  0.013082	  0.125520	  0.030564	  0.036214	  0.040966	  0.076957
 -0.042073	  0.037187	  0.114402	  0.013681	  0.017273	  0.015752	  0.051395
 -0.000325	  0.032245	  0.114560	  0.005445	  0.028201	  0.027472	  0.026055
 -0.004633	  0.046848	  0.135402	 -0.008904	  0.057500	  0.044482	  0.027385
 -0.028167	  0.024010	  0.183454	 -0.009727	  0.073560	  0.044767	  0.042874
 -0.057752	  0.015933	  0.167363	 -0.034593	  0.099850	  0.051070	  0.024756
 -0.061046	 -0.012195	  0.156340	 -0.016221	  0.086198	  0.022024	 -0.052342
 -0.050720	 -0.007760	  0.175092	 -0.004659	  0.075238	 -0.012312	 -0.070619
 -0.065671	  0.017231	  0.177531	 -0.040294	  0.076569	 -0.040345	 -0.040242
 -0.055060	  0.005797	  0.184784	 -0.030411	  0.050848	 -0.034960	 -0.044075
 -0.069218	  0.005226	  0.205595	 -0.015809	  0.058957	 -0.028435	 -0.049840
 -0.071943	  0.006715	  0.156308	 -0.042353	  0.090981	 -0.045508	 -0.053926
 -0.083029	 -0.000760	  0.151462	 -0.034688	  0.076981	 -0.043512	 -0.043504
 -0.074096	  0.034336	  0.130429	 -0.049828	  0.068111	 -0.053363	 -0.032862
 -0.083346	  0.020050	  0.142910	 -0.064082	  0.020472	 -0.045476	  0.013194
 -0.077359	  0.026797	  0.145158	 -0.058856	 -0.008036	 -0.032901	  0.012656
 -0.073780	  0.005258	  0.094383	 -0.020275	 -0.045001	  0.001150	  0.011769
 -0.079260	  0.020621	  0.072084	 -0.031678	 -0.059382	  0.008213	  0.008506
 -0.037575	 -0.034938	  0.045064	 -0.045616	 -0.037304	  0.022784	 -0.004512
 -0.009827	 -0.044789	  0.042435	 -0.078590	 -0.016652	 -0.002778	 -0.013476
 -0.056738	 -0.080265	  0.016810	 -0.066711	  0.018856	  0.011761	 -0.025038
 -0.067065	 -0.062590	  0.028498	 -0.061548	  0.044513	  0.018033	 -0.039038
 -0.055186	 -0.043902	  0.033440	 -0.060186	 -0.001258	 -0.009873	 -0.066532
 -0.050530	 -0.050649	  0.042214	 -0.068834	  0.019236	 -0.037051	 -0.091524
 -0.019393	 -0.032404	  0.054124	 -0.070164	 -0.029005	 -0.017127	 -0.105018
 -0.033932	 -0.095945	  0.055834	 -0.030190	 -0.042499	 -0.011710	 -0.130802
 -0.059051	 -0.103958	  0.031444	 -0.027656	 -0.043639	 -0.058938	 -0.152373
 -0.062947	 -0.074532	  0.033250	 -0.013750	 -0.050544	 -0.057164	 -0.145784
 -0.067635	 -0.055907	  0.030494	 -0.033579	 -0.111329	 -0.084912	 -0.161590
 -0.075078	 -0.042445	  0.034865	 -0.075549	 -0.094225	 -0.107750	 -0.176763
 -0.104885	 -0.061513	  0.042752	 -0.080585	 -0.108827	 -0.117253	 -0.219524
 -0.094939	 -0.075546	  0.046933	 -0.101174	 -0.096790	 -0.114623	 -0.220094
 -0.111030	 -0.068894	  0.059857	 -0.131582	 -0.116651	 -0.128624	 -0.214044
 -0.105677	 -0.068039	  0.027073	 -0.170765	 -0.121022	 -0.160679	 -0.237262
 -0.153158	 -0.063161	 -0.011793	 -0.165095	 -0.085704	 -0.205437	 -0.275273
 -0.155819	 -0.033322	  0.001764	 -0.154325	 -0.095935	 -0.237777	 -0.296527
 -0.125410	 -0.029838	 -0.011286	 -0.163511	 -0.095111	 -0.220292	 -0.309957
 -0.123668	 -0.039182	 -0.019775	 -0.161547	 -0.110886	 -0.228560	 -0.288861
 -0.136624	 -0.053120	 -0.031368	 -0.172602	 -0.111107	 -0.232582	 -0.327125
 -0.166145	 -0.061925	 -0.031748	 -0.137189	 -0.104836	 -0.257733	 -0.345243
 -0.178878	 -0.063636	 -0.021169	 -0.130917	 -0.116872	 -0.258683	 -0.349108
 -0.160380	 -0.063034	 -0.013535	 -0.139596	 -0.111741	 -0.297105	 -0.345085
 -0.105202	 -0.051852	 -0.019648	 -0.172697	 -0.132330	 -0.338473	 -0.332605
 -0.076852	 -0.067120	 -0.049455	 -0.192399	 -0.150575	 -0.294888	 -0.334727
 -0.049548	 -0.040734	 -0.033237	 -0.187996	 -0.147122	 -0.277498	 -0.306061
 -0.043435	 -0.065156	 -0.008340	 -0.210359	 -0.161059	 -0.307716	 -0.280721
 -0.050308	 -0.068197	 -0.046857	 -0.220020	 -0.159064	 -0.307906	 -0.279517
 -0.028927	 -0.083845	 -0.034314	 -0.223377	 -0.129067	 -0.272842	 -0.267322
 -0.053286	 -0.088659	 -0.026743	 -0.224328	 -0.149498	 -0.258144	 -0.258992
 -0.053666	 -0.079378	 -0.028232	 -0.203549	 -0.124348	 -0.221939	 -0.240557
 -0.038303	 -0.049540	 -0.002860	 -0.187426	 -0.122131	 -0.191689	 -0.198365
 -0.035738	 -0.072536	  0.020801	 -0.193919	 -0.125837	 -0.171512	 -0.151422
 -0.027882	 -0.106619	  0.042911	 -0.187014	 -0.098121	 -0.184594	 -0.152848
 -0.021832	 -0.110135	  0.025299	 -0.176878	 -0.091152	 -0.221908	 -0.113095
 -0.016701	 -0.086410	  0.045223	 -0.162276	 -0.059889	 -0.212785	 -0.073026
 -0.004791	 -0.091162	  0.058400	 -0.120844	 -0.052952	 -0.187635	 -0.027698
 -0.011474	 -0.053341	  0.033725	 -0.070069	 -0.063626	 -0.173159	 -0.025545
 -0.035928	 -0.056034	  0.036924	 -0.050240	 -0.053427	 -0.120072	 -0.048477
 -0.070359	 -0.045201	  0.043607	 -0.044095	 -0.075790	 -0.139362	 -0.021648
 -0.050087	 -0.008077	  0.059698	 -0.047960	 -0.073255	 -0.117094	 -0.025450
 -0.045779	  0.008426	  0.061884	  0.000377	 -0.042847	 -0.089315	 -0.030866
 -0.051987	 -0.018625	  0.059002	 -0.042448	 -0.034548	 -0.089663	 -0.020160
 -0.092627	 -0.021571	  0.045096	 -0.070354	 -0.056404	 -0.102080	 -0.064537
 -0.111220	 -0.029078	  0.019851	 -0.073015	 -0.048295	 -0.112089	 -0.054021
 -0.143244	 -0.069844	 -0.006725	 -0.090309	 -0.077247	 -0.079781	 -0.089339
 -0.135927	 -0.087139	 -0.022309	 -0.094997	 -0.057545	 -0.060997	 -0.107235
 -0.143339	 -0.078143	 -0.042328	 -0.127433	 -0.058210	 -0.091025	 -0.115597
 -0.089744	 -0.082261	 -0.062980	 -0.110107	 -0.052508	 -0.112691	 -0.115027
 -0.077074	 -0.039024	 -0.060224	 -0.104753	 -0.079274	 -0.139362	 -0.101565
 -0.083409	 -0.039689	 -0.079926	 -0.088029	 -0.065273	 -0.155105	 -0.133367
 -0.106564	 -0.024073	 -0.114991	 -0.142605	 -0.117253	 -0.146552	 -0.101819
 -0.076282	 -0.002312	 -0.086451	 -0.114763	 -0.145095	 -0.132963	 -0.073691
 -0.107546	  0.006874	 -0.035771	 -0.110518	 -0.155390	 -0.131348	 -0.054844
 -0.091391	 -0.034779	 -0.019712	 -0.083848	 -0.156752	 -0.143385	 -0.033970
 -0.090663	 -0.072631	  0.000244	 -0.083119	 -0.131411	 -0.174775	 -0.025640
 -0.079988	 -0.071460	 -0.030006	 -0.069816	 -0.117506	 -0.170847	 -0.006951
 -0.052842	 -0.069147	 -0.013408	 -0.017298	 -0.102333	 -0.184214	  0.028399
 -0.071879	 -0.111307	 -0.008847	 -0.014954	 -0.090487	 -0.179970	  0.051015
 -0.101020	 -0.114855	 -0.012933	 -0.018787	 -0.056753	 -0.157132	  0.079427
 -0.121514	 -0.063034	  0.017729	 -0.026199	 -0.039110	 -0.166634	  0.078636
 -0.101939	 -0.051346	  0.045793	 -0.050937	 -0.015575	 -0.125425	  0.041417
 -0.079703	 -0.062242	  0.034992	 -0.064019	 -0.024380	 -0.106895	  0.062798
 -0.084296	 -0.031010	  0.062486	 -0.053218	 -0.022258	 -0.078799	  0.099985
 -0.067065	  0.006874	  0.078799	 -0.055182	 -0.009525	 -0.063341	  0.099161
 -0.057594	 -0.011973	  0.077880	 -0.045964	  0.035042	 -0.063848	  0.103944
 -0.080337	 -0.050174	  0.108415	 -0.060630	  0.083030	 -0.047852	  0.080631
 -0.072101	 -0.008331	  0.087066	 -0.084893	  0.088510	 -0.079622	  0.062544
 -0.103713	 -0.013430	  0.089505	 -0.052267	  0.077202	 -0.090962	  0.052408
 -0.121704	  0.014729	  0.051019	  0.000915	  0.042043	 -0.060839	  0.084210
 -0.155217	  0.004466	  0.044431	  0.004653	  0.033649	 -0.039490	  0.119022
 -0.166937	 -0.006398	  0.018299	 -0.004723	  0.016259	 -0.002810	  0.136411
 -0.142325	 -0.044821	 -0.013250	  0.007409	  0.012616	  0.055663	  0.131850
 -0.130669	 -0.061577	 -0.005996	  0.029233	  0.006915	  0.069568	  0.132895
 -0.109636	 -0.085967	 -0.040459	  0.013586	  0.018159	  0.083696	  0.122221
 -0.078278	 -0.052708	 -0.030133	 -0.019959	  0.036975	  0.075302	  0.139927
 -0.060983	 -0.029141	 -0.002100	 -0.045172	  0.032540	  0.052274	  0.110311
 -0.058290	 -0.009408	  0.013326	 -0.056068	  0.058324	  0.033997	  0.105591
 -0.039760	 -0.035413	  0.033123	 -0.049543	  0.029721	  0.003525	  0.110216
 -0.031271	 -0.056826	  0.046807	 -0.063100	  0.010272	  0.018983	  0.127035
 -0.034946	 -0.068957	  0.041073	 -0.071241	  0.002195	  0.039192	  0.162797
 -0.002352	 -0.070889	  0.058115	 -0.054358	  0.039445	  0.038717	  0.160136
  0.011205	 -0.046911	  0.013041	 -0.043177	  0.046794	  0.025350	  0.158679
  0.003793	 -0.045359	  0.002018	 -0.034276	  0.030449	  0.030323	  0.167485
  0.009020	 -0.045612	  0.004235	 -0.012673	  0.049075	  0.004412	  0.160295
 -0.003366	 -0.006905	  0.001986	 -0.019990	  0.048504	 -0.024254	  0.205210
 -0.003429	  0.005955	  0.030367	 -0.031077	  0.081573	 -0.033408	  0.217247
 -0.051987	  0.025245	  0.033028	 -0.022334	  0.052274	 -0.020041	  0.182245
 -0.099088	 -0.003738	  0.033756	 -0.012990	  0.065926	  0.036214	  0.175625
 -0.140425	 -0.011910	  0.052381	 -0.047326	  0.073908	  0.100357	  0.178951
 -0.145683	  0.002851	  0.062898	 -0.025819	  0.023228	  0.080782	  0.208378
 -0.193417	  0.031422	  0.070056	  0.000694	 -0.000022	  0.062948	  0.223740
 -0.219550	  0.069401	  0.072907	 -0.016696	  0.006155	  0.097094	  0.235492
  0.054128	  0.058001	 -0.036680	 -0.104893	  0.036221	  0.029407	 -0.006413
  0.103922	  0.057145	 -0.026037	 -0.095327	  0.032736	  0.001533	  0.007144
  0.085519	  0.050050	  0.008806	 -0.061244	  0.003437	  0.001406	  0.033403
  0.036517	  0.035194	  0.034526	 -0.034605	 -0.002043	 -0.007431	  0.021177
  0.023087	 -0.004938	  0.070161	  0.018546	 -0.008600	  0.028330	  0.063115
  0.025779	 -0.030659	  0.081374	  0.036474	 -0.000586	  0.040810	  0.047024
  0.020743	 -0.031831	  0.053500	  0.051932	 -0.006319	  0.046734	  0.041956
 -0.007195	 -0.032116	  0.062780	  0.046864	  0.003975	  0.030009	  0.030616
  0.003733	 -0.037437	  0.077541	  0.011799	 -0.016994	 -0.014906	 -0.077777
  0.001991	 -0.016753	  0.059360	  0.043221	 -0.022980	 -0.034894	 -0.073216
 -0.006688	 -0.016468	  0.016661	  0.038596	 -0.014238	 -0.028020	  0.042399
 -0.020150	 -0.033066	 -0.027526	  0.033813	  0.013541	 -0.066030	  0.023774
 -0.010173	 -0.057076	 -0.026892	  0.011071	  0.026433	 -0.089787	 -0.090891
 -0.039631	 -0.016500	 -0.042160	  0.018292	  0.059090	 -0.003852	 -0.018133
 -0.030096	 -0.009056	 -0.055083	  0.017152	  0.048764	  0.026145	  0.062069
 -0.039916	  0.012040	 -0.043015	  0.010722	 -0.009867	 -0.001064	 -0.065329
 -0.032567	  0.033959	 -0.030883	  0.015727	 -0.045280	 -0.004327	 -0.076257
 -0.028132	  0.013338	 -0.028539	 -0.016614	 -0.035080	  0.042648	  0.072491
 -0.045174	  0.006877	 -0.076274	 -0.032895	 -0.042936	  0.014425	  0.045060
 -0.095696	  0.019293	 -0.071618	 -0.008632	 -0.019274	 -0.011137	 -0.082212
 -0.127086	  0.061580	 -0.084446	  0.003183	 -0.022474	  0.007203	 -0.014173
 -0.094872	  0.085368	 -0.126131	 -0.019053	 -0.007396	  0.004162	  0.079998
 -0.083374	  0.086508	 -0.158662	  0.022632	 -0.015632	 -0.046455	 -0.098493
 -0.066808	  0.056354	 -0.160530	  0.036728	 -0.044266	 -0.052663	 -0.184776
 -0.082614	  0.050304	 -0.154227	  0.073914	 -0.037013	  0.006253	 -0.005747
 -0.052396	  0.073173	 -0.169305	  0.093838	 -0.048321	  0.061114	  0.022824
 -0.020435	  0.058032	 -0.188468	  0.085476	 -0.079996	  0.043851	 -0.137295
  0.001547	  0.049163	 -0.187961	  0.089055	 -0.056430	  0.041571	 -0.055699
 -0.025123	  0.033231	 -0.185396	  0.083164	 -0.078032	  0.096591	  0.060992
 -0.016064	  0.030285	 -0.179662	  0.073091	 -0.077145	  0.011796	 -0.032988
 -0.000322	  0.017805	 -0.167119	  0.038660	 -0.062004	 -0.005150	 -0.092443
  0.052418	  0.039787	 -0.133701	  0.029094	 -0.049841	  0.054653	  0.033372
  0.061667	  0.042892	 -0.119416	 -0.009170	 -0.017722	  0.056268	  0.097419
  0.030277	  0.048435	 -0.131643	 -0.046990	  0.034510	  0.009990	 -0.043093
 -0.009064	  0.015872	 -0.161101	 -0.071729	  0.066439	 -0.007716	 -0.028427
 -0.026739	  0.048181	 -0.156413	 -0.058457	  0.073408	  0.029787	  0.117533
 -0.046884	  0.055182	 -0.131611	 -0.071317	  0.053420	  0.009674	  0.062703
 -0.009507	  0.037063	 -0.130439	 -0.052945	  0.013034	 -0.025518	 -0.002612
  0.000534	  0.032439	 -0.144598	 -0.007333	  0.044235	  0.006348	  0.129348
 -0.011946	  0.055498	 -0.131674	  0.002867	  0.055353	  0.057440	  0.208378
 -0.013910	  0.072381	 -0.109850	 -0.005717	  0.033623	  0.015470	  0.059187
 -0.034499	  0.083151	 -0.091700	 -0.054402	  0.023075	  0.047906	  0.007936
 -0.055120	  0.121130	 -0.062147	 -0.031976	  0.019116	  0.106473	  0.149493
 -0.061898	  0.133736	 -0.034843	 -0.057760	 -0.038913	  0.119840	  0.109962
 -0.049798	  0.146343	 -0.004371	 -0.025483	 -0.045723	  0.083445	 -0.059691
 -0.068202	  0.109600	 -0.011942	 -0.001568	 -0.049493	  0.077300	  0.034385
 -0.052047	  0.081757	  0.001805	  0.020636	 -0.066091	  0.112333	  0.134289
 -0.020150	  0.071653	  0.003199	  0.032863	 -0.045882	  0.066404	  0.035462
 -0.006086	  0.072698	  0.017358	  0.020985	 -0.046579	  0.055033	 -0.007996
 -0.009887	  0.045299	  0.018625	  0.038565	 -0.032451	  0.101849	  0.141986
  0.036327	  0.022904	  0.025562	  0.047687	 -0.022822	  0.064060	  0.152376
  0.030499	 -0.004305	  0.028128	  0.056335	 -0.026750	  0.032068	 -0.002802
  0.044246	 -0.020776	  0.029743	  0.063747	  0.016139	  0.065137	  0.050888
  0.020267	 -0.017703	  0.032309	  0.049113	  0.012116	  0.126144	  0.198147
  0.000122	 -0.033478	  0.005512	  0.063461	  0.014682	  0.096401	  0.103279
 -0.047264	 -0.012762	 -0.025879	  0.053832	  0.006097	  0.099980	  0.030172
 -0.053188	  0.010899	 -0.008457	  0.055384	  0.031533	  0.083287	  0.156208
 -0.077578	  0.046249	 -0.045707	  0.049778	  0.044931	  0.089495	  0.196214
 -0.084514	  0.011850	 -0.066011	  0.053547	  0.058267	  0.058865	  0.065110
 -0.066935	 -0.023468	 -0.047450	  0.015663	  0.089689	  0.040620	  0.065680
 -0.070894	 -0.065691	 -0.060120	  0.064729	  0.091716	  0.056110	  0.224849
 -0.080618	 -0.073262	 -0.007000	  0.080028	  0.081231	  0.008502	  0.166186
 -0.099402	 -0.071551	  0.015141	  0.056873	  0.022315	 -0.036826	  0.005751
 -0.083279	 -0.048175	  0.007824	  0.039737	  0.046103	  0.027095	  0.088930
 -0.108809	 -0.056886	 -0.018847	  0.041827	  0.058393	  0.048729	  0.124026
 -0.113529	 -0.069492	 -0.057744	  0.032673	  0.035429	  0.004004	 -0.056713
 -0.092465	 -0.067909	 -0.096135	  0.028334	  0.026338	 -0.003377	 -0.112873
 -0.055056	 -0.091000	 -0.081817	  0.002550	  0.047687	  0.012208	  0.023394
 -0.044319	 -0.065596	 -0.059581	  0.008885	  0.053262	  0.002927	  0.013416
 -0.005326	 -0.029106	 -0.075007	  0.005781	  0.046737	 -0.024536	 -0.150472
 -0.015431	  0.030253	 -0.046658	  0.003563	  0.045185	 -0.015350	 -0.039893
 -0.039345	  0.005230	 -0.058029	  0.034795	  0.053769	  0.030199	  0.067486
 -0.030476	 -0.004843	 -0.077858	  0.037266	  0.040782	  0.005904	 -0.046925
 -0.058667	 -0.010640	 -0.090211	  0.025958	  0.019179	  0.000329	 -0.054052
 -0.085148	 -0.012350	 -0.121126	  0.016360	  0.036474	  0.031751	  0.081930
 -0.110868	 -0.028188	 -0.087994	  0.038470	  0.016772	  0.010687	  0.099320
 -0.115176	 -0.022423	 -0.092397	  0.017501	  0.021555	 -0.045410	 -0.026083
 -0.120244	 -0.015771	 -0.103768	  0.025958	  0.032895	 -0.025011	  0.038788
 -0.136842	  0.002917	 -0.096736	  0.026148	  0.057316	  0.079834	  0.156969
 -0.145680	  0.002284	 -0.095913	  0.049018	  0.055479	  0.071821	  0.069228
 -0.141498	  0.002727	 -0.087931	  0.073376	  0.040592	  0.012461	 -0.023201
 -0.138838	  0.031267	 -0.116502	  0.063208	  0.089847	  0.067639	  0.153928
 -0.148720	  0.018058	 -0.080899	  0.043348	  0.097893	  0.111035	  0.174675
 -0.144666	 -0.033636	 -0.046373	 -0.003975	  0.052407	  0.043756	 -0.024373
 -0.133073	 -0.011052	 -0.055115	 -0.037139	  0.031216	  0.019683	 -0.040147
 -0.067917	 -0.033003	 -0.074089	 -0.042619	  0.046515	  0.044263	  0.100492
 -0.063007	 -0.026541	 -0.064396	  0.017247	  0.045026	 -0.022445	  0.021525
 -0.063482	 -0.006459	 -0.064016	  0.001378	 -0.001410	 -0.059759	 -0.144454
 -0.052301	 -0.026002	 -0.035761	 -0.009582	 -0.013003	 -0.013576	 -0.016327
 -0.084229	 -0.033636	 -0.019259	 -0.005242	  0.020351	  0.034824	  0.066916
 -0.107986	 -0.021599	  0.009122	 -0.011419	  0.011292	 -0.016015	 -0.070270
 -0.111502	 -0.001549	 -0.009186	 -0.027478	  0.002360	 -0.034482	 -0.056935
 -0.087239	 -0.002658	 -0.032214	 -0.077557	  0.028080	  0.028996	  0.093143
 -0.100511	  0.003899	 -0.073582	 -0.061181	  0.050348	  0.010117	  0.068690
 -0.091610	 -0.003703	 -0.074817	 -0.053452	  0.103372	 -0.041957	 -0.096529
 -0.091135	 -0.007282	 -0.092682	 -0.016012	  0.100046	 -0.016807	  0.032991
 -0.091800	 -0.036170	 -0.087361	  0.013668	  0.110183	 -0.004770	  0.115696
 -0.091895	 -0.054732	 -0.089229	 -0.008030	  0.052090	 -0.077687	  0.006764
 -0.068297	 -0.056474	 -0.102818	 -0.022664	  0.007079	 -0.103724	 -0.045310
 -0.070926	 -0.034365	 -0.102818	 -0.024469	  0.015220	 -0.029414	  0.113605
 -0.089361	 -0.020586	 -0.086822	 -0.035080	  0.043189	 -0.006196	  0.123614
 -0.125502	 -0.000599	 -0.127398	 -0.066186	  0.027257	 -0.082280	  0.011579
 -0.126801	 -0.027744	 -0.129267	 -0.033718	  0.021618	 -0.040152	  0.035367
 -0.083216	 -0.016658	 -0.165028	  0.005749	  0.035524	  0.035426	  0.184494
 -0.079858	 -0.029993	 -0.162558	  0.038343	  0.013446	 -0.001096	  0.070337
 -0.094524	 -0.001897	 -0.152453	  0.028904	 -0.030678	 -0.043636	 -0.027635
 -0.108968	 -0.010861	 -0.139023	  0.040022	 -0.066914	  0.019430	  0.073282
 -0.124045	 -0.023278	 -0.157585	  0.035144	 -0.091336	  0.038150	  0.142968
 -0.146978	 -0.045958	 -0.175576	  0.010975	 -0.084114	 -0.009743	  0.018959
 -0.158698	 -0.031799	 -0.170730	  0.021017	 -0.047180	 -0.022255	  0.036983
 -0.154675	 -0.045768	 -0.130914	  0.021333	 -0.024881	  0.024244	  0.196658
 -0.141657	 -0.047035	 -0.132276	  0.062480	  0.014903	  0.023041	  0.160104
 -0.121828	 -0.078362	 -0.122457	  0.077937	  0.042239	 -0.010630	  0.008348
 -0.114099	 -0.097303	 -0.099175	  0.085729	  0.061308	 -0.002996	  0.117786
 -0.106434	 -0.091222	 -0.095945	  0.030804	  0.112305	 -0.005562	  0.212876
 -0.142734	 -0.093091	 -0.097275	  0.002423	  0.110658	 -0.036826	  0.072681
 -0.152141	 -0.090715	 -0.101171	  0.020193	  0.103056	 -0.031346	  0.054151
 -0.160218	 -0.140635	 -0.073645	  0.038311	  0.111386	 -0.024029	  0.158679
 -0.162594	 -0.135662	 -0.050776	  0.049271	  0.118672	 -0.011517	  0.098338
 -0.132186	 -0.124766	 -0.044092	  0.061624	  0.113762	 -0.049781	  0.087410
 -0.111027	 -0.091158	 -0.024675	  0.053294	  0.138849	 -0.038916	  0.095233
 -0.122018	 -0.092489	  0.005005	  0.026591	  0.155732	 -0.036287	  0.104134
 -0.133738	 -0.111431	 -0.004846	 -0.007840	  0.141795	 -0.037934	  0.058015
 -0.130032	 -0.104842	 -0.011815	 -0.001790	  0.121111	 -0.043921	  0.054784
 -0.128100	 -0.062746	  0.013557	 -0.031406	  0.095485	 -0.064193	  0.066979
 -0.119706	 -0.054890	  0.024960	 -0.025134	  0.038121	 -0.090072	  0.045757
 -0.101746	 -0.028600	  0.010516	  0.007301	  0.048701	 -0.086683	  0.031883
 -0.098357	 -0.027681	 -0.015774	  0.009392	  0.052819	 -0.055799	  0.031218
 -0.031490	 -0.018400	 -0.008964	 -0.003310	  0.037551	 -0.034450	  0.006448
 -0.016349	 -0.062112	  0.000887	 -0.022315	  0.014650	 -0.031346	  0.018389
 -0.025060	 -0.005002	 -0.002661	 -0.000301	 -0.002582	 -0.019531	  0.027670
 -0.039789	  0.008492	 -0.040703	  0.008410	 -0.009899	  0.002072	  0.039326
 -0.037572	  0.036778	 -0.037028	 -0.038406	 -0.042207	 -0.016775	  0.035209
 -0.014765	  0.019737	 -0.034051	 -0.021808	 -0.040465	 -0.027862	  0.053612
 -0.012200	  0.037253	 -0.007032	 -0.003658	 -0.011071	 -0.027672	  0.047499
 -0.060188	  0.031488	  0.000412	 -0.026560	 -0.005971	 -0.012246	  0.024756
 -0.076279	  0.023633	 -0.034558	 -0.037329	  0.007745	 -0.000177	  0.009013
 -0.082931	  0.061580	 -0.037092	 -0.061909	  0.025673	 -0.009680	  0.003438
 -0.101841	  0.065666	 -0.033544	 -0.103784	  0.032135	  0.006696	  0.002425
 -0.104407	  0.092463	 -0.042033	 -0.087915	  0.063335	  0.021425	 -0.005874
 -0.089076	  0.100762	 -0.047798	 -0.045913	  0.074231	  0.014267	 -0.008915
 -0.060695	  0.067187	 -0.077700	 -0.039832	  0.074421	 -0.021653	 -0.027477
 -0.067663	  0.028511	 -0.047196	 -0.093616	  0.053199	 -0.038156	 -0.043980
 -0.097565	 -0.001992	 -0.038486	 -0.082245	  0.037868	 -0.038283	 -0.006223
 -0.093605	 -0.051533	 -0.018372	 -0.090544	  0.021017	 -0.072936	  0.018389
 -0.079668	 -0.090145	 -0.045169	 -0.060547	  0.011672	 -0.073664	 -0.024024
 -0.110235	 -0.068701	 -0.086347	 -0.092983	 -0.009740	 -0.069103	  0.029761
 -0.093415	 -0.057297	 -0.091352	 -0.098589	  0.013098	 -0.046233	  0.094822
 -0.099148	 -0.084285	 -0.132213	 -0.103848	  0.023582	 -0.021495	  0.095550
 -0.124584	 -0.097969	 -0.145675	 -0.103657	  0.049778	 -0.053677	  0.072079
 -0.106022	 -0.103955	 -0.110737	 -0.081738	  0.034257	 -0.063655	  0.070812
 -0.109728	 -0.100408	 -0.100506	 -0.070493	  0.056240	 -0.049496	  0.072966
 -0.085813	 -0.095656	 -0.101234	 -0.029854	  0.044805	 -0.037047	  0.053454
 -0.105135	 -0.074117	 -0.060943	 -0.002487	  0.073724	  0.002198	  0.033277
 -0.100606	 -0.065343	 -0.083369	  0.030773	  0.093743	  0.008343	  0.040784
 -0.115176	 -0.096797	 -0.105130	  0.047592	  0.099476	  0.003212	  0.042842
 -0.118977	 -0.077475	 -0.083274	  0.036949	  0.076385	 -0.010155	  0.034448
 -0.129905	 -0.078108	 -0.086220	  0.007776	  0.081675	  0.007551	  0.012783
 -0.107542	 -0.049759	 -0.082958	 -0.010405	  0.109866	 -0.015255	  0.031281
 -0.125819	 -0.028726	 -0.031485	 -0.015727	  0.129441	 -0.009712	  0.056716
 -0.099909	 -0.019414	  0.007982	 -0.018704	  0.122156	 -0.016205	  0.055132
 -0.101366	 -0.018432	  0.009344	  0.014365	  0.119558	 -0.017947	  0.044775
 -0.103900	 -0.009436	  0.033196	  0.062828	  0.091431	 -0.035464	  0.020195
 -0.076881	 -0.038039	  0.026195	  0.074580	  0.102834	 -0.003598	  0.000207
 -0.091356	 -0.028251	  0.032689	  0.094218	  0.081801	 -0.007336	 -0.021268
 -0.072383	 -0.040953	  0.027019	  0.049936	  0.059439	 -0.004168	 -0.061908
 -0.101619	 -0.025369	  0.018403	  0.037709	  0.075276	 -0.002553	 -0.039830
 -0.119484	 -0.058248	  0.001235	  0.027890	  0.076575	 -0.024536	 -0.045152
 -0.108271	 -0.066293	  0.022204	  0.038121	  0.120540	 -0.030427	 -0.016644
 -0.101049	 -0.083366	 -0.006398	  0.027447	  0.150537	 -0.043984	  0.018991
 -0.062468	 -0.087959	 -0.036680	  0.029981	  0.208439	 -0.067076	  0.050793
 -0.043432	 -0.092235	 -0.004023	  0.062891	  0.180027	 -0.050921	  0.028747
 -0.059523	 -0.095498	 -0.019955	  0.063873	  0.198303	 -0.037142	  0.006954
 -0.077609	 -0.070348	 -0.042762	  0.026243	  0.187375	 -0.048641	  0.015602
 -0.096805	 -0.068669	 -0.064206	  0.032705	  0.125767	 -0.039835	  0.029570
 -0.066998	 -0.049442	 -0.080994	  0.061054	  0.109929	 -0.011549	  0.015412
 -0.042576	 -0.067402	 -0.076781	  0.081897	  0.072267	 -0.028273	  0.036064
 -0.023033	 -0.093217	 -0.085967	  0.090386	  0.056271	 -0.020671	  0.036507
 -0.015019	 -0.079502	 -0.092619	  0.101789	  0.057982	  0.016769	  0.036381
  0.002593	 -0.078425	 -0.090116	  0.097006	  0.074104	  0.007551	  0.048196
  0.044499	 -0.079312	 -0.108425	  0.104228	  0.036126	  0.024213	  0.047024
  0.029422	 -0.082131	 -0.126796	  0.120857	  0.027922	  0.032417	  0.091274
  0.018525	 -0.079280	 -0.103071	  0.099730	  0.041796	  0.034539	  0.080156
  0.016213	 -0.109245	 -0.106366	  0.079362	  0.068054	  0.034444	  0.065459
 -0.019327	 -0.093724	 -0.081184	  0.051615	  0.093395	  0.029566	  0.040182
 -0.019865	 -0.062017	 -0.057396	  0.038026	  0.096974	  0.026842	  0.028684
 -0.027024	 -0.007662	 -0.020779	  0.024501	  0.076290	  0.024149	  0.025769
 -0.024110	 -0.030120	 -0.022363	 -0.013003	  0.068213	  0.021647	  0.018389
 -0.034182	 -0.050867	 -0.012385	 -0.045502	  0.047402	  0.041539	  0.003818
 -0.007385	 -0.024862	 -0.035413	 -0.021397	  0.041701	  0.057472	 -0.015757
 -0.007639	 -0.012192	 -0.021222	 -0.035524	  0.040782	  0.068241	 -0.075085
  0.020046	 -0.006965	 -0.024865	 -0.014175	  0.063557	  0.046955	 -0.065487
 -0.024775	  0.000605	 -0.028413	 -0.022822	  0.049334	  0.028647	 -0.059342
 -0.040106	  0.010139	 -0.044916	 -0.010564	  0.018229	 -0.021558	 -0.035617
 -0.040106	  0.013497	 -0.064618	  0.019781	  0.049683	  0.012208	 -0.017974
 -0.063102	  0.010519	 -0.109977	  0.016202	  0.052850	  0.010085	 -0.041002
 -0.041309	 -0.012604	 -0.090243	  0.011704	  0.054371	  0.047114	 -0.006381
 -0.056228	 -0.040320	 -0.043839	  0.004989	  0.093711	  0.073626	  0.010755
 -0.024205	 -0.043582	 -0.056984	  0.029886	  0.060991	  0.092441	  0.015000
 -0.022177	 -0.060877	 -0.062685	  0.020130	  0.062575	  0.078884	  0.047720
 -0.070957	 -0.070791	 -0.081976	  0.001220	  0.078697	  0.035109	  0.061309
 -0.082202	 -0.048650	 -0.108646	  0.030836	  0.083892	  0.015629	  0.032105
 -0.090248	 -0.049189	 -0.142000	  0.020605	  0.058425	  0.027222	  0.041797
 -0.100891	 -0.060307	 -0.115647	  0.029822	  0.058805	  0.019145	  0.044331
 -0.067853	 -0.071710	 -0.123249	  0.007269	  0.044361	  0.056205	  0.047594
 -0.073333	 -0.099457	 -0.133923	 -0.025958	  0.063493	  0.050091	  0.035494
 -0.091705	 -0.112951	 -0.136964	 -0.004609	  0.027890	  0.041507	  0.044300
 -0.078940	 -0.086692	 -0.151345	  0.004704	  0.062004	  0.053227	  0.055481
 -0.056545	 -0.078742	 -0.159295	 -0.011039	  0.063873	  0.048286	  0.078192
 -0.025408	 -0.071013	 -0.157585	 -0.048732	  0.056398	  0.042933	  0.086016
 -0.016729	 -0.011463	 -0.139213	 -0.024184	  0.071665	  0.023104	  0.059377
  0.025431	 -0.005128	 -0.098985	 -0.022442	  0.068561	  0.029661	  0.004800
  0.038893	  0.000415	 -0.070478	 -0.033750	  0.051108	  0.007805	 -0.024183
