:RUN-3	LEVEL SWEEP	TEMP:NaN	8/27/2019	2:23 PM	HR:-636.36:SW EAR: R	SW FREQ: 5.66	# AVERAGES: 512	REP RATE (/sec): 80	DRIVER: 	SAMPLE (µsec): 40	MASKER dB: 2147483647:NOTES-:CHAMBER-SEWELL-PXI1:CFTS Version: V2.7.2 (R850):LEVELS:20;30;40;50;60;70;80;:DATA -0.067339	  0.036895	  0.044087	  0.026891	 -0.036340	 -0.018278	  0.043569
 -0.031862	  0.025397	  0.039779	  0.034429	 -0.069472	 -0.014382	  0.031818
 -0.036487	  0.035565	  0.019381	  0.027208	 -0.083631	  0.003799	  0.023361
 -0.022233	  0.037054	  0.011240	  0.013492	 -0.100799	  0.003641	  0.003278
 -0.024640	  0.053620	 -0.029526	  0.009089	 -0.073875	  0.009438	 -0.010500
 -0.028631	  0.070630	 -0.057052	  0.006935	 -0.005805	  0.050584	 -0.013763
 -0.031862	  0.058625	 -0.049387	  0.032371	  0.009621	  0.032149	 -0.028904
 -0.025971	  0.049407	 -0.039314	  0.042918	  0.011522	 -0.012925	 -0.026877
  0.001080	  0.028882	 -0.025408	  0.053846	  0.003856	 -0.036048	 -0.030899
 -0.012857	  0.007437	 -0.051762	  0.028158	  0.050229	 -0.027813	 -0.038058
  0.020719	  0.023560	 -0.064559	 -0.028668	  0.053112	  0.005890	 -0.035080
  0.006465	  0.027488	 -0.061645	 -0.045772	  0.096190	 -0.003391	  0.002360
 -0.014282	  0.009116	 -0.023476	 -0.038962	  0.077723	 -0.021889	  0.024089
 -0.033573	  0.005537	  0.014091	 -0.033102	  0.060682	 -0.025627	  0.010342
  0.001904	 -0.023541	  0.032526	 -0.058601	  0.032998	 -0.041084	  0.014713
  0.041244	 -0.101557	  0.037277	 -0.026260	  0.021373	 -0.013147	  0.001568
  0.084260	 -0.103806	  0.051024	 -0.014572	  0.031414	  0.026226	 -0.005591
  0.063132	 -0.095381	  0.045038	 -0.005798	 -0.004633	  0.029298	 -0.001188
  0.055562	 -0.078656	  0.056694	 -0.018532	 -0.031778	  0.048525	  0.025736
  0.055372	 -0.066271	  0.050993	 -0.005070	 -0.042389	  0.005035	  0.010025
  0.059046	 -0.043497	  0.051246	 -0.006843	 -0.032570	  0.008424	  0.012844
  0.010773	 -0.023066	  0.057359	  0.008931	 -0.028896	 -0.002536	  0.036664
  0.005293	 -0.036940	  0.051214	  0.023185	 -0.025253	 -0.028098	  0.049398
  0.024013	 -0.045302	  0.059640	  0.011148	 -0.045652	 -0.026165	  0.061814
  0.026135	 -0.027944	  0.041173	 -0.008110	 -0.064372	 -0.029681	  0.092033
  0.025850	 -0.033962	  0.001199	 -0.049320	 -0.081223	  0.011813	  0.074738
 -0.015898	 -0.025347	 -0.023223	 -0.099874	 -0.095224	  0.016565	  0.065457
 -0.028125	 -0.033582	 -0.019548	 -0.111815	 -0.099532	  0.022678	  0.066154
 -0.052166	 -0.065194	 -0.037667	 -0.122047	 -0.106690	  0.018624	  0.045597
 -0.096005	 -0.050465	 -0.054170	 -0.088978	 -0.095382	  0.002216	  0.052755
 -0.087547	 -0.040772	 -0.033454	 -0.044474	 -0.043752	 -0.027749	  0.070208
 -0.043202	  0.001039	 -0.016032	 -0.031138	 -0.005678	  0.036647	  0.091177
 -0.039844	  0.009148	  0.019507	 -0.011816	 -0.012710	  0.014981	  0.120794
 -0.047953	  0.015261	  0.012190	 -0.012038	 -0.011031	  0.004876	  0.101250
 -0.056759	  0.020171	  0.036549	 -0.016029	 -0.024525	 -0.015839	  0.086521
 -0.093281	  0.036610	  0.027458	 -0.000097	 -0.024683	  0.007125	  0.082213
 -0.057456	  0.026949	 -0.012485	  0.009058	 -0.006058	 -0.000382	  0.118798
 -0.006364	  0.013899	 -0.064591	  0.034303	  0.020391	 -0.011341	  0.105146
  0.024678	  0.003351	 -0.084483	  0.031420	 -0.004347	  0.013682	  0.108060
  0.019167	  0.014374	 -0.098927	  0.013809	 -0.011918	  0.030787	  0.122251
 -0.013015	  0.030212	 -0.103615	 -0.007002	  0.022038	  0.050457	  0.132482
 -0.044342	  0.055806	 -0.074632	  0.013270	  0.039174	  0.024769	  0.100807
 -0.016310	  0.034140	 -0.028101	  0.061322	  0.053048	 -0.015966	  0.052217
 -0.014219	  0.036008	 -0.005865	  0.101233	  0.089411	  0.000885	  0.008125
 -0.008517	  0.022990	 -0.011376	  0.110260	  0.077882	 -0.022428	 -0.081928
  0.005166	 -0.021007	 -0.001620	  0.124387	  0.082094	 -0.050967	 -0.128618
  0.008270	 -0.035673	 -0.007670	  0.128410	  0.091850	 -0.094616	 -0.187344
  0.023950	 -0.058891	  0.002624	  0.142221	  0.065243	 -0.119671	 -0.191620
  0.034783	 -0.065226	 -0.056767	  0.128695	  0.033473	 -0.151536	 -0.214363
  0.051000	 -0.059144	 -0.024933	  0.130564	 -0.000293	 -0.182736	 -0.245563
  0.063290	 -0.025663	  0.014471	  0.129392	 -0.022402	 -0.181976	 -0.259817
  0.050209	 -0.046316	  0.053273	  0.100599	 -0.061395	 -0.166867	 -0.220349
  0.019642	 -0.073873	  0.034395	  0.049475	 -0.093957	 -0.222331	 -0.192253
 -0.028853	 -0.061393	  0.052196	  0.007727	 -0.070612	 -0.198954	 -0.185253
 -0.025876	 -0.080937	  0.025716	 -0.024423	 -0.091106	 -0.192619	 -0.187312
 -0.046243	 -0.063262	  0.007471	 -0.047134	 -0.066653	 -0.205859	 -0.170017
 -0.028885	 -0.068647	  0.021091	 -0.072443	 -0.105012	 -0.202502	 -0.172931
 -0.030120	 -0.100766	  0.055775	 -0.045424	 -0.140931	 -0.162211	 -0.151677
 -0.031102	 -0.089267	  0.038006	 -0.082104	 -0.142230	 -0.107698	 -0.131722
 -0.021441	 -0.075647	  0.036105	 -0.126259	 -0.188698	 -0.056700	 -0.140306
 -0.066262	 -0.069217	  0.004335	 -0.149699	 -0.190820	 -0.022079	 -0.102169
 -0.101453	 -0.027786	  0.010860	 -0.139626	 -0.170168	 -0.026197	 -0.066122
 -0.112064	 -0.002350	 -0.006847	 -0.092557	 -0.119962	 -0.034718	 -0.081136
 -0.113901	  0.004048	 -0.059491	 -0.052646	 -0.101401	 -0.017233	 -0.061339
 -0.097113	  0.019727	 -0.061803	 -0.016219	 -0.076631	 -0.015808	 -0.015663
 -0.078710	  0.052796	 -0.050970	 -0.006305	 -0.014832	 -0.011215	 -0.008125
 -0.065121	  0.074431	 -0.050242	  0.011940	 -0.014230	  0.027936	 -0.012401
 -0.067117	  0.087069	 -0.030286	  0.017135	 -0.027692	  0.043615	  0.001220
 -0.053528	  0.061792	 -0.026200	  0.042570	  0.048075	  0.041145	 -0.007365
 -0.035505	  0.079467	 -0.002919	  0.041746	  0.060714	  0.055525	 -0.035936
 -0.036392	  0.099454	  0.019317	  0.052833	  0.036545	 -0.027432	 -0.028207
 -0.068796	  0.116020	  0.054287	  0.048177	 -0.001275	 -0.057746	 -0.070842
 -0.076746	  0.066195	  0.050961	  0.046783	  0.016780	 -0.089073	 -0.044393
 -0.065881	  0.055774	  0.049092	  0.062462	 -0.016099	 -0.134875	 -0.046135
 -0.030785	  0.057231	  0.027173	  0.079060	 -0.041566	 -0.112449	 -0.045375
 -0.020301	  0.033538	 -0.025028	  0.085110	 -0.057467	 -0.087806	 -0.016075
  0.004121	  0.052923	 -0.058889	  0.078268	 -0.075744	 -0.086158	 -0.006858
 -0.009943	  0.058973	 -0.064622	  0.094232	 -0.076187	 -0.110770	 -0.001473
 -0.008486	  0.080702	 -0.063387	  0.071996	 -0.065576	 -0.121825	 -0.031343
  0.003931	  0.095400	 -0.067695	  0.036203	 -0.044290	 -0.107603	 -0.044425
  0.010741	  0.099517	 -0.064464	  0.007125	 -0.026615	 -0.078303	 -0.018483
  0.034973	  0.081463	 -0.074758	 -0.001269	 -0.016257	 -0.065189	 -0.000428
  0.040674	  0.079055	 -0.072858	  0.006333	 -0.035548	 -0.052012	  0.015980
  0.036968	  0.096920	 -0.028418	  0.008646	 -0.049611	 -0.049732	  0.014935
  0.067947	  0.093246	 -0.022938	  0.025814	 -0.047521	 -0.047990	 -0.011736
  0.077386	  0.105948	 -0.014290	  0.057489	 -0.052494	 -0.075294	 -0.021967
  0.063576	  0.077028	 -0.015779	  0.074720	 -0.047553	 -0.072665	 -0.031501
  0.064177	  0.050041	 -0.019833	  0.068354	 -0.105550	 -0.087014	 -0.056240
  0.044919	  0.053747	 -0.005770	  0.038927	 -0.114863	 -0.110232	 -0.057095
  0.026104	  0.031479	  0.002149	  0.016375	 -0.110460	 -0.124010	 -0.038280
 -0.005635	  0.046651	  0.012570	  0.012383	 -0.091550	 -0.093095	 -0.056335
 -0.047890	  0.087449	 -0.012421	 -0.020369	 -0.079133	 -0.122838	 -0.129251
 -0.024957	  0.067494	 -0.019897	  0.009786	 -0.049263	 -0.157460	 -0.168814
 -0.061415	  0.061032	 -0.031712	 -0.014731	 -0.037923	 -0.161039	 -0.145215
 -0.093882	  0.026126	 -0.041341	  0.019067	 -0.032443	 -0.144631	 -0.157125
 -0.103543	 -0.034596	 -0.037793	  0.014411	 -0.023258	 -0.140672	 -0.200711
 -0.079945	 -0.034596	 -0.011313	  0.005573	 -0.049485	 -0.106557	 -0.217118
 -0.099014	 -0.022369	  0.010860	  0.023406	 -0.043752	 -0.119576	 -0.217562
 -0.060085	 -0.014830	  0.000565	  0.020904	 -0.043213	 -0.115775	 -0.200394
 -0.054510	  0.027551	 -0.018281	  0.002532	 -0.046349	 -0.110548	 -0.180217
  0.001048	  0.056376	 -0.030223	  0.014284	 -0.037353	 -0.072538	 -0.149523
  0.022999	  0.046208	 -0.044604	  0.010768	 -0.033932	 -0.056732	 -0.144550
 -0.000282	  0.064611	 -0.049767	  0.022836	 -0.036213	 -0.067818	 -0.138437
 -0.010513	  0.075951	 -0.092402	 -0.008491	 -0.028737	 -0.091987	 -0.122916
 -0.003988	  0.099169	 -0.120339	 -0.034939	 -0.055503	 -0.072031	 -0.099445
 -0.022233	  0.072784	 -0.121321	  0.003134	 -0.084011	 -0.080362	 -0.116264
 -0.048872	  0.060525	 -0.115176	  0.024357	 -0.067856	 -0.055338	 -0.109834
 -0.015011	  0.076014	 -0.075772	  0.031230	 -0.029973	 -0.032247	 -0.056620
  0.021859	  0.064104	 -0.041658	  0.060847	 -0.055851	 -0.027179	 -0.003278
  0.004691	  0.080987	 -0.036495	  0.073485	 -0.050087	 -0.040958	 -0.006478
 -0.001961	  0.054380	 -0.041373	  0.081182	 -0.021167	 -0.013464	  0.012306
  0.004058	  0.041330	 -0.024743	  0.079852	 -0.021547	  0.020714	  0.006288
 -0.007567	  0.035058	 -0.021101	  0.102120	 -0.016416	  0.037502	 -0.020066
 -0.030722	  0.008831	  0.000154	  0.138103	 -0.006185	  0.030090	 -0.020415
 -0.067845	 -0.008527	 -0.016919	  0.131324	  0.042247	  0.026669	 -0.013541
 -0.076113	 -0.047899	 -0.004946	  0.128600	  0.052130	  0.002089	 -0.049461
 -0.075733	 -0.040361	  0.011430	  0.117862	  0.073732	 -0.027306	 -0.047751
 -0.055967	 -0.038840	  0.005348	  0.123817	  0.042215	 -0.049130	 -0.045248
 -0.042378	 -0.050655	  0.003099	  0.101676	  0.036102	 -0.036555	 -0.047909
 -0.053085	 -0.061330	 -0.001367	  0.088151	  0.036894	 -0.031519	 -0.074326
 -0.049822	 -0.046601	  0.033666	  0.123786	  0.068759	 -0.032659	 -0.105621
 -0.014631	 -0.041754	  0.016656	  0.154796	  0.060048	 -0.077321	 -0.133654
  0.010013	 -0.038492	 -0.011154	  0.179344	  0.052288	 -0.062117	 -0.156365
 -0.002056	 -0.029021	 -0.060600	  0.136329	  0.047030	 -0.079063	 -0.106825
 -0.010133	 -0.026709	 -0.061075	  0.109722	  0.013517	 -0.089484	 -0.087535
  0.016823	 -0.063737	 -0.082424	  0.127333	 -0.021579	 -0.111150	 -0.091336
  0.011501	 -0.030510	 -0.058762	  0.086947	 -0.074983	 -0.123662	 -0.088928
 -0.004210	 -0.032569	 -0.006340	  0.027144	 -0.105392	 -0.136110	 -0.055448
 -0.005413	 -0.043211	  0.016561	  0.019257	 -0.097948	 -0.118182	 -0.089340
  0.015936	 -0.048850	 -0.008462	  0.025972	 -0.086893	 -0.119006	 -0.070240
  0.024425	 -0.044542	 -0.006657	  0.018148	 -0.121419	 -0.111594	 -0.061339
  0.008270	 -0.008274	  0.030720	 -0.000984	 -0.120976	 -0.124200	 -0.045818
 -0.027174	  0.029135	  0.041712	 -0.002631	 -0.118347	 -0.119608	 -0.048289
 -0.044121	  0.043104	  0.084252	 -0.011278	 -0.116130	 -0.096611	 -0.062036
 -0.016151	  0.010415	  0.072437	 -0.038202	 -0.081192	 -0.090086	 -0.053325
 -0.008739	 -0.021419	  0.067749	 -0.022364	 -0.078816	 -0.029618	 -0.060136
  0.013497	 -0.018600	  0.074749	 -0.015332	 -0.077359	 -0.033672	 -0.028555
 -0.047573	 -0.007070	  0.053970	 -0.017106	 -0.060096	 -0.049732	 -0.029854
 -0.054827	 -0.000957	  0.057011	 -0.029871	 -0.055376	 -0.056732	 -0.064570
 -0.080484	  0.011714	  0.005602	  0.015709	 -0.093799	 -0.096801	 -0.070652
 -0.069809	  0.043452	 -0.029970	  0.056729	 -0.106690	 -0.102598	 -0.027447
 -0.082226	  0.024700	 -0.040327	  0.027429	 -0.106025	 -0.102313	 -0.007460
 -0.068732	  0.031194	 -0.007607	  0.020492	 -0.101274	 -0.070986	  0.006002
 -0.081244	  0.042312	  0.001389	  0.010230	 -0.088382	 -0.033862	  0.035777
 -0.131513	  0.034298	 -0.000892	  0.007252	 -0.065259	 -0.019292	  0.055733
 -0.098507	  0.024447	 -0.026770	  0.030153	 -0.033330	 -0.042066	  0.054497
 -0.068511	  0.006962	 -0.036590	  0.022171	 -0.013375	 -0.065348	  0.064443
 -0.061320	  0.048045	 -0.064686	  0.031769	 -0.049580	 -0.057461	  0.048447
 -0.055239	  0.068096	 -0.053283	  0.049539	 -0.044195	  0.015741	  0.037139
 -0.043075	  0.072372	 -0.066681	  0.034778	 -0.037353	  0.048620	  0.014048
 -0.031482	  0.001134	 -0.061011	  0.017958	 -0.043403	  0.045231	 -0.057475
 -0.040288	 -0.011790	 -0.068613	  0.051978	 -0.041661	  0.018370	 -0.129314
 -0.021188	 -0.030288	 -0.062912	  0.030977	 -0.017334	 -0.021319	 -0.202231
 -0.053877	 -0.002794	 -0.077324	  0.011243	 -0.019583	 -0.070099	 -0.264378
 -0.076398	 -0.012106	 -0.089709	  0.031642	  0.009083	 -0.073298	 -0.312936
 -0.100629	 -0.026962	 -0.111407	  0.014854	 -0.036371	 -0.107761	 -0.319398
 -0.077950	 -0.025727	 -0.112769	  0.007917	 -0.068680	 -0.091607	 -0.304796
 -0.053686	  0.003288	 -0.098388	 -0.016378	 -0.060825	 -0.131011	 -0.262066
 -0.062429	  0.026791	 -0.103425	 -0.045994	 -0.091771	 -0.183497	 -0.283478
 -0.060782	  0.073005	 -0.070799	 -0.074344	 -0.117618	 -0.216692	 -0.256713
 -0.069429	  0.116876	 -0.039599	 -0.070352	 -0.134881	 -0.219638	 -0.229757
 -0.048302	  0.105821	 -0.033676	 -0.084068	 -0.147108	 -0.193918	 -0.206507
 -0.009594	  0.082603	 -0.029019	 -0.099715	 -0.161679	 -0.169148	 -0.168909
  0.020022	  0.057073	 -0.030191	 -0.088692	 -0.159683	 -0.166044	 -0.151614
  0.034719	  0.029515	 -0.054803	 -0.063162	 -0.156136	 -0.123884	 -0.096055
  0.016158	  0.002939	 -0.079130	 -0.076022	 -0.139696	 -0.139373	 -0.054117
  0.017361	 -0.018378	 -0.031300	 -0.089136	 -0.113057	 -0.110707	 -0.002455
 -0.038989	 -0.007862	  0.010195	 -0.088661	 -0.124967	 -0.127020	 -0.028080
 -0.048143	  0.019727	  0.020838	 -0.102598	 -0.118980	 -0.102566	 -0.021618
 -0.056474	  0.000691	  0.007882	 -0.079697	 -0.109478	 -0.108109	 -0.040053
 -0.090240	  0.030307	 -0.012707	 -0.091131	 -0.114704	 -0.113399	 -0.033560
 -0.115992	  0.003225	 -0.051192	 -0.077194	 -0.117143	 -0.130092	 -0.039008
 -0.121788	 -0.064814	 -0.065224	 -0.061673	 -0.078214	 -0.109788	 -0.025958
 -0.109340	 -0.080620	 -0.053536	 -0.046026	 -0.012266	 -0.093507	 -0.015822
 -0.129866	 -0.081158	 -0.079383	 -0.060311	 -0.001243	 -0.081154	 -0.016740
 -0.127237	 -0.067443	 -0.065414	 -0.067280	 -0.023923	 -0.112892	 -0.001885
 -0.100376	 -0.045144	 -0.096234	 -0.047895	 -0.058766	 -0.118657	  0.013763
 -0.112254	 -0.048248	 -0.062342	 -0.014541	 -0.076916	 -0.117612	  0.030741
 -0.088276	 -0.009541	 -0.019263	  0.011021	 -0.104505	 -0.109028	  0.021207
 -0.083018	 -0.013785	 -0.027847	  0.025307	 -0.117998	 -0.104055	 -0.022315
 -0.045324	 -0.022337	 -0.069880	  0.017356	 -0.142895	 -0.097720	 -0.065109
  0.004945	 -0.026645	 -0.031743	  0.012035	 -0.151796	 -0.090181	 -0.092856
 -0.009436	 -0.046411	 -0.040391	 -0.019038	 -0.168299	 -0.109186	 -0.097037
 -0.015359	 -0.020975	 -0.067505	 -0.038645	 -0.156927	 -0.083878	 -0.083955
 -0.006934	  0.013107	 -0.056260	 -0.068484	 -0.166335	 -0.071081	 -0.073978
 -0.024038	 -0.020120	 -0.052427	 -0.074153	 -0.163674	 -0.087362	 -0.056493
 -0.038894	  0.013772	 -0.064622	 -0.063479	 -0.152810	 -0.082611	 -0.085603
 -0.077918	  0.020424	 -0.013118	 -0.051569	 -0.113374	 -0.084321	 -0.100015
 -0.111399	  0.017288	 -0.005580	 -0.051379	 -0.073938	 -0.101173	 -0.130170
 -0.105507	 -0.006785	 -0.028418	 -0.031994	 -0.088160	 -0.083941	 -0.138785
 -0.100566	 -0.034818	 -0.032345	 -0.037347	 -0.076219	 -0.052329	 -0.150980
 -0.091507	 -0.042800	 -0.015621	 -0.086697	 -0.067951	 -0.045234	 -0.132197
 -0.062270	  0.000691	 -0.016539	 -0.065886	 -0.071562	 -0.073108	 -0.106413
 -0.090683	  0.013329	 -0.024300	 -0.017233	 -0.080685	 -0.144663	 -0.088327
 -0.101801	  0.000595	 -0.013498	 -0.027622	 -0.099658	 -0.170225	 -0.091019
 -0.117512	  0.005125	 -0.019580	 -0.022143	 -0.129623	 -0.173709	 -0.112590
 -0.117544	 -0.007735	 -0.023793	  0.049982	 -0.144099	 -0.157174	 -0.150695
 -0.150201	 -0.040899	 -0.012675	  0.052041	 -0.094115	 -0.180551	 -0.130740
 -0.164835	 -0.053538	 -0.001398	  0.011275	 -0.104853	 -0.158061	 -0.102010
 -0.148712	 -0.053981	 -0.045617	  0.010483	 -0.103618	 -0.152645	 -0.093205
 -0.164297	 -0.002034	 -0.013498	 -0.010930	 -0.097916	 -0.132404	 -0.107490
 -0.170663	 -0.008622	 -0.026295	 -0.017391	 -0.120786	 -0.101236	 -0.118101
 -0.158912	 -0.006088	 -0.010521	 -0.011025	 -0.139791	 -0.044125	 -0.061118
 -0.157486	 -0.020469	 -0.019643	 -0.031138	 -0.135705	 -0.058569	 -0.012781
 -0.123055	  0.001831	 -0.012453	 -0.028541	 -0.135071	 -0.059583	  0.020541
 -0.104399	 -0.001622	  0.008294	  0.000125	 -0.135135	 -0.060787	  0.007333
 -0.059451	  0.011492	  0.050296	  0.009944	 -0.130985	 -0.065506	  0.007871
 -0.050741	  0.047887	  0.090333	  0.034936	 -0.106120	 -0.039754	 -0.003120
 -0.017070	  0.007469	  0.088433	  0.052769	 -0.106944	 -0.024677	  0.003088
 -0.007250	 -0.024840	  0.089288	  0.053213	 -0.105867	  0.007189	 -0.003658
 -0.009404	 -0.038080	  0.079785	  0.048113	 -0.116668	 -0.026102	  0.004292
 -0.029392	 -0.020405	  0.056472	  0.026162	 -0.090536	 -0.046691	  0.013636
 -0.052800	  0.014311	  0.050137	  0.017040	 -0.101496	 -0.074280	  0.025546
 -0.000744	  0.021802	  0.080808	  0.003362	  0.101325	  0.007829	  0.012638
  0.025609	  0.016639	  0.056545	 -0.013869	  0.083650	  0.011598	  0.018625
 -0.005432	  0.031051	  0.074600	  0.009444	  0.054097	  0.016413	  0.017136
  0.013763	  0.032413	  0.111629	  0.021386	  0.054287	  0.060726	  0.019037
  0.026433	  0.017938	  0.098927	  0.027436	  0.050612	  0.084831	  0.024453
  0.022632	  0.025445	  0.056387	  0.008050	  0.019666	  0.073967	  0.050395
  0.013256	  0.013440	  0.017363	 -0.012887	  0.026476	  0.039377	  0.052043
  0.004514	 -0.021561	 -0.017733	  0.013562	  0.002086	  0.054170	  0.040766
  0.010342	 -0.060965	 -0.068509	 -0.020362	 -0.035228	  0.019897	  0.037567
 -0.003278	 -0.030335	 -0.050771	 -0.011652	 -0.054993	  0.041943	  0.034399
  0.005844	 -0.011045	 -0.031639	  0.013815	 -0.005358	  0.002159	  0.001267
 -0.037424	 -0.023842	 -0.039241	 -0.019761	 -0.009982	 -0.015168	 -0.029205
 -0.035682	 -0.031507	 -0.023688	 -0.041015	  0.005633	 -0.034300	 -0.009883
 -0.021650	 -0.019883	 -0.026096	 -0.018367	 -0.016032	 -0.021503	 -0.021603
 -0.030139	  0.002163	 -0.056187	 -0.027711	 -0.031807	 -0.042915	 -0.047006
 -0.036981	 -0.013579	 -0.031797	 -0.012475	 -0.048753	 -0.068192	 -0.085365
 -0.028112	  0.004951	 -0.040793	  0.008272	 -0.050242	 -0.058024	 -0.070604
 -0.003563	 -0.006452	 -0.018335	  0.010204	 -0.043780	 -0.041268	  0.028888
  0.048416	  0.016227	 -0.045639	  0.030223	 -0.040898	 -0.043517	  0.036173
  0.032198	  0.037101	 -0.045829	  0.032345	 -0.060758	 -0.088021	 -0.109723
  0.058108	  0.029531	 -0.028471	  0.039884	 -0.057717	 -0.082921	 -0.144661
  0.065774	  0.015752	 -0.006204	  0.049513	 -0.038522	 -0.034268	 -0.048875
  0.051108	 -0.014720	  0.020150	  0.079351	 -0.062120	 -0.000027	  0.053183
  0.026180	 -0.053997	 -0.000692	  0.075424	 -0.060853	 -0.054413	 -0.027969
  0.028872	 -0.038033	 -0.026571	  0.073713	 -0.038522	 -0.109687	 -0.137376
  0.063873	 -0.013706	 -0.032716	  0.056260	 -0.039409	 -0.100501	 -0.127556
  0.088897	 -0.033345	 -0.016086	  0.060441	  0.001769	 -0.067495	  0.006018
  0.085412	 -0.040820	  0.011788	  0.035133	  0.007407	 -0.026349	  0.020019
  0.082277	 -0.047408	  0.012928	  0.043273	 -0.000575	 -0.029580	 -0.097275
  0.055226	 -0.036734	  0.009159	  0.025218	 -0.047866	 -0.056694	 -0.115837
  0.073883	 -0.027675	 -0.001231	  0.049323	 -0.027277	 -0.062839	 -0.034336
  0.064507	 -0.027738	  0.036273	  0.039282	 -0.041404	 -0.073070	  0.045042
  0.018958	 -0.013548	  0.035513	  0.027816	 -0.022209	 -0.079849	 -0.018087
  0.000079	  0.007010	  0.035228	  0.033105	 -0.032187	 -0.090587	 -0.083940
  0.000903	 -0.045856	  0.029558	  0.055215	 -0.044160	 -0.098125	 -0.044884
 -0.001346	 -0.047092	 -0.007027	  0.042830	 -0.054455	 -0.087641	  0.053816
  0.016994	 -0.019186	 -0.016625	  0.038300	 -0.047486	 -0.116877	  0.033703
  0.004292	  0.023639	  0.012548	  0.030286	 -0.054170	 -0.136326	 -0.111655
  0.021713	  0.051799	  0.022368	  0.012136	 -0.063704	 -0.140444	 -0.085618
  0.027035	  0.048061	  0.014829	  0.056735	 -0.049355	 -0.073735	 -0.003136
  0.011641	  0.054396	  0.005580	  0.079890	 -0.076469	 -0.063251	  0.049477
  0.025800	  0.058514	  0.013784	  0.073808	 -0.095189	 -0.064930	 -0.063161
  0.062194	  0.044070	 -0.024702	  0.045142	 -0.091451	 -0.077410	 -0.116375
  0.071697	  0.029848	 -0.017860	  0.009856	 -0.067251	 -0.081844	 -0.050237
  0.063018	  0.034884	 -0.023752	  0.038459	 -0.036146	 -0.044784	  0.080487
  0.099065	  0.011286	 -0.031227	  0.048595	 -0.018883	 -0.012380	  0.060405
  0.114332	  0.009544	 -0.001167	  0.018915	 -0.016856	 -0.042218	 -0.043554
  0.131278	  0.026680	  0.002095	  0.000226	 -0.031680	 -0.047635	  0.004815
  0.143315	  0.019775	  0.011946	 -0.019254	  0.004968	 -0.011208	  0.115108
  0.126844	  0.034726	  0.016793	 -0.024037	  0.016118	 -0.022010	  0.162526
  0.100870	  0.052305	  0.005960	 -0.047318	  0.003955	 -0.075541	  0.091827
  0.092666	  0.081700	 -0.012127	 -0.022580	 -0.002095	 -0.081274	 -0.003389
  0.048542	  0.126869	 -0.009656	  0.019422	  0.000059	 -0.031385	  0.070763
  0.010247	  0.127503	  0.012516	 -0.003765	  0.011113	 -0.025114	  0.166707
  0.016645	  0.096936	 -0.015738	 -0.003099	  0.001832	 -0.072120	  0.066265
  0.060516	  0.079768	 -0.024607	 -0.035883	 -0.002032	 -0.119570	 -0.013620
  0.048606	  0.135136	 -0.015865	 -0.023182	 -0.006498	 -0.127425	  0.001647
  0.037995	  0.081098	  0.001525	 -0.032082	 -0.013974	 -0.140095	  0.084605
  0.032198	  0.034187	  0.013340	 -0.055395	 -0.025282	 -0.119221	  0.100126
  0.036918	  0.027345	  0.020562	 -0.045829	 -0.022589	 -0.160462	 -0.013177
  0.048542	  0.032445	  0.030983	 -0.070980	 -0.055373	 -0.169933	 -0.062971
  0.075245	  0.057025	  0.046314	 -0.050201	 -0.027309	 -0.127932	  0.053911
  0.093711	  0.054396	  0.013974	 -0.032969	 -0.013910	 -0.122642	  0.068355
  0.067041	  0.093293	 -0.029358	 -0.036263	 -0.028608	 -0.150136	 -0.048748
  0.057031	  0.111950	 -0.061129	 -0.034553	 -0.042165	 -0.149281	 -0.162399
  0.092223	  0.121706	 -0.040160	 -0.016910	 -0.045554	 -0.112696	 -0.135349
  0.092825	  0.131430	 -0.039431	 -0.005127	 -0.013784	 -0.082921	 -0.001330
  0.064729	  0.120819	 -0.069206	  0.028956	 -0.020720	 -0.073387	 -0.036933
  0.103151	  0.112203	 -0.074876	  0.026010	 -0.013815	 -0.084537	 -0.116850
  0.123328	  0.077867	 -0.042979	  0.016571	 -0.033992	 -0.092646	 -0.092397
  0.125672	  0.072704	 -0.023910	 -0.008706	 -0.034721	 -0.076459	 -0.010294
  0.131785	  0.063740	  0.001113	 -0.038006	 -0.053726	 -0.057929	  0.043110
  0.213096	  0.081193	 -0.001706	 -0.055934	 -0.031617	 -0.065436	 -0.041115
  0.230295	  0.074637	 -0.000217	 -0.095940	 -0.004059	 -0.068857	 -0.047165
  0.243282	  0.096999	 -0.026381	 -0.113298	  0.019507	 -0.054033	  0.052549
  0.217720	  0.102701	 -0.040825	 -0.052830	  0.009308	 -0.072532	  0.117642
  0.148763	  0.097696	 -0.035662	 -0.050486	  0.026254	 -0.104270	  0.066930
  0.130138	  0.110525	 -0.001041	 -0.062966	  0.051468	 -0.114311	 -0.003833
  0.124436	  0.090696	  0.047074	 -0.047255	  0.046178	 -0.127077	  0.048843
  0.108789	  0.064786	  0.062532	 -0.023942	  0.053400	 -0.121090	  0.132434
  0.074421	  0.048441	  0.014069	 -0.001262	  0.048965	 -0.150960	  0.097370
  0.080154	 -0.008575	 -0.006995	  0.008589	  0.035123	 -0.164644	 -0.034843
  0.072236	  0.003969	  0.025757	  0.023730	  0.043074	 -0.199296	 -0.071016
  0.078476	  0.045844	  0.079256	  0.053409	  0.110859	 -0.170155	  0.031644
  0.083480	  0.047681	  0.038300	  0.037888	  0.150010	 -0.083396	  0.080550
  0.125672	  0.043341	  0.023825	  0.048848	  0.170630	 -0.073260	 -0.013620
  0.131437	 -0.003380	  0.039884	  0.037192	  0.153525	 -0.083365	 -0.147449
  0.138564	 -0.013326	  0.021196	  0.014037	  0.159259	 -0.048744	 -0.093125
  0.121079	  0.005964	  0.027214	 -0.012539	  0.162173	 -0.022295	  0.011308
  0.109676	 -0.010792	  0.014480	 -0.038006	  0.168666	 -0.006109	  0.001172
  0.130581	 -0.032806	 -0.014249	 -0.068477	  0.136579	 -0.055902	 -0.061735
  0.125070	  0.009829	 -0.043612	 -0.089003	  0.088496	 -0.059291	 -0.042920
  0.147243	  0.014263	 -0.004778	 -0.102750	  0.077378	 -0.036834	  0.038897
  0.158234	  0.025160	  0.023444	 -0.129927	  0.081876	 -0.004620	  0.073645
  0.167071	  0.028644	  0.008050	 -0.138258	  0.083935	 -0.035218	  0.011688
  0.140369	 -0.022005	 -0.010385	 -0.125303	  0.109972	 -0.048237	 -0.096895
  0.094155	  0.005743	  0.008494	 -0.097333	  0.101736	 -0.047001	 -0.009471
  0.106255	  0.026712	  0.002792	 -0.097429	  0.126348	 -0.004525	  0.098225
  0.102802	  0.048694	 -0.004018	 -0.071676	  0.132271	  0.016191	  0.058504
  0.082657	  0.024051	 -0.011208	 -0.050834	  0.146304	 -0.039463	 -0.034399
  0.046484	  0.024621	 -0.011557	 -0.056947	  0.129326	 -0.028060	 -0.049128
  0.008378	  0.006978	 -0.019856	 -0.052418	  0.122357	  0.016951	  0.062274
  0.017786	  0.017209	 -0.028820	 -0.094958	  0.099297	  0.027150	  0.095564
  0.049176	  0.028169	 -0.014883	 -0.128375	  0.084283	 -0.004683	  0.002629
  0.049683	  0.008055	  0.015716	 -0.099266	  0.071328	 -0.004747	 -0.042508
  0.028017	 -0.011172	  0.010299	 -0.088940	  0.086025	 -0.015611	  0.049382
  0.066566	  0.002417	  0.014354	 -0.065626	  0.105411	  0.016761	  0.116819
  0.119495	  0.013155	  0.044192	 -0.011050	  0.118651	  0.002982	  0.075704
  0.117721	  0.015499	  0.049418	 -0.010068	  0.121723	 -0.051879	 -0.001394
  0.109739	  0.003874	  0.035576	 -0.015675	  0.126411	 -0.096637	  0.034811
  0.119052	  0.023576	  0.008272	 -0.034141	  0.135882	 -0.083016	  0.134937
  0.138754	 -0.000814	  0.014449	 -0.041933	  0.108008	 -0.092297	  0.145516
  0.141953	 -0.026471	  0.057939	 -0.045829	  0.099329	 -0.128724	  0.045993
  0.170112	 -0.078419	  0.056577	 -0.039748	  0.132810	 -0.111809	  0.030567
  0.179932	 -0.081776	  0.069152	 -0.046463	  0.132145	 -0.090903	  0.102628
  0.175022	 -0.079464	  0.068392	 -0.032019	  0.142471	 -0.068857	  0.155462
  0.188642	 -0.040693	  0.067853	 -0.013869	  0.148616	 -0.083935	  0.060056
  0.180724	 -0.047345	  0.051445	  0.003996	  0.148774	 -0.104746	 -0.023471
  0.188801	 -0.034643	  0.033866	 -0.047857	  0.119981	 -0.070441	 -0.018657
  0.186964	 -0.017824	  0.055690	 -0.056947	  0.121470	  0.000733	  0.026449
  0.182117	 -0.021656	  0.084451	 -0.024987	  0.140349	 -0.000914	  0.025182
  0.165171	  0.014422	  0.110520	 -0.006837	  0.115420	 -0.044309	 -0.079252
  0.141098	 -0.001067	  0.100637	  0.013657	  0.112728	 -0.051024	 -0.089039
  0.141066	  0.001878	  0.129810	 -0.006109	  0.129136	 -0.076840	 -0.028476
  0.097132	 -0.002968	  0.114384	  0.015937	  0.154222	 -0.076174	 -0.017295
  0.111608	  0.003589	  0.110963	 -0.001801	  0.175191	 -0.085297	 -0.043902
  0.124278	  0.025983	  0.132344	 -0.008674	  0.150358	 -0.094768	 -0.046499
  0.131753	  0.036848	  0.095252	 -0.023815	  0.162901	 -0.107216	 -0.085492
  0.113508	  0.062822	  0.058097	 -0.011367	  0.137910	 -0.117859	 -0.064396
  0.121427	  0.063138	  0.037952	 -0.015168	  0.128692	 -0.091505	  0.039151
  0.119527	  0.082144	  0.043115	 -0.003036	  0.101958	 -0.055649	  0.063509
  0.121047	  0.061840	  0.032028	 -0.032874	  0.074274	 -0.060273	  0.012195
  0.118038	  0.005679	  0.031870	 -0.026729	  0.021028	 -0.088749	 -0.037218
  0.103309	 -0.034643	  0.032725	 -0.048490	  0.074686	 -0.081211	 -0.040703
  0.107078	 -0.040725	  0.023191	 -0.037657	  0.060590	 -0.052260	 -0.029078
  0.073883	 -0.071102	  0.012802	 -0.071740	  0.026159	 -0.093152	 -0.056794
  0.077177	 -0.072210	  0.006942	 -0.079089	  0.033951	 -0.102972	 -0.051187
  0.097132	 -0.078419	  0.032915	 -0.100628	  0.041078	 -0.105221	 -0.039372
  0.072647	 -0.086749	  0.036400	 -0.117574	  0.040603	 -0.109750	 -0.034241
  0.096721	 -0.087383	  0.034087	 -0.117099	  0.050707	 -0.103510	 -0.014792
  0.100427	 -0.105311	 -0.004398	 -0.124036	  0.042377	 -0.125018	 -0.001235
  0.119052	 -0.125583	  0.002919	 -0.078835	  0.099931	 -0.128914	  0.012037
  0.115124	 -0.138348	  0.039504	 -0.074686	  0.113108	 -0.097397	  0.031454
  0.102295	 -0.081301	  0.050273	 -0.074686	  0.081718	 -0.118556	  0.042603
  0.109232	 -0.058210	  0.051414	 -0.007914	  0.076459	 -0.112348	  0.004276
  0.126274	 -0.042024	  0.066713	 -0.013394	  0.116307	 -0.132271	 -0.003991
  0.142396	  0.018033	  0.076216	 -0.024860	  0.131765	 -0.113995	 -0.014571
  0.139324	  0.014327	  0.053314	 -0.012032	  0.121217	 -0.075129	  0.009978
  0.118672	  0.053192	  0.082392	 -0.000724	  0.107533	 -0.025240	  0.010390
  0.139197	  0.046002	  0.093067	 -0.012190	  0.101135	  0.004534	 -0.020431
  0.117278	  0.035771	  0.062437	 -0.015706	  0.096542	  0.015209	 -0.060468
  0.090861	  0.083157	  0.065984	  0.017046	  0.123814	  0.003932	 -0.075229
  0.089499	  0.105520	  0.035259	  0.007005	  0.148331	  0.012960	 -0.023028
  0.090132	  0.129910	  0.028069	  0.005643	  0.168381	  0.002951	 -0.035571
  0.063303	  0.108117	  0.014670	  0.010394	  0.122420	 -0.018114	 -0.068039
  0.048131	  0.103588	  0.035228	  0.012675	  0.065753	 -0.024195	 -0.073170
  0.009550	  0.101719	  0.093352	  0.024870	  0.043137	 -0.060558	 -0.061862
  0.011134	  0.091456	  0.114258	  0.042513	  0.028250	 -0.079374	 -0.042572
 -0.005084	  0.063835	  0.145711	  0.041278	  0.018905	 -0.066292	 -0.021286
 -0.012686	  0.058609	  0.157304	  0.030983	 -0.000480	 -0.051594	  0.000982
 -0.009994	  0.060224	  0.172667	  0.006910	 -0.025218	 -0.073989	  0.018372
  0.050475	  0.043785	  0.183405	 -0.027141	  0.000565	 -0.073609	  0.084130
  0.073788	  0.049201	  0.185147	 -0.003131	  0.059608	 -0.060305	  0.090053
  0.090227	  0.019807	  0.213243	  0.048183	  0.087894	 -0.082288	  0.080550
  0.089214	 -0.024476	  0.190405	  0.080302	  0.059513	 -0.096637	  0.043300
  0.092128	 -0.018426	  0.191355	  0.082519	  0.087673	 -0.058721	  0.066106
  0.102010	  0.006186	  0.146250	  0.067378	  0.108990	 -0.071043	  0.072536
  0.108124	  0.004476	  0.122873	  0.073745	  0.110510	 -0.075636	  0.081881
  0.102517	  0.002227	  0.090374	  0.054170	  0.101103	 -0.126760	  0.128063
  0.150569	  0.035581	  0.075012	  0.046726	  0.097809	 -0.104429	  0.120081
  0.157537	  0.017178	  0.078053	  0.014259	  0.101578	 -0.112506	  0.066201
  0.133242	  0.014042	  0.083723	 -0.010321	  0.081908	 -0.096510	  0.058409
  0.127382	 -0.017254	  0.077546	 -0.025082	  0.050771	 -0.055174	  0.026481
  0.115757	 -0.034960	  0.089868	 -0.033571	  0.001357	 -0.030784	  0.010516
  0.090481	 -0.047662	  0.062247	 -0.024480	 -0.001620	 -0.026222	  0.014666
  0.067263	 -0.019186	  0.035164	 -0.026507	 -0.011440	 -0.027933	  0.049984
  0.059914	 -0.025584	  0.073713	 -0.021946	 -0.030888	 -0.012855	  0.049287
  0.083575	 -0.036290	  0.131172	 -0.051309	 -0.077039	  0.006371	  0.062274
  0.104323	 -0.001574	  0.133389	 -0.041585	 -0.090755	  0.015462	  0.107031
  0.140433	  0.000136	  0.115493	 -0.017797	 -0.073396	 -0.007882	  0.119828
  0.114015	  0.013820	  0.099307	  0.016951	 -0.049957	 -0.026191	  0.128855
  0.095485	 -0.021276	  0.084610	  0.043812	 -0.039726	 -0.017575	  0.121316
  0.110626	 -0.034136	  0.068233	  0.032187	 -0.033739	 -0.036644	  0.085713
  0.113318	 -0.030050	  0.026549	  0.029368	 -0.039092	 -0.021725	  0.083148
  0.092286	 -0.019407	  0.013150	  0.028988	 -0.012643	 -0.035725	  0.092809
  0.111735	  0.027377	  0.017046	  0.063672	  0.013837	 -0.052196	  0.090972
  0.118798	  0.049170	  0.059586	  0.072066	  0.010131	 -0.094134	  0.084605
  0.089023	  0.027947	  0.061106	  0.113941	 -0.014227	 -0.057328	  0.086917
  0.106160	  0.047934	  0.044319	  0.098927	 -0.014195	 -0.060368	  0.104529
  0.088675	  0.071691	  0.045237	  0.111977	 -0.001303	 -0.067464	  0.140195
  0.073724	  0.086230	  0.053979	  0.123222	  0.003606	 -0.037309	  0.116470
  0.101789	  0.109036	  0.070577	  0.137982	 -0.016064	 -0.009308	  0.110420
  0.100933	  0.107864	  0.047549	  0.120149	 -0.008842	 -0.006774	  0.105796
  0.101345	  0.125317	  0.046631	  0.113434	 -0.013530	 -0.011367	  0.120968
  0.094978	  0.110303	  0.070672	  0.082582	  0.013109	 -0.024132	  0.077985
  0.094662	  0.131810	  0.080302	  0.044350	  0.052450	 -0.011272	  0.074342
  0.099065	  0.109955	  0.089202	  0.007765	  0.045133	 -0.002593	  0.074374
  0.093015	  0.097126	  0.090438	  0.004629	  0.027014	 -0.015009	  0.070256
  0.094662	  0.092533	  0.064084	 -0.027774	  0.055554	 -0.016150	  0.068450
  0.087788	  0.096524	  0.048120	 -0.016276	  0.015675	 -0.020299	  0.084225
  0.098431	  0.077329	  0.037350	  0.012928	  0.019792	 -0.018114	  0.089388
  0.082498	  0.077836	  0.059839	 -0.002719	  0.018969	 -0.010638	  0.048875
  0.117119	  0.105963	  0.067315	  0.016064	  0.006615	 -0.040065	  0.029775
  0.128871	  0.084361	  0.087587	  0.039345	  0.021915	 -0.061477	  0.002344
  0.121427	  0.088605	  0.076596	  0.063862	  0.005633	 -0.098347	 -0.026291
  0.134256	  0.087433	  0.076121	  0.057052	 -0.014829	 -0.072880	 -0.008584
  0.133717	  0.092882	  0.047739	  0.090755	 -0.054898	 -0.066387	 -0.009693
  0.124183	  0.100262	  0.030952	  0.085275	 -0.019643	 -0.121470	 -0.008267
  0.103499	  0.100072	  0.023413	  0.077768	  0.019064	 -0.132683	  0.018720
  0.098368	  0.063138	 -0.019190	  0.088411	  0.041110	 -0.103922	  0.021413
  0.121871	  0.058577	 -0.066767	  0.073111	  0.062997	 -0.090080	  0.022014
  0.135079	  0.078723	 -0.042820	  0.064337	  0.078550	 -0.120488	  0.037947
  0.101979	  0.108117	 -0.015580	  0.078021	  0.054477	 -0.143643	  0.050427
