:RUN-6	LEVEL SWEEP	TEMP:NaN	8/27/2019	2:29 PM	HR:-471.38:SW EAR: R	SW FREQ: 16.00	# AVERAGES: 512	REP RATE (/sec): 80	DRIVER: 	SAMPLE (µsec): 40	MASKER dB: 2147483647:NOTES-:CHAMBER-SEWELL-PXI1:CFTS Version: V2.7.2 (R850):LEVELS:20;30;40;50;60;70;80;:DATA -0.030670	  0.012805	  0.021767	  0.021089	 -0.034987	  0.018318	 -0.111923
 -0.038842	  0.008845	  0.029940	 -0.004694	 -0.019656	  0.017399	 -0.127222
 -0.034566	 -0.017350	 -0.003541	 -0.026043	  0.003657	  0.011824	 -0.133621
 -0.023194	 -0.014943	 -0.035153	 -0.053158	  0.003752	  0.013186	 -0.095800
 -0.005076	 -0.045795	 -0.007722	 -0.062090	  0.016359	  0.008847	 -0.095674
  0.014531	  0.003587	  0.004789	 -0.024301	  0.027445	 -0.017285	 -0.079393
  0.017825	 -0.028437	  0.001653	 -0.020944	  0.045215	 -0.018457	 -0.099031
  0.021183	 -0.024889	 -0.001324	 -0.011948	  0.039545	  0.006281	 -0.112082
  0.070913	 -0.033505	 -0.020836	  0.001292	  0.035142	 -0.014054	 -0.091683
  0.062741	  0.031588	 -0.036800	  0.045416	  0.026558	 -0.006959	 -0.084429
  0.039016	  0.057657	 -0.023750	  0.030940	  0.020667	 -0.042879	 -0.068560
  0.046143	  0.056675	 -0.032778	  0.029863	 -0.020290	 -0.068061	 -0.046609
  0.014658	  0.054394	 -0.022071	  0.045131	 -0.020828	 -0.081238	 -0.099285
 -0.009891	  0.054521	  0.007608	  0.053240	 -0.041987	 -0.080572	 -0.069098
 -0.030701	  0.039570	  0.015971	  0.044719	 -0.010692	 -0.076835	  0.016774
 -0.027977	 -0.017382	  0.020469	  0.004206	 -0.039041	 -0.052540	  0.104071
 -0.018285	 -0.069266	  0.035166	 -0.010016	 -0.024407	 -0.000656	  0.168720
  0.015323	 -0.056437	  0.014070	 -0.030858	 -0.023837	  0.067034	  0.273851
 -0.024271	 -0.014975	  0.015939	 -0.012201	 -0.025073	  0.140078	  0.354496
 -0.058861	  0.003334	  0.016604	 -0.019645	  0.042459	  0.176568	  0.396497
 -0.025602	 -0.004205	  0.017586	  0.025271	  0.076890	  0.205329	  0.385221
 -0.021389	 -0.016273	  0.038333	  0.080417	  0.086963	  0.205456	  0.365234
 -0.025475	 -0.030907	  0.060538	  0.113993	  0.094628	  0.248819	  0.362320
 -0.033045	 -0.059415	  0.133074	  0.139080	  0.137453	  0.262693	  0.340812
 -0.023289	 -0.062392	  0.135513	  0.143166	  0.132702	  0.277359	  0.323802
 -0.017999	 -0.062171	  0.131015	  0.108165	  0.090669	  0.280241	  0.333844
 -0.006406	 -0.045256	  0.128735	  0.070345	  0.097352	  0.273558	  0.374135
 -0.014325	 -0.067651	  0.125219	  0.027171	  0.136218	  0.277865	  0.434603
  0.006486	 -0.098819	  0.135418	  0.029230	  0.161432	  0.279449	  0.515470
 -0.016542	 -0.098756	  0.093005	  0.052670	  0.201691	  0.332062	  0.585567
  0.035247	 -0.098439	  0.095159	  0.096002	  0.255254	  0.389426	  0.700770
  0.014246	 -0.088240	  0.085846	  0.145098	  0.335773	  0.448247	  0.802385
  0.028532	 -0.092547	  0.090534	  0.177977	  0.354904	  0.499846	  0.799249
  0.017477	 -0.043799	  0.078466	  0.233536	  0.390032	  0.526485	  0.787592
  0.016432	 -0.022767	  0.123318	  0.240979	  0.422848	  0.502127	  0.686453
 -0.017271	  0.004062	  0.155152	  0.306864	  0.408372	  0.490945	  0.568526
 -0.048661	  0.017651	  0.160473	  0.298977	  0.372136	  0.434912	  0.408502
 -0.052209	  0.042041	  0.169311	  0.279433	  0.291174	  0.379068	  0.220066
 -0.065259	  0.059082	  0.185149	  0.283203	  0.200171	  0.201528	  0.040974
 -0.045240	  0.042294	  0.214543	  0.266225	  0.124213	  0.018254	 -0.209832
 -0.067381	  0.027660	  0.215810	  0.189982	  0.050378	 -0.155326	 -0.435867
 -0.054996	  0.019267	  0.187429	  0.106359	 -0.032548	 -0.301571	 -0.616543
 -0.065734	  0.014895	  0.148817	  0.021406	 -0.132294	 -0.451395	 -0.749452
 -0.019235	  0.054616	  0.123065	 -0.056768	 -0.237804	 -0.593618	 -0.819866
 -0.020755	  0.034439	  0.062438	 -0.121956	 -0.281548	 -0.649334	 -0.826993
 -0.006343	 -0.013803	  0.020659	 -0.142609	 -0.381990	 -0.677462	 -0.817269
 -0.007547	 -0.090362	 -0.015515	 -0.163736	 -0.432417	 -0.682879	 -0.849134
  0.031224	 -0.104996	 -0.095210	 -0.177071	 -0.434539	 -0.659280	 -0.796078
  0.028341	 -0.107561	 -0.164325	 -0.197565	 -0.429313	 -0.584875	 -0.659494
  0.024255	 -0.111236	 -0.150325	 -0.181538	 -0.372139	 -0.517914	 -0.484425
 -0.018950	 -0.136069	 -0.121468	 -0.172447	 -0.286141	 -0.388045	 -0.255444
 -0.013565	 -0.143545	 -0.108830	 -0.177610	 -0.224595	 -0.269959	 -0.029441
 -0.000008	 -0.177437	 -0.091250	 -0.156102	 -0.092858	 -0.158050	  0.166946
  0.003191	 -0.199357	 -0.083933	 -0.080525	 -0.008570	 -0.064481	  0.376669
  0.012282	 -0.176867	 -0.096065	  0.000976	  0.079012	  0.052591	  0.535869
  0.009938	 -0.158844	 -0.024922	  0.082571	  0.145341	  0.190758	  0.576762
 -0.011411	 -0.143038	  0.058131	  0.117858	  0.233683	  0.347868	  0.579296
 -0.011918	 -0.119028	  0.115843	  0.178579	  0.326333	  0.434120	  0.481894
 -0.048376	 -0.090900	  0.151414	  0.224635	  0.390983	  0.414988	  0.335839
 -0.036910	 -0.039016	  0.165637	  0.248486	  0.429880	  0.318093	  0.233179
 -0.039602	  0.006533	  0.184737	  0.255297	  0.431464	  0.230099	  0.107555
 -0.045620	  0.034027	  0.198389	  0.277121	  0.392028	  0.141852	  0.017439
 -0.001053	  0.010112	  0.188601	  0.266953	  0.307455	  0.046097	 -0.104289
  0.016558	  0.007325	  0.158826	  0.248043	  0.227348	 -0.070056	 -0.198238
  0.013612	 -0.011680	  0.181443	  0.195209	  0.128331	 -0.113863	 -0.267639
  0.017287	 -0.015196	  0.174316	  0.131668	  0.023296	 -0.140787	 -0.319143
  0.017192	 -0.024129	  0.161202	  0.081748	 -0.043888	 -0.180635	 -0.316862
  0.020993	 -0.012440	  0.106815	  0.008166	 -0.071604	 -0.222890	 -0.268146
  0.023273	 -0.062678	  0.098865	 -0.037827	 -0.082437	 -0.245728	 -0.227253
  0.011902	 -0.086402	  0.066810	 -0.071624	 -0.081835	 -0.258968	 -0.166373
  0.026346	 -0.103602	  0.031460	 -0.071973	 -0.044585	 -0.209871	 -0.118417
  0.006042	 -0.092864	 -0.011112	 -0.074855	 -0.033720	 -0.177974	 -0.094248
  0.017699	 -0.093244	 -0.030275	 -0.051479	 -0.037806	 -0.160046	 -0.093868
  0.016400	 -0.053872	 -0.014691	 -0.012581	 -0.062259	 -0.108859	 -0.115407
  0.018617	 -0.049406	  0.009351	 -0.020564	 -0.062798	 -0.103886	 -0.091841
  0.007816	 -0.050958	  0.027342	 -0.028071	 -0.036127	 -0.114433	 -0.070555
 -0.002922	 -0.069298	  0.016034	 -0.028926	 -0.007334	 -0.106800	 -0.020033
 -0.014769	 -0.060809	  0.020469	 -0.026202	  0.025006	 -0.067396	 -0.050030
 -0.024651	 -0.075126	  0.032252	  0.008134	  0.058329	 -0.040978	 -0.109294
 -0.044543	 -0.045953	  0.029781	  0.030402	  0.081135	 -0.066287	 -0.146418
 -0.019457	 -0.064008	  0.047393	  0.033665	  0.084239	 -0.093116	 -0.158993
 -0.024905	 -0.066193	  0.037003	  0.062141	  0.070555	 -0.148548	 -0.156459
 -0.035643	 -0.068569	  0.015876	  0.079974	  0.028775	 -0.174110	 -0.141096
  0.015038	 -0.106231	  0.003617	  0.074874	  0.000046	 -0.211740	 -0.110371
  0.014309	 -0.101543	 -0.006931	  0.051403	 -0.006511	 -0.195554	 -0.057093
  0.033346	 -0.108512	 -0.030719	  0.077028	 -0.040847	 -0.171227	 -0.018956
  0.053048	 -0.089063	 -0.033760	  0.037656	 -0.053770	 -0.164575	  0.030996
  0.027676	 -0.077882	 -0.052891	  0.042945	 -0.037109	 -0.105723	  0.063400
 -0.011379	 -0.059795	 -0.038289	  0.022515	 -0.048892	 -0.059984	  0.082627
 -0.050118	 -0.032523	 -0.036800	  0.017003	 -0.051743	 -0.065590	  0.121429
 -0.055661	 -0.003413	 -0.007659	  0.009781	  0.001060	 -0.022543	  0.111863
 -0.064626	  0.018285	  0.031618	  0.007026	  0.022852	  0.016481	  0.119623
 -0.115021	  0.009922	  0.071307	  0.052005	  0.056555	  0.060826	  0.155321
 -0.138176	  0.000071	  0.096141	  0.079562	  0.074356	  0.086927	  0.151489
 -0.135103	 -0.007087	  0.142957	  0.119726	  0.111195	  0.122403	  0.205939
 -0.120311	  0.015022	  0.164053	  0.131320	  0.136186	  0.180337	  0.252438
 -0.087812	  0.062092	  0.167410	  0.119663	  0.151201	  0.194781	  0.278538
 -0.089427	  0.051924	  0.151731	  0.169013	  0.216452	  0.182618	  0.287724
 -0.046729	  0.041788	  0.170705	  0.168158	  0.228932	  0.192785	  0.320160
 -0.057689	  0.014579	  0.186954	  0.170185	  0.235362	  0.212456	  0.369732
 -0.060698	  0.037955	  0.212928	  0.204331	  0.270838	  0.251005	  0.370175
 -0.072893	  0.048534	  0.250305	  0.272085	  0.336406	  0.271530	  0.411606
 -0.031050	  0.002574	  0.260061	  0.313611	  0.341506	  0.296617	  0.420761
 -0.045557	 -0.018269	  0.240232	  0.316525	  0.318921	  0.302129	  0.418543
 -0.026140	 -0.030115	  0.232313	  0.257767	  0.315944	  0.319518	  0.430802
 -0.021230	 -0.006549	  0.229779	  0.236577	  0.318446	  0.313183	  0.442997
 -0.021706	  0.004442	  0.186511	  0.213707	  0.295830	  0.271720	  0.394882
 -0.044955	  0.016257	  0.158573	  0.203856	  0.298839	  0.225981	  0.367609
  0.002811	  0.017904	  0.213054	  0.247505	  0.297382	  0.181509	  0.331183
 -0.001592	  0.051607	  0.217109	  0.287954	  0.254905	  0.141820	  0.253135
  0.033885	  0.043466	  0.197787	  0.286085	  0.185188	  0.083632	  0.166946
  0.055297	  0.024430	  0.181981	  0.276266	  0.161653	  0.060731	  0.081233
  0.059890	  0.016352	  0.151351	  0.275442	  0.137960	  0.023513	  0.000334
  0.035215	  0.018633	  0.092340	  0.194385	  0.069415	  0.001372	 -0.094343
 -0.014832	  0.028262	  0.096996	  0.151813	  0.025766	 -0.052033	 -0.205555
 -0.019235	  0.015592	  0.080272	  0.103857	  0.008820	 -0.097107	 -0.287531
  0.021373	  0.017746	  0.067411	  0.087513	 -0.041670	 -0.113895	 -0.343913
  0.027106	  0.021230	  0.054203	  0.046525	 -0.057350	 -0.153267	 -0.335741
  0.036704	  0.009637	  0.056040	  0.025397	 -0.098433	 -0.169897	 -0.296970
  0.031731	  0.007325	  0.055723	  0.010035	 -0.127637	 -0.156815	 -0.254874
  0.048487	 -0.006105	  0.045239	 -0.001558	 -0.138534	 -0.142308	 -0.231022
  0.045098	 -0.009463	  0.019677	 -0.033550	 -0.116741	 -0.113515	 -0.202229
  0.046270	 -0.017065	  0.010428	 -0.057244	 -0.123900	 -0.104202	 -0.124308
  0.054410	 -0.019821	 -0.023053	 -0.045650	 -0.116646	 -0.089917	 -0.084176
  0.038446	 -0.068981	 -0.076521	 -0.071022	 -0.064350	 -0.041549	 -0.028807
  0.043166	 -0.094543	 -0.094006	 -0.086607	 -0.042874	  0.023988	  0.037711
  0.040632	 -0.103190	 -0.084535	 -0.071878	  0.001820	  0.035169	  0.052915
  0.036545	 -0.115924	 -0.078834	 -0.080715	  0.043473	  0.077519	  0.074454
  0.038351	 -0.123621	 -0.050294	 -0.015907	  0.112050	  0.081763	  0.091591
  0.054854	 -0.086181	 -0.005442	  0.002464	  0.122218	  0.064469	  0.041575
  0.049722	 -0.084977	 -0.006519	  0.028121	  0.139417	  0.057944	  0.022063
  0.013866	 -0.100593	 -0.018112	  0.064643	  0.127096	  0.038780	 -0.035047
 -0.033235	 -0.113738	 -0.040855	  0.092866	  0.137612	 -0.002683	 -0.139512
 -0.055947	 -0.123938	 -0.074051	  0.113518	  0.101280	 -0.063468	 -0.221456
 -0.075078	 -0.151337	 -0.059100	  0.108292	  0.072519	 -0.141611	 -0.265073
 -0.052937	 -0.134137	 -0.046620	  0.068507	  0.021047	 -0.216270	 -0.337546
 -0.027724	 -0.145413	 -0.057706	  0.049534	 -0.040372	 -0.240121	 -0.428581
  0.006676	 -0.134485	 -0.063788	  0.073607	 -0.096976	 -0.259285	 -0.527820
  0.032364	 -0.133947	 -0.072593	  0.031447	 -0.144013	 -0.270846	 -0.585184
  0.025016	 -0.135024	 -0.076711	 -0.042673	 -0.185350	 -0.278543	 -0.622529
  0.015545	 -0.146237	 -0.071105	 -0.088792	 -0.177114	 -0.314526	 -0.626267
  0.008766	 -0.155169	 -0.101925	 -0.103014	 -0.203785	 -0.347152	 -0.651069
  0.028753	 -0.169930	 -0.108988	 -0.157559	 -0.215156	 -0.295933	 -0.661807
  0.023147	 -0.179813	 -0.104681	 -0.189868	 -0.185825	 -0.314621	 -0.701432
  0.035532	 -0.188175	 -0.104902	 -0.158541	 -0.175562	 -0.321970	 -0.733551
  0.024952	 -0.186401	 -0.098314	 -0.119359	 -0.162734	 -0.344871	 -0.725537
 -0.025190	 -0.166002	 -0.072530	 -0.120404	 -0.211799	 -0.361754	 -0.748945
 -0.028516	 -0.135943	 -0.097079	 -0.110870	 -0.230297	 -0.399353	 -0.784200
 -0.008845	 -0.118806	 -0.106581	 -0.136685	 -0.207554	 -0.427797	 -0.780779
  0.012282	 -0.108543	 -0.147379	 -0.137287	 -0.235365	 -0.418073	 -0.813658
  0.020929	 -0.130399	 -0.138066	 -0.130382	 -0.245089	 -0.406702	 -0.834405
  0.028690	 -0.138952	 -0.128690	 -0.131807	 -0.227636	 -0.355134	 -0.820500
  0.007024	 -0.137431	 -0.100468	 -0.167981	 -0.231912	 -0.360804	 -0.838238
  0.016083	 -0.122639	 -0.080069	 -0.173714	 -0.255257	 -0.363876	 -0.832885
  0.019504	 -0.124824	 -0.051941	 -0.159555	 -0.265171	 -0.384941	 -0.789395
  0.020613	 -0.116050	 -0.028755	 -0.174759	 -0.269258	 -0.354849	 -0.780051
 -0.005836	 -0.120865	 -0.019126	 -0.182551	 -0.249017	 -0.308698	 -0.754932
 -0.001940	 -0.111458	 -0.053778	 -0.130319	 -0.241415	 -0.278385	 -0.725221
 -0.000325	 -0.126788	 -0.052511	 -0.102096	 -0.246388	 -0.236922	 -0.690314
 -0.002985	 -0.151178	 -0.036674	 -0.120436	 -0.210278	 -0.241641	 -0.643657
  0.017382	 -0.106675	  0.008780	 -0.139694	 -0.184209	 -0.244271	 -0.620407
  0.009526	 -0.091914	  0.064592	 -0.110331	 -0.132230	 -0.231220	 -0.581225
 -0.018855	 -0.076330	  0.087620	 -0.052207	 -0.103057	 -0.201699	 -0.520788
 -0.017398	 -0.064546	  0.094557	 -0.014070	 -0.099890	 -0.206007	 -0.461017
 -0.002320	 -0.076836	  0.075235	  0.017732	 -0.116868	 -0.199482	 -0.409449
  0.049817	 -0.064388	  0.052334	  0.024257	 -0.145407	 -0.178069	 -0.361366
  0.034455	 -0.037781	  0.044288	  0.048013	 -0.140529	 -0.159824	 -0.302735
  0.036735	 -0.002526	  0.033107	  0.066734	 -0.129063	 -0.172779	 -0.309735
 -0.002605	  0.004633	  0.035704	  0.068159	 -0.126402	 -0.190549	 -0.288133
 -0.001148	  0.005171	  0.034754	  0.050706	 -0.091306	 -0.159286	 -0.287531
 -0.016891	 -0.047632	  0.010269	  0.015895	 -0.076798	 -0.163467	 -0.311794
 -0.054584	 -0.044654	  0.004758	  0.004460	 -0.060802	 -0.137366	 -0.287594
 -0.057910	 -0.038953	  0.035419	  0.034330	 -0.046453	 -0.131221	 -0.276381
 -0.045145	 -0.019599	  0.014830	  0.007722	 -0.050001	 -0.137936	 -0.284490
 -0.065227	  0.017049	  0.012233	 -0.019360	 -0.014620	 -0.139140	 -0.279422
 -0.058386	  0.017239	  0.005264	 -0.036655	 -0.030647	 -0.129257	 -0.317496
 -0.082079	 -0.007911	 -0.004587	 -0.023890	 -0.054024	 -0.126153	 -0.317369
 -0.066178	  0.036086	 -0.016211	  0.020614	 -0.056019	 -0.146425	 -0.280182
 -0.027819	  0.068110	 -0.014786	  0.043199	 -0.053359	 -0.139013	 -0.225447
 -0.029973	  0.068300	 -0.014564	  0.045860	 -0.027448	 -0.145982	 -0.188672
 -0.022371	  0.048091	 -0.000437	  0.053208	 -0.045313	 -0.136574	 -0.162857
 -0.026267	  0.049770	 -0.005854	  0.090110	 -0.054911	 -0.138475	 -0.143979
 -0.002764	  0.021927	 -0.000691	  0.094069	 -0.069766	 -0.143353	 -0.102896
  0.009146	  0.017176	  0.020469	  0.080512	 -0.100206	 -0.151874	 -0.090067
  0.022070	  0.004221	  0.027659	  0.032999	 -0.117850	 -0.123271	 -0.053641
  0.040663	 -0.019251	  0.051384	  0.010985	 -0.108790	 -0.102238	 -0.032165
  0.011110	 -0.030907	  0.104535	  0.072689	 -0.134131	 -0.080572	 -0.013191
  0.015070	 -0.014531	  0.120404	  0.053968	 -0.107777	 -0.039838	  0.000176
  0.018047	 -0.009463	  0.139568	  0.057611	 -0.064192	 -0.037336	  0.000461
 -0.011316	  0.023859	  0.091421	  0.047222	 -0.026973	 -0.014054	  0.050856
 -0.053222	  0.010429	  0.071466	  0.067715	  0.026812	  0.017748	  0.066567
 -0.061458	  0.003999	  0.037035	  0.095463	  0.033432	  0.061713	  0.132990
 -0.053729	 -0.056596	  0.032252	  0.107816	  0.069763	  0.088099	  0.154340
 -0.039919	 -0.087606	  0.050782	  0.138827	  0.095009	  0.073401	  0.141416
 -0.007705	 -0.112028	  0.082901	  0.131890	  0.097416	  0.087338	  0.159439
 -0.001212	 -0.047822	  0.115146	  0.138985	  0.066976	  0.103081	  0.185508
  0.001671	 -0.011395	  0.083724	  0.136039	  0.090194	  0.079610	  0.190608
 -0.025253	  0.005329	  0.066303	  0.145162	  0.127317	  0.083664	  0.184083
 -0.034344	 -0.012789	  0.077833	  0.153619	  0.143915	  0.104665	  0.206129
 -0.035579	  0.011158	  0.114829	  0.156470	  0.154938	  0.134313	  0.223518
 -0.029973	  0.025285	  0.115209	  0.137369	  0.141508	  0.170454	  0.235587
 -0.023131	  0.033901	  0.104091	  0.138922	  0.127919	  0.177708	  0.245279
 -0.038715	  0.004379	  0.096616	  0.114056	  0.153925	  0.151513	  0.268339
 -0.041693	  0.020629	  0.094842	  0.173701	  0.163491	  0.146856	  0.279932
 -0.060064	  0.038462	  0.073271	  0.184344	  0.158834	  0.169282	  0.254624
 -0.076599	  0.031018	  0.081475	  0.152859	  0.154241	  0.188889	  0.246420
 -0.101052	  0.012583	  0.061140	  0.172529	  0.160608	  0.196080	  0.226147
 -0.123890	 -0.029387	  0.064497	  0.146587	  0.182337	  0.171373	  0.239990
 -0.095667	 -0.017667	  0.071656	  0.145954	  0.173912	  0.185088	  0.274927
 -0.071119	 -0.015070	  0.079638	  0.166257	  0.184175	  0.226013	  0.279299
 -0.037226	 -0.001671	  0.123033	  0.198503	  0.175147	  0.208401	  0.291177
 -0.022181	 -0.024699	  0.114196	  0.193055	  0.158296	  0.224397	  0.307363
 -0.059684	 -0.018079	  0.112612	  0.180321	  0.173500	  0.251353	  0.307711
 -0.090992	  0.007106	  0.028714	 -0.072305	  0.037733	  0.080858	 -0.050413
 -0.088078	  0.000803	  0.013066	 -0.054630	  0.026710	  0.077975	 -0.042146
 -0.034388	 -0.006577	  0.029569	 -0.066160	 -0.000594	  0.062074	 -0.038471
  0.005681	  0.024021	  0.001568	 -0.007941	 -0.057071	  0.039236	 -0.015665
 -0.011170	  0.015532	 -0.006984	 -0.009461	 -0.042374	 -0.007041	 -0.030806
 -0.016397	  0.004477	 -0.020953	  0.010336	  0.002479	 -0.016576	 -0.052408
  0.000201	 -0.023682	 -0.026940	  0.009575	 -0.022133	  0.003031	 -0.042019
  0.024654	 -0.052823	 -0.031881	  0.014643	 -0.009051	 -0.007770	 -0.049368
  0.028962	 -0.037302	 -0.003944	  0.034662	  0.018601	  0.005407	  0.021712
  0.000771	 -0.051208	 -0.012433	  0.043626	 -0.014626	 -0.001815	 -0.025136
 -0.004328	 -0.034705	 -0.000839	  0.042454	 -0.013612	 -0.028992	 -0.027385
 -0.006704	  0.008088	  0.005147	  0.042011	  0.001940	  0.040535	  0.114996
 -0.007844	  0.010939	  0.006034	  0.027060	  0.003175	 -0.008182	 -0.027575
 -0.011297	  0.033429	 -0.032135	  0.005838	  0.004379	  0.011615	  0.013318
  0.017306	  0.040841	 -0.023772	  0.028042	  0.012361	  0.012692	  0.119905
  0.001975	  0.024116	  0.023804	  0.001910	  0.006818	 -0.061650	 -0.063558
  0.023704	  0.002260	  0.012844	 -0.010285	  0.010112	 -0.035042	  0.071410
  0.058009	  0.013695	  0.022790	 -0.009018	  0.020945	 -0.051925	  0.093171
  0.063520	  0.013790	  0.003817	 -0.016968	 -0.006771	 -0.105647	 -0.093143
  0.046415	  0.007201	  0.012528	 -0.013389	  0.020977	 -0.008784	  0.123580
  0.047999	  0.007518	 -0.005559	 -0.009778	  0.008465	 -0.055663	  0.031721
  0.036121	  0.003369	 -0.011799	  0.011603	  0.022149	 -0.086832	 -0.151964
  0.044705	  0.002292	  0.007301	  0.012173	  0.043942	  0.036164	  0.099031
  0.053479	 -0.006514	 -0.004039	  0.004381	  0.012900	 -0.018064	 -0.037648
  0.016102	  0.007550	  0.000301	  0.027029	 -0.016938	 -0.043183	 -0.076703
 -0.016238	  0.018288	  0.006383	  0.088130	 -0.018047	  0.019756	  0.110466
 -0.006166	  0.027917	  0.014745	  0.066781	 -0.010730	 -0.069093	 -0.116836
 -0.015098	  0.059117	  0.008885	  0.068016	  0.002035	 -0.029943	 -0.040340
  0.028962	  0.076095	 -0.006699	  0.054364	 -0.011775	 -0.003652	  0.070809
  0.029501	  0.068937	 -0.011166	  0.027694	 -0.070216	 -0.063043	 -0.141954
  0.014518	  0.079960	  0.003215	 -0.018362	 -0.065433	 -0.036468	  0.021015
  0.044008	  0.082620	 -0.002867	 -0.039901	 -0.047822	 -0.032508	  0.007141
  0.016672	  0.026808	 -0.000459	 -0.067522	 -0.067397	 -0.080687	 -0.157729
 -0.035180	  0.012966	  0.003754	 -0.086211	 -0.050007	  0.029322	  0.058360
 -0.049149	  0.010749	  0.012116	 -0.109492	 -0.039364	  0.026819	 -0.066282
 -0.069738	  0.004192	  0.016329	 -0.117221	 -0.016083	 -0.012236	 -0.158742
 -0.079969	  0.004667	  0.024881	 -0.118646	  0.009067	  0.081491	  0.084967
 -0.104106	  0.009799	  0.029094	 -0.099926	 -0.003856	  0.020643	 -0.091559
 -0.119880	  0.017654	  0.003437	 -0.022733	  0.003841	  0.020801	 -0.059630
 -0.138378	  0.045845	 -0.030202	 -0.009240	  0.024049	  0.044811	  0.095832
 -0.129161	  0.039510	 -0.044900	  0.001562	 -0.028627	 -0.004286	 -0.120574
 -0.171067	  0.044103	 -0.031026	 -0.000972	  0.003366	  0.047313	  0.038690
 -0.156085	 -0.004550	 -0.026813	 -0.021181	 -0.018459	  0.092482	  0.098113
 -0.093684	 -0.037429	 -0.010310	 -0.031634	 -0.041360	 -0.004951	 -0.103437
 -0.096599	 -0.041072	  0.013636	 -0.018711	  0.000610	  0.089157	  0.107045
 -0.102585	 -0.041547	  0.017849	  0.012141	  0.031873	  0.056404	  0.068623
 -0.074774	 -0.011677	  0.003532	  0.029911	  0.052906	 -0.006915	 -0.022729
 -0.037081	  0.019301	 -0.016930	  0.009670	  0.077707	  0.081808	  0.176287
 -0.033185	 -0.013989	  0.003468	 -0.027421	  0.019773	  0.015005	 -0.005782
 -0.034800	 -0.008795	  0.001061	 -0.008733	  0.007768	 -0.021612	 -0.046612
  0.001563	  0.030673	 -0.005306	  0.024621	  0.007990	  0.055296	  0.143979
  0.035773	  0.043660	 -0.007998	  0.047332	 -0.019599	 -0.019775	 -0.067327
  0.036849	  0.008690	 -0.027922	  0.045083	 -0.027930	  0.011045	  0.033780
  0.034410	  0.001848	 -0.026813	  0.026522	 -0.015735	  0.076993	  0.135363
  0.006631	  0.027759	  0.014080	  0.005141	 -0.011268	  0.033345	 -0.126972
 -0.020990	  0.060289	  0.007745	 -0.002334	  0.022941	  0.073952	  0.070017
 -0.065969	  0.049931	  0.000333	  0.007548	  0.001750	  0.039363	  0.034667
 -0.077498	  0.022817	  0.004070	  0.017082	 -0.041803	 -0.012490	 -0.116583
 -0.079621	  0.035361	  0.028935	  0.024051	 -0.031192	  0.056436	  0.097638
 -0.104517	  0.028836	 -0.002835	  0.014010	 -0.032396	  0.036195	 -0.011801
 -0.080919	  0.002228	 -0.010975	  0.031526	 -0.041899	  0.004140	 -0.075088
 -0.045380	 -0.013039	 -0.007650	  0.025413	 -0.025712	  0.070341	  0.135711
 -0.074046	  0.002577	  0.003152	  0.011634	 -0.006897	  0.011900	 -0.094030
 -0.088046	  0.035519	  0.004229	  0.014327	  0.011126	  0.026313	 -0.061277
 -0.073317	  0.038687	  0.020446	  0.025096	  0.009162	  0.058970	  0.122724
 -0.048737	  0.028772	  0.034859	  0.064944	  0.008148	 -0.030164	 -0.093618
 -0.023999	  0.021867	  0.022125	  0.076664	  0.025475	 -0.005774	  0.012684
 -0.049909	  0.018288	  0.043316	  0.081573	  0.068268	  0.004108	  0.063682
 -0.044651	 -0.003188	  0.049429	  0.078849	  0.070359	 -0.053953	 -0.135398
 -0.042212	 -0.015573	  0.061529	  0.095796	  0.090409	  0.025996	  0.077334
 -0.023967	 -0.035750	  0.066407	  0.076822	  0.030796	  0.004140	  0.020762
 -0.050479	 -0.034325	  0.063873	  0.054174	 -0.004965	 -0.049930	 -0.111419
 -0.038950	 -0.026089	  0.065235	  0.055125	  0.016859	  0.040155	  0.152373
 -0.054946	 -0.023524	  0.044266	  0.045749	  0.015212	 -0.037640	 -0.004420
 -0.064828	  0.013885	  0.028334	  0.067985	  0.023226	 -0.042613	 -0.015887
 -0.074679	  0.014233	  0.024976	  0.067826	  0.052621	  0.016082	  0.187976
 -0.086177	  0.014012	  0.033940	  0.069378	  0.029909	 -0.055220	 -0.047784
 -0.100748	  0.010337	  0.030012	  0.060826	  0.044702	 -0.012965	  0.035237
 -0.103852	  0.006663	  0.018926	  0.039920	  0.016891	  0.065907	  0.118322
 -0.099734	 -0.019533	  0.019940	  0.040902	  0.004918	 -0.016227	 -0.149842
 -0.105183	 -0.015415	  0.035714	  0.042328	  0.017524	  0.034928	  0.024531
 -0.054946	 -0.053393	  0.023170	  0.012395	 -0.003508	  0.014529	  0.005906
 -0.053900	 -0.055072	  0.020351	 -0.004425	  0.018570	 -0.061016	 -0.185128
 -0.043067	 -0.122699	  0.036474	  0.022594	  0.065607	  0.040155	  0.039197
 -0.064892	 -0.118201	  0.011356	  0.052717	  0.034724	  0.012502	 -0.060010
 -0.065050	 -0.068851	  0.011577	  0.072071	  0.025221	  0.025299	 -0.134447
 -0.082408	 -0.007211	  0.010247	  0.108973	  0.017873	  0.148706	  0.096244
 -0.064955	 -0.005152	 -0.009075	  0.078089	 -0.035088	  0.067491	 -0.088138
 -0.081394	 -0.042751	 -0.008030	  0.083126	 -0.034075	  0.075346	 -0.031851
 -0.094033	 -0.063815	  0.022474	  0.070265	 -0.060429	  0.172114	  0.149490
 -0.085576	 -0.078860	  0.007586	  0.067288	 -0.065465	  0.094985	 -0.073124
 -0.085354	 -0.075978	 -0.006921	  0.029182	 -0.032396	  0.126153	  0.038531
 -0.109079	 -0.070213	 -0.010880	  0.032793	 -0.032333	  0.080161	  0.081008
 -0.063561	 -0.062769	  0.021872	  0.012901	 -0.051148	 -0.006059	 -0.119085
 -0.031791	 -0.052126	  0.070082	  0.013028	 -0.017794	  0.067237	  0.101344
 -0.048674	 -0.041420	  0.060832	  0.005933	 -0.033790	  0.023557	  0.013286
 -0.050638	 -0.039456	  0.079584	 -0.001353	 -0.029799	  0.006136	 -0.104103
 -0.051493	 -0.050954	  0.085824	  0.031146	 -0.019156	  0.098311	  0.127191
 -0.046488	 -0.036447	  0.053864	  0.059052	 -0.043989	  0.057545	 -0.059124
 -0.022732	 -0.030461	  0.030012	  0.100737	 -0.031667	  0.053395	 -0.093998
 -0.029985	 -0.032171	  0.023741	  0.098013	 -0.054094	  0.080287	  0.118543
 -0.007211	 -0.034452	  0.022537	  0.084741	 -0.097045	 -0.026522	 -0.094251
  0.016894	 -0.058176	  0.046610	  0.087370	 -0.030115	  0.013136	  0.023486
  0.015247	 -0.102015	  0.035080	  0.065387	  0.045430	  0.073319	  0.133842
  0.035297	 -0.096123	  0.046547	  0.032223	  0.020090	  0.018616	 -0.116234
  0.044388	 -0.100875	  0.025514	  0.017368	  0.064087	  0.072210	  0.029061
  0.047524	 -0.104011	  0.003342	  0.011476	  0.057119	  0.076930	  0.004766
  0.049108	 -0.090105	  0.002962	  0.001878	  0.035548	  0.007688	 -0.171381
  0.039605	 -0.090612	  0.028239	  0.036151	  0.057847	  0.084279	  0.041414
 -0.002048	 -0.070340	  0.022537	  0.055061	  0.033932	  0.054789	 -0.045313
 -0.003378	 -0.088363	  0.005052	  0.045337	  0.018063	  0.023905	 -0.141194
 -0.049371	 -0.033977	  0.014586	  0.022657	  0.028041	  0.091659	  0.082497
 -0.087349	 -0.016270	  0.015252	  0.037735	  0.003841	  0.009651	 -0.084686
 -0.075091	  0.006093	 -0.014428	  0.059242	 -0.007816	  0.026218	 -0.044300
 -0.049371	 -0.014053	 -0.002487	  0.034662	  0.014420	  0.088491	  0.067546
 -0.076770	 -0.014686	 -0.008822	  0.057342	 -0.033378	 -0.032350	 -0.181359
 -0.101920	  0.000835	 -0.035746	  0.045115	 -0.005694	  0.052603	 -0.080441
 -0.085861	 -0.018931	 -0.031659	  0.060446	  0.003397	  0.089632	 -0.021082
 -0.055357	 -0.049529	 -0.026655	  0.053066	 -0.010382	  0.062739	 -0.176291
 -0.016935	 -0.052602	 -0.037868	  0.053984	  0.007673	  0.124348	 -0.057413
 -0.033755	 -0.042592	 -0.056525	  0.012553	  0.030226	  0.090138	 -0.075943
 -0.007559	 -0.009777	 -0.049208	 -0.013611	  0.071531	  0.046712	 -0.076862
 -0.026660	 -0.023080	 -0.006509	  0.007865	  0.088382	  0.024856	 -0.032770
 -0.029542	 -0.026089	 -0.041447	  0.021485	  0.086070	  0.008099	 -0.030077
 -0.028592	 -0.034198	 -0.022252	  0.044513	  0.090409	  0.021181	 -0.055227
 -0.045538	 -0.055009	 -0.009835	  0.006756	  0.083314	  0.052381	 -0.031028
 -0.030651	 -0.064543	 -0.012147	  0.020155	  0.085119	  0.041960	  0.015408
 -0.009777	 -0.028813	 -0.046674	  0.022784	  0.043593	  0.028308	  0.007236
 -0.012976	 -0.033280	 -0.042904	  0.074288	  0.021262	 -0.021042	  0.021395
 -0.037144	 -0.025488	  0.006383	  0.090506	  0.043466	 -0.022562	  0.019843
 -0.027958	 -0.061597	  0.003405	  0.077582	  0.037607	 -0.021612	  0.008947
 -0.002745	 -0.076263	 -0.014143	  0.056962	  0.057910	 -0.029499	  0.009549
 -0.020261	 -0.083137	  0.019306	  0.078153	  0.053919	 -0.023259	  0.009358
 -0.024917	 -0.051651	  0.002645	  0.132634	  0.052114	  0.001733	  0.032133
 -0.002681	 -0.022795	  0.034890	  0.111253	  0.037733	  0.000371	  0.015820
 -0.004677	 -0.002871	  0.020256	  0.106629	  0.028706	  0.002683	  0.045468
 -0.006387	  0.011066	  0.008727	  0.099628	  0.032095	 -0.001783	  0.038310
 -0.013356	  0.011731	  0.001124	  0.087592	  0.050752	  0.011805	  0.045817
 -0.036447	  0.020252	  0.021650	  0.088574	  0.028927	  0.031983	  0.029187
  0.016387	  0.017591	  0.032166	  0.098456	  0.014325	  0.034675	 -0.000683
  0.031496	  0.019428	  0.030424	  0.054364	 -0.004300	  0.022448	  0.015408
  0.048031	  0.009735	 -0.001093	  0.076949	  0.004886	  0.018140	 -0.017312
  0.062887	  0.025510	 -0.010880	  0.085501	 -0.018902	  0.046680	 -0.024439
  0.024908	  0.007898	 -0.009804	  0.040396	 -0.013834	  0.054535	 -0.034607
  0.013790	 -0.018139	 -0.015220	  0.082745	 -0.004965	  0.048200	 -0.015412
  0.001690	 -0.023017	 -0.007681	  0.073021	 -0.028563	  0.041707	 -0.045218
  0.003495	  0.010369	  0.024818	  0.070899	 -0.032586	  0.008923	 -0.037331
  0.052941	  0.007423	  0.047909	  0.064405	 -0.041899	  0.024602	 -0.013226
  0.069063	  0.001310	  0.042778	  0.054238	 -0.052478	  0.031888	 -0.035272
  0.066941	 -0.009080	  0.041194	  0.041282	 -0.016875	  0.021150	 -0.033562
  0.044483	  0.038433	  0.040687	  0.056360	 -0.001766	  0.038349	  0.010562
  0.004794	  0.062063	  0.047846	  0.068111	  0.002890	  0.076803	  0.020223
 -0.011550	  0.037230	  0.072521	  0.073750	  0.030099	  0.068726	  0.048858
  0.025573	  0.013378	  0.096277	  0.078913	  0.067001	  0.061916	  0.056365
  0.049520	  0.019175	  0.091716	  0.063740	  0.037955	  0.016842	  0.044803
  0.034537	  0.046510	  0.084811	  0.078248	  0.037543	 -0.007295	  0.056175
  0.053384	  0.055823	  0.075435	  0.099027	  0.067920	  0.003697	  0.034414
  0.039922	  0.060479	  0.059027	  0.116543	  0.072038	  0.015068	  0.029282
  0.040904	  0.049076	  0.027288	  0.097126	  0.078088	  0.055707	 -0.005814
 -0.002935	  0.053067	 -0.017627	  0.108434	  0.075997	  0.079749	 -0.004642
  0.006663	  0.043216	 -0.003975	  0.128263	  0.070264	  0.056341	  0.001186
  0.016989	  0.018256	  0.033908	  0.111633	  0.053191	  0.057418	 -0.006384
  0.036691	 -0.011139	 -0.010849	  0.097158	  0.057404	  0.073572	 -0.006321
  0.036311	 -0.037366	 -0.023804	  0.066496	  0.057214	  0.051273	 -0.026751
  0.019460	 -0.013989	 -0.024691	  0.062061	  0.032760	  0.027326	 -0.038978
  0.028012	  0.004794	 -0.066914	  0.077456	  0.025253	 -0.006376	 -0.030933
  0.036343	  0.022786	 -0.083892	  0.086578	  0.023163	 -0.000991	 -0.036096
  0.036469	  0.067480	 -0.086331	  0.079388	  0.022719	  0.001258	 -0.028715
  0.022976	  0.107200	 -0.082467	  0.101275	  0.046349	  0.006547	 -0.010977
  0.018288	  0.080625	 -0.054276	  0.096683	  0.055028	  0.023810	  0.031816
  0.028329	  0.039605	 -0.035049	  0.064849	  0.031842	  0.015701	  0.014585
  0.051452	  0.030609	 -0.029157	  0.052907	  0.064182	  0.013548	 -0.016457
  0.019998	  0.009387	 -0.050316	  0.039445	  0.050213	  0.002651	 -0.014113
  0.023134	 -0.007876	 -0.079901	  0.059274	  0.024620	  0.021023	 -0.007271
  0.019396	 -0.021021	 -0.101440	  0.069378	 -0.016273	  0.037938	 -0.009235
  0.008310	 -0.016333	 -0.059185	  0.085913	 -0.021405	  0.055232	 -0.035019
  0.027632	  0.016862	 -0.009043	  0.088479	 -0.016146	  0.026218	 -0.056875
  0.007360	  0.035646	  0.008663	  0.065451	  0.026330	  0.035277	 -0.046548
  0.005998	  0.031306	  0.030678	  0.081573	  0.031145	  0.025521	 -0.043571
 -0.023524	  0.023641	  0.064412	  0.090633	  0.054838	  0.023367	 -0.074454
 -0.043606	  0.014265	  0.018419	  0.067890	  0.031588	 -0.000801	 -0.093555
 -0.043321	  0.039003	 -0.019496	  0.048093	  0.022941	  0.007244	 -0.109012
 -0.030904	  0.033207	 -0.026053	  0.037671	  0.047109	 -0.011634	 -0.115632
 -0.000242	  0.023387	 -0.013129	  0.033427	  0.084264	  0.010697	 -0.113700
  0.035487	  0.025256	 -0.010057	 -0.011425	  0.079101	  0.017570	 -0.055354
  0.042551	  0.025731	  0.004862	 -0.026028	  0.061046	  0.028720	 -0.021968
  0.062918	  0.051198	  0.023741	  0.006725	  0.047933	  0.042467	 -0.013068
  0.057882	  0.032478	  0.052534	  0.025508	  0.049770	  0.019027	  0.014743
  0.043565	  0.019111	  0.051488	  0.038083	  0.070422	  0.013864	  0.044613
  0.047714	  0.028994	  0.067072	  0.071216	  0.048661	  0.017380	  0.048192
  0.029121	  0.039067	  0.036094	  0.082144	  0.044607	  0.033028	  0.028744
  0.037546	  0.018003	  0.037963	  0.073148	  0.028294	  0.037652	  0.015789
  0.041157	  0.007391	  0.044583	  0.100072	  0.014008	  0.039205	  0.044930
  0.046669	 -0.021782	  0.077937	  0.112267	  0.010999	  0.032869	  0.047717
  0.072674	 -0.009903	  0.080978	  0.145177	  0.019235	  0.027548	  0.058075
  0.058009	  0.031876	  0.074833	  0.113185	  0.030163	  0.029544	  0.065075
  0.075208	  0.038148	  0.066914	  0.071849	  0.015560	 -0.001973	  0.061243
  0.056900	  0.024654	  0.080725	  0.072483	  0.024873	 -0.013820	  0.056428
  0.070172	  0.002545	  0.097259	  0.084044	  0.022782	 -0.045464	  0.061433
  0.075272	  0.019333	  0.095549	  0.063582	  0.024240	 -0.027789	  0.063555
  0.069919	  0.016419	  0.082942	  0.077234	  0.018791	 -0.008879	  0.064157
  0.077901	 -0.011709	  0.103943	  0.090569	  0.024271	 -0.000675	  0.047876
  0.101594	 -0.002460	  0.099698	  0.125507	  0.066178	  0.006136	  0.014173
  0.065927	  0.010686	  0.084431	  0.137069	  0.089807	  0.012946	 -0.000588
  0.021772	 -0.015890	  0.041067	  0.134091	  0.077549	  0.012376	  0.003942
 -0.026248	 -0.003568	  0.024057	  0.132191	  0.075554	  0.030906	 -0.020860
 -0.029099	  0.003464	  0.028809	  0.110746	  0.058100	  0.021625	 -0.007049
 -0.046742	  0.014455	 -0.018071	  0.011444	  0.035168	  0.033725	  0.007490
 -0.081616	  0.015215	 -0.022885	  0.003019	  0.026362	  0.055612	  0.001883
 -0.048579	  0.018573	 -0.001029	  0.012616	  0.040299	  0.039205	 -0.000524
 -0.029764	  0.039384	 -0.005337	  0.035739	  0.052241	  0.052572	 -0.032991
 -0.001034	  0.032827	  0.007365	  0.029468	  0.034186	  0.112533	 -0.046643
  0.034252	  0.028994	  0.019211	 -0.008099	  0.013026	  0.106166	 -0.036856
