:RUN-8	LEVEL SWEEP	TEMP:NaN	8/27/2019	2:33 PM	HR:-342.65:SW EAR: R	SW FREQ: 32.00	# AVERAGES: 512	REP RATE (/sec): 80	DRIVER: 	SAMPLE (µsec): 40	MASKER dB: 2147483647:NOTES-:CHAMBER-SEWELL-PXI1:CFTS Version: V2.7.2 (R850):LEVELS:20;30;40;50;60;70;80;:DATA  0.018126	 -0.012026	 -0.002000	  0.019483	  0.015258	  0.002517	  0.003795
  0.022941	 -0.058145	  0.001009	 -0.006744	  0.023874	 -0.019719	  0.007532
 -0.005979	 -0.073982	  0.002371	 -0.019794	  0.023240	 -0.021968	 -0.016034
 -0.023717	 -0.041927	  0.013267	  0.020244	  0.014466	 -0.015633	 -0.012075
 -0.001829	 -0.000432	 -0.004598	  0.029873	 -0.020440	  0.003118	 -0.013057
  0.015022	 -0.027610	  0.000312	  0.019135	 -0.006440	 -0.000017	 -0.045936
  0.009099	 -0.023365	  0.010353	 -0.004210	 -0.010336	 -0.012878	 -0.047519
  0.023796	 -0.049022	 -0.013435	  0.006021	 -0.009480	 -0.045852	 -0.068425
  0.035453	 -0.040787	 -0.011281	  0.023031	  0.012376	 -0.044363	 -0.077959
  0.025126	 -0.022763	 -0.005865	  0.012895	  0.020770	 -0.020480	 -0.076439
 -0.008703	 -0.027261	  0.029517	  0.002664	 -0.022119	 -0.006479	 -0.072384
 -0.000150	 -0.003346	  0.051278	 -0.022423	 -0.021390	 -0.012181	 -0.040107
  0.047679	 -0.019881	  0.035091	 -0.045831	 -0.042739	 -0.026181	 -0.012740
  0.045209	  0.003020	  0.014154	 -0.054383	 -0.028232	 -0.008285	  0.020931
  0.026710	  0.063932	 -0.004091	  0.002410	 -0.000390	  0.006476	  0.041108
 -0.018966	  0.054398	 -0.010141	  0.010266	  0.003792	  0.045627	  0.060462
 -0.043767	  0.047239	 -0.021576	 -0.002499	  0.022227	  0.045722	  0.066227
 -0.050388	  0.078851	 -0.022969	 -0.002974	  0.036639	  0.043695	  0.079942
 -0.073035	  0.094689	 -0.026264	 -0.011178	 -0.013472	  0.050536	  0.110160
 -0.042627	  0.058420	 -0.035133	  0.024013	  0.002398	  0.036346	  0.092517
 -0.021468	  0.044388	 -0.020689	  0.056892	  0.016683	  0.034319	  0.100024
 -0.003508	  0.047429	 -0.001145	  0.075992	  0.040630	  0.061781	  0.061285
 -0.009843	  0.041569	 -0.007005	  0.072476	  0.064418	  0.025355	  0.064865
  0.005393	  0.053827	 -0.038395	  0.035480	  0.091722	 -0.000588	  0.054919
 -0.000372	  0.104540	 -0.003267	  0.039661	  0.084279	  0.000869	  0.064770
  0.000705	  0.074448	  0.031481	  0.028859	  0.083487	  0.022060	  0.085960
 -0.016780	  0.050850	  0.029517	  0.040389	  0.112596	  0.066976	  0.102590
 -0.033283	  0.028836	  0.029548	  0.037507	  0.114148	  0.069383	  0.133442
 -0.005567	  0.017781	  0.051119	  0.049892	  0.141452	  0.102326	  0.144655
 -0.013834	  0.024021	  0.028883	  0.040548	  0.151620	  0.142110	  0.176995
 -0.015386	  0.033840	 -0.001145	  0.073205	  0.188459	  0.149807	  0.213359
  0.014357	  0.035012	  0.009118	  0.080965	  0.203061	  0.131372	  0.213612
  0.019267	  0.008848	  0.036517	  0.096043	  0.239836	  0.138942	  0.218997
  0.019615	 -0.000496	  0.073070	  0.114763	  0.217410	  0.169129	  0.198820
 -0.006707	 -0.001003	  0.103035	  0.158728	  0.185481	  0.204130	  0.164705
  0.003144	  0.027569	  0.134932	  0.177100	  0.193875	  0.213221	  0.117129
  0.008307	  0.053796	  0.091917	  0.191417	  0.156688	  0.151612	  0.064928
  0.001212	  0.053859	  0.077663	  0.155212	  0.119470	  0.108439	 -0.002350
  0.041186	  0.052022	  0.066165	  0.110138	  0.076455	  0.062351	 -0.115083
  0.019615	 -0.000021	  0.025874	  0.064082	  0.023747	  0.005399	 -0.193479
  0.013597	 -0.001319	  0.000502	  0.052743	 -0.056202	 -0.058142	 -0.248467
  0.031937	 -0.019469	  0.014281	  0.021732	 -0.148693	 -0.101315	 -0.311850
  0.018063	 -0.024949	 -0.005960	  0.018026	 -0.215528	 -0.137995	 -0.340643
  0.015656	 -0.008066	 -0.027879	 -0.023247	 -0.249453	 -0.136095	 -0.331552
  0.013090	 -0.000084	 -0.018155	 -0.056221	 -0.236276	 -0.125262	 -0.314986
  0.011506	  0.003369	 -0.015336	 -0.071931	 -0.237543	 -0.108917	 -0.284926
 -0.011490	  0.033302	  0.017733	 -0.086629	 -0.205899	 -0.090831	 -0.233517
 -0.036260	  0.005554	  0.001642	 -0.108073	 -0.173083	 -0.090799	 -0.186099
 -0.050926	  0.006821	 -0.050147	 -0.079660	 -0.116511	 -0.055101	 -0.078403
 -0.028215	  0.003559	 -0.031775	 -0.064171	 -0.067573	 -0.031249	  0.010827
 -0.033156	  0.014423	 -0.028196	 -0.070221	 -0.016164	  0.057568	  0.071928
 -0.064546	  0.070235	 -0.028988	 -0.050614	  0.019946	  0.117435	  0.102622
 -0.077533	  0.076032	 -0.013562	  0.014669	  0.074427	  0.161178	  0.115133
 -0.045066	  0.043248	 -0.021639	  0.107351	  0.089505	  0.142236	  0.086657
 -0.004617	  0.041949	 -0.032535	  0.128573	  0.131316	  0.147336	  0.063503
  0.017904	  0.048918	 -0.014544	  0.149637	  0.135624	  0.117910	  0.021723
  0.054363	  0.056678	  0.019159	  0.156606	  0.136479	  0.085031	  0.003985
  0.085658	  0.081765	  0.029327	  0.151506	  0.158304	  0.062320	 -0.020374
  0.092722	  0.117875	  0.029612	  0.126546	  0.151684	  0.055351	 -0.046157
  0.040204	  0.094467	  0.025811	  0.121288	  0.114845	  0.058329	 -0.048311
  0.051575	  0.080846	  0.064645	  0.090753	  0.092134	  0.079329	 -0.046822
  0.052177	  0.113187	  0.053178	  0.073902	  0.035372	  0.081958	 -0.036781
  0.030575	  0.154238	  0.050993	  0.071558	  0.024285	  0.061306	 -0.017238
  0.051037	  0.106852	  0.040381	  0.091418	 -0.001815	 -0.000239	 -0.007323
  0.041503	  0.077616	  0.034585	  0.082106	 -0.012395	 -0.018706	 -0.009065
  0.055313	  0.002925	  0.029137	  0.087744	 -0.011634	 -0.033340	 -0.073683
  0.048123	  0.002830	  0.036865	  0.084291	  0.003855	 -0.020100	 -0.140961
  0.068585	 -0.008890	  0.035915	  0.113876	 -0.009005	 -0.031313	 -0.158225
  0.044860	  0.011097	  0.025209	  0.132438	  0.007117	 -0.058173	 -0.171813
  0.011918	 -0.008066	  0.028408	  0.113654	  0.006991	 -0.072364	 -0.191990
  0.026964	 -0.008573	  0.008896	  0.087205	 -0.015784	 -0.065680	 -0.194334
  0.004949	 -0.006134	  0.008864	  0.045901	 -0.062853	 -0.073758	 -0.151098
 -0.029387	 -0.006577	 -0.039916	  0.052077	 -0.104380	 -0.042494	 -0.126739
 -0.017160	 -0.009777	 -0.051667	  0.061010	 -0.094465	 -0.021778	 -0.097155
  0.000040	  0.012966	 -0.040232	  0.065159	 -0.085881	 -0.031186	 -0.075964
  0.019932	 -0.001351	 -0.024363	  0.043969	 -0.041504	 -0.030838	 -0.073271
  0.017144	  0.018256	 -0.022811	  0.032122	 -0.072546	 -0.019023	 -0.067918
 -0.023875	  0.020157	 -0.002317	  0.035670	 -0.077234	  0.004734	 -0.037637
 -0.033885	 -0.017062	 -0.009222	  0.026420	 -0.066686	  0.030613	 -0.031238
 -0.034360	  0.019175	  0.008041	  0.033294	 -0.060699	  0.036346	 -0.033455
 -0.022862	  0.038402	 -0.012105	  0.007035	 -0.051387	  0.012209	 -0.035293
 -0.002684	  0.038908	 -0.037825	  0.012547	 -0.021295	  0.030169	 -0.046854
 -0.006422	  0.050153	 -0.039567	  0.046471	  0.011172	  0.018513	 -0.042990
  0.033362	  0.046099	 -0.023349	  0.065666	  0.036164	  0.005114	 -0.037953
  0.060381	  0.025890	 -0.015969	  0.095473	  0.049467	 -0.000112	 -0.032188
  0.020660	  0.015342	 -0.010046	  0.112102	  0.055169	 -0.015633	 -0.018220
  0.016859	 -0.010980	  0.008231	  0.127148	  0.026883	 -0.001760	  0.014533
  0.036371	 -0.012342	  0.008326	  0.112356	 -0.003684	 -0.008095	  0.035407
  0.061838	 -0.021116	  0.002846	  0.102188	  0.012217	 -0.009362	  0.041393
  0.055345	 -0.021053	  0.013045	  0.134306	 -0.015847	  0.002675	  0.057231
  0.027565	 -0.070181	  0.023593	  0.113496	 -0.023418	  0.043156	  0.099074
  0.028927	 -0.046773	  0.010733	  0.106274	 -0.014675	  0.039418	  0.079689
  0.029751	 -0.033755	  0.002529	  0.114161	  0.011140	  0.090067	  0.063598
  0.038937	 -0.014655	  0.029580	  0.126736	 -0.012300	  0.078126	  0.050009
  0.028927	 -0.020831	  0.054477	  0.140198	 -0.035676	  0.071094	  0.032746
  0.023986	 -0.028275	  0.049535	  0.131487	 -0.019363	  0.067863	  0.053303
 -0.018269	 -0.029605	  0.053146	  0.130917	 -0.006946	  0.085886	  0.077028
 -0.043134	  0.002830	  0.065785	  0.110645	 -0.003272	  0.076605	  0.116717
 -0.045066	 -0.009048	  0.032019	  0.115175	 -0.041187	  0.095167	  0.136736
 -0.044781	  0.008500	  0.030720	  0.115143	 -0.012204	  0.114584	  0.166162
 -0.032174	  0.008405	  0.022516	  0.118342	  0.019249	  0.116611	  0.201639
 -0.028120	 -0.002776	  0.010353	  0.099210	  0.040725	  0.115692	  0.212472
 -0.024635	 -0.006039	 -0.010933	  0.089042	  0.034992	  0.132956	  0.189570
  0.004284	  0.023863	 -0.034087	  0.126261	  0.065685	  0.113317	  0.161506
  0.029023	  0.033682	 -0.082012	  0.138456	  0.077943	  0.122376	  0.149216
  0.037131	  0.032890	 -0.081315	  0.183562	  0.120167	  0.096782	  0.128120
  0.032633	  0.010496	 -0.067441	  0.164937	  0.152064	  0.078981	  0.125238
  0.036878	  0.028329	 -0.061677	  0.169118	  0.158779	  0.101945	  0.104110
  0.026710	  0.042171	 -0.037128	  0.151475	  0.112628	  0.086044	  0.093372
  0.006755	  0.030673	 -0.028766	  0.160154	  0.126312	  0.086108	  0.054665
 -0.008639	  0.027822	 -0.031775	  0.188851	  0.129416	  0.106602	  0.038099
 -0.019916	  0.034125	  0.002117	  0.190594	  0.127895	  0.111068	  0.012125
 -0.052256	  0.049203	  0.045386	  0.196707	  0.110347	  0.096497	 -0.030098
 -0.050894	  0.047651	  0.060653	  0.231645	  0.102523	  0.087406	 -0.089489
 -0.030685	  0.043596	  0.066070	  0.217581	  0.105121	  0.075085	 -0.101304
 -0.035944	  0.021234	  0.080704	  0.231708	  0.079876	  0.056428	 -0.111757
 -0.005123	 -0.003473	  0.086215	  0.197530	  0.061979	  0.025703	 -0.112010
  0.010366	 -0.010125	  0.076998	  0.194363	  0.045825	 -0.007398	 -0.079955
  0.002922	 -0.013514	  0.041617	  0.164240	  0.053934	 -0.021747	 -0.071181
 -0.001671	  0.006600	  0.047603	  0.138519	  0.052096	 -0.046422	 -0.105453
  0.020438	  0.025573	  0.018969	  0.108903	  0.045033	 -0.053074	 -0.129843
 -0.007879	  0.013441	  0.005728	  0.090943	  0.011995	 -0.069545	 -0.133613
 -0.039776	 -0.000907	 -0.021766	  0.087332	 -0.046414	 -0.068214	 -0.148215
 -0.036767	  0.014170	 -0.001620	  0.057209	 -0.036373	 -0.064445	 -0.154297
 -0.007816	  0.009419	  0.020648	  0.040769	 -0.027219	 -0.052123	 -0.197850
  0.010207	  0.016451	  0.005412	  0.016348	 -0.027947	 -0.063558	 -0.196077
  0.039285	  0.005744	  0.027394	  0.008080	 -0.058324	 -0.114429	 -0.187556
  0.044607	  0.037610	  0.032652	 -0.004970	 -0.119425	 -0.127764	 -0.179827
  0.081160	  0.022437	  0.034268	  0.001270	 -0.130892	 -0.139167	 -0.173112
  0.094939	 -0.016492	  0.003860	  0.001112	 -0.144449	 -0.162575	 -0.176470
  0.076092	 -0.055516	 -0.032219	  0.007320	 -0.120724	 -0.173250	 -0.201556
  0.074096	 -0.014718	 -0.021101	  0.018311	 -0.119932	 -0.187314	 -0.226928
  0.052304	 -0.024221	 -0.063989	 -0.052990	 -0.104095	 -0.174105	 -0.220213
  0.050878	 -0.005785	 -0.062785	 -0.049094	 -0.123987	 -0.145724	 -0.225915
  0.086957	  0.024401	 -0.048753	 -0.042062	 -0.118317	 -0.156969	 -0.224109
  0.077834	  0.046859	 -0.055817	 -0.031229	 -0.063772	 -0.134859	 -0.211851
  0.078848	  0.059624	 -0.087239	 -0.040478	 -0.106819	 -0.117818	 -0.228227
  0.059019	  0.055728	 -0.105198	 -0.030849	 -0.142073	 -0.135429	 -0.238141
  0.067571	  0.035487	 -0.057527	 -0.002626	 -0.145969	 -0.144869	 -0.245363
  0.035548	  0.017464	 -0.029273	 -0.029455	 -0.150436	 -0.141764	 -0.267568
  0.032507	 -0.003663	 -0.057242	 -0.076651	 -0.181921	 -0.147656	 -0.299718
  0.020027	 -0.024221	 -0.039314	 -0.056949	 -0.196396	 -0.153136	 -0.310013
  0.051164	 -0.001129	 -0.038554	 -0.067212	 -0.179925	 -0.188391	 -0.338901
  0.058259	 -0.003283	 -0.030603	 -0.028980	 -0.199659	 -0.208948	 -0.348435
  0.049928	 -0.010537	 -0.042165	 -0.028346	 -0.215972	 -0.204893	 -0.365096
  0.059906	 -0.049434	 -0.047644	 -0.057614	 -0.238651	 -0.189151	 -0.421636
  0.063295	 -0.069421	 -0.089931	 -0.055460	 -0.210999	 -0.180282	 -0.447515
  0.025158	 -0.091372	 -0.097090	 -0.038862	 -0.199025	 -0.161245	 -0.433040
  0.051607	 -0.055864	 -0.106846	 -0.005952	 -0.179577	 -0.171381	 -0.412736
  0.065259	 -0.073697	 -0.090691	 -0.010925	 -0.159748	 -0.195137	 -0.408396
  0.102731	 -0.072810	 -0.057971	 -0.026857	 -0.127376	 -0.206224	 -0.378020
  0.080653	 -0.074236	 -0.034309	 -0.017513	 -0.124684	 -0.207079	 -0.348340
  0.059938	 -0.084720	 -0.023888	  0.005008	 -0.090126	 -0.218165	 -0.304121
  0.079956	 -0.063878	 -0.052586	  0.004818	 -0.105140	 -0.251076	 -0.285369
  0.080305	 -0.094286	 -0.056450	 -0.013839	 -0.091710	 -0.240718	 -0.290691
  0.096744	 -0.112531	 -0.059808	 -0.020871	 -0.111031	 -0.229157	 -0.284292
  0.112202	 -0.089883	 -0.038680	 -0.018780	 -0.141598	 -0.255701	 -0.282075
  0.068680	 -0.079937	 -0.027942	 -0.034840	 -0.144101	 -0.247148	 -0.248753
  0.030986	 -0.054534	 -0.030255	 -0.031767	 -0.106945	 -0.214776	 -0.243399
  0.042706	 -0.023935	 -0.040613	 -0.014979	 -0.098013	 -0.211799	 -0.240295
  0.060476	 -0.011962	 -0.010014	 -0.010988	 -0.080591	 -0.196024	 -0.230254
  0.108464	  0.018541	  0.011588	 -0.035790	 -0.125380	 -0.171476	 -0.215303
  0.119360	  0.000930	  0.024259	 -0.046971	 -0.131240	 -0.157856	 -0.221163
  0.121641	  0.002830	  0.062807	 -0.048713	 -0.126901	 -0.141353	 -0.214480
  0.119804	 -0.000781	  0.060083	 -0.061985	 -0.121611	 -0.125008	 -0.192561
  0.075902	  0.011034	  0.031449	 -0.057994	 -0.133711	 -0.116899	 -0.143939
  0.067666	  0.012618	  0.000249	 -0.050646	 -0.128643	 -0.114112	 -0.107892
  0.044037	  0.007867	 -0.004883	 -0.064329	 -0.103144	 -0.118420	 -0.130920
  0.068205	 -0.010949	 -0.016413	 -0.065501	 -0.107864	 -0.119750	 -0.137826
  0.092373	 -0.003188	  0.002054	 -0.079248	 -0.120312	 -0.107587	 -0.157908
  0.104156	 -0.001794	 -0.000892	 -0.024260	 -0.182333	 -0.108854	 -0.158953
  0.098265	 -0.000812	  0.018304	 -0.015454	 -0.196682	 -0.118071	 -0.159016
  0.066653	 -0.017790	 -0.014227	 -0.026953	 -0.195351	 -0.103881	 -0.128735
  0.042801	 -0.011772	 -0.054581	 -0.040066	 -0.180685	 -0.082088	 -0.137446
  0.031240	 -0.036257	 -0.026359	 -0.033858	 -0.169599	 -0.114112	 -0.141025
  0.044163	 -0.011360	 -0.038680	 -0.056727	 -0.154142	 -0.111863	 -0.106435
  0.023796	 -0.015858	 -0.031870	 -0.046686	 -0.151006	 -0.077432	 -0.110585
 -0.008386	 -0.046108	 -0.049165	 -0.001897	 -0.160667	 -0.066504	 -0.091960
  0.002003	 -0.043986	 -0.008367	 -0.012730	 -0.127344	 -0.077590	 -0.105073
  0.015117	 -0.027420	 -0.062532	 -0.000092	 -0.112330	 -0.060992	 -0.115400
  0.045082	  0.002830	 -0.042070	  0.049607	 -0.101117	 -0.052377	 -0.103426
  0.054078	  0.031243	 -0.091990	  0.040738	 -0.063994	 -0.053264	 -0.109381
  0.046286	  0.023514	 -0.084990	  0.022144	 -0.070170	 -0.040308	 -0.120563
  0.041661	 -0.009428	 -0.083184	  0.030918	 -0.064849	 -0.047340	 -0.125821
  0.063485	 -0.023777	 -0.066333	  0.042258	 -0.089112	 -0.063400	 -0.118789
  0.050150	 -0.030777	 -0.019929	  0.018375	 -0.060288	 -0.040023	 -0.125979
  0.044702	 -0.013641	  0.012665	  0.013719	  0.002936	 -0.047910	 -0.136749
  0.011094	 -0.011550	  0.010480	  0.062467	 -0.019807	 -0.051300	 -0.125409
  0.025475	  0.027347	 -0.007195	  0.058222	 -0.044292	 -0.051870	 -0.116983
  0.015465	  0.036533	 -0.010236	  0.072128	 -0.023386	 -0.023489	 -0.113087
 -0.032966	  0.036818	 -0.010838	  0.082169	 -0.013630	 -0.011072	 -0.124870
 -0.031636	  0.043501	 -0.027055	  0.103138	 -0.013281	 -0.006606	 -0.123097
 -0.053587	  0.030071	 -0.037033	  0.067630	 -0.066876	  0.001598	 -0.087652
 -0.013898	  0.001627	 -0.056070	  0.056860	 -0.021485	  0.024499	 -0.088475
  0.040616	  0.004509	 -0.074410	  0.048910	 -0.013028	  0.017594	 -0.070642
 -0.003508	 -0.020610	 -0.063197	  0.039914	 -0.001086	  0.022377	 -0.049863
  0.030226	 -0.036479	 -0.073365	  0.049005	  0.009746	 -0.016805	 -0.041754
 -0.003096	 -0.026248	 -0.080587	  0.067915	  0.013643	 -0.005561	 -0.004884
  0.018950	 -0.016587	 -0.091040	  0.077734	  0.022068	 -0.004737	 -0.005866
  0.018728	 -0.003283	 -0.117805	  0.054231	  0.039331	  0.021078	 -0.021546
 -0.011427	 -0.010759	 -0.103013	  0.102409	  0.046205	  0.013350	 -0.027089
 -0.036165	  0.004731	 -0.107701	  0.108269	  0.045381	  0.048794	  0.009845
 -0.014119	 -0.007148	 -0.090691	  0.136429	  0.022575	  0.065044	  0.015673
 -0.027391	 -0.015003	 -0.079415	  0.105070	  0.049024	  0.035332	  0.014343
 -0.034930	 -0.067711	 -0.071591	  0.136809	  0.090012	  0.041794	  0.024447
 -0.011744	 -0.047248	 -0.013467	  0.149954	  0.083803	  0.069288	  0.023814
 -0.035532	 -0.015003	  0.016213	  0.135225	  0.087985	  0.095927	  0.034932
  0.013153	 -0.035149	  0.022485	  0.145234	  0.122796	  0.087913	  0.044022
  0.003651	 -0.057701	  0.030404	  0.100224	  0.145729	  0.090574	  0.073322
 -0.025586	 -0.038221	  0.076554	  0.084101	  0.169200	  0.082085	  0.092391
 -0.008133	 -0.005849	  0.126950	  0.048878	  0.144018	  0.094597	  0.106264
  0.013882	  0.009609	  0.150770	  0.047896	  0.101700	  0.117815	  0.073449
  0.076472	  0.035487	  0.151530	  0.091893	  0.090962	  0.115978	  0.079119
 -0.016172	 -0.053248	 -0.028316	  0.011492	  0.037456	  0.040473	  0.055083
  0.003404	 -0.060026	 -0.008963	  0.026126	 -0.014301	  0.049786	  0.038359
 -0.029634	 -0.055402	  0.002916	  0.055014	 -0.030709	  0.044306	  0.038422
 -0.037553	 -0.017898	  0.036935	  0.042217	 -0.012686	  0.028215	  0.022299
 -0.005339	  0.003831	  0.058538	  0.034932	  0.014555	  0.006105	  0.028223
 -0.023204	  0.005668	  0.067058	  0.033823	 -0.010342	  0.012916	  0.016503
 -0.007334	  0.000347	  0.062465	  0.017954	 -0.021080	 -0.011601	 -0.000348
  0.022250	 -0.011436	 -0.003388	  0.028121	  0.016709	 -0.005361	 -0.005353
  0.045057	  0.017642	 -0.024927	  0.008324	  0.028112	  0.008734	 -0.007032
  0.031500	  0.041240	 -0.053530	  0.007817	  0.020922	 -0.013121	 -0.000697
  0.032260	  0.059168	 -0.039814	 -0.025283	  0.004704	 -0.033837	 -0.034589
  0.018386	  0.051661	 -0.037755	 -0.028387	  0.038628	 -0.034724	 -0.010104
  0.008567	  0.029235	 -0.000093	 -0.045080	  0.054276	 -0.034914	 -0.001235
  0.064062	 -0.002536	  0.014572	 -0.046727	  0.067516	 -0.034186	 -0.026291
  0.048287	 -0.028224	  0.033767	 -0.006912	 -0.002772	 -0.022276	 -0.049762
 -0.017851	 -0.037632	 -0.001677	  0.003161	 -0.014301	 -0.016194	 -0.028064
 -0.031883	 -0.019640	 -0.015203	 -0.017840	 -0.044393	 -0.008180	 -0.005005
 -0.053644	  0.017863	 -0.029583	 -0.048216	 -0.048542	  0.008291	 -0.028983
 -0.032580	  0.040416	 -0.019700	 -0.035008	 -0.037266	  0.009368	 -0.013145
 -0.018579	  0.018972	 -0.013302	 -0.015527	 -0.046484	  0.006200	  0.011720
 -0.039105	  0.016470	 -0.004116	 -0.031682	 -0.058172	  0.001386	 -0.008394
 -0.025960	  0.020271	  0.015427	 -0.058701	 -0.044361	 -0.041471	 -0.045422
 -0.037489	  0.000854	  0.020591	 -0.081539	  0.002296	 -0.061490	 -0.024105
 -0.063621	  0.023375	  0.022143	 -0.084833	 -0.007206	 -0.069440	  0.015299
 -0.066536	  0.021633	  0.000888	 -0.043908	  0.011704	 -0.077993	  0.027114
 -0.001284	  0.045896	 -0.012257	 -0.016636	 -0.018102	 -0.049770	  0.011118
 -0.003818	  0.046878	 -0.018782	  0.025112	 -0.021808	 -0.024049	 -0.010390
 -0.055671	  0.047987	  0.037315	  0.006265	 -0.032546	 -0.007895	 -0.007349
 -0.052662	  0.059485	  0.040388	 -0.005043	 -0.030773	 -0.001433	 -0.013747
 -0.012719	  0.056856	  0.014541	 -0.004631	 -0.022632	  0.029672	  0.000602
  0.011702	  0.045579	  0.035636	 -0.021451	 -0.020066	  0.021721	  0.020367
  0.003118	  0.029647	  0.064081	 -0.023193	 -0.040370	  0.024889	  0.003136
 -0.017882	  0.038072	  0.058791	  0.025587	 -0.040655	  0.014278	 -0.013905
 -0.005877	  0.040131	  0.033704	  0.051086	 -0.074294	  0.016780	  0.007919
 -0.022507	  0.021759	  0.044981	 -0.008970	 -0.058774	 -0.002130	  0.001425
 -0.029127	 -0.005101	  0.045519	 -0.013405	 -0.015220	  0.002273	 -0.011181
 -0.021177	 -0.033356	  0.024740	  0.001356	 -0.020035	  0.033283	  0.006050
 -0.035430	 -0.050904	  0.021066	  0.046176	  0.020731	  0.040473	  0.055654
 -0.055639	 -0.022586	 -0.014886	  0.034741	  0.041701	  0.047663	  0.053088
 -0.040593	 -0.027559	 -0.008868	  0.041077	  0.008695	  0.012314	  0.028920
 -0.040467	 -0.026197	 -0.013650	  0.016243	  0.015283	  0.013454	  0.032277
 -0.016552	 -0.017613	 -0.021664	  0.041615	  0.026750	 -0.007103	  0.044282
  0.018988	 -0.011816	 -0.014854	  0.048869	  0.013319	 -0.025095	  0.022078
  0.055985	  0.003736	 -0.023787	  0.018112	 -0.013003	 -0.037385	  0.017485
  0.041952	 -0.011151	 -0.023248	  0.012949	 -0.059629	 -0.077676	  0.031897
  0.030106	  0.014981	 -0.000854	 -0.019423	 -0.077684	 -0.095541	  0.021793
  0.002612	  0.023438	  0.046786	 -0.031840	 -0.072014	 -0.067128	  0.005797
 -0.016267	  0.041937	  0.037727	 -0.013310	 -0.070557	 -0.062535	 -0.003738
 -0.033023	  0.071205	  0.046248	 -0.023731	 -0.073788	 -0.060286	 -0.008932
 -0.016837	  0.078965	  0.031740	  0.007722	 -0.109802	 -0.062155	 -0.036458
 -0.013733	  0.071458	  0.015681	  0.038733	 -0.061434	 -0.073178	 -0.057142
  0.006951	  0.047828	  0.012545	  0.028565	 -0.042936	 -0.078056	 -0.009218
  0.017404	  0.078965	  0.032215	  0.048615	 -0.020890	 -0.087970	  0.015838
 -0.003153	  0.076399	  0.009821	  0.047602	 -0.040402	 -0.071119	  0.038169
 -0.003058	  0.092079	  0.021604	  0.057358	 -0.067263	 -0.043657	  0.060310
 -0.033435	  0.046213	  0.013749	  0.061951	 -0.033623	 -0.009859	  0.057871
 -0.038978	  0.054290	  0.016980	  0.043706	 -0.026623	  0.016622	  0.022458
 -0.047594	  0.120428	  0.051474	  0.004840	 -0.051488	  0.054347	 -0.021983
 -0.056178	  0.111369	  0.042763	 -0.011124	 -0.006984	  0.095018	 -0.000824
 -0.034702	  0.114061	  0.051062	  0.002306	 -0.035714	  0.085832	  0.012100
 -0.005656	  0.114188	  0.041053	 -0.005233	 -0.052787	  0.077882	  0.000665
  0.008883	  0.104590	  0.020527	 -0.014102	 -0.060389	  0.063976	  0.017802
 -0.008348	  0.106618	  0.029048	 -0.012265	 -0.061403	  0.085642	  0.030883
 -0.039390	  0.121632	  0.025975	 -0.018315	 -0.058615	  0.052098	  0.016725
 -0.047910	  0.111464	  0.008522	 -0.001337	 -0.063366	  0.052763	 -0.021951
 -0.054626	  0.082513	 -0.008012	  0.047633	 -0.037013	  0.049025	  0.001172
 -0.040467	  0.122265	 -0.024737	  0.037402	 -0.033687	  0.015513	  0.029173
 -0.026973	  0.111305	 -0.020239	  0.057294	 -0.025831	 -0.029846	  0.037504
 -0.024851	  0.117609	 -0.018022	  0.073069	 -0.025356	 -0.033584	  0.087962
 -0.013004	  0.108581	 -0.012669	  0.078675	 -0.026623	 -0.032570	  0.075514
  0.017056	  0.094201	  0.000065	  0.080037	 -0.018102	 -0.040457	  0.061830
  0.015250	  0.107409	  0.000730	  0.092327	  0.000523	 -0.029086	  0.040576
 -0.011864	  0.089988	  0.019355	  0.085074	  0.007650	 -0.015497	  0.055242
  0.014680	  0.111496	  0.029713	  0.063914	 -0.009107	  0.002748	  0.070066
  0.004385	  0.117514	  0.033989	  0.029293	  0.009360	  0.024065	  0.040829
 -0.029951	  0.084572	  0.044157	  0.040095	  0.008758	  0.005599	  0.037884
 -0.013923	  0.067942	  0.040198	  0.017415	  0.017881	  0.013296	  0.048495
 -0.015412	  0.062874	  0.020844	 -0.000957	  0.018768	  0.037179	  0.034114
 -0.029539	  0.083811	 -0.002976	  0.002464	  0.034067	  0.055202	  0.033734
  0.003055	  0.095911	  0.021446	 -0.011948	  0.030171	  0.040283	  0.025119
 -0.020100	  0.063634	  0.056605	 -0.013690	  0.036696	  0.021785	  0.009598
 -0.024566	  0.074911	  0.073457	 -0.013120	  0.011292	 -0.019615	 -0.002471
 -0.044204	  0.120618	  0.087806	 -0.050022	  0.046610	 -0.025570	 -0.015141
 -0.097672	  0.139496	  0.098448	 -0.065416	  0.037139	  0.012852	 -0.001425
 -0.141733	  0.143551	  0.094552	 -0.060443	  0.054434	  0.035373	  0.034748
 -0.137615	  0.118813	  0.086285	 -0.033360	  0.014206	  0.029608	  0.013747
 -0.099668	  0.106491	  0.077194	 -0.004124	 -0.000206	  0.053112	  0.003801
 -0.088075	  0.125084	  0.097118	  0.018080	  0.028967	  0.055139	  0.027969
 -0.085414	  0.167497	  0.079982	  0.028058	  0.029917	  0.010540	  0.015964
 -0.121936	  0.170348	  0.065855	  0.029072	  0.010469	 -0.004411	  0.040608
 -0.125515	  0.166262	  0.078936	  0.047095	  0.010374	  0.000911	  0.072441
 -0.099193	  0.185996	  0.075769	  0.033031	  0.054592	 -0.009289	  0.066423
 -0.086713	  0.179312	  0.075040	  0.020203	  0.049809	  0.006834	  0.042603
 -0.109266	  0.151977	  0.096009	  0.019284	  0.035682	 -0.009606	  0.067849
 -0.134099	  0.127238	  0.098987	  0.057896	  0.030487	  0.001164	  0.064459
 -0.120922	  0.112129	  0.091195	  0.073005	  0.009867	  0.006422	  0.049350
 -0.144805	  0.077286	  0.071429	  0.057168	  0.017659	 -0.002605	  0.022458
 -0.156810	  0.067403	  0.091036	  0.063249	  0.017406	 -0.016574	  0.046879
 -0.132072	  0.084920	  0.074882	  0.061064	  0.025800	 -0.024936	  0.063034
 -0.104103	  0.115582	  0.090625	  0.058815	 -0.018134	 -0.016352	  0.063826
 -0.091559	  0.092554	  0.097055	  0.104839	 -0.023551	 -0.023004	  0.065600
 -0.103532	  0.074847	  0.101173	  0.112251	  0.020415	  0.000277	  0.081247
 -0.111641	  0.062716	  0.103390	  0.067430	  0.037868	  0.004490	  0.078808
 -0.103057	  0.078807	  0.083149	  0.042692	  0.046135	  0.028246	  0.075704
 -0.099034	  0.087042	  0.081407	  0.062489	  0.026718	  0.033378	  0.077224
 -0.103849	  0.114251	  0.081914	  0.054507	  0.000206	  0.028690	  0.086600
 -0.088708	  0.129170	  0.093824	  0.088019	 -0.016487	  0.034138	  0.068007
 -0.074391	  0.109373	  0.066773	  0.094418	 -0.004324	 -0.003967	  0.028698
 -0.052060	  0.055494	  0.037600	  0.078295	 -0.000048	  0.014911	  0.027019
 -0.052503	  0.064331	  0.039627	  0.056946	  0.004514	 -0.033045	  0.035065
 -0.043064	  0.072186	  0.028889	  0.052511	  0.018071	 -0.051829	  0.034716
 -0.062133	  0.083495	  0.033387	  0.067050	 -0.015822	 -0.042675	  0.067658
 -0.049874	  0.090780	  0.046628	  0.065942	 -0.019496	 -0.012266	  0.087456
 -0.060992	  0.074720	  0.045234	  0.047285	 -0.047275	 -0.015719	  0.070383
 -0.050223	  0.056539	  0.032595	  0.036832	 -0.044361	 -0.026267	  0.077319
 -0.049969	  0.049317	  0.021192	  0.053177	 -0.015125	 -0.013945	  0.081057
 -0.041829	  0.054512	  0.002060	  0.029768	 -0.033908	 -0.016859	  0.066867
 -0.036983	  0.053688	  0.004499	  0.011777	 -0.023012	 -0.013660	  0.058884
 -0.037521	  0.080897	  0.021129	  0.008198	  0.022157	 -0.027185	  0.059106
 -0.028177	  0.072377	  0.006020	  0.010161	  0.007206	 -0.021389	  0.070446
 -0.016267	  0.078426	 -0.016216	  0.019126	 -0.016772	 -0.020629	  0.059613
 -0.022729	  0.087961	 -0.011972	  0.041140	 -0.015093	 -0.017144	  0.072568
 -0.013321	  0.078997	 -0.015393	  0.043927	 -0.000333	 -0.025443	  0.068989
 -0.005371	  0.064933	  0.008934	  0.043009	  0.015980	 -0.033457	  0.070573
  0.013191	  0.097305	  0.007572	  0.073956	  0.001631	 -0.041978	  0.057934
  0.017087	  0.146528	  0.014446	  0.035533	  0.003500	 -0.057910	  0.039436
  0.044138	  0.113586	  0.025088	  0.031067	  0.009740	 -0.079703	  0.043712
  0.062193	  0.086282	 -0.000505	  0.057168	  0.016360	 -0.046476	  0.038200
  0.061369	  0.098224	 -0.017452	  0.085644	 -0.013351	 -0.024936	  0.047830
  0.030993	  0.102626	 -0.004021	  0.095115	 -0.013098	 -0.024525	  0.008742
  0.020191	  0.099269	  0.026862	  0.081874	  0.020256	 -0.014103	  0.014000
  0.021300	  0.062589	  0.053628	  0.057643	  0.007871	  0.001798	  0.008711
  0.026305	  0.058978	  0.068515	  0.038416	  0.013256	 -0.019900	 -0.015996
  0.008788	  0.065123	  0.056605	  0.031479	  0.024152	 -0.008877	 -0.008521
 -0.020828	  0.062874	  0.046374	  0.038701	  0.020003	 -0.027217	  0.014127
 -0.032548	  0.077666	  0.055148	  0.047253	  0.011957	 -0.018728	  0.024105
 -0.044901	  0.097527	  0.056732	  0.061254	  0.030424	 -0.019995	  0.026354
 -0.031091	  0.093884	  0.057461	  0.085960	  0.017659	  0.008639	  0.054387
  0.005209	  0.117546	  0.070796	  0.082381	  0.040243	  0.030939	  0.075356
  0.064283	  0.088056	  0.066615	  0.075001	  0.041225	  0.036260	  0.093506
  0.061813	  0.063951	  0.066393	  0.047063	  0.032863	  0.009083	  0.108298
  0.067198	  0.056951	  0.066520	  0.060240	  0.025419	 -0.002985	  0.110040
  0.017372	  0.084033	  0.046438	  0.074937	  0.037519	 -0.035896	  0.091985
 -0.003280	  0.062621	  0.071683	  0.046145	  0.042936	 -0.033584	  0.042160
  0.019685	  0.078617	  0.065253	  0.023022	  0.054497	 -0.015402	  0.036015
  0.057220	  0.121632	  0.058443	  0.011112	  0.051457	  0.017762	  0.028508
  0.022282	  0.115328	  0.062339	  0.011745	  0.031406	  0.026251	  0.032721
 -0.007049	  0.078807	  0.053343	  0.018904	  0.002898	  0.003730	  0.016598
 -0.036476	  0.073453	  0.055940	  0.022673	 -0.024342	 -0.017303	  0.015236
 -0.063115	  0.058661	  0.060311	  0.014913	 -0.092444	 -0.054996	  0.013304
 -0.065870	  0.070698	  0.039627	  0.046050	 -0.123106	 -0.046127	  0.025752
 -0.038661	  0.106332	  0.024455	  0.069078	 -0.072014	 -0.029181	  0.028508
 -0.029982	  0.089830	  0.002631	  0.057326	 -0.072236	 -0.024366	  0.025594
 -0.019593	  0.078173	 -0.020619	  0.061317	 -0.042778	 -0.034344	  0.019765
 -0.010755	  0.069747	 -0.056159	  0.015673	 -0.037076	 -0.042928	  0.030472
 -0.010217	  0.068354	 -0.041398	 -0.004916	 -0.044235	 -0.071467	  0.025277
 -0.000207	  0.066168	 -0.016406	 -0.006690	 -0.035967	 -0.083821	  0.041431
 -0.031439	  0.033036	  0.006305	 -0.023129	 -0.029537	 -0.095667	  0.059613
 -0.041892	  0.024927	  0.011531	  0.016370	 -0.040909	 -0.078943	  0.050902
 -0.063431	  0.046973	  0.017075	  0.013836	 -0.030519	 -0.051322	  0.023155
 -0.018167	  0.055842	  0.016061	  0.009845	 -0.061751	 -0.031810	 -0.000063
 -0.018389	  0.077413	  0.012767	  0.070376	 -0.038248	 -0.015497	 -0.018055
 -0.030172	  0.072408	  0.005735	  0.086436	  0.008536	 -0.034502	 -0.000602
 -0.022000	  0.093314	  0.008554	  0.089191	  0.021112	 -0.033774	  0.025657
 -0.024407	  0.135379	 -0.017040	  0.145542	  0.029379	 -0.020153	  0.023313
 -0.022317	  0.144596	 -0.008361	  0.120328	  0.015695	 -0.018760	 -0.011371
 -0.038154	  0.132053	  0.005228	  0.111459	  0.008663	  0.012345	 -0.036268
 -0.014461	  0.086567	  0.021636	  0.112916	  0.024786	 -0.023258	 -0.041748
  0.006919	  0.074784	  0.033039	  0.099517	  0.065235	 -0.026742	 -0.027811
  0.021839	  0.012605	  0.024265	  0.041932	  0.053801	 -0.017556	 -0.021159
  0.013983	  0.017610	  0.011183	  0.022356	  0.019908	 -0.023448	  0.012322
  0.011892	  0.011243	  0.013147	  0.031162	  0.041922	 -0.027027	  0.012068
 -0.003628	  0.049887	  0.013875	  0.053873	  0.039515	 -0.019235	  0.020304
 -0.026213	  0.085870	  0.041496	  0.055077	  0.060326	 -0.013533	  0.031359
 -0.037204	  0.075386	  0.052741	  0.058751	  0.071475	  0.002019	  0.033291
 -0.015032	  0.073295	  0.060121	  0.066987	  0.033465	 -0.006945	  0.044250
 -0.050349	  0.082798	  0.036903	  0.054158	  0.019433	 -0.001148	  0.056889
 -0.059789	  0.069526	  0.037473	  0.046936	  0.025546	 -0.029624	  0.080012
 -0.036032	  0.066327	  0.009282	  0.039208	  0.011736	 -0.053761	  0.091162
  0.038088	  0.081626	 -0.011180	  0.052163	 -0.017152	 -0.081002	  0.080392
  0.061338	  0.059738	  0.012387	  0.031479	 -0.021777	 -0.067318	  0.065568
  0.063492	  0.077825	  0.060723	 -0.000767	  0.030804	 -0.045145	  0.057712
  0.085854	  0.078648	  0.067913	 -0.006436	  0.045787	 -0.021674	  0.039246
  0.058804	  0.098034	  0.065411	 -0.013373	  0.056240	 -0.031620	  0.012575
  0.024309	  0.062399	  0.085683	 -0.025157	  0.033560	 -0.026964	 -0.000729
  0.037645	  0.067562	  0.118784	  0.010256	 -0.001853	 -0.045715	  0.014634
  0.024024	  0.040733	  0.148971	 -0.030193	  0.006446	 -0.053096	  0.008806
  0.024563	  0.004750	  0.154197	 -0.003237	  0.039832	 -0.076440	 -0.000824
 -0.010344	  0.042127	  0.141337	 -0.015781	  0.049303	 -0.065861	  0.003294
 -0.014461	  0.070824	  0.131011	 -0.004599	  0.020478	 -0.056548	  0.014792
  0.023201	  0.050837	  0.115838	  0.011080	  0.022505	 -0.033172	  0.028856
  0.011291	  0.045928	  0.070289	 -0.016287	  0.034764	 -0.027565	  0.024548
  0.017087	  0.068037	  0.059868	 -0.013468	  0.007523	 -0.039634	  0.017231
 -0.019751	  0.081657	  0.029555	 -0.027089	  0.010849	 -0.050752	  0.012480
 -0.051015	  0.070223	  0.026102	 -0.015401	  0.004482	 -0.042960	 -0.000158
 -0.052947	  0.043964	  0.041876	 -0.028768	 -0.008283	 -0.032792	  0.009218
 -0.055259	  0.025054	  0.065855	  0.008388	  0.010912	 -0.055186	  0.002946
 -0.044046	  0.019891	  0.049954	  0.000500	 -0.017374	 -0.070992	 -0.007760
 -0.028272	  0.070856	  0.023030	  0.010827	 -0.054117	 -0.064404	  0.007855
 -0.021018	  0.072250	 -0.012478	  0.028058	 -0.042682	 -0.086418	  0.046848
 -0.051426	  0.018719	 -0.039941	  0.029230	 -0.071159	 -0.067286	  0.081786
 -0.058047	  0.032181	 -0.053561	  0.013487	 -0.115757	 -0.043752	  0.078175
 -0.023647	  0.038294	 -0.050679	 -0.008717	 -0.114807	 -0.033267	  0.098067
 -0.018801	  0.034873	 -0.062082	  0.031574	 -0.101409	 -0.060698	  0.110103
 -0.036539	  0.038421	 -0.024103	  0.065467	 -0.107173	 -0.079766	  0.109818
 -0.039960	  0.023660	 -0.013872	  0.041362	 -0.049334	 -0.077486	  0.111339
 -0.044743	  0.010990	 -0.002311	  0.046081	 -0.007143	 -0.087590	  0.127968
 -0.030457	  0.005415	 -0.030945	  0.081494	  0.013668	 -0.071087	  0.123946
  0.006983	  0.000410	 -0.051154	  0.063598	  0.011007	 -0.074952	  0.097813
  0.016074	  0.027999	 -0.026796	  0.062172	  0.016487	 -0.059431	  0.063604
 -0.004104	  0.046181	 -0.000410	  0.072752	 -0.004007	 -0.061046	  0.049920
  0.018164	  0.065820	  0.035890	  0.087101	 -0.042841	 -0.047774	  0.051377
  0.053007	  0.057362	  0.021636	  0.054634	 -0.036537	 -0.055566	  0.048622
