:RUN-9	LEVEL SWEEP	TEMP:NaN	8/27/2019	2:38 PM	HR:-291.65:SW EAR: R	SW FREQ: 45.20	# AVERAGES: 512	REP RATE (/sec): 80	DRIVER: 	SAMPLE (µsec): 40	MASKER dB: 2147483647:NOTES-:CHAMBER-SEWELL-PXI1:CFTS Version: V2.7.2 (R850):LEVELS:20;30;40;50;60;70;80;:DATA -0.033931	  0.046794	 -0.030199	  0.003573	 -0.041156	  0.049132	 -0.020271
 -0.035863	  0.043785	 -0.020190	 -0.000133	 -0.040142	  0.033199	  0.001395
 -0.036718	  0.040966	 -0.049553	 -0.026360	 -0.006693	  0.027877	  0.020115
 -0.006468	  0.078913	 -0.045118	 -0.006088	 -0.017843	  0.023506	  0.023220
  0.001451	  0.092121	 -0.033240	  0.007342	  0.007941	 -0.011938	  0.006970
  0.016306	  0.070550	 -0.038783	  0.010351	  0.001226	 -0.026414	 -0.011243
 -0.007830	  0.019015	  0.014526	  0.002971	  0.019693	 -0.018147	 -0.001170
 -0.013342	  0.014453	  0.031916	  0.019062	  0.014086	 -0.005667	 -0.024642
 -0.002667	 -0.013991	  0.040310	  0.041615	 -0.021137	 -0.012224	 -0.026352
  0.012379	 -0.001606	 -0.011257	  0.003890	 -0.026553	 -0.012128	 -0.029615
  0.024732	  0.017716	 -0.001850	 -0.012898	 -0.034599	 -0.008708	 -0.063507
  0.006867	  0.000358	 -0.014805	  0.021691	 -0.033870	  0.015081	 -0.052421
  0.010320	 -0.020263	 -0.031530	  0.020361	 -0.014453	  0.012610	 -0.023438
  0.045986	 -0.010633	  0.002870	  0.027234	  0.013611	  0.020750	  0.003391
  0.067114	 -0.049911	  0.025328	  0.013171	  0.016810	  0.002315	 -0.001170
  0.007026	 -0.056309	  0.033880	 -0.019360	  0.009050	 -0.010070	  0.033482
 -0.013690	 -0.069264	  0.034577	 -0.028071	  0.004267	 -0.022581	  0.041053
 -0.029686	 -0.088555	  0.024726	 -0.010428	  0.030525	 -0.010386	  0.040641
 -0.007893	 -0.051495	  0.024282	 -0.031175	  0.043988	 -0.017513	  0.057936
 -0.004092	 -0.062644	  0.044111	 -0.036750	  0.075251	 -0.028695	  0.025627
 -0.002382	 -0.065052	  0.032993	 -0.041723	  0.082663	 -0.016816	  0.014826
 -0.014165	 -0.040060	  0.005784	 -0.058637	  0.066635	  0.005483	  0.026355
 -0.040899	 -0.029765	  0.037776	 -0.060570	  0.048866	  0.056163	  0.025500
 -0.021355	 -0.030399	  0.011676	 -0.052176	  0.055296	  0.058127	 -0.000600
 -0.031745	  0.002100	 -0.018194	 -0.030256	  0.015543	  0.099147	  0.007572
 -0.050972	  0.020377	 -0.039797	 -0.027754	 -0.005648	  0.120053	  0.017423
 -0.070896	 -0.013389	 -0.037706	 -0.034279	 -0.019743	  0.122998	  0.013527
 -0.049356	 -0.029195	 -0.056902	 -0.022274	 -0.017494	  0.140768	  0.045361
 -0.023699	 -0.031064	 -0.036534	  0.017764	 -0.023703	  0.161484	  0.100191
 -0.030193	 -0.004140	 -0.030389	  0.039905	 -0.009512	  0.181534	  0.133798
 -0.041628	  0.036499	 -0.006950	  0.067842	 -0.010747	  0.179032	  0.126196
 -0.035736	  0.028739	 -0.002673	  0.082159	 -0.018761	  0.187711	  0.170256
 -0.057909	  0.040554	 -0.030928	  0.062014	  0.026978	  0.220843	  0.197465
 -0.053664	  0.036911	 -0.016611	  0.061254	  0.079907	  0.245138	  0.180266
 -0.057782	  0.010842	 -0.041286	  0.073829	  0.098944	  0.242288	  0.152043
 -0.055406	 -0.000561	 -0.060481	  0.070978	  0.114782	  0.236428	  0.096295
 -0.047899	 -0.027865	 -0.028806	  0.068032	  0.082061	  0.227527	  0.038994
 -0.062058	 -0.052857	 -0.013823	  0.106518	  0.080446	  0.202440	 -0.034683
 -0.099530	 -0.060047	 -0.021774	  0.131541	  0.058653	  0.152900	 -0.074309
 -0.075077	 -0.071450	 -0.011416	  0.112789	  0.035182	  0.089328	 -0.112889
 -0.067855	 -0.084817	 -0.032702	  0.110414	  0.001416	  0.014732	 -0.194992
 -0.046727	 -0.085831	 -0.028806	  0.078073	 -0.005584	 -0.027934	 -0.250360
 -0.077231	 -0.038508	  0.001888	  0.027171	 -0.039952	 -0.037500	 -0.321598
 -0.052682	 -0.030684	  0.028907	  0.011523	 -0.062853	 -0.056822	 -0.309181
 -0.044795	  0.011824	  0.020418	 -0.009161	 -0.058197	 -0.057171	 -0.266736
 -0.055565	  0.008752	  0.020165	  0.005727	 -0.086737	 -0.069746	 -0.272786
 -0.062470	 -0.013453	  0.014811	  0.076806	 -0.120217	 -0.074529	 -0.228029
 -0.086353	 -0.015163	  0.009015	  0.089698	 -0.122941	 -0.054827	 -0.162113
 -0.104852	 -0.050861	  0.015350	  0.019157	 -0.111507	 -0.021378	 -0.119098
 -0.073050	 -0.059413	  0.035875	 -0.002129	 -0.118887	  0.033421	 -0.023343
 -0.068077	 -0.059730	  0.055578	 -0.010998	 -0.124493	  0.069594	  0.011405
 -0.045650	 -0.055581	  0.041894	 -0.029718	 -0.117398	  0.092653	  0.078746
 -0.031175	 -0.054124	  0.027355	 -0.029591	 -0.064786	  0.117867	  0.146753
 -0.040107	 -0.047662	 -0.009927	 -0.018030	 -0.015720	  0.144569	  0.157966
 -0.045017	 -0.077310	  0.001729	 -0.043940	  0.026186	  0.165443	  0.135667
 -0.032283	 -0.044019	  0.055894	 -0.080082	  0.078260	  0.131804	  0.101996
 -0.016192	 -0.028213	  0.076388	 -0.053918	  0.088270	  0.131171	  0.042161
 -0.028451	 -0.040503	  0.044871	 -0.010998	  0.094731	  0.105292	  0.029365
 -0.021799	 -0.033028	  0.043984	  0.016338	  0.086686	  0.060946	  0.022839
 -0.032980	 -0.083423	  0.051111	  0.066258	  0.062137	  0.023380	 -0.003926
 -0.056072	 -0.087256	  0.063465	  0.099866	  0.045191	 -0.012572	 -0.077381
 -0.004853	 -0.069011	  0.072524	  0.115133	  0.049404	 -0.016975	 -0.093441
  0.004682	 -0.037146	  0.068818	  0.115070	  0.018742	 -0.030944	 -0.092300
 -0.001210	 -0.048517	  0.032771	  0.093753	 -0.000833	 -0.040066	 -0.077856
  0.004555	 -0.061187	  0.039550	  0.080196	 -0.039572	 -0.033034	 -0.074562
  0.022135	 -0.057513	  0.050953	  0.055362	 -0.066243	  0.004818	 -0.071300
  0.009908	 -0.028023	  0.061057	  0.040918	 -0.077899	  0.015429	 -0.049602
  0.001292	 -0.024571	  0.015540	  0.029610	 -0.058039	  0.000953	 -0.054923
 -0.048406	 -0.039046	 -0.030199	  0.034330	 -0.033395	 -0.003735	 -0.137501
 -0.020849	 -0.055961	 -0.021108	  0.032081	 -0.030608	 -0.000820	 -0.177380
 -0.023319	 -0.080953	 -0.020823	  0.069774	 -0.030671	  0.024108	 -0.177285
 -0.011441	 -0.063531	 -0.007868	  0.078327	 -0.039540	 -0.005192	 -0.152832
  0.002338	 -0.074111	 -0.018701	  0.074241	 -0.010526	 -0.012635	 -0.208517
  0.034615	 -0.096188	 -0.030674	  0.051466	  0.004172	 -0.017165	 -0.209214
  0.045543	 -0.083550	  0.004739	  0.029673	 -0.010747	 -0.046781	 -0.186218
  0.009591	 -0.048422	  0.017852	  0.005473	 -0.010906	 -0.061257	 -0.142157
 -0.039189	 -0.052635	  0.037998	 -0.014735	  0.003570	 -0.030564	 -0.136456
 -0.080620	 -0.073731	  0.036604	 -0.011599	 -0.002132	 -0.012255	 -0.116849
 -0.090851	 -0.063658	  0.027513	 -0.018093	 -0.007897	 -0.038957	 -0.093124
 -0.100164	 -0.025267	  0.055419	  0.005632	  0.016493	 -0.044026	 -0.043457
 -0.063325	 -0.028878	  0.067836	 -0.003966	 -0.002797	 -0.045293	  0.004183
 -0.064561	  0.002892	  0.073411	  0.035375	 -0.019395	  0.010899	  0.038740
 -0.088032	  0.015784	  0.071003	  0.051054	 -0.001815	  0.037222	  0.050112
 -0.069502	 -0.028720	  0.050066	  0.067779	  0.044969	  0.072255	  0.070796
 -0.051130	 -0.071070	  0.033595	  0.073069	  0.064957	  0.074313	  0.099399
 -0.060601	 -0.066034	  0.031473	  0.091852	  0.075916	  0.112451	  0.099525
 -0.050560	 -0.063024	  0.033215	  0.105377	  0.086242	  0.094237	  0.117422
 -0.056547	 -0.063848	  0.047595	  0.117034	  0.107877	  0.059489	  0.116693
 -0.076977	 -0.056943	  0.038124	  0.114817	  0.112850	  0.075295	  0.086824
 -0.087905	 -0.069423	  0.042337	  0.104332	  0.079654	  0.070702	  0.083403
 -0.057339	 -0.065558	  0.033056	  0.088875	  0.071735	  0.062594	  0.085177
 -0.002762	 -0.097550	  0.027830	  0.071675	  0.054377	  0.057145	  0.064017
  0.019696	 -0.108637	  0.001064	  0.075096	  0.014118	  0.063924	  0.018183
  0.047190	 -0.127199	 -0.011416	  0.063186	  0.016842	  0.105989	 -0.004211
  0.046208	 -0.111329	 -0.005841	  0.083363	  0.030525	  0.070576	  0.002694
  0.040095	 -0.075314	 -0.016262	  0.072087	  0.027453	  0.051317	  0.007762
  0.009908	 -0.070912	 -0.008407	  0.061475	  0.052730	  0.081345	  0.047673
 -0.011726	 -0.071862	  0.008983	  0.049851	  0.072907	  0.132501	  0.054546
 -0.013183	 -0.080699	  0.045758	  0.074937	  0.082790	  0.166235	  0.078145
 -0.018283	 -0.080541	  0.047975	  0.116179	  0.122194	  0.152235	  0.142445
 -0.017396	 -0.080256	  0.099226	  0.107215	  0.110062	  0.114129	  0.163003
 -0.021672	 -0.083708	  0.120068	  0.058340	  0.099229	  0.104342	  0.141780
  0.002369	 -0.051938	  0.109204	  0.049819	  0.095175	  0.134085	  0.125056
  0.020266	 -0.024729	  0.091592	  0.017162	  0.131791	  0.158728	  0.125848
  0.010478	 -0.006072	  0.082755	  0.015451	  0.153837	  0.178272	  0.113463
 -0.000006	 -0.024000	  0.039011	  0.024479	  0.153521	  0.189168	  0.078778
 -0.034374	 -0.015321	  0.048482	  0.022832	  0.129764	  0.198544	  0.071049
 -0.055216	 -0.029417	  0.051586	  0.027868	  0.138665	  0.226513	  0.053691
 -0.042008	 -0.045128	  0.068058	  0.004492	  0.086622	  0.230156	  0.038297
 -0.027691	 -0.042277	  0.070465	  0.032968	  0.057798	  0.172127	  0.022491
 -0.061203	 -0.049087	  0.057383	  0.053905	  0.022163	  0.143461	 -0.001360
 -0.062977	 -0.044304	  0.059980	  0.045036	  0.028973	  0.142954	 -0.051629
 -0.041026	 -0.055897	  0.066727	  0.025999	  0.047662	  0.141243	 -0.101644
 -0.038460	 -0.089252	  0.042369	  0.028438	  0.070183	  0.128257	 -0.120143
 -0.038460	 -0.098311	  0.085669	  0.047792	  0.035308	  0.125913	 -0.134238
  0.001419	 -0.121117	  0.122159	  0.076014	  0.031571	  0.093097	 -0.141555
  0.014976	 -0.103695	  0.126942	  0.059195	  0.009240	  0.067978	 -0.161257
  0.010035	 -0.078007	  0.113702	  0.056788	  0.013959	  0.047548	 -0.204558
  0.000374	 -0.089948	  0.089090	  0.048615	  0.003475	  0.002442	 -0.244912
  0.007659	 -0.073255	  0.082628	  0.046271	 -0.003589	 -0.025020	 -0.259293
 -0.023193	 -0.080224	  0.090357	  0.099264	  0.002746	 -0.012920	 -0.249093
 -0.027786	 -0.086179	  0.091086	  0.120265	 -0.030164	 -0.056917	 -0.251342
 -0.015749	 -0.048390	  0.076578	  0.076901	 -0.045749	 -0.076176	 -0.232400
 -0.026930	 -0.027548	  0.029540	  0.076585	 -0.070170	 -0.112634	 -0.167846
 -0.038809	 -0.019661	 -0.013506	  0.050579	 -0.079578	 -0.064900	 -0.138641
 -0.054298	 -0.013896	  0.025898	 -0.007640	 -0.077646	 -0.067845	 -0.130944
 -0.031650	 -0.024317	  0.010250	 -0.000070	 -0.094909	 -0.106553	 -0.141935
 -0.023446	 -0.061916	  0.004042	 -0.011821	 -0.116416	 -0.123277	 -0.161638
  0.006044	 -0.076550	 -0.022851	 -0.005011	 -0.090538	 -0.117639	 -0.137121
  0.009243	 -0.098627	 -0.012841	 -0.031365	 -0.107262	 -0.116879	 -0.109658
 -0.013500	 -0.082758	 -0.031435	 -0.009636	 -0.111918	 -0.126635	 -0.116278
 -0.013373	 -0.088048	 -0.037896	 -0.050845	 -0.083062	 -0.141744	 -0.115233
  0.000722	 -0.097360	 -0.020095	 -0.047931	 -0.078944	 -0.135884	 -0.111400
 -0.016382	 -0.099578	  0.000399	 -0.033360	 -0.098900	 -0.107154	 -0.139908
 -0.010301	 -0.063373	  0.042084	  0.010320	 -0.098615	 -0.088941	 -0.145198
  0.015768	 -0.103442	  0.066917	  0.038479	 -0.073971	 -0.077380	 -0.136899
  0.011935	 -0.114560	  0.061659	  0.015388	 -0.078089	 -0.058786	 -0.160909
 -0.011188	 -0.107370	  0.040278	  0.025999	 -0.055758	 -0.043994	 -0.173706
 -0.012043	 -0.117221	  0.038568	  0.007596	 -0.045590	 -0.044754	 -0.173706
  0.017922	 -0.091437	  0.058618	 -0.011853	 -0.099597	 -0.036645	 -0.165724
 -0.000228	 -0.077753	  0.049021	 -0.001083	 -0.122656	 -0.019509	 -0.179978
  0.012315	 -0.061377	  0.061057	 -0.011314	 -0.079578	 -0.028916	 -0.190589
 -0.016604	 -0.044621	  0.065017	 -0.008685	 -0.074890	 -0.057329	 -0.176968
 -0.029148	 -0.081269	  0.042812	 -0.000450	 -0.081003	 -0.059673	 -0.216594
 -0.038619	 -0.086971	  0.027988	 -0.008084	 -0.122593	 -0.095466	 -0.236011
 -0.026645	 -0.110886	  0.052822	  0.000089	 -0.135326	 -0.112476	 -0.259324
 -0.032093	 -0.109365	  0.046582	  0.002464	 -0.121516	 -0.081751	 -0.259546
 -0.061266	 -0.139520	  0.022825	  0.006709	 -0.135770	 -0.071900	 -0.287547
 -0.057022	 -0.107433	  0.004010	 -0.003554	 -0.135516	 -0.118051	 -0.298728
 -0.093765	 -0.103569	 -0.000995	 -0.037352	 -0.148978	 -0.141079	 -0.290208
 -0.077136	 -0.103632	 -0.002293	 -0.004283	 -0.145272	 -0.126318	 -0.266800
 -0.048976	 -0.096885	  0.045093	  0.014723	 -0.128548	 -0.126445	 -0.268383
 -0.057719	 -0.090899	  0.088963	  0.025049	 -0.099850	 -0.145608	 -0.227300
 -0.068710	 -0.067142	  0.085511	 -0.002857	 -0.089746	 -0.127205	 -0.203037
 -0.077611	 -0.089727	  0.072967	  0.019379	 -0.071786	 -0.108865	 -0.199173
 -0.066208	 -0.082631	  0.060297	  0.040126	 -0.073781	 -0.126666	 -0.205825
 -0.069660	 -0.053712	  0.038916	 -0.007703	 -0.083727	 -0.137626	 -0.214282
 -0.062027	 -0.041897	  0.055546	  0.003003	 -0.080908	 -0.121852	 -0.166769
 -0.035641	 -0.022797	  0.064383	 -0.001558	 -0.080433	 -0.115865	 -0.148904
 -0.046727	 -0.043132	  0.046107	 -0.033044	 -0.115909	 -0.136739	 -0.130152
 -0.056737	 -0.068251	  0.060075	 -0.052334	 -0.135295	 -0.145387	 -0.118432
 -0.033487	 -0.085926	  0.062546	 -0.057085	 -0.119584	 -0.091538	 -0.114948
 -0.014419	 -0.076011	  0.083705	 -0.070167	 -0.138684	 -0.095149	 -0.135790
 -0.023003	 -0.086844	  0.066664	 -0.060348	 -0.101782	 -0.152197	 -0.095246
  0.007342	 -0.114243	  0.041704	 -0.058194	 -0.105805	 -0.157075	 -0.077856
  0.019252	 -0.093306	  0.032613	 -0.053981	 -0.103810	 -0.144405	 -0.094993
  0.027076	 -0.077025	  0.039075	 -0.121133	 -0.107009	 -0.115992	 -0.095468
  0.027424	 -0.116334	  0.056464	 -0.117902	 -0.135326	 -0.079153	 -0.113111
  0.024257	 -0.131443	  0.057858	 -0.109159	 -0.120407	 -0.065280	 -0.142474
  0.006867	 -0.104646	  0.034862	 -0.111250	 -0.112045	 -0.036550	 -0.182923
  0.003700	 -0.116239	  0.029160	 -0.098327	 -0.111760	 -0.015834	 -0.176905
  0.041267	 -0.117601	  0.028305	 -0.084389	 -0.094624	 -0.017893	 -0.165977
  0.028153	 -0.108193	  0.049844	 -0.082932	 -0.113375	 -0.003038	 -0.161257
  0.016433	 -0.074998	  0.042591	 -0.108716	 -0.119742	  0.002379	 -0.141714
  0.002053	 -0.088301	  0.046677	 -0.063009	 -0.098266	  0.008049	 -0.113839
 -0.033044	 -0.139172	  0.025549	 -0.016414	 -0.077741	  0.022968	 -0.143234
 -0.035198	 -0.147978	  0.004295	 -0.035198	 -0.063709	 -0.009911	 -0.146655
 -0.039189	 -0.148199	 -0.003275	 -0.020564	 -0.052495	  0.015999	 -0.074689
 -0.051542	 -0.123936	  0.023680	 -0.030383	 -0.090918	  0.035194	 -0.055399
 -0.036433	 -0.096157	  0.033848	 -0.054678	 -0.078976	  0.022841	 -0.043394
 -0.062153	 -0.073129	  0.002363	 -0.059398	 -0.088130	  0.038774	 -0.045548
 -0.099689	 -0.061884	 -0.003434	 -0.076059	 -0.095669	  0.044887	 -0.029171
 -0.140201	 -0.065907	 -0.018606	 -0.068900	 -0.109859	  0.075992	 -0.039403
 -0.076566	 -0.071292	 -0.069540	 -0.043750	 -0.088415	  0.073427	 -0.043457
 -0.056515	 -0.059889	 -0.080056	  0.003351	 -0.083601	  0.062530	  0.003739
 -0.070642	 -0.095397	 -0.055983	  0.027551	 -0.047364	  0.064906	  0.008807
 -0.052492	 -0.067364	 -0.031625	  0.006582	 -0.055188	  0.075390	  0.030853
 -0.045270	 -0.059603	 -0.031466	 -0.012771	 -0.064310	  0.088029	  0.054008
 -0.032315	 -0.090138	 -0.036123	 -0.034469	 -0.026395	  0.086350	  0.041084
 -0.029781	 -0.105121	  0.010092	 -0.017903	 -0.018730	  0.094617	  0.031709
 -0.031650	 -0.107592	  0.012182	 -0.012676	 -0.017716	  0.083341	  0.032120
 -0.047488	 -0.113800	 -0.006348	  0.006044	 -0.020377	  0.073490	  0.048750
 -0.023193	 -0.121180	 -0.031941	  0.032556	 -0.017178	  0.097753	  0.061958
 -0.037858	 -0.113958	 -0.030263	 -0.007545	  0.006896	  0.109695	  0.035890
 -0.035419	 -0.092387	 -0.027982	 -0.017079	  0.048549	  0.129270	 -0.021569
 -0.021102	 -0.090709	 -0.042394	 -0.007387	  0.067396	  0.194109	 -0.010990
 -0.033329	 -0.097107	 -0.043883	 -0.010934	  0.099229	  0.230061	 -0.000727
 -0.044193	 -0.093749	 -0.006158	 -0.019423	  0.073509	  0.204499	  0.015522
 -0.053474	 -0.088111	  0.041007	 -0.016161	  0.094700	  0.179475	  0.042700
 -0.072448	 -0.109429	 -0.005999	 -0.022559	  0.105818	  0.171082	  0.033514
 -0.048184	 -0.104551	  0.000906	 -0.050022	  0.118393	  0.166362	  0.046469
 -0.048945	 -0.106325	 -0.039037	 -0.027184	  0.132077	  0.162434	  0.033197
 -0.057782	 -0.063816	 -0.046005	  0.017383	  0.134230	  0.192462	  0.041370
 -0.063167	 -0.046585	 -0.071409	  0.009465	  0.159856	  0.169941	  0.053565
 -0.082172	 -0.073952	 -0.085726	  0.034203	  0.159096	  0.183118	  0.058791
 -0.046316	 -0.103474	 -0.085441	  0.012442	  0.110126	  0.182960	  0.085557
 -0.061235	 -0.113800	 -0.025670	 -0.001875	  0.104772	  0.179190	  0.075769
 -0.053949	 -0.069581	 -0.022534	  0.004048	  0.118520	  0.155466	  0.057936
 -0.058479	 -0.086147	 -0.032512	 -0.011980	  0.118361	  0.164873	  0.077384
 -0.041564	 -0.081206	 -0.039860	 -0.047773	  0.113768	  0.176340	  0.090973
 -0.015464	 -0.060079	 -0.059531	 -0.037066	  0.087699	  0.154547	  0.087489
 -0.022021	 -0.074839	 -0.049078	 -0.004789	  0.091881	  0.145741	  0.053533
 -0.044827	 -0.080066	 -0.031720	 -0.029053	  0.064101	  0.154199	  0.073773
 -0.015039	 -0.013180	 -0.058669	  0.020716	 -0.031713	 -0.037928	 -0.042079
 -0.009370	  0.000599	 -0.077357	  0.014032	 -0.045524	 -0.012936	 -0.058550
  0.015559	 -0.008556	 -0.044383	  0.014096	 -0.063895	  0.007526	 -0.032672
  0.021292	 -0.018882	 -0.027215	  0.030820	 -0.055090	  0.019943	 -0.050283
  0.037573	 -0.023285	 -0.015591	  0.035635	 -0.036971	 -0.016579	  0.002963
  0.042420	 -0.023950	  0.012189	  0.033703	 -0.057560	  0.002521	 -0.008408
  0.029559	  0.029233	  0.029642	  0.016186	 -0.042705	  0.045758	 -0.017974
  0.032157	  0.022455	  0.015483	  0.008647	 -0.004283	  0.068058	  0.009362
  0.049737	  0.038482	  0.001514	  0.028096	  0.011745	  0.042939	  0.021778
  0.015496	  0.044152	  0.011270	  0.015458	  0.019696	  0.042654	  0.017439
 -0.007247	  0.041175	  0.017003	 -0.011720	  0.001894	  0.024662	 -0.008218
 -0.034488	  0.051691	 -0.005645	 -0.047576	 -0.024555	 -0.032068	  0.003628
 -0.040285	  0.010418	 -0.014260	 -0.074880	  0.043389	 -0.024656	  0.031978
 -0.065625	  0.012319	 -0.000893	 -0.068830	  0.088811	 -0.037041	  0.016869
 -0.038986	 -0.008967	 -0.019233	 -0.037409	  0.052290	 -0.033937	 -0.016707
 -0.036927	 -0.023221	  0.013899	 -0.028761	  0.019189	 -0.033208	 -0.025576
 -0.032112	 -0.017741	  0.025682	 -0.041653	  0.015546	 -0.023991	  0.013416
 -0.004650	 -0.032724	  0.044783	 -0.006082	  0.042565	  0.001698	  0.041195
  0.020310	 -0.049195	  0.047127	  0.040133	  0.051656	  0.010345	  0.052979
  0.020627	 -0.030823	  0.044656	  0.059391	  0.015515	 -0.013760	  0.048861
  0.008464	 -0.039946	  0.021438	  0.047956	  0.029262	 -0.036851	  0.012402
 -0.027836	 -0.053978	  0.024384	  0.011276	  0.063281	 -0.031910	  0.020131
 -0.014026	 -0.060535	 -0.003807	 -0.006113	  0.050769	 -0.031973	  0.035620
  0.009826	 -0.025565	 -0.036623	 -0.012353	  0.049471	 -0.047177	  0.065965
  0.006215	 -0.015492	 -0.056420	  0.010516	  0.064200	 -0.067101	  0.032580
 -0.037719	  0.014758	 -0.034374	  0.015172	  0.092929	 -0.063300	 -0.022757
 -0.051561	 -0.017678	 -0.038999	  0.015363	  0.107405	 -0.097858	 -0.052057
 -0.069743	  0.012572	 -0.052302	 -0.002851	  0.056819	 -0.076984	 -0.045247
 -0.071897	 -0.006782	 -0.054805	 -0.023820	  0.058150	 -0.034982	 -0.034192
 -0.039683	  0.000250	 -0.036433	 -0.024738	  0.075571	 -0.026462	 -0.039228
 -0.025397	  0.007441	  0.012094	  0.021127	  0.068001	  0.007906	 -0.035237
 -0.020329	  0.021473	  0.051403	  0.000348	  0.067525	  0.029762	 -0.043631
 -0.055045	  0.022138	  0.047158	 -0.006303	  0.051434	  0.006006	 -0.040495
 -0.058720	  0.037754	  0.017447	  0.042096	  0.048742	  0.003883	 -0.011766
 -0.025904	  0.031577	  0.000691	  0.063161	  0.062267	 -0.035267	 -0.041826
 -0.009971	  0.027649	  0.015071	  0.051694	  0.086214	  0.017599	 -0.080470
  0.024143	 -0.017330	 -0.009002	  0.038802	  0.100563	 -0.013855	 -0.081895
  0.017206	 -0.046629	  0.013202	  0.034019	  0.125175	 -0.025511	 -0.056808
  0.030795	 -0.010044	  0.029325	  0.027177	  0.086531	 -0.024244	  0.008791
  0.033709	 -0.013719	 -0.012075	  0.023313	  0.085042	 -0.032321	  0.019181
  0.008812	 -0.001809	  0.008958	  0.044504	  0.111649	 -0.008153	  0.001063
  0.014229	  0.016183	 -0.002414	  0.024833	  0.137465	  0.008983	 -0.015535
 -0.015451	  0.020808	  0.000215	 -0.019734	  0.139777	 -0.034032	  0.003882
 -0.030370	  0.002784	 -0.028071	 -0.011752	  0.130749	 -0.047716	  0.022634
 -0.040538	  0.035727	 -0.030288	 -0.001330	  0.140854	  0.010472	  0.019213
 -0.041995	  0.030057	 -0.018948	 -0.005385	  0.135754	 -0.008375	  0.011642
 -0.016845	  0.039464	 -0.026772	  0.050427	  0.094354	 -0.023611	 -0.019051
 -0.018936	  0.056062	 -0.022179	  0.058378	  0.039619	 -0.035711	  0.005877
 -0.003985	  0.016943	 -0.029654	  0.044726	  0.043262	 -0.046670	 -0.004069
 -0.028185	 -0.003392	 -0.045555	  0.026164	  0.027836	 -0.018099	 -0.010562
 -0.009275	  0.005667	 -0.057022	  0.009059	  0.020203	  0.006417	 -0.038848
  0.022464	  0.002974	 -0.043718	  0.071301	  0.003541	  0.008445	 -0.055193
  0.048913	  0.013491	 -0.019613	  0.067183	  0.009338	 -0.006696	 -0.051170
  0.046442	  0.011147	 -0.008812	  0.052581	  0.022356	 -0.012873	  0.009457
  0.065416	 -0.000320	  0.019252	  0.047386	  0.029673	 -0.008913	  0.043919
  0.041343	  0.011432	  0.028755	  0.056097	  0.070218	  0.002996	  0.018167
  0.014102	  0.035663	  0.042470	  0.061735	  0.047918	 -0.017783	 -0.027667
 -0.032556	  0.025717	  0.048013	  0.067722	  0.061032	  0.000557	 -0.038373
 -0.054158	  0.025464	  0.036484	  0.071808	  0.114627	  0.002015	  0.004895
 -0.057928	  0.001612	  0.065973	  0.077890	  0.120550	  0.006576	  0.048829
 -0.099391	 -0.011470	  0.091630	  0.066011	  0.112156	 -0.013285	  0.009393
 -0.097839	 -0.054041	  0.089160	  0.051504	  0.102812	  0.014875	 -0.061654
 -0.071580	 -0.041308	  0.133854	  0.085713	  0.065055	  0.043478	 -0.083510
 -0.064738	 -0.017140	  0.113265	  0.094614	  0.067779	  0.037142	 -0.072107
 -0.077408	 -0.014289	  0.124541	  0.073962	  0.089730	  0.040500	 -0.040812
 -0.073005	 -0.003392	  0.130369	  0.051219	  0.080417	  0.036541	 -0.057061
 -0.064009	 -0.006718	  0.104300	  0.046911	  0.051656	  0.021368	 -0.058170
 -0.045891	 -0.023538	  0.070693	  0.002977	  0.114658	  0.021146	 -0.039925
 -0.025714	 -0.078178	  0.038701	  0.011942	  0.116812	  0.011264	 -0.019621
 -0.004555	 -0.077101	  0.031511	  0.007412	  0.098250	 -0.005524	 -0.016549
  0.006785	 -0.080110	  0.039651	  0.013810	  0.064041	 -0.017086	 -0.009232
 -0.017447	 -0.057811	  0.073322	  0.012227	  0.059353	 -0.019525	 -0.052374
 -0.036484	 -0.014605	  0.082254	  0.020431	  0.048330	 -0.028679	 -0.036726
 -0.028660	  0.019065	  0.083141	  0.028128	  0.035850	 -0.016167	  0.026181
 -0.065055	  0.004146	  0.046018	  0.029268	  0.061792	 -0.009420	  0.012117
 -0.056851	 -0.031488	  0.008388	  0.013367	  0.078548	  0.004042	  0.039010
 -0.042344	 -0.020244	  0.004713	  0.026037	  0.042090	  0.027893	  0.024629
 -0.003256	 -0.000035	  0.032651	  0.033861	  0.019474	  0.040690	 -0.031468
  0.001653	 -0.011755	  0.026854	  0.021856	  0.000089	  0.015952	 -0.076098
 -0.026791	 -0.021954	  0.031384	  0.028096	  0.025049	 -0.009959	 -0.029346
 -0.023655	 -0.032217	  0.073322	  0.011086	  0.067715	  0.011961	  0.014936
 -0.017542	 -0.057462	  0.070978	  0.009503	  0.096920	  0.024631	  0.000207
 -0.013456	 -0.080237	  0.045258	 -0.001869	  0.086942	  0.014906	 -0.015218
 -0.053272	 -0.061200	 -0.005835	 -0.001425	  0.080892	 -0.021140	 -0.011006
 -0.060620	 -0.042226	 -0.060506	  0.006652	  0.033665	 -0.022312	  0.034132
 -0.061602	 -0.027561	 -0.050782	 -0.012068	  0.013962	  0.020830	  0.042811
 -0.008039	 -0.013085	 -0.030985	  0.015077	  0.011492	  0.022699	  0.027195
  0.000545	 -0.011945	 -0.008052	  0.030978	  0.018872	 -0.000710	  0.032991
  0.004568	  0.028283	  0.031511	  0.025974	  0.008514	 -0.018353	 -0.000299
  0.017649	  0.027459	  0.058656	  0.016376	 -0.018536	 -0.003370	  0.009837
 -0.011397	  0.015043	  0.059068	  0.017010	 -0.050402	  0.045726	  0.025674
 -0.018397	  0.019287	  0.078358	  0.030598	 -0.041279	  0.058587	  0.052535
 -0.046366	  0.026953	  0.089857	  0.037820	 -0.064117	  0.068659	  0.026086
 -0.009876	  0.042283	  0.085042	  0.019449	 -0.043021	  0.095837	  0.028905
  0.041723	  0.030785	  0.076363	  0.029806	 -0.019012	  0.103059	  0.049241
  0.032759	  0.033414	  0.078358	  0.035381	  0.007817	  0.081203	  0.041512
  0.023414	 -0.008492	  0.074241	  0.006335	  0.022135	  0.046803	  0.052852
  0.044035	  0.010070	  0.075349	 -0.022331	  0.005442	  0.011992	  0.016520
  0.011409	 -0.035955	  0.085960	 -0.014096	  0.015198	 -0.006664	 -0.011132
 -0.006107	 -0.041371	  0.096413	 -0.022711	  0.016021	 -0.012746	  0.004769
 -0.004460	  0.004970	  0.128025	 -0.008552	  0.028280	 -0.019556	  0.021082
  0.007862	  0.010576	  0.095907	  0.013335	  0.047032	  0.011264	  0.035779
  0.041406	 -0.007320	  0.078453	  0.002851	  0.056788	 -0.005176	  0.002076
  0.070706	 -0.016664	  0.094291	 -0.008711	  0.045004	 -0.042173	 -0.026843
  0.072194	  0.006680	  0.069869	 -0.045201	  0.035185	 -0.027063	 -0.010911
  0.065004	  0.005223	  0.075666	 -0.051884	  0.039936	 -0.011796	  0.026181
  0.013722	 -0.001239	  0.104269	 -0.029205	  0.036642	 -0.012366	  0.045123
  0.017079	  0.000630	  0.085770	 -0.043554	  0.071326	 -0.033050	  0.036824
  0.003807	  0.012160	  0.092866	 -0.064966	  0.075603	 -0.036819	  0.010914
 -0.003098	  0.022486	  0.079182	 -0.061133	  0.071295	 -0.048349	 -0.000838
 -0.020836	  0.017703	  0.077820	 -0.054767	  0.059036	  0.002996	  0.028969
 -0.044846	  0.020142	  0.032588	 -0.040513	  0.054380	  0.025929	  0.107682
 -0.004397	 -0.014574	  0.008103	 -0.049920	  0.024225	  0.024536	  0.087441
  0.009509	 -0.008080	  0.017193	 -0.066170	 -0.017238	  0.029034	  0.038408
  0.017618	 -0.007384	  0.009750	 -0.061260	  0.003320	  0.018201	  0.018991
  0.027722	  0.014156	  0.015958	 -0.060848	 -0.007577	  0.033278	  0.041765
  0.046601	  0.003006	  0.043294	 -0.047196	 -0.007862	  0.068596	  0.073567
  0.033044	  0.030025	  0.054824	 -0.018688	 -0.010237	  0.058048	  0.071192
 -0.002528	  0.034238	  0.075761	  0.008806	  0.031606	  0.039550	  0.067771
 -0.020519	  0.026414	  0.073797	 -0.001014	  0.036769	  0.021210	  0.048322
 -0.007216	  0.070886	  0.020836	 -0.009408	  0.006234	  0.009173	  0.027607
  0.021260	  0.081022	  0.014406	  0.004498	 -0.013183	 -0.021013	  0.022253
 -0.010098	  0.054003	  0.013646	  0.003706	 -0.002604	 -0.002325	  0.039041
 -0.011397	  0.060782	  0.033063	  0.013589	 -0.013722	 -0.003687	  0.006923
 -0.005157	  0.034840	  0.062362	  0.016788	 -0.040931	 -0.017846	  0.017249
 -0.011017	  0.065438	  0.090807	  0.047703	 -0.024745	  0.030269	  0.025009
 -0.006107	  0.072565	  0.099739	  0.053183	 -0.013943	  0.060867	  0.023521
 -0.001767	  0.063031	  0.108988	  0.039721	  0.008071	  0.065809	  0.020923
 -0.026126	  0.041618	  0.094323	  0.012892	 -0.000767	  0.061881	 -0.006064
 -0.016275	  0.036265	  0.061444	  0.003769	 -0.042261	  0.057130	 -0.039672
  0.013690	  0.011970	  0.047412	 -0.000032	 -0.028609	  0.035970	 -0.011449
  0.019202	  0.013459	  0.053303	  0.042952	 -0.017681	  0.064383	 -0.017436
  0.037415	  0.021884	  0.070788	  0.069686	  0.033443	  0.065175	 -0.051423
  0.039696	  0.003133	  0.085327	  0.059740	  0.011523	  0.082692	 -0.096529
  0.089616	  0.018305	  0.115735	  0.061165	  0.014406	  0.088678	 -0.060641
  0.071529	  0.065470	  0.112948	  0.045676	  0.001736	  0.088520	 -0.053419
  0.048691	  0.050044	  0.075254	  0.030313	 -0.029749	  0.065682	 -0.058107
  0.056483	  0.074656	  0.078834	  0.021729	 -0.005645	  0.061089	 -0.010974
  0.083122	  0.075828	  0.082191	  0.026702	 -0.031713	  0.069451	 -0.004069
  0.085973	  0.071900	  0.087481	  0.051092	  0.018049	  0.061216	  0.014493
  0.075995	  0.078235	  0.069141	  0.085238	  0.040728	  0.045790	  0.049589
  0.023541	  0.058881	  0.081494	  0.069876	  0.014628	 -0.008090	  0.027575
  0.044035	  0.034966	  0.074494	  0.030250	  0.001514	  0.027482	  0.025294
  0.058732	  0.042093	  0.061792	  0.062812	  0.027836	 -0.011859	  0.056811
  0.058321	  0.015739	  0.035058	  0.106239	  0.041362	  0.006196	  0.046707
  0.048248	  0.016911	  0.013899	  0.111560	  0.010573	  0.021748	  0.047214
  0.035134	  0.027301	 -0.040867	  0.083718	  0.012030	  0.030047	  0.054847
  0.019645	 -0.011026	 -0.034026	  0.075039	  0.004302	  0.046107	  0.037426
  0.011916	  0.003703	 -0.010332	  0.068450	 -0.001020	  0.043984	  0.026625
  0.043908	  0.051659	  0.037624	  0.082863	 -0.007830	  0.020513	  0.019244
  0.045714	  0.040193	  0.031637	  0.085967	 -0.005011	  0.036034	 -0.007521
  0.051954	  0.048397	  0.042724	  0.083813	 -0.014830	  0.060234	 -0.014680
  0.057719	  0.046338	  0.100594	  0.059676	  0.003731	  0.076800	 -0.000204
  0.056420	  0.036518	  0.130084	  0.061355	  0.018144	  0.061627	  0.034639
  0.041628	  0.009436	  0.129704	  0.038042	  0.025714	  0.034038	  0.049209
  0.039094	  0.029011	  0.127994	  0.003358	  0.024732	  0.031504	  0.019814
  0.046031	  0.036899	  0.138668	  0.002091	  0.021691	  0.012752	  0.012497
  0.029211	  0.048523	  0.142184	  0.046436	  0.017098	 -0.012208	 -0.007205
  0.053886	  0.014726	  0.136007	  0.045042	  0.013202	 -0.006158	 -0.011196
  0.060284	  0.026889	  0.142438	  0.039657	 -0.012898	  0.009902	 -0.017341
  0.037415	  0.037437	  0.119093	  0.049128	  0.013836	  0.002078	 -0.010435
  0.033677	  0.044026	  0.072340	  0.044947	  0.016306	  0.004739	  0.007429
  0.008590	  0.043677	  0.081969	  0.000887	  0.008103	 -0.001280	  0.003438
  0.042071	  0.029867	  0.089698	 -0.000507	 -0.021260	  0.002363	  0.014335
  0.074317	  0.041935	  0.088875	 -0.006715	  0.010510	 -0.003465	  0.012719
  0.017491	  0.032844	  0.062552	  0.021761	  0.020931	 -0.000298	  0.001474
  0.006120	  0.046655	  0.084788	  0.017960	  0.041552	 -0.001026	 -0.032196
  0.037573	  0.037690	  0.062711	  0.017707	  0.030339	 -0.028362	 -0.023676
  0.035229	  0.024038	  0.074114	 -0.024865	  0.049692	 -0.039385	 -0.033780
  0.069154	 -0.008144	  0.064548	 -0.027969	  0.070281	 -0.030674	 -0.025893
  0.047171	  0.005603	  0.011904	 -0.049128	  0.063914	 -0.018891	 -0.004734
  0.011504	 -0.006972	 -0.007323	 -0.040006	  0.077947	 -0.046607	  0.008095
 -0.010415	  0.050899	  0.003636	 -0.023408	  0.082381	 -0.042901	  0.041575
  0.001875	  0.074592	  0.027995	 -0.021064	  0.042185	 -0.019873	  0.057762
  0.005423	  0.089480	  0.037592	 -0.021729	  0.040031	  0.013164	  0.060359
  0.005169	  0.106394	  0.042882	 -0.004466	  0.035470	  0.034672	  0.049526
 -0.000469	  0.092774	  0.061032	  0.024010	  0.022261	  0.030997	  0.037363
  0.005486	  0.077791	  0.074241	  0.039721	 -0.006056	  0.002363	  0.035842
  0.000291	  0.074054	  0.108482	  0.043712	 -0.008749	 -0.006316	  0.061848
  0.022876	  0.063189	  0.119283	  0.064396	 -0.028356	  0.020418	  0.043698
  0.048533	  0.046496	  0.126315	  0.070383	 -0.044352	 -0.001153	  0.068658
  0.081634	  0.057741	  0.123939	  0.060373	 -0.026233	 -0.002008	  0.072427
  0.112074	  0.060180	  0.113518	  0.045993	  0.017098	 -0.016769	  0.021018
  0.085371	  0.073864	  0.098567	  0.032119	  0.018650	 -0.024023	  0.023679
  0.051700	  0.073357	  0.097744	  0.049318	  0.028977	 -0.022439	  0.026213
  0.053791	  0.082828	  0.084884	  0.047228	  0.032778	 -0.011321	  0.010502
  0.051352	  0.051247	  0.062172	  0.024105	  0.018619	 -0.013696	  0.019244
  0.067823	  0.053623	  0.040348	  0.034716	  0.033823	 -0.018163	  0.020100
  0.032759	  0.066040	  0.062742	  0.078967	  0.014469	 -0.053291	 -0.027857
  0.022939	  0.037057	  0.074367	  0.073740	  0.043801	 -0.060354	 -0.050726
  0.020184	  0.038197	  0.084820	  0.042920	  0.053240	 -0.091269	 -0.059627
  0.034881	  0.058723	  0.070408	  0.010136	  0.010478	 -0.095609	 -0.062003
  0.024396	  0.038862	  0.075476	 -0.008647	  0.056376	 -0.095799	 -0.059881
 -0.014469	 -0.005166	  0.081082	 -0.028793	  0.064611	 -0.079486	 -0.062510
 -0.031099	 -0.000383	  0.086277	 -0.017231	  0.039113	 -0.026335	 -0.066691
 -0.038321	 -0.010424	  0.082001	  0.007412	  0.050801	 -0.045308	 -0.034635
 -0.022040	 -0.029683	  0.098821	 -0.011023	  0.067430	 -0.024814	 -0.004480
 -0.012252	 -0.049068	  0.083648	 -0.009693	  0.059322	 -0.053861	  0.022032
 -0.007406	 -0.040199	  0.056566	 -0.009788	  0.071010	 -0.078821	  0.001696
 -0.006044	 -0.004121	  0.023940	  0.005670	  0.066670	 -0.048888	  0.041417
 -0.019031	  0.012540	  0.046810	  0.024200	  0.078738	 -0.018384	  0.056273
 -0.012759	 -0.002284	  0.056978	  0.009661	  0.084503	 -0.015090	  0.061373
  0.016984	 -0.012483	  0.081368	  0.004371	  0.102368	  0.014115	  0.040657
  0.026550	  0.027364	  0.065910	  0.007222	  0.122355	  0.055071	  0.029982
  0.006025	  0.064868	  0.070725	  0.020304	  0.126473	  0.015793	  0.025009
 -0.008039	  0.049727	  0.074051	  0.039467	  0.109939	 -0.011352	  0.015348
 -0.008198	  0.101738	  0.077820	  0.065124	  0.100404	 -0.036091	 -0.014331
 -0.029800	  0.096163	  0.079562	  0.095754	  0.094703	 -0.045815	  0.013574
 -0.045796	  0.125146	  0.115640	  0.097908	  0.093277	 -0.052119	  0.034544
  0.001717	  0.133065	  0.101386	  0.054893	  0.100341	 -0.031593	  0.031408
 -0.029705	  0.133033	  0.089128	  0.013842	  0.104300	 -0.049901	  0.040403
 -0.045384	  0.110037	  0.041932	 -0.016218	  0.118048	 -0.029186	  0.018801
 -0.048235	  0.082828	  0.059987	 -0.021793	  0.120297	 -0.077490	 -0.001123
