:RUN-1	DP I-O	10:01 AM	TEMP: NaN	HR: NaN
Level Step Size:5.00	Start dB SPL: 10	Stop dB SPL: 80	# Buffers Averaged: 8.00	Update Interval:5	Ear:Right	Etymotics Gain:40	Ipsi Driver:Starship	
:NOTES-
:CHAMBER-
:CFTS Version: V2.30.1 (R2128)
:dB	f1(Hz)	f2(Hz)	f1(dB)	f2(dB)	2f1-f2(dB)	2f1-f2Nse(dB)	f2-f1(dB)	f2-f1Nse(dB)	2f1-f2Phase Shox (1)	PostexposureTime(min)
:DATA
 10.00	4720.00	5660.00	 20.03	  9.98	-10.20	 -3.81	  3.84	  3.70	  0.00	   NaN
 15.00	4720.00	5660.00	 25.05	 14.81	 -9.18	 -4.93	  2.54	  2.69	  0.00	   NaN
 20.00	4720.00	5660.00	 29.99	 19.82	 -6.01	 -6.20	  5.00	  5.86	  0.00	   NaN
 25.00	4720.00	5660.00	 34.98	 24.87	 -5.90	 -3.33	  7.14	  5.74	  0.00	   NaN
 30.00	4720.00	5660.00	 40.00	 29.95	 -5.89	 -6.15	 -0.03	  0.07	  0.00	   NaN
 35.00	4720.00	5660.00	 44.99	 34.94	 -3.66	  0.94	  8.66	  9.23	  0.00	   NaN
 40.00	4720.00	5660.00	 49.99	 39.90	  3.96	  4.27	  8.83	 11.88	  0.00	   NaN
 45.00	4720.00	5660.00	 54.99	 44.93	 -1.31	 -0.02	  5.74	  7.78	  0.00	   NaN
 50.00	4720.00	5660.00	 59.99	 49.93	 -8.73	 -4.92	  0.88	  2.40	  0.00	   NaN
 55.00	4720.00	5660.00	 64.99	 54.93	 -9.15	 -5.30	  3.50	  3.17	  0.00	   NaN
 60.00	4720.00	5660.00	 69.99	 59.94	-14.69	 -2.82	  9.64	  7.50	  0.00	   NaN
 65.00	4720.00	5660.00	 74.99	 64.94	-11.30	 -4.93	 11.37	 -0.16	  0.00	   NaN
 70.00	4720.00	5660.00	 80.00	 69.96	 -8.61	 -5.42	 21.11	  0.70	  0.00	   NaN
 75.00	4720.00	5660.00	 85.01	 74.98	 -7.11	 -5.93	 31.21	  1.74	  0.00	   NaN
 80.00	4720.00	5660.00	 90.05	 80.03	  6.75	 -4.71	 41.23	 -0.28	  0.00	   NaN
 10.00	6660.00	8000.00	 20.16	 10.79	-11.58	-10.77	  1.73	  1.75	  0.00	   NaN
 15.00	6660.00	8000.00	 24.98	 14.95	 -5.96	-12.88	  3.79	  3.61	  0.00	   NaN
 20.00	6660.00	8000.00	 29.99	 19.96	 -5.18	-14.75	 -4.30	 -5.19	  0.00	   NaN
 25.00	6660.00	8000.00	 35.02	 25.02	 -7.77	-12.86	 -4.79	 -5.87	  0.00	   NaN
 30.00	6660.00	8000.00	 40.01	 29.97	 -8.69	-14.73	 -0.63	 -0.27	  0.00	   NaN
 35.00	6660.00	8000.00	 45.00	 34.98	 -9.46	-14.12	 -1.20	 -0.43	  0.00	   NaN
 40.00	6660.00	8000.00	 50.00	 40.01	 -5.38	 -8.26	 10.91	  9.01	  0.00	   NaN
 45.00	6660.00	8000.00	 55.00	 44.98	 -9.74	-15.54	 -3.04	 -4.73	  0.00	   NaN
 50.00	6660.00	8000.00	 60.00	 50.02	 -8.00	-14.58	 -4.64	 -0.99	  0.00	   NaN
 55.00	6660.00	8000.00	 65.01	 54.99	 -9.77	-12.06	  1.48	  0.80	  0.00	   NaN
 60.00	6660.00	8000.00	 70.00	 60.02	 -6.57	-13.75	  0.49	 -0.40	  0.00	   NaN
 65.00	6660.00	8000.00	 75.01	 65.03	 -7.88	-11.23	  3.94	  0.80	  0.00	   NaN
 70.00	6660.00	8000.00	 80.01	 70.02	 -7.94	-13.32	 11.25	 -2.08	  0.00	   NaN
 75.00	6660.00	8000.00	 85.02	 75.02	 -9.18	-12.03	 20.34	 -0.67	  0.00	   NaN
 80.00	6660.00	8000.00	 90.05	 80.02	 -9.09	-11.40	 30.68	  3.29	  0.00	   NaN
 10.00	9440.00	11320.00	 20.04	  9.72	 -8.49	 -7.66	 -1.89	 -1.63	  0.00	   NaN
 15.00	9440.00	11320.00	 25.08	 15.08	 -7.64	 -7.55	 -2.04	 -1.67	  0.00	   NaN
 20.00	9440.00	11320.00	 30.09	 19.87	 -4.89	 -7.70	  0.06	 -0.70	  0.00	   NaN
 25.00	9440.00	11320.00	 35.06	 24.97	 -8.29	 -8.57	 -9.01	 -4.35	  0.00	   NaN
 30.00	9440.00	11320.00	 40.03	 29.98	 -4.82	 -9.05	 -2.32	 -3.02	  0.00	   NaN
 35.00	9440.00	11320.00	 45.01	 34.99	 -6.23	 -8.91	  0.05	 -1.92	  0.00	   NaN
 40.00	9440.00	11320.00	 50.01	 40.01	 -8.17	 -6.09	 -6.09	 -1.57	  0.00	   NaN
 45.00	9440.00	11320.00	 55.02	 45.01	 -4.64	 -7.81	 -3.50	 -2.65	  0.00	   NaN
 50.00	9440.00	11320.00	 60.02	 50.01	 -9.38	-10.27	 -1.59	 -4.06	  0.00	   NaN
 55.00	9440.00	11320.00	 65.05	 55.01	 -6.53	 -7.45	-12.02	 -5.95	  0.00	   NaN
 60.00	9440.00	11320.00	 70.06	 60.02	 -9.44	-10.52	 -7.01	 -5.87	  0.00	   NaN
 65.00	9440.00	11320.00	 75.04	 65.00	 -7.69	 -9.99	  4.11	 -2.31	  0.00	   NaN
 70.00	9440.00	11320.00	 80.07	 70.00	 -6.82	 -8.30	 11.58	 -2.58	  0.00	   NaN
 75.00	9440.00	11320.00	 85.14	 75.02	 -5.87	 -6.59	 21.29	 -5.07	  0.00	   NaN
 80.00	9440.00	11320.00	 90.22	 80.03	 -1.20	 -9.26	 31.37	 -4.16	  0.00	   NaN
 10.00	13340.00	16000.00	 20.34	  9.87	 -7.30	 -5.90	 -3.67	 -5.34	  0.00	   NaN
 15.00	13340.00	16000.00	 25.02	 15.51	 -9.06	 -9.67	-10.33	 -3.30	  0.00	   NaN
 20.00	13340.00	16000.00	 29.97	 19.73	 -9.36	-10.15	 -7.07	 -5.44	  0.00	   NaN
 25.00	13340.00	16000.00	 34.99	 25.16	 -8.57	 -9.59	 -6.93	 -6.70	  0.00	   NaN
 30.00	13340.00	16000.00	 40.13	 30.10	-10.19	 -7.90	 -2.83	 -2.59	  0.00	   NaN
 35.00	13340.00	16000.00	 45.07	 35.05	 -5.88	 -7.63	 -7.70	 -3.28	  0.00	   NaN
 40.00	13340.00	16000.00	 50.06	 40.02	 -5.90	 -9.58	 -8.24	 -2.76	  0.00	   NaN
 45.00	13340.00	16000.00	 55.07	 45.00	  0.39	  0.99	  7.96	  8.54	  0.00	   NaN
 50.00	13340.00	16000.00	 60.06	 50.00	-11.90	 -9.87	 -6.89	 -4.97	  0.00	   NaN
 55.00	13340.00	16000.00	 65.06	 55.02	 -7.26	 -8.51	 -5.02	 -3.98	  0.00	   NaN
 60.00	13340.00	16000.00	 70.06	 60.02	-10.41	 -9.53	 -3.91	 -6.05	  0.00	   NaN
 65.00	13340.00	16000.00	 75.06	 65.03	 -9.64	 -9.88	-12.02	 -7.67	  0.00	   NaN
 70.00	13340.00	16000.00	 80.08	 70.03	 -9.33	 -7.29	 -0.63	 -1.72	  0.00	   NaN
 75.00	13340.00	16000.00	 85.09	 75.03	 -9.31	 -6.52	  7.38	 -3.01	  0.00	   NaN
 80.00	13340.00	16000.00	 90.13	 80.03	-12.19	 -8.12	 16.36	 -5.42	  0.00	   NaN
 10.00	18880.00	22640.00	 20.08	 11.16	 -0.01	 -1.16	  2.99	-11.38	  0.00	   NaN
 15.00	18880.00	22640.00	 24.74	 15.36	  5.77	 -0.20	  2.51	 -8.00	  0.00	   NaN
 20.00	18880.00	22640.00	 30.03	 19.61	 -2.27	  0.98	  3.00	-10.79	  0.00	   NaN
 25.00	18880.00	22640.00	 35.00	 24.96	  4.32	  0.96	  1.81	 -7.92	  0.00	   NaN
 30.00	18880.00	22640.00	 40.01	 30.06	 -1.51	  0.99	  2.57	-11.61	  0.00	   NaN
 35.00	18880.00	22640.00	 45.00	 35.08	  2.07	  0.83	  0.82	-10.61	  0.00	   NaN
 40.00	18880.00	22640.00	 50.01	 40.05	  1.30	  0.75	  0.37	 -6.05	  0.00	   NaN
 45.00	18880.00	22640.00	 55.01	 44.99	  2.26	 -0.35	  5.83	 -0.76	  0.00	   NaN
 50.00	18880.00	22640.00	 60.01	 50.02	 -1.57	  2.76	  2.44	-10.07	  0.00	   NaN
 55.00	18880.00	22640.00	 65.01	 55.00	 -3.13	  1.39	  0.74	 -8.57	  0.00	   NaN
 60.00	18880.00	22640.00	 70.01	 60.01	 -3.39	  0.51	  5.33	 -2.69	  0.00	   NaN
 65.00	18880.00	22640.00	 75.01	 65.00	  0.28	  1.73	  3.82	  2.86	  0.00	   NaN
 70.00	18880.00	22640.00	 80.01	 70.01	  3.43	  0.76	  5.93	 -0.90	  0.00	   NaN
 75.00	18880.00	22640.00	 85.02	 75.01	 -1.45	 -1.71	  4.74	 -8.49	  0.00	   NaN
 80.00	18880.00	22640.00	 90.03	 80.01	  2.89	  0.56	 11.84	  6.40	  0.00	   NaN
 10.00	26660.00	32000.00	 19.66	 10.32	 -3.66	 -0.27	 -5.27	 -6.02	  0.00	   NaN
 15.00	26660.00	32000.00	 25.13	 15.02	 -5.13	 -1.18	 -8.93	-11.03	  0.00	   NaN
 20.00	26660.00	32000.00	 29.95	 19.78	 -1.79	 -1.70	-12.95	-11.72	  0.00	   NaN
 25.00	26660.00	32000.00	 35.06	 25.27	 -3.57	 -4.64	 -3.67	 -3.71	  0.00	   NaN
 30.00	26660.00	32000.00	 40.00	 29.98	 -1.77	 -2.41	-12.29	-13.36	  0.00	   NaN
 35.00	26660.00	32000.00	 45.01	 35.02	 -2.55	 -2.40	 -6.43	 -5.72	  0.00	   NaN
 40.00	26660.00	32000.00	 50.01	 40.00	  0.39	 -2.42	 -1.39	 -1.37	  0.00	   NaN
 45.00	26660.00	32000.00	 55.02	 45.00	 -2.07	 -1.83	 -1.56	 -0.79	  0.00	   NaN
 50.00	26660.00	32000.00	 60.02	 50.02	 -3.18	 -5.00	 -0.24	 -3.06	  0.00	   NaN
 55.00	26660.00	32000.00	 65.02	 55.01	 -3.34	 -2.09	-12.78	-11.71	  0.00	   NaN
 60.00	26660.00	32000.00	 70.01	 60.01	 -3.67	 -4.10	 -4.38	 -6.13	  0.00	   NaN
 65.00	26660.00	32000.00	 75.02	 65.02	 -5.55	 -4.40	 -4.77	 -6.06	  0.00	   NaN
 70.00	26660.00	32000.00	 80.02	 70.04	 -2.54	 -0.33	 -4.94	 -4.56	  0.00	   NaN
 75.00	26660.00	32000.00	 85.03	 75.04	 -0.89	  0.04	  3.81	 -2.48	  0.00	   NaN
 80.00	26660.00	32000.00	 90.04	 80.02	 -3.50	 -1.26	 14.23	 -9.19	  0.00	   NaN
 10.00	37700.00	45240.00	 19.47	 13.28	 -7.76	 -6.26	  2.24	  3.36	  0.00	   NaN
 15.00	37700.00	45240.00	 24.94	 17.79	 -6.82	 -8.12	  3.80	  3.92	  0.00	   NaN
 20.00	37700.00	45240.00	 30.17	 19.80	 -9.44	 -5.12	  7.36	  8.44	  0.00	   NaN
 25.00	37700.00	45240.00	 35.14	 24.34	 -5.00	 -6.83	 -0.18	  1.35	  0.00	   NaN
 30.00	37700.00	45240.00	 40.02	 30.91	 -6.17	 -4.24	  3.47	  2.75	  0.00	   NaN
 35.00	37700.00	45240.00	 44.96	 35.21	 -2.76	 -3.98	  4.33	  5.10	  0.00	   NaN
 40.00	37700.00	45240.00	 49.98	 39.88	 -7.71	 -7.00	  2.32	  3.79	  0.00	   NaN
 45.00	37700.00	45240.00	 54.99	 44.95	 -4.09	 -7.42	  0.16	 -1.54	  0.00	   NaN
 50.00	37700.00	45240.00	 60.00	 50.01	 -7.12	 -5.87	  1.47	  2.31	  0.00	   NaN
 55.00	37700.00	45240.00	 65.01	 55.01	 -8.43	 -8.64	  2.18	  1.68	  0.00	   NaN
 60.00	37700.00	45240.00	 70.00	 59.96	 -7.23	 -6.51	  3.21	  1.68	  0.00	   NaN
 65.00	37700.00	45240.00	 74.99	 64.97	 -6.56	 -3.19	  6.30	  5.57	  0.00	   NaN
 70.00	37700.00	45240.00	 79.99	 69.96	 -4.52	 -8.02	  1.68	  2.95	  0.00	   NaN
 75.00	37700.00	45240.00	 85.01	 75.00	 -6.07	 -5.41	  6.57	  5.61	  0.00	   NaN
 80.00	37700.00	45240.00	 90.01	 79.99	 -3.17	 -5.02	  3.61	  2.72	  0.00	   NaN
