:RUN-3	LEVEL SWEEP	TEMP:NaN	8/27/2019	12:32 PM	HR:-636.36:SW EAR: R	SW FREQ: 11.30	# AVERAGES: 512	REP RATE (/sec): 80	DRIVER: 	SAMPLE (µsec): 40	MASKER dB: 2147483647:NOTES-:CHAMBER-SEWELL-PXI1:CFTS Version: V2.7.2 (R850):LEVELS:20;30;40;50;60;70;80;:DATA  0.084665	 -0.009271	  0.034460	  0.081840	 -0.068111	  0.044556	 -0.000619
  0.049030	 -0.028657	  0.019414	  0.081428	 -0.036594	  0.054249	 -0.004579
  0.047700	 -0.024507	 -0.039629	  0.070595	 -0.015435	  0.032614	 -0.017502
  0.054098	  0.026300	 -0.048276	  0.055802	  0.004995	  0.029352	 -0.032073
  0.046718	  0.017748	 -0.042892	  0.067776	 -0.030576	  0.051493	 -0.039105
  0.036550	  0.025191	 -0.059489	  0.073002	 -0.033997	  0.080919	 -0.066852
 -0.013275	 -0.003348	 -0.060756	  0.056056	 -0.032097	  0.104771	 -0.079174
 -0.029493	 -0.016557	 -0.048593	  0.021340	  0.019914	  0.074648	 -0.038820
 -0.056892	 -0.024919	 -0.030126	  0.011204	  0.055897	  0.028085	 -0.037394
 -0.016949	 -0.013674	 -0.028321	  0.000371	  0.027580	 -0.008183	 -0.032105
 -0.004279	  0.006471	 -0.001239	 -0.012046	  0.023177	 -0.055696	 -0.038915
 -0.004659	  0.001910	 -0.005008	 -0.071976	 -0.004222	 -0.072167	 -0.051743
 -0.020149	  0.027187	  0.018685	 -0.070962	 -0.005553	 -0.106472	 -0.041924
 -0.023823	  0.042296	  0.014599	 -0.071437	 -0.001973	 -0.101847	 -0.045598
 -0.020339	  0.010082	  0.013205	 -0.067953	 -0.009480	 -0.065864	 -0.018072
 -0.024045	  0.012363	  0.012794	 -0.043373	  0.013738	 -0.069792	  0.054211
 -0.024710	  0.011603	  0.040541	 -0.083791	  0.053775	 -0.044578	  0.090574
 -0.039914	 -0.007339	  0.051501	 -0.052591	  0.041992	 -0.022374	  0.107584
 -0.017298	 -0.026756	  0.077728	 -0.035803	 -0.008625	  0.021845	  0.135521
 -0.022936	 -0.026123	  0.081402	 -0.009480	  0.005597	  0.024442	  0.156585
  0.009278	 -0.019693	  0.071520	  0.031507	 -0.013123	  0.079557	  0.186614
  0.012319	 -0.012914	  0.072407	  0.026915	 -0.028517	  0.114178	  0.187786
  0.026319	 -0.013548	  0.067275	  0.022290	 -0.013186	  0.120545	  0.170808
  0.033003	 -0.014023	  0.069271	  0.036354	 -0.008594	  0.119563	  0.180722
  0.003006	 -0.019312	  0.045704	  0.036702	  0.001859	  0.098087	  0.151929
 -0.014415	 -0.036227	  0.024007	  0.034643	 -0.006408	  0.095648	  0.139829
 -0.042448	 -0.024824	  0.015486	  0.027865	  0.005185	  0.071100	  0.159911
 -0.068517	  0.003494	  0.007441	  0.062581	 -0.014105	  0.115952	  0.168717
 -0.072128	  0.084424	 -0.002442	  0.064323	  0.014624	  0.132297	  0.214488
 -0.044222	  0.083379	  0.004780	  0.064703	  0.029607	  0.155705	  0.221551
 -0.078495	  0.071596	  0.049885	  0.048010	  0.046902	  0.208634	  0.310084
 -0.077354	  0.062315	  0.011812	  0.050639	  0.123049	  0.235400	  0.411603
 -0.090911	  0.051957	 -0.003773	  0.082821	  0.154503	  0.298434	  0.483886
 -0.093889	  0.064374	 -0.000478	  0.105311	  0.169548	  0.351870	  0.539065
 -0.061137	  0.069695	  0.007567	  0.159602	  0.232836	  0.403754	  0.564088
 -0.043620	  0.067193	  0.038736	  0.199006	  0.293019	  0.412528	  0.600008
 -0.026991	  0.062917	  0.059800	  0.239931	  0.343541	  0.407682	  0.530386
 -0.032122	  0.052622	  0.112064	  0.259506	  0.367329	  0.365870	  0.463677
  0.003228	  0.046952	  0.114028	  0.288426	  0.354849	  0.243762	  0.356267
  0.038197	  0.062790	  0.136581	  0.311295	  0.319594	  0.127134	  0.187152
  0.054003	  0.106344	  0.156473	  0.299892	  0.277086	 -0.021677	  0.018291
  0.070284	  0.142992	  0.169491	  0.273982	  0.207400	 -0.126807	 -0.118705
  0.047510	  0.163803	  0.193438	  0.202713	  0.105248	 -0.228010	 -0.235175
  0.021884	  0.155535	  0.143454	  0.137968	 -0.007738	 -0.304221	 -0.338215
 -0.005831	  0.104000	  0.132273	  0.053997	 -0.106629	 -0.386893	 -0.451391
 -0.016126	  0.091108	  0.064900	 -0.078564	 -0.244955	 -0.441312	 -0.487912
 -0.017330	  0.075048	 -0.020275	 -0.182744	 -0.370959	 -0.468394	 -0.540968
 -0.015397	  0.051387	 -0.053313	 -0.263358	 -0.426613	 -0.508558	 -0.573404
 -0.019230	  0.011413	 -0.104532	 -0.303364	 -0.456641	 -0.521672	 -0.594595
  0.023848	  0.035929	 -0.135162	 -0.273874	 -0.484103	 -0.457719	 -0.568621
  0.000250	 -0.011457	 -0.179190	 -0.249484	 -0.447138	 -0.369092	 -0.523357
 -0.024457	 -0.049404	 -0.217644	 -0.225158	 -0.392340	 -0.334122	 -0.406475
 -0.035511	 -0.121592	 -0.220970	 -0.190378	 -0.344985	 -0.282080	 -0.288294
 -0.045647	 -0.104456	 -0.217201	 -0.144639	 -0.293703	 -0.196556	 -0.190544
 -0.054041	 -0.138760	 -0.179222	 -0.103208	 -0.224587	 -0.113852	 -0.073187
 -0.014130	 -0.137715	 -0.140768	 -0.077867	 -0.180147	 -0.017433	  0.107299
 -0.009221	 -0.150005	 -0.095568	 -0.046762	 -0.125824	  0.117979	  0.263996
  0.018242	 -0.120927	 -0.078210	  0.040218	 -0.028106	  0.249020	  0.411857
  0.022803	 -0.122099	 -0.012610	  0.076233	  0.049942	  0.346802	  0.504539
  0.001169	 -0.132362	  0.017133	  0.092166	  0.157924	  0.451330	  0.516227
 -0.005895	 -0.104107	  0.090271	  0.142561	  0.217315	  0.483418	  0.510589
 -0.009316	 -0.075378	  0.087516	  0.172653	  0.248673	  0.450887	  0.478280
  0.018495	 -0.063373	  0.106268	  0.222858	  0.259855	  0.422253	  0.377046
  0.008708	 -0.063690	  0.118019	  0.225709	  0.245189	  0.413162	  0.278472
  0.047637	 -0.024507	  0.114947	  0.240438	  0.216428	  0.334544	  0.152056
  0.018464	 -0.015670	  0.103512	  0.233944	  0.170467	  0.266505	  0.079266
  0.024577	 -0.017475	  0.108865	  0.190644	  0.149530	  0.172113	 -0.007619
  0.029011	  0.039224	  0.116594	  0.170214	  0.090804	  0.099671	 -0.077052
  0.041618	  0.024843	  0.115200	  0.135434	  0.009461	  0.041800	 -0.086491
  0.089955	  0.036721	  0.123150	  0.083487	 -0.017304	  0.035719	 -0.145502
  0.102847	  0.025825	  0.099806	  0.061377	 -0.041694	  0.007274	 -0.124723
  0.096416	  0.052939	  0.076303	  0.051400	 -0.070424	 -0.011129	 -0.066092
  0.122073	  0.084266	  0.084380	  0.039205	 -0.046477	 -0.027759	 -0.015475
  0.067529	  0.092660	  0.042790	  0.040440	  0.013706	 -0.010147	  0.046704
  0.045989	  0.117335	  0.023595	  0.050671	  0.025996	  0.015700	  0.033748
  0.054447	  0.090411	  0.040763	  0.062549	  0.011014	 -0.015279	  0.021965
  0.057171	  0.086673	  0.033921	  0.048137	  0.017222	 -0.018509	  0.007046
  0.036487	  0.082650	  0.030057	  0.042214	  0.041485	 -0.022247	  0.005938
  0.060465	  0.082207	  0.043645	  0.052223	  0.074586	 -0.048538	 -0.017217
  0.015423	  0.087877	  0.016500	  0.061536	  0.049816	 -0.065706	 -0.030552
 -0.009696	  0.072958	  0.031450	  0.078767	  0.035055	 -0.083000	 -0.047847
 -0.027307	  0.038495	  0.046655	  0.051748	  0.020611	 -0.109798	 -0.047879
 -0.027624	  0.030291	  0.052768	  0.011330	 -0.008974	 -0.138591	 -0.035874
 -0.052331	  0.017684	  0.074592	 -0.026617	 -0.061586	 -0.143975	 -0.020575
 -0.017076	 -0.014941	  0.069271	 -0.064089	 -0.071501	 -0.161302	 -0.054056
 -0.051951	  0.019997	  0.039844	 -0.099375	 -0.070139	 -0.184456	 -0.054246
 -0.046091	 -0.013453	  0.032939	 -0.110968	 -0.104031	 -0.188511	 -0.041512
 -0.019040	 -0.046331	  0.034365	 -0.099090	 -0.143024	 -0.185438	 -0.051141
  0.016436	 -0.038571	  0.043994	 -0.122530	 -0.158544	 -0.140364	 -0.064318
  0.027428	 -0.022385	  0.018495	 -0.111380	 -0.167033	 -0.107580	 -0.087853
  0.002911	 -0.005122	 -0.009949	 -0.130353	 -0.176599	 -0.083476	 -0.066092
  0.003069	 -0.003950	 -0.004533	 -0.136720	 -0.155504	 -0.047936	 -0.024724
  0.005255	 -0.012185	  0.007377	 -0.132666	 -0.131557	 -0.015532	 -0.020765
  0.009404	 -0.033566	  0.024609	 -0.103429	 -0.120851	 -0.036469	 -0.045757
  0.010355	 -0.002081	  0.006585	 -0.073908	 -0.140648	 -0.036628	 -0.068373
  0.031609	  0.011413	  0.000915	 -0.066939	 -0.120281	 -0.012396	 -0.017851
  0.033446	  0.005996	  0.035980	 -0.018381	 -0.048536	  0.008636	 -0.031344
  0.007029	 -0.033218	  0.044437	 -0.024336	 -0.030988	  0.043384	  0.007806
  0.033161	 -0.073762	  0.054573	 -0.027979	 -0.047142	  0.043321	  0.064125
  0.010450	 -0.094890	  0.043582	 -0.043848	 -0.026838	  0.043416	  0.101724
  0.003323	 -0.094383	  0.049410	 -0.039889	  0.015258	  0.019754	  0.143155
  0.025749	 -0.119977	  0.069841	 -0.013883	  0.058241	  0.033375	  0.177776
  0.063823	 -0.096252	  0.057519	  0.015100	  0.042720	  0.009872	  0.176224
  0.060877	 -0.097297	  0.059515	  0.049436	  0.020326	  0.023555	  0.133462
  0.063569	 -0.067649	  0.090683	  0.078735	  0.028625	  0.055991	  0.123801
  0.055745	 -0.076835	  0.082099	  0.079812	  0.052160	  0.009650	  0.108566
  0.037374	 -0.092007	  0.107756	  0.070025	  0.075283	  0.012627	  0.091714
  0.009183	 -0.079274	  0.110100	 -0.003367	  0.096062	  0.034262	  0.076225
  0.000155	 -0.079591	  0.097177	 -0.020820	  0.117253	  0.033723	  0.099031
 -0.023316	 -0.004742	  0.076303	  0.008353	  0.123334	  0.031854	  0.116231
  0.009119	 -0.004045	  0.052610	  0.002461	  0.124728	  0.027673	  0.125512
  0.015771	  0.035739	  0.042252	  0.012502	  0.135751	  0.027863	  0.132512
  0.031545	  0.041187	  0.043455	  0.001226	  0.080858	  0.040407	  0.099095
  0.030564	  0.059401	  0.011653	 -0.029436	  0.034010	  0.047407	  0.075370
  0.046813	  0.052432	 -0.019547	 -0.058926	 -0.002670	  0.016587	  0.048731
  0.037374	  0.052052	 -0.017646	 -0.023544	 -0.046129	  0.033660	  0.030169
  0.039971	  0.075618	 -0.032565	 -0.039477	 -0.075397	  0.045316	 -0.051585
  0.027174	  0.068365	 -0.006021	 -0.025413	 -0.101117	  0.040882	 -0.045947
  0.055619	  0.045717	  0.006997	  0.015100	 -0.109036	  0.031633	 -0.077685
 -0.003107	  0.043721	  0.016246	  0.016715	 -0.133014	  0.002586	 -0.078477
  0.027079	  0.077076	 -0.001334	 -0.009195	 -0.131842	  0.000147	 -0.107428
  0.078520	  0.027092	 -0.016823	 -0.010906	 -0.148820	 -0.028582	 -0.107904
  0.072153	  0.023544	 -0.009347	  0.001574	 -0.198487	 -0.059339	 -0.141764
  0.080832	  0.026617	 -0.031108	 -0.010177	 -0.222655	 -0.076127	 -0.145407
  0.085013	  0.035834	 -0.051159	 -0.027124	 -0.236371	 -0.122943	 -0.150443
  0.047605	  0.013472	 -0.057209	 -0.043468	 -0.228420	 -0.116925	 -0.147814
  0.039464	  0.016702	 -0.072381	 -0.036119	 -0.214831	 -0.115689	 -0.185255
  0.030405	  0.009227	 -0.093319	 -0.029499	 -0.172608	 -0.160193	 -0.182911
  0.068447	 -0.000022	 -0.081219	 -0.018191	 -0.146349	 -0.153225	 -0.210690
  0.060053	 -0.007878	 -0.083911	 -0.031368	 -0.138557	 -0.167320	 -0.195708
  0.041301	 -0.025869	 -0.079413	 -0.043690	 -0.099597	 -0.120979	 -0.149810
  0.041967	 -0.050861	 -0.082042	 -0.010874	 -0.087845	 -0.129310	 -0.127447
  0.029455	 -0.045540	 -0.107541	 -0.031241	 -0.099312	 -0.094055	 -0.117121
  0.029835	 -0.028055	 -0.127306	 -0.031780	 -0.069790	 -0.073181	 -0.086649
  0.014663	 -0.042309	 -0.137886	  0.009018	 -0.024431	 -0.020030	 -0.100713
 -0.013148	 -0.064481	 -0.153818	  0.043132	 -0.007200	  0.037334	 -0.182942
 -0.004691	 -0.047503	 -0.119894	  0.041834	 -0.001688	  0.069326	 -0.216296
 -0.002030	 -0.077088	 -0.076246	  0.000687	 -0.010874	  0.059317	 -0.200300
  0.011337	 -0.096664	 -0.070164	 -0.016227	 -0.026047	  0.066190	 -0.199414
  0.016246	 -0.064450	 -0.046598	 -0.071817	 -0.050437	  0.032203	 -0.209043
  0.027871	  0.004127	 -0.033072	 -0.086641	 -0.079324	 -0.027062	 -0.225546
  0.024672	 -0.003348	  0.002784	 -0.062473	 -0.161047	 -0.063869	 -0.256714
  0.031957	 -0.005470	  0.032021	 -0.071057	 -0.205202	 -0.102702	 -0.277810
  0.039401	 -0.036100	  0.053686	 -0.059274	 -0.210745	 -0.121518	 -0.244139
  0.056601	 -0.062866	  0.055492	 -0.071817	 -0.212202	 -0.146731	 -0.251393
  0.060940	 -0.043512	  0.045419	 -0.098235	 -0.200799	 -0.134029	 -0.263778
  0.048428	 -0.048137	  0.069968	 -0.131209	 -0.216574	 -0.110590	 -0.272488
  0.056759	 -0.017380	  0.072470	 -0.147015	 -0.235199	 -0.130070	 -0.288706
  0.052736	  0.002924	  0.008011	 -0.178120	 -0.238049	 -0.132477	 -0.323169
  0.072660	 -0.027738	 -0.022081	 -0.173527	 -0.204189	 -0.148537	 -0.352437
  0.062144	 -0.016398	 -0.066806	 -0.177233	 -0.172450	 -0.148727	 -0.396877
  0.029265	  0.009924	 -0.090341	 -0.168649	 -0.162947	 -0.156075	 -0.426019
  0.015264	 -0.031539	 -0.081282	 -0.151132	 -0.123638	 -0.227820	 -0.433241
 -0.016443	 -0.011774	 -0.082739	 -0.145241	 -0.137829	 -0.238685	 -0.459500
 -0.051602	 -0.047694	 -0.102283	 -0.148503	 -0.131399	 -0.263138	 -0.425195
 -0.080617	 -0.048517	 -0.122903	 -0.130132	 -0.160065	 -0.276727	 -0.429661
 -0.085241	 -0.057988	 -0.106147	 -0.084044	 -0.166495	 -0.311284	 -0.445784
 -0.070101	 -0.060490	 -0.089866	 -0.085438	 -0.156422	 -0.336023	 -0.477428
 -0.067472	  0.003177	 -0.092812	 -0.124557	 -0.163264	 -0.319742	 -0.460735
 -0.054200	 -0.000687	 -0.116378	 -0.150562	 -0.153001	 -0.264500	 -0.449458
 -0.060218	  0.029499	 -0.122428	 -0.165830	 -0.170898	 -0.271722	 -0.437770
 -0.087966	 -0.019851	 -0.083341	 -0.177265	 -0.163422	 -0.234060	 -0.384144
 -0.093667	 -0.058495	 -0.063354	 -0.135263	 -0.137607	 -0.167637	 -0.368401
 -0.113813	 -0.034010	 -0.060820	 -0.087877	 -0.113027	 -0.096969	 -0.333875
 -0.084513	 -0.054789	 -0.095789	 -0.112203	 -0.065292	 -0.067480	 -0.305874
 -0.020655	 -0.073414	 -0.100034	 -0.116226	 -0.060826	 -0.024306	 -0.258203
  0.005920	 -0.084405	 -0.089486	 -0.102099	 -0.023513	 -0.039383	 -0.224120
  0.016183	 -0.042245	 -0.089454	 -0.072704	 -0.003399	 -0.055855	 -0.196119
  0.009499	 -0.043481	 -0.056702	 -0.070645	  0.024602	 -0.014613	 -0.176481
  0.026667	 -0.060934	 -0.047960	 -0.037133	  0.035879	  0.010188	 -0.173661
  0.070696	 -0.046363	 -0.048023	 -0.011476	  0.039553	  0.037588	 -0.162448
  0.068416	 -0.018996	 -0.032027	  0.020611	  0.044368	  0.051145	 -0.119338
  0.039179	 -0.003000	 -0.008841	  0.026946	 -0.000675	  0.076073	 -0.102170
  0.016975	  0.021960	  0.004780	  0.034453	  0.016937	  0.079779	 -0.124660
  0.022930	 -0.002398	 -0.013243	  0.060110	 -0.004856	  0.031886	 -0.149557
  0.008422	  0.024336	 -0.000320	  0.047757	 -0.003525	 -0.034696	 -0.131755
 -0.027307	  0.061301	 -0.029873	  0.085482	 -0.011919	 -0.085123	 -0.136950
 -0.019990	  0.050247	 -0.060028	  0.081966	  0.003823	 -0.155157	 -0.096215
 -0.022493	  0.047966	 -0.041783	  0.040028	 -0.041758	 -0.161619	 -0.084781
 -0.070386	  0.021549	 -0.046851	  0.044621	 -0.095859	 -0.146098	 -0.095867
 -0.092653	  0.014548	 -0.063797	  0.013041	 -0.123385	 -0.114961	 -0.100935
 -0.102600	 -0.022005	 -0.055688	 -0.037703	 -0.126869	 -0.084901	 -0.069038
 -0.059046	  0.021739	 -0.069847	 -0.058229	 -0.162979	 -0.120947	 -0.066821
 -0.036588	  0.044830	 -0.075580	 -0.080908	 -0.137164	 -0.120757	 -0.016045
 -0.028701	  0.063772	 -0.052046	 -0.062980	 -0.146413	 -0.102481	 -0.001411
 -0.034561	  0.033522	 -0.038520	 -0.065356	 -0.149074	 -0.090602	 -0.000366
 -0.029651	  0.049898	 -0.047009	 -0.107801	 -0.123607	 -0.099598	  0.020318
 -0.003361	  0.052686	 -0.018913	 -0.117081	 -0.100547	 -0.091299	  0.028459
  0.001834	 -0.000022	 -0.001080	 -0.088764	 -0.078501	 -0.103589	  0.023992
  0.010355	  0.017653	  0.006522	 -0.084044	 -0.097538	 -0.066529	  0.057252
  0.028188	  0.014485	  0.005033	 -0.065546	 -0.101149	 -0.024591	  0.107457
  0.014409	 -0.045445	  0.006870	 -0.072831	 -0.095067	  0.005912	  0.092823
  0.012382	 -0.026028	 -0.013497	 -0.045242	 -0.102859	  0.023144	  0.086393
 -0.024045	 -0.011235	 -0.025280	 -0.043563	 -0.106629	  0.005785	  0.096117
 -0.039977	 -0.064450	 -0.015682	 -0.070012	 -0.122403	  0.024094	  0.077080
 -0.019990	 -0.091025	 -0.014605	 -0.092311	 -0.124747	  0.028053	  0.090606
  0.001834	 -0.087066	 -0.015619	 -0.089207	 -0.119204	 -0.007106	  0.117118
  0.031767	 -0.096537	 -0.022588	 -0.084551	 -0.083949	 -0.018034	  0.116611
  0.016816	 -0.099419	 -0.065888	 -0.034409	 -0.071152	 -0.025225	  0.146924
  0.019826	 -0.103822	 -0.117614	 -0.015055	 -0.075809	 -0.015310	  0.147875
  0.023912	 -0.094035	 -0.112324	 -0.004096	 -0.069980	 -0.001500	  0.125005
  0.013712	 -0.097360	 -0.119704	 -0.018951	 -0.058767	 -0.032795	  0.124403
  0.025084	 -0.077817	 -0.099685	 -0.028391	 -0.066686	 -0.011858	  0.122281
  0.010576	 -0.105628	 -0.087142	 -0.036088	 -0.011413	 -0.021424	  0.136535
  0.021536	 -0.100021	 -0.069689	 -0.043468	 -0.001308	  0.009840	  0.151707
  0.017798	 -0.052698	 -0.048878	 -0.058957	  0.008796	  0.024791	  0.153576
 -0.014542	 -0.017380	 -0.040041	 -0.054206	 -0.014042	  0.049466	  0.140653
 -0.089074	 -0.025521	 -0.024615	 -0.051228	  0.011457	  0.081901	  0.130231
 -0.097848	 -0.023367	 -0.021004	 -0.031495	  0.012692	  0.080318	  0.133209
 -0.092463	 -0.008796	 -0.042638	 -0.008245	  0.021055	  0.076358	  0.136186
 -0.108935	  0.011634	 -0.035099	  0.013199	  0.056183	  0.079367	  0.104986
 -0.106781	  0.026268	 -0.013370	  0.020453	  0.070626	  0.094920	  0.106475
 -0.101713	  0.007548	  0.027681	  0.024792	  0.086876	  0.136541	  0.091968
 -0.030814	  0.077114	 -0.010494	  0.084431	 -0.014853	  0.071531	 -0.022222
 -0.051561	  0.051393	  0.012787	  0.058805	  0.013243	  0.084201	 -0.026055
 -0.051498	  0.043189	  0.015828	  0.042081	  0.001967	  0.059969	 -0.028272
 -0.009243	  0.010500	  0.004457	  0.044836	 -0.002309	  0.043213	 -0.004642
 -0.000849	 -0.010025	 -0.033870	  0.066946	  0.027941	  0.064974	  0.011956
 -0.018619	 -0.000048	 -0.042106	  0.047085	  0.018502	  0.056327	  0.007268
  0.005296	 -0.022505	 -0.005996	  0.019813	  0.000130	  0.046982	  0.047401
  0.023604	 -0.004165	 -0.000865	 -0.031121	  0.025724	  0.034661	  0.100108
  0.045239	 -0.053262	 -0.022499	 -0.019908	  0.006465	 -0.012599	  0.011892
  0.033741	 -0.052914	  0.009588	 -0.031311	  0.029335	  0.085183	  0.251390
  0.042610	 -0.026116	 -0.017684	 -0.047592	  0.026072	 -0.065655	 -0.258551
  0.044320	 -0.038343	 -0.010811	 -0.003183	  0.081472	  0.130542	  0.362697
  0.028071	 -0.038976	 -0.059908	 -0.018514	 -0.041365	 -0.152414	 -0.400995
  0.031555	 -0.030266	 -0.019458	  0.001536	  0.012578	  0.054299	  0.394689
  0.032505	 -0.009708	  0.001384	 -0.044583	 -0.063284	 -0.152477	 -0.270208
  0.003586	  0.025388	  0.021055	 -0.046230	 -0.003893	 -0.020961	  0.156079
 -0.019442	  0.036284	  0.042277	 -0.033560	 -0.012319	 -0.062582	 -0.063812
 -0.026791	  0.025895	  0.057608	 -0.051710	 -0.015296	 -0.096253	 -0.126370
 -0.042502	  0.009962	  0.041200	 -0.016550	 -0.019287	 -0.011173	  0.143060
 -0.039208	  0.006604	  0.017507	 -0.021270	 -0.070823	 -0.157767	 -0.285412
 -0.021628	  0.002265	 -0.016639	 -0.002898	 -0.007884	  0.043561	  0.367670
 -0.046715	 -0.023266	 -0.014929	 -0.058995	 -0.096448	 -0.178387	 -0.340812
 -0.045574	  0.012971	  0.022638	 -0.042081	 -0.019540	  0.085310	  0.437957
 -0.031669	  0.060896	  0.055929	 -0.028777	 -0.103322	 -0.138603	 -0.333115
 -0.025049	  0.083227	  0.034200	  0.032261	 -0.049980	  0.083884	  0.294151
 -0.033855	  0.105336	  0.035752	  0.019560	 -0.092140	 -0.042849	 -0.203025
 -0.045860	  0.130423	  0.030145	  0.011197	 -0.041143	  0.070454	  0.086678
 -0.048995	  0.127636	  0.058780	  0.019940	 -0.065881	  0.064816	  0.022630
 -0.064200	  0.104988	  0.048200	  0.057918	 -0.068257	 -0.002209	 -0.128809
 -0.070440	  0.084367	  0.035150	  0.063176	 -0.013617	  0.159430	  0.268241
 -0.053715	  0.079046	  0.020833	  0.081580	 -0.073737	 -0.024572	 -0.294344
 -0.058530	  0.084906	  0.015448	  0.166881	  0.009126	  0.214672	  0.411730
 -0.026981	  0.041859	  0.011584	  0.164727	 -0.079977	 -0.015291	 -0.339672
 -0.020329	  0.019560	  0.044526	  0.193235	  0.012103	  0.251510	  0.420029
 -0.041172	  0.022854	  0.066889	  0.154781	 -0.024070	  0.022371	 -0.273344
 -0.017827	 -0.005496	  0.041042	  0.168529	  0.067218	  0.201621	  0.317084
  0.029971	 -0.000459	  0.030114	  0.152057	  0.037982	  0.034407	 -0.066631
  0.004758	  0.010975	 -0.005236	  0.144645	  0.081092	  0.108464	  0.095484
  0.009952	  0.038185	 -0.010494	  0.140433	  0.036747	  0.089174	  0.146956
  0.050750	  0.066629	 -0.010621	  0.129346	  0.019674	  0.010366	 -0.150063
  0.092023	  0.019021	 -0.009734	  0.106223	  0.054010	  0.190915	  0.337958
  0.078149	  0.006383	 -0.007041	  0.059597	  0.000605	 -0.040663	 -0.338468
  0.070135	  0.005147	 -0.002860	  0.101979	  0.082169	  0.177548	  0.433238
  0.066429	 -0.005654	 -0.003050	  0.077905	 -0.010988	 -0.070913	 -0.325735
  0.080842	 -0.048764	 -0.002575	  0.105051	  0.070797	  0.167095	  0.412205
  0.061615	 -0.041257	  0.019249	  0.061054	 -0.019255	 -0.036767	 -0.202834
  0.041913	 -0.040719	  0.020041	  0.079648	  0.019262	  0.104727	  0.264915
  0.033392	 -0.048923	  0.039014	  0.076258	  0.020687	  0.017746	 -0.000271
 -0.003636	 -0.058805	  0.082378	  0.088643	 -0.001676	  0.058797	  0.030423
 -0.042597	 -0.067611	  0.064545	  0.079172	  0.024013	  0.108242	  0.221108
 -0.048710	 -0.076543	  0.060110	  0.044520	 -0.007124	 -0.013771	 -0.188422
 -0.061951	 -0.052977	  0.070183	  0.101599	  0.018723	  0.172480	  0.400232
 -0.043040	 -0.052185	  0.051780	  0.051995	 -0.077538	 -0.080511	 -0.340939
 -0.050262	 -0.070145	  0.064862	  0.067896	 -0.015043	  0.140266	  0.413694
 -0.065498	 -0.060991	  0.043988	  0.064982	 -0.086946	 -0.101005	 -0.365424
 -0.068476	 -0.065774	  0.022322	  0.078412	 -0.031926	  0.102731	  0.286581
 -0.066924	 -0.072932	  0.014688	  0.086141	 -0.107408	 -0.047632	 -0.241288
 -0.091979	 -0.068244	  0.022100	  0.102105	 -0.080135	  0.037797	  0.129946
 -0.087481	 -0.039958	  0.009588	  0.102581	 -0.041175	  0.009701	 -0.006257
 -0.062806	 -0.031216	  0.040662	  0.108757	 -0.065216	  0.004379	 -0.099985
 -0.051118	 -0.034193	  0.004520	  0.132229	 -0.045229	  0.131239	  0.253195
 -0.023687	 -0.025419	  0.007656	  0.111893	 -0.071710	 -0.005884	 -0.249809
 -0.004048	  0.008061	  0.013991	  0.122758	 -0.004210	  0.204630	  0.470994
  0.032790	  0.003247	 -0.019933	  0.096847	 -0.059736	 -0.033790	 -0.298526
  0.038270	  0.008346	 -0.017304	  0.136980	  0.056702	  0.215432	  0.429912
  0.034754	  0.020795	 -0.024431	  0.079743	 -0.010545	  0.011063	 -0.297607
  0.027691	  0.000048	 -0.011096	  0.067358	  0.055688	  0.229686	  0.346511
  0.017618	 -0.039357	 -0.029911	  0.045026	 -0.009436	  0.058987	 -0.071477
  0.047076	 -0.055574	 -0.014960	  0.092603	  0.033579	  0.142769	  0.143028
  0.083566	 -0.086394	 -0.043500	  0.076005	  0.015682	  0.168869	  0.163839
  0.059461	 -0.082340	 -0.033965	  0.043633	 -0.000155	  0.096903	 -0.062069
  0.033646	 -0.056810	 -0.019268	  0.056651	  0.080965	  0.237699	  0.404096
  0.058416	 -0.050823	  0.003697	 -0.008378	  0.039977	  0.023986	 -0.219021
  0.049927	 -0.069226	  0.042562	  0.001029	  0.099400	  0.212581	  0.475081
  0.052967	 -0.026686	  0.082030	 -0.019845	  0.028828	 -0.030432	 -0.281738
  0.031840	 -0.003754	  0.082283	  0.030424	  0.105894	  0.193259	  0.474162
 -0.023275	 -0.030361	  0.082410	  0.021777	  0.012768	  0.004854	 -0.197386
 -0.006836	 -0.015125	  0.112058	  0.003690	  0.051666	  0.166462	  0.313378
 -0.012379	 -0.018989	  0.120388	  0.031881	 -0.005635	  0.053254	 -0.019561
 -0.096382	 -0.029791	  0.128846	  0.062226	  0.011660	  0.090631	  0.076257
 -0.090268	 -0.011134	  0.101288	  0.033782	  0.032375	  0.117238	  0.207899
 -0.090078	 -0.020193	  0.073541	  0.042809	  0.020909	 -0.006929	 -0.174897
 -0.095907	 -0.008378	  0.105311	  0.041859	  0.088377	  0.202033	  0.360574
 -0.104902	 -0.026243	  0.105723	  0.028809	  0.011628	  0.021927	 -0.315028
 -0.118618	  0.023361	  0.117379	  0.050506	  0.057969	  0.254329	  0.449392
 -0.109717	  0.037773	  0.099863	  0.028650	  0.024045	 -0.009178	 -0.370429
 -0.055077	  0.065077	  0.078007	 -0.000554	  0.113496	  0.227057	  0.336184
 -0.016750	  0.045692	  0.053775	 -0.017627	  0.032882	  0.054901	 -0.219084
 -0.007437	  0.028745	  0.054219	  0.030583	  0.073363	  0.171181	  0.183446
  0.002097	  0.022315	  0.042784	  0.051995	  0.009062	  0.126551	  0.009707
  0.005961	  0.034194	  0.058495	  0.055384	 -0.026921	  0.144954	 -0.036191
  0.021197	  0.036633	  0.069676	  0.014365	 -0.019065	  0.214450	  0.245973
  0.039791	  0.033338	  0.050798	  0.015442	 -0.040985	  0.053761	 -0.245533
  0.044067	  0.026211	  0.038634	  0.054624	  0.016791	  0.257655	  0.395797
  0.062628	 -0.008125	  0.016747	  0.067421	 -0.072882	  0.058512	 -0.347749
  0.041248	 -0.018514	  0.045159	  0.084082	 -0.010386	  0.309476	  0.476221
  0.036053	 -0.007460	  0.000276	  0.075498	 -0.077190	  0.050118	 -0.310721
  0.020849	 -0.021333	  0.052445	  0.113192	  0.020497	  0.238175	  0.357755
 -0.002306	 -0.040212	  0.022543	  0.030678	 -0.061225	  0.045652	 -0.114460
  0.020469	 -0.093331	  0.006484	  0.022917	 -0.061257	  0.105550	  0.133462
  0.037478	 -0.071285	  0.049309	  0.019845	 -0.074656	  0.062947	  0.081071
  0.030890	 -0.051710	  0.059793	  0.028239	 -0.056822	  0.010049	 -0.085636
  0.016699	 -0.043253	  0.042911	  0.102137	  0.009379	  0.100894	  0.295450
  0.017681	 -0.014460	  0.057703	  0.098399	 -0.080991	 -0.092389	 -0.295801
  0.025948	 -0.000206	  0.097170	  0.161845	 -0.009278	  0.080622	  0.404001
  0.036813	  0.020573	  0.070658	  0.138912	 -0.073547	 -0.133282	 -0.354781
  0.034913	 -0.018166	  0.017507	  0.190384	  0.014574	  0.109224	  0.445718
  0.023699	 -0.062701	 -0.013788	  0.155447	 -0.069492	 -0.098724	 -0.268022
  0.034818	 -0.078159	 -0.001562	  0.162890	 -0.036455	  0.012995	  0.281734
  0.000386	 -0.032768	  0.039014	  0.143663	 -0.090493	 -0.126978	 -0.087568
 -0.003288	 -0.026813	  0.066762	  0.141446	 -0.059325	 -0.067302	  0.086488
 -0.015388	 -0.011609	  0.042404	  0.108535	 -0.026446	 -0.024034	  0.115281
 -0.008483	  0.018673	  0.094351	  0.061276	  0.002854	 -0.106326	 -0.205368
 -0.010732	  0.038280	  0.068314	  0.042904	  0.073205	  0.084771	  0.306536
 -0.038954	  0.038976	  0.025331	  0.016455	  0.031964	 -0.075411	 -0.309390
 -0.055362	  0.039737	  0.031919	  0.026623	  0.081630	  0.133298	  0.389621
 -0.032049	  0.064127	  0.034548	  0.006129	  0.018280	 -0.040980	 -0.264126
 -0.050357	  0.040339	  0.054250	  0.036918	  0.085115	  0.119994	  0.265042
 -0.015325	  0.090100	  0.023874	  0.034352	  0.088029	  0.011601	 -0.030679
  0.004758	  0.076828	  0.030209	  0.021777	  0.093382	  0.053127	  0.113665
 -0.013646	  0.108282	  0.057545	  0.038945	  0.071621	  0.078436	  0.082433
  0.010047	  0.094282	  0.067332	  0.035841	  0.087902	  0.086830	  0.048002
  0.006531	  0.085603	  0.069866	  0.005686	  0.059204	  0.107767	  0.062161
  0.011980	  0.039642	  0.059128	 -0.020066	  0.062150	  0.119170	  0.089560
  0.018505	  0.000079	  0.038571	 -0.011736	  0.060471	  0.105107	 -0.004294
 -0.001482	  0.000079	  0.028657	  0.020763	  0.074567	  0.112519	  0.019431
 -0.017352	  0.003944	  0.058590	  0.004292	  0.082897	  0.112360	  0.033622
 -0.009750	  0.030994	  0.056531	  0.020668	  0.075454	  0.126456	 -0.007619
  0.002635	  0.018578	  0.047598	  0.020256	  0.022968	  0.134121	  0.002485
  0.014197	  0.017121	  0.065115	  0.020320	  0.002252	  0.132759	 -0.014081
  0.017998	  0.005401	  0.063468	  0.032958	 -0.011558	  0.096301	 -0.003470
  0.012138	 -0.044488	  0.055201	  0.039673	 -0.014061	  0.099373	  0.014775
 -0.000627	  0.003975	  0.021213	  0.058457	 -0.014377	  0.096301	  0.034097
 -0.001704	  0.010057	 -0.020345	  0.058298	 -0.027618	  0.068585	  0.012684
 -0.003890	  0.036918	  0.014434	  0.044551	 -0.050614	  0.047046	  0.021490
  0.031270	  0.023107	  0.010728	  0.038121	 -0.066958	  0.012361	  0.005526
  0.049103	  0.040212	 -0.005204	  0.091051	 -0.095656	 -0.021278	 -0.004832
  0.038460	  0.013858	  0.006199	  0.100078	 -0.102245	 -0.019314	  0.017626
  0.029021	  0.049968	  0.005629	  0.083354	 -0.088086	 -0.021880	 -0.021968
  0.023858	  0.049113	  0.021910	  0.099096	 -0.043677	 -0.038002	 -0.053834
  0.040867	  0.056176	  0.007307	  0.082815	 -0.003576	 -0.048487	 -0.062608
  0.052682	  0.046864	  0.007814	  0.073281	 -0.002943	 -0.023780	 -0.020480
  0.017333	  0.079521	  0.013738	  0.093015	  0.004469	  0.005805	 -0.034607
  0.025473	  0.087788	  0.063088	  0.094725	  0.016348	 -0.002368	 -0.054911
  0.036401	  0.057221	  0.059192	  0.109739	  0.023506	  0.006628	 -0.047847
  0.001970	  0.017406	  0.097012	  0.086236	  0.040167	  0.012995	 -0.039770
 -0.071421	 -0.027573	  0.074998	  0.071127	  0.041688	  0.054489	 -0.035747
 -0.064358	 -0.017342	  0.087129	  0.096309	  0.064241	  0.040394	 -0.056716
 -0.054063	 -0.021872	  0.115479	  0.101630	  0.042575	  0.038367	 -0.063621
 -0.050864	 -0.057031	  0.105343	  0.086838	  0.049132	  0.028896	 -0.056209
 -0.040348	 -0.068751	  0.092989	  0.080218	  0.055593	  0.021927	 -0.023552
 -0.078485	 -0.068530	  0.098216	  0.052755	  0.050462	  0.008877	  0.030739
 -0.090205	 -0.069955	  0.101130	  0.052850	  0.062087	  0.031335	  0.057283
 -0.101323	 -0.081865	  0.057101	  0.020035	  0.012293	  0.015085	  0.061306
 -0.083585	 -0.075783	  0.039395	  0.007840	  0.014352	  0.056137	  0.059817
 -0.053177	 -0.083069	  0.070848	  0.003278	 -0.024767	  0.080685	  0.059215
 -0.011809	 -0.072204	  0.074427	 -0.015252	 -0.032084	  0.058797	  0.049174
  0.017776	 -0.051203	  0.047440	 -0.027668	 -0.030183	  0.065544	  0.032735
  0.065828	 -0.025229	  0.028087	  0.021080	 -0.023405	  0.068775	  0.048541
  0.074158	  0.003342	  0.027073	  0.048099	 -0.040256	  0.044702	  0.044930
  0.081697	  0.049809	  0.050291	  0.025356	 -0.050994	  0.018981	  0.065297
  0.087589	  0.037076	  0.013548	  0.031786	 -0.032242	  0.075902	  0.030929
  0.048755	  0.017501	  0.006484	  0.045913	 -0.000662	  0.093292	  0.035142
  0.047108	  0.009170	  0.040693	  0.013098	 -0.011622	  0.078879	  0.051550
  0.028007	  0.049398	  0.031191	  0.044266	  0.008492	  0.077137	  0.053007
  0.043338	  0.039262	  0.014846	  0.053991	  0.004089	  0.095414	  0.049998
  0.016826	  0.051837	  0.023304	  0.044741	  0.003329	  0.118347	  0.057410
 -0.016306	  0.057697	 -0.015499	  0.019591	  0.025470	  0.089586	  0.025735
 -0.038384	  0.022632	 -0.045780	  0.031786	  0.028764	  0.071974	 -0.010755
 -0.052701	  0.024311	 -0.005236	  0.071950	  0.037443	  0.039507	 -0.004642
 -0.016085	  0.012718	  0.039933	  0.061878	  0.026737	  0.013248	  0.006824
 -0.008799	  0.025705	  0.068789	  0.079901	  0.011153	  0.035421	  0.034794
 -0.009591	  0.046579	  0.079686	  0.058552	 -0.007662	  0.053064	  0.045437
 -0.046620	  0.063683	  0.071133	  0.036537	 -0.033383	  0.098708	  0.020603
 -0.046620	  0.059470	  0.047472	  0.023107	 -0.032242	  0.092500	 -0.027480
 -0.045860	  0.017025	  0.047915	  0.012274	 -0.003988	  0.109351	 -0.033625
 -0.064421	 -0.023994	  0.014561	  0.019021	 -0.005857	  0.122781	 -0.071319
 -0.072372	 -0.018641	  0.039014	  0.032610	 -0.002531	  0.136117	 -0.011389
 -0.073544	  0.011387	  0.042182	  0.043379	  0.001302	  0.115845	 -0.011674
 -0.064358	  0.016582	  0.027675	  0.015537	  0.004533	  0.138017	 -0.037141
 -0.057484	 -0.003025	  0.023589	  0.012147	  0.023950	  0.132157	 -0.025928
 -0.046335	  0.010912	 -0.006820	  0.033117	  0.009126	  0.130288	 -0.012593
 -0.007152	 -0.004704	 -0.022309	  0.043886	 -0.016405	  0.110903	 -0.017851
 -0.008514	  0.013826	 -0.034694	  0.069036	 -0.031197	  0.054648	 -0.042906
 -0.032112	 -0.007269	 -0.041314	  0.046674	 -0.041333	  0.018823	 -0.062101
 -0.054824	 -0.054624	 -0.016449	  0.013129	 -0.028536	  0.037480	 -0.039326
 -0.053525	 -0.046293	  0.013389	  0.000649	 -0.014726	  0.035199	 -0.062861
 -0.060620	 -0.050031	  0.025141	 -0.012243	  0.018153	  0.040711	 -0.066441
 -0.038954	 -0.049904	  0.028023	 -0.028524	  0.032407	  0.052241	 -0.059377
 -0.020804	 -0.019750	  0.031191	 -0.025578	  0.028258	  0.037036	 -0.075215
 -0.027551	 -0.032483	  0.043449	  0.013383	  0.003551	  0.010746	 -0.028494
 -0.029167	 -0.019623	  0.032426	  0.007681	 -0.011590	 -0.008608	 -0.024692
 -0.048299	 -0.025293	  0.024095	  0.010310	 -0.031799	 -0.048709	 -0.018516
 -0.068697	 -0.050031	  0.012185	  0.020351	 -0.060655	 -0.022292	 -0.019371
 -0.023117	 -0.055733	  0.010317	  0.018483	 -0.074465	  0.015212	 -0.049494
 -0.037339	 -0.078824	 -0.017304	  0.038248	 -0.047985	  0.027470	 -0.038123
 -0.032873	 -0.043063	 -0.011793	  0.049524	 -0.018495	  0.013533	  0.003657
 -0.000976	 -0.001410	 -0.006598	  0.035809	 -0.031450	 -0.014626	  0.054591
  0.002129	  0.017944	 -0.001942	  0.060104	 -0.050962	 -0.012567	  0.114045
  0.001083	  0.018926	  0.006579	  0.070842	 -0.044152	  0.001655	  0.148635
  0.017459	  0.018958	 -0.019933	  0.021808	 -0.039781	 -0.013676	  0.125702
  0.019423	 -0.006351	 -0.001150	 -0.013193	 -0.030849	 -0.021278	  0.073343
 -0.004365	  0.039800	  0.004615	 -0.015790	  0.006845	  0.018221	  0.130136
  0.040867	  0.069448	  0.038698	 -0.010627	  0.051602	  0.034756	  0.100045
  0.032252	  0.064919	  0.028593	  0.020320	  0.091228	  0.047458	  0.077144
  0.042135	  0.060104	 -0.007485	  0.055701	  0.063639	  0.053476	  0.073691
  0.104693	  0.025356	  0.011869	  0.072552	  0.087110	  0.050530	  0.075021
  0.119169	  0.013288	  0.032046	  0.080408	  0.108618	  0.050403	  0.089117
  0.107417	 -0.013129	  0.048390	  0.047814	  0.101618	  0.077264	  0.080248
  0.076059	  0.018736	  0.075156	  0.077145	  0.085907	  0.034281	  0.071189
  0.052682	  0.031881	  0.085039	  0.109106	  0.066806	  0.013407	  0.077365
  0.036211	  0.024976	  0.098722	  0.121871	  0.057621	  0.019140	  0.089877
  0.031650	  0.052945	  0.069771	  0.131025	  0.049480	  0.039095	  0.096972
