:RUN-2	LEVEL SWEEP	TEMP:NaN	8/27/2019	12:30 PM	HR:-636.36:SW EAR: R	SW FREQ: 8.00	# AVERAGES: 512	REP RATE (/sec): 80	DRIVER: 	SAMPLE (µsec): 40	MASKER dB: 2147483647:NOTES-:CHAMBER-SEWELL-PXI1:CFTS Version: V2.7.2 (R850):LEVELS:20;30;40;50;60;70;80;:DATA -0.030513	  0.025152	 -0.067115	  0.030149	  0.023654	 -0.015671	  0.102677
 -0.011444	  0.000413	 -0.073419	  0.010763	 -0.025792	  0.005805	  0.066282
 -0.027440	  0.011721	 -0.086215	 -0.000418	  0.006866	  0.018950	  0.056431
 -0.061396	  0.005386	 -0.053305	  0.012790	  0.013644	  0.038208	  0.090736
 -0.075270	  0.010106	 -0.038639	 -0.000355	  0.021183	  0.009732	  0.087061
 -0.077456	  0.024075	 -0.032748	  0.003985	 -0.005963	 -0.019662	  0.066314
 -0.075650	  0.017011	 -0.017765	  0.043959	  0.025079	 -0.045541	  0.057033
 -0.094782	  0.014636	  0.022494	  0.012695	  0.050894	 -0.055234	  0.053390
 -0.053414	  0.009789	  0.031490	  0.015293	  0.062107	 -0.061537	  0.028557
 -0.015309	 -0.001424	  0.047296	  0.054855	  0.072148	 -0.002494	 -0.004861
  0.015923	 -0.016913	  0.058794	  0.045353	  0.042817	  0.009004	 -0.004766
  0.048929	 -0.031135	  0.049545	  0.048330	 -0.004252	  0.016542	 -0.055414
  0.068441	 -0.021633	  0.040898	  0.032176	 -0.027660	  0.017619	 -0.095547
  0.024254	 -0.017768	  0.055151	  0.025967	 -0.039697	  0.037923	 -0.095325
  0.032331	 -0.010705	  0.051477	 -0.006120	 -0.031968	  0.045272	 -0.113127
  0.084215	 -0.005161	  0.054011	 -0.048248	 -0.032697	  0.042611	 -0.122408
  0.069138	 -0.010515	  0.024553	 -0.042483	 -0.043466	  0.013375	 -0.096624
  0.055866	 -0.019130	 -0.006489	 -0.055121	 -0.050023	 -0.029735	 -0.060387
  0.053807	  0.003232	 -0.033064	 -0.088380	 -0.034312	 -0.020613	  0.001411
  0.069771	  0.012862	 -0.026951	 -0.095191	 -0.022561	 -0.004553	  0.038566
  0.086559	  0.021287	 -0.029548	 -0.134468	  0.009115	  0.030701	  0.079554
  0.090012	 -0.006112	 -0.020964	 -0.183533	  0.042944	  0.062883	  0.082690
  0.085894	  0.038772	 -0.036549	 -0.206276	  0.099579	  0.061268	  0.154846
  0.053268	  0.037854	 -0.007312	 -0.188918	  0.083520	  0.059716	  0.146959
  0.071893	  0.090973	 -0.010131	 -0.165700	  0.096000	  0.035643	  0.127542
  0.048802	  0.064112	  0.007639	 -0.170673	  0.127232	  0.046476	  0.139832
  0.042150	  0.066171	 -0.009815	 -0.131554	  0.134802	 -0.008386	  0.119560
  0.064006	  0.014921	 -0.008928	 -0.100449	  0.154092	  0.002130	  0.144045
  0.007339	  0.031392	 -0.012634	 -0.089457	  0.189949	  0.004854	  0.157792
 -0.016544	  0.043840	  0.006530	 -0.061551	  0.163532	 -0.037242	  0.165077
 -0.010177	  0.009789	  0.026612	 -0.034342	  0.140599	 -0.097964	  0.142620
 -0.007358	  0.027559	  0.052776	  0.004238	  0.122829	 -0.083140	  0.142873
 -0.038780	  0.045329	  0.048753	  0.026284	  0.096095	 -0.067080	  0.143412
 -0.015435	  0.068420	  0.105705	  0.032683	  0.107276	 -0.047062	  0.156145
 -0.011476	  0.047926	  0.114004	  0.044846	  0.088936	 -0.006390	  0.215061
 -0.020060	  0.036365	  0.116000	  0.030972	  0.083837	  0.051860	  0.294313
 -0.041726	  0.030980	  0.080967	  0.040886	  0.098597	  0.104346	  0.336188
 -0.020630	  0.019324	  0.089012	  0.059987	  0.159604	  0.161267	  0.360799
 -0.034979	  0.009979	  0.090026	  0.087924	  0.211456	  0.207576	  0.394692
 -0.002670	 -0.010958	  0.093415	  0.077915	  0.216018	  0.228419	  0.350093
  0.018932	 -0.036108	  0.092275	  0.117984	  0.229068	  0.213214	  0.287693
 -0.003082	 -0.070951	  0.092307	  0.146175	  0.246078	  0.182046	  0.197291
 -0.005394	 -0.049982	  0.092148	  0.184534	  0.251241	  0.145429	  0.121556
 -0.024019	 -0.059991	  0.118090	  0.162425	  0.210791	  0.130320	  0.064413
 -0.034282	 -0.065598	  0.126801	  0.138066	  0.193592	  0.082902	 -0.065519
 -0.061586	 -0.066231	  0.140010	  0.126917	  0.173193	  0.083472	 -0.182908
 -0.044513	 -0.068290	  0.142924	  0.117161	  0.118996	  0.063960	 -0.239226
 -0.043151	 -0.068480	  0.152838	  0.090680	  0.068664	 -0.010540	 -0.222280
 -0.026965	 -0.040543	  0.108429	  0.010922	  0.018174	 -0.048550	 -0.283223
 -0.003716	 -0.010325	  0.084514	 -0.052017	 -0.052874	 -0.107910	 -0.322374
  0.003570	  0.055053	  0.049577	 -0.061742	 -0.069155	 -0.146142	 -0.346225
  0.032553	  0.062434	  0.031807	 -0.089109	 -0.082047	 -0.136133	 -0.331877
  0.040408	  0.068008	  0.029558	 -0.133835	 -0.086323	 -0.150481	 -0.314645
  0.030684	  0.059836	  0.008779	 -0.171813	 -0.091550	 -0.137558	 -0.284775
  0.007941	  0.064588	 -0.025937	 -0.165446	 -0.086006	 -0.117032	 -0.212936
  0.029639	  0.094141	 -0.028661	 -0.147772	 -0.062218	 -0.124888	 -0.136060
  0.025933	  0.154260	 -0.051689	 -0.166872	 -0.030163	 -0.144241	 -0.097226
 -0.007833	  0.127241	 -0.057898	 -0.148088	 -0.015149	 -0.081303	 -0.045437
 -0.006281	  0.128730	 -0.053590	 -0.172257	  0.009526	 -0.054537	 -0.004290
  0.010602	  0.101648	 -0.060020	 -0.131364	  0.011522	 -0.008449	  0.043254
  0.004710	  0.089991	 -0.022105	 -0.103838	  0.062646	  0.025633	  0.150950
  0.007371	  0.041084	  0.004946	 -0.078561	  0.077216	  0.012646	  0.244899
 -0.038590	  0.047229	  0.018471	 -0.060538	  0.081049	  0.060444	  0.304100
 -0.008277	  0.044030	  0.058477	 -0.016731	  0.084660	  0.131112	  0.301915
 -0.033395	  0.007825	  0.047518	 -0.023478	  0.118141	  0.172163	  0.285634
 -0.046255	  0.005957	  0.096836	 -0.028071	  0.181745	  0.198929	  0.245343
 -0.042898	  0.005228	  0.100067	  0.003795	  0.170944	  0.221228	  0.174738
 -0.027409	  0.032310	  0.082171	  0.024194	  0.190044	  0.235229	  0.132959
  0.000751	  0.015079	  0.093795	  0.061064	  0.195112	  0.204599	  0.097007
  0.008353	 -0.009564	  0.084768	  0.086657	  0.172939	  0.213816	  0.032421
  0.042847	 -0.020239	  0.092402	  0.077091	  0.157070	  0.138682	 -0.045658
  0.049784	 -0.023533	  0.050654	  0.096192	  0.132141	  0.102953	 -0.079646
  0.059318	 -0.044629	  0.037762	  0.115070	  0.081904	  0.074318	 -0.079709
  0.062328	 -0.040543	  0.069849	  0.093214	  0.028056	  0.056770	 -0.092221
  0.078577	 -0.057838	  0.043875	  0.051118	 -0.006755	  0.067888	 -0.057283
  0.066160	 -0.067340	  0.046884	  0.028565	 -0.037575	  0.040521	  0.012656
  0.022543	 -0.076146	  0.070894	  0.032176	 -0.028484	  0.026742	  0.074201
  0.002810	 -0.061163	  0.103868	  0.025492	 -0.011506	  0.043815	  0.095740
 -0.023639	 -0.026922	  0.127244	  0.058720	  0.010698	  0.098835	  0.105623
 -0.029087	 -0.021569	  0.111977	  0.054000	  0.021753	  0.088350	  0.134479
 -0.020757	 -0.002152	  0.131647	  0.096033	  0.039776	  0.089744	  0.129633
 -0.017304	  0.030505	  0.157938	  0.079594	  0.064863	  0.085119	  0.121334
 -0.020313	  0.059931	  0.160757	  0.049566	  0.100276	  0.095287	  0.067264
 -0.023101	  0.049130	  0.118217	  0.032904	  0.129069	  0.074888	 -0.003720
 -0.027630	  0.008205	  0.096741	  0.026221	  0.123051	  0.041819	 -0.039228
 -0.019110	 -0.032972	  0.081759	  0.001926	  0.088525	  0.040616	 -0.086488
 -0.025160	 -0.037502	  0.085275	 -0.019867	  0.102588	  0.019457	 -0.106253
 -0.056011	 -0.012669	  0.071939	 -0.012930	  0.087353	 -0.009685	 -0.130992
 -0.064184	  0.016473	  0.024807	 -0.039854	  0.052890	 -0.049881	 -0.105271
 -0.048758	  0.050334	 -0.014471	 -0.035261	 -0.006406	 -0.113453	 -0.101565
 -0.043880	  0.057872	 -0.042472	 -0.051922	  0.026504	 -0.125141	 -0.115312
 -0.037481	  0.086539	 -0.046400	 -0.044669	  0.014309	 -0.135847	 -0.107615
 -0.048314	  0.078398	 -0.054540	 -0.032917	 -0.017176	 -0.154821	 -0.080786
 -0.039287	  0.086285	 -0.043992	 -0.043053	 -0.039095	 -0.149405	 -0.051898
 -0.024716	  0.113843	  0.001303	 -0.071593	 -0.043150	 -0.169708	 -0.068655
 -0.020282	  0.063637	  0.043527	 -0.106942	 -0.005108	 -0.120390	 -0.019495
  0.004710	  0.052456	  0.033200	 -0.092023	  0.000594	 -0.107561	 -0.023042
  0.010253	  0.058221	  0.026960	 -0.086828	 -0.045430	 -0.098471	  0.009457
  0.029987	  0.021129	  0.006150	 -0.099023	 -0.015054	 -0.047315	  0.050286
  0.041453	  0.015237	 -0.009023	 -0.123413	  0.033948	 -0.031034	  0.064952
  0.040091	 -0.027144	 -0.003955	 -0.113721	  0.044559	 -0.011142	  0.070843
  0.069708	 -0.038547	 -0.014883	 -0.081729	  0.075411	  0.014484	  0.074454
  0.062739	 -0.011845	 -0.045544	 -0.059303	  0.102810	  0.010112	  0.068753
  0.041327	  0.035921	 -0.020996	 -0.031745	  0.113136	  0.032919	  0.077780
  0.046205	  0.011500	 -0.039336	 -0.005169	  0.083362	  0.026140	  0.114555
  0.062549	 -0.012732	 -0.022611	  0.012252	  0.080447	  0.032095	  0.151172
  0.052445	 -0.025624	 -0.043517	  0.022261	  0.118363	  0.043561	  0.117691
  0.027453	 -0.052168	 -0.008991	  0.026506	  0.124698	  0.034851	  0.128017
  0.034327	 -0.073358	  0.052427	  0.022895	  0.101860	  0.054680	  0.136950
 -0.011571	 -0.076368	  0.077831	  0.021913	  0.073637	  0.058956	  0.157539
  0.014878	 -0.045896	  0.082202	  0.012252	  0.084914	  0.057879	  0.159756
  0.024000	 -0.059168	  0.087999	  0.003700	  0.059098	  0.061015	  0.135683
  0.003031	 -0.054797	  0.063799	 -0.022781	  0.044306	  0.082712	  0.161657
 -0.012521	 -0.078648	  0.063735	 -0.005581	  0.021975	  0.078753	  0.142050
  0.008701	 -0.019859	  0.059079	  0.004523	 -0.004442	  0.051480	  0.122728
  0.025457	  0.033451	  0.056038	  0.017478	 -0.015117	  0.085183	  0.106922
  0.004995	  0.015839	  0.064622	 -0.023003	 -0.034629	  0.094179	  0.107713
  0.022480	  0.012007	  0.091546	 -0.015306	 -0.016923	  0.068332	  0.114872
  0.023367	  0.021382	  0.069944	 -0.003776	  0.012029	  0.035041	  0.125990
 -0.027599	  0.065094	  0.055025	 -0.017713	 -0.002605	 -0.002241	  0.096627
 -0.045717	  0.067343	  0.061011	  0.006360	  0.015006	 -0.026314	  0.104894
 -0.040649	  0.029966	  0.053789	 -0.001622	  0.015196	 -0.019884	  0.052250
 -0.045780	  0.024708	  0.033739	 -0.039347	  0.003983	 -0.032238	  0.045915
 -0.022942	  0.007509	  0.045744	 -0.080810	  0.005535	 -0.031287	 -0.011069
 -0.024780	  0.025754	  0.022082	 -0.064529	  0.006739	 -0.030654	 -0.039545
  0.011805	  0.030030	  0.023666	 -0.062122	  0.042722	 -0.037654	 -0.081800
  0.034960	  0.006653	  0.007227	 -0.103648	  0.046967	 -0.037306	 -0.138182
  0.066952	 -0.021633	  0.039250	 -0.101082	  0.042025	 -0.048740	 -0.171726
  0.084595	 -0.048462	  0.059206	 -0.082774	  0.070026	 -0.064198	 -0.194596
  0.078419	 -0.032814	  0.069500	 -0.099213	  0.042595	 -0.056406	 -0.199030
  0.076581	 -0.027683	  0.053473	 -0.084960	  0.055456	 -0.058528	 -0.183984
  0.039933	 -0.040163	  0.048310	 -0.066081	  0.009051	 -0.014309	 -0.204732
  0.026946	 -0.058249	  0.037540	 -0.040297	  0.030685	 -0.036165	 -0.201913
  0.003728	 -0.016438	  0.026960	 -0.046727	  0.042880	 -0.037591	 -0.194057
 -0.004064	 -0.008551	  0.021892	 -0.028134	  0.030844	 -0.046491	 -0.205112
 -0.027060	  0.008554	 -0.007376	 -0.010808	  0.029767	 -0.041899	 -0.180278
 -0.031970	  0.001839	 -0.014027	  0.005537	  0.019061	 -0.053682	 -0.186930
 -0.064437	  0.032184	 -0.024068	  0.008736	  0.012567	 -0.067682	 -0.162129
 -0.070487	  0.051347	 -0.026222	  0.021881	  0.004680	 -0.029925	 -0.152151
 -0.086737	  0.093634	 -0.035250	  0.010542	 -0.000610	 -0.030654	 -0.119874
 -0.073243	  0.099525	 -0.044246	  0.011492	  0.057926	 -0.010255	 -0.078474
 -0.059686	  0.101933	 -0.016086	  0.016338	  0.069583	 -0.027455	 -0.065012
 -0.039635	  0.092145	 -0.007154	  0.006582	  0.039903	 -0.055804	 -0.047844
 -0.011856	  0.069909	  0.005041	 -0.005169	  0.066669	 -0.060935	 -0.044391
 -0.011951	  0.102820	  0.035196	 -0.022908	  0.101195	 -0.062487	 -0.040749
 -0.014390	  0.101363	  0.053694	 -0.075552	  0.101606	 -0.077628	 -0.055351
 -0.024780	  0.045867	  0.023730	 -0.099910	  0.054505	 -0.090425	 -0.031975
 -0.013218	  0.061832	  0.049260	 -0.081317	  0.066067	 -0.091185	 -0.023264
 -0.018983	  0.052899	  0.062754	 -0.133106	  0.060334	 -0.092262	 -0.035047
  0.026344	  0.051537	  0.091990	 -0.156926	 -0.003556	 -0.093466	 -0.086805
  0.072559	  0.003803	  0.096931	 -0.171655	 -0.047806	 -0.150513	 -0.141698
  0.088871	 -0.041113	  0.093574	 -0.160093	 -0.062028	 -0.162645	 -0.202895
  0.093306	 -0.058629	  0.079351	 -0.171306	 -0.105297	 -0.195999	 -0.213949
  0.120610	 -0.056190	  0.040264	 -0.139378	 -0.073621	 -0.184089	 -0.213569
  0.105596	 -0.049317	  0.027309	 -0.134531	 -0.072291	 -0.194415	 -0.230547
  0.118900	 -0.003419	  0.038300	 -0.147328	 -0.124682	 -0.194859	 -0.256838
  0.151113	  0.013970	  0.043558	 -0.125346	 -0.120849	 -0.161473	 -0.271313
  0.172431	 -0.001962	  0.036463	 -0.108178	 -0.096111	 -0.148328	 -0.258295
  0.178956	 -0.069177	  0.018915	 -0.061868	 -0.106659	 -0.126028	 -0.242172
  0.163879	 -0.092522	 -0.057042	  0.009338	 -0.118252	 -0.105154	 -0.212524
  0.158145	 -0.084508	 -0.073292	  0.020171	 -0.122148	 -0.108227	 -0.207107
  0.128276	 -0.088151	 -0.071993	  0.024764	 -0.070961	 -0.100910	 -0.246480
  0.132583	 -0.110102	 -0.074907	  0.025049	 -0.077042	 -0.070153	 -0.217307
  0.109619	 -0.111781	 -0.073292	  0.017320	 -0.054426	 -0.034708	 -0.146988
  0.073255	 -0.059516	 -0.087451	 -0.015052	 -0.020470	 -0.018681	 -0.075465
  0.061029	 -0.058598	 -0.074401	 -0.026930	 -0.032855	  0.018886	 -0.042016
  0.037241	 -0.047828	 -0.061889	 -0.015115	  0.001037	  0.007072	  0.025769
  0.032774	 -0.038674	 -0.047730	 -0.047519	  0.026378	  0.027027	  0.046485
  0.011679	 -0.011497	 -0.033381	 -0.054741	  0.022260	  0.027660	  0.077369
 -0.047586	 -0.005637	 -0.005285	 -0.045714	 -0.008624	  0.042009	  0.119940
 -0.081288	  0.012545	  0.023571	 -0.069597	 -0.019298	  0.021801	  0.128683
 -0.030608	  0.008649	  0.024078	 -0.064117	 -0.002384	  0.025950	  0.121366
 -0.020598	 -0.010736	  0.037888	 -0.054931	  0.027581	  0.047172	  0.096405
 -0.050595	  0.003423	  0.044128	 -0.096648	  0.039428	  0.038208	  0.063716
 -0.086071	  0.020907	  0.020847	 -0.138142	  0.049564	  0.069092	  0.032263
 -0.117367	 -0.008012	  0.001430	 -0.123635	  0.033600	  0.048218	  0.017375
 -0.117905	 -0.008646	 -0.005855	 -0.082394	  0.031509	  0.032633	  0.025674
 -0.095859	  0.009916	  0.015906	 -0.054646	 -0.003809	  0.059494	 -0.016580
 -0.089841	  0.005925	  0.059079	  0.007374	  0.013359	  0.077296	 -0.028649
 -0.030069	  0.032564	  0.025662	  0.033950	  0.040917	  0.022307	 -0.048477
 -0.016101	  0.041148	  0.012675	  0.019411	  0.017287	  0.010017	 -0.118828
  0.021466	  0.024392	  0.045395	 -0.001368	 -0.031905	  0.027249	 -0.134539
  0.021181	  0.020686	  0.069595	 -0.040044	 -0.020185	 -0.003065	 -0.100773
  0.043101	  0.026007	  0.044477	 -0.034659	  0.014531	 -0.022862	 -0.125639
  0.062454	  0.023061	  0.000955	 -0.020279	  0.019472	 -0.017065	 -0.145816
  0.090835	  0.009124	 -0.020014	 -0.010237	  0.034582	 -0.049342	 -0.125100
  0.101098	 -0.028158	 -0.033508	 -0.017016	  0.061284	 -0.091027	 -0.131720
  0.082758	 -0.045706	 -0.005285	 -0.024460	  0.047157	 -0.081651	 -0.160006
  0.072495	 -0.029583	  0.009634	 -0.043782	  0.077343	 -0.070185	 -0.176541
  0.079907	 -0.054163	  0.008842	 -0.047171	  0.035278	 -0.090805	 -0.138087
  0.083677	 -0.029235	  0.027594	 -0.068140	  0.043672	 -0.066732	 -0.112683
  0.117949	 -0.000600	  0.016318	 -0.102191	  0.022260	 -0.099263	 -0.104194
  0.093369	 -0.003958	  0.048531	 -0.134341	 -0.013850	 -0.141961	 -0.082972
  0.072527	  0.006432	  0.026485	 -0.139536	 -0.022592	 -0.115195	 -0.073818
  0.044178	  0.020686	  0.028259	 -0.117617	 -0.035136	 -0.132268	 -0.055541
  0.049626	  0.004595	  0.033391	 -0.129115	 -0.052399	 -0.102272	 -0.059722
  0.029797	 -0.014981	  0.014037	 -0.081729	 -0.026457	 -0.086592	 -0.036884
  0.018679	 -0.037090	 -0.018209	 -0.046126	 -0.047648	 -0.064420	 -0.016992
  0.015955	 -0.026352	  0.021671	 -0.050180	 -0.060539	 -0.008703	 -0.004797
 -0.011983	 -0.039846	  0.008430	 -0.046506	 -0.045747	 -0.012852	 -0.006761
 -0.030576	 -0.081847	  0.010996	 -0.042990	 -0.064024	 -0.036355	 -0.012178
 -0.039192	 -0.083495	  0.008114	 -0.042768	 -0.055313	 -0.034613	 -0.011449
 -0.065799	 -0.081911	  0.035449	 -0.055343	 -0.037036	  0.019457	 -0.011259
 -0.021580	 -0.097843	  0.029019	 -0.044225	 -0.017176	  0.027851	 -0.020952
 -0.044102	 -0.084286	  0.048056	 -0.033487	  0.011490	  0.004252	 -0.006603
 -0.022879	 -0.073073	  0.020752	 -0.012233	  0.010572	 -0.006707	 -0.016169
  0.004045	 -0.077635	  0.042481	  0.018555	  0.020834	 -0.015070	  0.010565
  0.002049	 -0.089228	  0.034467	 -0.004187	  0.026853	 -0.026314	  0.005751
  0.043607	 -0.079947	 -0.000185	 -0.019487	  0.016463	 -0.032681	  0.037458
  0.026218	 -0.079852	 -0.000059	 -0.000862	  0.048075	 -0.009716	  0.004990
  0.017063	 -0.093821	 -0.025842	  0.001799	  0.071737	  0.037448	  0.017756
  0.007593	 -0.044629	 -0.029802	  0.010066	  0.053143	  0.028326	  0.011516
  0.025996	 -0.047416	 -0.009276	 -0.008780	  0.058243	  0.082554	  0.002361
 -0.096097	  0.050809	 -0.007138	 -0.021618	  0.054863	  0.030755	  0.049624
 -0.086467	  0.011056	 -0.006409	 -0.047085	  0.037980	  0.074530	  0.013166
 -0.041900	  0.045931	 -0.015912	 -0.011007	  0.005957	  0.077920	  0.003695
 -0.030814	  0.059234	 -0.020758	  0.006446	 -0.059611	  0.053466	 -0.037451
 -0.015356	  0.045329	 -0.004446	  0.036569	 -0.081341	  0.062240	 -0.074638
  0.011219	  0.046564	 -0.007993	  0.015949	 -0.078141	  0.025750	 -0.082209
  0.027152	  0.019799	  0.011234	 -0.005907	 -0.054322	 -0.002156	 -0.064819
  0.014672	 -0.000759	  0.033818	 -0.007966	 -0.068417	  0.010198	 -0.099440
  0.029876	 -0.011687	  0.021211	 -0.006699	 -0.066833	  0.019289	 -0.080688
  0.049547	 -0.009596	  0.006989	  0.007713	 -0.065788	  0.050457	  0.008034
  0.037953	 -0.010578	  0.002206	  0.024691	 -0.048177	 -0.006083	 -0.073213
  0.053981	 -0.025180	 -0.016419	  0.038248	 -0.022520	 -0.009377	 -0.020093
  0.064624	 -0.013777	 -0.020505	  0.035144	  0.007730	 -0.019957	  0.128369
  0.051542	 -0.031832	 -0.041854	  0.010437	  0.008681	 -0.059203	 -0.013948
  0.029021	 -0.052769	 -0.020822	  0.028587	  0.010074	 -0.005101	 -0.007930
  0.021482	 -0.063824	 -0.005808	  0.021555	  0.044315	  0.004845	  0.155420
 -0.000944	 -0.072662	 -0.011383	  0.007681	  0.058759	 -0.051379	 -0.036469
 -0.016306	 -0.030343	  0.013958	 -0.023456	  0.083561	 -0.090181	  0.001351
 -0.039208	  0.024202	  0.042687	 -0.030044	  0.126956	 -0.063321	  0.165207
 -0.063978	  0.020084	  0.047344	 -0.079236	  0.106272	 -0.102693	  0.066032
 -0.048647	  0.032120	  0.032583	 -0.088802	  0.108109	 -0.082072	  0.066792
  0.014672	  0.059519	  0.046488	 -0.067231	  0.136491	 -0.030948	  0.262451
  0.015559	  0.104213	 -0.002672	 -0.064507	  0.081692	 -0.088883	  0.148736
  0.030826	  0.090118	  0.003822	 -0.041004	  0.083498	 -0.122110	  0.119246
  0.033107	  0.083308	  0.003156	 -0.017786	  0.100856	 -0.042098	  0.293239
  0.006025	  0.069814	  0.006166	 -0.075720	  0.096041	 -0.069529	  0.209046
  0.055438	  0.077321	  0.003790	 -0.104133	  0.056605	 -0.090498	  0.111233
  0.079638	  0.068199	  0.038950	 -0.079869	  0.051316	  0.017515	  0.233341
  0.066873	  0.063194	  0.009777	 -0.068244	  0.028826	  0.027208	  0.155610
  0.074222	  0.054166	  0.028180	 -0.087218	 -0.009754	 -0.000698	  0.060204
  0.063040	  0.078905	  0.007591	 -0.106255	 -0.051946	  0.023153	  0.181995
  0.091516	  0.065443	 -0.023958	 -0.126970	 -0.079472	 -0.037727	  0.161343
  0.045904	  0.017328	  0.016048	 -0.142048	 -0.054638	 -0.031804	  0.017252
  0.050180	 -0.012288	  0.046963	 -0.108282	 -0.030597	  0.050299	  0.144840
  0.028356	 -0.039561	  0.036447	 -0.077240	  0.028858	  0.059548	  0.229793
  0.017238	 -0.051629	  0.037429	 -0.086679	  0.036492	  0.002691	  0.083390
  0.016541	 -0.025085	  0.018487	 -0.076448	  0.040863	  0.000379	  0.135528
 -0.011333	  0.013305	  0.017854	 -0.053230	  0.032057	 -0.019799	  0.161280
 -0.042217	  0.040704	 -0.005206	 -0.046769	 -0.003704	 -0.063827	  0.002586
 -0.067494	  0.018437	 -0.003590	 -0.030994	 -0.008076	 -0.060977	  0.071385
 -0.053937	 -0.024325	 -0.012396	  0.010912	  0.019609	 -0.054008	  0.165778
 -0.030909	  0.002156	 -0.010020	  0.007618	 -0.005953	 -0.150301	  0.020705
 -0.036832	 -0.009374	  0.055199	  0.025831	  0.021002	 -0.153215	  0.070086
 -0.072372	  0.031930	  0.048199	  0.020763	  0.036808	 -0.069687	  0.224218
 -0.053683	  0.075357	  0.046076	  0.037836	  0.024867	 -0.137314	  0.087825
 -0.034615	  0.095186	  0.067267	  0.031374	  0.028351	 -0.149667	  0.122477
 -0.005125	  0.063416	  0.069991	 -0.007143	  0.026736	 -0.117169	  0.273569
  0.021957	  0.064683	  0.056719	 -0.026845	  0.029998	 -0.148971	  0.172746
  0.037320	  0.090593	  0.080349	 -0.047180	  0.046343	 -0.128952	  0.133975
  0.021926	  0.095978	  0.085259	 -0.054307	  0.045994	 -0.019102	  0.281582
  0.044415	  0.096358	  0.099038	 -0.088042	  0.015142	 -0.022808	  0.182027
  0.055533	  0.066235	  0.127640	 -0.086141	  0.018975	 -0.061642	  0.047502
  0.098041	  0.066995	  0.132550	 -0.088992	  0.007477	  0.020492	  0.166411
  0.105992	  0.058126	  0.124885	 -0.139261	  0.022269	  0.038484	  0.065018
  0.133676	  0.040641	  0.123491	 -0.121997	  0.023631	 -0.011120	 -0.035963
  0.149419	 -0.017420	  0.127355	 -0.130423	  0.056162	  0.048937	  0.082661
  0.138427	 -0.037565	  0.106228	 -0.158836	  0.056985	  0.043077	  0.054977
  0.163514	 -0.015361	  0.109395	 -0.177429	  0.053374	  0.016438	 -0.067194
  0.111345	 -0.008487	  0.099449	 -0.148636	  0.049985	  0.051629	  0.054217
  0.061646	 -0.030692	  0.100241	 -0.131627	  0.082642	  0.064711	  0.085481
  0.045872	 -0.023153	  0.088680	 -0.151424	  0.087901	  0.011116	 -0.072643
  0.048976	 -0.006048	  0.093684	 -0.171949	  0.075927	  0.024167	  0.005595
  0.030446	 -0.009659	  0.057100	 -0.155383	  0.067660	  0.079377	  0.079811
  0.030985	 -0.003229	  0.018994	 -0.134446	  0.078050	  0.004718	 -0.060543
  0.071244	 -0.028601	  0.004043	 -0.121554	  0.091702	 -0.008459	  0.037271
  0.064719	 -0.022298	  0.021623	 -0.128681	  0.075801	  0.002532	  0.160868
  0.049832	 -0.030185	  0.034040	 -0.087503	  0.035161	 -0.074312	  0.023619
  0.024840	 -0.007220	  0.059412	 -0.034289	  0.056669	 -0.057841	  0.129002
  0.036021	 -0.011528	  0.076295	  0.014491	  0.043048	 -0.007319	  0.260487
  0.062945	 -0.011085	  0.068914	  0.006002	  0.021763	 -0.070828	  0.126025
  0.039727	 -0.025687	  0.065018	 -0.005907	  0.042700	 -0.040926	  0.111866
  0.030003	  0.023853	  0.061344	 -0.010184	  0.046469	  0.034778	  0.271985
  0.021862	  0.051094	  0.064036	  0.023329	  0.003708	 -0.006527	  0.156053
  0.044764	  0.087489	  0.088965	  0.062986	  0.002187	 -0.011468	  0.114337
  0.066018	  0.084891	  0.064638	  0.077335	  0.000635	  0.022900	  0.274836
  0.095919	  0.092684	  0.050353	  0.097861	  0.016061	  0.031262	  0.154786
  0.093417	  0.126323	  0.078860	  0.067769	  0.010835	 -0.010708	  0.076326
  0.057845	  0.109566	  0.081173	  0.039420	  0.025215	  0.040955	  0.233183
  0.029749	  0.081280	  0.071860	  0.006763	  0.017391	  0.003926	  0.167171
  0.043560	  0.075167	  0.073887	  0.004324	  0.027432	 -0.017138	  0.019659
  0.036433	  0.058411	  0.081648	  0.009107	  0.045266	  0.012954	  0.188140
  0.020120	  0.056985	  0.045665	  0.003817	  0.022079	  0.006872	  0.129794
  0.011980	  0.059551	  0.024094	  0.000523	  0.044252	 -0.043967	 -0.014107
  0.032885	  0.037600	  0.043257	  0.003754	  0.076149	 -0.025849	  0.110916
  0.042420	 -0.012003	  0.063593	 -0.020922	  0.069687	 -0.046628	  0.149275
  0.038080	 -0.039181	  0.062421	 -0.059724	  0.038582	 -0.092747	  0.016048
 -0.008704	 -0.020397	  0.081648	 -0.050285	  0.049795	 -0.041876	  0.124568
  0.011441	 -0.033638	  0.051461	 -0.065964	  0.045899	  0.007474	  0.143288
  0.045524	 -0.060562	  0.024474	 -0.095929	  0.065031	 -0.037157	  0.000052
  0.054108	 -0.079789	  0.002238	 -0.124025	  0.073203	 -0.049035	  0.099988
  0.046126	 -0.071553	  0.021433	 -0.157981	  0.051696	  0.016058	  0.230807
  0.036876	 -0.044344	  0.062548	 -0.140591	  0.072316	 -0.014731	  0.070435
  0.035863	 -0.054702	  0.052570	 -0.155066	  0.071936	 -0.006907	  0.144460
  0.014799	 -0.082924	  0.011614	 -0.126622	  0.104308	  0.047796	  0.274012
  0.012898	 -0.071395	  0.015985	 -0.132735	  0.088724	  0.020841	  0.105341
  0.022527	 -0.068259	  0.016587	 -0.149270	  0.102376	 -0.029301	  0.070181
  0.017618	 -0.035855	  0.051746	 -0.089942	  0.101553	  0.004053	  0.167551
 -0.000786	 -0.019637	  0.044176	 -0.068149	  0.068452	 -0.033166	  0.013102
  0.000323	  0.024803	  0.061059	 -0.030107	  0.042510	 -0.035858	 -0.020568
  0.020785	  0.059013	  0.084720	 -0.047529	  0.052488	  0.020524	  0.162800
  0.049388	  0.039691	  0.092576	 -0.028967	  0.010264	 -0.026292	  0.083358
  0.070832	  0.009599	  0.082345	 -0.093015	 -0.014379	 -0.037980	 -0.011858
  0.057782	  0.014699	  0.110346	 -0.081801	  0.014414	  0.012827	  0.117124
  0.018125	  0.044917	  0.084277	 -0.052787	  0.021509	 -0.015618	  0.036447
 -0.013107	  0.080045	  0.085005	 -0.027225	  0.030378	 -0.089041	 -0.079263
  0.033329	  0.051822	  0.097295	  0.021428	  0.061357	 -0.101331	  0.080444
  0.073905	  0.057619	  0.128907	  0.056081	  0.047831	 -0.088281	  0.074394
  0.071466	  0.047293	  0.128021	  0.060072	  0.022998	 -0.100539	  0.007749
  0.057940	  0.006463	  0.121654	  0.064824	  0.012450	 -0.054927	  0.193050
  0.070516	 -0.016501	  0.118550	  0.036664	  0.038455	 -0.082896	  0.207304
  0.070864	  0.002821	  0.110441	 -0.001758	  0.011341	 -0.143396	  0.067489
  0.093353	  0.017486	  0.130681	 -0.006573	 -0.008582	 -0.108204	  0.165936
  0.117047	  0.054927	  0.111296	 -0.008283	 -0.036045	 -0.058252	  0.230047
  0.109603	  0.056542	  0.079937	 -0.050950	  0.007762	 -0.101806	  0.059348
  0.122020	  0.041338	  0.051271	 -0.056556	  0.029745	 -0.059963	  0.092798
  0.102603	  0.040166	  0.071733	 -0.046642	  0.041813	 -0.021256	  0.179936
  0.101209	 -0.007917	  0.104201	 -0.044235	  0.003359	 -0.062370	  0.070688
  0.065923	 -0.021443	  0.084435	 -0.039642	  0.038297	 -0.043999	  0.182692
  0.036908	 -0.042222	  0.060996	 -0.030266	  0.047166	  0.002152	  0.222951
  0.018821	 -0.066928	  0.042972	 -0.000364	  0.047166	 -0.061230	  0.089883
  0.042578	 -0.070381	  0.054787	 -0.040719	  0.027844	  0.021569	  0.163719
  0.020975	 -0.084128	  0.046108	 -0.062004	  0.033926	  0.038769	  0.203820
 -0.007279	 -0.032497	  0.030619	 -0.035999	  0.014160	  0.015329	  0.119183
 -0.024922	 -0.002121	  0.018424	  0.023836	  0.038836	  0.015646	  0.167171
  0.000798	  0.019735	  0.032266	 -0.013541	  0.049859	  0.050616	  0.161438
 -0.041678	  0.056447	  0.060901	 -0.042176	  0.028319	  0.041968	  0.090549
 -0.073639	  0.070954	  0.067077	 -0.031184	  0.043080	  0.047575	  0.095427
 -0.081748	  0.095503	  0.103726	 -0.021017	  0.038836	  0.058503	  0.113323
 -0.041045	  0.100729	  0.115762	 -0.025514	 -0.007410	  0.079408	  0.073286
 -0.060398	  0.139753	  0.107495	 -0.028460	 -0.026036	  0.072757	  0.063149
 -0.027329	  0.112829	  0.126944	 -0.041130	 -0.013872	  0.055620	  0.055009
 -0.037751	  0.140893	  0.140342	 -0.075783	 -0.024293	  0.054227	  0.081458
 -0.023877	  0.177162	  0.100115	 -0.071792	 -0.025022	  0.044344	  0.120323
 -0.006234	  0.167849	  0.065905	 -0.079869	 -0.028158	  0.060340	  0.167646
 -0.011809	  0.192144	  0.067806	 -0.072236	 -0.011497	  0.073802	  0.180602
  0.026392	  0.193411	  0.060584	 -0.079996	  0.019609	  0.032592	  0.180221
  0.033265	  0.130441	  0.097771	 -0.091272	  0.021256	 -0.012513	  0.161660
  0.075679	  0.096801	  0.078924	 -0.102137	  0.002536	 -0.028288	  0.152949
  0.087430	  0.064397	  0.059412	 -0.125228	  0.008586	 -0.008015	  0.158746
  0.065543	  0.019387	  0.022763	 -0.065172	  0.008047	 -0.018753	  0.162958
  0.058257	  0.008174	  0.048104	 -0.086775	 -0.010325	 -0.018373	  0.157098
  0.067823	 -0.027429	  0.072842	 -0.086616	 -0.013682	 -0.033482	  0.110251
  0.105739	 -0.037154	  0.044081	 -0.102264	  0.031519	 -0.060755	  0.127355
  0.054963	 -0.031262	  0.060330	 -0.087725	  0.059805	 -0.043840	  0.139614
  0.040107	 -0.062082	  0.054946	 -0.097798	  0.084131	 -0.054451	  0.142053
  0.015622	 -0.053086	  0.084657	 -0.098241	  0.075167	 -0.032342	  0.132455
  0.055723	 -0.056254	  0.095680	 -0.053864	  0.089263	 -0.048180	  0.142591
  0.035356	 -0.077286	  0.101065	 -0.021650	  0.077194	 -0.091955	  0.137745
  0.035863	 -0.104083	  0.086558	 -0.015220	  0.100919	 -0.101964	  0.128242
  0.043116	 -0.122994	  0.061502	  0.002265	  0.119893	 -0.130979	  0.139202
  0.093829	 -0.088563	  0.047565	  0.024469	  0.099525	 -0.122205	  0.110662
  0.098041	 -0.079060	  0.040723	 -0.006351	  0.076371	 -0.052107	  0.099449
  0.138332	 -0.072440	  0.005215	 -0.021365	  0.074280	 -0.023188	  0.078195
  0.160759	 -0.048145	 -0.009862	 -0.038406	  0.052424	 -0.010328	  0.091942
  0.193764	 -0.032972	 -0.005269	 -0.067769	  0.007635	  0.016596	  0.069263
  0.198706	 -0.005383	 -0.015057	 -0.030139	  0.004468	  0.000188	  0.064828
  0.182900	  0.022649	 -0.019238	 -0.017659	  0.018120	  0.021284	  0.024632
  0.152840	  0.032691	 -0.017401	 -0.038311	  0.041021	  0.055335	  0.023207
  0.127816	  0.037885	 -0.013030	 -0.046674	  0.074249	  0.079979	  0.049973
  0.084991	 -0.006492	 -0.005047	 -0.113382	  0.073742	  0.053150	  0.034135
  0.092245	 -0.026479	  0.014686	 -0.129663	  0.017961	 -0.001617	  0.037714
  0.079733	 -0.007505	  0.027388	 -0.138437	  0.010740	  0.016533	  0.054280
  0.059904	  0.000952	  0.058303	 -0.107554	 -0.003198	  0.028094	  0.050511
  0.033519	  0.008142	  0.078290	 -0.099128	  0.020432	  0.011021	  0.077815
 -0.001387	  0.029681	  0.096504	 -0.112622	 -0.005605	  0.033321	  0.079462
 -0.034900	 -0.006143	  0.106450	 -0.127794	  0.007287	 -0.001585	  0.076041
 -0.055647	 -0.020334	  0.114654	 -0.131880	  0.012798	  0.002311	  0.060647
 -0.063028	  0.025690	  0.108160	 -0.114427	  0.034971	  0.017578	  0.119753
 -0.056883	  0.033166	  0.137016	 -0.074389	  0.023948	  0.020239	  0.162800
 -0.051403	  0.030790	  0.151809	 -0.060357	  0.035763	  0.018433	  0.135433
 -0.023909	  0.070321	  0.154248	 -0.090829	  0.048782	  0.017927	  0.142021
  0.003332	  0.069846	  0.135749	 -0.074136	  0.066646	 -0.000287	  0.098594
  0.040899	  0.077701	  0.139677	 -0.058235	  0.052773	 -0.013400	  0.089978
  0.047773	  0.060375	  0.147501	 -0.015062	  0.013939	 -0.014065	  0.107400
  0.038650	  0.009124	  0.159189	 -0.042239	  0.017930	 -0.037664	  0.142845
  0.024966	  0.009346	  0.127165	 -0.048637	  0.018627	 -0.055877	  0.121305
  0.035958	  0.002694	  0.144397	 -0.066376	 -0.009628	 -0.054990	  0.129668
  0.045777	  0.001744	  0.128211	 -0.089309	 -0.013587	 -0.009631	  0.127260
  0.060284	  0.022523	  0.153076	 -0.091716	 -0.012383	 -0.023948	  0.145727
  0.109476	  0.037188	  0.145822	 -0.113223	 -0.025940	 -0.063796	  0.141166
  0.086892	 -0.004971	  0.136890	 -0.111735	 -0.013144	 -0.071334	  0.125550
  0.039569	 -0.018180	  0.088965	 -0.080313	  0.000635	 -0.076656	  0.095585
  0.025093	 -0.043045	  0.118740	 -0.071539	  0.002219	 -0.027147	  0.105721
  0.006848	 -0.072757	  0.089250	 -0.079204	  0.053343	 -0.005830	  0.142876
 -0.000976	 -0.072281	  0.084752	 -0.089974	  0.039279	  0.000410	  0.157225
 -0.009591	 -0.082228	  0.047185	 -0.102612	  0.053565	 -0.007667	  0.183009
  0.030763	 -0.121917	  0.057258	 -0.082530	  0.054673	 -0.006463	  0.188299
  0.054234	 -0.107156	  0.053742	 -0.052090	  0.046628	  0.009374	  0.186430
  0.022876	 -0.099015	  0.028053	 -0.043601	  0.070289	 -0.001585	  0.171036
  0.024586	 -0.150583	  0.017505	 -0.041162	  0.078081	 -0.004214	  0.194349
  0.015242	 -0.118622	 -0.013346	 -0.029822	  0.066836	 -0.009409	  0.143795
 -0.017447	 -0.107346	  0.009587	 -0.034922	  0.042953	  0.000379	  0.095395
 -0.054824	 -0.126921	  0.018804	 -0.021143	  0.049035	 -0.010074	  0.104581
 -0.087069	 -0.105002	  0.020895	 -0.033370	  0.050619	 -0.025310	  0.067742
 -0.091789	 -0.104812	 -0.011921	 -0.056493	  0.067090	 -0.002282	  0.033058
 -0.075381	 -0.079282	  0.005881	 -0.077240	  0.056859	 -0.003201	  0.049656
 -0.055806	 -0.084033	 -0.023229	 -0.072489	  0.080457	  0.010831	  0.031506
 -0.023148	 -0.068322	  0.014845	 -0.109296	  0.069529	 -0.018500	  0.011677
  0.002445	 -0.049665	  0.042877	 -0.138310	  0.056067	 -0.040261	  0.031094
  0.025125	 -0.042633	  0.052063	 -0.123866	  0.041148	 -0.031804	  0.056054
  0.029148	 -0.016153	  0.080222	 -0.124658	  0.041623	 -0.050492	  0.092069
  0.058352	 -0.020207	  0.079937	 -0.126907	  0.001427	 -0.035130	  0.136319
  0.103711	  0.004816	  0.104359	 -0.112115	 -0.015899	 -0.028003	  0.160393
  0.080968	  0.023600	  0.102237	 -0.092001	 -0.030945	 -0.014034	  0.164574
  0.105327	  0.069149	  0.122414	 -0.060801	 -0.050235	  0.024705	  0.153329
  0.087842	  0.062180	  0.123238	 -0.036126	 -0.036267	  0.018243	  0.150035
  0.122685	  0.083276	  0.146551	  0.015062	 -0.016881	  0.048145	  0.140596
  0.114608	  0.047673	  0.160456	  0.007460	 -0.001234	  0.024927	  0.143953
  0.079385	  0.036555	  0.139044	 -0.005939	  0.008839	  0.036425	  0.183452
  0.100069	  0.014857	  0.141007	 -0.006446	  0.018785	  0.027968	  0.191213
  0.107132	 -0.009438	  0.108889	 -0.032990	  0.028256	  0.069114	  0.168945
  0.084801	 -0.018972	  0.085924	 -0.028017	  0.007445	  0.075766	  0.187095
  0.048216	 -0.038040	  0.054122	 -0.045343	  0.034274	  0.057331	  0.174393
