:RUN-1	LEVEL SWEEP	TEMP:NaN	8/27/2019	12:28 PM	HR:-636.36:SW EAR: R	SW FREQ: 5.66	# AVERAGES: 512	REP RATE (/sec): 80	DRIVER: 	SAMPLE (µsec): 40	MASKER dB: 2147483647:NOTES-:CHAMBER-SEWELL-PXI1:CFTS Version: V2.7.2 (R850):LEVELS:20;30;40;50;60;70;80;:DATA  0.007266	 -0.119764	  0.031835	  0.041078	 -0.002379	 -0.097487	 -0.047814
  0.001723	 -0.082197	 -0.004718	  0.059133	 -0.017013	 -0.064006	 -0.030297
  0.022914	 -0.057301	 -0.021474	  0.057803	  0.018242	 -0.062613	 -0.040465
 -0.001096	 -0.039341	 -0.054353	  0.049979	  0.030373	 -0.016398	 -0.015853
 -0.014083	 -0.021286	 -0.087897	  0.039114	  0.026129	  0.007897	 -0.006921
  0.016420	 -0.021888	 -0.090210	  0.023150	 -0.011565	 -0.015100	  0.030392
  0.003624	  0.036427	 -0.092997	 -0.000892	  0.008993	  0.028454	 -0.007966
 -0.041165	  0.056129	 -0.063286	 -0.016824	 -0.010519	  0.048346	 -0.039103
 -0.022699	  0.040671	 -0.044629	 -0.014860	 -0.017836	  0.060509	 -0.048416
 -0.040563	  0.016408	 -0.000505	 -0.008969	 -0.011153	  0.047744	 -0.027700
 -0.018391	  0.019702	  0.012893	 -0.028006	 -0.007098	  0.027314	  0.005337
 -0.048356	  0.035856	  0.012007	 -0.021956	 -0.001714	  0.051450	  0.005432
 -0.048324	  0.025784	  0.051822	 -0.024363	 -0.005705	  0.054206	  0.018071
 -0.037681	  0.024897	  0.000160	 -0.049893	 -0.004026	  0.019236	  0.011799
 -0.003250	  0.030282	 -0.001899	 -0.044414	 -0.022144	 -0.013548	  0.013700
  0.004479	  0.039911	  0.042953	 -0.040327	 -0.005166	 -0.032553	 -0.005306
  0.024656	  0.035571	  0.080837	 -0.001557	  0.026002	 -0.005375	  0.038406
  0.063585	 -0.001299	  0.084036	 -0.000765	 -0.005673	 -0.015226	  0.071222
  0.064504	 -0.017548	  0.058284	 -0.018725	  0.004336	 -0.011869	  0.037044
  0.066436	 -0.001014	  0.087140	  0.001294	  0.007916	 -0.010982	  0.038438
  0.109799	 -0.020019	  0.113716	 -0.029304	  0.014694	 -0.004298	  0.059787
  0.121709	 -0.020336	  0.169306	 -0.019643	 -0.003868	 -0.029354	  0.058932
  0.054114	 -0.033576	  0.193981	 -0.040898	  0.014789	 -0.047820	  0.063873
  0.048349	 -0.001140	  0.162401	 -0.035133	  0.047320	 -0.057513	  0.054149
  0.018353	 -0.006525	  0.123630	 -0.011471	  0.049917	 -0.019598	  0.066217
  0.016420	 -0.026449	  0.111372	 -0.000892	  0.058596	 -0.012249	  0.057253
  0.029186	 -0.029901	  0.101363	 -0.020847	  0.080832	  0.008720	  0.066471
  0.037643	  0.018403	  0.084195	 -0.021671	  0.069081	 -0.000656	  0.076987
  0.030453	  0.028856	  0.097023	 -0.047074	  0.056252	 -0.068346	  0.087915
  0.016737	  0.059138	  0.091702	 -0.083976	  0.044057	 -0.054409	  0.112812
 -0.009617	  0.083464	  0.074629	 -0.097121	  0.066578	 -0.056151	  0.135681
  0.008628	  0.101171	 -0.014316	 -0.127783	  0.076208	 -0.042024	  0.166280
 -0.010218	  0.078301	 -0.053941	 -0.089994	  0.076619	 -0.057513	  0.207014
 -0.002236	  0.061513	 -0.052833	 -0.101683	  0.040066	 -0.060870	  0.223929
 -0.007558	  0.035730	 -0.051344	 -0.144888	  0.050994	 -0.047567	  0.217023
 -0.014811	  0.018150	 -0.059390	 -0.153282	  0.034713	 -0.031032	  0.224024
 -0.016173	  0.044852	 -0.052326	 -0.141974	  0.017387	 -0.023050	  0.241952
 -0.059664	  0.020747	 -0.047005	 -0.123412	  0.030912	 -0.021340	  0.209168
 -0.045536	 -0.005321	 -0.031579	 -0.105927	  0.031799	 -0.010760	  0.166976
 -0.029762	 -0.039689	 -0.036330	 -0.053663	  0.018495	  0.024526	  0.149967
 -0.010820	 -0.050269	 -0.049824	 -0.055183	  0.004020	  0.057183	  0.120984
 -0.001698	 -0.054925	 -0.047195	 -0.068043	 -0.005198	  0.110018	  0.084019
  0.031276	 -0.060151	 -0.042633	 -0.045586	 -0.007922	  0.139571	  0.063366
  0.054272	 -0.091510	  0.004531	  0.007439	  0.031704	  0.111728	  0.047307
  0.038276	 -0.067627	  0.014065	  0.002814	  0.026382	  0.067446	 -0.040402
  0.028647	 -0.041843	  0.042256	  0.008072	 -0.012040	  0.055916	 -0.085254
  0.064155	 -0.037915	  0.042605	  0.012697	 -0.066141	  0.035581	 -0.105241
  0.081418	 -0.054228	  0.031994	  0.019697	 -0.097056	  0.020155	 -0.110911
  0.089622	 -0.036902	  0.028351	  0.024924	 -0.065033	 -0.008575	 -0.122568
  0.054716	  0.016028	  0.045076	  0.012475	 -0.056005	 -0.038634	 -0.095232
  0.039227	  0.009756	  0.039057	  0.029232	 -0.040959	 -0.050956	 -0.103752
  0.046734	  0.036205	  0.051031	  0.030340	 -0.040991	 -0.048929	 -0.130423
  0.055033	  0.060880	  0.047546	  0.037626	 -0.024045	 -0.064291	 -0.143727
  0.080088	  0.080804	  0.050745	  0.083270	 -0.014130	 -0.042150	 -0.092096
  0.061146	  0.050681	  0.085557	  0.033539	 -0.010424	 -0.051336	 -0.073439
 -0.020450	  0.061482	  0.061167	  0.023878	  0.017545	 -0.056499	 -0.002518
 -0.058365	  0.108140	  0.092018	  0.012032	 -0.009126	 -0.041549	 -0.007460
 -0.050383	  0.092650	  0.113241	 -0.029843	  0.026224	 -0.039553	  0.000333
 -0.074614	  0.055273	  0.143332	 -0.037160	  0.050171	 -0.045888	  0.037044
 -0.071637	  0.029015	  0.125151	 -0.058953	  0.075796	 -0.040693	  0.053705
 -0.095678	  0.032467	  0.119798	 -0.057749	  0.050741	 -0.038476	  0.050031
 -0.093810	  0.028730	  0.110580	 -0.066523	  0.075764	 -0.050956	  0.068371
 -0.082058	  0.004751	  0.105417	 -0.055310	  0.102878	 -0.035245	  0.085761
 -0.086176	 -0.015394	  0.093824	 -0.054708	  0.099141	  0.001181	  0.086679
 -0.050573	  0.014666	  0.098480	 -0.054803	  0.113680	  0.058514	  0.098431
 -0.050953	 -0.029236	  0.105259	 -0.075424	  0.092869	  0.111348	  0.084937
 -0.018866	 -0.039056	  0.097593	 -0.070166	  0.079280	  0.088352	  0.099793
  0.020126	 -0.050205	  0.109503	 -0.011566	  0.072122	  0.049170	  0.115251
  0.053037	 -0.084541	  0.131929	 -0.005580	  0.065153	  0.035866	  0.161782
  0.057313	 -0.070636	  0.100666	  0.022897	  0.097082	  0.055315	  0.163619
  0.066784	 -0.021159	  0.088186	  0.026793	  0.100978	  0.077677	  0.126654
  0.079676	 -0.037218	  0.086982	 -0.008272	  0.104082	  0.039825	  0.128554
  0.072581	 -0.001520	  0.095534	  0.000154	  0.148807	  0.040364	  0.125418
  0.076889	  0.001964	  0.042225	  0.025240	  0.153844	  0.025762	  0.089404
  0.077047	 -0.009756	  0.038836	  0.068636	  0.107281	  0.021232	  0.056873
  0.102292	  0.034273	  0.029776	  0.058214	  0.066547	 -0.001638	  0.056841
  0.118035	  0.067120	 -0.007094	  0.036675	  0.065470	  0.003906	  0.059122
  0.097953	  0.086094	 -0.022266	  0.001452	  0.053528	  0.002639	  0.013319
  0.096084	  0.098035	 -0.001360	 -0.028259	  0.048428	  0.003620	  0.020890
  0.086993	  0.114570	  0.032120	 -0.037033	  0.034048	  0.019046	  0.015568
  0.067354	  0.092999	  0.060406	 -0.019073	  0.033288	  0.016607	  0.022885
  0.042901	  0.076242	  0.037759	 -0.022209	  0.008517	  0.036690	 -0.005274
  0.051897	  0.015458	  0.049320	 -0.018376	  0.024957	  0.060034	  0.004165
  0.054146	 -0.044029	  0.061610	 -0.036115	  0.023912	  0.035327	 -0.010659
 -0.007178	 -0.038517	  0.047451	 -0.015114	  0.062619	  0.054934	  0.000459
 -0.045030	 -0.044472	  0.034179	 -0.033010	  0.108326	  0.054839	  0.000554
 -0.094570	 -0.078396	  0.059615	 -0.029970	  0.126793	  0.049075	  0.000808
 -0.061532	 -0.093410	  0.067660	 -0.007955	  0.114598	  0.007422	 -0.022600
 -0.066062	 -0.107221	  0.084226	  0.040793	  0.084475	  0.004666	 -0.055036
 -0.067266	 -0.111117	  0.075452	  0.087577	  0.029772	 -0.017032	 -0.030424
 -0.042812	 -0.117800	  0.071429	  0.099266	  0.037405	 -0.020706	 -0.044615
 -0.005531	 -0.119574	  0.037569	  0.102972	  0.014726	 -0.062644	 -0.058742
 -0.017789	 -0.076749	  0.034433	  0.104017	  0.009785	 -0.099356	 -0.073661
 -0.030206	 -0.021983	  0.041940	  0.066482	  0.011653	 -0.077912	 -0.094250
 -0.012879	 -0.001901	  0.033704	  0.048997	  0.013744	 -0.026756	 -0.082467
  0.017561	  0.046974	  0.016631	 -0.035418	  0.003893	 -0.044811	 -0.046103
  0.045720	  0.050332	  0.019957	 -0.010679	 -0.035575	 -0.068916	 -0.052819
  0.054082	  0.035381	  0.023505	 -0.045934	 -0.039819	 -0.039236	 -0.073344
  0.021425	  0.017833	  0.032120	 -0.052998	 -0.071874	 -0.028498	 -0.072172
 -0.038758	  0.032245	  0.001110	 -0.073682	 -0.083499	 -0.031856	 -0.090386
 -0.007083	  0.013019	 -0.031800	 -0.084039	 -0.061707	 -0.014054	 -0.080566
 -0.008983	  0.038359	 -0.045326	 -0.095537	 -0.049892	 -0.012059	 -0.048637
 -0.007463	  0.054196	 -0.024483	 -0.079510	 -0.049765	 -0.026218	 -0.033750
 -0.027767	  0.035666	  0.023061	 -0.091135	 -0.034593	  0.014010	 -0.023614
 -0.030522	  0.015077	  0.002219	 -0.078211	 -0.010456	 -0.029417	  0.027162
  0.009294	 -0.020937	 -0.026922	 -0.099212	  0.006839	 -0.010063	  0.033750
  0.015565	 -0.026449	 -0.008044	 -0.072700	  0.048999	 -0.014688	  0.043633
  0.069477	 -0.028983	 -0.003451	 -0.079732	  0.082733	  0.000010	  0.018641
  0.062508	 -0.043585	 -0.015171	 -0.076121	  0.079185	  0.048029	  0.020700
  0.084396	 -0.038929	  0.021667	 -0.067220	  0.066578	  0.047079	  0.027510
  0.087120	  0.003389	  0.033767	 -0.074188	  0.105982	  0.022404	 -0.007301
  0.113695	  0.028381	  0.032247	 -0.080365	  0.107376	  0.011634	 -0.039357
  0.132035	 -0.011498	  0.022523	 -0.051540	  0.072026	  0.012933	 -0.045565
  0.162159	 -0.033417	  0.039786	 -0.037857	  0.085013	  0.008023	 -0.066502
  0.138846	 -0.011086	  0.000097	 -0.026770	  0.080737	 -0.017000	 -0.046832
  0.117528	 -0.015268	 -0.000790	 -0.047043	  0.066483	 -0.021656	 -0.059344
  0.056046	 -0.015236	 -0.001392	 -0.024521	  0.058248	 -0.059477	 -0.067548
  0.043788	 -0.018625	  0.041528	 -0.015304	  0.045831	 -0.046236	 -0.057253
  0.015312	 -0.018974	  0.067533	 -0.013245	  0.034586	 -0.061251	 -0.034922
  0.012746	 -0.013620	  0.059424	 -0.009349	 -0.000352	 -0.063563	 -0.007111
 -0.030966	 -0.005353	  0.047926	 -0.031363	 -0.032502	 -0.094161	  0.019813
 -0.056876	  0.005670	  0.053311	 -0.031807	 -0.058919	 -0.129638	  0.022062
 -0.077433	  0.012607	  0.042542	 -0.016159	 -0.081345	 -0.096790	  0.061498
 -0.078384	  0.013430	  0.056954	 -0.010616	 -0.066300	 -0.106990	  0.071285
 -0.091592	  0.010199	  0.060438	 -0.009602	 -0.053249	 -0.131031	  0.110499
 -0.088647	  0.011213	  0.050840	 -0.020245	 -0.085780	 -0.106705	  0.092698
 -0.088330	  0.025087	  0.052329	 -0.042988	 -0.118849	 -0.105311	  0.072331
 -0.068723	  0.020621	  0.073393	 -0.040454	 -0.109505	 -0.112438	  0.043506
 -0.044238	  0.021729	  0.054578	 -0.087112	 -0.111152	 -0.129257	  0.043918
 -0.036572	  0.014919	  0.013717	 -0.079922	 -0.104690	 -0.073351	  0.055828
 -0.045726	 -0.012258	 -0.008709	 -0.052142	 -0.076499	 -0.080224	  0.027573
 -0.053107	 -0.016313	 -0.025750	 -0.044477	 -0.042511	 -0.048739	  0.002582
 -0.054057	 -0.037250	 -0.016913	 -0.076786	 -0.021416	 -0.038286	 -0.012971
 -0.041292	 -0.054165	 -0.022393	 -0.105167	 -0.009981	 -0.020801	 -0.001916
 -0.023712	 -0.067912	 -0.036647	 -0.139091	 -0.029239	  0.017811	 -0.028840
 -0.030269	 -0.063509	 -0.052453	 -0.161517	 -0.036968	  0.055061	 -0.010215
 -0.063781	 -0.063161	 -0.046529	 -0.181979	 -0.033136	  0.069347	  0.015442
 -0.028432	 -0.057332	 -0.040321	 -0.137887	 -0.038140	  0.066496	 -0.004070
 -0.024599	 -0.040101	 -0.014949	 -0.135670	 -0.023981	  0.083727	  0.020953
 -0.037839	 -0.006272	 -0.010578	 -0.125471	 -0.003392	  0.094402	  0.030076
 -0.030332	 -0.004308	 -0.001582	 -0.112706	  0.013459	  0.088542	  0.017912
  0.000995	 -0.010928	  0.011880	 -0.109443	 -0.004596	  0.063202	  0.044298
  0.026050	  0.005543	  0.005608	 -0.090913	 -0.021827	  0.052654	  0.078571
 -0.009743	 -0.005416	 -0.031167	 -0.087745	 -0.006307	  0.047808	  0.109422
 -0.028495	  0.015077	 -0.041968	 -0.044223	 -0.031869	  0.069220	  0.104481
 -0.020640	  0.044694	 -0.035887	 -0.030381	 -0.045869	  0.032762	  0.136917
  0.013411	  0.034304	 -0.063951	  0.011842	 -0.038805	  0.004697	  0.114015
  0.044643	 -0.029110	 -0.054322	 -0.002761	 -0.014510	 -0.017222	  0.112336
  0.097256	 -0.053785	 -0.048493	  0.032906	  0.027301	 -0.026883	  0.067231
  0.097573	 -0.055527	 -0.036900	  0.061730	  0.065818	 -0.075346	  0.037709
  0.081893	 -0.052201	 -0.004655	  0.069744	  0.068289	 -0.099008	 -0.000301
  0.023516	 -0.049097	  0.078841	  0.056156	  0.021631	 -0.134484	 -0.042587
 -0.053804	 -0.051061	  0.107032	  0.080134	  0.026066	 -0.162200	 -0.104766
 -0.047184	 -0.032847	  0.091385	  0.099107	  0.025084	 -0.167268	 -0.142935
 -0.039772	 -0.041400	  0.126323	  0.091537	 -0.009759	 -0.176327	 -0.146736
 -0.071764	 -0.018752	  0.103326	  0.076396	 -0.025692	 -0.152634	 -0.159248
 -0.086524	  0.001552	  0.080615	  0.036073	 -0.005641	 -0.164575	 -0.205715
 -0.074456	  0.011625	  0.103136	  0.027901	  0.025907	 -0.136669	 -0.236282
 -0.090262	  0.005955	  0.109915	  0.027204	  0.031799	 -0.137746	 -0.287913
 -0.045441	  0.004593	  0.070511	 -0.003742	  0.046211	 -0.117949	 -0.287184
 -0.022413	 -0.000538	  0.046026	 -0.053409	  0.042854	 -0.102714	 -0.279677
 -0.024156	  0.006747	  0.055877	 -0.101587	  0.049474	 -0.050449	 -0.264188
  0.007266	  0.049825	  0.074217	 -0.135892	  0.043962	 -0.005882	 -0.184144
 -0.002648	  0.028730	  0.096928	 -0.176531	  0.057836	  0.043341	 -0.124088
  0.017244	  0.001489	  0.082864	 -0.143652	  0.083271	  0.030449	 -0.013351
  0.028711	  0.012322	  0.075864	 -0.159743	  0.071773	  0.057564	  0.079584
  0.016516	  0.027399	  0.080805	 -0.141213	  0.080515	  0.075302	  0.114554
  0.019936	  0.013209	  0.049510	 -0.148720	  0.069081	  0.101402	  0.154275
  0.011162	  0.014507	  0.033704	 -0.155340	  0.055967	  0.123987	  0.147179
  0.028647	  0.055400	  0.030252	 -0.117679	  0.019445	  0.126584	  0.165076
  0.022914	  0.004783	  0.016346	 -0.104343	 -0.014352	  0.107832	  0.151329
  0.018036	 -0.026037	 -0.009976	 -0.078465	 -0.013782	  0.109416	  0.167547
 -0.026975	 -0.040228	  0.013654	 -0.066808	 -0.037095	  0.093293	  0.212652
 -0.021463	 -0.026354	 -0.000379	 -0.048785	 -0.065444	  0.107801	  0.177239
 -0.037301	 -0.039024	 -0.011687	 -0.072985	 -0.073490	  0.072768	  0.161750
 -0.091149	 -0.031390	 -0.010198	 -0.085401	 -0.086413	  0.063899	  0.116233
 -0.127797	 -0.075641	 -0.006840	 -0.077134	 -0.069626	  0.072039	  0.113762
 -0.126245	 -0.107538	  0.013337	 -0.077388	 -0.051444	  0.038653	  0.091336
 -0.106606	 -0.103642	  0.022744	 -0.059903	 -0.055118	  0.006978	  0.068276
 -0.097167	 -0.098669	  0.020622	 -0.082646	 -0.072476	 -0.001416	  0.038121
 -0.080664	 -0.083655	 -0.014981	 -0.121891	 -0.044634	 -0.024159	  0.009518
 -0.084434	 -0.079220	 -0.022868	 -0.161771	 -0.055182	 -0.018996	  0.020130
 -0.087791	 -0.049255	 -0.012669	 -0.150938	  0.011495	 -0.015258	  0.007713
 -0.129761	 -0.012575	 -0.009121	 -0.123032	  0.043962	 -0.031317	  0.002487
 -0.167518	 -0.000697	 -0.028570	 -0.065288	  0.055904	 -0.076233	 -0.009994
 -0.165016	  0.013937	 -0.066041	 -0.069057	  0.074212	 -0.088048	 -0.022695
 -0.147246	  0.003009	 -0.054512	 -0.085021	  0.046021	 -0.070278	 -0.017786
 -0.120955	 -0.002027	 -0.035950	 -0.134118	  0.037595	 -0.088935	 -0.052629
 -0.091909	  0.032816	 -0.023470	 -0.132186	  0.071773	 -0.086147	 -0.027795
 -0.082121	  0.036458	 -0.065630	 -0.138711	  0.097874	 -0.070436	 -0.064919
 -0.089755	 -0.007317	 -0.073865	 -0.122018	  0.086470	 -0.031032	 -0.063747
 -0.123394	 -0.038549	 -0.012922	 -0.091198	  0.098349	 -0.010728	 -0.069987
 -0.104674	 -0.059265	  0.017423	 -0.066998	  0.039496	 -0.005375	 -0.072299
 -0.083135	 -0.033766	  0.029016	 -0.030381	  0.007789	  0.009956	 -0.051773
 -0.106226	 -0.040766	 -0.000379	 -0.029083	 -0.017298	 -0.017570	 -0.050791
 -0.119910	 -0.030947	 -0.036647	  0.004652	 -0.047263	 -0.050703	 -0.056556
 -0.133562	 -0.044979	  0.009092	  0.037309	 -0.047833	 -0.032363	 -0.091177
 -0.141101	 -0.045327	  0.036650	  0.045481	 -0.041339	 -0.036702	 -0.141193
 -0.104484	 -0.030883	  0.024170	 -0.003584	 -0.045806	 -0.049657	 -0.153831
 -0.083198	 -0.065853	  0.010043	 -0.033612	 -0.079825	 -0.015131	 -0.136885
 -0.046708	 -0.063287	  0.032310	 -0.063039	 -0.067567	 -0.027485	 -0.104576
 -0.066094	 -0.042223	  0.027369	 -0.088062	 -0.031457	 -0.016367	 -0.107934
 -0.043573	 -0.063762	  0.026482	 -0.097755	 -0.064241	  0.014105	 -0.121301
 -0.024599	 -0.047956	  0.034464	 -0.124932	 -0.058729	  0.025635	 -0.133147
 -0.014400	 -0.054703	  0.022333	 -0.100606	 -0.074472	 -0.003855	 -0.118893
 -0.004739	 -0.078745	  0.030632	 -0.067600	 -0.057019	  0.003209	 -0.077082
  0.016167	 -0.101931	  0.026482	 -0.113371	 -0.060345	 -0.022068	 -0.076353
  0.026715	 -0.097433	  0.007635	 -0.143811	 -0.086603	 -0.052318	 -0.065235
  0.029787	 -0.110262	 -0.013619	 -0.149132	 -0.089771	 -0.061567	  0.000428
  0.058992	 -0.127208	 -0.005732	 -0.136019	 -0.092463	 -0.031254	  0.023931
  0.061368	 -0.107601	 -0.000822	 -0.148689	 -0.064051	 -0.010950	  0.047244
  0.069508	 -0.122488	  0.008396	 -0.139598	 -0.020465	  0.038970	  0.047719
  0.053322	 -0.101836	  0.006305	 -0.138331	 -0.050715	  0.025255	  0.078634
  0.044162	 -0.030906	  0.033793	 -0.062339	  0.004964	  0.070823	 -0.042847
  0.054646	 -0.057450	  0.075414	 -0.032310	 -0.010177	  0.037595	 -0.042119
  0.033455	 -0.033820	  0.026286	 -0.045994	 -0.006218	  0.057234	 -0.029417
 -0.020266	 -0.012312	  0.042567	 -0.059583	 -0.033490	  0.059483	 -0.031476
 -0.014754	 -0.032394	  0.063378	 -0.061958	 -0.027219	  0.026889	 -0.018362
 -0.026506	 -0.074744	  0.078233	 -0.029080	 -0.055156	 -0.027909	 -0.032109
 -0.007247	 -0.026693	  0.063283	  0.020429	 -0.024970	 -0.013624	 -0.042024
 -0.006107	 -0.014783	  0.027679	  0.035031	 -0.003937	  0.027934	 -0.017475
  0.008432	 -0.011235	 -0.014290	  0.056254	 -0.025381	  0.021473	  0.016861
 -0.016401	 -0.011362	 -0.041753	  0.053403	 -0.060509	 -0.042100	  0.007231
 -0.029705	  0.020250	 -0.075234	  0.044819	 -0.051894	 -0.083183	 -0.024222
 -0.024510	  0.027535	 -0.071496	  0.050552	 -0.034662	 -0.045996	  0.024906
 -0.021311	  0.020440	 -0.065383	  0.034018	 -0.016861	 -0.037032	  0.091456
 -0.014913	  0.049455	 -0.045332	  0.009311	  0.016240	 -0.044887	  0.085058
  0.033646	  0.052369	 -0.029463	  0.012383	 -0.009861	 -0.051824	 -0.007688
  0.034849	  0.056993	 -0.034151	  0.005637	 -0.008784	 -0.044285	 -0.057608
 -0.020107	  0.049486	 -0.037255	  0.002786	  0.062613	  0.015771	  0.042866
  0.000323	  0.012046	 -0.035766	 -0.022586	  0.109302	  0.060718	  0.127059
  0.002635	  0.010937	 -0.009444	 -0.017930	  0.090930	  0.028283	  0.048726
 -0.010320	  0.006186	  0.048934	  0.007157	  0.085070	 -0.015366	 -0.098817
 -0.007627	 -0.004647	  0.067907	  0.000949	  0.113705	  0.009499	 -0.049847
 -0.021628	  0.011318	  0.061794	 -0.016568	  0.104646	  0.019350	  0.121548
 -0.016053	 -0.033725	  0.037182	 -0.023885	  0.088966	  0.004748	  0.081510
 -0.005600	 -0.035625	  0.019476	  0.005827	  0.069549	  0.008106	 -0.080826
 -0.002844	 -0.100180	 -0.046219	 -0.003011	  0.045920	  0.014282	 -0.128244
  0.004409	 -0.090138	 -0.058604	  0.012827	  0.065685	  0.056854	  0.008372
 -0.006202	 -0.100560	 -0.094397	  0.018528	  0.082093	  0.073198	  0.107040
 -0.019601	 -0.088428	 -0.072731	  0.012320	  0.042150	  0.067940	  0.040776
  0.007925	 -0.063911	 -0.092528	 -0.011120	 -0.002860	  0.072217	 -0.048010
  0.027786	 -0.064355	 -0.096900	  0.005637	  0.001479	  0.077538	 -0.022417
  0.017649	 -0.080763	 -0.123982	  0.009026	  0.002398	  0.065533	  0.091551
  0.017269	 -0.056848	 -0.146535	 -0.002821	  0.009746	  0.073198	  0.095289
  0.009889	 -0.011552	 -0.148150	  0.030343	  0.037589	  0.047827	 -0.025141
  0.031555	  0.012585	 -0.118217	  0.021506	  0.048422	  0.024957	 -0.026344
  0.039094	  0.032603	 -0.110267	  0.028855	  0.079686	  0.039338	  0.090854
  0.081570	  0.055695	 -0.113687	  0.045801	  0.100528	  0.065311	  0.072198
  0.068045	  0.108307	 -0.108904	  0.032909	  0.045064	  0.027618	 -0.047979
  0.063262	  0.099470	 -0.043590	 -0.003771	  0.055106	 -0.016728	 -0.095270
  0.115083	  0.111475	 -0.028164	 -0.022016	  0.082916	 -0.028448	 -0.003665
  0.089806	  0.119932	 -0.030952	  0.000727	  0.081079	  0.006902	  0.094054
  0.055597	  0.093958	 -0.044255	 -0.004151	  0.039236	 -0.021574	  0.044418
  0.034501	  0.120027	 -0.071021	 -0.008776	  0.030779	 -0.072951	 -0.057228
  0.032695	  0.119362	 -0.031490	 -0.017106	  0.007593	 -0.076214	 -0.000719
 -0.028882	  0.065451	  0.012254	  0.006460	  0.025362	  0.004210	  0.153761
 -0.036262	  0.050753	  0.069301	  0.003990	  0.019661	  0.035315	  0.198899
 -0.007057	  0.053731	  0.054920	 -0.003929	  0.038571	  0.016626	  0.091076
 -0.015325	  0.035232	  0.071360	 -0.018247	  0.022417	  0.043867	  0.038337
 -0.025112	  0.024811	  0.087863	 -0.018975	  0.062391	  0.036930	  0.132824
 -0.066258	  0.040110	  0.069079	 -0.039342	  0.025743	  0.073895	  0.193134
 -0.047317	  0.026015	  0.060653	 -0.008205	  0.031666	  0.055872	  0.081415
 -0.024289	  0.033870	  0.082636	  0.008234	  0.070912	 -0.021004	  0.010684
 -0.051688	  0.014327	  0.080609	 -0.000540	  0.079496	 -0.027909	  0.053319
 -0.066385	  0.011128	  0.028598	  0.008456	  0.089600	 -0.011216	  0.169504
 -0.043927	 -0.026788	  0.029897	 -0.007857	  0.083423	 -0.005863	  0.105710
 -0.011048	 -0.032458	  0.017005	 -0.000128	  0.052983	 -0.010678	 -0.037621
  0.006436	 -0.037811	  0.028725	  0.011813	  0.045730	 -0.012103	 -0.078260
 -0.029578	 -0.038096	  0.015421	  0.031262	  0.066129	  0.024133	  0.009354
 -0.001324	 -0.071450	 -0.031585	  0.063064	  0.055612	  0.038989	  0.057183
 -0.012695	 -0.085070	 -0.018852	  0.081847	  0.043576	  0.004146	 -0.039965
 -0.033348	 -0.105818	  0.012824	  0.102943	  0.036702	 -0.015176	 -0.130936
 -0.055489	 -0.048834	  0.018050	  0.078426	  0.051368	 -0.010234	 -0.093369
 -0.062236	 -0.023937	 -0.002951	  0.067118	  0.046300	  0.017577	 -0.016367
 -0.043072	 -0.032204	 -0.009761	  0.100631	  0.026471	  0.045388	 -0.067079
 -0.030782	 -0.022132	 -0.003806	  0.083748	  0.032299	  0.035758	 -0.139774
  0.052271	 -0.016335	 -0.033232	  0.077635	  0.067871	  0.043424	 -0.111107
  0.012043	 -0.004805	 -0.051857	  0.080074	  0.081269	  0.072945	  0.030481
 -0.024795	 -0.011330	 -0.063197	  0.056064	  0.073762	  0.093471	  0.073211
 -0.002654	 -0.020770	 -0.069215	  0.069304	  0.069961	  0.061194	 -0.013833
 -0.014469	 -0.021720	 -0.065541	  0.077571	  0.090677	  0.026097	 -0.040915
 -0.002211	 -0.006547	 -0.064559	  0.093567	  0.111963	  0.031672	  0.054491
  0.004979	  0.009607	 -0.056387	  0.085173	  0.155390	  0.037944	  0.128516
  0.012803	 -0.032426	 -0.093510	  0.055684	  0.150892	  0.021631	  0.026268
 -0.012284	 -0.040123	 -0.086795	  0.038579	  0.168123	 -0.039661	 -0.096030
  0.008812	 -0.051716	 -0.073650	  0.064933	  0.157639	 -0.032977	 -0.070658
  0.024871	 -0.026946	 -0.043653	  0.057521	  0.107972	  0.020206	  0.052084
 -0.007976	 -0.027516	  0.005760	  0.056285	  0.109872	  0.051754	  0.103936
 -0.037719	  0.015277	  0.009625	  0.042538	  0.093211	  0.021124	  0.004032
 -0.030054	  0.019300	  0.027774	  0.060340	  0.125298	 -0.009981	 -0.026756
 -0.036927	 -0.018045	  0.039874	  0.056412	  0.086876	  0.002784	  0.104285
 -0.042027	 -0.049531	  0.058024	  0.012859	  0.037462	  0.068574	  0.131715
 -0.011999	 -0.045888	  0.110637	  0.006175	 -0.006693	  0.052261	  0.009227
  0.001875	 -0.066509	  0.079880	 -0.043777	 -0.029499	  0.022676	 -0.090455
  0.004283	 -0.037906	  0.052164	 -0.070352	  0.005439	  0.038862	 -0.020643
  0.019265	 -0.008258	  0.078455	 -0.075104	 -0.006756	  0.044057	  0.111823
  0.043275	 -0.051526	  0.076206	 -0.090403	 -0.027599	  0.004811	  0.092913
  0.070167	 -0.071608	  0.048237	 -0.084796	 -0.006471	 -0.031457	 -0.001891
  0.088729	 -0.055359	  0.045734	 -0.086127	  0.023462	 -0.045204	 -0.024317
  0.115621	 -0.049214	  0.067400	 -0.052266	  0.007656	 -0.022683	  0.082967
  0.139156	  0.010209	  0.075034	 -0.049890	  0.035815	 -0.048245	  0.089049
  0.126232	  0.029436	  0.064423	 -0.058854	  0.012977	 -0.057842	  0.006598
  0.115780	  0.047586	  0.046780	 -0.021256	 -0.007517	 -0.042385	 -0.039014
  0.099974	  0.034726	  0.036422	 -0.023251	  0.040377	 -0.000827	  0.062030
  0.069850	  0.008942	  0.056156	  0.026827	  0.056721	  0.030944	  0.147141
  0.035704	 -0.012756	  0.028756	  0.055557	  0.069740	 -0.042068	  0.074035
  0.033646	  0.005489	  0.020141	  0.081277	  0.119660	 -0.069150	 -0.054820
  0.024618	  0.027250	  0.067432	  0.066105	  0.096188	 -0.047231	 -0.066414
  0.014197	  0.028010	  0.041933	  0.082544	  0.051843	 -0.018882	  0.070994
 -0.011777	  0.011793	  0.041300	  0.095246	  0.045255	 -0.024995	  0.101212
 -0.009275	  0.012236	  0.069554	  0.109405	  0.002113	 -0.055688	 -0.031729
 -0.036705	 -0.001859	  0.062047	  0.121473	 -0.000390	 -0.042258	 -0.099356
 -0.082381	  0.033965	  0.078043	  0.098445	  0.033693	 -0.002601	 -0.003380
 -0.047792	  0.039414	  0.037467	  0.115455	  0.068061	  0.034555	  0.080496
 -0.030560	  0.061523	 -0.018281	  0.107219	  0.099166	  0.010956	 -0.017063
 -0.048394	  0.064025	 -0.040676	  0.069304	  0.113135	 -0.037190	 -0.127484
 -0.076616	  0.072324	 -0.035798	  0.012732	  0.123081	  0.008708	 -0.071703
 -0.049471	  0.088890	 -0.037065	  0.005225	  0.121180	  0.032939	  0.087813
 -0.051308	  0.104728	 -0.066143	  0.013492	  0.091184	  0.023880	  0.097443
 -0.073987	  0.084519	 -0.076944	 -0.001965	  0.084374	  0.018432	 -0.028467
 -0.081716	  0.074415	 -0.100447	 -0.007414	  0.058083	  0.058850	 -0.033883
 -0.087576	  0.048093	 -0.111629	 -0.019735	  0.050291	  0.103765	  0.088732
 -0.050833	  0.055315	 -0.117837	 -0.020496	  0.039965	  0.128567	  0.177011
 -0.024510	  0.038685	 -0.117203	 -0.004373	  0.053332	  0.092774	  0.097316
  0.009097	  0.016481	 -0.116158	  0.003863	  0.055169	  0.058533	  0.011793
 -0.014058	  0.001340	 -0.109095	  0.008931	  0.046236	  0.021378	  0.047681
 -0.013551	  0.001055	 -0.120023	  0.031674	  0.045381	  0.018147	  0.110176
 -0.011619	 -0.033788	 -0.115145	  0.055810	  0.056721	 -0.044095	  0.053572
  0.025917	 -0.019566	 -0.091610	  0.037470	  0.049942	 -0.081409	 -0.063404
  0.065669	 -0.010348	 -0.083533	  0.024135	  0.044241	 -0.088187	 -0.084405
  0.068995	 -0.006452	 -0.049228	 -0.003137	  0.024887	 -0.054738	  0.021549
  0.064085	  0.008974	 -0.028639	 -0.022998	  0.021815	 -0.028416	  0.000010
  0.064149	  0.004127	  0.028345	 -0.058189	  0.023430	 -0.070164	 -0.063848
  0.065289	 -0.004742	  0.084917	 -0.036206	  0.052508	 -0.085368	 -0.109302
  0.011916	 -0.011805	  0.087007	 -0.038170	  0.025141	 -0.096359	 -0.084310
  0.010649	 -0.011362	  0.108452	 -0.068547	  0.016430	 -0.083753	  0.005489
 -0.001672	 -0.024666	  0.115230	 -0.056890	  0.040757	 -0.091576	  0.030133
  0.009002	 -0.046648	  0.105822	 -0.074375	  0.036480	 -0.107224	  0.006123
 -0.011270	 -0.026249	  0.094768	 -0.104910	  0.046743	 -0.121351	 -0.058717
 -0.034298	 -0.019756	  0.065848	 -0.107951	  0.042530	 -0.128668	 -0.061504
 -0.040221	  0.030196	  0.072310	 -0.126418	  0.060142	 -0.094934	  0.020947
 -0.035597	  0.016797	  0.050137	 -0.091733	  0.060459	 -0.035923	  0.075999
  0.005359	  0.042898	  0.012064	 -0.032595	  0.069138	 -0.001048	  0.080053
  0.035293	  0.024019	 -0.010616	  0.009723	  0.068282	 -0.012578	  0.052844
 -0.000691	  0.040586	 -0.003996	  0.061734	  0.043766	  0.001486	  0.048885
 -0.008324	  0.025698	 -0.019168	  0.069082	  0.030050	 -0.010044	  0.076220
 -0.028565	  0.038178	 -0.029938	  0.040670	  0.009968	  0.053782	  0.106629
 -0.035628	  0.025857	 -0.047708	  0.027176	  0.081998	  0.070633	  0.113534
 -0.016180	  0.054206	 -0.051794	  0.064299	  0.084754	  0.071361	  0.059559
  0.011124	  0.055536	 -0.055595	  0.085142	  0.062264	  0.062175	  0.026743
  0.019708	  0.086451	 -0.056577	  0.098762	  0.045698	  0.047098	 -0.005565
  0.009826	  0.034124	 -0.009381	  0.089323	  0.050323	  0.066072	 -0.008099
  0.004029	  0.024051	  0.008231	  0.082196	  0.079527	  0.058058	 -0.000054
  0.014324	  0.013250	  0.028788	  0.124736	  0.056341	  0.091950	  0.010431
 -0.010542	  0.026680	  0.065912	  0.138895	  0.044241	  0.108516	 -0.063626
 -0.028913	  0.064057	  0.092044	  0.100948	 -0.006376	  0.095688	 -0.121909
 -0.030750	  0.098805	  0.060717	  0.082259	 -0.007295	  0.097525	 -0.105058
  0.005993	  0.070772	  0.015168	  0.107188	 -0.006218	  0.114345	 -0.075093
  0.016731	  0.056518	  0.010860	  0.094296	  0.006484	  0.107059	 -0.062771
  0.007608	  0.035549	  0.057739	  0.056127	  0.013738	  0.117639	 -0.027580
  0.057624	 -0.003253	  0.074654	  0.036488	  0.000307	  0.071425	 -0.018647
  0.066873	 -0.007909	  0.052798	  0.002152	 -0.003050	  0.054320	 -0.048422
  0.070262	 -0.012756	  0.013964	 -0.042415	 -0.015847	  0.035853	 -0.023145
  0.046854	  0.016196	 -0.001874	 -0.027306	 -0.030449	  0.034079	  0.013567
  0.022749	  0.027155	 -0.018471	 -0.008142	 -0.042993	  0.009785	  0.008340
  0.027089	  0.040110	 -0.040074	  0.005066	 -0.017178	 -0.023601	  0.023259
  0.000165	  0.035929	 -0.003489	  0.026004	  0.013421	 -0.027972	  0.048916
  0.013342	 -0.001733	 -0.040803	  0.034049	  0.043164	 -0.006813	  0.082080
 -0.023972	  0.020408	 -0.055848	  0.018877	  0.071640	  0.005382	  0.075777
 -0.050738	  0.035423	 -0.082614	  0.030470	  0.068092	 -0.006243	  0.064215
 -0.052606	  0.045464	 -0.125692	  0.066580	  0.052508	  0.033604	  0.075302
 -0.073354	  0.054871	 -0.129430	  0.082196	  0.068251	  0.027174	  0.085533
 -0.096318	  0.082429	 -0.125154	  0.085870	  0.093971	  0.021884	  0.085501
 -0.092866	  0.042835	 -0.115430	  0.067657	  0.094700	 -0.009791	  0.078881
 -0.102432	  0.031685	 -0.107732	  0.093029	  0.095016	  0.012160	  0.051989
 -0.115323	  0.037070	 -0.100352	  0.055177	  0.144620	  0.024640	  0.021010
 -0.095051	  0.051007	 -0.058477	  0.086725	  0.134579	  0.025686	  0.040459
 -0.070535	 -0.015321	 -0.048880	  0.054923	  0.144747	  0.020554	  0.009797
 -0.063028	 -0.023367	 -0.043305	  0.031895	  0.154376	  0.006110	 -0.021625
 -0.054412	 -0.009873	 -0.010553	  0.011085	  0.184563	 -0.025692	 -0.060712
 -0.027646	 -0.044304	  0.027806	  0.020429	  0.177657	 -0.017931	 -0.073826
 -0.025746	  0.004381	  0.029168	  0.023248	  0.128149	 -0.022113	 -0.095333
  0.006151	 -0.025457	  0.075192	  0.026384	  0.071102	 -0.002284	 -0.118836
  0.007862	 -0.049879	  0.108483	  0.020967	  0.019154	 -0.002410	 -0.130556
 -0.009528	 -0.044051	  0.128375	  0.038072	 -0.000105	  0.011305	 -0.082220
 -0.028913	 -0.026313	  0.168255	 -0.007572	 -0.006598	  0.030627	 -0.063975
  0.001178	 -0.025679	  0.126348	 -0.020939	 -0.025350	  0.066737	  0.002005
 -0.010795	 -0.053015	  0.104841	 -0.021319	 -0.031938	  0.082954	 -0.003855
 -0.007279	 -0.053490	  0.121502	 -0.031233	 -0.041377	  0.087104	  0.005204
  0.011124	 -0.059413	  0.121723	 -0.014762	 -0.047839	  0.034586	  0.010842
  0.003902	 -0.032331	  0.141901	 -0.051442	 -0.067351	 -0.004058	  0.061270
  0.008527	  0.009639	  0.146050	 -0.071968	 -0.081795	 -0.022651	  0.054871
  0.007862	  0.021802	  0.117859	 -0.073583	 -0.126806	 -0.032977	  0.025445
  0.017269	  0.002670	  0.089510	 -0.083688	 -0.135453	 -0.023126	  0.045052
  0.030700	  0.030735	  0.066640	 -0.097055	 -0.093040	 -0.018945	  0.054744
  0.020595	  0.037576	  0.036042	 -0.131549	 -0.064881	 -0.017646	  0.057373
  0.014324	  0.040839	 -0.009507	 -0.142921	 -0.035961	 -0.020434	  0.065229
  0.036845	  0.067066	 -0.034309	 -0.062117	 -0.033680	 -0.000700	  0.040364
  0.014640	  0.052147	  0.002688	 -0.008396	 -0.005109	  0.014789	  0.057627
  0.052967	  0.027282	 -0.044762	 -0.004468	  0.053363	  0.046496	  0.049581
  0.050719	  0.017399	 -0.089361	  0.002976	  0.033123	  0.020079	  0.053636
  0.058099	  0.001213	 -0.083374	  0.020461	  0.066509	  0.024070	  0.054966
  0.068710	 -0.048137	 -0.090850	  0.026447	  0.098881	  0.031989	  0.003367
  0.037605	 -0.036861	 -0.145331	 -0.012165	  0.129384	  0.047985	  0.024114
  0.006975	 -0.043639	 -0.162182	 -0.003169	  0.156245	  0.047763	 -0.004805
  0.005961	 -0.033535	 -0.145584	 -0.011341	  0.201509	  0.037627	 -0.015892
  0.021704	 -0.000434	 -0.094967	 -0.015618	  0.192957	  0.022391	 -0.033471
  0.028102	 -0.008416	 -0.075424	  0.014696	  0.182630	  0.036392	 -0.074839
  0.000830	 -0.002239	 -0.052301	  0.025687	  0.176359	  0.047003	 -0.076328
 -0.043389	  0.030291	 -0.040264	  0.006492	  0.178164	  0.026002	 -0.075536
 -0.025397	  0.034472	 -0.063324	  0.020967	  0.146014	 -0.008492	 -0.085704
 -0.011460	  0.055695	 -0.014670	  0.005193	  0.129479	  0.020142	 -0.070785
 -0.024510	  0.051165	 -0.015842	  0.004085	  0.117221	  0.035980	 -0.041327
 -0.037307	  0.051324	 -0.057781	  0.015994	  0.110759	  0.061985	 -0.032838
 -0.014406	  0.055695	 -0.041246	  0.007252	  0.088428	  0.066167	 -0.029037
  0.012486	  0.081257	 -0.019263	  0.025940	  0.085070	  0.066737	  0.010367
 -0.020773	  0.072546	 -0.012263	  0.064521	  0.082315	  0.064298	  0.018856
 -0.064706	  0.091076	  0.016815	  0.038927	  0.094383	  0.053750	  0.047744
 -0.034678	  0.055473	  0.046621	  0.032371	  0.078133	  0.034618	  0.036436
  0.013183	  0.001308	  0.075224	  0.043805	  0.087224	  0.002024	  0.021390
 -0.005093	 -0.026724	  0.058848	  0.013334	  0.081016	 -0.002981	  0.041504
  0.001939	 -0.057925	  0.056346	 -0.008776	  0.060205	 -0.025819	  0.011159
  0.004631	 -0.038761	  0.058848	 -0.002757	  0.032996	 -0.013180	  0.035613
  0.000291	 -0.018742	 -0.011059	 -0.036745	  0.047187	 -0.020846	  0.027345
  0.012043	 -0.030652	 -0.025883	 -0.041940	  0.028403	 -0.018533	  0.036975
