:RUN-4	LEVEL SWEEP	TEMP:NaN	8/27/2019	12:34 PM	HR:-636.36:SW EAR: R	SW FREQ: 16.00	# AVERAGES: 512	REP RATE (/sec): 80	DRIVER: 	SAMPLE (µsec): 40	MASKER dB: 2147483647:NOTES-:CHAMBER-SEWELL-PXI1:CFTS Version: V2.7.2 (R850):LEVELS:20;30;40;50;60;70;80;:DATA  0.035457	  0.027687	 -0.015321	 -0.057484	 -0.085370	 -0.050033	 -0.024540
  0.028394	  0.015904	  0.007802	 -0.058973	 -0.073080	 -0.086713	 -0.010952
  0.053354	  0.027656	  0.001498	 -0.085295	 -0.057749	 -0.092383	  0.008212
  0.042204	  0.018597	  0.031558	 -0.091662	 -0.035861	 -0.116678	 -0.012599
  0.039638	 -0.013997	  0.061016	 -0.078422	 -0.031173	 -0.106700	 -0.034075
  0.039037	 -0.011685	  0.048694	 -0.048425	 -0.027024	 -0.044806	 -0.059763
  0.019240	 -0.013459	  0.033015	 -0.030560	 -0.053219	 -0.047119	 -0.071610
  0.025701	 -0.007409	  0.014263	 -0.021058	 -0.040486	 -0.049969	 -0.087606
  0.006158	  0.006117	  0.013788	  0.021229	 -0.037413	 -0.044965	 -0.086909
  0.009990	  0.007510	  0.034346	  0.065986	  0.007059	 -0.023679	 -0.103317
 -0.012974	 -0.005667	  0.041884	  0.060855	 -0.002887	 -0.013638	 -0.077343
 -0.026690	 -0.015391	  0.018223	  0.040994	  0.003480	 -0.021905	 -0.068474
 -0.027735	 -0.006775	 -0.039775	  0.044288	  0.004588	  0.011417	 -0.042975
 -0.056559	 -0.021124	 -0.048422	  0.053633	  0.019064	  0.013603	 -0.030939
 -0.075786	 -0.029138	 -0.054092	  0.065764	  0.039019	  0.006508	 -0.005123
 -0.058460	 -0.028188	 -0.057703	  0.040646	  0.046590	  0.043093	  0.035611
 -0.060836	  0.000700	 -0.040757	  0.031238	  0.064359	  0.114014	  0.099152
 -0.016110	  0.011818	 -0.004647	  0.036750	  0.052069	  0.131942	  0.133773
  0.014837	  0.017235	 -0.008701	  0.006595	  0.074654	  0.180564	  0.205232
  0.021140	  0.019610	 -0.036671	  0.003902	  0.133380	  0.197446	  0.234247
  0.035077	  0.008999	 -0.022227	  0.015306	  0.148457	  0.213886	  0.219613
  0.031973	  0.011691	 -0.046490	  0.007767	  0.127552	  0.239100	  0.207703
  0.016991	  0.028194	 -0.083011	  0.023573	  0.123687	  0.255951	  0.197345
  0.073816	  0.002886	 -0.080446	  0.051764	  0.136896	  0.205207	  0.175838
  0.098333	 -0.021536	 -0.072052	  0.054931	  0.104650	  0.196401	  0.154013
  0.090984	 -0.006965	 -0.008860	  0.063895	  0.097872	  0.190478	  0.188476
  0.051042	 -0.010196	  0.018350	  0.069217	  0.051563	  0.198492	  0.185182
  0.062888	  0.008017	 -0.002493	  0.117268	  0.053305	  0.203908	  0.227912
  0.053766	  0.010614	  0.006503	  0.104155	  0.082003	  0.232479	  0.335006
  0.035869	 -0.029803	 -0.000434	  0.092752	  0.078487	  0.308437	  0.433263
  0.034064	 -0.044501	  0.011001	  0.116223	  0.112506	  0.386453	  0.537918
  0.053639	 -0.023088	  0.043436	  0.163007	  0.162300	  0.484520	  0.640039
  0.030421	 -0.010481	  0.095954	  0.188063	  0.214627	  0.539033	  0.741622
  0.042204	  0.012705	  0.137480	  0.240929	  0.277756	  0.542327	  0.761546
  0.039860	  0.040738	  0.178943	  0.286383	  0.285263	  0.533712	  0.708205
  0.011226	  0.041054	  0.200514	  0.308080	  0.274367	  0.487592	  0.616695
  0.013316	  0.070322	  0.157626	  0.337507	  0.251877	  0.395956	  0.459458
  0.009325	  0.067250	  0.160540	  0.319832	  0.160779	  0.297604	  0.281696
  0.007488	  0.078336	  0.179925	  0.254834	  0.085392	  0.156839	  0.053888
  0.011416	  0.086667	  0.178373	  0.205326	 -0.000860	  0.008978	 -0.175283
  0.015407	  0.112577	  0.156676	  0.137699	 -0.089614	 -0.118040	 -0.368598
  0.056870	  0.099495	  0.080972	  0.075995	 -0.163861	 -0.209518	 -0.519784
  0.069698	  0.096074	  0.042106	 -0.020012	 -0.241371	 -0.320413	 -0.686935
  0.058675	  0.108586	  0.016164	 -0.081146	 -0.300920	 -0.397923	 -0.815695
  0.014267	  0.039692	 -0.044969	 -0.164167	 -0.305481	 -0.454622	 -0.899761
  0.031561	 -0.010513	 -0.079876	 -0.190869	 -0.317106	 -0.475401	 -0.998841
  0.042679	 -0.063664	 -0.129669	 -0.220359	 -0.328003	 -0.490256	 -0.965266
  0.047684	 -0.110100	 -0.168028	 -0.226314	 -0.321604	 -0.498872	 -0.891684
  0.034792	 -0.143613	 -0.205278	 -0.216083	 -0.327242	 -0.439037	 -0.738217
  0.004669	 -0.147350	 -0.224442	 -0.235405	 -0.300477	 -0.319400	 -0.532486
 -0.015762	 -0.156695	 -0.221179	 -0.213200	 -0.285399	 -0.198685	 -0.322415
 -0.010725	 -0.138070	 -0.203219	 -0.189095	 -0.226483	 -0.104483	 -0.080194
 -0.035812	 -0.118146	 -0.197011	 -0.132587	 -0.157970	 -0.014145	  0.165892
 -0.065365	 -0.125748	 -0.200464	 -0.063249	 -0.096108	  0.117498	  0.417615
 -0.060519	 -0.099774	 -0.178354	  0.009572	 -0.013150	  0.248032	  0.611658
 -0.063876	 -0.066135	 -0.133439	  0.050814	  0.107438	  0.375082	  0.676434
 -0.055292	 -0.019509	 -0.095587	  0.121006	  0.191663	  0.452369	  0.677670
  0.005366	 -0.042663	 -0.044463	  0.126264	  0.270407	  0.493104	  0.591006
  0.018068	 -0.020427	  0.020092	  0.155976	  0.309811	  0.472135	  0.471970
  0.009484	  0.007257	  0.077139	  0.217806	  0.340030	  0.455093	  0.321449
  0.011321	  0.056385	  0.047808	  0.213530	  0.349944	  0.430545	  0.194209
  0.053100	  0.102631	  0.047554	  0.233200	  0.356786	  0.379580	  0.071182
  0.090794	  0.111152	  0.061238	  0.253979	  0.307784	  0.293043	 -0.095145
  0.115596	  0.104152	  0.079039	  0.205991	  0.238890	  0.160133	 -0.243290
  0.131687	  0.096106	  0.085469	  0.187271	  0.112063	  0.022219	 -0.316745
  0.152783	  0.078463	  0.072103	  0.197819	  0.012317	 -0.049558	 -0.317442
  0.128963	  0.089866	  0.056360	  0.166365	 -0.080207	 -0.110026	 -0.300179
  0.136628	  0.107129	  0.057785	  0.131142	 -0.151064	 -0.159819	 -0.275377
  0.076604	  0.096613	  0.066243	  0.091580	 -0.173744	 -0.165331	 -0.272305
  0.029281	  0.061865	  0.041061	  0.060918	 -0.177482	 -0.138724	 -0.251272
  0.012493	  0.056322	  0.008942	  0.063072	 -0.142607	 -0.123678	 -0.268282
  0.009547	  0.035258	  0.003082	  0.041311	 -0.114859	 -0.070178	 -0.242403
  0.026842	  0.030253	  0.030006	  0.035514	 -0.120023	 -0.009963	 -0.214371
  0.005683	  0.005673	  0.060224	 -0.001071	 -0.067125	  0.068496	 -0.193243
  0.005207	 -0.003988	  0.009924	 -0.029103	 -0.072288	  0.065329	 -0.178134
 -0.017219	 -0.008106	 -0.001194	  0.009351	 -0.055373	  0.062826	 -0.183455
 -0.003123	 -0.018020	 -0.001638	  0.029591	 -0.054740	  0.036758	 -0.198945
 -0.014019	 -0.005983	  0.005806	  0.013342	 -0.037318	  0.038183	 -0.207972
 -0.034165	  0.026737	 -0.001353	  0.010998	  0.008104	 -0.004389	 -0.173034
 -0.039486	  0.037190	  0.004286	  0.042610	  0.023182	 -0.064667	 -0.150418
 -0.025771	  0.049258	 -0.004900	  0.058447	  0.010068	 -0.129443	 -0.097805
 -0.053392	  0.048593	  0.017336	  0.074032	  0.013964	 -0.146991	 -0.049722
 -0.080443	  0.035606	 -0.016715	  0.047868	  0.011557	 -0.121461	 -0.007974
 -0.097864	  0.050494	 -0.006326	  0.072860	  0.002213	 -0.125642	  0.053412
 -0.125548	  0.030792	 -0.053078	  0.046727	 -0.027119	 -0.149398	  0.048186
 -0.103059	  0.057969	 -0.032679	  0.024808	 -0.019865	 -0.159946	  0.074730
 -0.099638	  0.009886	 -0.084532	  0.007767	 -0.068582	 -0.140466	  0.091993
 -0.088013	 -0.027048	 -0.056468	 -0.010605	 -0.113592	 -0.120827	  0.110175
 -0.046043	 -0.044912	 -0.048422	 -0.025651	 -0.115493	 -0.060897	  0.105107
 -0.010915	 -0.031514	 -0.058558	 -0.020963	 -0.060948	 -0.009868	  0.113089
 -0.019943	 -0.033636	 -0.069106	 -0.028628	 -0.071591	  0.002168	  0.115971
 -0.021748	 -0.030722	 -0.060459	 -0.034551	 -0.053061	  0.053514	  0.102668
 -0.031156	  0.004279	 -0.018964	  0.007893	 -0.018218	  0.082877	  0.111790
 -0.033722	 -0.002879	 -0.006357	  0.049420	 -0.032345	  0.116579	  0.158004
  0.003719	  0.009727	  0.005964	  0.069502	 -0.051034	  0.134571	  0.196680
  0.021837	  0.037443	 -0.012946	  0.091770	 -0.028608	  0.169382	  0.213975
  0.044833	  0.068390	  0.008340	  0.115843	 -0.004091	  0.221805	  0.208653
  0.033779	  0.079635	  0.024178	  0.144826	  0.024639	  0.263109	  0.196236
  0.047146	  0.057747	  0.016829	  0.166745	  0.050707	  0.264883	  0.181159
  0.046322	  0.071494	  0.019141	  0.214100	  0.087324	  0.283002	  0.172955
  0.023706	  0.061517	 -0.003697	  0.219896	  0.103067	  0.315120	  0.195191
  0.014710	  0.054928	  0.007263	  0.271527	  0.124606	  0.348348	  0.199182
  0.011036	  0.035733	  0.008594	  0.288949	  0.131099	  0.343850	  0.177675
  0.050757	  0.042892	  0.005743	  0.297469	  0.130403	  0.315247	  0.161900
  0.075495	  0.046978	 -0.007909	  0.283152	  0.132620	  0.304319	  0.130954
  0.086835	  0.063892	  0.015594	  0.242196	  0.096605	  0.271028	  0.131777
  0.100265	  0.041561	  0.047396	  0.220783	  0.086691	  0.252752	  0.060318
  0.148887	  0.050842	  0.035993	  0.206118	  0.099741	  0.229217	  0.031588
  0.138275	  0.030316	  0.057880	  0.193859	  0.067907	  0.258960	  0.020122
  0.123958	  0.039439	  0.075587	  0.172827	  0.031607	  0.263775	  0.005836
  0.100265	  0.040738	  0.022626	  0.138618	  0.012444	  0.196908	 -0.053618
  0.078948	  0.029113	  0.035613	  0.129970	 -0.042925	  0.153608	 -0.099516
  0.088197	  0.041054	  0.033522	  0.111630	 -0.057337	  0.122534	 -0.134707
  0.095545	  0.046946	  0.029499	  0.081158	 -0.068012	  0.084144	 -0.155771
  0.071789	  0.068517	  0.011413	  0.086987	 -0.094334	  0.082402	 -0.187478
  0.063173	  0.032312	  0.051862	  0.038904	 -0.147675	  0.041984	 -0.233914
  0.004986	  0.012895	  0.068333	 -0.020361	 -0.177038	  0.045247	 -0.291437
 -0.001254	  0.045964	  0.034852	  0.004916	 -0.167599	  0.030201	 -0.344303
 -0.024251	  0.040072	  0.052844	  0.019993	 -0.163703	 -0.008063	 -0.372715
 -0.061057	  0.021574	  0.010209	 -0.055837	 -0.147517	 -0.040689	 -0.418201
 -0.059188	  0.039882	 -0.016905	 -0.057738	 -0.115968	 -0.028050	 -0.458619
 -0.038124	  0.062657	 -0.011742	 -0.049185	 -0.108904	 -0.048956	 -0.481108
 -0.067076	  0.065444	 -0.023905	 -0.026854	 -0.108683	 -0.067739	 -0.442433
 -0.062071	  0.040041	 -0.022353	 -0.006234	 -0.071844	 -0.069386	 -0.452886
 -0.039581	  0.028764	 -0.050101	 -0.011428	 -0.055342	 -0.043413	 -0.425455
 -0.009173	  0.043018	 -0.066572	 -0.014089	 -0.049165	 -0.042842	 -0.392449
  0.007298	  0.041403	 -0.103347	 -0.004935	 -0.034816	 -0.060581	 -0.349307
 -0.007368	  0.040453	 -0.117348	 -0.000089	 -0.018662	 -0.071477	 -0.307053
 -0.007748	  0.032470	 -0.087573	  0.033614	 -0.003901	 -0.081138	 -0.293781
  0.010782	  0.040579	 -0.095840	  0.069122	  0.019349	 -0.108347	 -0.229543
  0.005999	  0.026737	 -0.115067	  0.039030	  0.055110	 -0.111134	 -0.236923
  0.007393	  0.012198	 -0.098564	  0.052777	  0.080641	 -0.144108	 -0.255865
  0.018733	  0.011913	 -0.068092	  0.070579	  0.042155	 -0.154213	 -0.268979
  0.021267	 -0.049379	 -0.074332	  0.067887	  0.032082	 -0.188612	 -0.314306
 -0.003472	 -0.069714	 -0.082093	  0.085498	  0.039463	 -0.202486	 -0.327578
  0.012018	 -0.053306	 -0.067427	  0.083154	 -0.006942	 -0.272267	 -0.338950
  0.043123	 -0.033763	 -0.056373	  0.074728	 -0.048088	 -0.249682	 -0.370973
  0.043186	 -0.084760	 -0.039585	  0.038333	 -0.075329	 -0.259818	 -0.385164
  0.023357	 -0.100914	 -0.049562	  0.028482	 -0.088917	 -0.239388	 -0.429889
  0.025670	 -0.105951	 -0.050418	 -0.011048	 -0.123507	 -0.260769	 -0.490041
 -0.024029	 -0.110385	 -0.037621	 -0.042882	 -0.112262	 -0.260072	 -0.486271
 -0.015287	 -0.132463	 -0.007529	 -0.015229	 -0.115430	 -0.217722	 -0.509680
 -0.058872	 -0.156283	 -0.044209	 -0.019601	 -0.170861	 -0.201979	 -0.526246
 -0.075565	 -0.195402	 -0.063088	 -0.052986	 -0.163861	 -0.204640	 -0.505752
 -0.057700	 -0.219665	 -0.063880	 -0.041995	 -0.187903	 -0.210025	 -0.532581
 -0.072936	 -0.191664	 -0.062708	 -0.071517	 -0.194523	 -0.244678	 -0.539961
 -0.037744	 -0.209909	 -0.078735	 -0.081684	 -0.241624	 -0.289752	 -0.569641
  0.001058	 -0.199773	 -0.105438	 -0.083331	 -0.242828	 -0.296815	 -0.577560
  0.030136	 -0.178361	 -0.149340	 -0.057009	 -0.260027	 -0.295865	 -0.567550
 -0.012341	 -0.157613	 -0.152222	 -0.028185	 -0.261484	 -0.263588	 -0.589058
 -0.009141	 -0.197492	 -0.164100	 -0.063629	 -0.307984	 -0.243157	 -0.615475
 -0.005119	 -0.211873	 -0.139203	 -0.063059	 -0.311817	 -0.305748	 -0.643254
 -0.049686	 -0.194483	 -0.173033	 -0.073860	 -0.321002	 -0.303910	 -0.688392
 -0.017092	 -0.171899	 -0.229066	 -0.137686	 -0.324360	 -0.290037	 -0.738027
 -0.027355	 -0.122295	 -0.252601	 -0.125713	 -0.339722	 -0.297892	 -0.746864
 -0.028115	 -0.071520	 -0.228274	 -0.081336	 -0.329270	 -0.303784	 -0.741638
 -0.068533	 -0.036550	 -0.183042	 -0.073069	 -0.284101	 -0.303150	 -0.717850
 -0.051555	  0.004596	 -0.149308	 -0.096730	 -0.268706	 -0.260198	 -0.699003
 -0.046708	  0.042195	 -0.116746	 -0.089286	 -0.246312	 -0.219274	 -0.674613
 -0.053392	  0.027244	 -0.111171	 -0.030529	 -0.273299	 -0.205210	 -0.630236
 -0.061627	  0.011470	 -0.118488	  0.005296	 -0.266806	 -0.151140	 -0.598022
 -0.047310	  0.012040	 -0.092261	 -0.007564	 -0.223189	 -0.142113	 -0.481140
 -0.031061	  0.034878	 -0.076075	  0.005613	 -0.154169	 -0.157792	 -0.404106
  0.010624	  0.027181	 -0.050196	  0.044732	 -0.075614	 -0.116709	 -0.334990
  0.041412	  0.018375	 -0.052983	  0.046506	 -0.064211	 -0.090894	 -0.266476
  0.041159	 -0.007029	 -0.035784	  0.053569	 -0.068360	 -0.055893	 -0.231095
 -0.014938	  0.023316	 -0.023652	  0.058257	 -0.078560	 -0.037964	 -0.167745
  0.002167	  0.011090	 -0.006991	  0.078276	 -0.071623	 -0.038154	 -0.101797
 -0.008920	 -0.014472	 -0.003982	  0.058732	 -0.062532	 -0.007715	 -0.081429
  0.014552	 -0.020427	 -0.012661	  0.037542	 -0.071623	 -0.032801	 -0.074809
  0.012334	 -0.047320	 -0.026471	  0.010111	 -0.088062	 -0.003407	 -0.057895
 -0.014431	 -0.040193	 -0.045350	 -0.023148	 -0.068138	  0.038373	 -0.008101
 -0.025739	 -0.033383	 -0.054535	  0.014735	 -0.085813	  0.068275	 -0.036324
 -0.000494	 -0.020047	 -0.065115	  0.008654	 -0.075645	  0.069447	 -0.022862
 -0.004232	 -0.025939	 -0.097899	 -0.001736	 -0.124299	  0.094913	 -0.019599
  0.015280	 -0.037152	 -0.103315	  0.052492	 -0.144317	  0.078062	 -0.029292
  0.010244	 -0.036772	 -0.105818	  0.052239	 -0.150558	  0.042206	 -0.025491
  0.020443	 -0.008961	 -0.053237	  0.056198	 -0.142069	  0.032355	 -0.049944
  0.018986	  0.000827	 -0.002176	  0.072131	 -0.114004	  0.018291	 -0.059890
 -0.004422	 -0.019952	 -0.006421	  0.059778	 -0.100067	 -0.015728	 -0.054315
 -0.029160	 -0.034143	 -0.038349	  0.066049	 -0.098420	 -0.005149	 -0.028848
 -0.051048	 -0.055619	  0.001213	  0.043908	 -0.104122	 -0.037616	 -0.003445
 -0.056148	 -0.061669	  0.001150	  0.020057	 -0.072478	 -0.030204	 -0.000499
 -0.076958	 -0.053750	 -0.036259	  0.011726	 -0.068107	 -0.030077	  0.021579
 -0.050383	 -0.059451	 -0.078799	  0.032759	 -0.067568	 -0.019149	  0.062123
 -0.043984	 -0.054257	 -0.051083	  0.004156	 -0.079763	 -0.004674	  0.115686
 -0.043161	 -0.068352	 -0.017950	  0.043211	 -0.057749	 -0.021145	  0.129592
 -0.071732	 -0.059768	 -0.025394	  0.040234	 -0.034753	 -0.015253	  0.130764
 -0.014146	 -0.019984	 -0.004457	  0.047012	 -0.019517	  0.006508	  0.137099
  0.003370	 -0.018115	 -0.003158	  0.048628	  0.004683	 -0.004959	  0.156706
 -0.000146	 -0.013300	  0.008118	  0.085561	 -0.001050	 -0.011326	  0.150181
 -0.021495	 -0.010735	  0.044387	  0.104060	 -0.012833	  0.010372	  0.117650
 -0.050414	 -0.022486	  0.036594	  0.101747	  0.004018	 -0.004579	  0.116098
 -0.076800	 -0.018020	 -0.001669	  0.091421	  0.014978	  0.004956	  0.117207
 -0.096185	 -0.021694	 -0.019661	  0.127404	  0.008421	  0.038975	  0.102097
 -0.067012	  0.005578	 -0.041232	  0.101589	 -0.007132	  0.071379	  0.098233
 -0.064415	  0.015904	 -0.021466	  0.087905	  0.013837	  0.055794	  0.092595
 -0.089502	  0.017361	 -0.026249	  0.062977	  0.007851	  0.055636	  0.110650
 -0.086651	  0.019072	 -0.047377	  0.065923	  0.034585	  0.056175	  0.116320
 -0.070908	  0.013592	 -0.019249	  0.065353	  0.042028	  0.118923	  0.137510
 -0.066094	  0.010266	 -0.035752	  0.086828	  0.083365	  0.149490	  0.135008
 -0.077528	  0.003012	 -0.021340	  0.110458	  0.082731	  0.160671	  0.163389
 -0.061849	 -0.013934	 -0.000814	  0.134785	  0.068857	  0.121806	  0.200101
 -0.059379	  0.008429	  0.021707	  0.117839	  0.055174	  0.103593	  0.188286
 -0.072175	 -0.006617	 -0.008226	  0.134120	  0.074654	  0.105968	  0.169629
 -0.037459	  0.027529	 -0.006072	  0.114132	  0.104714	  0.114647	  0.193481
 -0.041197	  0.047801	  0.001498	  0.130857	  0.128787	  0.112620	  0.231840
 -0.068248	  0.083088	 -0.017887	  0.117743	  0.092234	  0.136567	  0.299403
 -0.057826	  0.032819	 -0.000117	  0.128640	  0.082636	  0.152943	  0.314132
 -0.027196	  0.056037	  0.005933	  0.163229	  0.079849	  0.171568	  0.314354
  0.023833	  0.059870	  0.025128	  0.122115	  0.056947	  0.135933	  0.330762
  0.004764	  0.038805	 -0.022227	  0.141500	  0.041870	  0.138847	  0.353599
  0.028267	 -0.000124	 -0.050829	  0.174347	  0.047635	  0.123295	  0.321987
 -0.037459	  0.007874	 -0.112821	 -0.049977	 -0.028627	 -0.022355	 -0.098100
 -0.025328	 -0.012398	 -0.133157	 -0.045701	 -0.005250	 -0.024382	 -0.055687
 -0.016965	 -0.001216	 -0.090743	 -0.025081	 -0.018617	 -0.036197	 -0.027274
 -0.003978	  0.009617	 -0.074241	 -0.045131	 -0.053302	 -0.012219	 -0.047451
  0.003782	  0.001349	 -0.055742	 -0.035818	 -0.022260	 -0.020423	 -0.058728
 -0.006259	  0.007970	 -0.033601	 -0.035153	 -0.002780	 -0.023083	 -0.004341
 -0.001793	  0.032613	  0.003427	 -0.004048	 -0.005789	 -0.039016	 -0.035193
 -0.032138	  0.019088	  0.010966	  0.021165	 -0.031952	 -0.071895	 -0.171555
 -0.057003	  0.010060	  0.012391	  0.014229	 -0.001703	  0.051322	  0.172819
 -0.037142	  0.011327	  0.034342	  0.006405	 -0.037179	 -0.028753	 -0.153627
 -0.025581	  0.003915	  0.034406	  0.011346	 -0.038066	 -0.065465	 -0.174659
 -0.033215	 -0.019176	  0.049895	  0.048184	  0.041154	  0.166050	  0.508451
 -0.018486	 -0.010054	  0.058986	  0.033044	  0.009637	 -0.121815	 -0.386155
  0.001343	  0.022160	  0.041723	  0.013690	  0.029814	  0.021515	  0.052548
  0.030136	  0.023205	  0.068488	  0.019993	  0.071943	  0.137827	  0.432683
  0.050060	  0.014970	  0.059112	 -0.026728	 -0.003033	 -0.142594	 -0.526255
  0.053576	 -0.007773	  0.014419	 -0.004206	  0.067128	  0.081002	  0.291475
  0.042046	 -0.032765	  0.024238	  0.023921	  0.045082	  0.059146	  0.221567
  0.049870	 -0.034634	  0.044637	  0.041659	 -0.039523	 -0.121245	 -0.479091
  0.064535	 -0.046132	  0.043275	  0.038207	  0.023321	  0.212581	  0.538574
  0.087342	 -0.042553	  0.020785	 -0.008229	 -0.010572	  0.018253	 -0.001554
  0.074291	 -0.025670	  0.001527	 -0.018872	 -0.024699	 -0.085959	 -0.311592
  0.078821	 -0.013095	  0.000418	 -0.010098	  0.067033	  0.229084	  0.607468
  0.061843	 -0.012873	 -0.018429	 -0.045448	 -0.021943	 -0.054854	 -0.276749
  0.025860	 -0.010941	 -0.054760	 -0.060208	 -0.023844	 -0.003730	 -0.089073
  0.020095	 -0.030073	 -0.068539	 -0.061317	  0.032158	  0.164181	  0.520234
  0.031720	 -0.058834	 -0.105441	 -0.052448	 -0.044559	 -0.149310	 -0.470063
  0.028996	 -0.053417	 -0.118744	 -0.010415	  0.020914	  0.031652	  0.165375
  0.021077	 -0.069888	 -0.128754	 -0.035312	  0.026742	  0.040141	  0.293502
 -0.016205	 -0.043408	 -0.118839	 -0.055711	 -0.075348	 -0.273698	 -0.562492
 -0.046772	 -0.015217	 -0.081621	 -0.004175	  0.032919	  0.009447	  0.330245
 -0.050319	  0.020006	 -0.050136	 -0.020994	 -0.028405	 -0.044401	  0.000949
 -0.020766	  0.049781	 -0.088463	 -0.033189	 -0.068823	 -0.227769	 -0.498033
 -0.021780	  0.072144	 -0.099201	 -0.031954	  0.045304	  0.054584	  0.498378
 -0.021717	  0.068818	 -0.102653	 -0.037497	 -0.013201	 -0.177722	 -0.255241
  0.005461	  0.058048	 -0.090078	 -0.037339	 -0.021816	 -0.192926	 -0.281310
 -0.041545	  0.064193	 -0.101671	  0.010206	  0.062250	  0.016796	  0.514691
 -0.011010	  0.035400	 -0.083807	 -0.035533	 -0.047030	 -0.288142	 -0.434872
  0.004067	  0.048704	 -0.084630	 -0.004745	 -0.027645	 -0.137305	 -0.007825
  0.011923	  0.062293	 -0.079467	 -0.000659	 -0.011268	  0.004854	  0.397714
  0.021425	  0.042591	 -0.073670	 -0.022103	 -0.110539	 -0.295048	 -0.518621
  0.043313	  0.039772	 -0.045733	  0.004821	 -0.009495	 -0.006992	  0.294389
  0.024149	  0.032233	 -0.065720	  0.011061	  0.016131	 -0.002399	  0.206870
  0.011289	  0.021368	 -0.063978	 -0.024985	 -0.019219	 -0.231507	 -0.451755
  0.030231	  0.005562	 -0.022927	  0.023066	  0.044955	  0.088604	  0.535565
  0.019018	  0.024789	 -0.023750	 -0.027393	 -0.028437	 -0.078515	 -0.029206
  0.017086	  0.009585	 -0.058276	 -0.080069	 -0.076646	 -0.168822	 -0.314727
  0.018543	  0.001413	 -0.044878	 -0.057896	  0.021674	  0.139126	  0.580955
  0.043915	 -0.003909	 -0.067874	 -0.052543	 -0.049722	 -0.148328	 -0.329932
  0.049901	  0.017821	 -0.066639	 -0.087766	 -0.020359	 -0.088556	 -0.126418
  0.043915	  0.020260	 -0.069141	 -0.071643	  0.025316	  0.119075	  0.507342
  0.017339	  0.018232	 -0.114151	 -0.080987	 -0.040061	 -0.138191	 -0.472914
  0.038118	  0.034862	 -0.091979	 -0.054507	  0.052145	  0.064024	  0.119699
  0.030484	  0.024282	 -0.090110	 -0.055742	  0.088730	  0.099880	  0.252197
  0.008787	  0.023712	 -0.105061	 -0.031574	  0.005709	 -0.185293	 -0.588402
  0.008913	  0.020165	 -0.098472	 -0.002813	  0.076884	  0.088667	  0.304430
  0.043154	  0.015096	 -0.061380	  0.005106	  0.025095	 -0.008956	  0.005003
  0.052562	 -0.006538	 -0.071643	 -0.006614	 -0.024129	 -0.138952	 -0.493440
  0.046512	 -0.009262	 -0.075191	  0.037161	  0.080590	  0.162851	  0.481083
  0.033937	  0.020576	 -0.071992	  0.041153	  0.041313	 -0.101448	 -0.268545
  0.066246	  0.043034	 -0.089730	  0.065321	  0.040204	 -0.113200	 -0.309501
  0.049680	  0.019848	 -0.086055	  0.079353	  0.116225	  0.139348	  0.435692
  0.090541	  0.030142	 -0.111903	  0.078403	  0.018823	 -0.151115	 -0.531513
  0.080753	  0.026183	 -0.106264	  0.112707	  0.077264	 -0.010540	 -0.097276
  0.086455	  0.043604	 -0.083680	  0.137129	  0.099627	  0.122243	  0.331512
  0.043186	  0.063338	 -0.050674	  0.107766	 -0.016780	 -0.174238	 -0.642757
  0.009864	  0.062831	 -0.066987	  0.124965	  0.078848	  0.098581	  0.161067
  0.011321	  0.088266	 -0.083997	  0.100956	  0.069440	  0.102763	  0.082544
 -0.000494	  0.098403	 -0.090997	  0.055945	  0.010968	 -0.105091	 -0.596479
 -0.035084	  0.096217	 -0.071643	  0.088824	  0.109668	  0.149515	  0.403257
 -0.037364	  0.108475	 -0.104902	  0.064497	  0.053508	 -0.010667	 -0.128350
 -0.003250	  0.116236	 -0.112916	  0.055343	 -0.013454	 -0.111426	 -0.372155
  0.007836	  0.107367	 -0.071865	  0.098390	  0.038272	  0.130859	  0.524288
  0.002452	  0.093683	 -0.057548	  0.058067	 -0.070501	 -0.126187	 -0.335348
  0.021298	  0.091814	 -0.056661	  0.051700	 -0.019979	 -0.049406	 -0.074755
  0.014900	  0.085542	 -0.087924	  0.060063	  0.054901	  0.142959	  0.508514
  0.049014	  0.109901	 -0.116115	 -0.001102	 -0.037337	 -0.166921	 -0.476493
  0.052752	  0.071890	 -0.116844	 -0.032619	  0.020438	  0.073590	  0.168321
 -0.008951	  0.051016	 -0.110002	 -0.053081	  0.044132	  0.095889	  0.334838
 -0.017757	  0.039170	 -0.109369	 -0.117382	 -0.040378	 -0.144558	 -0.516024
 -0.003598	  0.073727	 -0.082698	 -0.083680	  0.059272	  0.150181	  0.428375
 -0.021020	  0.063560	 -0.091757	 -0.106930	  0.074318	  0.075744	  0.080074
  0.002927	  0.062103	 -0.079625	 -0.122894	  0.066399	 -0.081556	 -0.451375
  0.004130	  0.086493	 -0.097364	 -0.082318	  0.140108	  0.236401	  0.497934
  0.043281	  0.077814	 -0.067145	 -0.100088	  0.039064	  0.003841	 -0.205226
  0.030484	  0.057605	 -0.038384	 -0.070883	  0.052336	 -0.025396	 -0.273391
  0.054621	  0.009268	 -0.039746	 -0.014944	  0.131967	  0.235831	  0.502622
  0.059341	 -0.016959	 -0.072879	 -0.024700	  0.007388	 -0.065908	 -0.451945
  0.095039	 -0.019746	 -0.081177	  0.030003	  0.004347	  0.084169	 -0.006970
  0.108817	  0.002015	 -0.037402	  0.047171	  0.103745	  0.217047	  0.369523
  0.123483	  0.001920	 -0.020773	  0.021577	  0.030828	 -0.094891	 -0.606362
  0.120347	  0.020101	  0.047931	  0.055945	  0.073811	  0.147900	  0.163918
  0.082242	  0.010630	  0.016192	  0.006848	  0.044797	  0.119741	  0.110704
  0.081640	 -0.009959	 -0.020488	 -0.002306	  0.014895	 -0.111489	 -0.551786
  0.073531	 -0.009135	 -0.044529	  0.051225	  0.108654	  0.159398	  0.391790
  0.080816	 -0.004669	 -0.063566	  0.029338	  0.077359	 -0.002114	 -0.170953
  0.057313	  0.049908	 -0.034868	  0.019518	  0.076599	 -0.135499	 -0.408455
  0.037643	  0.074646	 -0.026633	  0.025442	  0.190218	  0.125569	  0.513677
  0.048856	  0.046107	 -0.049882	 -0.001229	  0.100609	 -0.163817	 -0.367340
  0.074386	  0.034957	 -0.026094	  0.005581	  0.134755	 -0.065370	 -0.153627
  0.084649	  0.035939	 -0.031194	  0.015559	  0.198961	  0.094907	  0.430783
  0.098523	  0.035559	 -0.027266	  0.023731	  0.087844	 -0.240503	 -0.522961
  0.109799	  0.057161	 -0.023148	  0.053189	  0.120818	 -0.032776	  0.149284
  0.115374	 -0.011257	 -0.041140	  0.079258	  0.114419	  0.004759	  0.267243
  0.100392	 -0.032448	 -0.079309	  0.033455	 -0.005060	 -0.262866	 -0.564962
  0.101722	 -0.027887	 -0.075508	  0.034437	  0.094622	  0.075015	  0.369586
  0.119334	 -0.033620	 -0.055299	  0.039125	  0.039222	 -0.020993	  0.050616
  0.162507	 -0.014393	 -0.033886	  0.025410	 -0.027486	 -0.177057	 -0.452864
  0.148982	 -0.002357	 -0.005600	  0.060665	  0.073336	  0.162090	  0.514691
  0.095070	  0.009807	 -0.034837	  0.060094	  0.011823	 -0.067682	 -0.217421
  0.084934	  0.002870	 -0.039905	  0.106404	  0.032443	 -0.067524	 -0.233607
  0.079581	  0.022413	 -0.038067	  0.097440	  0.120311	  0.171720	  0.543800
  0.067164	  0.010345	 -0.034330	  0.061425	  0.018538	 -0.165907	 -0.428093
  0.046195	 -0.004542	 -0.020361	  0.035641	  0.051005	 -0.050039	 -0.000825
  0.033208	 -0.015914	 -0.016275	  0.039569	  0.096523	  0.085183	  0.375573
  0.035742	 -0.024118	 -0.031511	  0.028672	  0.028547	 -0.176899	 -0.488720
  0.014108	 -0.019841	  0.019107	  0.062407	  0.084391	  0.044100	  0.181023
  0.022819	  0.027291	  0.017745	  0.043782	  0.063739	  0.032032	  0.075069
  0.013950	  0.004929	 -0.008483	  0.011790	  0.039064	 -0.045636	 -0.243300
  0.005271	 -0.043408	 -0.008356	  0.044098	  0.060064	  0.078151	  0.104559
  0.005683	 -0.027824	  0.004948	  0.014514	  0.038588	  0.050435	 -0.040071
  0.012556	 -0.028489	 -0.022008	  0.006848	  0.011126	  0.062345	 -0.053374
  0.007805	 -0.039448	 -0.042977	 -0.016053	 -0.001132	  0.051480	 -0.020717
  0.025290	 -0.012461	 -0.040728	 -0.012790	 -0.012567	  0.061933	 -0.051379
  0.067544	 -0.034380	 -0.008293	 -0.062837	 -0.011142	  0.036213	 -0.050049
  0.047209	 -0.056807	  0.022179	 -0.091535	  0.015180	  0.034249	 -0.063226
  0.044231	 -0.062603	  0.009034	 -0.090870	  0.045874	 -0.005662	 -0.056637
  0.040019	 -0.044612	  0.017016	 -0.070376	  0.028516	 -0.003255	 -0.021794
  0.060164	 -0.017497	  0.040076	 -0.089065	  0.044480	  0.000198	  0.008582
  0.088387	 -0.002547	  0.037257	 -0.080354	  0.026995	  0.040077	  0.020176
  0.106410	 -0.032733	 -0.006931	 -0.054887	  0.029434	  0.059399	 -0.019514
  0.105713	 -0.037009	 -0.014691	 -0.037212	  0.017461	  0.092563	 -0.001269
  0.104129	 -0.036724	 -0.025334	 -0.021375	 -0.008038	  0.114958	  0.002913
  0.088038	 -0.009325	 -0.048805	 -0.025904	 -0.000055	  0.080622	  0.007759
  0.090921	 -0.022312	 -0.091409	 -0.005949	  0.023099	  0.025570	  0.039403
  0.099315	 -0.031751	 -0.111712	  0.011473	  0.028262	  0.009384	  0.057489
  0.091269	 -0.046164	 -0.064358	  0.028577	  0.049073	 -0.029799	  0.042000
  0.062635	 -0.059341	 -0.059607	  0.048755	  0.092151	 -0.024984	  0.021664
  0.064915	 -0.069350	 -0.070218	  0.051954	  0.086608	 -0.022988	  0.002976
  0.063300	 -0.012113	 -0.107120	  0.072479	  0.094654	 -0.023020	 -0.005545
  0.032480	  0.009427	 -0.097554	  0.054456	  0.148660	 -0.026441	 -0.018310
  0.061114	 -0.016832	 -0.053272	  0.068298	  0.160253	 -0.010445	 -0.038677
  0.069413	 -0.026398	 -0.056122	  0.050750	  0.138651	 -0.025111	 -0.070574
  0.062160	 -0.024149	 -0.057896	  0.058099	  0.106184	 -0.022703	 -0.073203
  0.062666	 -0.014330	 -0.001356	  0.067950	  0.080875	 -0.046396	 -0.060882
  0.078282	  0.006449	 -0.008673	  0.074158	  0.035928	 -0.062361	 -0.060406
  0.074703	 -0.005841	 -0.003858	  0.068045	  0.001370	 -0.078674	 -0.052519
  0.051358	 -0.031308	 -0.048869	  0.066081	  0.023416	 -0.055075	 -0.067723
  0.042299	 -0.015407	 -0.015039	  0.039569	  0.004442	 -0.013834	 -0.044537
  0.030484	  0.004707	 -0.016401	  0.021197	  0.021610	  0.018696	 -0.016948
  0.014298	  0.009997	 -0.019664	  0.014514	  0.017746	  0.081889	 -0.023916
  0.052024	  0.024061	 -0.032144	 -0.012157	  0.033996	  0.053317	 -0.038392
  0.044643	  0.039867	 -0.047032	 -0.010668	  0.043371	  0.047363	 -0.032279
  0.049553	  0.005879	 -0.021596	  0.000830	  0.014040	  0.026140	 -0.035605
  0.009895	 -0.011416	 -0.008768	 -0.020773	  0.054553	  0.038683	 -0.010676
 -0.010820	  0.009205	 -0.013392	 -0.005727	  0.044733	  0.005361	  0.005003
 -0.045726	 -0.000805	 -0.005790	 -0.021470	  0.039222	  0.036846	  0.001044
 -0.024884	 -0.027950	  0.023129	 -0.060335	  0.032190	  0.033552	  0.008297
 -0.010915	 -0.040399	  0.012803	 -0.057326	  0.037733	  0.034249	  0.013682
 -0.027862	 -0.027665	  0.001970	 -0.027329	  0.057942	  0.029941	 -0.020686
 -0.010694	 -0.019556	  0.012138	  0.046949	  0.036118	  0.016923	 -0.024392
 -0.019753	  0.013893	  0.012581	  0.079828	  0.018158	  0.039570	 -0.023505
 -0.021558	  0.027545	 -0.025587	  0.093449	  0.029339	  0.031366	 -0.012355
 -0.022255	  0.024726	 -0.056534	  0.095064	  0.021357	 -0.025111	 -0.001839
 -0.005024	 -0.009674	 -0.068507	  0.090819	  0.020850	 -0.091470	  0.012954
  0.009610	  0.009775	 -0.061000	  0.091485	  0.046095	 -0.096697	 -0.009568
  0.012619	  0.013133	 -0.048425	  0.093449	  0.036023	 -0.124634	 -0.045741
  0.009389	  0.035749	 -0.044941	  0.124237	  0.031620	 -0.122164	 -0.026799
  0.013380	  0.055292	 -0.059987	  0.101209	  0.048566	 -0.072719	  0.003768
  0.029566	  0.039518	 -0.050674	  0.097566	  0.057974	 -0.096285	 -0.045234
  0.029629	 -0.005746	 -0.043832	  0.147360	  0.064150	 -0.085325	 -0.064619
  0.036819	 -0.014710	 -0.045543	  0.151098	  0.066779	 -0.052098	 -0.054356
  0.035837	 -0.028172	 -0.055299	  0.125821	  0.099025	 -0.045953	 -0.015808
  0.050820	 -0.036693	 -0.066512	  0.106689	  0.114641	 -0.005884	  0.008107
  0.093835	 -0.006031	 -0.046398	  0.081602	  0.106595	  0.010207	 -0.007382
  0.112460	 -0.004637	 -0.060557	  0.033899	  0.057372	  0.019203	 -0.003771
  0.074481	 -0.017941	 -0.084852	  0.046062	  0.076916	  0.058671	 -0.040261
  0.078029	  0.003092	 -0.077693	  0.089109	  0.082427	  0.043118	 -0.080615
  0.066309	 -0.010117	 -0.099106	  0.137414	  0.104917	  0.033869	 -0.075674
  0.053607	 -0.008280	 -0.078327	  0.158636	  0.105107	  0.023669	 -0.012957
  0.034000	 -0.018479	 -0.040570	  0.153378	  0.075839	 -0.006676	 -0.012577
  0.046449	 -0.003465	 -0.051498	  0.156577	  0.058354	 -0.005884	 -0.012070
  0.012018	 -0.011986	 -0.039841	  0.129812	  0.054965	 -0.002970	  0.000315
  0.011162	 -0.005144	 -0.049882	  0.091833	  0.090061	 -0.022608	  0.033226
  0.006379	  0.007209	 -0.031035	  0.079036	  0.093577	 -0.004648	  0.052991
 -0.025106	 -0.038276	 -0.008451	  0.077421	  0.090188	  0.023004	  0.055937
 -0.021432	 -0.030769	 -0.030877	  0.027215	  0.062092	  0.049295	  0.030058
 -0.030744	 -0.019335	 -0.051054	  0.046791	  0.023701	  0.042643	  0.016786
 -0.024282	 -0.020792	 -0.044371	  0.052049	  0.014737	  0.021959	  0.005066
 -0.003028	 -0.021520	 -0.048140	  0.043972	  0.002130	  0.003080	 -0.013527
  0.010370	 -0.001375	 -0.042692	  0.007672	 -0.022355	  0.005646	 -0.024550
  0.027855	 -0.004130	 -0.071802	  0.042325	 -0.035342	  0.062313	 -0.027559
  0.044675	  0.010409	 -0.095431	  0.065289	 -0.017920	  0.070169	 -0.049890
  0.012714	 -0.006031	 -0.102843	  0.063452	  0.009764	  0.032887	 -0.044474
 -0.000336	  0.024061	 -0.084662	  0.080113	 -0.029862	  0.008687	 -0.031138
  0.060132	  0.008001	 -0.077662	  0.038460	 -0.032934	  0.039950	 -0.050524
  0.099410	 -0.053766	 -0.041108	  0.031872	 -0.038953	  0.079608	 -0.047990
  0.111130	 -0.088292	 -0.027646	  0.041659	 -0.014721	  0.083061	 -0.058569
  0.061843	 -0.051358	 -0.042122	  0.017048	  0.011633	  0.050150	 -0.009948
  0.066309	 -0.053987	 -0.012727	  0.034722	  0.028579	  0.016226	 -0.003137
  0.059214	 -0.071314	 -0.021248	  0.028514	  0.036149	 -0.008893	  0.016850
  0.048666	 -0.049363	 -0.045289	 -0.010256	  0.075617	  0.004379	  0.029203
  0.031403	 -0.043313	 -0.052068	 -0.052511	  0.102984	  0.050593	  0.003071
  0.022154	 -0.033937	 -0.050706	 -0.032524	  0.073083	  0.048534	  0.010388
 -0.006417	 -0.034095	 -0.027361	 -0.009845	  0.088889	  0.036910	 -0.030505
  0.008533	 -0.039353	  0.015907	  0.007038	  0.136180	  0.012836	 -0.035795
  0.009103	 -0.011606	  0.004853	  0.001780	  0.170326	  0.042104	 -0.029618
  0.018036	  0.001698	 -0.007374	 -0.025841	  0.153285	  0.047806	 -0.047071
 -0.022604	 -0.021584	  0.007925	  0.008432	  0.121388	  0.043023	 -0.023093
  0.016389	  0.017155	  0.002889	  0.013373	  0.110175	  0.026172	 -0.002029
  0.010085	  0.070718	  0.023161	  0.030668	  0.089997	 -0.013327	  0.020144
  0.016991	  0.081456	 -0.006139	  0.053601	  0.124714	 -0.049564	  0.029615
  0.021869	  0.051967	 -0.003700	  0.077516	  0.096713	 -0.023812	  0.020682
