:RUN-7	LEVEL SWEEP	TEMP:NaN	8/27/2019	12:40 PM	HR:-475.87:SW EAR: R	SW FREQ: 45.20	# AVERAGES: 512	REP RATE (/sec): 80	DRIVER: 	SAMPLE (µsec): 40	MASKER dB: 2147483647:NOTES-:CHAMBER-SEWELL-PXI1:CFTS Version: V2.7.2 (R850):LEVELS:20;30;40;50;60;70;80;:DATA  0.042152	 -0.064432	 -0.017957	 -0.013232	 -0.016001	  0.043332	 -0.072464
  0.031224	 -0.062690	 -0.043075	 -0.057483	 -0.020467	  0.036743	 -0.064545
  0.023115	 -0.081252	 -0.048112	 -0.071230	 -0.031205	  0.015331	 -0.080668
 -0.019678	 -0.057305	 -0.035537	 -0.094353	 -0.032377	 -0.029838	 -0.051051
 -0.041027	 -0.009222	 -0.009151	 -0.082380	 -0.006562	 -0.082894	 -0.010760
 -0.033172	  0.001326	  0.021637	 -0.019567	  0.007312	 -0.069116	  0.011381
 -0.046381	 -0.015177	  0.018153	 -0.005915	  0.003860	 -0.019544	  0.016259
 -0.027280	 -0.008937	  0.039122	 -0.007341	  0.006077	 -0.011878	  0.044323
 -0.035928	  0.022105	  0.037855	  0.009796	 -0.009761	  0.000317	  0.035739
 -0.024208	  0.042092	  0.041118	 -0.001893	 -0.013213	  0.003928	  0.025191
 -0.018665	  0.028503	  0.025628	 -0.019346	  0.003068	  0.013272	  0.039889
 -0.017809	  0.011969	  0.019325	 -0.029608	  0.002498	  0.009978	  0.034377
  0.041803	  0.001231	 -0.007441	 -0.001322	 -0.002064	  0.000697	 -0.009271
  0.044749	  0.000154	 -0.023880	  0.033774	  0.031544	 -0.009122	 -0.020928
  0.052320	  0.006330	  0.013719	  0.059082	  0.050454	 -0.008616	  0.010146
  0.034582	  0.008326	 -0.001232	  0.067920	  0.044943	 -0.026512	  0.024051
  0.000626	  0.025209	 -0.006744	  0.071531	  0.020933	  0.003674	  0.011983
  0.009843	  0.076745	 -0.020776	  0.069725	 -0.003711	  0.012892	  0.006376
 -0.000800	  0.046146	 -0.002404	  0.038969	 -0.021766	  0.039689	  0.021264
 -0.015465	  0.028883	 -0.000250	  0.052874	 -0.013562	  0.077668	  0.028707
 -0.025348	  0.015389	  0.009949	  0.059272	  0.002466	  0.089578	  0.031558
 -0.034661	  0.015009	 -0.000630	  0.079735	 -0.000955	  0.113904	  0.052369
 -0.056580	  0.000977	 -0.016341	  0.066209	 -0.009792	  0.064428	  0.054143
 -0.084264	 -0.030286	 -0.033604	  0.052209	 -0.024680	  0.047291	  0.073275
 -0.079735	 -0.027246	 -0.020427	  0.071087	  0.000375	  0.028825	  0.017874
 -0.070454	 -0.040042	  0.008460	  0.090124	 -0.003204	  0.009091	  0.019046
 -0.056802	 -0.051540	  0.002791	  0.066209	  0.029833	  0.033512	  0.005173
 -0.066494	 -0.070989	 -0.034555	  0.052209	  0.062142	  0.032436	  0.038527
 -0.063422	 -0.089012	 -0.030088	  0.060381	  0.071993	  0.024263	  0.018508
 -0.065481	 -0.132122	 -0.049347	  0.047046	  0.042694	  0.010199	  0.009797
 -0.075047	 -0.132661	 -0.057614	  0.011094	  0.067179	  0.021349	  0.026300
 -0.074350	 -0.099244	 -0.052388	  0.003999	  0.092139	  0.053563	  0.025096
 -0.065861	 -0.050717	 -0.072153	  0.007072	  0.090682	  0.026132	  0.074573
 -0.031525	 -0.084261	 -0.068764	 -0.009875	  0.084695	  0.009819	  0.079673
 -0.010144	 -0.069690	 -0.059325	  0.029878	  0.063948	  0.047070	  0.069473
 -0.030036	 -0.046662	 -0.064393	  0.027946	  0.030055	  0.088247	  0.061966
 -0.047933	 -0.042576	 -0.012540	  0.025221	  0.058690	  0.105605	  0.056993
 -0.018253	 -0.034214	 -0.004273	  0.047743	  0.086659	  0.078206	  0.037196
 -0.031937	 -0.073523	 -0.003481	  0.026108	  0.078645	  0.081501	  0.051007
 -0.053349	 -0.077134	 -0.006965	  0.021294	  0.089858	  0.086980	  0.028517
 -0.035199	 -0.041278	  0.010108	  0.035484	  0.100279	  0.061672	  0.025381
 -0.012393	 -0.029431	  0.009126	 -0.013993	  0.082066	  0.042952	 -0.021973
 -0.009701	 -0.016729	  0.027846	 -0.017730	  0.108958	 -0.013620	 -0.028403
 -0.030543	 -0.047011	  0.035955	 -0.016938	  0.106456	 -0.057649	 -0.028942
 -0.027946	 -0.026485	  0.015651	 -0.045510	  0.059830	 -0.083116	 -0.034295
  0.001354	 -0.012960	  0.035226	 -0.065117	  0.038449	 -0.099777	 -0.048961
 -0.003936	  0.003891	  0.049638	 -0.075791	  0.052830	 -0.110579	 -0.072685
 -0.001370	  0.033033	  0.055657	 -0.066764	  0.047286	 -0.121380	 -0.116936
 -0.024018	  0.021313	  0.081725	 -0.059035	  0.058405	 -0.121411	 -0.141072
 -0.065798	  0.047191	  0.085083	 -0.050641	  0.038354	 -0.118402	 -0.124506
 -0.057245	  0.060717	  0.049480	 -0.028753	  0.016308	 -0.095691	 -0.096569
 -0.044163	  0.067939	  0.048086	 -0.039966	  0.021661	 -0.049445	 -0.094035
 -0.041503	  0.055680	  0.057526	 -0.023020	  0.034616	 -0.035160	 -0.056911
 -0.010461	  0.026286	  0.079540	 -0.001608	  0.015358	  0.000982	 -0.009525
 -0.012013	  0.023213	  0.038900	 -0.013201	  0.020933	  0.048843	  0.028486
 -0.034787	  0.046685	  0.066901	  0.014927	  0.026856	  0.046119	  0.025667
 -0.026203	  0.040445	  0.051507	  0.031525	  0.028060	  0.031897	  0.014453
 -0.008782	  0.047920	  0.064272	  0.031810	 -0.019073	  0.071555	  0.028454
  0.018902	  0.029137	  0.082549	  0.008212	 -0.021227	  0.100981	  0.048568
  0.050102	  0.007882	  0.101808	  0.029814	  0.019507	  0.107633	  0.032730
  0.022450	 -0.017806	  0.108111	  0.030733	  0.035440	  0.054101	  0.054523
 -0.004316	 -0.035259	  0.069055	  0.019108	  0.056187	  0.052613	  0.082777
 -0.028326	 -0.010299	  0.018280	  0.014832	  0.088813	  0.087424	  0.060794
 -0.070581	 -0.020499	  0.009189	  0.031145	  0.123751	  0.085555	  0.046414
 -0.075110	 -0.031965	  0.020655	  0.048756	  0.101705	  0.086157	  0.031178
 -0.086196	 -0.027816	  0.001587	  0.053666	  0.061984	  0.045042	  0.034441
 -0.076694	  0.006932	 -0.029962	  0.063390	  0.041712	 -0.000507	  0.019236
 -0.075110	  0.027458	 -0.001486	  0.091201	  0.013996	 -0.045011	 -0.031191
 -0.079735	  0.015865	 -0.020839	  0.101717	  0.028725	 -0.061387	 -0.057956
 -0.079070	  0.011398	 -0.035568	  0.090156	 -0.003426	 -0.113746	 -0.087636
 -0.062852	  0.000217	 -0.038451	  0.085943	  0.026317	 -0.134113	 -0.111076
 -0.041883	  0.006045	 -0.055144	  0.082966	  0.030815	 -0.107316	 -0.107211
  0.006169	  0.019951	 -0.033193	  0.066494	  0.021693	 -0.134462	 -0.116239
  0.020549	  0.013806	 -0.011843	  0.069409	  0.013806	 -0.151313	 -0.120673
  0.040948	  0.004873	  0.007257	  0.087020	  0.036612	 -0.120239	 -0.150828
  0.059668	 -0.022874	  0.014130	  0.057499	  0.040096	 -0.078967	 -0.141516
  0.026283	 -0.016191	 -0.040383	  0.033362	  0.045038	 -0.055749	 -0.142276
  0.029387	 -0.020119	 -0.032781	  0.000736	  0.047540	 -0.044535	 -0.105153
  0.046460	 -0.002887	 -0.051184	 -0.034550	  0.027711	 -0.040101	 -0.075631
  0.054157	  0.002117	 -0.074117	 -0.048012	  0.013236	 -0.014856	 -0.054504
  0.031731	 -0.023254	 -0.076176	 -0.028912	  0.016878	  0.017675	 -0.060775
 -0.001718	 -0.032282	 -0.102118	  0.000610	 -0.010299	 -0.010928	 -0.067966
  0.009906	 -0.015367	 -0.081117	 -0.035627	  0.020743	  0.016946	 -0.033535
  0.015988	  0.015960	 -0.035251	 -0.027233	  0.056441	  0.028064	 -0.000022
  0.026916	  0.061604	 -0.037785	  0.012836	  0.053020	  0.049667	  0.034757
  0.015608	  0.061255	 -0.047225	  0.005614	  0.071930	  0.101519	  0.065799
  0.048265	  0.079279	 -0.058818	 -0.007943	  0.059291	  0.119669	  0.072356
  0.074968	  0.044657	 -0.055492	 -0.035215	  0.029485	  0.101488	  0.039635
  0.037781	  0.013711	 -0.044374	 -0.074999	  0.033191	  0.114031	  0.059622
  0.025301	  0.017702	 -0.009753	 -0.054600	  0.045323	  0.034811	  0.036151
 -0.001528	  0.021629	 -0.014061	  0.008719	  0.035028	 -0.002692	  0.019300
  0.048899	  0.033001	  0.009981	  0.005108	  0.039463	  0.002566	 -0.009937
  0.084692	  0.044246	  0.042416	 -0.026979	  0.066767	  0.002091	  0.040491
  0.087099	  0.010606	  0.061643	 -0.060999	  0.072563	 -0.023535	  0.072673
  0.096792	 -0.005200	  0.088631	 -0.051750	  0.064550	  0.009819	  0.093008
  0.053048	  0.017987	  0.106401	 -0.029672	  0.086469	  0.006335	  0.089682
  0.042500	  0.008928	  0.101744	 -0.003350	  0.070821	 -0.020431	  0.095922
  0.050261	  0.008199	  0.111880	  0.019330	  0.036232	 -0.014887	  0.123195
 -0.003429	  0.001009	  0.098862	  0.041218	  0.027553	 -0.008647	  0.116606
  0.021341	 -0.031648	  0.070449	  0.019362	  0.059228	  0.019670	  0.087528
  0.021880	 -0.065446	  0.101744	 -0.014278	  0.026096	  0.023313	  0.080496
  0.003413	 -0.079890	  0.119039	  0.005456	  0.048902	  0.041811	  0.086008
  0.002146	 -0.095157	  0.092844	  0.027629	  0.066007	  0.053595	  0.072419
 -0.020787	 -0.114258	  0.081535	  0.006945	  0.065373	  0.047830	  0.080750
 -0.055376	 -0.086320	  0.042448	 -0.011807	  0.062617	  0.066011	  0.057342
 -0.097821	 -0.113117	  0.010741	 -0.015196	  0.054287	  0.039784	  0.039033
 -0.102541	 -0.117837	 -0.048523	  0.000230	  0.060273	  0.073138	  0.045717
 -0.117903	 -0.155752	 -0.054415	 -0.017287	  0.024892	  0.082831	  0.044323
 -0.118664	 -0.143145	 -0.033668	 -0.047537	  0.028756	  0.116597	  0.062822
 -0.104378	 -0.102221	 -0.023056	 -0.083235	  0.028345	  0.142444	  0.056550
 -0.068585	 -0.068899	 -0.019065	 -0.081999	  0.045544	  0.141399	  0.038622
 -0.066748	 -0.047676	 -0.007789	 -0.098217	  0.035472	  0.131294	  0.015150
 -0.082680	 -0.047834	 -0.030975	 -0.100339	  0.032304	  0.103927	 -0.021466
 -0.116320	 -0.027024	 -0.026921	 -0.043831	  0.020679	  0.091225	 -0.014720
 -0.090124	 -0.010584	 -0.050614	 -0.033726	  0.030213	  0.096768	 -0.022638
 -0.039855	  0.008104	 -0.037247	 -0.056121	  0.026571	  0.118624	 -0.027516
 -0.024398	  0.004652	 -0.039211	 -0.051116	  0.011462	  0.076084	 -0.006927
  0.020359	  0.000090	 -0.046338	 -0.046048	  0.001991	  0.039879	  0.014707
  0.039555	 -0.000385	 -0.020586	 -0.028658	 -0.032535	  0.021793	  0.012743
  0.007974	 -0.041119	 -0.003481	 -0.021658	 -0.035608	  0.014286	 -0.023842
 -0.021357	 -0.036210	  0.004216	  0.019615	 -0.027594	 -0.009439	 -0.033661
 -0.033964	 -0.050970	 -0.019034	 -0.002463	  0.012824	 -0.015553	 -0.033218
  0.019314	 -0.019137	  0.007320	  0.014230	  0.006425	 -0.032024	 -0.041770
  0.009938	 -0.018598	  0.016189	  0.035326	  0.005919	  0.012860	 -0.040662
  0.024921	 -0.014734	  0.046978	  0.026235	  0.028693	  0.035096	 -0.083582
  0.031287	 -0.030730	  0.043430	  0.048503	  0.011082	  0.027938	 -0.120357
  0.025776	 -0.062373	  0.022809	  0.055598	  0.027236	 -0.018403	 -0.108859
  0.014943	 -0.074917	  0.037095	  0.037163	  0.045798	 -0.046183	 -0.122796
  0.014183	 -0.042956	  0.042385	  0.024303	  0.032557	 -0.062559	 -0.131570
  0.012187	 -0.053219	  0.007732	  0.005614	  0.059006	 -0.084446	 -0.120325
  0.017794	 -0.055056	 -0.039813	  0.001655	  0.077315	 -0.050681	 -0.108764
  0.043102	 -0.062659	 -0.077031	 -0.025617	  0.080482	 -0.028444	 -0.095682
  0.019282	 -0.030793	 -0.061700	 -0.031952	  0.040445	 -0.039277	 -0.104297
 -0.014357	 -0.038680	  0.002537	  0.000451	  0.061160	 -0.041273	 -0.112881
  0.015640	 -0.032662	  0.015841	  0.032317	  0.036137	 -0.038897	 -0.084057
  0.024984	 -0.037002	  0.008365	  0.009415	  0.002244	 -0.008584	 -0.059667
  0.023559	 -0.018313	  0.014859	 -0.002780	  0.009941	 -0.014476	 -0.078133
  0.003983	 -0.010964	  0.025280	 -0.002843	  0.009846	 -0.006969	 -0.088333
  0.009210	  0.014503	  0.007954	 -0.007404	  0.021376	 -0.039911	 -0.078292
 -0.006660	 -0.026485	  0.034276	 -0.034613	  0.008326	 -0.011466	 -0.087224
  0.037464	 -0.049133	  0.043620	 -0.043957	  0.040698	  0.024453	 -0.086401
  0.025554	 -0.051572	  0.044000	 -0.023780	  0.021471	  0.063731	 -0.113008
 -0.030226	 -0.019358	  0.064526	 -0.025332	  0.009846	  0.049635	 -0.089790
 -0.029814	  0.000724	  0.097943	  0.002003	  0.033634	 -0.016313	 -0.092546
 -0.034249	 -0.002412	  0.092622	  0.009130	  0.006900	 -0.052803	 -0.107433
 -0.016289	  0.017512	  0.044760	  0.046792	  0.012697	 -0.081944	 -0.126090
 -0.047489	  0.026191	  0.049987	  0.020438	 -0.017996	 -0.100347	 -0.136448
 -0.045177	 -0.032124	  0.044760	 -0.024604	 -0.013974	 -0.088881	 -0.117443
 -0.057119	 -0.037698	  0.041973	 -0.015735	 -0.043400	 -0.060595	 -0.128972
 -0.076694	 -0.056102	  0.058191	 -0.004902	 -0.055912	 -0.081596	 -0.141611
 -0.096174	 -0.050368	  0.050018	  0.007103	 -0.078084	 -0.103008	 -0.151145
 -0.100514	 -0.043400	  0.027307	 -0.022260	 -0.063165	 -0.093854	 -0.203378
 -0.077232	 -0.044667	  0.048403	 -0.053840	 -0.054233	 -0.071206	 -0.206165
 -0.082554	 -0.029463	  0.035891	 -0.070026	 -0.064781	 -0.066360	 -0.219532
 -0.081889	  0.007851	 -0.022201	 -0.024350	 -0.013213	 -0.074057	 -0.194033
 -0.099500	 -0.002761	 -0.048080	 -0.003540	 -0.047011	 -0.086284	 -0.195300
 -0.109161	 -0.021861	 -0.032337	 -0.006105	 -0.044002	 -0.040544	 -0.177942
 -0.107451	  0.021883	 -0.044817	 -0.018554	 -0.013879	 -0.074817	 -0.225202
 -0.106152	 -0.001652	 -0.048365	 -0.009590	 -0.002190	 -0.122774	 -0.213165
 -0.114609	 -0.009191	 -0.021061	 -0.019282	  0.011240	 -0.084700	 -0.187603
 -0.107039	 -0.031237	 -0.026921	 -0.041613	 -0.006878	 -0.073392	 -0.113927
 -0.097093	 -0.024807	 -0.002436	 -0.010635	 -0.006530	 -0.063762	 -0.109460
 -0.098708	 -0.035228	 -0.016246	 -0.017414	  0.021249	 -0.045803	 -0.099704
 -0.075110	 -0.015209	 -0.025115	 -0.038509	  0.088781	 -0.031073	 -0.126787
 -0.077898	 -0.009602	 -0.046243	 -0.013612	  0.069523	 -0.001615	 -0.080636
 -0.098265	  0.022390	 -0.048207	 -0.022640	  0.058721	  0.033196	 -0.055296
 -0.107862	  0.015484	 -0.025844	 -0.039555	  0.051594	  0.036902	 -0.045381
 -0.081287	  0.003796	 -0.028948	 -0.036165	  0.058151	  0.047640	 -0.043354
 -0.028516	 -0.023571	 -0.015233	 -0.023273	  0.050296	  0.017105	 -0.033978
  0.003065	 -0.052269	 -0.001169	 -0.024477	  0.079152	 -0.030662	 -0.025806
 -0.003714	 -0.049545	 -0.009880	 -0.030495	  0.070504	 -0.022584	 -0.032236
 -0.001592	 -0.018566	 -0.019255	 -0.079592	  0.031892	 -0.006588	 -0.041073
 -0.004949	  0.033888	  0.004469	 -0.085357	  0.067147	 -0.023915	 -0.073509
 -0.012076	  0.076111	 -0.036930	 -0.063438	  0.044721	 -0.023313	 -0.047218
  0.001924	  0.073039	 -0.046116	 -0.048487	  0.035377	 -0.057522	 -0.014941
  0.010223	  0.050739	 -0.069904	 -0.014499	  0.025272	 -0.069432	 -0.012471
  0.033631	  0.010543	 -0.090145	 -0.023527	  0.050232	 -0.083274	 -0.031349
  0.062012	  0.003163	 -0.063126	 -0.007119	  0.064993	 -0.100316	 -0.031761
  0.040600	  0.013045	 -0.067180	  0.015814	  0.039589	 -0.123597	 -0.054187
  0.033283	  0.023625	 -0.045166	  0.007357	  0.021725	 -0.102533	 -0.057038
  0.034265	  0.005158	 -0.028631	 -0.001576	  0.048997	 -0.104529	 -0.071893
  0.029767	  0.014376	  0.025882	 -0.020011	  0.019222	 -0.098193	 -0.072052
 -0.012361	  0.024227	  0.032660	 -0.006327	 -0.024173	 -0.061799	 -0.046363
 -0.033077	  0.012950	  0.050018	  0.011759	 -0.023286	 -0.031485	 -0.000244
 -0.053222	  0.018367	  0.013560	  0.007927	 -0.042735	 -0.013114	  0.025255
 -0.084359	  0.009054	  0.018850	  0.027724	 -0.042323	 -0.014000	  0.011951
 -0.073938	  0.007249	  0.041815	  0.016669	 -0.062278	 -0.017485	 -0.022068
 -0.054489	  0.005222	  0.057177	  0.026520	 -0.034151	 -0.002344	 -0.078830
 -0.044860	 -0.007005	  0.026579	  0.005234	 -0.021639	 -0.005226	 -0.029702
 -0.063929	 -0.016318	  0.038362	  0.006058	 -0.021322	 -0.011023	  0.018571
 -0.036086	 -0.013372	  0.039217	  0.028642	 -0.029336	  0.007951	 -0.007593
 -0.006121	 -0.000955	  0.035828	 -0.011078	  0.002117	  0.004244	  0.013693
 -0.004569	  0.006425	  0.022683	  0.009035	 -0.006055	 -0.023661	  0.022309
  0.016115	 -0.029716	 -0.019129	  0.029086	 -0.011440	 -0.029870	 -0.010190
  0.017889	 -0.034056	 -0.028568	  0.033425	 -0.020530	 -0.045137	 -0.025521
 -0.028642	 -0.047391	 -0.035442	  0.035611	 -0.021037	 -0.038486	 -0.040218
 -0.061838	 -0.085781	 -0.022233	  0.035579	 -0.016571	 -0.004973	 -0.046078
 -0.081825	 -0.082836	 -0.033066	 -0.005884	  0.012950	  0.022680	 -0.018267
 -0.113406	 -0.084514	 -0.016183	  0.002954	  0.037562	  0.005575	 -0.007941
 -0.114578	 -0.076152	 -0.015739	  0.004031	  0.043264	  0.019322	 -0.015606
 -0.117143	 -0.053726	 -0.021536	  0.011316	  0.049219	  0.039182	 -0.010538
 -0.087780	 -0.076659	 -0.014124	  0.025697	  0.048934	  0.048907	 -0.006421
 -0.070802	 -0.101587	 -0.021853	  0.033235	  0.026856	  0.040449	 -0.006864
 -0.143434	 -0.091261	 -0.050266	  0.015941	  0.000470	  0.052011	 -0.063151
 -0.148692	 -0.098388	 -0.043550	  0.009257	  0.007882	  0.106682	 -0.113483
 -0.110238	 -0.110425	 -0.051818	 -0.009590	 -0.007322	  0.125941	 -0.114402
 -0.091961	 -0.117393	 -0.026256	 -0.022640	  0.017448	  0.118466	 -0.104614
 -0.093640	 -0.093700	 -0.031070	 -0.021911	  0.032209	  0.062780	 -0.086971
 -0.081762	 -0.095981	 -0.046465	  0.004823	  0.020648	  0.072378	 -0.092546
 -0.089016	 -0.083089	 -0.049885	 -0.018902	  0.007312	  0.062875	 -0.092577
 -0.088034	 -0.106814	 -0.081307	 -0.018079	  0.021059	  0.037504	 -0.091279
 -0.099912	 -0.126484	 -0.060592	  0.027059	  0.034933	  0.021856	 -0.085799
 -0.065291	 -0.095981	 -0.039749	  0.014610	  0.047001	  0.006272	 -0.114528
 -0.045791	 -0.006517	 -0.033728	 -0.078917	 -0.003746	 -0.033791	 -0.029018
 -0.033723	 -0.028848	  0.002287	 -0.038278	  0.012504	 -0.022198	 -0.035416
 -0.056403	 -0.018649	 -0.004967	 -0.046070	  0.001069	 -0.025239	 -0.035891
 -0.049149	 -0.019916	 -0.013487	 -0.031753	  0.022893	  0.010364	 -0.012420
 -0.051493	 -0.031636	  0.012898	 -0.004829	 -0.012741	  0.013627	 -0.021289
 -0.049149	 -0.020074	  0.000355	 -0.007268	 -0.044670	  0.016953	 -0.054770
 -0.058810	 -0.016495	  0.010491	 -0.009137	 -0.073970	 -0.013994	 -0.036525
 -0.046045	  0.007737	  0.002065	  0.007239	 -0.097346	 -0.015388	  0.003576
 -0.041262	  0.011284	  0.005423	  0.028810	 -0.087273	 -0.021121	  0.013174
 -0.049371	 -0.004648	  0.035419	 -0.010245	 -0.057150	 -0.035312	 -0.077956
 -0.032108	  0.009067	  0.043813	 -0.010404	 -0.045494	 -0.035407	 -0.096454
 -0.006166	  0.057720	  0.057592	 -0.007173	 -0.037131	 -0.003541	 -0.010551
  0.035202	  0.031462	  0.054963	  0.019149	  0.028817	  0.052492	  0.065470
  0.080150	  0.009542	  0.023193	  0.031186	  0.046016	  0.011758	  0.047605
  0.071566	  0.023131	 -0.019537	  0.038820	  0.059542	 -0.023275	 -0.021289
  0.084362	  0.047299	 -0.040253	  0.024407	  0.045921	 -0.022610	 -0.051792
  0.070995	  0.019900	 -0.019537	  0.028208	  0.060048	  0.028736	  0.067339
  0.056647	  0.001750	  0.001147	  0.031281	  0.065813	  0.092752	  0.140033
  0.059054	 -0.024921	 -0.041868	  0.024281	  0.080954	  0.037130	  0.113680
  0.061493	 -0.047188	 -0.076268	  0.010692	  0.035944	 -0.011935	  0.032496
  0.057375	 -0.034582	 -0.090078	 -0.003055	  0.046396	 -0.008008	 -0.062910
  0.007075	 -0.010952	 -0.087988	  0.003090	  0.067239	 -0.007374	  0.017767
 -0.033913	 -0.024921	 -0.032493	 -0.011576	  0.099389	  0.034881	  0.142567
 -0.049814	 -0.042057	  0.014482	 -0.007838	  0.079054	  0.010016	  0.172722
 -0.058398	 -0.082601	 -0.001419	 -0.012589	  0.070153	 -0.023782	  0.074687
 -0.022383	 -0.073289	 -0.019347	  0.023172	  0.057134	 -0.005949	 -0.059648
 -0.015383	 -0.080606	  0.018505	  0.017819	  0.034170	 -0.011428	 -0.012642
  0.004889	 -0.049247	  0.029876	  0.027322	  0.077882	 -0.001672	  0.075891
 -0.027071	 -0.032491	  0.039030	  0.034987	  0.066510	  0.038492	  0.092235
 -0.037112	 -0.055012	  0.034976	  0.020765	  0.057863	  0.022401	 -0.035511
 -0.064100	 -0.054030	  0.084484	  0.020226	  0.016273	 -0.037402	 -0.129809
 -0.091467	 -0.090108	  0.086797	 -0.014997	 -0.024905	 -0.044466	 -0.101174
 -0.093811	 -0.059573	  0.070326	 -0.021363	 -0.007800	  0.004441	 -0.001904
 -0.081838	 -0.023495	  0.071624	 -0.039893	  0.002368	 -0.016243	  0.059451
 -0.047407	 -0.035912	  0.073018	 -0.053419	 -0.005963	 -0.054380	  0.021758
 -0.051651	 -0.064578	  0.064402	 -0.031214	 -0.037511	 -0.081304	 -0.125057
 -0.033375	 -0.102493	  0.037700	  0.001918	 -0.053666	 -0.059195	 -0.125849
  0.018731	 -0.045921	 -0.007691	 -0.023897	 -0.058449	 -0.028248	 -0.015081
  0.055158	 -0.023654	 -0.045099	 -0.032862	 -0.043847	  0.015654	  0.093249
  0.079294	 -0.009083	 -0.004238	 -0.008788	 -0.009447	 -0.003700	  0.054288
  0.072928	 -0.016875	  0.011314	  0.012561	 -0.035072	 -0.012094	 -0.050335
  0.058230	  0.009225	 -0.017859	  0.027955	 -0.040806	  0.033170	 -0.104405
  0.087783	 -0.022672	 -0.023148	  0.047404	  0.007626	  0.085751	 -0.023475
  0.105395	 -0.001893	  0.008844	  0.103057	  0.055551	  0.096838	  0.148554
  0.149740	  0.020470	  0.005074	  0.151584	  0.030844	  0.058574	  0.156631
  0.149899	  0.023543	 -0.009370	  0.149335	  0.046143	 -0.017890	  0.018178
  0.160256	  0.033552	  0.029813	  0.172426	  0.070913	 -0.066322	 -0.032090
  0.165166	  0.044702	  0.021324	  0.147244	  0.088683	 -0.006487	  0.023817
  0.145939	  0.057182	  0.000957	  0.132484	  0.075728	  0.078308	  0.134934
  0.097508	  0.050625	  0.005961	  0.129031	  0.097299	  0.092847	  0.182478
  0.091299	  0.070992	  0.050307	  0.087758	  0.077913	  0.067538	  0.085805
  0.084679	  0.059969	  0.066398	  0.098781	  0.067049	  0.040361	 -0.014732
  0.076317	  0.052272	  0.064117	  0.097102	  0.039016	  0.026645	  0.021188
  0.046605	  0.040679	  0.055026	  0.074803	  0.003476	  0.073556	  0.126730
  0.036121	  0.000103	  0.039220	  0.024629	  0.019884	  0.077896	  0.184886
  0.052180	 -0.026916	  0.016287	  0.041100	 -0.017651	  0.029306	  0.073167
  0.039479	 -0.014975	  0.003491	  0.052123	 -0.026393	  0.052777	 -0.057589
 -0.003283	 -0.020169	 -0.029737	  0.045503	 -0.041534	  0.075267	 -0.057145
 -0.030397	 -0.038953	 -0.043832	  0.052630	 -0.055281	  0.081887	  0.058374
 -0.059824	 -0.007816	 -0.040918	  0.019814	 -0.022086	  0.093797	  0.144088
 -0.054154	 -0.010825	 -0.043104	  0.012878	 -0.001148	  0.036085	  0.084158
 -0.040058	 -0.006486	 -0.027361	  0.063336	 -0.014674	 -0.019126	 -0.069467
 -0.007116	 -0.028848	 -0.033601	  0.055132	 -0.001750	 -0.034551	 -0.075866
  0.000423	 -0.059257	 -0.045353	  0.027227	  0.011902	  0.019012	  0.041460
  0.029279	 -0.056913	 -0.047253	  0.032611	  0.024319	  0.044827	  0.129866
  0.004256	 -0.089190	 -0.024700	  0.056590	 -0.010587	  0.011821	  0.102086
 -0.003283	 -0.106453	  0.015147	  0.095075	 -0.016162	 -0.012125	 -0.032154
  0.002418	 -0.078008	  0.064339	  0.076830	  0.000024	 -0.039968	 -0.077449
  0.019016	 -0.048804	  0.091105	  0.076260	  0.028690	 -0.049756	  0.030659
  0.026523	 -0.046745	  0.117997	  0.095614	  0.023970	 -0.015071	  0.121535
  0.042234	 -0.093022	  0.134436	  0.101220	 -0.003682	 -0.009971	  0.112413
  0.013536	 -0.069329	  0.152713	  0.072269	  0.008544	 -0.047855	 -0.002315
 -0.004994	 -0.040220	  0.165922	  0.029380	  0.036292	 -0.058530	 -0.078558
  0.005523	 -0.044591	  0.148690	  0.050793	  0.070533	 -0.038194	 -0.014891
 -0.011582	  0.001655	  0.142197	  0.051933	  0.086434	  0.029559	  0.096797
  0.009545	  0.000578	  0.158446	  0.051110	  0.075918	  0.049483	  0.135440
  0.021899	  0.018791	  0.169438	  0.036159	  0.077248	  0.028356	  0.041428
  0.000613	  0.028801	  0.193828	  0.025516	  0.078357	 -0.029990	 -0.067345
  0.060258	  0.046856	  0.165351	  0.051997	  0.100783	 -0.002116	 -0.011723
  0.065421	  0.014547	  0.134373	  0.029792	  0.106833	  0.048280	  0.128187
  0.055348	 -0.002209	  0.104503	 -0.008947	  0.104647	  0.045017	  0.168351
  0.045909	  0.008782	  0.099784	  0.005244	  0.077407	  0.018188	  0.080009
  0.067480	 -0.008956	  0.061298	  0.011452	  0.078293	 -0.004745	 -0.001429
  0.076602	 -0.032934	  0.063832	 -0.013793	  0.088335	 -0.023275	  0.018210
  0.046669	 -0.015798	  0.100005	  0.016710	  0.087891	  0.034374	  0.147382
  0.089272	 -0.016083	  0.081254	  0.006574	  0.088936	  0.052144	  0.232715
  0.093865	 -0.024667	  0.073335	 -0.013508	  0.110254	  0.024365	  0.156980
  0.086358	 -0.037939	  0.087810	 -0.009422	  0.103444	 -0.016560	  0.035568
  0.096684	 -0.037021	  0.106277	  0.004579	  0.108037	 -0.039113	  0.017925
  0.103969	 -0.039238	  0.089711	  0.042969	  0.096538	  0.033709	  0.104240
  0.080308	 -0.048994	  0.124934	  0.052947	  0.119440	  0.085593	  0.196796
  0.082969	 -0.050166	  0.092023	  0.081265	  0.126662	  0.075520	  0.152608
  0.071819	 -0.065338	  0.061678	  0.083767	  0.090172	  0.037542	  0.073230
  0.068778	 -0.075411	  0.050560	  0.095550	  0.080764	  0.021862	 -0.007162
  0.095449	 -0.052320	  0.069819	  0.101822	  0.057926	  0.064656	  0.061257
  0.099852	 -0.042120	  0.079353	  0.102424	  0.064325	  0.116540	  0.225240
  0.101150	 -0.052636	  0.040171	  0.054562	  0.050831	  0.112074	  0.218810
  0.043850	 -0.011617	  0.028007	  0.036634	  0.037084	  0.041849	  0.082764
  0.020758	  0.000198	  0.013848	  0.052440	  0.005915	  0.018061	  0.003830
  0.044578	 -0.003761	  0.016794	  0.034829	 -0.017588	  0.026994	  0.080294
  0.080973	  0.025665	  0.000006	  0.065364	  0.020233	  0.083534	  0.145038
  0.102164	  0.013818	 -0.004048	  0.079839	  0.065845	  0.095001	  0.158215
  0.081828	  0.052272	 -0.021501	  0.067803	  0.062297	  0.069660	  0.083303
  0.023166	  0.078341	 -0.048140	  0.035525	  0.043546	  0.017713	  0.032401
  0.013790	  0.065544	 -0.031099	  0.043508	  0.029830	  0.046854	  0.065818
  0.074353	  0.052304	 -0.006297	  0.032643	 -0.002764	  0.050338	  0.156536
  0.094974	  0.028009	  0.041881	  0.033562	  0.000245	  0.061076	  0.212633
  0.073466	  0.054711	  0.067411	  0.019973	  0.037781	  0.039664	  0.149599
  0.044008	  0.063454	  0.071117	  0.073726	  0.044052	  0.021229	  0.026509
  0.060764	  0.055661	  0.095096	  0.057033	  0.036925	  0.026297	  0.053370
  0.078122	  0.063707	  0.072796	  0.040974	  0.038478	  0.044193	  0.171139
  0.044103	  0.066811	  0.052777	  0.011199	  0.037401	  0.056705	  0.247318
  0.052244	  0.080273	  0.038967	 -0.003150	  0.008386	  0.061330	  0.240919
  0.040524	  0.105455	  0.053791	  0.011357	  0.007277	  0.041343	  0.131608
  0.079136	  0.073875	  0.072860	  0.012402	  0.014151	  0.038460	  0.098539
  0.077267	  0.032507	  0.084453	  0.046960	  0.040980	  0.027754	  0.182098
  0.092915	  0.020755	  0.050433	  0.057350	  0.042659	  0.040139	  0.231575
  0.085788	  0.002257	  0.071624	  0.038345	  0.042627	  0.029338	  0.198284
  0.066149	  0.045557	  0.067918	  0.002837	 -0.019393	  0.014482	  0.130753
  0.029311	  0.031810	  0.072036	  0.012497	  0.000150	  0.009192	  0.100946
 -0.013831	  0.019932	  0.088285	  0.025073	  0.029197	  0.009287	  0.088783
  0.046605	 -0.023463	  0.095254	  0.010217	  0.043134	 -0.013804	  0.126033
  0.081448	 -0.026536	  0.066049	 -0.011227	  0.060935	  0.010713	  0.152070
  0.063393	 -0.011934	  0.075109	 -0.064822	  0.058085	  0.006500	  0.148237
  0.052909	  0.018601	  0.080050	 -0.051170	  0.055456	  0.009731	  0.157328
  0.067131	  0.017493	  0.088349	 -0.015535	  0.043799	  0.051986	  0.148744
  0.114517	  0.021262	  0.054488	  0.010692	  0.053112	  0.044288	  0.157772
  0.115848	  0.011696	  0.068203	 -0.030993	  0.049120	  0.042356	  0.163536
  0.111983	  0.016732	  0.055438	 -0.071474	  0.061347	  0.033329	  0.193533
  0.120821	  0.017936	  0.041374	 -0.049871	  0.038826	  0.028229	  0.180008
  0.148473	 -0.022355	  0.029623	 -0.081261	  0.020201	  0.015749	  0.159324
  0.129943	 -0.006961	  0.041754	 -0.045120	  0.029323	 -0.004777	  0.133001
  0.145084	  0.000641	  0.003491	 -0.037138	  0.058085	  0.004409	  0.096955
  0.184615	 -0.004332	 -0.006455	 -0.032672	  0.023305	 -0.000247	  0.131956
  0.148980	 -0.016875	  0.016477	 -0.029124	  0.013612	  0.038935	  0.166799
  0.104730	 -0.046238	  0.028197	 -0.038912	  0.026283	 -0.001958	  0.210004
  0.080878	 -0.014056	  0.014482	 -0.037549	  0.022767	 -0.024637	  0.150296
  0.078407	 -0.012092	  0.030668	 -0.016517	  0.018807	 -0.033918	  0.157772
  0.038338	 -0.025269	  0.004979	 -0.019178	  0.037876	 -0.022578	  0.163505
  0.027030	  0.006660	 -0.017605	 -0.027572	  0.030971	 -0.042090	  0.137721
 -0.000306	 -0.040378	 -0.035122	 -0.038183	  0.040283	  0.000165	  0.149124
 -0.025456	 -0.065370	 -0.044434	 -0.015662	  0.037654	 -0.007501	  0.135631
 -0.018266	 -0.061854	 -0.036452	  0.040245	  0.052130	  0.016858	  0.123245
 -0.013102	 -0.034296	 -0.019886	  0.064477	  0.054695	  0.035166	  0.081909
 -0.022035	 -0.006454	 -0.053462	  0.008380	  0.053935	  0.006595	  0.063347
 -0.022320	  0.043435	 -0.065340	  0.010565	  0.046491	  0.012740	  0.090050
 -0.038253	  0.032032	 -0.037751	 -0.032133	  0.040315	  0.013405	  0.094199
 -0.023460	  0.022497	 -0.013772	 -0.018323	  0.051623	 -0.004397	  0.085457
 -0.003727	  0.020470	  0.007323	 -0.033780	  0.050768	 -0.017605	  0.059736
  0.012301	  0.027977	  0.014165	 -0.047781	  0.027550	 -0.009211	  0.067940
  0.019238	  0.053476	  0.039379	 -0.087090	  0.017984	  0.009541	  0.074370
 -0.014243	  0.053159	  0.039220	 -0.083890	  0.003065	  0.026424	  0.066230
 -0.042339	  0.067540	  0.048976	 -0.084619	  0.015671	  0.037161	  0.064773
 -0.044049	  0.061141	  0.054329	 -0.044550	  0.023812	  0.055438	  0.055840
 -0.010759	  0.039919	  0.087272	 -0.029726	  0.019441	  0.052682	  0.121630
  0.032827	  0.038937	  0.099340	 -0.025956	  0.009653	  0.054963	  0.152102
  0.000740	  0.044290	  0.071624	 -0.044106	  0.025586	  0.049325	  0.124291
  0.039130	  0.008592	  0.060094	 -0.059279	  0.022957	  0.082394	  0.125811
  0.046320	  0.025285	  0.047804	 -0.065329	  0.043451	  0.056357	  0.096353
  0.075683	  0.038715	  0.037668	 -0.001535	  0.050546	  0.058574	  0.109372
  0.072801	  0.012678	  0.017301	  0.013511	  0.023559	  0.004568	  0.098665
  0.067860	  0.021832	 -0.019854	  0.008823	  0.012757	  0.005328	  0.083430
  0.051610	 -0.012282	 -0.015039	 -0.009358	  0.018490	  0.034564	  0.074687
  0.061271	  0.020090	  0.005359	  0.018199	  0.015450	  0.028197	  0.080864
  0.064122	  0.030194	  0.014324	  0.004389	  0.012662	  0.020152	  0.081402
  0.099630	  0.064531	 -0.004745	  0.039326	  0.027011	  0.012011	  0.099584
  0.081290	  0.094369	 -0.015388	 -0.012811	  0.034455	  0.025853	  0.092394
  0.081068	  0.073051	 -0.035217	 -0.020255	  0.016685	  0.023161	  0.054700
  0.084996	  0.061648	 -0.015293	 -0.028839	  0.005915	 -0.027900	  0.072882
  0.077489	  0.047964	  0.020754	  0.010502	 -0.006850	 -0.033791	  0.059641
  0.062221	  0.044924	  0.013247	  0.029887	  0.017762	  0.000513	  0.071646
  0.039510	 -0.009241	  0.010079	  0.046295	  0.016337	  0.015496	  0.076809
  0.018414	 -0.015006	  0.014102	  0.033625	 -0.002003	  0.027120	  0.082891
  0.029279	 -0.016938	  0.007482	  0.009108	 -0.017904	  0.044447	  0.131354
  0.004762	 -0.014689	  0.013247	  0.027797	 -0.013502	  0.044067	  0.154446
  0.020093	 -0.048392	  0.023604	  0.038218	 -0.001560	  0.065923	  0.126761
  0.012143	 -0.064388	  0.008749	  0.037616	  0.040315	  0.059493	  0.102118
  0.016134	 -0.063343	 -0.001039	  0.022285	  0.018712	  0.041881	  0.076746
  0.007772	 -0.068157	  0.007577	  0.004737	 -0.002890	  0.064529	  0.103987
 -0.025519	 -0.045414	  0.014704	 -0.028237	  0.009906	  0.057212	  0.117861
 -0.006862	 -0.071103	 -0.006202	 -0.048319	  0.026536	  0.097155	  0.129992
 -0.012691	 -0.084565	 -0.012062	 -0.043821	  0.011332	  0.063325	  0.125653
 -0.050891	 -0.085104	 -0.004587	 -0.022789	  0.000752	  0.031492	  0.101675
 -0.050701	 -0.099294	  0.010681	 -0.013318	  0.008038	 -0.026759	  0.086534
 -0.041262	 -0.081841	  0.003744	 -0.037043	  0.006200	  0.006120	  0.082194
 -0.047058	 -0.094448	 -0.009084	 -0.057030	 -0.007325	  0.032030	  0.105000
 -0.035434	 -0.090172	 -0.024637	 -0.058962	  0.008513	  0.034691	  0.131101
 -0.028402	 -0.089285	 -0.065910	 -0.074134	  0.037401	  0.060601	  0.111336
 -0.016745	 -0.096380	 -0.049249	 -0.051835	  0.022672	  0.054995	  0.078108
 -0.048294	 -0.063248	 -0.027836	 -0.034034	  0.022988	  0.058954	  0.076461
 -0.026153	 -0.046555	 -0.001894	 -0.027730	  0.031889	  0.035039	  0.051944
 -0.043637	 -0.060492	  0.019867	 -0.029377	  0.043641	  0.026202	  0.067339
 -0.038538	 -0.025237	  0.044035	 -0.027128	  0.037052	  0.028768	  0.054162
 -0.037302	 -0.024952	  0.026424	 -0.034192	  0.038319	  0.044542	  0.030722
 -0.029574	  0.028547	  0.047519	 -0.024848	  0.052035	  0.035103	  0.052008
 -0.008066	  0.047014	  0.051986	  0.000588	  0.060967	  0.005074	  0.082289
 -0.022954	  0.061205	  0.062660	 -0.011861	  0.040600	 -0.007089	  0.037976
 -0.035402	  0.039887	  0.051194	 -0.047559	  0.031731	 -0.004333	  0.035948
 -0.007559	  0.008244	  0.066113	 -0.056903	  0.099104	 -0.008198	  0.042473
  0.001912	  0.019583	  0.056737	 -0.047907	  0.050831	 -0.042280	  0.071995
  0.031401	  0.010904	  0.063927	 -0.040305	  0.025174	 -0.063851	  0.057994
  0.026112	  0.023068	  0.043782	 -0.050821	  0.040093	 -0.043421	  0.100122
  0.039225	  0.010302	  0.054741	 -0.019400	  0.087258	 -0.063661	  0.124639
  0.062000	 -0.024034	  0.055723	 -0.014712	  0.085769	 -0.043674	  0.117132
  0.064407	 -0.017667	  0.070231	 -0.022219	  0.089190	  0.011251	  0.110259
  0.044515	 -0.015830	  0.053601	 -0.036061	  0.112059	  0.038809	  0.102942
  0.056456	 -0.030274	  0.036085	 -0.017752	  0.115734	  0.017649	  0.113743
  0.043881	 -0.034391	  0.062375	 -0.012399	  0.112756	  0.025885	  0.094706
  0.036881	 -0.077216	  0.058764	 -0.034762	  0.065465	  0.056198	  0.096416
  0.044452	 -0.060714	  0.044193	 -0.011797	  0.074366	  0.054868	  0.091760
  0.078946	 -0.068157	  0.059841	 -0.002992	  0.086592	  0.061298	  0.111557
  0.066117	 -0.030432	  0.128766	 -0.024499	  0.089887	  0.055913	  0.122169
  0.088132	 -0.032301	  0.112612	 -0.004195	  0.084597	  0.043623	  0.118272
