:RUN-5	LEVEL SWEEP	TEMP:NaN	8/27/2019	12:36 PM	HR:-636.36:SW EAR: R	SW FREQ: 22.60	# AVERAGES: 512	REP RATE (/sec): 80	DRIVER: 	SAMPLE (µsec): 40	MASKER dB: 2147483647:NOTES-:CHAMBER-SEWELL-PXI1:CFTS Version: V2.7.2 (R850):LEVELS:20;30;40;50;60;70;80;:DATA -0.043037	  0.008587	  0.004132	  0.058188	 -0.014122	 -0.111613	 -0.091660
 -0.057798	 -0.019129	  0.013698	  0.043997	 -0.043105	 -0.067679	 -0.068728
 -0.064260	  0.016728	 -0.005117	  0.069116	 -0.040223	 -0.057448	 -0.054790
 -0.056056	 -0.013966	 -0.018643	  0.061102	 -0.011430	 -0.017790	 -0.027993
 -0.023430	  0.002759	  0.003118	  0.050237	 -0.009973	 -0.038253	 -0.061981
 -0.019914	  0.012483	  0.002897	  0.017073	 -0.027553	 -0.042972	 -0.100941
 -0.013041	  0.019642	  0.002833	 -0.022046	  0.000765	 -0.057765	 -0.096317
 -0.007751	 -0.001391	 -0.002045	 -0.044979	  0.005548	 -0.036511	 -0.045826
 -0.012724	  0.011438	  0.002770	 -0.060151	  0.000733	 -0.008985	 -0.020929
 -0.006832	 -0.004685	  0.017436	 -0.041558	  0.014829	  0.005871	 -0.002083
  0.036499	  0.018216	  0.026812	 -0.020272	  0.022336	  0.031433	  0.026742
  0.066971	  0.024520	 -0.024597	 -0.031960	  0.021386	  0.005174	  0.018380
  0.041726	  0.018502	 -0.021873	 -0.034653	 -0.003796	  0.015785	 -0.020803
  0.045685	  0.011311	 -0.017977	 -0.056984	 -0.005824	  0.000708	 -0.018522
  0.050310	 -0.008771	 -0.008665	 -0.061133	  0.014290	  0.010147	 -0.019631
  0.024368	 -0.022645	 -0.002520	 -0.073803	  0.007258	  0.024243	  0.051860
  0.029658	 -0.026953	  0.003594	 -0.014032	  0.007163	  0.077489	  0.105677
  0.016512	 -0.012889	  0.019621	  0.041146	  0.018313	  0.083349	  0.102668
 -0.009335	 -0.011020	  0.001471	  0.060817	  0.023888	  0.098901	  0.151036
  0.002449	 -0.022740	  0.003055	  0.059898	  0.019517	  0.085915	  0.173842
 -0.003792	 -0.058248	 -0.028272	  0.076844	  0.071401	  0.114359	  0.164213
  0.024590	 -0.078362	 -0.014588	  0.126321	  0.097280	  0.064280	  0.142515
  0.033237	 -0.077886	  0.013825	  0.146625	  0.081410	  0.062887	  0.148375
  0.033649	 -0.034555	 -0.016995	  0.140037	  0.088632	  0.049868	  0.153506
  0.028391	 -0.006617	 -0.007018	  0.151123	  0.072763	  0.075715	  0.160982
  0.025825	 -0.010861	 -0.024946	  0.153594	  0.062310	  0.055443	  0.174729
  0.036531	  0.009981	 -0.035525	  0.176305	  0.108619	  0.037040	  0.209825
  0.049360	  0.009126	 -0.061879	  0.175703	  0.082836	  0.088480	  0.277990
  0.038432	  0.000035	 -0.101664	  0.164712	  0.126199	  0.125667	  0.376596
  0.035106	  0.012040	 -0.095202	  0.146213	  0.162087	  0.178755	  0.420878
  0.037798	  0.019452	  0.001028	  0.160911	  0.143557	  0.210430	  0.418787
  0.044355	  0.006307	  0.033273	  0.152485	  0.162721	  0.257753	  0.426864
  0.077329	 -0.022391	  0.097796	  0.190654	  0.232533	  0.225761	  0.405262
  0.086515	 -0.038577	  0.127539	  0.227144	  0.242163	  0.196461	  0.334879
  0.065926	 -0.013649	  0.119113	  0.248841	  0.238108	  0.168936	  0.258700
  0.038147	 -0.005920	  0.113824	  0.222963	  0.174821	  0.092186	  0.163453
  0.085691	  0.017900	  0.112937	  0.184129	  0.096234	 -0.031728	  0.024335
  0.085755	  0.034814	  0.087755	  0.167974	  0.021544	 -0.112310	 -0.120738
  0.046414	  0.048118	  0.091809	  0.122077	 -0.055902	 -0.198245	 -0.262517
  0.018983	  0.028543	  0.099760	  0.070224	 -0.097777	 -0.298972	 -0.371005
 -0.024285	  0.011913	  0.067071	  0.023598	 -0.137086	 -0.359852	 -0.441768
 -0.038666	  0.008999	  0.004227	 -0.018435	 -0.202020	 -0.414397	 -0.475945
 -0.019693	  0.033832	 -0.064128	 -0.077795	 -0.244085	 -0.413700	 -0.485290
 -0.018869	 -0.019445	 -0.098654	 -0.092492	 -0.266163	 -0.415854	 -0.543002
  0.020187	 -0.057139	 -0.133275	 -0.108963	 -0.283933	 -0.418008	 -0.542083
  0.021074	 -0.059261	 -0.158204	 -0.122995	 -0.276077	 -0.412243	 -0.553201
  0.025983	 -0.055460	 -0.164887	 -0.137693	 -0.249597	 -0.366884	 -0.559346
  0.024241	 -0.033003	 -0.171919	 -0.151661	 -0.225840	 -0.346929	 -0.486271
  0.030006	 -0.020808	 -0.164476	 -0.161449	 -0.158689	 -0.271320	 -0.363466
  0.019680	 -0.053877	 -0.187694	 -0.180834	 -0.110574	 -0.251237	 -0.240376
  0.026300	 -0.037881	 -0.228650	 -0.163191	 -0.062491	 -0.179335	 -0.107625
  0.064215	 -0.003291	 -0.227129	 -0.156698	 -0.008358	 -0.067774	  0.035009
  0.099343	 -0.016215	 -0.229822	 -0.125941	  0.070229	  0.023134	  0.129940
  0.082524	 -0.030152	 -0.201599	 -0.091763	  0.124679	  0.089272	  0.204219
  0.068555	 -0.014758	 -0.170621	  0.010738	  0.157779	  0.149138	  0.270008
  0.065577	  0.017235	 -0.122664	  0.043902	  0.171051	  0.174384	  0.253727
  0.057057	  0.000605	 -0.068341	  0.089388	  0.189265	  0.194212	  0.266302
  0.021200	  0.002442	 -0.015792	  0.121855	  0.184133	  0.205204	  0.272067
 -0.014213	  0.011280	  0.054084	  0.153499	  0.143842	  0.194434	  0.254867
 -0.019376	  0.014257	  0.088864	  0.161702	  0.145806	  0.185723	  0.223192
 -0.010982	 -0.003513	  0.129155	  0.154385	  0.102443	  0.162220	  0.194336
  0.002860	 -0.023785	  0.173120	  0.127081	  0.078750	  0.132192	  0.160158
  0.011983	 -0.012477	  0.184491	  0.125498	  0.051857	  0.056647	  0.077961
 -0.011679	  0.013307	  0.185695	  0.110293	  0.022906	  0.000328	 -0.005630
  0.008372	  0.020402	  0.176889	  0.093189	 -0.021503	 -0.045601	 -0.126788
  0.027314	  0.015619	  0.141951	  0.078967	 -0.050169	 -0.147533	 -0.178387
  0.012996	 -0.000282	  0.114489	  0.025910	 -0.076681	 -0.224187	 -0.218267
  0.031273	 -0.014219	  0.075972	  0.010421	 -0.108135	 -0.272777	 -0.277816
  0.040649	  0.006212	  0.003245	  0.012290	 -0.101768	 -0.296913	 -0.306261
  0.075270	  0.021384	 -0.012307	 -0.020779	 -0.128344	 -0.280347	 -0.310695
  0.073623	  0.023538	 -0.057952	 -0.065346	 -0.182445	 -0.279714	 -0.323112
  0.046350	  0.009949	 -0.048322	 -0.087392	 -0.178992	 -0.225232	 -0.272178
  0.071564	  0.003899	 -0.054467	 -0.093442	 -0.175001	 -0.202648	 -0.236258
  0.072388	  0.025565	 -0.056875	 -0.101393	 -0.156155	 -0.207399	 -0.223493
  0.067161	  0.006465	 -0.054752	 -0.131928	 -0.147380	 -0.168185	 -0.193908
  0.037893	 -0.026256	 -0.032136	 -0.113746	 -0.127140	 -0.145315	 -0.156975
  0.020313	 -0.005762	 -0.021145	 -0.089261	 -0.067274	 -0.148261	 -0.148898
 -0.019439	 -0.015296	 -0.016013	 -0.097687	 -0.048300	 -0.161470	 -0.130178
 -0.021656	 -0.014758	 -0.007144	 -0.087836	 -0.036327	 -0.118898	 -0.093244
  0.029721	 -0.015391	 -0.024502	 -0.050047	 -0.023657	 -0.133247	 -0.056374
  0.025571	 -0.014567	 -0.015000	 -0.040861	  0.006847	 -0.086621	 -0.054980
 -0.006927	 -0.005762	 -0.016013	 -0.037757	  0.003426	 -0.040185	 -0.054980
 -0.029892	  0.004723	 -0.028937	 -0.027399	  0.029811	 -0.029890	 -0.045319
 -0.020674	  0.023475	 -0.013384	 -0.028983	  0.033929	 -0.004709	 -0.061822
 -0.039300	  0.003456	  0.027889	 -0.020019	  0.045966	  0.019333	 -0.050546
 -0.032838	 -0.006965	  0.044043	  0.034178	  0.060061	  0.017306	  0.008370
 -0.013357	  0.026167	  0.023897	  0.036775	  0.070387	  0.043343	  0.041408
 -0.034263	  0.011691	  0.004322	  0.065536	  0.068772	  0.063267	  0.079766
 -0.010032	 -0.002974	 -0.010122	  0.025055	  0.087270	  0.031465	  0.119012
  0.032318	  0.016728	 -0.025294	  0.030123	  0.094936	  0.009450	  0.173240
  0.058134	  0.005958	 -0.038915	  0.026481	  0.067346	  0.016767	  0.208907
  0.047808	  0.006275	 -0.037996	  0.016598	  0.084008	  0.019586	  0.207228
  0.041884	 -0.028156	 -0.019371	  0.023947	  0.075772	  0.049076	  0.213848
  0.029024	 -0.031039	 -0.011230	  0.025784	  0.081537	  0.047049	  0.251637
  0.022309	 -0.026984	  0.005621	  0.051948	  0.065319	  0.031560	  0.295063
  0.011349	 -0.017640	 -0.001126	  0.041020	  0.047613	  0.069317	  0.269882
  0.024495	 -0.000409	  0.011006	  0.056762	  0.060188	  0.098838	  0.304376
  0.043500	  0.025787	 -0.008316	  0.070478	  0.056387	  0.133206	  0.327689
  0.037893	  0.020655	  0.005336	  0.087646	  0.091768	  0.142518	  0.331427
  0.051450	  0.033801	  0.005526	  0.114981	  0.114986	  0.154143	  0.315146
  0.075397	  0.012071	  0.039355	  0.118181	  0.088284	  0.168872	  0.299593
  0.039762	  0.036937	  0.052564	  0.122425	  0.067093	  0.114391	  0.312358
  0.017969	  0.021637	  0.039767	  0.148082	  0.102981	  0.105680	  0.285909
 -0.002525	  0.028036	  0.079741	  0.131104	  0.104787	  0.051040	  0.244826
 -0.005027	  0.029936	  0.084461	  0.133321	  0.134910	  0.030166	  0.226486
 -0.027896	  0.055435	  0.052469	  0.126828	  0.114194	  0.028329	  0.168584
 -0.031412	  0.053883	  0.049111	  0.110800	  0.103551	  0.001088	  0.125759
 -0.015226	  0.066585	  0.045088	  0.105796	  0.067093	 -0.041008	  0.102383
  0.011919	  0.058951	  0.009232	  0.124547	  0.062120	 -0.067426	  0.061395
  0.058039	  0.083373	  0.007521	  0.099429	  0.066745	 -0.099703	  0.003999
  0.095479	  0.087554	  0.003023	  0.103008	  0.068582	 -0.111866	 -0.022260
  0.092565	  0.065444	  0.015535	  0.129964	  0.080365	 -0.104296	 -0.011997
  0.076125	  0.043778	  0.034635	  0.139371	  0.084610	 -0.162008	 -0.038034
  0.064786	  0.032692	  0.035269	  0.128285	  0.038839	 -0.191815	 -0.096824
  0.095162	  0.024140	  0.033558	  0.102501	  0.035703	 -0.195901	 -0.113516
  0.068777	 -0.028758	  0.053451	  0.079442	  0.009317	 -0.205783	 -0.116969
  0.007833	 -0.066040	  0.046862	  0.057206	 -0.006014	 -0.174298	 -0.123082
  0.000516	 -0.083050	  0.065139	  0.053056	 -0.036295	 -0.151650	 -0.102303
 -0.001764	 -0.105032	  0.063333	  0.033988	 -0.072057	 -0.147184	 -0.117191
  0.035739	 -0.115992	  0.021712	  0.004308	 -0.104207	 -0.151175	 -0.105566
  0.044608	 -0.134173	 -0.025579	 -0.006335	 -0.126855	 -0.118708	 -0.138667
  0.058672	 -0.150043	 -0.039802	  0.017548	 -0.135439	 -0.088331	 -0.131983
  0.064881	 -0.134649	 -0.063146	 -0.005258	 -0.112284	 -0.036542	 -0.101860
  0.091710	 -0.112349	 -0.072839	 -0.022648	 -0.143041	 -0.066095	 -0.098851
  0.069664	 -0.074719	 -0.113985	 -0.002312	 -0.130593	 -0.051810	 -0.131571
  0.041789	 -0.064329	 -0.116773	 -0.047038	 -0.122389	 -0.058145	 -0.154694
  0.037988	 -0.055175	 -0.105591	 -0.022901	 -0.140855	 -0.044144	 -0.155391
  0.015340	 -0.068257	 -0.059124	 -0.001077	 -0.147159	 -0.062896	 -0.159699
  0.011349	 -0.057488	 -0.039136	  0.009534	 -0.091505	 -0.082028	 -0.170025
  0.006725	 -0.050836	 -0.010090	  0.011276	 -0.081179	 -0.157035	 -0.181872
  0.038875	 -0.033224	 -0.011104	 -0.008267	 -0.048965	 -0.176452	 -0.195049
  0.010906	 -0.019826	 -0.001665	 -0.036680	 -0.064898	 -0.193082	 -0.232489
  0.012711	 -0.001137	  0.034414	 -0.030662	 -0.076396	 -0.215983	 -0.250100
  0.011666	  0.035448	  0.057917	 -0.028983	 -0.088781	 -0.232042	 -0.271513
  0.024019	  0.042480	  0.072076	 -0.019259	 -0.095401	 -0.238441	 -0.295143
  0.003906	  0.017044	  0.062003	 -0.032879	 -0.092329	 -0.239011	 -0.271418
 -0.005185	 -0.022803	  0.034477	 -0.022173	 -0.117511	 -0.246930	 -0.289663
  0.003652	 -0.021093	  0.029092	 -0.028444	 -0.093881	 -0.265808	 -0.304582
  0.042043	 -0.030373	  0.051518	 -0.055844	 -0.123434	 -0.269292	 -0.267744
  0.053858	 -0.007567	  0.048668	 -0.066043	 -0.139082	 -0.266663	 -0.241421
  0.047111	  0.017171	  0.031753	 -0.083274	 -0.177725	 -0.292986	 -0.234548
  0.009322	 -0.002309	 -0.014873	 -0.076686	 -0.193278	 -0.324819	 -0.263309
  0.006218	 -0.000029	  0.003055	 -0.103768	 -0.202052	 -0.304135	 -0.265526
  0.016671	  0.018977	 -0.025453	 -0.132466	 -0.185581	 -0.272143	 -0.270404
  0.014042	  0.055498	 -0.085667	 -0.154861	 -0.213677	 -0.244364	 -0.263562
  0.009797	  0.053471	 -0.134733	 -0.130059	 -0.221564	 -0.244427	 -0.284341
  0.022594	  0.040262	 -0.139262	 -0.134050	 -0.263344	 -0.271985	 -0.259603
  0.005299	  0.025945	 -0.132959	 -0.107316	 -0.247158	 -0.297262	 -0.275314
  0.000073	  0.009759	 -0.126497	 -0.090275	 -0.211491	 -0.265808	 -0.256214
 -0.017190	  0.013307	 -0.118705	 -0.102976	 -0.165974	 -0.283135	 -0.295269
 -0.011045	  0.030538	 -0.119750	 -0.088818	 -0.122579	 -0.239011	 -0.299102
 -0.016937	  0.052267	 -0.089849	 -0.039372	 -0.084093	 -0.197548	 -0.310157
 -0.029100	  0.046091	 -0.069260	  0.008267	 -0.094609	 -0.162325	 -0.283011
 -0.041073	  0.011026	 -0.036317	  0.015014	 -0.063187	 -0.130269	 -0.236195
 -0.026724	  0.012166	 -0.035367	  0.032024	 -0.058436	 -0.111011	 -0.233281
 -0.061662	  0.017551	  0.014236	  0.028983	 -0.083460	 -0.075376	 -0.217982
 -0.034517	 -0.003291	  0.029187	  0.064871	 -0.060907	 -0.029637	 -0.227579
 -0.046838	 -0.021093	  0.059564	  0.105922	 -0.021408	 -0.042687	 -0.243100
 -0.031697	 -0.029392	  0.058740	  0.148240	 -0.012444	  0.013188	 -0.216144
 -0.006389	 -0.052103	  0.032228	  0.132593	  0.046853	  0.042044	 -0.177817
  0.022879	 -0.067592	  0.003055	  0.113334	  0.089614	 -0.003505	 -0.144622
  0.028169	 -0.086375	 -0.047625	  0.110674	  0.089392	 -0.037524	 -0.154092
 -0.028086	 -0.108326	 -0.052630	  0.087139	  0.080618	 -0.005500	 -0.122322
 -0.028625	 -0.095276	 -0.042842	  0.118592	  0.107099	 -0.057448	 -0.082475
 -0.029132	 -0.111336	 -0.035874	  0.084700	  0.108208	 -0.062959	 -0.082443
 -0.023937	 -0.074085	 -0.047942	  0.074500	  0.091008	 -0.061376	 -0.119725
 -0.014783	 -0.058438	 -0.051933	  0.037123	  0.111629	 -0.079811	 -0.111774
 -0.031191	 -0.061257	 -0.073314	  0.034019	  0.113878	 -0.146931	 -0.085927
 -0.024761	 -0.088529	 -0.059789	  0.076781	  0.123412	 -0.197548	 -0.050958
  0.006725	 -0.107883	 -0.080504	  0.073265	  0.116665	 -0.205720	 -0.053523
 -0.008194	 -0.099014	 -0.101505	  0.092429	  0.085750	 -0.187443	 -0.031984
 -0.011805	 -0.090462	 -0.091337	  0.086030	  0.058319	 -0.184656	  0.022307
  0.022974	 -0.123436	 -0.080726	  0.053880	  0.054265	 -0.208539	  0.008212
  0.003747	 -0.070189	 -0.080061	  0.035603	  0.027055	 -0.225359	 -0.008164
 -0.005502	 -0.085520	 -0.118546	  0.036300	  0.013277	 -0.210978	 -0.013486
 -0.006484	 -0.078457	 -0.153041	  0.028159	 -0.017448	 -0.234196	 -0.043831
  0.008277	 -0.098570	 -0.136855	 -0.014919	 -0.049029	 -0.216078	 -0.104394
 -0.013833	 -0.045102	 -0.111926	 -0.031454	 -0.110700	 -0.184909	 -0.149088
 -0.017665	 -0.016563	 -0.097324	 -0.031390	 -0.100469	 -0.141071	 -0.148929
 -0.032584	 -0.008739	 -0.020226	 -0.014000	 -0.087736	 -0.135686	 -0.166414
 -0.027643	  0.001048	 -0.000207	 -0.008647	 -0.107121	 -0.138949	 -0.175600
 -0.038254	 -0.031102	  0.004259	 -0.013810	 -0.106709	 -0.162103	 -0.187573
 -0.021783	 -0.014472	  0.016264	 -0.022838	 -0.101895	 -0.144713	 -0.143703
  0.015752	 -0.002246	  0.017879	 -0.047545	 -0.086279	 -0.145410	 -0.136069
  0.038052	  0.042670	  0.020635	 -0.012670	 -0.065215	 -0.169167	 -0.137526
  0.040332	  0.053851	  0.007395	 -0.019322	 -0.076301	 -0.152854	 -0.102747
  0.047808	  0.046946	 -0.004927	 -0.027114	 -0.090555	 -0.170497	 -0.068221
  0.035454	  0.013972	 -0.038186	 -0.051852	 -0.078423	 -0.153899	 -0.031636
  0.012616	  0.043018	 -0.005149	 -0.081659	 -0.040381	 -0.131790	 -0.039966
 -0.004805	  0.058444	  0.012811	 -0.090876	 -0.040856	 -0.097232	 -0.071800
 -0.042404	  0.054231	  0.049048	 -0.048590	 -0.019792	 -0.071068	 -0.058433
 -0.040155	  0.023855	  0.008155	 -0.082292	 -0.011810	 -0.061914	 -0.009970
 -0.049816	  0.005736	  0.017024	 -0.094836	 -0.039938	 -0.060584	 -0.033219
 -0.020706	 -0.034808	  0.023011	 -0.082989	 -0.047160	 -0.076136	 -0.015450
 -0.003031	 -0.022961	  0.022757	 -0.122900	 -0.031924	 -0.080824	  0.032253
  0.008023	 -0.027744	  0.047401	 -0.124167	 -0.022992	 -0.065905	  0.030321
 -0.010443	 -0.037595	  0.044233	 -0.077921	 -0.019634	 -0.076548	  0.029593
 -0.012439	 -0.013237	  0.018133	 -0.065536	 -0.045766	 -0.057321	  0.053032
 -0.012312	 -0.016848	  0.023296	 -0.049952	 -0.034490	 -0.045475	  0.068363
 -0.021118	 -0.029645	  0.007300	 -0.053405	 -0.029453	 -0.031728	  0.083631
 -0.077785	 -0.031355	 -0.002551	 -0.070097	 -0.000122	 -0.017695	  0.079196
 -0.077405	 -0.049664	  0.014110	 -0.086284	  0.013087	 -0.022130	  0.035674
 -0.063816	 -0.030373	 -0.030806	 -0.078301	  0.003362	 -0.024379	  0.034851
 -0.065780	 -0.019319	 -0.056970	 -0.072346	  0.019042	 -0.009301	  0.067476
 -0.068377	 -0.029423	 -0.089152	 -0.062369	  0.020214	  0.002102	  0.053983
 -0.064070	 -0.041270	 -0.039010	 -0.044631	  0.015019	 -0.003030	  0.055693
 -0.068568	 -0.071266	 -0.038376	 -0.024105	  0.026485	  0.009894	  0.056453
 -0.078007	 -0.037881	 -0.072934	 -0.030377	  0.029748	 -0.003315	  0.057847
 -0.082125	 -0.028980	 -0.084844	 -0.015299	  0.027214	  0.016482	  0.064689
 -0.115035	  0.001365	 -0.115284	 -0.025372	  0.050780	  0.011731	  0.054584
 -0.086147	  0.020941	 -0.135651	 -0.031834	  0.069184	  0.027379	  0.040141
 -0.058685	  0.011818	 -0.103722	 -0.016661	  0.086510	  0.009260	  0.027724
 -0.063880	 -0.015391	 -0.102329	  0.012132	  0.066713	  0.012143	  0.012266
 -0.012521	  0.005714	  0.005209	  0.043199	 -0.010746	 -0.014664	  0.034021
 -0.016639	  0.012588	  0.006349	  0.037561	 -0.009891	  0.016980	  0.042447
 -0.008340	  0.000108	  0.015599	  0.039556	 -0.003587	  0.021129	  0.003739
  0.025204	 -0.003092	  0.007078	 -0.008685	 -0.005583	  0.006052	  0.026862
  0.059667	  0.015217	 -0.014050	  0.018334	  0.006327	 -0.024547	 -0.002754
  0.036639	 -0.020165	  0.011892	  0.003161	 -0.003017	 -0.011021	 -0.025497
  0.032426	 -0.004770	  0.024879	  0.032778	  0.017952	 -0.007886	  0.005228
  0.047662	  0.015248	  0.017531	  0.068887	  0.022228	 -0.016406	  0.053818
  0.053712	  0.028394	 -0.004389	  0.025841	  0.041994	 -0.013841	  0.128445
  0.040725	  0.026842	  0.002105	  0.004587	  0.050514	 -0.033194	  0.152740
  0.015005	  0.035046	 -0.019434	 -0.009034	  0.029323	 -0.045262	  0.085081
  0.002398	  0.028869	  0.002960	 -0.008749	  0.007341	 -0.031294	 -0.022678
 -0.017082	  0.004099	 -0.021683	 -0.001748	 -0.037543	 -0.075544	 -0.130279
 -0.026617	 -0.005499	 -0.023362	 -0.032442	 -0.035199	 -0.061670	 -0.209087
 -0.024843	  0.001343	 -0.000683	 -0.024808	 -0.049485	 -0.024990	 -0.207725
 -0.018096	  0.008438	  0.005336	 -0.045334	 -0.041313	  0.033451	 -0.158090
 -0.056392	 -0.002205	 -0.022950	 -0.049420	 -0.028991	  0.043302	 -0.055874
 -0.055980	 -0.051681	 -0.004262	 -0.041944	  0.015481	  0.072728	  0.043809
 -0.028486	 -0.059315	  0.000648	 -0.030700	  0.008639	  0.084100	  0.117834
 -0.048441	 -0.035179	  0.011227	 -0.021039	  0.025554	  0.082579	  0.117960
 -0.041187	 -0.054215	  0.019178	 -0.003649	  0.009273	  0.059139	  0.097308
 -0.041124	 -0.040690	  0.012019	 -0.005676	 -0.019773	 -0.027619	 -0.023280
 -0.040522	 -0.017599	  0.036504	 -0.058162	 -0.006628	 -0.107061	 -0.129867
 -0.065261	 -0.029635	  0.042174	 -0.071656	 -0.024366	 -0.169176	 -0.197526
 -0.070582	 -0.071383	  0.055193	 -0.048596	 -0.049041	 -0.168606	 -0.179978
 -0.047554	 -0.107303	  0.047274	 -0.059746	 -0.006723	 -0.158913	 -0.111179
 -0.029373	 -0.095647	  0.052025	 -0.016066	  0.036989	 -0.136519	 -0.009121
 -0.032318	 -0.087443	  0.062795	  0.000057	  0.042754	 -0.100979	  0.131708
 -0.047554	 -0.055419	  0.028269	  0.026253	  0.034170	 -0.019194	  0.265599
 -0.042644	 -0.022382	  0.004195	  0.006550	 -0.005709	 -0.018307	  0.290686
 -0.012901	 -0.011992	 -0.014873	  0.003826	 -0.021769	 -0.058028	  0.207507
  0.015068	 -0.003345	 -0.025896	  0.004587	 -0.064182	 -0.076463	  0.105354
  0.008701	  0.018321	 -0.021367	 -0.014640	 -0.066463	 -0.110355	 -0.016660
  0.048169	 -0.000653	  0.003562	 -0.010079	 -0.059241	 -0.098350	 -0.124546
  0.056721	  0.022882	  0.036948	 -0.002002	 -0.021610	 -0.089386	 -0.156506
  0.056626	  0.060893	  0.046672	  0.010130	 -0.035611	 -0.071553	 -0.150583
  0.071482	  0.059499	  0.100013	  0.087988	  0.001798	 -0.021443	 -0.097748
  0.055454	  0.060893	  0.077809	  0.059670	 -0.005234	  0.036903	  0.024011
  0.017697	  0.091238	  0.080660	  0.014913	  0.011268	  0.065253	  0.121128
  0.013706	  0.115628	  0.096782	  0.037624	  0.031984	  0.145455	  0.170510
  0.057164	  0.117370	  0.130548	  0.057453	  0.052098	  0.125499	  0.146373
  0.068441	  0.120474	  0.119462	  0.068951	  0.047853	  0.121318	  0.010201
  0.045096	  0.097794	  0.088610	  0.077376	  0.020803	  0.059931	 -0.091065
  0.058526	  0.086835	  0.081958	  0.072625	 -0.002415	 -0.019827	 -0.208770
  0.040186	  0.069033	  0.068560	  0.060715	  0.005789	 -0.054353	 -0.271012
  0.016113	  0.070585	  0.051677	  0.032049	  0.002558	 -0.041430	 -0.219730
  0.038001	  0.036123	  0.056270	  0.065752	 -0.000736	  0.016283	 -0.164552
  0.027516	  0.039005	  0.040939	  0.086816	 -0.002764	  0.050999	 -0.068607
  0.064893	  0.014013	  0.044962	  0.075508	  0.008829	  0.058379	  0.026767
  0.073129	  0.021362	  0.068940	  0.049914	  0.014626	  0.071049	  0.126735
  0.070816	  0.019620	  0.042364	  0.021438	  0.001512	  0.078778	  0.198479
  0.036005	  0.004859	  0.045278	  0.046366	  0.015481	  0.059203	  0.138518
  0.009303	 -0.012752	  0.049871	  0.038669	  0.013359	  0.039627	  0.059995
  0.038539	 -0.033278	  0.054021	  0.054792	  0.029102	 -0.011307	 -0.033669
  0.029829	 -0.024029	  0.046989	  0.046620	  0.014056	 -0.092015	 -0.105857
  0.015131	  0.009610	  0.044898	  0.010922	 -0.002574	 -0.081974	 -0.143107
 -0.011064	  0.032638	  0.049554	  0.029863	  0.028120	 -0.075196	 -0.092079
 -0.026965	 -0.007146	  0.047559	  0.031035	  0.046048	 -0.086440	  0.007952
 -0.012901	  0.010624	  0.045278	  0.090553	  0.093371	 -0.056982	  0.125309
 -0.015214	  0.043376	  0.054147	  0.068919	  0.100910	 -0.047448	  0.203610
  0.005027	  0.045815	  0.051993	  0.095495	  0.093529	 -0.014822	  0.219860
  0.018109	  0.048286	  0.052057	  0.083078	  0.149658	 -0.018117	  0.154640
  0.016652	  0.046607	  0.027255	  0.095748	  0.134612	 -0.064204	  0.067248
  0.022828	  0.021457	  0.023137	  0.112536	  0.087733	 -0.105129	 -0.059421
  0.034897	  0.046164	  0.033717	  0.081874	  0.088746	 -0.127492	 -0.143012
  0.027991	  0.047526	  0.063967	  0.055552	  0.087194	 -0.118813	 -0.224196
  0.024951	  0.058485	  0.069890	  0.086436	  0.104331	 -0.100884	 -0.187738
  0.033281	  0.071219	  0.077809	  0.055996	  0.094543	 -0.085300	 -0.120206
  0.018457	  0.051675	  0.061718	  0.033284	  0.057641	 -0.042855	 -0.010990
  0.021973	  0.034349	  0.051867	  0.038289	  0.090488	  0.040989	  0.134400
  0.036417	  0.072612	  0.048477	  0.070820	  0.115449	  0.062782	  0.239182
  0.047725	  0.054779	  0.048794	  0.069173	  0.095588	  0.064429	  0.231136
  0.048232	  0.058232	  0.052152	  0.090807	  0.075253	  0.055465	  0.157143
  0.028593	  0.042458	  0.080026	  0.104142	  0.074081	 -0.009976	  0.018373
  0.030652	  0.053196	  0.076257	  0.106866	  0.053460	 -0.084350	 -0.077413
  0.072907	  0.080278	  0.083352	  0.109464	  0.056216	 -0.088658	 -0.150646
  0.106261	  0.102039	  0.087311	  0.110255	  0.027201	 -0.073358	 -0.168923
  0.086211	  0.137547	  0.091556	  0.151117	  0.043767	 -0.020049	 -0.130247
  0.061251	  0.108121	  0.099538	  0.168760	  0.074682	 -0.007949	  0.018690
  0.073857	  0.104446	  0.102959	  0.174810	  0.068031	  0.010011	  0.163193
  0.123239	  0.116926	  0.079836	  0.165497	  0.061854	  0.026482	  0.239087
  0.095111	  0.112618	  0.090986	  0.148202	  0.062994	  0.024138	  0.291858
  0.116999	  0.077110	  0.090922	  0.170977	  0.042627	  0.028351	  0.231770
  0.081048	  0.011986	  0.053070	  0.145003	  0.058465	  0.015713	  0.128667
  0.055074	  0.014203	  0.026178	  0.106644	  0.084502	 -0.024293	  0.014065
  0.019154	  0.023547	  0.021427	  0.083807	  0.086434	 -0.040891	 -0.103703
  0.016588	  0.012461	  0.042839	  0.105663	  0.103729	 -0.069272	 -0.166579
 -0.015530	  0.005778	  0.036314	  0.119410	  0.052446	 -0.077476	 -0.146148
 -0.001878	  0.035837	  0.076542	  0.101291	  0.070818	 -0.065630	 -0.042348
 -0.021675	  0.040969	  0.106158	  0.109210	  0.099896	 -0.017135	  0.091892
 -0.018730	  0.051232	  0.117308	  0.071992	  0.104616	  0.075706	  0.211118
 -0.010937	  0.030073	  0.149838	  0.035438	  0.083647	  0.080299	  0.288247
  0.031856	  0.018955	  0.174038	  0.042660	  0.058560	  0.056320	  0.250712
  0.006516	  0.054779	  0.148730	  0.045004	  0.072814	  0.034908	  0.163573
  0.019693	  0.074101	  0.115091	  0.077186	  0.064198	 -0.015298	  0.068769
  0.034453	  0.056965	  0.087628	  0.064041	  0.061062	 -0.046529	 -0.065060
  0.060395	  0.040557	  0.063080	  0.073829	  0.040061	 -0.073200	 -0.148207
  0.038983	  0.049965	  0.057252	  0.082286	  0.034740	 -0.114283	 -0.157963
  0.013294	  0.045277	  0.066026	  0.082033	  0.051116	 -0.140003	 -0.141492
  0.045096	  0.067164	  0.021997	  0.080987	  0.037274	 -0.123881	 -0.007949
  0.043639	  0.096432	  0.019780	  0.079119	  0.029133	 -0.079884	  0.110295
  0.024032	  0.086771	  0.016074	  0.105663	  0.017192	 -0.024198	  0.204466
  0.010855	  0.091681	  0.010879	  0.092232	  0.008798	  0.006242	  0.212986
  0.027738	  0.083255	  0.004924	  0.065942	  0.009273	 -0.020714	  0.182356
  0.041010	  0.056585	  0.042016	  0.071453	 -0.009004	 -0.054195	  0.076086
  0.068821	  0.043249	  0.004512	  0.061665	  0.007911	 -0.075924	 -0.055557
  0.086971	  0.036946	  0.004195	  0.076109	 -0.015782	 -0.073644	 -0.158312
  0.069898	  0.029819	 -0.009773	  0.067620	 -0.006121	 -0.065566	 -0.178394
  0.059033	  0.035996	  0.027287	  0.078137	 -0.005773	 -0.044661	 -0.134238
  0.031412	  0.032163	  0.061496	  0.098694	  0.017223	  0.008205	 -0.076209
  0.008226	  0.017276	  0.034635	  0.074779	  0.064103	  0.039944	  0.038740
 -0.001593	  0.035014	  0.048161	  0.060177	  0.077913	  0.113082	  0.120463
 -0.010431	  0.035901	  0.043948	  0.068761	  0.099706	  0.119734	  0.147894
 -0.006313	 -0.003883	  0.053134	  0.067430	  0.062297	  0.077004	  0.163921
 -0.015657	  0.003782	  0.056745	  0.071548	  0.049025	  0.029396	  0.086412
 -0.003399	  0.000108	  0.078537	  0.114943	  0.052795	 -0.021158	 -0.057552
  0.001606	  0.011733	  0.088103	  0.103350	  0.067239	 -0.053276	 -0.165027
  0.021783	  0.011447	  0.083447	  0.064358	  0.069076	 -0.092522	 -0.176050
  0.017919	  0.026145	  0.052880	  0.060113	  0.063976	 -0.070508	 -0.120428
  0.057893	  0.038625	  0.015187	  0.053303	  0.103475	 -0.050996	 -0.078585
  0.028878	  0.052435	  0.028585	  0.078137	  0.117381	 -0.047416	 -0.058028
  0.013104	  0.089020	  0.024183	  0.079150	  0.084470	 -0.061195	 -0.006492
  0.002461	  0.092124	  0.026495	  0.090300	  0.056754	 -0.069019	  0.026545
  0.045191	  0.097193	  0.011101	  0.151528	  0.052351	 -0.077096	  0.055022
  0.060522	  0.119239	  0.015567	  0.153556	  0.086022	 -0.095690	  0.007984
  0.068821	  0.134506	  0.043631	  0.142026	  0.074397	 -0.111844	  0.039216
  0.069581	  0.093043	 -0.007018	  0.130749	  0.068031	 -0.098540	  0.048908
  0.068853	  0.076287	 -0.038281	  0.125903	  0.061284	 -0.106966	  0.054546
  0.034263	  0.087183	 -0.058142	  0.085200	  0.078737	 -0.112541	  0.022048
  0.031159	  0.084776	 -0.066029	  0.066607	  0.059732	 -0.076114	  0.028636
  0.029670	  0.080721	 -0.050191	  0.055679	  0.035627	 -0.068861	  0.010391
  0.005185	  0.106663	 -0.032706	  0.037529	  0.008354	 -0.047353	  0.014952
  0.001733	  0.117877	 -0.044395	  0.013519	  0.000214	 -0.047955	  0.050492
 -0.003494	  0.106822	 -0.032421	 -0.010142	  0.008671	 -0.028221	  0.088883
  0.035213	  0.104098	 -0.030679	 -0.005423	  0.047283	  0.007129	  0.075135
  0.072812	  0.100265	 -0.011104	  0.023402	  0.080321	 -0.018022	  0.065918
  0.040788	  0.077079	  0.002168	  0.015293	  0.037211	 -0.004338	  0.079602
  0.065527	  0.065549	  0.014331	  0.024352	  0.026504	  0.010043	  0.073172
  0.101763	  0.067481	  0.042206	  0.024447	  0.030590	 -0.008456	  0.081439
  0.090012	  0.074196	  0.088452	  0.049977	  0.037939	 -0.012035	  0.098512
  0.087636	  0.093423	  0.075782	  0.047317	 -0.013565	 -0.033923	  0.111594
  0.078419	  0.093518	  0.072234	  0.048330	 -0.037797	  0.011025	  0.052804
  0.057766	  0.087500	  0.084271	  0.046271	 -0.009574	 -0.029742	  0.013274
  0.026534	  0.116514	  0.061591	  0.081431	  0.013993	 -0.044629	  0.029238
  0.042214	  0.122438	  0.090067	  0.104269	 -0.017461	 -0.034208	  0.033229
  0.014276	  0.109388	  0.063048	  0.094164	 -0.035421	 -0.020904	  0.043999
  0.002620	  0.092568	  0.054591	  0.076933	 -0.025950	 -0.026542	  0.022364
  0.025172	  0.059309	  0.103656	  0.094608	 -0.006533	 -0.051756	  0.024138
 -0.017621	  0.081577	  0.113349	  0.068127	 -0.013312	 -0.059200	  0.020052
 -0.002322	  0.095514	  0.120507	  0.050547	 -0.018918	 -0.051566	  0.048275
 -0.002702	  0.065802	  0.152087	  0.056851	  0.002621	 -0.067689	  0.037410
 -0.000231	  0.082844	  0.153164	  0.018745	  0.045921	 -0.058471	  0.023948
 -0.004602	  0.081925	  0.107489	  0.016782	  0.057198	 -0.034525	  0.016948
  0.000782	  0.080626	  0.100773	 -0.007323	  0.064103	 -0.033954	 -0.002437
 -0.014834	  0.075305	  0.092474	 -0.024206	  0.060935	 -0.036108	 -0.040258
 -0.019680	  0.056236	  0.104638	 -0.016794	  0.032998	 -0.038104	 -0.041113
 -0.013186	  0.064282	  0.105018	 -0.006056	  0.040220	 -0.052738	 -0.025687
 -0.000358	  0.031720	  0.067039	  0.009084	  0.040188	 -0.076811	 -0.008202
  0.030747	  0.039575	  0.059437	  0.023338	  0.016843	 -0.069716	 -0.025592
  0.030525	  0.043344	  0.024499	  0.008768	  0.029830	 -0.062969	 -0.013682
  0.019883	  0.044833	  0.055066	  0.057358	  0.026409	 -0.031040	  0.032374
  0.018901	  0.040747	  0.019780	  0.090110	  0.039871	 -0.072788	  0.061483
  0.001353	  0.019176	  0.003815	  0.110034	  0.012219	 -0.066738	  0.091163
 -0.010082	  0.009800	  0.036916	  0.133252	  0.010508	 -0.031389	  0.100919
 -0.011919	  0.022882	  0.053451	  0.190901	  0.023210	 -0.029361	  0.110010
 -0.002037	  0.031245	  0.031943	  0.154474	  0.030337	 -0.014221	  0.131137
 -0.033554	  0.052404	  0.044740	  0.117604	  0.043419	 -0.045136	  0.107539
 -0.048061	  0.039385	  0.059152	  0.085042	  0.057071	 -0.012605	  0.076751
 -0.026300	  0.044928	  0.055446	  0.086942	  0.056342	 -0.015899	  0.043492
 -0.017621	  0.051485	  0.042776	  0.105346	  0.083425	  0.021287	  0.052203
 -0.030196	  0.055286	  0.050536	  0.085042	  0.073479	  0.009726	  0.045361
 -0.028486	  0.044073	  0.022884	  0.061602	  0.037116	 -0.018022	  0.061515
 -0.004159	  0.039100	  0.014617	  0.040475	  0.031414	 -0.000220	  0.085240
  0.002588	  0.033430	  0.039798	  0.048362	  0.065972	 -0.032244	  0.098829
  0.011014	  0.042743	  0.024436	  0.046271	  0.027866	 -0.034271	  0.108078
  0.034168	  0.043408	  0.046577	  0.034583	  0.008861	 -0.047987	  0.100856
  0.056278	  0.045720	  0.073216	  0.076141	  0.030115	 -0.042095	  0.080013
  0.028657	  0.061304	  0.094153	  0.075698	  0.045034	 -0.047796	  0.052614
  0.039901	  0.066151	  0.076067	  0.058276	  0.052668	 -0.033099	  0.032057
  0.034928	  0.116483	  0.073533	  0.078453	  0.007816	 -0.011623	  0.037569
  0.047408	  0.143058	  0.074863	  0.071453	 -0.027217	 -0.024895	  0.009124
  0.044969	  0.129850	  0.044423	  0.061602	 -0.015719	 -0.016438	  0.012925
  0.005629	  0.152308	  0.002580	  0.054222	 -0.023004	 -0.021854	 -0.008772
 -0.027282	  0.152751	  0.015282	  0.059987	 -0.066494	 -0.031674	 -0.052453
 -0.028929	  0.163901	  0.016580	  0.062742	 -0.029086	 -0.046498	 -0.053656
 -0.040712	  0.159435	  0.035902	  0.061285	 -0.014072	 -0.031579	 -0.025465
 -0.058007	  0.137262	  0.027508	  0.065657	 -0.044163	 -0.038009	  0.013495
 -0.045464	  0.116451	  0.037961	  0.033760	 -0.049390	 -0.017800	  0.020939
 -0.048916	  0.085314	  0.046355	  0.032144	 -0.029529	 -0.007791	 -0.015266
 -0.054048	  0.047272	  0.042016	  0.028058	  0.015291	 -0.025877	 -0.061924
 -0.083727	  0.010941	  0.041446	 -0.013595	  0.022798	 -0.030185	 -0.059643
 -0.099723	 -0.014051	  0.048002	  0.009021	  0.049152	 -0.027429	 -0.062684
 -0.075682	 -0.013481	  0.043251	 -0.018663	  0.052510	 -0.015076	 -0.062811
 -0.081542	 -0.021463	  0.051962	 -0.004346	  0.042817	 -0.040511	 -0.016089
 -0.063233	 -0.037491	  0.036124	 -0.002129	  0.042469	 -0.048050	  0.002916
 -0.057120	 -0.038790	  0.036251	  0.021375	  0.067556	 -0.046751	  0.009282
 -0.056075	 -0.029699	  0.018386	  0.052923	  0.085801	 -0.032561	  0.022364
 -0.039762	 -0.001096	  0.027445	  0.029515	  0.110032	 -0.027778	  0.011215
 -0.005236	 -0.012309	  0.029947	  0.047317	  0.076330	 -0.069336	 -0.030153
  0.016873	 -0.036699	  0.019209	  0.062806	  0.068189	 -0.071996	  0.013559
  0.063911	 -0.049749	  0.063270	  0.071390	  0.057229	 -0.063983	  0.005830
  0.078102	 -0.047215	  0.038690	  0.090490	  0.091660	 -0.070888	  0.013052
  0.093464	 -0.007653	  0.016770	  0.123052	  0.058560	 -0.043615	  0.007287
  0.099609	 -0.039423	  0.007205	  0.149089	  0.050609	 -0.075734	 -0.001012
  0.084975	 -0.028622	  0.004227	  0.119346	  0.043546	 -0.063001	 -0.002279
  0.083518	 -0.029762	  0.012241	  0.083616	  0.031762	 -0.047606	  0.014572
  0.106515	 -0.015857	  0.043853	  0.034076	  0.045826	 -0.057869	  0.026292
  0.097772	  0.023294	  0.049206	  0.029705	 -0.002859	 -0.084318	  0.093824
  0.085165	  0.072612	  0.044518	  0.048964	 -0.014769	 -0.076811	  0.121191
  0.064291	  0.103274	  0.009010	  0.046620	 -0.030036	 -0.072060	  0.094426
  0.071957	  0.141918	  0.004861	  0.072213	 -0.027977	 -0.062557	  0.083973
  0.046268	  0.126651	  0.037613	  0.099803	 -0.014008	 -0.042158	  0.078905
  0.004837	  0.096464	  0.035396	  0.085707	 -0.036403	 -0.037185	  0.058506
