:RUN-7	LEVEL SWEEP	TEMP:NaN	8/27/2019	11:30 AM	HR:230.30:SW EAR: R	SW FREQ: 45.20	# AVERAGES: 512	REP RATE (/sec): 80	DRIVER: 	SAMPLE (µsec): 40	MASKER dB: 0:NOTES-:CHAMBER-SEWELL-PXI1:CFTS Version: V2.7.2 (R850):LEVELS:20;30;40;50;60;70;80;:DATA  0.026295	  0.000298	  0.017752	 -0.028167	 -0.023406	 -0.039515	 -0.009303
  0.017046	  0.027539	 -0.002361	  0.014404	 -0.026891	 -0.043569	  0.019331
  0.041880	  0.008723	  0.012558	 -0.000831	 -0.059263	 -0.022125	  0.008720
  0.042355	  0.042236	  0.030676	 -0.002985	 -0.007886	 -0.000776	  0.003462
  0.047264	  0.074925	  0.008535	  0.014594	  0.009441	  0.008188	 -0.036861
  0.046156	  0.052024	 -0.001031	  0.039776	 -0.006524	  0.020320	 -0.053490
  0.019580	  0.043598	  0.006286	  0.001988	  0.001554	  0.033053	 -0.037082
  0.000195	  0.061653	  0.006001	 -0.012330	 -0.009723	  0.033782	 -0.025711
  0.018471	  0.038055	 -0.001443	 -0.027312	 -0.031230	  0.032546	 -0.049372
  0.031838	  0.049775	  0.020888	 -0.015022	  0.013369	  0.028048	 -0.060522
  0.028513	  0.023452	 -0.003280	 -0.008465	  0.017803	  0.019623	 -0.037716
  0.038237	  0.000361	 -0.017566	  0.016875	 -0.002469	  0.022125	  0.001150
  0.019770	 -0.031884	 -0.033657	  0.029862	 -0.027683	  0.028207	  0.041504
 -0.021376	 -0.047690	 -0.025801	  0.030242	 -0.029837	  0.026243	  0.063328
 -0.052671	 -0.030934	 -0.005276	 -0.040711	 -0.021854	  0.014016	  0.028771
 -0.062522	 -0.017789	 -0.003502	 -0.025380	 -0.001614	  0.013795	  0.019585
 -0.047793	 -0.048577	  0.017562	 -0.046064	  0.042256	 -0.014396	  0.015182
 -0.063219	 -0.080443	 -0.014556	 -0.025887	  0.045867	 -0.047782	  0.019807
 -0.054223	 -0.088900	 -0.009298	  0.016400	  0.073108	 -0.037741	  0.030925
 -0.075794	 -0.076420	 -0.002488	  0.069013	  0.044981	 -0.074041	  0.058292
 -0.102402	 -0.041767	  0.004829	  0.063153	  0.028953	 -0.086996	  0.074035
 -0.097270	 -0.018961	 -0.005339	  0.051940	  0.048782	 -0.077272	  0.061713
 -0.049947	 -0.026531	  0.009327	  0.095557	  0.036460	 -0.052407	  0.051260
 -0.068161	 -0.037174	  0.006286	  0.101416	  0.036618	 -0.030614	  0.059908
 -0.053020	 -0.018296	  0.007965	  0.108227	  0.068864	 -0.006731	  0.042423
 -0.067685	  0.000900	 -0.016235	  0.138603	  0.078525	  0.024374	  0.013060
 -0.088528	  0.005207	 -0.004800	  0.106073	  0.072665	  0.036379	  0.011476
 -0.067052	  0.020190	  0.006286	  0.091249	  0.089833	  0.025419	  0.015150
 -0.069586	  0.032765	 -0.015507	  0.054727	  0.056067	  0.000428	  0.012426
 -0.051753	  0.023357	  0.037043	  0.092579	  0.076973	  0.012591	  0.017874
  0.008399	  0.039955	  0.084081	  0.081176	  0.085620	  0.021207	  0.011761
  0.020752	 -0.003978	  0.055034	  0.078864	  0.100349	  0.026275	  0.023132
  0.027087	 -0.007874	  0.037328	  0.088461	  0.123504	 -0.005337	  0.019775
  0.037287	 -0.012404	  0.067356	  0.091312	  0.077860	  0.004482	  0.045369
  0.033169	  0.021932	  0.071062	  0.042437	  0.085905	  0.035397	  0.075555
  0.079953	  0.039765	  0.069573	  0.019314	  0.066045	  0.076955	  0.135168
  0.096361	  0.057852	  0.084904	  0.021943	  0.103517	  0.066597	  0.188414
  0.104850	  0.046322	  0.051360	  0.025776	  0.134147	  0.066312	  0.167223
  0.091356	  0.042331	  0.012779	 -0.036244	  0.120241	  0.027383	  0.150721
  0.040993	  0.022090	  0.068876	 -0.027470	  0.065126	  0.015473	  0.119394
  0.033771	  0.037263	  0.041984	 -0.012235	  0.063194	  0.016297	  0.092755
  0.033486	  0.025670	  0.024468	 -0.041249	  0.069877	  0.026972	  0.045020
  0.007417	 -0.007019	  0.003847	 -0.064531	  0.053153	 -0.010659	  0.032572
  0.025820	  0.005968	  0.019843	 -0.044290	  0.057017	 -0.063968	 -0.002018
  0.008430	  0.019936	  0.028617	 -0.075902	  0.041686	 -0.066977	 -0.008955
  0.016856	 -0.004327	  0.019083	 -0.108274	  0.035605	 -0.054814	 -0.026059
  0.054138	 -0.015793	  0.028965	 -0.122655	 -0.018243	 -0.002803	 -0.015575
  0.050400	 -0.010060	  0.045975	 -0.129180	 -0.044566	 -0.043854	 -0.002398
  0.047613	 -0.049781	 -0.001823	 -0.156421	 -0.063127	 -0.066344	  0.033205
 -0.017132	 -0.029382	  0.002770	 -0.189363	 -0.077064	 -0.067263	  0.058260
 -0.009973	 -0.029952	 -0.002805	 -0.216160	 -0.055240	 -0.041194	  0.087307
 -0.009371	  0.011162	 -0.019656	 -0.244731	 -0.068322	 -0.060642	  0.159210
 -0.004240	  0.059531	 -0.060327	 -0.238016	 -0.076114	 -0.071729	  0.192595
 -0.018652	  0.050725	 -0.060074	 -0.234627	 -0.108866	 -0.012211	  0.242896
 -0.048268	  0.045055	 -0.069323	 -0.230002	 -0.108866	  0.045470	  0.237954
 -0.025589	  0.061748	 -0.083957	 -0.212549	 -0.031610	  0.035492	  0.231619
 -0.000280	  0.049965	 -0.141859	 -0.166335	  0.008934	  0.082847	  0.177043
  0.026960	  0.049711	 -0.140434	 -0.127248	  0.033546	  0.051773	  0.159495
  0.037350	  0.042331	 -0.126180	 -0.101052	  0.041781	  0.039325	  0.143150
  0.021861	  0.020222	 -0.133054	 -0.085721	  0.054103	  0.026338	  0.082239
 -0.004303	  0.050091	 -0.126212	 -0.073621	  0.040546	 -0.011261	  0.017811
  0.033992	  0.058612	 -0.097166	 -0.070834	  0.042447	 -0.029316	 -0.043132
  0.048436	  0.047589	 -0.056653	 -0.068997	  0.007350	 -0.005496	 -0.053807
  0.058287	  0.025195	 -0.043698	 -0.079260	  0.019070	 -0.035144	 -0.080572
  0.106592	  0.063522	 -0.029159	 -0.061680	  0.062402	 -0.063652	 -0.095270
  0.084768	  0.072391	 -0.042146	 -0.031271	  0.067185	 -0.063430	 -0.070848
  0.084229	  0.083097	 -0.081265	 -0.032000	  0.094901	 -0.066312	 -0.063500
  0.080112	  0.062730	 -0.102772	 -0.065037	  0.128350	 -0.083005	 -0.064671
  0.026929	  0.012049	 -0.093808	 -0.013470	  0.104277	 -0.079426	 -0.063943
  0.052459	  0.017973	 -0.098591	 -0.018601	  0.114064	 -0.076638	 -0.070626
  0.086922	 -0.019879	 -0.075468	 -0.027851	  0.126133	 -0.056303	 -0.047282
  0.069057	 -0.056211	 -0.045852	 -0.047236	  0.135097	 -0.067041	 -0.057291
  0.061550	 -0.037428	 -0.024978	 -0.079988	  0.119576	 -0.087155	 -0.081364
  0.036495	 -0.014083	 -0.008696	 -0.100039	  0.089326	 -0.056968	 -0.058495
  0.048595	 -0.029635	  0.033147	 -0.115591	  0.082104	 -0.071570	 -0.074839
  0.050369	 -0.017187	  0.041921	 -0.113184	  0.068484	 -0.054054	 -0.094098
  0.058857	 -0.025264	  0.058740	 -0.105803	  0.065284	 -0.039325	 -0.091722
  0.042545	 -0.025328	  0.066279	 -0.091866	  0.052868	 -0.019908	 -0.050196
  0.054518	 -0.022128	  0.094787	 -0.089332	  0.018088	  0.002233	 -0.033281
  0.083659	  0.016072	  0.097796	 -0.109890	 -0.001614	 -0.031248	  0.019965
  0.073491	  0.041539	  0.087913	 -0.132474	 -0.027809	 -0.010279	  0.007231
  0.063324	  0.059594	  0.073881	 -0.123668	 -0.002818	  0.019591	  0.036975
  0.034309	  0.059214	  0.097796	 -0.085848	  0.004214	  0.010152	  0.057405
  0.051889	  0.052150	  0.072551	 -0.090504	 -0.020397	  0.030773	  0.056677
  0.064559	  0.045879	  0.080850	 -0.078658	 -0.043013	  0.055036	  0.043310
  0.071084	  0.044612	  0.066121	 -0.074445	 -0.071426	  0.077905	  0.049075
  0.035735	  0.015597	  0.063523	 -0.042580	 -0.090210	  0.092001	  0.035137
  0.025662	 -0.000589	  0.048066	 -0.036561	 -0.071996	  0.075308	  0.041061
  0.026105	  0.008343	  0.060039	 -0.029149	 -0.114188	  0.049588	  0.025223
  0.010553	  0.010022	  0.063650	 -0.024968	 -0.131514	  0.076923	  0.000041
  0.019073	  0.039892	  0.050378	 -0.030036	 -0.124577	  0.114902	 -0.005249
 -0.033413	  0.052435	  0.049491	 -0.057942	 -0.133763	  0.119844	 -0.034580
 -0.087102	  0.023516	  0.070967	 -0.024398	 -0.095626	  0.098970	 -0.013959
 -0.079975	  0.049363	  0.064917	 -0.034851	 -0.076178	  0.082498	 -0.014149
 -0.082826	  0.068875	  0.059754	 -0.002194	 -0.074689	  0.057443	 -0.020548
 -0.085297	  0.087722	  0.026590	 -0.006881	 -0.081816	  0.059027	 -0.007719
 -0.075192	  0.102799	  0.004512	  0.006929	 -0.057362	  0.056335	  0.023576
 -0.109845	  0.102609	 -0.039897	  0.046555	 -0.049729	  0.082118	  0.021992
 -0.110225	  0.077205	 -0.033688	  0.081239	 -0.010610	  0.077715	  0.031115
 -0.099171	  0.108912	 -0.031186	  0.069931	  0.027496	  0.095168	  0.049898
 -0.085582	  0.114741	 -0.062861	  0.029070	  0.063067	  0.101567	  0.073021
 -0.098125	  0.132130	 -0.052155	  0.024319	  0.062497	  0.074643	  0.093420
 -0.072468	  0.146669	 -0.026498	  0.004173	  0.022491	  0.073883	  0.095067
 -0.048363	  0.158136	 -0.033783	  0.027328	  0.011246	  0.068403	  0.093578
 -0.026951	  0.165580	 -0.050381	  0.058813	  0.029111	  0.101187	  0.075175
 -0.041775	  0.113284	 -0.014240	  0.066637	  0.056004	  0.108472	  0.097506
 -0.045513	  0.077459	  0.016422	  0.092136	  0.095534	  0.099160	  0.139856
 -0.071613	  0.044770	  0.004829	  0.056121	  0.085398	  0.114015	  0.156834
 -0.078613	  0.039322	  0.000394	  0.010382	  0.058791	  0.132514	  0.182048
 -0.042630	  0.040652	  0.033210	 -0.016796	  0.058443	  0.173121	  0.178246
 -0.046843	 -0.004770	  0.043853	 -0.045019	  0.056004	  0.168085	  0.147363
 -0.027743	 -0.001793	  0.049618	 -0.083757	  0.068642	  0.161813	  0.117778
 -0.034236	  0.012683	  0.013920	 -0.095509	  0.136364	  0.142301	  0.098330
  0.009539	  0.038973	  0.007806	 -0.070074	  0.127495	  0.160895	  0.110936
  0.032504	  0.016547	  0.023296	 -0.046032	  0.099494	  0.151202	  0.022689
  0.048120	  0.020126	  0.007870	 -0.082269	  0.120938	  0.171189	  0.010019
  0.026612	  0.012176	  0.025640	 -0.065069	  0.118879	  0.103848	 -0.015100
  0.031237	  0.019588	  0.042016	 -0.042199	  0.102123	  0.056271	 -0.052540
  0.043748	  0.024434	  0.000806	 -0.065829	  0.071461	  0.026021	 -0.051811
  0.020784	  0.020063	 -0.004895	 -0.088921	  0.040958	  0.000586	 -0.097836
  0.029494	  0.028806	  0.031531	 -0.101020	 -0.006872	 -0.030931	 -0.168028
  0.049450	  0.009927	  0.064220	 -0.090314	 -0.053688	 -0.051615	 -0.215224
  0.057685	 -0.009902	  0.055288	 -0.097314	 -0.013524	 -0.024026	 -0.252855
  0.027752	 -0.012372	  0.005684	 -0.102034	 -0.021918	 -0.032388	 -0.227831
  0.050939	  0.022407	  0.010055	 -0.082585	 -0.018085	 -0.067453	 -0.243067
  0.030825	  0.038181	  0.039513	 -0.092310	 -0.003483	 -0.090195	 -0.234483
 -0.017828	  0.054589	 -0.002076	 -0.116320	 -0.008361	 -0.072837	 -0.209523
 -0.010353	  0.056078	 -0.036159	 -0.083314	 -0.003483	 -0.091336	 -0.220957
 -0.011588	  0.048539	 -0.028747	 -0.071499	 -0.035887	 -0.089942	 -0.212532
  0.004978	  0.027570	 -0.059029	 -0.069218	 -0.037470	 -0.105241	 -0.238126
 -0.015643	  0.056490	 -0.052979	 -0.025697	 -0.039529	 -0.086268	 -0.210029
 -0.025842	  0.063300	 -0.010058	 -0.011823	 -0.064394	 -0.091431	 -0.182630
 -0.017860	  0.051517	 -0.020195	  0.011554	 -0.066960	 -0.124246	 -0.166793
  0.000543	  0.060734	 -0.020796	  0.037844	 -0.094137	 -0.121902	 -0.185196
  0.024648	  0.035172	 -0.035684	  0.029102	 -0.104590	 -0.136441	 -0.168535
  0.036843	  0.030643	 -0.034195	  0.044528	 -0.096481	 -0.129219	 -0.149245
  0.053916	  0.019620	 -0.018136	  0.063628	 -0.111432	 -0.117785	 -0.139552
  0.084166	 -0.011549	 -0.052060	  0.056596	 -0.088151	 -0.132482	 -0.135497
  0.071148	 -0.033753	 -0.043191	  0.046396	 -0.028316	 -0.115726	 -0.166793
  0.089899	 -0.023807	 -0.008791	  0.033695	  0.004088	 -0.080630	 -0.166159
  0.102316	  0.006791	  0.038246	 -0.014103	  0.031804	 -0.046040	 -0.132045
  0.133358	  0.023642	  0.069193	 -0.008560	  0.043302	 -0.034035	 -0.157195
  0.114511	  0.002927	  0.060514	 -0.014832	  0.015427	 -0.044045	 -0.166381
  0.095569	 -0.010630	  0.061591	 -0.018475	 -0.007791	 -0.070462	 -0.196758
  0.083152	 -0.029509	  0.050125	 -0.011063	  0.007255	 -0.071982	 -0.234293
  0.055373	 -0.038821	  0.059754	  0.012631	  0.020305	 -0.112241	 -0.265746
  0.045997	 -0.036794	  0.013635	  0.033821	  0.015713	 -0.127351	 -0.313449
  0.023128	 -0.018897	  0.004354	  0.025649	 -0.027714	 -0.120382	 -0.312784
  0.056102	  0.040874	  0.011861	  0.044401	 -0.050140	 -0.120129	 -0.327893
  0.033612	  0.014140	 -0.006986	  0.051179	 -0.023818	 -0.138754	 -0.344333
  0.043970	 -0.007399	 -0.004547	  0.026979	 -0.002311	 -0.149713	 -0.339550
 -0.005412	 -0.002173	  0.010594	  0.010097	 -0.023850	 -0.169479	 -0.346233
 -0.077758	 -0.044966	  0.037328	  0.003920	 -0.038484	 -0.149460	 -0.360804
 -0.085043	 -0.033056	  0.016295	 -0.004696	 -0.045389	 -0.154180	 -0.380633
 -0.095085	 -0.008223	  0.025101	 -0.016416	 -0.041271	 -0.167325	 -0.378035
 -0.066418	  0.009515	  0.034794	 -0.013882	 -0.025655	 -0.162225	 -0.314273
 -0.065215	  0.016516	 -0.000999	 -0.006406	 -0.040068	 -0.164062	 -0.260932
 -0.101230	  0.020285	 -0.005212	  0.034930	 -0.002342	 -0.146324	 -0.253615
 -0.104904	 -0.000716	  0.016644	  0.029513	  0.032944	 -0.139482	 -0.225455
 -0.099044	 -0.015603	  0.038436	  0.026663	  0.022491	 -0.153863	 -0.241736
 -0.105949	 -0.048261	  0.043663	  0.021151	  0.007192	 -0.174578	 -0.186368
 -0.116022	 -0.051523	  0.002200	  0.007562	  0.011595	 -0.178411	 -0.145222
 -0.109814	 -0.007843	  0.002643	  0.001354	  0.030853	 -0.167388	 -0.112121
 -0.079627	  0.025955	 -0.034607	 -0.030765	  0.034274	 -0.157315	 -0.082853
 -0.066292	  0.050630	 -0.049906	 -0.033964	  0.015618	 -0.193109	 -0.055707
 -0.088813	  0.018226	 -0.024788	 -0.058987	  0.007730	 -0.165931	 -0.042879
 -0.118683	  0.022977	 -0.029190	 -0.087654	  0.028826	 -0.150410	 -0.060807
 -0.098981	  0.012366	 -0.014778	 -0.120818	  0.016314	 -0.126210	 -0.048454
 -0.049250	  0.001153	 -0.027828	 -0.129782	  0.028573	 -0.137455	 -0.068758
 -0.059735	  0.032195	 -0.028494	 -0.101274	  0.045677	 -0.107807	 -0.045951
 -0.102338	  0.011733	 -0.028113	 -0.050593	  0.070352	 -0.073408	 -0.049531
 -0.066672	  0.042996	 -0.031249	 -0.036149	  0.070384	 -0.041035	 -0.067142
 -0.039304	  0.028964	 -0.013986	 -0.039317	  0.082104	 -0.070810	 -0.011964
 -0.025747	  0.037675	 -0.057857	 -0.024113	  0.066836	 -0.089182	 -0.021403
 -0.022231	  0.045688	 -0.073884	 -0.026330	  0.021161	 -0.096087	 -0.031349
 -0.007914	  0.049775	 -0.060422	 -0.023764	  0.003327	 -0.088042	 -0.041073
  0.042893	  0.022502	 -0.065807	 -0.062915	  0.012545	 -0.061561	 -0.063785
  0.044477	  0.039227	 -0.060707	 -0.099310	  0.017328	 -0.075625	 -0.069233
  0.064021	  0.033589	 -0.058807	 -0.115845	 -0.015551	 -0.043094	 -0.075441
  0.038395	  0.065169	 -0.083038	 -0.080146	  0.025500	 -0.048542	 -0.042340
  0.040866	  0.043598	 -0.056938	 -0.076409	  0.056162	 -0.065552	 -0.009145
  0.027055	  0.023611	 -0.052757	 -0.067761	  0.029143	 -0.094313	 -0.024032
  0.031205	  0.022344	 -0.061024	 -0.108781	 -0.000315	 -0.081105	 -0.020833
  0.038427	  0.029312	 -0.051965	 -0.127406	 -0.008551	 -0.077810	  0.017748
  0.049482	  0.043661	 -0.026181	 -0.102478	 -0.020397	 -0.088770	 -0.011330
  0.060631	  0.033335	 -0.018389	 -0.099595	 -0.025529	 -0.069416	 -0.007466
  0.046916	  0.024941	 -0.015760	 -0.110713	 -0.015583	 -0.070367	 -0.007751
  0.040011	  0.060037	  0.001598	 -0.113311	 -0.019384	 -0.053167	 -0.014561
  0.042038	  0.056680	  0.004480	 -0.117365	 -0.042095	 -0.107395	 -0.032141
  0.041880	  0.033113	  0.027508	 -0.113564	 -0.056919	 -0.157537	 -0.007941
  0.045966	 -0.011169	  0.062130	 -0.093418	 -0.058503	 -0.152152	  0.021644
  0.012358	 -0.035020	  0.041699	 -0.067983	 -0.058439	 -0.113002	  0.028232
 -0.006299	 -0.013861	  0.027350	 -0.026172	 -0.046466	 -0.096721	  0.066338
 -0.009054	 -0.018581	  0.007490	  0.003445	 -0.039434	 -0.117626	  0.073655
 -0.004873	 -0.045790	  0.006603	  0.019441	 -0.049285	 -0.106065	  0.056835
 -0.022580	 -0.080474	  0.040559	  0.020486	 -0.025339	 -0.086711	  0.036056
 -0.015611	 -0.105783	  0.010055	  0.016368	 -0.010831	 -0.081263	  0.014960
 -0.020964	 -0.115412	  0.043916	  0.047315	 -0.003673	 -0.090797	  0.003620
  0.017268	 -0.073791	  0.067989	  0.069583	 -0.007220	 -0.070969	  0.029816
  0.009096	 -0.058428	  0.044455	  0.052130	 -0.015171	 -0.099983	  0.074890
  0.014955	 -0.011771	  0.017657	  0.036925	 -0.057489	 -0.106445	  0.133774
  0.006467	  0.000963	 -0.029729	  0.032586	 -0.040638	 -0.065394	  0.133774
 -0.026349	  0.005651	 -0.057286	  0.028278	 -0.003768	 -0.045565	  0.110430
 -0.014629	  0.019240	 -0.035684	  0.002748	  0.032120	 -0.018324	  0.059274
  0.009951	  0.025606	 -0.019814	  0.020803	  0.032184	 -0.026623	  0.053794
  0.021101	 -0.012372	 -0.005276	  0.048360	 -0.001741	  0.014333	  0.050437
 -0.001389	 -0.010155	  0.004797	  0.035152	 -0.022868	  0.038090	  0.089144
 -0.043390	 -0.029445	  0.056966	  0.010698	 -0.029647	  0.078127	  0.132096
 -0.031829	 -0.040500	  0.039672	 -0.003682	 -0.024737	  0.130740	  0.099343
 -0.028630	 -0.045315	  0.010752	 -0.033077	 -0.014632	  0.185000	  0.076315
 -0.054984	 -0.037681	  0.029251	  0.001988	 -0.004338	  0.185633	  0.048504
 -0.066197	 -0.015572	  0.038373	 -0.003967	 -0.004211	  0.195706	  0.037703
 -0.045481	 -0.053043	  0.019336	 -0.028484	  0.018215	  0.213159	  0.053826
 -0.007737	  0.017808	  0.096488	  0.069510	  0.012745	  0.010006	 -0.059372
  0.017667	 -0.023433	  0.087587	  0.044296	 -0.013102	 -0.012737	 -0.054938
 -0.020787	 -0.039588	  0.043210	  0.004037	 -0.017980	 -0.034878	 -0.043883
 -0.007895	 -0.011270	  0.012865	 -0.039675	 -0.047629	 -0.043367	 -0.035014
 -0.030860	 -0.005062	  0.001810	 -0.023172	 -0.065145	 -0.044792	 -0.009199
 -0.018601	 -0.000405	  0.004851	  0.010689	 -0.095363	 -0.075802	 -0.016706
  0.011268	  0.013848	 -0.007851	 -0.024883	 -0.102047	 -0.087142	  0.002173
  0.009875	  0.052682	 -0.032462	 -0.054847	 -0.060172	 -0.054041	 -0.035996
  0.013517	  0.029844	 -0.006837	 -0.047277	 -0.013831	 -0.039376	 -0.035331
  0.033410	  0.011726	 -0.018462	 -0.044490	 -0.043733	 -0.028986	 -0.035267
  0.050863	  0.020057	 -0.032241	 -0.083862	 -0.053045	 -0.041910	 -0.031530
  0.010667	  0.006595	 -0.025747	 -0.074676	 -0.036447	  0.005952	  0.035590
 -0.007547	  0.027627	 -0.022516	 -0.034385	  0.006758	  0.050931	  0.133657
 -0.030385	 -0.000405	 -0.012824	 -0.018928	  0.037546	  0.054542	  0.115064
 -0.023226	  0.024333	  0.008019	 -0.016584	  0.033619	  0.016721	  0.018802
  0.005757	  0.009541	  0.001177	  0.008123	  0.072611	  0.006490	 -0.039417
  0.003825	 -0.012632	 -0.043200	  0.034762	  0.091141	  0.052990	 -0.010054
 -0.006723	 -0.014533	 -0.043327	  0.075908	  0.095829	  0.076619	  0.073759
 -0.004316	 -0.052005	 -0.018050	  0.100520	  0.082082	  0.098000	  0.068849
  0.001227	 -0.054729	  0.007512	  0.114932	  0.116164	  0.090778	 -0.041191
  0.028532	 -0.083933	  0.020214	  0.112493	  0.124717	  0.109435	 -0.091269
  0.048234	 -0.098187	 -0.013584	  0.142521	  0.124147	  0.132146	 -0.080278
  0.033916	 -0.096002	 -0.068414	  0.132734	  0.139129	  0.133192	 -0.020602
  0.040346	 -0.124446	 -0.075192	  0.106602	  0.159053	  0.131101	  0.019784
  0.071452	 -0.125903	 -0.056472	  0.076605	  0.172737	  0.098285	 -0.033240
  0.045573	 -0.106391	 -0.026127	  0.094502	  0.163076	  0.084158	 -0.130705
  0.048867	 -0.100689	  0.001018	  0.074134	  0.126554	  0.066262	 -0.091618
  0.036324	 -0.106233	 -0.018430	  0.048161	  0.095956	  0.094959	 -0.026683
  0.008766	 -0.071992	 -0.010068	  0.075370	  0.073086	  0.134585	  0.041545
  0.000689	 -0.055806	  0.005358	  0.089022	  0.053447	  0.070158	  0.038124
 -0.001877	 -0.061634	 -0.007851	  0.092443	  0.034030	 -0.004279	 -0.034444
  0.015735	 -0.082698	 -0.001294	  0.113634	  0.016451	 -0.013592	 -0.067925
  0.001608	 -0.079055	 -0.018367	  0.087501	  0.042139	  0.031767	 -0.013190
 -0.012266	 -0.079024	 -0.012475	  0.060007	  0.028741	  0.072502	  0.035970
 -0.010049	 -0.054127	  0.007765	  0.017087	  0.055918	  0.069651	 -0.035711
 -0.015909	 -0.033379	  0.018693	  0.006318	  0.044800	  0.034491	 -0.111858
 -0.033140	 -0.051466	  0.051636	 -0.022349	  0.035963	  0.020206	 -0.100423
 -0.019140	 -0.034361	  0.048120	 -0.009900	  0.038212	  0.041080	 -0.041412
  0.010635	  0.003396	  0.081569	 -0.017375	  0.003590	  0.025590	  0.050034
  0.006264	 -0.021470	  0.081727	 -0.047499	 -0.060901	  0.032242	  0.030364
 -0.005203	 -0.052353	  0.121290	 -0.096184	 -0.065557	  0.041238	 -0.059879
 -0.027344	 -0.054380	  0.141277	 -0.129443	 -0.064638	  0.032084	 -0.094183
  0.009621	 -0.007311	  0.146566	 -0.112053	 -0.026184	  0.060465	  0.004422
  0.015735	 -0.024732	  0.139693	 -0.077052	 -0.002301	  0.062017	  0.148228
  0.016337	 -0.043262	  0.125534	 -0.018072	  0.011256	  0.089226	  0.123616
 -0.011348	 -0.061697	  0.114289	 -0.031819	 -0.008256	  0.014979	 -0.003719
  0.004268	 -0.077852	  0.085718	 -0.053929	 -0.027515	 -0.006180	 -0.093518
  0.021563	 -0.099739	  0.081632	 -0.028399	 -0.017790	 -0.001999	 -0.074450
  0.014848	 -0.051973	  0.086668	 -0.039675	 -0.003030	  0.034555	 -0.030231
 -0.012393	 -0.016053	  0.100701	 -0.045630	 -0.000812	  0.017608	 -0.015692
 -0.018158	  0.009731	  0.132629	 -0.024217	  0.031085	 -0.025185	 -0.103338
 -0.036118	  0.013278	  0.149227	 -0.025231	  0.007930	 -0.085875	 -0.176824
 -0.056327	 -0.001134	  0.133706	 -0.059377	 -0.013039	 -0.081440	 -0.132606
 -0.078721	 -0.018682	  0.126358	 -0.027353	 -0.017537	 -0.016854	  0.005752
 -0.061331	 -0.001292	  0.150748	 -0.002076	 -0.025773	  0.040003	  0.107747
 -0.053539	 -0.009686	  0.112610	  0.010752	 -0.063561	  0.051564	  0.065682
 -0.047743	 -0.032683	  0.108049	  0.015979	 -0.050194	  0.027206	 -0.033177
 -0.025570	 -0.064168	  0.099085	  0.014838	 -0.036099	  0.025464	 -0.014488
  0.006486	 -0.035945	  0.092307	  0.009042	 -0.022858	  0.092077	  0.044745
 -0.002922	 -0.045828	  0.066808	  0.003594	 -0.004138	  0.107661	  0.103439
  0.044021	 -0.043262	  0.070799	  0.005684	  0.000676	  0.093566	  0.070877
  0.018776	 -0.019221	  0.066396	 -0.003692	 -0.017125	  0.092996	 -0.017307
  0.001354	  0.011631	  0.036400	 -0.030869	 -0.030366	  0.076651	 -0.044707
  0.018047	 -0.004365	  0.051129	 -0.025358	  0.014107	  0.042125	  0.039708
  0.026948	  0.000070	  0.051667	 -0.040087	  0.023926	  0.044152	  0.102235
  0.052383	 -0.049914	  0.012516	 -0.074486	  0.019396	 -0.007003	  0.078447
  0.052035	 -0.065562	 -0.013172	 -0.099225	  0.026080	 -0.066965	  0.025359
  0.073447	 -0.023972	 -0.022516	 -0.097292	  0.036659	 -0.086889	 -0.021235
  0.065307	 -0.038796	 -0.014503	 -0.078097	  0.039130	 -0.059996	  0.006988
  0.089823	 -0.069933	  0.002317	 -0.045155	  0.059751	 -0.021732	  0.107873
  0.092421	 -0.080734	  0.063767	 -0.020638	  0.100454	  0.007346	  0.107272
  0.087416	 -0.093436	  0.055183	 -0.002710	  0.064755	 -0.040389	  0.032771
  0.105629	 -0.099422	  0.082202	 -0.029951	  0.052085	 -0.043905	 -0.042743
  0.081334	 -0.095336	  0.095316	 -0.058047	  0.074290	 -0.010424	 -0.009990
  0.068221	 -0.053240	  0.065636	 -0.096279	  0.042678	  0.012794	  0.104611
  0.063153	 -0.023750	  0.057115	 -0.122379	  0.077014	  0.021758	  0.140721
  0.045731	 -0.013076	  0.066840	 -0.136348	  0.044990	  0.016151	  0.105593
  0.062551	 -0.022261	  0.093194	 -0.128176	  0.046384	  0.020934	  0.003187
  0.029989	 -0.027108	  0.130064	 -0.125895	  0.056773	  0.035030	  0.033215
  0.031889	 -0.037814	  0.147263	 -0.119845	  0.028139	  0.082891	  0.117376
  0.006961	  0.007228	  0.153218	 -0.114049	  0.029184	  0.147002	  0.155640
  0.002875	  0.031745	  0.166807	 -0.105560	  0.028202	  0.173261	  0.088330
  0.017002	  0.056008	  0.154739	 -0.111515	  0.027062	  0.158057	 -0.006538
  0.023812	  0.056990	  0.178020	 -0.117438	  0.015754	  0.143708	 -0.004289
  0.043007	  0.072384	  0.172825	 -0.102360	  0.019238	  0.185392	  0.111896
  0.044147	  0.056864	  0.162404	 -0.117026	  0.012301	  0.193755	  0.191971
  0.066257	  0.040836	  0.164558	 -0.083704	 -0.015288	  0.134870	  0.161563
  0.086782	  0.050687	  0.192369	 -0.075975	  0.000961	  0.071741	  0.067519
  0.088936	  0.042451	  0.184704	 -0.087125	 -0.000052	  0.051723	  0.006576
  0.062931	  0.036021	  0.186287	 -0.091622	  0.013663	  0.079058	  0.061786
  0.046238	  0.003934	  0.196328	 -0.121587	  0.001215	  0.084412	  0.144490
  0.060270	 -0.010763	  0.179604	 -0.114080	 -0.012532	  0.095054	  0.115982
  0.089316	 -0.037972	  0.188473	 -0.114555	 -0.034895	  0.030215	  0.013006
  0.069393	 -0.051846	  0.193826	 -0.102772	 -0.072272	  0.018432	 -0.074608
  0.054062	 -0.046145	  0.217297	 -0.088867	 -0.065272	  0.024292	 -0.038625
  0.023273	 -0.036104	  0.214225	 -0.106795	 -0.054027	  0.061352	  0.014305
  0.046555	 -0.055552	  0.226293	 -0.131438	 -0.081775	  0.082986	  0.028368
  0.017604	 -0.050357	  0.202093	 -0.129823	 -0.069453	  0.062461	 -0.024339
  0.018047	 -0.004302	  0.186446	 -0.128207	 -0.052570	  0.016056	 -0.070775
  0.025237	 -0.017257	  0.171400	 -0.148131	 -0.063118	  0.041301	 -0.023484
  0.052700	 -0.051023	  0.158350	 -0.124248	 -0.043574	  0.078362	  0.064637
  0.053017	 -0.029832	  0.152711	 -0.114745	  0.005016	  0.085900	  0.097326
  0.026789	 -0.017954	  0.111787	 -0.099795	  0.037863	  0.060497	  0.009902
  0.044559	  0.002572	  0.111787	 -0.087220	  0.038275	  0.018400	 -0.053544
  0.049120	  0.015527	  0.126548	 -0.055734	  0.028709	  0.005952	 -0.070744
  0.037021	  0.043623	  0.122018	 -0.053612	  0.084362	  0.031926	  0.010377
  0.004142	  0.067348	  0.142100	 -0.078857	  0.116925	  0.072470	  0.075723
 -0.023289	  0.076977	  0.092750	 -0.050571	  0.152528	  0.086819	  0.018327
 -0.011664	  0.077864	  0.132914	 -0.047467	  0.123323	  0.034808	 -0.090319
  0.019821	  0.067031	  0.134435	 -0.066662	  0.123925	  0.032527	 -0.138022
  0.068823	  0.071466	  0.144824	 -0.082152	  0.118445	  0.093629	 -0.044802
  0.057831	  0.069439	  0.133231	 -0.076165	  0.132731	  0.124671	  0.084687
  0.033853	  0.058004	  0.129145	 -0.085762	  0.124939	  0.113458	  0.086334
  0.040315	  0.018283	  0.113782	 -0.049494	  0.107580	  0.095371	 -0.003054
  0.058781	  0.024871	  0.105389	 -0.049082	  0.069887	  0.087579	 -0.039797
  0.071990	  0.003237	  0.119421	 -0.017977	  0.068335	  0.114852	  0.070877
  0.088936	 -0.008704	  0.124267	 -0.042842	  0.038908	  0.133160	  0.151807
  0.084565	 -0.022515	  0.133611	 -0.054309	  0.021709	  0.145323	  0.111263
  0.076171	 -0.043769	  0.130032	 -0.010787	  0.053447	  0.154224	  0.046043
  0.095271	 -0.091282	  0.115335	 -0.000746	  0.048284	  0.121693	  0.025866
  0.100498	 -0.086847	  0.134973	  0.000458	  0.001785	  0.143644	  0.049559
  0.082760	 -0.079815	  0.166395	  0.016485	 -0.014496	  0.109847	  0.098846
  0.084977	 -0.016465	  0.184070	 -0.012561	  0.005966	  0.140857	  0.082502
  0.096222	 -0.021470	  0.154549	  0.015282	  0.032858	  0.147509	  0.089027
  0.065053	 -0.049977	  0.154485	  0.006919	  0.028962	  0.129486	  0.092226
  0.052415	 -0.100594	  0.140485	 -0.035874	  0.022596	  0.168193	  0.090864
  0.080859	 -0.106106	  0.143811	 -0.047277	  0.042868	  0.161478	  0.082692
  0.074081	 -0.073385	  0.151793	 -0.058807	  0.126301	  0.161794	  0.036224
  0.052827	 -0.063693	  0.146471	 -0.044901	  0.150849	  0.153432	  0.038314
  0.006232	 -0.085929	  0.113782	 -0.065617	  0.137229	  0.149093	  0.004675
  0.000436	 -0.059227	  0.099560	 -0.039010	  0.141885	  0.121187	  0.027957
  0.007024	 -0.043737	  0.090913	 -0.080378	  0.154270	  0.093724	  0.045220
  0.053777	 -0.044497	  0.067790	 -0.118832	  0.179515	  0.050646	  0.016712
  0.037021	 -0.043199	  0.041088	 -0.125230	  0.170709	  0.026319	 -0.006253
  0.045098	 -0.068127	  0.072383	 -0.105338	  0.129595	  0.018242	 -0.014425
  0.055899	 -0.079752	  0.090279	 -0.082563	  0.122880	  0.025464	 -0.011416
  0.040536	 -0.051308	  0.028671	 -0.098939	  0.091141	  0.057171	  0.001761
 -0.012456	 -0.012790	  0.007924	 -0.149050	  0.047777	  0.095941	  0.036921
  0.034772	  0.028672	  0.017109	 -0.170209	  0.048823	  0.121630	  0.044459
  0.042880	  0.037225	  0.001018	 -0.135905	  0.050248	  0.126888	  0.036414
  0.053840	  0.038555	  0.028164	 -0.114524	  0.063393	  0.095340	  0.043161
  0.071578	 -0.007184	  0.016983	 -0.122918	  0.071471	  0.078267	  0.065460
  0.096760	 -0.014596	 -0.007217	 -0.100682	  0.056456	  0.072312	  0.101190
  0.108543	 -0.006170	 -0.003353	 -0.064920	  0.083919	  0.066040	  0.107683
  0.130399	  0.018853	  0.017046	 -0.032991	  0.088765	  0.035822	  0.075343
  0.118838	  0.036908	  0.016159	 -0.041607	  0.082874	  0.024704	  0.070687
  0.131698	  0.025758	  0.013182	 -0.074454	  0.078217	  0.061225	  0.060994
  0.112503	  0.020279	  0.015494	 -0.126022	  0.057787	  0.090430	  0.080221
  0.115132	  0.023161	  0.047898	 -0.134067	  0.066466	  0.080737	  0.052505
  0.102398	  0.027912	  0.077261	 -0.136411	  0.087277	  0.063949	  0.091244
  0.119408	  0.040836	  0.104850	 -0.129443	  0.090222	  0.076683	  0.111738
  0.091185	  0.023003	  0.120054	 -0.131628	  0.104920	  0.044627	  0.058175
  0.086877	 -0.013012	  0.131141	 -0.087885	  0.066149	  0.035948	  0.047152
  0.074841	  0.022021	  0.086478	 -0.055893	  0.107961	  0.031229	  0.024916
  0.075949	  0.065162	  0.059554	 -0.066599	  0.120821	  0.006174	  0.027323
  0.092389	  0.047488	  0.078369	 -0.053295	  0.109386	  0.007536	  0.048831
  0.081619	  0.075457	  0.092813	 -0.060137	  0.116893	 -0.025407	  0.048070
  0.033188	  0.075742	  0.096773	 -0.056621	  0.099186	  0.016531	  0.075786
 -0.020027	  0.063610	  0.091451	 -0.044109	  0.128835	  0.039591	  0.082913
 -0.032285	  0.040297	  0.079478	 -0.039675	  0.148853	  0.051057	  0.033120
 -0.007388	 -0.031701	  0.090659	 -0.045123	  0.153383	  0.042062	  0.040595
  0.022513	 -0.081273	  0.094682	 -0.035589	  0.133523	  0.035061	  0.046455
 -0.011633	 -0.098852	  0.111470	 -0.039263	  0.105648	  0.026066	  0.032993
 -0.024525	 -0.086151	  0.106212	 -0.049082	  0.069032	  0.025559	  0.002015
 -0.035072	 -0.072752	  0.114289	 -0.025168	  0.053162	  0.058755	 -0.010180
 -0.047204	 -0.085074	  0.096013	  0.005241	  0.043185	  0.044437	 -0.027634
 -0.004474	 -0.078232	  0.077356	  0.013064	  0.028487	  0.039369	 -0.065200
  0.010223	 -0.073259	  0.094556	  0.025893	  0.043280	  0.100059	 -0.083382
  0.008513	 -0.046525	  0.089614	  0.037074	  0.055475	  0.087357	 -0.101785
  0.035849	 -0.052670	  0.077863	  0.010530	  0.087277	  0.081719	 -0.111288
  0.043229	 -0.026506	  0.080587	  0.029029	  0.076285	  0.086217	 -0.111763
  0.036514	 -0.017478	  0.083849	  0.008440	  0.097603	  0.103132	 -0.114614
  0.026694	 -0.001102	  0.053916	  0.047654	  0.076317	  0.096860	 -0.119239
  0.009716	 -0.000247	  0.031712	  0.063682	  0.088544	  0.094263	 -0.101120
  0.033568	  0.002192	  0.015811	  0.075718	  0.104318	  0.111050	 -0.077300
  0.035215	 -0.005822	  0.000195	  0.062383	  0.110495	  0.130246	 -0.049331
  0.034201	  0.019170	  0.010458	  0.037106	  0.118192	  0.146083	 -0.036249
  0.068031	  0.017206	 -0.006932	  0.006223	  0.099852	  0.154002	 -0.028394
  0.052922	  0.030066	  0.016698	 -0.012719	  0.074258	  0.167908	  0.034323
  0.051116	  0.024016	  0.009697	  0.014680	  0.009894	  0.140984	  0.011295
  0.066130	  0.030193	  0.019390	  0.016644	 -0.020641	  0.128662	  0.028147
  0.095588	  0.043402	  0.009887	  0.011227	 -0.027135	  0.149631	  0.051713
  0.114688	  0.071466	 -0.003131	 -0.017629	 -0.029605	  0.127743	  0.037047
  0.133440	  0.071973	 -0.014851	  0.028554	 -0.035370	  0.105571	  0.003662
  0.142088	  0.070927	 -0.002181	  0.045057	 -0.022193	  0.083588	  0.011010
  0.128150	  0.065226	  0.024616	  0.056301	 -0.042972	  0.093439	 -0.015217
  0.119693	  0.050877	  0.019897	  0.033400	  0.009482	  0.059800	  0.024029
  0.074334	  0.057845	  0.036178	  0.006983	  0.049836	  0.058564	  0.032550
  0.028595	  0.075900	  0.035766	 -0.020701	  0.074701	  0.022961	  0.022255
  0.026916	  0.054488	  0.050749	 -0.034512	  0.093010	 -0.008175	  0.041007
  0.023654	  0.006278	  0.026517	 -0.042241	  0.104856	 -0.017678	  0.050953
  0.020898	 -0.004016	  0.031933	 -0.073694	  0.113092	 -0.004184	  0.031694
  0.038161	  0.036401	  0.042038	 -0.070907	  0.116450	 -0.005071	  0.021653
  0.010952	  0.021672	  0.052016	 -0.042114	  0.103779	  0.011653	 -0.006316
  0.022735	 -0.028090	  0.045364	 -0.058870	  0.119395	 -0.002632	 -0.006538
  0.049374	 -0.077598	  0.026105	 -0.065870	  0.130925	  0.005255	 -0.001850
  0.038224	 -0.051276	  0.011756	 -0.078731	  0.114327	  0.017228	 -0.028077
  0.000689	 -0.035692	  0.028259	 -0.061531	  0.125477	 -0.000542	 -0.024846
 -0.012140	 -0.056281	  0.061392	 -0.025199	  0.119395	 -0.015429	  0.018201
  0.006169	 -0.066765	  0.036590	 -0.003122	  0.104476	 -0.011881	 -0.003687
  0.032047	 -0.084788	  0.000163	  0.015567	  0.098838	 -0.003963	  0.001539
  0.013106	 -0.044814	 -0.056599	  0.035871	  0.079389	 -0.028543	 -0.004352
  0.009875	 -0.031447	 -0.061730	  0.040812	  0.084141	 -0.064716	 -0.036059
  0.015260	 -0.071960	 -0.060717	  0.051138	  0.111540	 -0.049702	 -0.065359
  0.028246	 -0.039176	 -0.037309	  0.070460	  0.126301	 -0.052679	 -0.088070
  0.001639	 -0.019569	 -0.047793	  0.087248	  0.112712	 -0.074757	 -0.120886
 -0.022814	 -0.019252	 -0.088338	  0.079298	  0.106915	 -0.032059	 -0.109483
 -0.009764	  0.008084	 -0.116307	  0.078284	  0.117368	 -0.024963	 -0.107075
 -0.005044	  0.018568	 -0.128597	  0.092538	  0.119490	 -0.034498	 -0.102134
 -0.040869	  0.029274	 -0.134394	  0.078601	  0.094562	 -0.022619	 -0.124085
 -0.032380	 -0.030117	 -0.111144	  0.064378	  0.110368	 -0.007732	 -0.169697
 -0.040679	 -0.066987	 -0.120013	  0.093646	  0.073688	 -0.010266	 -0.141981
 -0.025031	 -0.034646	 -0.108705	  0.120507	  0.064755	  0.003893	 -0.103749
