:RUN-1	LEVEL SWEEP	TEMP:NaN	8/27/2019	11:19 AM	HR:636.18:SW EAR: R	SW FREQ: 5.66	# AVERAGES: 512	REP RATE (/sec): 80	DRIVER: 	SAMPLE (µsec): 40	MASKER dB: 0:NOTES-:CHAMBER-SEWELL-PXI1:CFTS Version: V2.7.2 (R850):LEVELS:20;30;40;50;60;70;80;:DATA  0.045609	  0.013080	  0.035118	 -0.038840	 -0.090463	  0.043813	 -0.091182
  0.001137	 -0.013242	  0.018616	 -0.027184	 -0.034746	  0.029718	 -0.082788
 -0.012040	 -0.028098	 -0.056487	 -0.022908	  0.016885	  0.007545	 -0.056086
  0.011748	 -0.049573	 -0.087623	 -0.018885	  0.010074	  0.001907	 -0.037683
 -0.008492	 -0.020527	 -0.080528	  0.018555	 -0.003166	 -0.017162	 -0.025583
 -0.025438	 -0.005988	 -0.061428	  0.047728	  0.031994	 -0.031035	 -0.012469
 -0.009601	 -0.014984	  0.009208	  0.056154	  0.049003	 -0.049059	 -0.029447
  0.004495	 -0.032722	  0.009968	  0.042154	  0.066393	 -0.066987	 -0.015890
 -0.017868	 -0.021129	  0.001226	  0.046113	  0.041084	 -0.082793	 -0.018139
 -0.028764	 -0.006812	  0.017475	  0.030212	  0.035225	 -0.051561	 -0.024791
 -0.022778	 -0.033641	  0.037589	 -0.001083	  0.028731	 -0.032081	  0.002925
 -0.030538	  0.001519	  0.066889	  0.017764	  0.037505	 -0.001451	  0.013251
 -0.048086	 -0.003137	  0.099198	  0.031796	  0.021699	 -0.016085	  0.049108
 -0.019959	  0.033226	  0.073414	  0.020456	 -0.013619	  0.009034	  0.050058
 -0.028733	  0.047796	  0.047725	  0.007247	 -0.049444	  0.034216	  0.053891
 -0.012388	  0.056507	 -0.018476	 -0.012550	 -0.021949	  0.044605	  0.043850
  0.031387	  0.046403	 -0.025191	 -0.030921	 -0.037059	  0.050560	  0.065199
  0.012604	  0.033036	 -0.041789	 -0.067126	 -0.032877	  0.076946	  0.048918
  0.052483	  0.010293	 -0.016766	 -0.057845	 -0.015583	  0.049261	  0.021994
  0.105222	 -0.012007	 -0.028137	 -0.040836	 -0.039688	  0.000608	  0.044863
  0.074751	 -0.024075	 -0.032255	 -0.047773	 -0.044692	  0.007102	  0.048094
  0.081181	 -0.002156	  0.007307	 -0.081665	 -0.062621	  0.013247	  0.038528
  0.057139	  0.006714	  0.005280	 -0.068298	 -0.053625	 -0.000659	  0.019016
  0.054858	  0.046213	 -0.012616	 -0.069470	 -0.079757	 -0.014501	  0.036026
  0.053370	  0.038104	 -0.004983	 -0.087652	 -0.067974	  0.027215	  0.074195
  0.057646	  0.054258	  0.008163	 -0.069280	 -0.100694	  0.030763	  0.079263
  0.072660	  0.068132	  0.020389	 -0.080462	 -0.104369	 -0.012030	  0.114327
  0.087009	  0.066136	 -0.016481	 -0.102983	 -0.147542	 -0.004935	  0.136690
  0.110702	  0.054765	 -0.022657	 -0.106594	 -0.137501	 -0.005125	  0.120821
  0.086439	  0.059453	 -0.014802	 -0.090534	 -0.141872	  0.007260	  0.098521
  0.073579	  0.075544	 -0.033680	 -0.099689	 -0.130627	 -0.004206	  0.121201
  0.087864	  0.057077	 -0.088067	 -0.083091	 -0.130691	 -0.005759	  0.092598
  0.065058	  0.055177	 -0.037545	 -0.110807	 -0.141365	 -0.008483	  0.072389
  0.055049	  0.031547	 -0.049170	 -0.129938	 -0.121695	  0.023858	  0.044705
  0.057107	  0.036267	 -0.029151	 -0.118092	 -0.086092	  0.035198	  0.051135
  0.019509	  0.030914	 -0.020725	 -0.104472	 -0.095468	  0.050719	  0.047461
  0.035600	 -0.005006	  0.008004	 -0.100670	 -0.110197	  0.058574	  0.067099
  0.049569	 -0.007414	 -0.042866	 -0.077928	 -0.077540	  0.071719	  0.140649
  0.038324	  0.030818	 -0.043120	 -0.088285	 -0.045104	  0.109666	  0.188416
  0.036582	  0.049602	 -0.052876	 -0.121449	  0.008396	  0.159333	  0.222879
  0.061669	  0.043520	 -0.067541	 -0.132631	  0.020242	  0.165542	  0.197792
  0.023627	  0.047828	 -0.046857	 -0.091706	  0.051411	  0.170166	  0.187497
 -0.003424	  0.038706	 -0.032952	 -0.129970	  0.041306	  0.165193	  0.109671
 -0.031995	  0.044977	 -0.041377	 -0.110236	  0.034781	  0.130699	  0.062792
 -0.041466	  0.078426	 -0.018635	 -0.070357	  0.081122	  0.085846	 -0.001604
 -0.059141	  0.089006	 -0.026585	 -0.056768	  0.050935	  0.054456	 -0.026755
 -0.040516	  0.108296	 -0.029214	 -0.028958	  0.053945	  0.029496	 -0.063340
 -0.038932	  0.104495	 -0.026965	 -0.026138	  0.035795	  0.032220	 -0.087413
 -0.019579	  0.088816	 -0.047237	 -0.061678	  0.017391	  0.015527	 -0.109300
 -0.035670	  0.079915	 -0.058799	 -0.023224	 -0.041810	 -0.017954	 -0.096187
 -0.082771	  0.101169	 -0.020979	  0.024479	 -0.110640	 -0.060398	 -0.140976
 -0.137632	  0.087612	 -0.034441	  0.024130	 -0.171108	 -0.082286	 -0.136763
 -0.160724	  0.054132	 -0.054111	 -0.009541	 -0.181815	 -0.094735	 -0.143636
 -0.132533	  0.094074	 -0.069537	  0.002496	 -0.211621	 -0.107341	 -0.082376
 -0.127591	  0.087866	 -0.088542	  0.009940	 -0.221599	 -0.102020	 -0.039678
 -0.096518	  0.077286	 -0.090411	 -0.014672	 -0.234206	 -0.047475	  0.038782
 -0.083721	  0.102500	 -0.086135	 -0.061045	 -0.213237	  0.000830	  0.116259
 -0.075897	  0.097052	 -0.099027	 -0.060981	 -0.208834	  0.034026	  0.146478
 -0.063227	  0.074277	 -0.088985	 -0.089267	 -0.182765	  0.084231	  0.199851
 -0.037919	  0.059928	 -0.092501	 -0.061266	 -0.199458	  0.093163	  0.207009
 -0.024013	  0.051502	 -0.092660	 -0.068615	 -0.161733	  0.102096	  0.214453
 -0.002125	  0.021063	 -0.110905	 -0.058352	 -0.104590	  0.104852	  0.226490
  0.023500	  0.058123	 -0.088320	 -0.025917	 -0.089576	  0.132377	  0.257151
  0.033699	  0.047385	 -0.068270	  0.005980	 -0.060657	  0.159808	  0.269315
  0.006237	  0.037407	 -0.054206	  0.068159	 -0.013334	  0.174379	  0.259242
  0.026382	  0.039054	 -0.043341	  0.091947	  0.036903	  0.183470	  0.243974
  0.028853	  0.023375	 -0.028802	  0.103952	  0.020527	  0.171370	  0.229309
  0.026889	  0.031737	 -0.027345	  0.118206	  0.065284	  0.187714	  0.197918
 -0.007098	  0.057331	 -0.025128	  0.128659	  0.082896	  0.212769	  0.167288
 -0.011280	  0.053878	 -0.067193	  0.136388	  0.061230	  0.215589	  0.133142
  0.009880	  0.075734	 -0.070075	  0.139745	  0.068515	  0.172447	  0.060004
  0.009753	  0.084572	 -0.046160	  0.150071	  0.026165	  0.109033	  0.016577
 -0.000573	  0.052168	  0.017539	  0.190362	 -0.006080	  0.054139	 -0.046678
 -0.003994	  0.027398	  0.042340	  0.185579	 -0.016755	  0.036116	 -0.079431
  0.047003	  0.005320	  0.024095	  0.152510	 -0.025909	  0.044764	 -0.104422
  0.044406	  0.013555	 -0.011539	  0.135596	 -0.061892	  0.053569	 -0.051081
  0.038767	  0.012257	  0.028657	  0.110857	 -0.084508	  0.066208	 -0.024822
  0.022423	 -0.026197	  0.017317	  0.094830	 -0.052548	  0.081254	  0.022849
  0.017862	 -0.010549	  0.043132	  0.085802	 -0.080105	  0.060696	  0.056932
  0.009975	  0.017483	  0.042625	  0.070756	 -0.099934	  0.025220	  0.057343
  0.011273	  0.015931	  0.022132	  0.036040	 -0.076083	  0.029369	  0.068620
 -0.040199	  0.002976	  0.030240	 -0.004631	 -0.073865	  0.033836	  0.012364
 -0.039787	  0.010926	  0.021625	 -0.022052	 -0.017610	 -0.027393	 -0.032963
 -0.046883	  0.000125	  0.027675	 -0.031935	 -0.005542	 -0.006170	 -0.048769
 -0.052489	  0.004655	  0.003158	 -0.051605	 -0.004623	 -0.031226	 -0.038253
 -0.029778	  0.018624	  0.003570	 -0.075235	 -0.042095	 -0.048869	 -0.074679
 -0.027814	 -0.034433	  0.019439	 -0.147455	 -0.094327	 -0.076553	 -0.094603
 -0.082454	 -0.036840	 -0.000453	 -0.125441	 -0.120808	 -0.100594	 -0.119215
 -0.110107	  0.001424	  0.030716	 -0.134531	 -0.129107	 -0.117097	 -0.134989
 -0.104405	  0.028633	  0.051178	 -0.159872	 -0.152008	 -0.136102	 -0.130016
 -0.068485	  0.007949	 -0.000073	 -0.176406	 -0.176462	 -0.138510	 -0.142655
 -0.046629	  0.019542	 -0.036119	 -0.155405	 -0.185806	 -0.127709	 -0.164954
 -0.053249	  0.037185	 -0.070265	 -0.080177	 -0.203924	 -0.127233	 -0.146297
 -0.072286	  0.065598	 -0.083221	 -0.053284	 -0.239590	 -0.169488	 -0.113513
 -0.104975	  0.099712	 -0.098456	 -0.022971	 -0.250835	 -0.141994	 -0.119183
 -0.061770	  0.101138	 -0.099692	 -0.013025	 -0.228504	 -0.071897	 -0.126152
 -0.037728	  0.085363	 -0.082809	  0.000944	 -0.254605	 -0.052321	 -0.133057
 -0.003456	  0.122424	 -0.065229	 -0.001495	 -0.197494	 -0.058688	 -0.097929
 -0.009442	  0.105319	 -0.016417	  0.007722	 -0.155999	 -0.040791	 -0.058430
  0.001834	  0.094613	 -0.023639	 -0.014545	 -0.125053	 -0.026506	 -0.096155
  0.010830	  0.085775	 -0.015879	 -0.004726	 -0.114980	 -0.025872	 -0.056656
  0.015138	  0.077730	 -0.007738	  0.014786	 -0.073200	  0.029876	 -0.034230
  0.056347	  0.067657	 -0.057944	 -0.000608	 -0.064331	  0.051320	  0.014994
  0.065818	  0.070096	 -0.064722	  0.019601	 -0.060182	  0.065701	  0.002672
  0.049474	  0.048113	 -0.085628	  0.038796	 -0.037185	  0.104978	 -0.018297
  0.021093	  0.040448	 -0.093103	  0.049344	 -0.024990	  0.092878	 -0.015383
  0.026953	  0.054480	 -0.082492	  0.045448	  0.003708	  0.091580	 -0.008066
  0.022835	  0.027112	 -0.127566	  0.061539	  0.035288	  0.116793	 -0.034357
  0.023943	  0.051439	 -0.167540	  0.037687	  0.034084	  0.160125	 -0.035212
  0.018685	  0.065155	 -0.145399	  0.040823	  0.032691	  0.158605	 -0.033185
  0.033731	  0.063951	 -0.172545	  0.040348	  0.021921	  0.162184	 -0.054027
  0.050931	  0.069462	 -0.150689	  0.068824	 -0.007537	  0.135038	 -0.065208
  0.073135	  0.078617	 -0.131367	  0.070028	  0.013083	  0.098802	 -0.067489
  0.086375	  0.080264	 -0.136562	 -0.008495	  0.002631	  0.052492	 -0.019279
  0.101453	  0.067340	 -0.115403	 -0.022274	  0.021953	  0.038555	 -0.039108
  0.096100	  0.071141	 -0.103588	 -0.001020	  0.003549	  0.006183	 -0.024157
  0.054922	  0.047638	 -0.124874	  0.026379	 -0.020651	 -0.033474	 -0.051588
  0.007757	  0.051407	 -0.119964	  0.032366	 -0.046086	 -0.078453	 -0.086336
 -0.000922	  0.037502	 -0.124525	 -0.016953	 -0.044090	 -0.106201	 -0.122889
  0.002056	  0.019352	 -0.113661	 -0.014355	 -0.005700	 -0.150768	 -0.119373
 -0.016696	  0.026701	 -0.096081	 -0.016319	  0.003391	 -0.149501	 -0.096060
 -0.031140	  0.039624	 -0.065324	 -0.028926	 -0.030438	 -0.130401	 -0.073412
  0.001486	  0.056285	 -0.073433	 -0.009984	 -0.048303	 -0.127645	 -0.082091
 -0.005958	  0.046656	 -0.082650	 -0.037510	 -0.087866	 -0.120423	 -0.058842
 -0.006813	  0.011180	 -0.038843	 -0.050592	 -0.105351	 -0.102875	 -0.078797
  0.004748	 -0.002821	 -0.007358	 -0.051764	 -0.150171	 -0.112758	 -0.090549
  0.006934	  0.002913	 -0.039033	 -0.062755	 -0.157678	 -0.083553	 -0.109807
  0.007916	 -0.022143	 -0.041187	 -0.097535	 -0.147447	 -0.082603	 -0.115414
  0.020079	 -0.004753	 -0.042803	 -0.114988	 -0.163665	 -0.033569	 -0.116142
  0.007726	 -0.024106	 -0.072134	 -0.090218	 -0.175258	 -0.019411	 -0.095142
 -0.015049	 -0.018658	 -0.064722	 -0.093385	 -0.193218	  0.016794	 -0.083675
 -0.025470	 -0.008776	 -0.065102	 -0.084801	 -0.184475	  0.024048	 -0.061534
 -0.039692	 -0.009789	 -0.080243	 -0.063769	 -0.196417	 -0.005569	 -0.086843
 -0.027022	  0.048873	 -0.076379	 -0.074728	 -0.164362	 -0.040918	 -0.088743
 -0.002315	  0.073010	 -0.073655	 -0.083724	 -0.144945	 -0.035122	 -0.043733
 -0.020149	  0.071109	 -0.079039	 -0.044795	 -0.151185	 -0.036864	 -0.000021
 -0.007605	  0.065440	 -0.060573	 -0.053221	 -0.164393	  0.000830	  0.035646
 -0.028163	  0.081024	 -0.046097	 -0.060475	 -0.152705	  0.018346	  0.082810
 -0.065856	  0.045959	 -0.021992	 -0.031713	 -0.160529	  0.005043	  0.113694
 -0.063037	  0.066643	 -0.004032	 -0.011599	 -0.194770	  0.050243	  0.122500
 -0.050779	  0.082513	 -0.014042	 -0.004283	 -0.206997	  0.050909	  0.171881
 -0.056417	  0.060847	 -0.021897	 -0.022559	 -0.165502	 -0.007152	  0.177551
  0.000789	  0.046244	 -0.026047	 -0.049958	 -0.167212	 -0.020044	  0.128264
  0.061732	  0.033954	 -0.035042	 -0.044383	 -0.163728	 -0.045068	  0.121739
  0.046053	  0.042602	 -0.033744	 -0.048850	 -0.101930	 -0.056344	  0.079960
  0.057994	  0.023248	 -0.060034	 -0.019012	 -0.074562	 -0.058751	  0.061841
  0.036613	 -0.025310	 -0.038748	 -0.002192	 -0.061353	 -0.090395	  0.035076
  0.066927	 -0.021002	 -0.055568	  0.006424	 -0.072883	 -0.111396	 -0.028782
  0.039274	 -0.041179	 -0.014168	 -0.020944	 -0.048778	 -0.094861	 -0.053425
 -0.018216	 -0.058981	  0.010158	 -0.061171	 -0.075702	 -0.112980	 -0.112278
 -0.011628	 -0.087679	  0.008638	 -0.065448	 -0.067942	 -0.124889	 -0.150668
  0.003513	 -0.084321	  0.000561	 -0.069692	 -0.072377	 -0.138795	 -0.178258
  0.033668	 -0.058664	  0.004964	 -0.065004	 -0.086947	 -0.195082	 -0.261595
  0.018622	 -0.024487	  0.025648	 -0.063579	 -0.084191	 -0.184027	 -0.289660
  0.001866	 -0.007097	  0.031793	 -0.050592	 -0.078997	 -0.141297	 -0.302013
  0.017418	  0.022330	  0.040567	 -0.084706	 -0.123405	 -0.152827	 -0.349463
  0.027206	  0.075101	  0.072717	 -0.089109	 -0.144470	 -0.201987	 -0.388043
  0.056379	  0.087359	  0.120452	 -0.087747	 -0.176240	 -0.224857	 -0.370780
  0.091475	  0.115867	  0.118361	 -0.114069	 -0.154732	 -0.190932	 -0.316520
  0.089480	  0.113206	  0.110189	 -0.168456	 -0.172724	 -0.157578	 -0.297547
  0.080737	  0.120270	  0.078133	 -0.159428	 -0.152325	 -0.164325	 -0.234101
  0.066547	  0.127650	  0.083518	 -0.129622	 -0.122582	 -0.135057	 -0.178258
  0.061162	  0.128885	  0.019154	 -0.116096	 -0.132053	 -0.047570	 -0.128496
  0.050392	  0.108740	 -0.048156	 -0.098928	 -0.062969	 -0.014438	 -0.062104
  0.036423	  0.110419	 -0.077139	 -0.098833	 -0.041113	  0.028451	  0.002799
 -0.004406	  0.094993	 -0.056677	 -0.100956	 -0.018275	  0.047868	  0.052117
 -0.009252	  0.141587	 -0.083664	 -0.154455	 -0.013841	  0.104757	  0.062000
  0.007662	  0.121347	 -0.069347	 -0.154233	 -0.013460	  0.119074	  0.069158
 -0.007447	  0.052738	 -0.017178	 -0.138269	 -0.005922	  0.125536	  0.101942
  0.012002	  0.051122	 -0.013503	 -0.121671	  0.011151	  0.105168	  0.100010
  0.005508	  0.041588	 -0.035771	 -0.126866	 -0.019954	  0.061678	  0.115214
 -0.009221	  0.063507	 -0.036468	 -0.129432	  0.006400	  0.031745	  0.092250
 -0.012863	  0.077856	 -0.065926	 -0.125757	  0.010613	  0.050085	  0.088354
 -0.014384	  0.102975	 -0.070170	 -0.104915	  0.011785	  0.069534	  0.109924
  0.017038	  0.135062	 -0.102384	 -0.110458	  0.042637	  0.093258	  0.098141
  0.062239	  0.143456	 -0.107991	 -0.118567	  0.045234	  0.128418	  0.090507
  0.070918	  0.102848	 -0.106217	 -0.081602	  0.054958	  0.139314	  0.046004
  0.061415	  0.072693	 -0.091773	 -0.081760	  0.021699	  0.118282	  0.040714
  0.066072	  0.063856	 -0.087212	 -0.061710	  0.056257	  0.118979	  0.028582
  0.037089	  0.011433	 -0.091678	 -0.047804	  0.066456	  0.131427	  0.015120
  0.065850	  0.008899	 -0.107706	 -0.059144	  0.071683	  0.093163	  0.004382
  0.080484	  0.041810	 -0.118665	 -0.037763	  0.052646	  0.110363	 -0.011994
  0.070348	  0.058059	 -0.142358	 -0.004441	  0.037157	  0.072638	 -0.016333
  0.057456	  0.030850	 -0.157563	  0.015641	  0.041813	  0.080842	 -0.012057
  0.086439	  0.073675	 -0.155028	  0.008388	  0.018120	  0.052936	 -0.033881
  0.055239	  0.079282	 -0.126679	  0.009180	 -0.001709	  0.041818	 -0.017410
  0.018939	  0.035348	 -0.090062	  0.015641	 -0.008139	  0.058352	 -0.021465
  0.008074	  0.024959	 -0.069854	  0.001767	  0.036397	  0.011948	  0.039447
  0.063569	  0.058851	 -0.091361	  0.010035	  0.013907	 -0.016275	  0.020758
  0.074244	  0.050204	 -0.088605	  0.037719	  0.006685	 -0.045543	  0.007233
  0.050076	  0.031199	 -0.078564	  0.033031	 -0.009944	 -0.052321	 -0.026121
  0.069049	  0.049665	 -0.067256	  0.012600	 -0.008456	 -0.071580	 -0.099449
  0.014694	  0.106206	 -0.100389	  0.001356	 -0.051566	 -0.094354	 -0.141261
 -0.010583	  0.107948	 -0.113661	  0.010256	 -0.081974	 -0.083046	 -0.175819
 -0.020814	  0.112509	 -0.088542	  0.001799	 -0.085300	 -0.092454	 -0.243065
  0.012889	  0.077001	 -0.057437	  0.013044	 -0.088373	 -0.066670	 -0.252124
  0.045229	  0.048778	 -0.049740	 -0.012486	 -0.116595	 -0.068159	 -0.268152
  0.018527	  0.072978	 -0.028137	 -0.022908	 -0.141144	 -0.092581	 -0.252536
  0.013681	  0.068734	 -0.039287	 -0.052967	 -0.157868	 -0.082476	 -0.215159
  0.024165	  0.044946	 -0.057500	 -0.095983	 -0.177792	 -0.087513	 -0.173190
  0.035822	  0.075322	 -0.063423	 -0.083819	 -0.157203	 -0.085770	 -0.177434
  0.012445	  0.072788	 -0.043183	 -0.062248	 -0.108265	 -0.121342	 -0.115192
  0.000725	  0.059073	 -0.053731	 -0.105485	 -0.111559	 -0.114627	 -0.055864
 -0.018248	  0.098889	 -0.060826	 -0.110363	 -0.149031	 -0.102717	 -0.032805
 -0.011185	  0.123532	 -0.030861	 -0.122685	 -0.136677	 -0.078802	 -0.012152
  0.006364	  0.100789	 -0.055758	 -0.124427	 -0.090115	 -0.094766	 -0.003125
  0.041333	  0.071331	 -0.066939	 -0.126391	 -0.048082	 -0.080639	  0.028741
  0.060212	  0.060086	 -0.061143	 -0.129622	 -0.087327	 -0.048425	  0.060733
  0.063252	  0.058629	 -0.062917	 -0.085941	 -0.106839	 -0.045321	  0.058547
  0.058501	  0.024832	 -0.079958	 -0.074697	 -0.101930	 -0.016560	  0.086105
  0.061384	  0.041398	 -0.098710	 -0.024301	 -0.059991	  0.033550	  0.123386
  0.064709	  0.047606	 -0.075618	 -0.065353	 -0.075069	  0.084611	  0.132192
  0.074814	  0.004718	 -0.095447	 -0.041438	 -0.067752	  0.105897	  0.155632
  0.001299	 -0.031474	  0.091979	 -0.043835	  0.029624	  0.070462	 -0.050362
  0.004276	 -0.016682	  0.088399	 -0.066768	  0.045240	  0.073027	 -0.046149
 -0.009724	 -0.026786	  0.080956	 -0.101326	  0.070581	  0.071317	 -0.070698
 -0.001901	 -0.067901	  0.039619	 -0.094199	  0.070676	  0.074675	 -0.106903
 -0.002756	 -0.027198	  0.028660	 -0.070633	  0.079228	  0.019560	 -0.056159
 -0.011213	 -0.001509	  0.035090	 -0.048745	  0.098867	  0.000491	 -0.043172
 -0.041178	 -0.010378	  0.011523	 -0.031704	  0.089712	 -0.027478	 -0.019732
 -0.039056	  0.017939	 -0.003554	 -0.035948	  0.057182	 -0.008346	 -0.013587
 -0.052993	  0.035487	 -0.014070	 -0.025590	  0.046507	 -0.025293	 -0.005066
 -0.006683	  0.054239	 -0.033297	 -0.027491	 -0.001861	 -0.023519	 -0.016913
  0.028951	  0.075683	 -0.050117	  0.002791	 -0.030274	 -0.009297	 -0.044946
  0.010675	  0.055348	 -0.030003	  0.035194	 -0.031002	 -0.027383	  0.039691
 -0.020114	  0.061271	 -0.035768	  0.061200	 -0.055487	 -0.016550	  0.073013
 -0.026005	  0.040682	 -0.051795	  0.061137	 -0.056723	 -0.030392	  0.052551
  0.013304	  0.010527	 -0.022749	  0.037538	 -0.066193	 -0.040307	  0.007857
  0.012797	 -0.013324	 -0.036053	  0.073427	 -0.081271	  0.000871	  0.026260
  0.004435	 -0.017980	 -0.048216	  0.071779	 -0.077945	  0.015695	  0.053945
  0.024422	 -0.039773	 -0.039727	  0.050335	 -0.047917	 -0.024247	  0.098290
  0.051948	 -0.047945	 -0.013310	  0.088377	 -0.069836	 -0.031153	  0.095819
  0.059518	 -0.050226	  0.002433	  0.064462	 -0.069108	 -0.062131	  0.026260
  0.069401	 -0.026311	 -0.008527	  0.065318	 -0.055614	 -0.123423	  0.043492
  0.016598	 -0.031886	 -0.008622	  0.073870	 -0.057451	 -0.131025	  0.126101
  0.012195	 -0.035814	  0.033316	  0.052521	 -0.058021	 -0.115409	  0.209217
  0.027906	 -0.001699	  0.049249	  0.052869	 -0.088525	 -0.112336	  0.142224
  0.021729	  0.040492	  0.032302	  0.062499	 -0.076235	 -0.135491	  0.081122
 -0.014286	  0.038465	  0.033791	  0.050209	 -0.054094	 -0.093806	  0.117929
 -0.015996	  0.015405	  0.041393	  0.060376	 -0.071262	 -0.101630	  0.203294
 -0.063414	  0.025193	  0.018334	  0.036652	 -0.066225	 -0.030487	  0.197402
 -0.066201	  0.056710	  0.030782	  0.042036	 -0.084185	 -0.020415	  0.127305
 -0.054608	  0.064755	  0.029135	  0.057399	 -0.092104	 -0.042366	  0.128508
 -0.053595	  0.057090	  0.072150	  0.044000	 -0.088778	 -0.029379	  0.168609
 -0.020811	  0.067701	  0.063629	  0.044444	 -0.080226	 -0.018768	  0.206651
 -0.041146	  0.050977	  0.056122	  0.054865	 -0.112376	 -0.024469	  0.135572
 -0.056794	  0.047112	  0.032144	  0.081662	 -0.115702	 -0.016519	  0.108204
 -0.049540	  0.032003	  0.042470	  0.085210	 -0.080606	  0.053801	  0.184890
 -0.043364	 -0.012754	 -0.002382	  0.086667	 -0.054695	  0.103784	  0.205796
 -0.051599	 -0.047280	 -0.007735	  0.105292	 -0.038002	  0.069385	  0.094552
 -0.061007	 -0.041262	  0.003921	  0.096676	 -0.065592	  0.079743	  0.002821
 -0.036648	  0.001595	 -0.003047	  0.096898	 -0.048234	  0.082657	  0.012323
 -0.067215	 -0.005469	 -0.018441	  0.072476	 -0.067017	  0.125165	  0.085557
 -0.092682	 -0.009967	 -0.050909	  0.076943	 -0.072148	  0.085191	  0.074597
 -0.143774	  0.019428	 -0.009636	  0.109568	 -0.078357	  0.043379	  0.008427
 -0.145105	  0.058579	  0.011302	  0.098925	 -0.056659	  0.060389	  0.006115
 -0.109628	  0.046415	  0.010225	  0.086603	 -0.048740	  0.045597	  0.042225
 -0.023947	  0.006188	  0.014089	  0.067757	 -0.078293	  0.034447	  0.077099
  0.019575	 -0.009967	 -0.004758	  0.018502	 -0.126725	 -0.003532	  0.044157
  0.023820	 -0.025899	 -0.046031	  0.023886	 -0.109969	 -0.043063	  0.019989
  0.040671	 -0.028370	 -0.015274	  0.012958	 -0.101385	 -0.053389	  0.030758
  0.014919	 -0.026184	 -0.029274	  0.007257	 -0.070818	 -0.045882	  0.062402
  0.041526	 -0.011645	 -0.047741	  0.035068	 -0.052035	 -0.041542	  0.044917
  0.011403	 -0.011804	 -0.047044	  0.065793	 -0.062963	 -0.015442	  0.012672
 -0.005258	 -0.005215	 -0.034596	  0.101364	 -0.048170	 -0.033085	  0.014794
 -0.001489	  0.023324	 -0.010618	  0.100256	 -0.011237	 -0.043823	  0.058474
  0.006177	  0.046542	 -0.052397	  0.068200	  0.002669	 -0.027478	  0.078556
  0.030820	  0.041031	 -0.066334	  0.077671	  0.026710	 -0.044583	  0.019957
  0.003104	  0.050153	 -0.057750	  0.082834	  0.083029	 -0.059217	  0.018025
  0.039151	  0.086326	 -0.034342	  0.065603	  0.054775	 -0.043664	  0.046659
  0.035698	  0.096716	 -0.032093	  0.076056	  0.028389	 -0.023646	  0.127431
  0.033481	  0.120757	 -0.015337	  0.081535	  0.042485	 -0.029125	  0.105164
  0.026227	  0.062063	 -0.026392	  0.098323	  0.024968	 -0.064919	  0.041560
  0.031264	  0.077584	 -0.009889	  0.072856	  0.057372	 -0.059027	  0.052741
  0.023503	  0.068303	 -0.001083	  0.068865	  0.084613	 -0.024786	  0.113684
  0.051789	  0.056203	  0.008831	  0.042892	  0.053127	 -0.014998	  0.114254
  0.055527	  0.013283	  0.014691	  0.059204	  0.031240	 -0.004735	  0.026387
  0.050554	  0.024654	  0.049914	  0.109283	  0.031873	  0.010215	  0.006432
  0.063541	  0.005966	  0.065973	  0.111912	  0.013185	  0.037108	  0.051474
  0.009883	 -0.002998	  0.059797	  0.094522	  0.004664	  0.035524	  0.074819
 -0.031169	 -0.011107	  0.023307	  0.088314	 -0.012916	 -0.020922	  0.039627
 -0.018657	  0.013726	  0.009180	  0.077608	 -0.024065	 -0.064032	  0.008871
  0.012892	  0.059624	  0.022293	  0.051127	 -0.030590	 -0.031248	  0.033134
  0.061989	  0.000581	  0.052416	  0.008049	 -0.005884	 -0.020288	  0.110643
  0.036965	 -0.025297	  0.064928	 -0.008993	  0.045272	  0.011577	  0.097435
  0.004213	 -0.036986	  0.031574	  0.004691	  0.068965	  0.009708	  0.035636
 -0.013905	 -0.056118	 -0.003871	 -0.014472	  0.032317	  0.026718	  0.033166
  0.010991	 -0.048167	 -0.033139	 -0.037849	  0.043308	  0.043791	  0.107254
  0.015743	 -0.053362	 -0.040139	 -0.051976	  0.044322	  0.025926	  0.097498
 -0.013145	 -0.027230	 -0.031872	 -0.056569	  0.012710	  0.039642	  0.036713
 -0.008584	 -0.074933	  0.000374	 -0.043202	 -0.023812	  0.079204	 -0.006080
 -0.020747	 -0.068344	  0.022895	 -0.042093	 -0.038953	  0.100838	  0.062085
 -0.040861	 -0.042909	  0.029483	 -0.053908	 -0.069741	  0.132450	  0.152962
 -0.047545	 -0.044651	  0.024700	 -0.035093	 -0.063564	  0.128554	  0.164998
 -0.034589	 -0.023397	  0.041235	 -0.056569	 -0.055519	  0.087661	  0.086950
 -0.014666	 -0.018994	  0.048900	 -0.033129	 -0.064578	  0.065330	  0.089706
 -0.020431	  0.002387	  0.037782	 -0.007409	 -0.054664	  0.029220	  0.150744
 -0.041431	  0.013505	  0.056217	  0.023601	 -0.055012	 -0.005464	  0.109630
 -0.042287	  0.014867	  0.023750	  0.060915	 -0.051179	 -0.033307	  0.014097
 -0.056414	  0.014582	 -0.008780	  0.045964	 -0.072434	 -0.029822	 -0.005700
 -0.046753	  0.004826	  0.001989	  0.045362	 -0.112725	 -0.006541	  0.035573
 -0.025815	  0.003875	  0.017764	  0.053629	 -0.114752	 -0.010247	  0.086950
 -0.016376	  0.000866	  0.008768	  0.062182	 -0.098629	 -0.018166	  0.053153
 -0.026195	  0.016229	 -0.011124	  0.046534	 -0.081778	 -0.052122	 -0.019795
 -0.027019	  0.038402	 -0.012391	  0.107889	 -0.059257	 -0.064824	  0.020622
 -0.033576	  0.075113	 -0.041659	  0.172349	 -0.014278	 -0.026908	  0.118784
 -0.061038	  0.107644	 -0.018315	  0.186634	 -0.015418	 -0.035144	  0.144283
 -0.030503	  0.101024	 -0.030953	  0.186349	 -0.002273	 -0.097164	  0.086412
 -0.021127	  0.079579	 -0.022623	  0.186032	 -0.005472	 -0.066977	  0.059361
 -0.008552	  0.049235	 -0.012518	  0.165158	 -0.011554	 -0.055258	  0.057841
  0.013684	  0.056773	  0.023053	  0.168294	 -0.010128	  0.000839	  0.087647
  0.009154	  0.085028	  0.076616	  0.172254	  0.006913	 -0.018007	  0.029966
 -0.019607	  0.091236	  0.036579	  0.153977	 -0.006739	 -0.042809	  0.031455
 -0.038802	  0.073846	  0.057199	  0.095758	  0.054204	 -0.012971	  0.031930
 -0.033544	  0.108309	  0.054444	  0.115650	  0.059748	  0.005021	  0.113589
 -0.054988	  0.120789	  0.018492	  0.084671	  0.072734	  0.005876	  0.103263
 -0.068514	  0.108341	  0.018365	  0.078336	  0.051354	 -0.033085	  0.064714
 -0.106397	  0.106250	 -0.030541	  0.080680	  0.032665	 -0.040497	  0.081502
 -0.108868	  0.113409	 -0.033772	  0.084640	  0.077359	 -0.010849	  0.135604
 -0.084446	  0.077774	 -0.028229	  0.085495	  0.088065	 -0.008030	  0.090973
 -0.087551	  0.063900	 -0.040677	  0.064779	  0.101527	 -0.028429	  0.006210
 -0.091130	  0.064977	  0.011143	  0.010836	  0.116541	  0.006097	  0.004595
 -0.019544	  0.043216	  0.014786	  0.013148	  0.147963	  0.017944	  0.036587
 -0.017231	  0.043406	  0.006772	  0.025533	  0.152841	  0.066312	  0.085937
 -0.013335	  0.058800	  0.022040	  0.025565	  0.137764	  0.066724	  0.085905
 -0.005828	  0.054208	  0.013677	  0.002379	  0.153063	  0.019655	  0.037188
 -0.010580	  0.046479	  0.012220	 -0.003481	  0.111758	 -0.011577	  0.076973
  0.014761	  0.062126	  0.036357	  0.013338	  0.069694	 -0.019053	  0.160976
 -0.003833	  0.049076	  0.050579	  0.048847	  0.075744	  0.008695	  0.151346
 -0.010041	  0.044958	  0.042407	  0.051285	  0.039697	  0.031374	  0.114793
 -0.024833	  0.044990	  0.014438	  0.031678	  0.059051	  0.065077	  0.040008
 -0.037314	  0.050216	  0.028692	  0.036081	  0.049010	  0.096372	  0.075737
  0.005892	  0.041696	  0.069141	  0.076246	  0.064150	  0.134351	  0.149889
  0.032245	  0.009514	  0.076078	  0.079477	  0.039222	  0.125418	  0.124105
  0.050744	  0.035044	  0.064706	  0.096835	  0.040616	  0.097512	  0.052741
  0.041621	  0.042076	  0.059702	  0.077639	  0.043150	  0.100838	  0.069656
  0.041653	  0.019967	  0.049280	  0.083246	  0.034059	  0.084431	  0.167849
  0.064681	  0.031116	  0.002686	  0.067377	  0.051354	  0.057697	  0.151758
  0.079727	  0.012555	 -0.007767	  0.099210	  0.044227	  0.079426	  0.133291
  0.128032	 -0.013134	 -0.025885	  0.101586	  0.053508	  0.051932	  0.112069
  0.155304	 -0.033311	 -0.017206	  0.129967	  0.018126	  0.027985	  0.129205
  0.110705	 -0.028528	  0.005695	  0.108016	  0.006216	  0.023867	  0.143427
  0.097275	 -0.021782	 -0.017048	  0.098450	  0.004442	  0.014143	  0.129902
  0.124294	 -0.013483	  0.001134	  0.105482	 -0.034170	  0.027858	  0.149097
  0.113619	  0.025161	  0.013361	  0.119197	 -0.089602	  0.026433	  0.156604
  0.069369	  0.062221	  0.041615	  0.093984	 -0.126123	  0.016139	  0.140101
  0.102185	  0.073118	  0.029388	  0.059141	 -0.126567	  0.024374	  0.120526
  0.082609	  0.045433	 -0.000323	  0.037538	 -0.106199	  0.044235	  0.156288
  0.071681	  0.021297	  0.002274	  0.072983	 -0.101100	  0.043126	  0.175610
  0.067120	  0.019301	 -0.011061	  0.082169	 -0.064768	  0.015442	  0.216471
  0.062527	 -0.011740	  0.019062	  0.064716	 -0.069995	 -0.016075	  0.213842
  0.025530	 -0.007211	  0.025302	  0.042100	 -0.073764	 -0.002138	  0.199619
  0.016820	 -0.061471	  0.024637	  0.021162	 -0.035849	 -0.028967	  0.189673
  0.004308	 -0.053203	  0.011650	 -0.003893	  0.018506	 -0.040465	  0.166265
 -0.017358	 -0.015256	  0.046493	 -0.009626	  0.023891	 -0.050950	  0.141780
 -0.029711	 -0.021053	  0.073956	  0.007384	  0.011474	 -0.066312	  0.116883
 -0.021729	 -0.042339	  0.074209	  0.033674	  0.012678	 -0.055796	  0.068864
 -0.020494	 -0.023872	  0.081843	  0.017931	 -0.002558	 -0.050538	  0.049954
 -0.054545	  0.008532	  0.076395	  0.018628	 -0.023020	 -0.028239	  0.053438
 -0.069591	  0.014138	  0.071770	  0.022081	 -0.069868	  0.009867	  0.049162
 -0.062590	  0.006219	  0.051656	  0.026325	 -0.040790	  0.005401	  0.034084
 -0.057681	 -0.029859	  0.066639	  0.038615	 -0.010413	 -0.018863	  0.021414
 -0.035793	 -0.065779	  0.053968	  0.045647	  0.024113	 -0.019560	 -0.039086
 -0.040228	 -0.065588	  0.056376	  0.061833	  0.043276	 -0.008790	 -0.053720
 -0.053088	 -0.035307	  0.026633	  0.057145	  0.103269	 -0.023202	 -0.051217
 -0.074437	  0.030958	  0.051878	  0.069182	  0.100989	  0.002613	 -0.052833
 -0.071111	  0.043786	  0.059448	  0.062689	  0.103048	  0.008346	 -0.049349
 -0.047133	  0.040651	  0.040316	  0.065286	  0.111790	  0.006161	 -0.000759
 -0.051599	  0.059371	  0.002908	  0.057716	  0.164118	  0.019211	  0.022364
 -0.063541	  0.023007	  0.003636	  0.070924	  0.162946	  0.006668	  0.033007
 -0.033164	  0.030831	  0.040982	  0.086160	  0.127248	 -0.006256	  0.021572
 -0.014096	 -0.025424	  0.059163	  0.065413	  0.169914	 -0.006731	  0.011848
 -0.009503	 -0.051335	  0.051561	  0.042131	  0.195128	  0.013826	  0.008522
 -0.030155	 -0.038443	  0.032493	  0.022461	  0.144194	 -0.008885	  0.012418
  0.027051	 -0.038094	 -0.008685	  0.005325	  0.137954	  0.009930	  0.032215
  0.021729	 -0.014560	 -0.048089	  0.004279	  0.095857	  0.014682	  0.047831
  0.007095	 -0.019691	 -0.068900	 -0.032717	  0.080685	  0.002138	  0.092557
  0.022331	 -0.053869	 -0.080715	 -0.045356	  0.019678	 -0.020922	  0.103485
  0.010326	 -0.106291	 -0.078941	 -0.065723	 -0.007087	 -0.039705	  0.060185
 -0.002249	 -0.110251	 -0.107006	 -0.033509	  0.011221	 -0.052819	  0.011151
 -0.011815	 -0.086906	 -0.121323	 -0.015106	  0.000388	 -0.090449	  0.017676
  0.013430	 -0.100716	 -0.125536	 -0.001486	 -0.047758	 -0.065299	  0.018848
  0.035286	 -0.121464	 -0.063705	  0.027086	 -0.061474	 -0.019845	  0.034718
  0.029300	 -0.120735	 -0.039157	 -0.012572	 -0.068886	  0.039547	  0.050935
  0.027431	 -0.096155	 -0.038777	 -0.061384	 -0.116779	  0.029316	  0.072063
 -0.028096	 -0.108540	 -0.016921	 -0.036360	 -0.104457	  0.071032	  0.046184
 -0.072315	 -0.125803	  0.003098	 -0.044469	 -0.114245	  0.089087	  0.051094
 -0.072758	 -0.116522	 -0.019803	 -0.047478	 -0.095747	  0.103309	  0.065158
 -0.075894	 -0.043828	 -0.037700	 -0.048112	 -0.070470	  0.068339	  0.044284
 -0.049033	 -0.014433	 -0.022623	 -0.038767	 -0.070945	  0.090069	  0.011373
 -0.007095	 -0.035149	  0.019886	 -0.008137	 -0.065497	  0.098178	  0.011531
  0.023028	  0.009102	  0.077091	 -0.002531	 -0.059827	  0.109264	  0.030125
 -0.005385	  0.042899	  0.133062	 -0.010228	 -0.056089	  0.106382	  0.029396
  0.000380	  0.020347	  0.133885	 -0.031767	 -0.020834	  0.122663	  0.046406
 -0.027241	  0.007011	  0.100943	 -0.054922	 -0.030876	  0.135174	  0.076339
 -0.016471	 -0.016713	  0.115640	 -0.026984	 -0.044274	  0.122283	  0.091258
 -0.018974	 -0.021496	  0.104237	 -0.013491	 -0.053872	  0.140939	  0.048655
 -0.014381	 -0.005089	  0.155488	  0.013338	 -0.040822	  0.153198	  0.047166
 -0.029300	  0.036628	  0.158053	  0.034086	 -0.011807	  0.170207	  0.058252
 -0.022078	  0.022025	  0.125618	  0.037760	 -0.025522	  0.154243	  0.069972
 -0.015648	  0.025510	  0.118206	  0.047326	 -0.038509	  0.126780	  0.071208
 -0.014191	  0.053131	  0.100436	  0.043557	 -0.013866	  0.147845	  0.051442
 -0.007570	  0.068430	  0.103065	  0.020941	  0.032950	  0.165583	  0.070923
  0.027558	  0.062411	  0.111142	 -0.004526	 -0.003445	  0.146894	  0.073552
  0.010738	  0.067701	  0.084377	 -0.005572	  0.025475	  0.106096	  0.057302
 -0.013335	  0.013061	  0.066575	  0.008587	  0.043181	  0.089404	  0.066678
 -0.009027	  0.000043	  0.074526	  0.032882	  0.041534	  0.114459	  0.056827
  0.004118	  0.001246	  0.057073	  0.024615	  0.033014	  0.112780	  0.019799
 -0.043015	 -0.035719	  0.035280	 -0.027491	  0.049643	  0.084462	 -0.018909
 -0.058631	 -0.086431	  0.007247	 -0.035410	  0.049041	  0.115536	 -0.042855
 -0.034273	 -0.094223	 -0.011314	 -0.047668	  0.009225	  0.061909	 -0.067467
  0.006493	 -0.062484	 -0.011188	 -0.088371	  0.038493	  0.035144	 -0.036552
 -0.021222	 -0.031094	 -0.010523	 -0.073357	  0.024461	  0.029854	 -0.015868
  0.032436	 -0.014591	 -0.013025	 -0.069429	 -0.003350	  0.021967	  0.000540
  0.032626	 -0.030746	  0.008609	 -0.040256	 -0.025998	 -0.008917	  0.014509
  0.034589	 -0.054344	  0.003130	 -0.061320	 -0.018269	 -0.031786	  0.057492
  0.042350	 -0.040945	  0.039113	 -0.029075	 -0.003096	 -0.035714	  0.049764
  0.057649	 -0.039108	  0.025429	  0.009727	 -0.036102	 -0.054371	  0.007699
  0.077478	 -0.027261	  0.003890	  0.019452	 -0.010255	 -0.045882	  0.018943
  0.076781	 -0.005532	 -0.002350	  0.035543	 -0.006105	 -0.042714	  0.007034
  0.055305	  0.000011	  0.060842	  0.043208	  0.020787	 -0.021967	  0.064683
  0.025910	 -0.005500	  0.107151	  0.081567	 -0.013296	 -0.022600	  0.035383
 -0.005195	 -0.036320	  0.082508	  0.086667	 -0.032776	 -0.011577	  0.016314
 -0.014539	 -0.027103	  0.043674	  0.084228	 -0.019219	  0.013319	  0.035161
  0.009376	 -0.037809	  0.069299	  0.049322	 -0.014975	  0.021999	  0.028763
  0.033861	 -0.047755	  0.070883	  0.047643	 -0.009685	 -0.026338	  0.049288
