:RUN-4	LEVEL SWEEP	TEMP:NaN	8/27/2019	11:25 AM	HR:380.34:SW EAR: R	SW FREQ: 16.00	# AVERAGES: 512	REP RATE (/sec): 80	DRIVER: 	SAMPLE (µsec): 40	MASKER dB: 0:NOTES-:CHAMBER-SEWELL-PXI1:CFTS Version: V2.7.2 (R850):LEVELS:20;30;40;50;60;70;80;:DATA -0.005451	  0.020747	 -0.005635	  0.048558	  0.029046	 -0.077700	  0.025071
 -0.016664	  0.042540	 -0.016120	  0.040703	  0.051441	 -0.045042	  0.001029
  0.015486	  0.064143	 -0.000789	  0.055558	  0.100126	 -0.023756	 -0.010944
 -0.018882	  0.084193	 -0.000187	  0.058219	  0.092365	  0.005068	 -0.042873
 -0.007827	  0.082514	  0.019959	  0.024232	  0.065980	  0.031200	 -0.042809
  0.011147	  0.069116	 -0.009753	 -0.004466	  0.046721	  0.022806	 -0.029632
  0.015549	  0.057427	 -0.018654	 -0.027399	  0.075039	  0.029078	 -0.008283
  0.028378	  0.023503	 -0.008106	  0.003864	  0.032150	  0.014761	  0.016392
  0.034333	  0.065314	 -0.022043	 -0.010706	  0.029680	  0.000538	  0.006288
  0.036012	  0.036997	 -0.028631	 -0.030535	  0.027589	 -0.021001	 -0.019464
  0.017862	  0.022426	 -0.048872	 -0.036648	  0.003769	 -0.025625	 -0.043664
  0.052831	  0.007095	 -0.019414	 -0.067595	 -0.034273	 -0.022616	 -0.086838
  0.031767	 -0.031675	 -0.013649	 -0.044187	 -0.055875	 -0.011593	 -0.087281
 -0.004279	 -0.077636	  0.009474	 -0.012037	 -0.089609	 -0.022553	 -0.073693
 -0.021289	 -0.045106	  0.036905	  0.026322	 -0.110388	 -0.005765	 -0.021048
 -0.038394	 -0.085048	  0.048181	  0.010516	 -0.091193	 -0.005828	  0.002043
 -0.015524	 -0.106524	  0.033991	  0.004340	 -0.056382	  0.002471	  0.023614
 -0.019230	 -0.070858	  0.025058	 -0.009122	 -0.033924	  0.030788	  0.102327
 -0.049638	 -0.073297	  0.004976	 -0.014729	 -0.046309	  0.065093	  0.136061
 -0.046186	 -0.085872	  0.013307	 -0.014887	 -0.035951	  0.059676	  0.153704
 -0.033832	 -0.105796	  0.017013	 -0.012068	  0.001235	  0.091573	  0.171601
 -0.050272	 -0.069116	  0.013085	 -0.004149	  0.046436	  0.109913	  0.219209
 -0.025660	 -0.024770	  0.019008	 -0.004720	  0.067817	  0.110895	  0.241698
  0.000472	 -0.018530	 -0.004811	  0.002724	  0.112416	  0.086379	  0.274894
 -0.011565	 -0.013240	 -0.026984	  0.058504	  0.126986	  0.112511	  0.279360
 -0.035384	  0.002407	 -0.051976	  0.093601	  0.133258	  0.116027	  0.287121
 -0.075929	  0.011910	 -0.052958	  0.121665	  0.120746	  0.107854	  0.300551
 -0.124012	 -0.017105	 -0.068416	  0.136077	  0.103420	  0.113334	  0.305968
 -0.163163	  0.006335	 -0.038451	  0.136204	  0.107506	  0.128855	  0.359626
 -0.178082	  0.044789	 -0.036582	  0.140163	  0.108171	  0.157331	  0.424560
 -0.166742	  0.073043	 -0.025939	  0.118782	  0.113049	  0.214600	  0.484711
 -0.167756	  0.060532	 -0.029138	  0.165092	  0.115171	  0.259991	  0.584552
 -0.124614	  0.022933	 -0.028568	  0.182418	  0.172979	  0.318970	  0.656582
 -0.064431	  0.027526	 -0.043044	  0.232338	  0.259041	  0.375638	  0.691868
 -0.049638	  0.013874	 -0.044596	  0.272851	  0.310228	  0.389955	  0.666781
 -0.039756	  0.030282	 -0.020808	  0.274847	  0.341903	  0.396195	  0.616734
 -0.059933	  0.037820	 -0.027554	  0.302943	  0.325749	  0.336645	  0.487309
 -0.056955	  0.017200	  0.017583	  0.344152	  0.305128	  0.285711	  0.353924
 -0.038647	  0.000855	  0.053281	  0.318685	  0.266421	  0.183812	  0.178158
 -0.020085	 -0.003896	  0.064716	  0.296988	  0.188310	  0.023820	 -0.005242
 -0.033231	 -0.003769	  0.069942	  0.250583	  0.095121	 -0.123597	 -0.134287
 -0.073300	 -0.034336	  0.106971	  0.204337	 -0.000285	 -0.240099	 -0.245278
 -0.022271	  0.001742	  0.074757	  0.153594	 -0.072378	 -0.325622	 -0.342331
 -0.011026	  0.012797	  0.052553	  0.105384	 -0.165060	 -0.383810	 -0.429818
 -0.057145	  0.019987	  0.071083	  0.018974	 -0.212826	 -0.397525	 -0.465168
 -0.092463	  0.007760	  0.034624	 -0.084826	 -0.269557	 -0.393344	 -0.483064
 -0.090246	  0.004688	  0.043588	 -0.136172	 -0.313459	 -0.394991	 -0.486517
 -0.057335	  0.023471	 -0.025432	 -0.149444	 -0.354922	 -0.393756	 -0.443058
 -0.042860	  0.016313	 -0.059736	 -0.155367	 -0.316025	 -0.354827	 -0.355318
 -0.010646	  0.021666	 -0.094041	 -0.142824	 -0.321726	 -0.313522	 -0.257441
 -0.004786	  0.005797	 -0.104874	 -0.170920	 -0.281150	 -0.265217	 -0.113667
  0.014219	 -0.020114	 -0.136581	 -0.164332	 -0.213048	 -0.180074	  0.002582
  0.004558	 -0.020241	 -0.156029	 -0.123597	 -0.123375	 -0.072093	  0.131975
 -0.009347	 -0.035540	 -0.156885	 -0.097180	 -0.019100	  0.039214	  0.243282
 -0.043778	 -0.057966	 -0.156029	 -0.024232	  0.061577	  0.128728	  0.386930
 -0.054960	 -0.044789	 -0.124924	  0.019639	  0.110515	  0.131326	  0.502165
 -0.053154	  0.017516	 -0.081624	  0.104687	  0.141240	  0.165282	  0.511604
 -0.068865	  0.008932	 -0.042759	  0.185966	  0.174056	  0.239592	  0.550374
 -0.072160	 -0.005543	 -0.053496	  0.223533	  0.213016	  0.309911	  0.567384
 -0.089296	  0.018720	 -0.036613	  0.245484	  0.217990	  0.311337	  0.529532
 -0.064589	  0.023915	 -0.037532	  0.243393	  0.191826	  0.287485	  0.441791
 -0.045331	  0.067152	 -0.015486	  0.202152	  0.188531	  0.221632	  0.344580
 -0.029208	  0.062084	  0.029271	  0.159549	  0.196799	  0.150743	  0.248667
 -0.056163	  0.064301	  0.031203	  0.116533	  0.194518	  0.089198	  0.127984
 -0.088631	  0.063192	  0.058888	  0.085587	  0.157458	  0.052106	  0.011451
 -0.056512	  0.090655	  0.081440	  0.083559	  0.102280	  0.008236	 -0.060136
 -0.034656	  0.107791	  0.104627	  0.062369	  0.043047	 -0.018593	 -0.096499
 -0.069816	  0.075229	  0.116252	  0.030060	 -0.004086	 -0.026544	 -0.086553
 -0.068422	  0.073899	  0.118596	 -0.005005	 -0.018023	 -0.017263	 -0.087471
 -0.083784	  0.059550	  0.132469	 -0.028793	  0.000634	  0.008299	 -0.051203
 -0.087395	  0.103452	  0.152678	 -0.015458	  0.000507	  0.047735	 -0.016424
 -0.108966	  0.149001	  0.183973	 -0.010294	  0.016820	  0.051029	  0.001473
 -0.101269	  0.114158	  0.200856	  0.006335	  0.017802	  0.045676	  0.041194
 -0.066870	  0.080867	  0.187616	  0.031739	 -0.003991	  0.055400	  0.066724
 -0.076911	  0.064523	  0.136365	  0.051916	  0.001996	  0.033449	  0.060009
 -0.061992	  0.038327	  0.124741	  0.089546	  0.003453	  0.037599	  0.037551
 -0.093825	  0.049857	  0.137664	  0.099746	 -0.022965	  0.038739	 -0.011197
 -0.115618	  0.039974	  0.140293	  0.117991	 -0.001584	  0.030377	 -0.037234
 -0.097626	  0.045169	  0.131329	  0.104624	 -0.013557	 -0.058124	 -0.061434
 -0.053851	  0.028476	  0.117519	  0.076369	 -0.035096	 -0.113271	 -0.091874
 -0.027212	  0.026195	  0.092558	  0.056730	 -0.028318	 -0.154639	 -0.102074
 -0.049385	  0.033481	  0.068105	  0.088659	 -0.046088	 -0.218781	 -0.090259
 -0.042258	  0.047228	  0.068485	  0.123470	 -0.118877	 -0.252516	 -0.075403
  0.000535	  0.036490	  0.043557	  0.115932	 -0.146435	 -0.271109	 -0.088263
  0.012382	  0.033196	  0.030633	  0.043490	 -0.153118	 -0.261131	 -0.114585
  0.029011	  0.025467	  0.009854	 -0.018625	 -0.187803	 -0.232497	 -0.104544
  0.036835	  0.026766	 -0.050107	 -0.034811	 -0.175481	 -0.201962	 -0.064824
  0.029645	  0.038517	 -0.109023	 -0.040006	 -0.158060	 -0.206586	 -0.070969
  0.018970	  0.093727	 -0.112444	 -0.025182	 -0.112511	 -0.199998	 -0.044710
  0.046813	  0.111307	 -0.130151	 -0.051789	 -0.086284	 -0.189862	  0.021143
  0.020269	  0.086030	 -0.111114	 -0.038834	 -0.083876	 -0.152390	  0.069670
  0.053782	  0.099746	 -0.117861	 -0.051789	 -0.093601	 -0.152992	  0.080725
  0.067370	  0.147512	 -0.104715	 -0.034684	 -0.096040	 -0.116375	  0.084526
  0.050519	  0.144313	 -0.099584	  0.003959	 -0.056445	 -0.069781	  0.154845
  0.053877	  0.113809	 -0.113616	  0.025752	 -0.007190	 -0.006588	  0.199792
  0.044469	  0.085998	 -0.093122	  0.034178	  0.010896	  0.028444	  0.211987
  0.015930	  0.062274	 -0.064614	  0.045834	  0.092650	  0.058314	  0.228775
  0.029898	  0.059708	 -0.016468	  0.062147	  0.117610	  0.087962	  0.245911
  0.023310	  0.068925	  0.018470	  0.074975	  0.167467	  0.113619	  0.268591
  0.059546	  0.085935	  0.048720	  0.091098	  0.179346	  0.162114	  0.321108
  0.050551	  0.079948	  0.077893	  0.081374	  0.180042	  0.179124	  0.358295
  0.093597	  0.061102	  0.062689	  0.077446	  0.161576	  0.206998	  0.397414
  0.128694	  0.051662	  0.091481	  0.118624	  0.172725	  0.224990	  0.409736
  0.116752	  0.062305	  0.118405	  0.149698	  0.201487	  0.240701	  0.394152
  0.065913	  0.069401	  0.082581	  0.135539	  0.230343	  0.260466	  0.412460
  0.032084	  0.051409	  0.070607	  0.164046	  0.258629	  0.268702	  0.365486
  0.030310	  0.048273	  0.048498	  0.172947	  0.279788	  0.241461	  0.307488
  0.071108	  0.003769	 -0.004115	  0.183432	  0.256000	  0.196039	  0.260514
  0.042252	  0.033766	 -0.008549	  0.135634	  0.230026	  0.172821	  0.222820
  0.044184	  0.027621	  0.010741	  0.144883	  0.182260	  0.110515	  0.177778
  0.021504	  0.044155	  0.035448	  0.163350	  0.161132	  0.043744	  0.134129
  0.022328	  0.083971	  0.015904	  0.143553	  0.157648	 -0.036268	  0.117056
  0.035442	  0.089926	  0.023791	  0.124484	  0.167594	 -0.070509	  0.053325
  0.083493	  0.109913	  0.053693	  0.138199	  0.123629	 -0.111022	  0.004799
  0.073769	  0.110198	  0.076214	  0.101139	  0.056445	 -0.129299	  0.005971
  0.056252	  0.099524	  0.098545	  0.051852	  0.009788	 -0.174246	 -0.015473
  0.058976	  0.114158	  0.105672	  0.039689	 -0.030725	 -0.196672	 -0.053072
  0.047161	  0.158947	  0.073395	  0.017263	 -0.067785	 -0.183115	 -0.078887
  0.028315	  0.142381	  0.076214	 -0.036332	 -0.108805	 -0.167531	 -0.101504
  0.007282	  0.149032	  0.070354	 -0.043649	 -0.140733	 -0.179092	 -0.092761
 -0.004184	  0.150996	  0.063069	 -0.036427	 -0.159168	 -0.180581	 -0.038660
 -0.035923	  0.135127	  0.091355	 -0.041336	 -0.114855	 -0.152802	  0.007206
 -0.055625	  0.105035	  0.093319	 -0.078080	 -0.086695	 -0.147512	  0.069607
 -0.032439	  0.071460	  0.052648	 -0.065061	 -0.110547	 -0.145105	  0.115536
 -0.034213	  0.093442	  0.048213	 -0.032531	 -0.067753	 -0.094709	  0.143885
 -0.054390	  0.097813	  0.031235	 -0.046531	 -0.025245	 -0.023756	  0.138152
 -0.068390	  0.088057	  0.024457	 -0.006810	 -0.005290	  0.022014	  0.201724
 -0.063544	  0.108773	  0.001397	 -0.005290	  0.026734	  0.035445	  0.169004
 -0.028416	  0.105067	 -0.043455	  0.002787	  0.039531	  0.058789	  0.129821
 -0.055720	  0.114570	 -0.077411	  0.025309	  0.097592	  0.039816	  0.114649
 -0.039059	  0.158440	 -0.062999	  0.038802	  0.102628	 -0.011910	  0.073439
 -0.003139	  0.140258	 -0.059071	  0.025119	  0.111339	  0.004846	 -0.008536
  0.020237	  0.111941	 -0.047415	  0.011055	  0.055907	  0.003231	 -0.045850
  0.003544	  0.105225	 -0.040415	 -0.002851	  0.053373	  0.008489	 -0.077145
  0.008929	  0.079948	 -0.051469	  0.008204	  0.012543	 -0.058821	 -0.154338
  0.023342	  0.080170	 -0.072153	  0.011688	 -0.041495	 -0.085302	 -0.214806
  0.025464	  0.075831	 -0.086502	  0.025119	 -0.082799	 -0.115647	 -0.281483
  0.041650	  0.057427	 -0.087072	 -0.029743	 -0.136901	 -0.173486	 -0.335869
  0.038197	  0.056477	 -0.136169	 -0.039753	 -0.195278	 -0.233700	 -0.401912
  0.014314	  0.054767	 -0.083240	 -0.045074	 -0.217324	 -0.252326	 -0.457629
  0.016595	  0.070984	 -0.087769	 -0.061292	 -0.206365	 -0.273390	 -0.512079
  0.021694	  0.067753	 -0.059135	 -0.083433	 -0.216627	 -0.322771	 -0.526745
 -0.002506	  0.057332	 -0.080579	 -0.052486	 -0.224483	 -0.356854	 -0.565674
 -0.018343	  0.054830	 -0.095878	 -0.054925	 -0.214030	 -0.353211	 -0.604064
 -0.033421	  0.062210	 -0.135377	 -0.035096	 -0.170033	 -0.400091	 -0.639635
 -0.066300	  0.043680	 -0.133033	 -0.017960	 -0.172694	 -0.435631	 -0.703334
 -0.038964	  0.026544	 -0.101706	 -0.041875	 -0.203102	 -0.467401	 -0.705330
 -0.052426	  0.003484	 -0.089131	 -0.057142	 -0.241999	 -0.450961	 -0.679831
 -0.046946	 -0.014032	 -0.081973	 -0.067120	 -0.247606	 -0.448047	 -0.673275
 -0.000700	 -0.008077	 -0.073325	 -0.082387	 -0.236076	 -0.428250	 -0.646256
 -0.004026	 -0.011086	 -0.061795	 -0.089863	 -0.218275	 -0.417512	 -0.562759
 -0.018407	  0.032467	 -0.045483	 -0.124801	 -0.243932	 -0.424608	 -0.547777
 -0.030538	  0.045232	 -0.028220	 -0.130154	 -0.269779	 -0.386312	 -0.539130
 -0.029366	  0.026671	 -0.036867	 -0.136014	 -0.273516	 -0.370538	 -0.523735
 -0.008524	  0.050617	 -0.024862	 -0.106714	 -0.240447	 -0.339971	 -0.485725
  0.008676	  0.029300	 -0.002436	 -0.126606	 -0.212541	 -0.292933	 -0.443629
  0.023373	  0.025784	 -0.001644	 -0.149191	 -0.201487	 -0.262778	 -0.380341
  0.008549	  0.019892	 -0.014726	 -0.134240	 -0.192142	 -0.264616	 -0.347019
  0.017862	  0.028159	 -0.014694	 -0.100759	 -0.152200	 -0.243742	 -0.293298
  0.000662	  0.071269	 -0.016880	 -0.046848	 -0.136647	 -0.224356	 -0.287343
 -0.011311	  0.060880	 -0.014187	 -0.014159	 -0.082261	 -0.226225	 -0.263523
 -0.013814	  0.048970	 -0.031070	 -0.008869	 -0.068704	 -0.222329	 -0.223042
  0.022930	  0.051979	 -0.017038	 -0.005923	 -0.050300	 -0.196830	 -0.166786
  0.023975	  0.033354	 -0.022265	  0.038074	 -0.033291	 -0.145453	 -0.158773
  0.021853	  0.044409	 -0.011147	  0.036332	  0.000792	 -0.155874	 -0.148763
  0.027048	  0.012829	 -0.024925	  0.037630	 -0.000095	 -0.188373	 -0.113097
  0.026826	 -0.013367	 -0.046306	  0.039626	 -0.035318	 -0.197844	 -0.089340
  0.018907	 -0.053215	 -0.052736	  0.028983	 -0.034494	 -0.203102	 -0.078222
  0.020966	 -0.056921	 -0.084570	  0.030503	 -0.028476	 -0.235981	 -0.102992
  0.007282	 -0.029173	 -0.076049	  0.005607	 -0.037884	 -0.264647	 -0.128713
  0.019350	 -0.058916	 -0.065691	 -0.032657	 -0.074595	 -0.272218	 -0.177398
  0.008391	 -0.057491	 -0.029613	 -0.023471	 -0.108583	 -0.300250	 -0.197670
 -0.008270	 -0.064554	 -0.020269	 -0.044979	 -0.095089	 -0.329930	 -0.222313
 -0.045742	 -0.062179	 -0.055302	 -0.044345	 -0.096356	 -0.356917	 -0.247178
 -0.079572	 -0.082419	 -0.071741	 -0.038454	 -0.111909	 -0.333636	 -0.287216
 -0.070386	 -0.091162	 -0.086534	 -0.025720	 -0.144725	 -0.323563	 -0.301058
 -0.092337	 -0.086410	 -0.081086	 -0.025467	 -0.159707	 -0.298255	 -0.313791
 -0.113559	 -0.066613	 -0.058881	 -0.026100	 -0.161259	 -0.309404	 -0.337643
 -0.065698	 -0.084256	 -0.019255	 -0.023440	 -0.189355	 -0.330880	 -0.298777
 -0.050494	 -0.081817	 -0.021441	 -0.037630	 -0.215646	 -0.330278	 -0.247305
 -0.029588	 -0.067975	 -0.039464	 -0.049730	 -0.188817	 -0.351786	 -0.221363
  0.005698	 -0.081374	 -0.050582	 -0.016693	 -0.194265	 -0.336202	 -0.229852
 -0.028543	 -0.037630	 -0.008581	  0.001457	 -0.207473	 -0.318432	 -0.189941
 -0.064938	 -0.031644	 -0.016911	  0.029616	 -0.195595	 -0.248841	 -0.175370
 -0.096581	 -0.045011	 -0.013395	  0.020842	 -0.175069	 -0.190875	 -0.119749
 -0.092115	 -0.051504	 -0.003228	 -0.009566	 -0.168513	 -0.195817	 -0.071602
 -0.074694	 -0.040354	 -0.015391	  0.018625	 -0.143331	 -0.162114	 -0.045248
 -0.093350	 -0.047640	 -0.000124	  0.039467	 -0.134747	 -0.117389	  0.007650
 -0.105704	 -0.035286	  0.010393	  0.087297	 -0.117832	 -0.118592	  0.035144
 -0.113052	 -0.001647	  0.005990	  0.112891	 -0.089609	 -0.115710	  0.019560
 -0.107161	  0.008141	 -0.002974	  0.137724	 -0.076749	 -0.056065	 -0.015473
 -0.117804	  0.012353	 -0.040605	  0.106429	 -0.014507	  0.000887	 -0.033275
 -0.121636	  0.035381	 -0.028378	  0.088374	 -0.007760	  0.017580	 -0.013795
 -0.095346	  0.043775	 -0.006649	  0.096926	 -0.004688	  0.021983	 -0.003532
 -0.029208	  0.073012	 -0.009341	  0.095913	  0.047766	  0.066423	 -0.004514
 -0.009759	  0.046594	 -0.028410	  0.098035	  0.040006	  0.085618	  0.027763
  0.002024	  0.072885	 -0.045831	  0.118244	  0.058188	  0.084161	  0.001726
  0.001169	  0.070256	 -0.055555	  0.133638	  0.100347	  0.118054	  0.046927
  0.001517	  0.040038	 -0.012604	  0.078396	  0.105352	  0.174499	  0.069100
  0.016183	 -0.016756	  0.023728	  0.101139	  0.142729	  0.190654	  0.110784
 -0.007447	 -0.015204	  0.021162	  0.055590	  0.148779	  0.204591	  0.097101
 -0.028638	 -0.016535	  0.026896	  0.065758	  0.167531	  0.201993	  0.105305
 -0.054105	 -0.000380	  0.061675	  0.104940	  0.155114	  0.194075	  0.143727
 -0.081187	  0.014000	  0.036081	  0.095628	  0.144281	  0.166200	  0.151044
 -0.079603	  0.043617	  0.053503	  0.125308	  0.142792	  0.147417	  0.215883
 -0.081630	  0.088501	  0.085368	  0.129932	  0.167277	  0.167879	  0.225924
 -0.069689	  0.067152	  0.105672	  0.134557	  0.177508	  0.198129	  0.242490
 -0.065413	  0.048780	  0.108808	  0.154037	  0.132434	  0.191541	  0.261084
 -0.042290	  0.053595	  0.081630	  0.142032	  0.094139	  0.147227	  0.310909
 -0.022556	  0.065093	  0.094269	  0.172219	  0.097497	  0.181278	  0.335869
 -0.023158	  0.075292	  0.122080	  0.152612	  0.113936	  0.193663	  0.332670
 -0.062277	  0.084795	  0.108554	  0.137598	  0.138833	  0.159960	  0.345340
 -0.072603	  0.069591	  0.076436	  0.131674	  0.136584	  0.113144	  0.348159
 -0.043357	  0.025065	  0.044529	  0.033430	 -0.064434	 -0.008467	  0.007909
 -0.072815	  0.018476	  0.025746	 -0.002553	 -0.049578	 -0.007738	  0.014339
 -0.056692	  0.015245	  0.003383	 -0.014938	  0.026981	  0.011267	 -0.013662
 -0.059385	  0.019585	 -0.022496	 -0.041545	 -0.008527	  0.036671	 -0.018350
 -0.030655	 -0.021561	 -0.025790	 -0.044935	  0.013931	  0.027073	 -0.031020
 -0.037022	 -0.006262	 -0.001020	 -0.079144	  0.012474	  0.035784	 -0.016702
 -0.031606	  0.017906	  0.039429	 -0.051903	  0.015071	  0.042309	 -0.026775
  0.006183	  0.017874	  0.030339	 -0.019879	  0.019696	 -0.014834	 -0.064247
  0.021197	  0.049740	  0.035280	 -0.007273	  0.007849	 -0.002955	  0.061472
  0.033582	  0.065324	  0.003605	 -0.028432	 -0.027691	 -0.022911	 -0.057088
  0.041469	  0.039160	  0.010478	 -0.027957	 -0.048280	 -0.026268	 -0.090094
  0.034121	  0.022056	  0.009211	  0.015344	 -0.022718	  0.072020	  0.176264
  0.021229	 -0.016968	 -0.041026	  0.012651	 -0.005613	 -0.038653	 -0.115339
  0.008939	 -0.054694	 -0.038302	  0.036883	  0.020709	  0.018299	 -0.026680
  0.014735	 -0.061377	 -0.021134	  0.015122	  0.042122	  0.071893	  0.138032
  0.040836	 -0.041517	 -0.041026	  0.027887	  0.015515	 -0.046509	 -0.230321
  0.015242	 -0.053237	  0.008388	  0.056997	  0.035375	  0.007276	  0.110727
  0.035103	 -0.017570	  0.019664	  0.030104	  0.007406	 -0.016101	  0.142118
  0.045175	 -0.009937	 -0.011504	  0.041856	 -0.010047	 -0.112805	 -0.138874
  0.013722	 -0.007307	 -0.027754	  0.048286	  0.019759	 -0.025350	  0.178291
 -0.005664	 -0.040725	 -0.018283	  0.016706	  0.043959	 -0.119140	 -0.009892
 -0.026348	 -0.046427	 -0.018220	  0.019050	  0.015039	 -0.124240	 -0.126236
 -0.049946	 -0.050164	 -0.009952	  0.041412	  0.043832	 -0.004539	  0.227388
 -0.028121	 -0.052413	  0.016021	  0.046259	  0.001514	 -0.108054	 -0.051862
  0.007862	 -0.003475	 -0.031111	  0.063522	 -0.027881	 -0.084076	 -0.000200
  0.014070	 -0.011837	 -0.052239	  0.066499	 -0.022369	  0.015290	  0.243162
  0.011536	 -0.020516	 -0.054298	  0.051548	 -0.096521	 -0.062822	 -0.125729
  0.019962	 -0.057513	  0.015261	  0.083192	 -0.094525	 -0.009639	  0.092292
 -0.022293	 -0.058970	  0.020646	  0.132099	 -0.120848	  0.007529	  0.171291
 -0.057168	 -0.046617	 -0.010934	  0.101532	 -0.132029	 -0.085691	 -0.136720
 -0.064516	 -0.052065	 -0.046031	  0.102894	 -0.075140	  0.009842	  0.211170
 -0.052100	 -0.057988	 -0.062850	  0.110053	 -0.063642	 -0.039794	  0.081554
 -0.047855	 -0.045033	 -0.051130	  0.111478	 -0.096489	 -0.119552	 -0.140870
 -0.041267	 -0.040503	 -0.031016	  0.106917	 -0.070357	  0.010982	  0.204455
 -0.044846	 -0.004805	 -0.047203	  0.092568	 -0.096268	 -0.085121	 -0.056170
 -0.028185	 -0.001764	 -0.038428	  0.108311	 -0.084104	 -0.111697	 -0.105140
 -0.025176	  0.000136	 -0.031998	  0.110813	 -0.001622	  0.004615	  0.203821
 -0.030687	  0.009797	 -0.005993	  0.072391	 -0.053601	 -0.089271	 -0.169029
 -0.022958	  0.003842	 -0.023890	  0.110845	 -0.011790	 -0.007453	 -0.082270
 -0.047855	  0.008213	 -0.018410	  0.128234	  0.024827	  0.035277	  0.118108
 -0.045416	 -0.007751	 -0.042578	  0.106917	 -0.059556	 -0.088574	 -0.191867
 -0.065467	  0.032128	 -0.050338	  0.131434	 -0.040867	  0.008353	  0.070025
 -0.052131	  0.063582	 -0.035609	  0.114392	 -0.050940	  0.011140	  0.040820
 -0.035882	  0.079008	 -0.024365	  0.109831	 -0.071909	 -0.088985	 -0.268711
 -0.019981	  0.080750	 -0.036813	  0.098048	 -0.052397	  0.004362	  0.064260
 -0.002338	  0.111602	 -0.010491	  0.068875	 -0.032854	 -0.051387	 -0.104348
  0.004124	  0.116511	 -0.007925	  0.078726	 -0.009034	 -0.065894	 -0.256041
 -0.018144	  0.092343	 -0.014862	  0.086993	  0.039651	  0.046458	  0.084849
  0.000133	  0.085881	 -0.060189	  0.068526	 -0.003364	 -0.032065	 -0.223352
  0.013088	  0.106882	 -0.059398	  0.101849	  0.002908	 -0.006535	 -0.165576
  0.048216	  0.072007	 -0.062185	  0.113410	  0.022008	  0.066730	  0.083107
  0.051257	  0.053509	 -0.087810	  0.087627	 -0.027279	 -0.025128	 -0.267096
  0.057117	  0.019490	 -0.078878	  0.085473	 -0.023446	  0.045793	 -0.071311
  0.007862	  0.027820	 -0.057497	  0.127537	 -0.052651	  0.089188	  0.059825
 -0.000912	  0.003177	 -0.074063	  0.132764	 -0.074412	  0.009050	 -0.246443
 -0.001641	  0.007041	 -0.052967	  0.136850	 -0.040994	  0.131570	  0.066762
 -0.009718	  0.044767	 -0.023351	  0.109451	 -0.080905	  0.075885	 -0.017494
 -0.000532	  0.021992	 -0.015337	  0.096401	 -0.080588	 -0.014770	 -0.214895
  0.004029	 -0.013643	 -0.011568	  0.116166	 -0.021609	  0.086464	  0.155041
 -0.036737	 -0.027073	 -0.002477	  0.127031	 -0.062755	  0.022132	 -0.077867
 -0.035660	 -0.025806	  0.016116	  0.131845	 -0.088032	 -0.008562	 -0.137860
 -0.047697	 -0.019312	  0.011302	  0.128108	 -0.049578	  0.049626	  0.186400
 -0.066797	  0.031241	 -0.026297	  0.096654	 -0.080588	 -0.013788	 -0.176283
 -0.071010	 -0.011394	 -0.030003	  0.100835	 -0.055565	  0.007783	 -0.038685
 -0.055711	 -0.033471	 -0.025948	  0.086360	 -0.002224	  0.048929	  0.129036
 -0.086436	 -0.057893	 -0.040392	  0.075083	  0.016211	 -0.074066	 -0.250308
 -0.126727	 -0.086686	 -0.079163	  0.124212	  0.076014	  0.013833	  0.045413
 -0.116400	 -0.075093	 -0.097123	  0.115976	  0.082349	  0.032743	  0.062771
 -0.105251	 -0.024412	 -0.105485	  0.118858	  0.068982	 -0.037925	 -0.175712
 -0.104205	 -0.022670	 -0.110807	  0.123325	  0.079847	  0.062581	  0.169770
 -0.047190	 -0.038951	 -0.131079	  0.100804	  0.054317	 -0.025445	 -0.027820
 -0.059955	 -0.052888	 -0.093322	  0.090129	  0.059543	 -0.071184	 -0.187116
 -0.047887	 -0.087224	 -0.070927	  0.141855	  0.052606	  0.065622	  0.160173
 -0.053652	 -0.081744	 -0.047614	  0.159466	  0.034995	 -0.028296	 -0.121041
 -0.080037	 -0.059318	 -0.075805	  0.154176	 -0.013247	 -0.041758	 -0.085374
 -0.113138	 -0.068599	 -0.107196	  0.123071	 -0.020088	  0.038666	  0.102999
 -0.126283	 -0.086401	 -0.147423	  0.082590	 -0.050877	 -0.093357	 -0.275426
 -0.091504	 -0.092672	 -0.103363	  0.093043	 -0.033741	 -0.007770	 -0.019046
 -0.090237	 -0.057069	 -0.095792	  0.108817	 -0.045080	  0.042087	  0.059825
 -0.082888	 -0.051209	 -0.116888	  0.125162	 -0.089172	 -0.033205	 -0.276092
 -0.113138	 -0.051336	 -0.112644	  0.137579	 -0.028926	  0.115289	  0.039205
 -0.137084	 -0.027390	 -0.111693	  0.141253	 -0.043528	  0.061092	 -0.014548
 -0.121152	 -0.007054	 -0.094209	  0.100804	 -0.070199	 -0.031748	 -0.210904
 -0.111237	  0.047903	 -0.119010	  0.071662	 -0.054488	  0.104931	  0.144113
 -0.157167	  0.083506	 -0.099752	  0.051042	 -0.116476	  0.013421	 -0.107864
 -0.106201	  0.058672	 -0.099372	  0.035236	 -0.105548	 -0.000706	 -0.159020
 -0.072530	  0.102923	 -0.136147	  0.085314	 -0.039886	  0.090899	  0.154186
 -0.022832	  0.133109	 -0.148057	  0.065359	 -0.052999	 -0.030291	 -0.213945
 -0.042629	  0.133838	 -0.119106	  0.052942	 -0.021767	  0.009366	 -0.077519
 -0.036515	  0.125254	 -0.078403	  0.020190	 -0.022084	  0.059097	  0.118520
 -0.043104	  0.098266	 -0.081982	 -0.004295	 -0.050845	 -0.068397	 -0.215655
 -0.035438	  0.070170	 -0.058131	  0.019556	 -0.045809	  0.016335	  0.072432
 -0.021153	  0.051102	 -0.040994	  0.033113	 -0.010934	  0.070880	  0.088840
 -0.021406	  0.081795	 -0.054171	  0.013348	 -0.052366	 -0.010684	 -0.181034
 -0.023814	  0.069600	 -0.063135	  0.023801	 -0.014577	  0.103442	  0.175028
 -0.033918	  0.057057	 -0.064181	 -0.011992	 -0.017776	  0.131570	 -0.038495
  0.045872	  0.056645	 -0.068108	  0.001185	  0.005632	  0.070658	 -0.142770
  0.058637	  0.053763	 -0.096996	  0.016040	  0.007722	  0.175630	  0.228940
  0.064149	  0.018445	 -0.085498	 -0.005847	 -0.036370	  0.045951	 -0.058039
  0.061742	  0.046541	 -0.079891	 -0.020893	 -0.003776	  0.036607	 -0.015847
  0.068900	  0.108149	 -0.060094	 -0.016744	  0.014469	  0.085355	  0.203536
  0.063230	  0.128770	 -0.048248	 -0.030301	 -0.018125	 -0.040839	 -0.164753
  0.059493	  0.093167	 -0.032822	 -0.029350	  0.035407	  0.038603	  0.107180
  0.060094	  0.110905	 -0.054171	  0.005588	  0.025271	  0.051083	  0.176992
  0.057592	  0.067129	 -0.052492	 -0.000082	  0.023909	 -0.056297	 -0.176378
  0.069249	  0.016956	 -0.017459	  0.044136	  0.074621	  0.087636	  0.149593
  0.073746	 -0.001258	  0.011809	  0.021869	  0.095400	  0.057798	  0.078862
  0.063927	 -0.023082	  0.051941	 -0.011992	  0.077820	 -0.034251	 -0.121738
  0.058321	 -0.001828	  0.067399	  0.002103	  0.109749	  0.107370	  0.208382
  0.014134	  0.041694	  0.053557	 -0.000874	  0.085042	  0.046015	 -0.060034
 -0.011904	  0.031812	  0.050896	  0.038055	  0.084187	  0.069454	 -0.090823
 -0.061824	  0.039889	  0.057073	  0.038467	  0.114722	  0.187033	  0.213672
 -0.086467	  0.023418	  0.049185	  0.035552	  0.080132	  0.076138	 -0.162757
 -0.106138	  0.011349	  0.043104	  0.060671	  0.108133	  0.119755	 -0.020345
 -0.129926	 -0.013453	  0.016465	  0.013158	  0.140220	  0.178513	  0.144842
 -0.144655	  0.007865	  0.024542	 -0.018454	  0.095400	  0.037209	 -0.205075
 -0.134012	  0.026110	  0.010320	 -0.035305	  0.121278	  0.158399	 -0.001562
 -0.130623	  0.023829	  0.002813	 -0.029224	  0.107595	  0.181965	 -0.001657
 -0.094101	  0.051355	 -0.050053	 -0.036446	  0.057453	  0.116524	 -0.119806
 -0.096318	  0.025952	 -0.073081	 -0.014178	  0.056946	  0.121750	  0.028878
 -0.095115	 -0.002810	 -0.104693	 -0.017852	  0.030339	  0.052096	 -0.048726
 -0.065530	  0.002290	 -0.110173	 -0.015540	  0.000659	  0.037177	 -0.053414
 -0.031447	  0.027504	 -0.117965	 -0.036826	 -0.021482	  0.030114	 -0.036880
 -0.017130	  0.033775	 -0.103141	  0.013886	 -0.013658	  0.031317	 -0.044925
  0.003396	  0.054871	 -0.087430	 -0.017884	  0.039398	 -0.002100	 -0.083474
  0.017808	  0.038653	 -0.048660	 -0.034672	  0.029452	 -0.021359	 -0.084202
  0.001970	  0.024209	 -0.021546	 -0.041640	  0.036040	 -0.015752	 -0.068650
 -0.002939	  0.033142	 -0.011916	 -0.077117	  0.030624	 -0.002892	 -0.070392
  0.019202	 -0.011805	 -0.035419	 -0.107747	  0.068191	 -0.007041	 -0.094117
  0.026043	 -0.045255	 -0.044098	 -0.101317	  0.048013	  0.013199	 -0.090854
  0.009826	 -0.053205	 -0.064022	 -0.066981	  0.027773	 -0.015404	 -0.032540
  0.026233	 -0.053902	 -0.077326	 -0.034925	 -0.003807	  0.012629	 -0.019490
  0.026107	 -0.047187	 -0.059904	 -0.007051	 -0.023193	 -0.005268	 -0.019933
 -0.001039	 -0.053395	 -0.055945	  0.015660	 -0.032062	 -0.042835	 -0.012078
 -0.032017	 -0.046680	 -0.049198	  0.007013	 -0.051289	 -0.064595	 -0.053034
 -0.024320	 -0.010412	 -0.049420	  0.010244	 -0.041343	 -0.050532	 -0.053382
 -0.035565	  0.004634	 -0.047044	 -0.024979	 -0.046854	 -0.003906	 -0.043215
 -0.023053	  0.060731	 -0.059461	 -0.041830	 -0.046664	 -0.003335	 -0.026268
 -0.052036	  0.088225	 -0.077833	 -0.067868	 -0.040107	 -0.010082	 -0.070265
 -0.063629	  0.090823	 -0.085403	 -0.086999	 -0.024713	  0.012090	 -0.072578
 -0.037276	  0.086198	 -0.083091	 -0.042401	 -0.034786	  0.035815	 -0.043215
 -0.013424	  0.088035	 -0.066873	 -0.083040	 -0.048596	  0.022923	 -0.065229
 -0.003098	  0.065958	 -0.078688	 -0.117661	 -0.043972	 -0.007612	 -0.065324
  0.005454	  0.070487	 -0.082077	 -0.116933	 -0.065574	  0.054947	 -0.059116
  0.029274	  0.072609	 -0.095412	 -0.120544	 -0.069344	  0.057291	 -0.034694
  0.016858	  0.072958	 -0.134500	 -0.103597	 -0.056547	  0.051906	 -0.040744
 -0.018714	  0.093642	 -0.112232	 -0.096660	 -0.012518	  0.048961	 -0.052749
 -0.006012	  0.081225	 -0.059809	 -0.112308	 -0.003839	  0.005534	 -0.055695
  0.008464	  0.079610	 -0.062407	 -0.109426	  0.009623	 -0.026142	 -0.033870
  0.020247	  0.051165	 -0.043877	 -0.106701	 -0.002540	 -0.037766	 -0.045432
  0.048786	  0.061903	 -0.050592	 -0.093144	 -0.022496	 -0.068397	 -0.011983
  0.070135	  0.055663	 -0.042578	 -0.100335	  0.038574	 -0.072388	  0.008765
  0.055216	  0.049423	 -0.040519	 -0.110883	  0.049344	 -0.082619	  0.041422
  0.072670	  0.062790	 -0.087747	 -0.098878	  0.030845	 -0.076474	  0.050354
  0.080588	  0.052527	 -0.131364	 -0.081931	  0.030149	 -0.057247	  0.038444
  0.088349	  0.071057	 -0.116983	 -0.079207	  0.015420	 -0.062347	  0.070341
  0.114449	  0.085850	 -0.089711	 -0.043319	 -0.017111	 -0.060446	  0.056658
  0.097978	  0.091995	 -0.100322	 -0.079682	  0.006614	 -0.053351	  0.047979
  0.066810	  0.114136	 -0.077674	 -0.068754	 -0.019455	 -0.072641	  0.056341
  0.047076	  0.091108	 -0.062502	 -0.037839	 -0.044257	 -0.049835	  0.006991
  0.036306	  0.036626	 -0.047519	 -0.003123	 -0.051004	 -0.050120	  0.029734
  0.044764	  0.025413	 -0.054836	 -0.012721	 -0.049927	 -0.041156	  0.055327
  0.047298	  0.011761	 -0.085973	 -0.014526	 -0.071307	 -0.040427	  0.001162
  0.063610	  0.002449	 -0.085688	  0.037833	 -0.049990	 -0.036753	  0.007339
  0.084548	  0.064500	 -0.100861	  0.069223	 -0.000640	  0.003887	 -0.002417
  0.076376	  0.093927	 -0.128006	  0.078504	 -0.012043	  0.037146	 -0.040174
  0.050940	  0.069759	 -0.137350	  0.062952	  0.011143	  0.035847	 -0.040997
  0.061330	  0.059306	 -0.149989	  0.096337	 -0.007165	  0.061567	 -0.027282
  0.059841	  0.062948	 -0.082299	  0.057440	 -0.038777	  0.048834	  0.015543
  0.061045	  0.067383	 -0.054266	  0.050218	 -0.056547	  0.076423	  0.030177
  0.084009	  0.054111	 -0.004187	  0.043440	 -0.082362	  0.126185	  0.010507
  0.079701	  0.088922	  0.001482	 -0.002996	 -0.117870	  0.094985	  0.010823
  0.108209	  0.074573	 -0.040297	 -0.027355	 -0.106657	  0.081966	  0.030209
  0.106594	  0.085881	 -0.100797	 -0.010567	 -0.110331	  0.040725	  0.061409
  0.078656	  0.089080	 -0.133074	 -0.052758	 -0.073240	  0.033915	  0.096885
  0.048311	  0.067921	 -0.102191	 -0.080063	 -0.080145	  0.008131	  0.083043
  0.050560	  0.042454	 -0.049990	 -0.110091	 -0.071307	  0.005059	  0.097867
  0.018125	  0.070044	 -0.026202	 -0.116489	 -0.055565	 -0.039224	  0.070088
 -0.003510	  0.040744	 -0.038650	 -0.104199	 -0.055977	 -0.040110	  0.080446
 -0.027646	  0.054839	 -0.050592	 -0.118516	 -0.069407	 -0.006440	  0.057354
 -0.080671	  0.085596	 -0.031935	 -0.080506	 -0.066524	 -0.031431	  0.080129
 -0.070345	  0.086705	 -0.020817	 -0.098086	 -0.058922	 -0.027124	  0.100845
 -0.050801	  0.138304	 -0.033614	 -0.086017	 -0.025885	 -0.025191	  0.075061
 -0.049756	  0.152716	 -0.022749	 -0.072809	 -0.016161	 -0.035169	  0.027991
 -0.078485	  0.144164	 -0.016699	 -0.113575	  0.001451	 -0.027694	  0.012090
 -0.076363	  0.127028	 -0.015781	 -0.102109	  0.005030	 -0.011793	  0.016335
 -0.065720	  0.095289	 -0.003491	 -0.119023	  0.026221	 -0.015657	 -0.003811
 -0.059733	  0.069949	  0.036420	 -0.120480	  0.021881	  0.014371	 -0.031115
 -0.045289	  0.084393	  0.022673	 -0.115349	  0.029293	  0.003411	 -0.035866
 -0.046683	  0.084646	 -0.010934	 -0.108697	  0.027361	 -0.004919	 -0.009575
 -0.028628	  0.068143	  0.001767	 -0.082470	  0.003415	  0.026028	 -0.021295
 -0.042058	  0.086293	  0.001831	 -0.039962	 -0.023541	  0.030399	  0.001511
 -0.039746	  0.076252	  0.007722	  0.000329	 -0.076217	  0.051716	  0.030430
 -0.028596	  0.057278	  0.014438	  0.026430	 -0.080620	  0.049087	  0.019154
 -0.049059	  0.074922	  0.024162	  0.006031	 -0.047298	  0.031761	  0.041929
 -0.079530	  0.037481	  0.034235	  0.025448	 -0.064497	  0.018964	  0.086939
 -0.070345	  0.047871	  0.071675	  0.044580	 -0.050370	 -0.028549	  0.088523
 -0.089381	  0.013567	  0.032936	  0.066056	 -0.025568	 -0.028232	  0.053648
 -0.082508	 -0.007973	  0.033379	  0.084111	 -0.004346	  0.004520	  0.045856
 -0.098947	 -0.007561	  0.042217	  0.085568	 -0.019487	  0.010285	  0.005945
 -0.076141	  0.039160	  0.099011	  0.073911	  0.005125	 -0.015119	 -0.019078
 -0.073512	  0.089271	  0.118681	  0.057915	 -0.016668	 -0.027472	 -0.003019
 -0.056154	  0.069442	  0.130844	  0.091776	  0.000057	 -0.043690	  0.039331
 -0.037497	  0.079388	  0.113170	  0.108817	  0.021723	 -0.063392	  0.056974
  0.015210	  0.053066	  0.122482	  0.103654	  0.013392	 -0.070519	  0.069740
  0.018378	  0.056518	  0.100119	  0.129565	 -0.031555	 -0.118855	  0.047662
 -0.004143	  0.052781	  0.134044	  0.100107	 -0.013405	 -0.167920	  0.026534
  0.007925	  0.049866	  0.120518	  0.138275	 -0.001400	 -0.195985	  0.056911
  0.008559	  0.044165	  0.110509	  0.107772	 -0.026772	 -0.169409	  0.087161
  0.023161	  0.045970	  0.047507	  0.099378	  0.001989	 -0.104823	  0.097867
 -0.002021	  0.077202	  0.060874	  0.090161	 -0.011980	 -0.119425	  0.119501
  0.004473	  0.053763	  0.016433	  0.077744	 -0.040677	 -0.141281	  0.095618
  0.031650	  0.046414	  0.045131	  0.055349	 -0.041723	 -0.170929	  0.058463
