:RUN-5	LEVEL SWEEP	TEMP:NaN	8/27/2019	11:27 AM	HR:321.31:SW EAR: R	SW FREQ: 22.60	# AVERAGES: 512	REP RATE (/sec): 80	DRIVER: 	SAMPLE (µsec): 40	MASKER dB: 0:NOTES-:CHAMBER-SEWELL-PXI1:CFTS Version: V2.7.2 (R850):LEVELS:20;30;40;50;60;70;80;:DATA -0.022330	 -0.000040	  0.083135	 -0.044022	 -0.023992	 -0.132184	 -0.005112
 -0.001772	 -0.014927	  0.079366	 -0.040190	 -0.011322	 -0.144728	 -0.016547
 -0.043552	 -0.009004	  0.046138	 -0.067937	  0.024629	 -0.160692	 -0.002673
 -0.068164	  0.013739	  0.039423	 -0.069679	  0.009868	 -0.131963	 -0.001882
 -0.059136	  0.030147	  0.058333	 -0.058625	 -0.006793	 -0.100572	 -0.020095
 -0.035348	  0.029228	  0.034545	 -0.063218	  0.027575	 -0.080078	 -0.038181
 -0.043457	  0.044813	  0.020006	 -0.030180	 -0.011006	 -0.052299	 -0.067133
 -0.042633	  0.051338	  0.003883	 -0.008704	 -0.030137	 -0.019357	 -0.053512
 -0.034968	  0.046080	 -0.003909	 -0.023212	  0.022317	 -0.033642	 -0.056078
 -0.009754	  0.013739	 -0.038403	 -0.017130	  0.002615	  0.008327	 -0.043503
  0.000698	  0.008734	 -0.019873	  0.018473	  0.003153	  0.040668	 -0.023896
 -0.021316	  0.013011	 -0.016104	  0.047994	  0.013765	  0.079090	 -0.017941
  0.006020	 -0.030860	 -0.003845	  0.055818	 -0.009073	  0.034808	 -0.026778
  0.062339	 -0.015307	 -0.030959	  0.078434	 -0.013951	  0.024830	 -0.014963
  0.077638	 -0.055060	 -0.021330	  0.070832	 -0.040844	  0.003893	  0.011992
  0.075230	 -0.022814	 -0.049490	  0.026550	 -0.031151	  0.073927	  0.052948
  0.045804	 -0.033584	 -0.063015	 -0.009940	 -0.021680	  0.102530	  0.096914
  0.015522	 -0.022371	 -0.056015	  0.026360	 -0.000584	  0.130784	  0.101602
  0.022935	 -0.025380	 -0.037706	  0.065479	  0.026973	  0.175922	  0.067551
  0.076244	 -0.021484	 -0.024181	  0.042895	  0.069640	  0.180736	  0.057288
  0.057524	 -0.025760	  0.004454	  0.050687	  0.118641	  0.168985	  0.043287
  0.040578	 -0.005931	  0.039676	  0.068773	  0.160865	  0.159830	  0.057351
  0.018247	 -0.007832	  0.050731	  0.077136	  0.174929	  0.199773	  0.089628
  0.002124	 -0.003239	  0.084719	  0.085593	  0.184684	  0.186659	  0.091814
 -0.057394	 -0.022307	  0.107430	  0.066113	  0.199730	  0.190112	  0.099194
 -0.019194	 -0.054236	  0.110154	  0.094716	  0.210342	  0.180103	  0.089723
 -0.023533	 -0.035009	  0.105561	  0.098675	  0.170716	  0.153622	  0.127607
 -0.012700	  0.001417	  0.153106	  0.103680	  0.166408	  0.171234	  0.250412
 -0.039434	  0.031572	  0.142368	  0.094462	  0.151520	  0.235598	  0.305369
 -0.061829	  0.053175	  0.112213	  0.093512	  0.178476	  0.269300	  0.331755
 -0.091793	  0.030084	  0.110471	  0.106879	  0.190101	  0.294894	  0.400965
 -0.118622	  0.020708	  0.084845	  0.139061	  0.223645	  0.320899	  0.444107
 -0.091033	  0.029260	  0.075660	  0.121449	  0.256778	  0.319221	  0.460895
 -0.085142	  0.022101	  0.041672	  0.139663	  0.297385	  0.323085	  0.400585
 -0.098952	  0.019314	  0.028685	  0.154487	  0.324151	  0.253684	  0.266218
 -0.091698	 -0.002447	  0.037808	  0.167949	  0.305304	  0.187895	  0.144680
 -0.126953	 -0.046539	  0.014336	  0.187873	  0.228396	  0.129105	  0.037016
 -0.128917	 -0.013913	  0.011802	  0.198072	  0.184304	  0.007694	 -0.111636
 -0.123532	  0.020043	  0.035939	  0.165827	  0.102709	 -0.136587	 -0.266212
 -0.112161	  0.067714	  0.031694	  0.140613	  0.005719	 -0.231581	 -0.343120
 -0.114948	  0.083615	  0.005372	  0.074000	 -0.033400	 -0.296706	 -0.426236
 -0.076209	  0.082253	 -0.037928	  0.029528	 -0.085728	 -0.342413	 -0.532031
 -0.135854	  0.057609	 -0.020443	 -0.008293	 -0.120729	 -0.372505	 -0.568775
 -0.098889	  0.043261	 -0.004986	 -0.060303	 -0.150029	 -0.376781	 -0.566779
 -0.069272	  0.048994	 -0.024181	 -0.109210	 -0.134729	 -0.360848	 -0.534660
 -0.067530	  0.060904	 -0.054209	 -0.119695	 -0.189781	 -0.365948	 -0.475966
 -0.042095	  0.048487	 -0.065454	 -0.151433	 -0.179582	 -0.293697	 -0.419932
  0.003929	  0.057578	 -0.008818	 -0.161316	 -0.181134	 -0.243460	 -0.272991
 -0.008012	  0.037211	 -0.002262	 -0.157737	 -0.157599	 -0.189675	 -0.106790
 -0.030407	  0.040346	  0.011802	 -0.141677	 -0.125765	 -0.096454	  0.049211
 -0.045041	  0.028500	  0.002901	 -0.081969	 -0.056523	 -0.007637	  0.168912
 -0.016976	  0.018047	  0.040658	 -0.009148	 -0.036789	  0.105349	  0.264793
 -0.013841	  0.025016	  0.046518	  0.005454	  0.075911	  0.201072	  0.367168
  0.022396	  0.010508	  0.060044	  0.033265	  0.144837	  0.254350	  0.439071
  0.058316	 -0.001687	  0.071415	  0.051384	  0.157507	  0.268699	  0.466786
  0.089041	  0.022101	  0.085099	  0.086733	  0.165204	  0.253336	  0.439292
  0.104562	  0.029640	  0.120417	  0.092181	  0.191590	  0.262744	  0.406160
  0.102028	  0.036767	  0.131978	  0.102128	  0.194789	  0.260273	  0.360611
  0.095186	  0.042975	  0.115317	  0.101241	  0.149652	  0.221597	  0.291432
  0.100792	 -0.009384	  0.125390	  0.065638	  0.156335	  0.172057	  0.203501
  0.048465	 -0.030321	  0.115476	  0.109350	  0.156588	  0.135726	  0.100905
  0.049700	 -0.034249	  0.095773	  0.069027	  0.136506	  0.072533	 -0.003275
  0.019228	 -0.040457	  0.085859	  0.032157	  0.123044	 -0.017456	 -0.120094
  0.014667	 -0.037353	  0.091751	  0.007292	  0.087505	 -0.077133	 -0.245718
  0.009979	 -0.069123	  0.104801	  0.013215	  0.057191	 -0.139343	 -0.299028
 -0.004148	 -0.090093	  0.090262	  0.020310	  0.059440	 -0.210771	 -0.293073
 -0.030375	 -0.097314	  0.086619	  0.021292	  0.062291	 -0.228319	 -0.261176
 -0.031072	 -0.088477	  0.089850	  0.008559	  0.050381	 -0.183783	 -0.231591
 -0.006840	 -0.107704	  0.031473	  0.041248	  0.017122	 -0.185430	 -0.196526
 -0.033257	 -0.098993	 -0.020507	  0.029148	 -0.002897	 -0.160217	 -0.118288
 -0.044376	 -0.082332	 -0.003877	 -0.002939	  0.063305	 -0.131012	 -0.055508
 -0.018528	 -0.056643	 -0.048381	  0.000386	  0.074328	 -0.100731	  0.018422
 -0.017673	 -0.057245	 -0.077300	 -0.053462	  0.035937	 -0.092337	  0.045600
  0.003296	 -0.043213	 -0.051390	 -0.070059	  0.014778	 -0.054453	  0.038821
  0.009473	 -0.062630	 -0.046544	 -0.068602	  0.068151	  0.000504	  0.025486
  0.023853	 -0.053919	 -0.083002	 -0.065245	  0.087315	  0.012952	 -0.019746
  0.017011	 -0.058829	 -0.062033	 -0.047443	  0.083989	  0.051818	 -0.044738
 -0.015583	 -0.091550	 -0.041064	 -0.069838	  0.046802	  0.087009	 -0.061114
  0.002251	 -0.040172	 -0.014267	 -0.073702	  0.038788	  0.067560	 -0.068843
  0.020844	 -0.040331	 -0.012366	 -0.094323	  0.048449	  0.042600	 -0.072201
  0.051791	 -0.040932	 -0.018099	 -0.108260	  0.092319	  0.025432	 -0.089020
  0.106114	 -0.061806	 -0.027443	 -0.072403	  0.071730	  0.005413	 -0.120125
  0.077289	 -0.057340	 -0.029027	 -0.045891	  0.035462	 -0.003678	 -0.120727
  0.070638	 -0.023448	 -0.025670	 -0.004016	 -0.009929	 -0.015017	 -0.098650
  0.076086	  0.008006	 -0.007615	  0.034057	 -0.021648	 -0.014035	 -0.074513
  0.043238	  0.003255	  0.025581	  0.046696	 -0.036378	  0.029708	 -0.041792
  0.027116	  0.057705	  0.009205	  0.045365	 -0.054242	  0.034460	  0.001413
  0.043492	  0.084027	  0.038505	  0.035261	 -0.052944	  0.056252	  0.050351
  0.040356	  0.043926	  0.061184	  0.008622	  0.000049	  0.082226	  0.067773
  0.075325	  0.072022	  0.096597	  0.050497	  0.010154	  0.093946	  0.071479
  0.058379	  0.078705	  0.077814	  0.040867	  0.034924	  0.118399	  0.102742
  0.018025	  0.083995	  0.090547	  0.040456	  0.017692	  0.130341	  0.136286
 -0.024072	  0.057609	  0.065112	  0.075964	  0.056526	  0.122517	  0.175880
 -0.054163	  0.036102	  0.041545	  0.074380	  0.066409	  0.159039	  0.204927
 -0.076716	  0.012916	  0.040405	  0.058954	  0.069101	  0.177600	  0.253073
 -0.068829	  0.033251	  0.032835	  0.069280	  0.105179	  0.206678	  0.297957
 -0.066548	  0.010762	  0.037618	  0.097788	  0.139230	  0.227045	  0.329157
 -0.111147	 -0.007230	  0.064383	  0.086258	  0.162385	  0.245354	  0.345343
 -0.115898	  0.013993	  0.080411	  0.035198	  0.168688	  0.226919	  0.342366
 -0.075101	 -0.012140	  0.047912	 -0.003256	  0.166028	  0.247444	  0.380598
 -0.057838	 -0.002542	  0.035622	  0.013057	  0.145629	  0.244435	  0.414934
 -0.029330	 -0.006723	  0.016997	 -0.005157	  0.169670	  0.235218	  0.417056
 -0.025085	 -0.023574	  0.018232	 -0.017827	  0.175689	  0.224638	  0.385888
 -0.012605	 -0.050372	  0.005024	 -0.037877	  0.203500	  0.197461	  0.338375
 -0.026226	 -0.047363	 -0.012809	 -0.020931	  0.226211	  0.180071	  0.289816
 -0.029488	 -0.039539	  0.001761	  0.003237	  0.218007	  0.177917	  0.243634
 -0.039307	  0.001006	  0.009807	  0.004061	  0.228682	  0.122137	  0.207271
 -0.045452	  0.013042	 -0.008153	  0.000070	  0.220414	  0.135155	  0.144553
 -0.015804	 -0.008655	  0.025201	  0.018251	  0.226179	  0.126698	  0.103090
  0.024297	 -0.018950	 -0.006886	 -0.000469	  0.215631	  0.047637	  0.054057
  0.031297	 -0.025063	 -0.055001	  0.020025	  0.191526	 -0.004596	 -0.008565
  0.048560	 -0.034629	 -0.036471	  0.022844	  0.170462	 -0.021067	 -0.016959
  0.034211	 -0.063770	 -0.015914	  0.041849	  0.165996	 -0.054390	 -0.026208
  0.080710	 -0.041091	  0.035495	  0.074918	  0.175372	 -0.090088	 -0.034317
  0.050904	 -0.025633	  0.046297	  0.049832	  0.176987	 -0.109473	 -0.021710
 -0.002279	 -0.040552	  0.029445	  0.046094	  0.140276	 -0.094111	 -0.003465
 -0.027429	 -0.045620	 -0.008058	  0.107924	  0.088170	 -0.055847	 -0.035964
 -0.012827	  0.001798	 -0.002610	  0.114703	  0.073884	 -0.031520	 -0.047937
  0.001395	 -0.002320	 -0.000900	  0.107322	  0.077907	 -0.031837	 -0.035426
 -0.004243	  0.023527	 -0.011162	  0.080113	  0.059314	 -0.027181	 -0.025796
  0.017233	 -0.014642	 -0.007963	  0.120499	  0.013511	 -0.008809	 -0.026715
  0.042447	 -0.013470	 -0.012113	  0.094779	  0.030584	 -0.022524	 -0.025606
  0.010549	  0.009811	 -0.029217	  0.102159	  0.062988	 -0.059204	 -0.004225
  0.003929	  0.063691	 -0.044770	  0.131427	  0.032738	 -0.089042	 -0.017402
  0.046596	  0.105122	 -0.016674	  0.153220	  0.033467	 -0.103867	 -0.088894
  0.047736	  0.132427	  0.010757	  0.184768	  0.016457	 -0.077988	 -0.142805
  0.032279	  0.100213	 -0.017339	  0.160537	  0.004832	 -0.106496	 -0.182874
  0.024518	  0.121118	 -0.028552	  0.148944	 -0.040559	 -0.116030	 -0.175684
  0.027686	  0.084724	 -0.068590	  0.121418	 -0.033653	 -0.133958	 -0.178123
  0.010930	  0.056723	 -0.039575	  0.072638	 -0.027318	 -0.161737	 -0.178725
  0.024518	  0.069614	 -0.001375	  0.063484	 -0.061686	 -0.166742	 -0.222088
  0.044695	  0.057895	  0.025834	  0.048913	 -0.088864	 -0.180552	 -0.257470
  0.035890	  0.056818	  0.044871	  0.044415	 -0.123263	 -0.225500	 -0.278312
  0.067660	  0.076805	  0.028400	 -0.040253	 -0.135521	 -0.245614	 -0.295417
  0.057271	  0.048519	  0.016807	 -0.096192	 -0.148698	 -0.251664	 -0.339667
  0.023885	  0.058465	  0.040975	 -0.096287	 -0.168717	 -0.284257	 -0.348536
  0.026134	  0.057229	  0.017821	 -0.086467	 -0.194754	 -0.298575	 -0.389809
  0.042827	  0.026093	  0.017821	 -0.091630	 -0.200297	 -0.317010	 -0.406280
  0.037885	  0.021753	 -0.009737	 -0.111744	 -0.161970	 -0.335635	 -0.412425
  0.042858	  0.015608	  0.005911	 -0.094830	 -0.155888	 -0.387867	 -0.416290
  0.052076	 -0.010968	  0.028717	 -0.120677	 -0.180849	 -0.402280	 -0.396904
  0.014572	  0.021310	  0.021020	 -0.143863	 -0.175274	 -0.438960	 -0.396999
  0.012862	  0.016685	 -0.023231	 -0.167746	 -0.156079	 -0.431611	 -0.406312
  0.020400	  0.020423	 -0.045910	 -0.149279	 -0.153830	 -0.451978	 -0.445684
  0.007699	  0.055044	 -0.023833	 -0.132523	 -0.155255	 -0.450680	 -0.467667
  0.019260	  0.097109	 -0.023864	 -0.123084	 -0.131435	 -0.444503	 -0.440268
  0.038170	  0.097394	 -0.044136	 -0.081177	 -0.121077	 -0.446372	 -0.436023
  0.059741	  0.087099	 -0.073531	 -0.045226	 -0.133747	 -0.404972	 -0.416923
  0.077258	  0.041803	 -0.084554	 -0.063408	 -0.108280	 -0.379790	 -0.374700
  0.069782	  0.026758	 -0.084998	 -0.092010	 -0.101280	 -0.373360	 -0.343912
  0.066076	  0.011364	 -0.097984	 -0.081304	 -0.099190	 -0.347228	 -0.301752
  0.095408	  0.007689	 -0.109926	 -0.048108	 -0.103212	 -0.292620	 -0.294435
  0.077099	 -0.026837	 -0.075622	 -0.038257	 -0.127476	 -0.260976	 -0.282018
  0.057682	 -0.049960	 -0.051675	 -0.047855	 -0.105271	 -0.243840	 -0.252908
  0.030093	 -0.070454	 -0.027317	 -0.043801	 -0.074895	 -0.209472	 -0.235297
  0.044315	 -0.065354	 -0.028077	 -0.039144	 -0.083194	 -0.191069	 -0.188259
  0.020432	 -0.090378	 -0.028109	 -0.054602	 -0.045437	 -0.141465	 -0.160733
 -0.034873	 -0.078214	 -0.018036	 -0.077028	  0.003090	 -0.120243	 -0.139764
 -0.038737	 -0.061331	 -0.029851	 -0.023307	 -0.004100	 -0.079477	 -0.116419
 -0.044819	 -0.030004	 -0.024941	 -0.023718	  0.019434	 -0.071114	 -0.065549
 -0.042823	 -0.062282	 -0.045498	 -0.038891	  0.030647	 -0.061833	 -0.045593
 -0.011528	 -0.041249	 -0.042838	 -0.067652	  0.037679	  0.000250	 -0.078884
 -0.037850	 -0.016732	 -0.009927	 -0.054190	 -0.003720	 -0.012515	 -0.114804
 -0.034429	  0.029894	  0.010155	 -0.035850	 -0.019336	 -0.026230	 -0.155538
 -0.016058	  0.035944	  0.011707	 -0.000120	 -0.038278	 -0.020054	 -0.173562
 -0.048588	  0.004743	  0.008983	  0.005708	 -0.043853	 -0.030697	 -0.223672
 -0.069462	  0.012377	 -0.008058	  0.023256	 -0.032450	 -0.018090	 -0.234632
 -0.067499	  0.008323	  0.000557	  0.030985	 -0.058804	 -0.038552	 -0.270773
 -0.079757	  0.054727	  0.016807	  0.034026	 -0.048382	 -0.121256	 -0.288480
 -0.089354	  0.080036	  0.005340	  0.052397	 -0.039862	 -0.135574	 -0.272452
 -0.113079	  0.079275	  0.035052	  0.036876	 -0.040717	 -0.145139	 -0.284584
 -0.120143	  0.075791	  0.044966	 -0.003953	 -0.059152	 -0.145678	 -0.288955
 -0.102595	  0.055962	 -0.005112	  0.009319	 -0.058202	 -0.172475	 -0.282747
 -0.109405	  0.057229	 -0.028267	  0.000798	 -0.046609	 -0.185747	 -0.260130
 -0.082101	  0.076488	 -0.007995	 -0.042344	 -0.017404	 -0.212133	 -0.216545
 -0.060625	  0.075253	 -0.011352	 -0.059195	 -0.004512	 -0.190118	 -0.203273
 -0.038611	  0.083647	 -0.013348	 -0.083015	 -0.030898	 -0.204151	 -0.207771
 -0.017895	  0.045858	 -0.006126	 -0.141361	 -0.058170	 -0.224581	 -0.190920
 -0.051376	  0.006486	 -0.031403	 -0.126473	 -0.043188	 -0.234654	 -0.161050
 -0.054670	  0.016432	 -0.045847	 -0.121975	 -0.021078	 -0.236048	 -0.140398
 -0.031325	  0.004680	 -0.079613	 -0.089952	 -0.014078	 -0.235763	 -0.130927
 -0.029995	  0.002336	 -0.079993	 -0.080354	 -0.020350	 -0.207952	 -0.135741
 -0.036013	 -0.017873	 -0.091238	 -0.043199	 -0.037169	 -0.171240	 -0.106283
 -0.025909	 -0.026869	 -0.107170	 -0.037371	 -0.001883	 -0.159172	 -0.060513
 -0.028506	 -0.032000	 -0.067481	 -0.016497	  0.046327	 -0.136429	 -0.043249
  0.004246	  0.003983	 -0.020412	 -0.009940	  0.032200	 -0.098577	 -0.004732
  0.003011	  0.011078	  0.017155	  0.032474	  0.026751	 -0.068644	 -0.022692
 -0.014474	  0.013137	  0.012974	 -0.001672	  0.015443	 -0.065729	 -0.028806
  0.022048	 -0.007262	 -0.012144	 -0.027298	  0.035272	 -0.050842	 -0.012809
  0.009884	  0.000341	 -0.006094	 -0.056597	  0.039928	 -0.054801	  0.056084
  0.022269	 -0.003841	 -0.022756	 -0.057928	  0.014810	 -0.023601	  0.068406
 -0.013144	 -0.023353	 -0.054463	 -0.054317	 -0.001566	  0.017165	  0.108729
  0.000255	 -0.039095	 -0.041951	 -0.080037	 -0.023897	  0.013681	  0.118041
 -0.009596	 -0.052621	 -0.047177	 -0.064960	  0.005212	  0.030500	  0.133024
 -0.006429	 -0.043181	 -0.036376	 -0.058245	  0.039136	  0.044247	  0.116362
 -0.016470	 -0.069092	 -0.060196	 -0.059607	  0.003660	  0.066230	  0.125390
 -0.019479	 -0.083061	 -0.050598	 -0.083807	 -0.002548	  0.079343	  0.158079
  0.029301	 -0.081952	 -0.096211	 -0.080006	  0.016299	  0.054763	  0.162450
  0.022333	 -0.088255	 -0.108754	 -0.070471	  0.009013	  0.066705	  0.170559
  0.035573	 -0.082744	 -0.106157	 -0.082825	  0.022127	  0.075036	  0.175088
  0.007287	 -0.090884	 -0.055286	 -0.053145	  0.056051	  0.092394	  0.198877
  0.038012	 -0.138714	 -0.071631	 -0.026252	  0.045788	  0.111937	  0.206352
  0.028858	 -0.125727	 -0.076192	  0.029844	  0.019814	  0.077411	  0.201316
  0.054325	 -0.137004	 -0.033240	  0.013025	  0.006701	  0.080389	  0.172998
  0.021794	 -0.120976	 -0.014108	 -0.000595	 -0.006033	  0.053972	  0.169134
  0.000635	 -0.080653	 -0.017941	  0.018916	  0.027670	  0.044184	  0.183387
  0.018088	 -0.079450	 -0.026968	 -0.012632	  0.078921	  0.044247	  0.164604
  0.010708	 -0.080146	 -0.054209	  0.011061	  0.116329	  0.041967	  0.173505
  0.023568	 -0.071626	 -0.008375	 -0.023307	  0.110913	  0.051913	  0.220257
  0.048623	 -0.058481	  0.015382	 -0.044402	  0.113447	  0.070633	  0.213257
  0.060375	 -0.053476	  0.041292	 -0.074367	  0.095075	  0.054795	  0.177654
  0.060121	 -0.053317	  0.041989	 -0.048615	  0.141163	  0.078108	  0.143350
  0.056447	 -0.045652	  0.026563	 -0.023497	  0.155226	  0.096258	  0.150920
  0.105515	  0.071471	  0.007016	 -0.022027	 -0.084948	  0.010507	  0.017653
  0.125882	  0.060828	  0.015220	 -0.011036	 -0.116814	 -0.001530	 -0.013294
  0.117298	  0.052687	  0.006826	 -0.016357	 -0.098981	 -0.025160	 -0.023684
  0.072034	  0.003907	 -0.039547	  0.023205	 -0.083840	 -0.023101	 -0.052983
  0.081315	 -0.005785	 -0.044203	  0.061437	 -0.050707	  0.003792	 -0.068599
  0.064432	 -0.010759	 -0.011546	  0.065840	 -0.000502	  0.009588	 -0.025489
  0.007290	 -0.018677	 -0.003532	  0.067076	  0.023128	  0.035594	 -0.049056
 -0.033064	 -0.023049	 -0.022569	  0.052442	  0.011091	 -0.001910	  0.007390
 -0.052260	  0.015469	  0.003785	  0.024124	  0.011471	 -0.004349	  0.058545
 -0.027363	  0.057058	  0.021555	  0.015255	  0.041626	 -0.024843	  0.074351
 -0.029453	  0.019365	  0.032926	 -0.001533	  0.047169	  0.011235	  0.037830
 -0.042535	 -0.020641	  0.030297	  0.007779	  0.003996	 -0.032698	 -0.026218
 -0.054603	 -0.010854	  0.023107	 -0.027919	  0.031712	 -0.062980	 -0.136669
 -0.080324	 -0.003156	  0.000618	 -0.030959	  0.063767	 -0.092977	 -0.210061
 -0.098220	 -0.005025	 -0.024659	 -0.013855	  0.067093	 -0.079198	 -0.150163
 -0.067052	 -0.000211	 -0.019116	 -0.018036	  0.064052	 -0.045654	 -0.052318
 -0.037562	 -0.037397	  0.007460	 -0.057060	  0.062627	  0.013801	  0.044292
 -0.036359	 -0.049117	  0.000333	 -0.042173	  0.045142	  0.057640	  0.132602
  0.008684	 -0.076326	 -0.002391	 -0.035426	 -0.014154	  0.093844	  0.215243
 -0.023657	 -0.019786	  0.018419	 -0.040779	 -0.022928	  0.158399	  0.220628
 -0.005190	 -0.023809	  0.027035	 -0.045530	 -0.038227	  0.136891	  0.188699
  0.010933	 -0.056434	  0.018609	 -0.060513	 -0.043897	  0.117728	  0.118317
  0.037888	 -0.015953	 -0.025134	 -0.062983	  0.002222	  0.057386	  0.024970
  0.021956	  0.033238	 -0.032451	 -0.062128	 -0.006014	  0.053205	 -0.078577
  0.043337	  0.021962	 -0.027922	 -0.023389	 -0.018019	  0.022955	 -0.092926
  0.085085	  0.031021	 -0.015315	 -0.018353	 -0.008484	  0.055137	 -0.100433
  0.075044	 -0.017664	 -0.050570	  0.005372	  0.006435	  0.126343	 -0.006484
  0.038490	 -0.016460	 -0.087598	 -0.017624	  0.005611	  0.175757	  0.129562
  0.055912	  0.010844	 -0.074706	  0.049496	  0.018662	  0.216365	  0.180210
  0.070577	  0.014392	 -0.045248	  0.047469	  0.005580	  0.164480	  0.208433
  0.126389	  0.028614	 -0.045787	  0.024662	 -0.008072	  0.141231	  0.192500
  0.125534	  0.057565	 -0.081231	  0.002300	 -0.038956	  0.089758	  0.127249
  0.089583	  0.048759	 -0.049619	 -0.033303	 -0.059101	  0.027453	  0.034631
  0.089392	  0.033619	 -0.042366	 -0.031498	 -0.049409	 -0.036214	 -0.056468
  0.103456	  0.030198	 -0.058140	 -0.023452	 -0.033729	 -0.079134	 -0.150353
  0.137761	  0.027062	 -0.098811	  0.006924	  0.003996	 -0.089619	 -0.180350
  0.132281	 -0.024886	 -0.081928	 -0.000773	 -0.018937	 -0.071944	 -0.116017
  0.118597	 -0.077530	 -0.038533	  0.003662	  0.027372	 -0.067415	  0.002734
  0.100732	 -0.067141	 -0.010722	  0.021717	  0.060568	 -0.043056	  0.083822
  0.028544	 -0.063308	  0.014491	 -0.016927	  0.048278	  0.005692	  0.113851
  0.026264	 -0.051081	 -0.004989	 -0.000171	  0.064717	  0.004172	  0.119109
  0.000638	 -0.011139	 -0.039103	 -0.020190	  0.031712	 -0.000928	  0.097633
  0.018471	 -0.012849	 -0.058995	 -0.003085	 -0.029833	 -0.025445	  0.019838
  0.049228	 -0.013704	 -0.041891	  0.010662	 -0.037024	 -0.072926	 -0.094541
  0.063640	 -0.033375	 -0.018514	 -0.001691	  0.011725	 -0.072831	 -0.180381
  0.025662	 -0.024886	 -0.006034	  0.000241	  0.019517	 -0.075523	 -0.170594
  0.021386	 -0.009238	 -0.040592	 -0.047906	  0.030857	 -0.062442	 -0.139203
  0.052903	 -0.008573	 -0.056430	 -0.041507	  0.041784	 -0.006693	 -0.056879
  0.076057	 -0.000052	 -0.032641	 -0.019303	  0.040993	  0.081681	  0.044640
  0.076786	 -0.007369	  0.002962	 -0.020348	  0.048563	  0.106420	  0.088194
  0.101112	 -0.036067	  0.034605	 -0.026778	  0.044192	  0.115162	  0.146128
  0.107004	 -0.052475	  0.060262	 -0.040874	  0.020277	  0.077943	  0.075967
  0.133263	 -0.086874	  0.078539	 -0.057947	  0.023825	  0.082821	  0.036943
  0.110140	 -0.083770	  0.029601	 -0.071694	  0.044984	  0.093084	 -0.090582
  0.097913	 -0.084625	  0.023804	 -0.074228	  0.047264	  0.072147	 -0.196536
  0.089361	 -0.090169	 -0.013573	 -0.081767	  0.067695	  0.061852	 -0.244556
  0.084356	 -0.086811	  0.011672	 -0.119777	  0.048025	  0.030716	 -0.147249
  0.109570	 -0.079811	  0.042809	 -0.079739	  0.039567	  0.058653	 -0.052096
  0.120846	 -0.064733	  0.028239	 -0.069413	 -0.000882	  0.121465	  0.050468
  0.153377	 -0.062928	  0.006002	 -0.090382	  0.043052	  0.155295	  0.108878
  0.164970	 -0.050733	  0.022189	 -0.065739	  0.084039	  0.179399	  0.157879
  0.189962	 -0.062643	  0.020161	 -0.005714	  0.097470	  0.196029	  0.202003
  0.201491	 -0.067014	 -0.017311	  0.008730	  0.089139	  0.192830	  0.131874
  0.147453	 -0.074489	 -0.049113	  0.008191	  0.109221	  0.153299	 -0.019471
  0.099117	 -0.056719	 -0.025546	  0.023871	  0.079732	  0.151272	 -0.108700
  0.098420	 -0.051145	 -0.020763	  0.026405	  0.072224	  0.126027	 -0.171861
  0.101017	 -0.109554	  0.023551	 -0.001375	  0.119294	  0.104361	 -0.191531
  0.068518	 -0.101477	  0.041922	 -0.012778	  0.129810	  0.098152	 -0.155865
  0.078053	 -0.099671	  0.029537	  0.048039	  0.155340	  0.109682	 -0.048137
  0.048531	 -0.106988	  0.003342	  0.088456	  0.151349	  0.150733	  0.037893
  0.068518	 -0.076200	 -0.038501	  0.094633	  0.138299	  0.145792	  0.062917
  0.041024	 -0.103155	 -0.049556	  0.097706	  0.101809	  0.130081	  0.082872
  0.023254	 -0.095712	 -0.026021	  0.052220	  0.091673	  0.130683	  0.003620
  0.002412	 -0.061597	 -0.000744	  0.018897	  0.080207	  0.112438	 -0.093433
 -0.010670	 -0.070371	 -0.050443	  0.019151	  0.050464	  0.080097	 -0.152064
 -0.013394	 -0.064512	 -0.049968	  0.003630	  0.012612	  0.050291	 -0.217315
 -0.012254	 -0.078797	 -0.026845	 -0.012714	  0.002634	  0.031254	 -0.249339
 -0.012475	 -0.101762	 -0.011957	 -0.022059	  0.016191	  0.029765	 -0.195269
 -0.000090	 -0.123364	 -0.022220	 -0.008058	  0.040296	  0.008226	 -0.076106
  0.018440	 -0.082535	  0.011482	  0.010218	  0.021069	 -0.007612	  0.031970
  0.020245	 -0.048611	  0.030519	 -0.030009	  0.021987	  0.009176	  0.159716
  0.006783	 -0.050733	  0.054117	 -0.058010	  0.005009	  0.035847	  0.208370
  0.012421	 -0.076105	  0.061909	 -0.085346	 -0.024227	  0.035689	  0.191360
  0.032377	 -0.060647	  0.067168	 -0.119682	 -0.070821	  0.004330	  0.136277
  0.033897	 -0.036162	  0.069702	 -0.142995	 -0.083238	 -0.036753	  0.051197
  0.036970	 -0.048579	  0.068244	 -0.152339	 -0.147697	 -0.072324	 -0.059255
  0.063355	 -0.069199	  0.050918	 -0.182684	 -0.118429	 -0.077202	 -0.153267
  0.113117	 -0.088173	  0.025926	 -0.167828	 -0.098125	 -0.049645	 -0.150131
  0.093257	 -0.111866	  0.013573	 -0.175526	 -0.097460	 -0.002449	 -0.076138
  0.085718	 -0.108477	  0.039737	 -0.189146	 -0.110035	  0.030937	  0.057564
  0.123570	 -0.091974	  0.041542	 -0.163742	 -0.087926	  0.077943	  0.163391
  0.140802	 -0.098594	  0.050918	 -0.127284	 -0.065563	  0.134864	  0.188509
  0.124615	 -0.107622	  0.035492	 -0.071821	 -0.068604	  0.124506	  0.164626
  0.116950	 -0.125835	  0.025673	 -0.065105	 -0.068287	  0.088301	  0.118285
  0.146978	 -0.170434	 -0.002011	 -0.044992	 -0.026761	  0.081586	 -0.000624
  0.185844	 -0.156813	 -0.015600	 -0.057282	 -0.016783	  0.066635	 -0.119692
  0.181409	 -0.138695	  0.020858	 -0.087563	  0.021702	  0.052096	 -0.225899
  0.176024	 -0.121147	  0.007966	 -0.100487	  0.002349	  0.016683	 -0.217505
  0.196170	 -0.078259	 -0.025990	 -0.091111	  0.002697	  0.015543	 -0.200780
  0.167092	 -0.054280	 -0.015853	 -0.080341	 -0.002941	  0.058368	 -0.116619
  0.148055	 -0.038981	 -0.005971	 -0.078726	  0.017775	  0.091532	 -0.028245
  0.118724	 -0.052285	 -0.013129	 -0.059879	  0.010648	  0.098026	  0.047491
  0.127086	 -0.020610	 -0.040465	 -0.067734	  0.042006	  0.106895	  0.125792
  0.135385	  0.005174	 -0.052977	 -0.075242	  0.047328	  0.094225	  0.108054
  0.118280	 -0.043764	 -0.064919	 -0.088070	  0.063957	  0.061631	  0.061903
  0.099560	 -0.026628	 -0.087408	 -0.066056	  0.028639	  0.024824	 -0.065558
  0.151825	  0.004984	 -0.100522	 -0.064915	  0.001874	  0.015100	 -0.144873
  0.110583	 -0.002238	 -0.098589	 -0.056110	 -0.029200	  0.003095	 -0.171797
  0.100574	  0.004509	 -0.052819	 -0.006063	 -0.058088	 -0.008213	 -0.156308
  0.122303	  0.007518	 -0.045502	  0.022413	 -0.056979	 -0.019807	 -0.093021
  0.129050	 -0.011645	 -0.062891	  0.052093	 -0.064613	 -0.009005	 -0.000941
  0.128892	 -0.037176	 -0.075910	  0.056053	 -0.025494	  0.060047	  0.123892
  0.135892	 -0.039520	 -0.101535	  0.014685	 -0.052766	  0.104139	  0.190917
  0.162943	 -0.045475	 -0.064317	 -0.020855	 -0.000946	  0.089030	  0.253950
  0.158540	 -0.071258	 -0.034574	 -0.019208	  0.005611	  0.042024	  0.222592
  0.136905	 -0.035624	 -0.020383	 -0.011796	 -0.021788	 -0.011983	  0.147838
  0.129113	 -0.033660	  0.005717	 -0.047399	 -0.082763	 -0.042074	  0.021327
  0.153408	 -0.009808	  0.021555	 -0.083382	 -0.091030	 -0.029468	 -0.014656
  0.151856	 -0.021275	 -0.016962	 -0.067449	 -0.143896	  0.000561	  0.028010
  0.158445	  0.000518	 -0.009677	 -0.035552	 -0.170092	  0.049309	  0.076030
  0.131584	 -0.034167	 -0.042904	 -0.077839	 -0.154191	  0.072179	  0.126046
  0.057020	  0.008310	 -0.031216	 -0.089305	 -0.123941	  0.072020	  0.136467
  0.047803	  0.037166	  0.024089	 -0.073626	 -0.121882	  0.071197	  0.102606
  0.041816	  0.032320	  0.043696	 -0.065200	 -0.089795	  0.051431	  0.068143
  0.057559	  0.075968	  0.038026	 -0.081418	 -0.091917	  0.014181	  0.080401
  0.067505	  0.062348	  0.031438	 -0.074703	 -0.097080	 -0.016702	  0.110810
  0.118692	  0.039257	  0.030709	 -0.054779	 -0.109592	 -0.011888	  0.167540
  0.144127	  0.015627	  0.046864	 -0.060988	 -0.115072	 -0.034979	  0.165291
  0.116317	  0.035677	  0.077842	 -0.053734	 -0.109307	 -0.046509	  0.169441
  0.122620	  0.025541	  0.099318	 -0.099093	 -0.143073	 -0.066749	  0.120756
  0.154264	  0.028107	  0.112368	 -0.115596	 -0.132081	 -0.037228	  0.103810
  0.139471	  0.011129	  0.111450	 -0.168050	 -0.101863	 -0.036468	  0.047713
  0.153345	 -0.017379	  0.053705	 -0.201499	 -0.062522	 -0.030925	  0.026490
  0.142797	  0.012111	  0.062131	 -0.221740	 -0.045829	  0.011425	  0.054618
  0.147485	  0.009102	 -0.017311	 -0.197540	 -0.033476	  0.010570	  0.078849
  0.096298	 -0.011360	 -0.040339	 -0.154557	 -0.044436	  0.021181	  0.080053
  0.088284	 -0.032108	 -0.052343	 -0.141380	 -0.048427	  0.014529	  0.056582
  0.067853	 -0.031759	 -0.003880	 -0.126904	 -0.053400	 -0.001055	  0.026173
  0.058287	 -0.009048	 -0.001790	 -0.142393	 -0.026032	  0.005217	  0.029721
  0.051350	  0.026682	 -0.027257	 -0.142140	 -0.033444	 -0.000200	  0.034282
  0.098452	  0.028107	 -0.042904	 -0.088989	 -0.061509	  0.007244	  0.040491
  0.094144	  0.035361	 -0.042746	 -0.065422	 -0.085519	  0.024602	  0.020693
  0.060505	  0.041189	 -0.017374	 -0.129470	 -0.117954	  0.061599	  0.072831
  0.060821	  0.018636	 -0.041004	 -0.189494	 -0.130466	  0.000497	  0.068301
  0.064591	  0.019872	 -0.071444	 -0.197255	 -0.158182	 -0.004412	  0.062030
  0.047074	  0.048569	 -0.073566	 -0.191490	 -0.142407	 -0.001213	  0.036151
  0.049513	  0.025541	 -0.073566	 -0.181766	 -0.133127	  0.022448	  0.077646
  0.047328	  0.038433	 -0.068878	 -0.159308	 -0.172531	  0.020579	  0.070392
  0.070102	  0.018858	 -0.044488	 -0.153163	 -0.186151	  0.003506	  0.052179
  0.110267	 -0.002079	 -0.070842	 -0.179485	 -0.157232	  0.020136	  0.049835
  0.107321	 -0.021401	 -0.030361	 -0.152054	 -0.157105	  0.023145	  0.035613
  0.095221	 -0.022732	 -0.028302	 -0.104731	 -0.117669	  0.064830	  0.011508
  0.127846	 -0.051556	 -0.064190	 -0.048318	 -0.112031	  0.099958	  0.000041
  0.138521	 -0.008034	 -0.061339	 -0.031561	 -0.106931	  0.104424	 -0.000877
  0.136209	 -0.028972	 -0.045977	 -0.028520	 -0.108166	  0.068029	  0.048536
  0.124901	 -0.051240	 -0.009804	 -0.037421	 -0.098854	  0.064513	  0.123195
  0.091705	 -0.021845	  0.047941	  0.008445	 -0.125905	  0.075346	  0.178848
  0.058636	 -0.034198	  0.077019	 -0.007773	 -0.089858	  0.038223	  0.201211
  0.100384	 -0.052602	  0.098779	  0.005340	 -0.063726	  0.002905	  0.158481
  0.115461	 -0.057131	  0.103119	  0.033056	 -0.031512	 -0.010589	  0.167540
  0.118914	 -0.010727	  0.092951	  0.019341	 -0.019222	 -0.013345	  0.199532
  0.126136	 -0.006736	  0.089974	  0.056718	 -0.035820	  0.004203	  0.183663
  0.166965	 -0.035624	  0.072331	  0.045473	 -0.032304	  0.005312	  0.165355
  0.160757	 -0.041705	  0.065299	  0.014400	 -0.041648	 -0.001815	  0.152938
  0.109063	 -0.032614	  0.020351	  0.024156	 -0.032209	 -0.019775	  0.171468
  0.078940	  0.000106	  0.037393	 -0.011701	 -0.026888	 -0.028454	  0.172355
  0.095759	  0.021550	  0.059249	 -0.005302	 -0.011240	  0.008479	  0.146571
  0.105389	  0.012174	  0.056144	 -0.007583	  0.007639	  0.026028	  0.134820
  0.092813	 -0.011614	  0.033243	 -0.004099	 -0.018494	  0.021561	  0.136752
  0.127118	 -0.001763	 -0.003373	  0.018201	 -0.023467	  0.008131	  0.123385
  0.150969	 -0.020958	 -0.001790	  0.012056	 -0.041363	  0.032458	  0.123987
  0.117108	 -0.005944	 -0.006699	  0.022667	 -0.044151	  0.018362	  0.146603
  0.105135	 -0.010442	 -0.001219	  0.033848	 -0.028503	  0.037051	  0.160477
  0.099085	  0.020727	 -0.001315	  0.016839	 -0.043264	  0.042340	  0.139634
  0.082487	  0.022437	  0.004387	  0.011961	 -0.039083	  0.028118	  0.175237
  0.064686	  0.027474	  0.027827	  0.019753	 -0.057423	 -0.004983	  0.180084
  0.038617	  0.022881	  0.008156	  0.014621	 -0.101420	  0.006579	  0.154870
  0.031458	  0.029374	 -0.009835	  0.001064	 -0.086754	  0.034802	  0.128580
  0.059364	 -0.013989	  0.021650	 -0.017751	 -0.109148	  0.022702	  0.097760
  0.076532	 -0.005184	  0.016139	 -0.034665	 -0.098252	  0.062042	  0.091488
  0.068392	  0.040207	 -0.008885	 -0.067956	 -0.092202	  0.038191	  0.083411
  0.074093	 -0.006482	 -0.032071	 -0.071282	 -0.061224	 -0.017304	  0.079293
  0.086447	  0.027157	 -0.011704	 -0.055033	  0.015336	 -0.018983	  0.065989
  0.079890	  0.061683	 -0.006604	 -0.047557	  0.019200	 -0.001277	  0.067161
  0.076976	  0.065547	  0.007871	 -0.041191	  0.030033	 -0.002290	  0.061238
  0.037952	  0.106915	  0.025990	 -0.077522	  0.032187	  0.012312	  0.063835
  0.041784	  0.084743	  0.044551	 -0.078631	  0.011471	  0.045223	  0.058039
  0.040771	  0.100739	  0.025356	 -0.064567	 -0.025240	  0.065558	  0.068397
  0.066713	  0.111508	  0.030519	 -0.106347	 -0.016942	  0.074808	  0.099090
  0.065446	  0.094784	  0.018514	 -0.090604	 -0.005697	  0.098722	  0.093673
  0.065351	  0.071217	  0.028650	 -0.089400	 -0.024860	  0.092736	  0.068175
  0.090691	  0.055253	  0.028999	 -0.040494	 -0.031924	  0.074206	  0.043373
  0.097058	  0.007138	  0.053294	 -0.064440	 -0.061920	  0.057545	  0.023164
  0.112294	  0.000201	  0.079109	 -0.069508	 -0.087419	  0.023304	 -0.029512
  0.110076	  0.000771	  0.068181	 -0.055381	 -0.085677	 -0.027884	 -0.040915
  0.090089	  0.009324	  0.067864	 -0.059721	 -0.085043	  0.008986	  0.000611
  0.083026	 -0.034103	  0.057380	 -0.057440	 -0.033096	  0.052635	  0.001498
  0.073777	 -0.013229	  0.018989	 -0.037991	 -0.032177	  0.066255	  0.012458
  0.086510	 -0.006546	  0.000301	 -0.058042	 -0.009308	  0.081301	  0.061111
  0.082012	 -0.041072	 -0.023392	 -0.027824	  0.024268	  0.064925	  0.052654
  0.076912	 -0.011265	 -0.016867	 -0.012334	  0.015494	  0.047060	  0.025762
  0.079827	 -0.025139	 -0.006984	  0.015065	  0.006625	  0.051146	 -0.005154
  0.070039	  0.009007	  0.007903	  0.036319	 -0.003638	  0.028213	 -0.015321
  0.112801	  0.012174	  0.033813	  0.032106	 -0.032589	  0.007561	 -0.019883
  0.079320	  0.039415	  0.003278	  0.023554	 -0.022706	  0.003950	  0.019775
  0.054486	  0.071122	 -0.029822	  0.024821	 -0.037340	 -0.015784	  0.006281
  0.034689	  0.080878	 -0.042968	  0.032740	 -0.034300	 -0.017494	  0.009227
  0.015082	  0.056235	 -0.024279	  0.023871	 -0.069681	 -0.002544	  0.030735
  0.013118	  0.048284	  0.000079	  0.051396	 -0.042155	 -0.005521	  0.034092
  0.025250	  0.047239	 -0.005559	  0.101190	 -0.068065	 -0.007326	  0.016639
  0.012421	  0.044705	 -0.033940	  0.108665	 -0.110827	 -0.007136	  0.031970
  0.045047	  0.070330	 -0.034574	  0.077782	 -0.091093	 -0.001308	  0.051830
  0.056767	  0.036058	 -0.084336	  0.093398	 -0.111112	  0.009556	  0.035327
