:RUN-6	LEVEL SWEEP	TEMP:NaN	8/27/2019	11:28 AM	HR:271.88:SW EAR: R	SW FREQ: 32.00	# AVERAGES: 512	REP RATE (/sec): 80	DRIVER: 	SAMPLE (µsec): 40	MASKER dB: 0:NOTES-:CHAMBER-SEWELL-PXI1:CFTS Version: V2.7.2 (R850):LEVELS:20;30;40;50;60;70;80;:DATA -0.057869	 -0.068401	 -0.016523	  0.011614	  0.032431	  0.034273	 -0.057419
 -0.049095	 -0.057600	  0.016134	  0.014370	  0.017132	  0.003073	 -0.052193
 -0.036488	 -0.020888	 -0.012817	  0.031126	  0.026349	 -0.021349	 -0.045826
 -0.057299	 -0.033242	 -0.030524	  0.032931	  0.034901	 -0.029521	 -0.022798
 -0.041366	 -0.014110	 -0.022003	 -0.006441	  0.014883	 -0.015046	 -0.059130
 -0.053023	 -0.011988	 -0.019564	 -0.006980	 -0.005009	  0.020779	 -0.067777
 -0.043964	  0.009013	 -0.013926	  0.005120	  0.009783	  0.018435	 -0.034898
 -0.039751	  0.050413	 -0.037904	  0.022985	  0.034490	 -0.010706	 -0.008354
 -0.064394	  0.040435	  0.004034	  0.027135	  0.012729	  0.011371	  0.017651
 -0.055937	  0.046422	 -0.012406	 -0.002577	  0.017575	  0.046974	  0.018253
  0.011151	  0.050033	 -0.036637	 -0.022406	  0.033920	  0.049318	  0.042358
  0.045551	  0.038788	 -0.031918	 -0.009165	 -0.001620	 -0.009122	  0.043466
  0.048433	  0.026593	  0.001056	  0.001509	 -0.030286	 -0.035160	  0.016004
  0.045741	 -0.004734	  0.016387	 -0.032415	 -0.010394	 -0.012385	  0.014420
  0.054641	 -0.034857	 -0.002365	 -0.039510	 -0.009349	 -0.004149	  0.034027
  0.054832	 -0.009707	  0.033048	 -0.027093	 -0.014987	 -0.014571	  0.018316
  0.054768	  0.007841	  0.062950	 -0.009767	 -0.058953	 -0.022204	  0.019235
  0.069782	 -0.025196	  0.064249	 -0.003147	 -0.056323	 -0.023313	  0.026584
  0.067343	  0.008031	  0.026587	 -0.004667	 -0.042798	 -0.002787	  0.039665
  0.046944	  0.003153	  0.012143	  0.017379	 -0.004471	  0.016091	  0.058417
  0.075927	 -0.034445	  0.009735	 -0.018668	  0.006615	  0.035856	  0.060128
  0.078335	 -0.049523	  0.012998	 -0.005966	 -0.000860	 -0.006018	  0.044132
  0.053311	 -0.055794	  0.010971	 -0.019270	  0.005665	 -0.007380	  0.033172
 -0.005732	 -0.073913	  0.019903	 -0.057755	  0.006045	  0.009851	  0.050403
 -0.007917	 -0.077397	  0.028170	 -0.094277	 -0.022621	 -0.004656	  0.061205
  0.005260	 -0.096117	  0.047809	 -0.135486	 -0.042133	 -0.024770	  0.135958
  0.001934	 -0.127476	  0.041411	 -0.126142	 -0.070641	  0.010358	  0.199277
  0.029998	 -0.111986	 -0.017315	 -0.134726	 -0.077831	  0.067215	  0.242958
  0.059710	 -0.118575	 -0.070720	 -0.132699	 -0.063640	  0.096166	  0.280366
  0.065284	 -0.117561	 -0.047692	 -0.102702	 -0.063672	  0.155843	  0.330286
  0.029270	 -0.103339	  0.027379	 -0.092820	 -0.034404	  0.215044	  0.347074
  0.041148	 -0.111575	  0.028360	 -0.043280	 -0.002539	  0.179979	  0.335006
  0.001079	 -0.120697	  0.037008	 -0.057185	  0.018557	  0.194170	  0.300987
  0.009758	 -0.150282	  0.051705	 -0.046669	  0.040666	  0.208455	  0.286574
  0.009599	 -0.150947	  0.069285	 -0.032605	  0.056187	  0.198034	  0.227152
 -0.011560	 -0.150124	  0.092376	 -0.002703	  0.091727	  0.132783	  0.159240
  0.034401	 -0.115471	  0.101879	 -0.005206	  0.082573	  0.073772	  0.080495
  0.010708	 -0.099380	  0.079928	  0.043542	  0.057264	  0.044029	  0.050783
 -0.019574	 -0.082117	  0.060131	  0.009333	  0.002149	 -0.034431	 -0.024034
 -0.029647	 -0.096181	  0.019523	 -0.007423	 -0.035386	 -0.092365	 -0.062361
 -0.042728	 -0.068560	  0.017179	 -0.019143	 -0.041309	 -0.104909	 -0.097204
 -0.072598	 -0.028934	  0.005364	 -0.024876	 -0.033676	 -0.166580	 -0.163658
 -0.078585	 -0.030391	  0.009292	 -0.058104	 -0.060093	 -0.205604	 -0.181682
 -0.078553	 -0.031119	  0.032098	 -0.086295	 -0.067188	 -0.194296	 -0.211045
 -0.062747	 -0.036979	  0.065611	 -0.116038	 -0.073428	 -0.197876	 -0.222289
 -0.061892	 -0.004480	  0.053289	 -0.160827	 -0.074600	 -0.219763	 -0.177247
 -0.025275	 -0.029187	  0.052117	 -0.197190	 -0.068835	 -0.175703	 -0.118141
 -0.020841	 -0.025766	  0.029944	 -0.188448	 -0.059586	 -0.144756	 -0.068031
 -0.018814	 -0.029662	  0.008215	 -0.186167	 -0.065224	 -0.120081	  0.012836
 -0.053118	 -0.017467	  0.013220	 -0.151197	 -0.045807	 -0.036490	  0.058829
 -0.053435	 -0.005716	  0.009197	 -0.124780	  0.004335	  0.007855	  0.126868
 -0.081182	 -0.022155	  0.046669	 -0.115246	  0.040540	  0.049920	  0.165385
 -0.034715	 -0.032418	  0.037261	 -0.064629	  0.070536	  0.097750	  0.206753
 -0.059390	 -0.021902	  0.017337	 -0.061461	  0.101230	  0.110230	  0.206088
 -0.083526	 -0.004449	  0.010717	  0.005976	  0.114628	  0.105004	  0.169091
 -0.061037	 -0.047876	  0.008627	  0.022763	  0.152607	  0.066993	  0.141438
 -0.051724	 -0.083700	  0.007328	  0.033977	  0.153367	  0.003896	  0.121134
 -0.063412	 -0.077809	  0.020568	  0.088300	  0.112158	 -0.006874	  0.130732
 -0.041937	 -0.092981	  0.067923	  0.134799	  0.122009	 -0.053848	  0.125220
  0.003929	 -0.043124	  0.071566	  0.159569	  0.120076	 -0.070288	  0.120089
  0.041116	 -0.055826	  0.093802	  0.126310	  0.093342	 -0.069274	  0.099880
  0.001870	 -0.085157	  0.109449	  0.092069	  0.106298	 -0.059708	  0.114768
 -0.030470	 -0.077619	  0.108942	  0.029194	  0.122832	 -0.032467	  0.094369
 -0.024578	 -0.043980	  0.074290	  0.013894	  0.106424	 -0.009313	  0.067698
 -0.012700	 -0.028839	  0.044610	  0.008224	  0.133697	  0.014539	  0.025855
  0.035034	 -0.043473	  0.030990	  0.018076	  0.099456	  0.024010	  0.028769
  0.071398	 -0.045405	 -0.011962	  0.026786	  0.087768	  0.046278	 -0.003096
  0.071556	 -0.032862	 -0.034452	 -0.000581	  0.052038	  0.056255	 -0.049532
  0.040546	 -0.028490	 -0.033565	 -0.031686	  0.054508	  0.004973	 -0.033948
  0.064556	 -0.014617	 -0.021782	 -0.042741	  0.019982	 -0.043205	 -0.051053
  0.067470	 -0.013856	 -0.003885	 -0.045022	 -0.016254	 -0.056921	 -0.101733
  0.029555	  0.006479	 -0.005627	 -0.059751	 -0.037255	 -0.040734	 -0.106611
  0.033609	 -0.013476	 -0.013419	 -0.071376	 -0.038269	 -0.049635	 -0.093149
  0.045646	 -0.010594	 -0.036637	 -0.073023	 -0.023413	 -0.055812	 -0.083710
  0.005735	 -0.003942	 -0.047597	 -0.089114	  0.001104	 -0.049382	 -0.072338
  0.005038	 -0.018164	 -0.059539	 -0.055633	  0.015453	 -0.045834	 -0.031636
 -0.009723	 -0.043156	 -0.089567	 -0.056963	 -0.064559	 -0.018277	 -0.048709
 -0.017832	 -0.050790	 -0.115604	 -0.057787	 -0.069595	 -0.019037	 -0.066130
  0.021763	 -0.059089	 -0.153297	 -0.058389	 -0.063292	 -0.053215	 -0.079751
  0.003327	 -0.035015	 -0.155768	 -0.042139	 -0.062437	 -0.069211	 -0.043197
  0.017391	 -0.020160	 -0.124568	 -0.017654	 -0.023730	 -0.078586	 -0.025649
  0.030347	 -0.041604	 -0.143446	 -0.048063	 -0.039536	 -0.070478	 -0.010445
  0.016473	 -0.056301	 -0.128211	 -0.083159	 -0.073713	 -0.053563	 -0.006961
 -0.007189	 -0.030771	 -0.092703	 -0.092851	 -0.079383	 -0.029806	 -0.013612
  0.007825	 -0.065234	 -0.059760	 -0.096906	 -0.073396	 -0.022109	  0.009574
 -0.014949	 -0.139829	  0.004889	 -0.116133	 -0.061043	 -0.019639	  0.007863
 -0.024800	 -0.082940	  0.031243	 -0.128106	 -0.083184	 -0.065916	 -0.007372
  0.002060	 -0.121552	  0.005238	 -0.149519	 -0.114669	 -0.048558	 -0.005250
  0.034971	 -0.140938	  0.015469	 -0.138369	 -0.110108	 -0.022711	  0.020280
  0.008269	 -0.162635	  0.019586	 -0.153161	 -0.089804	  0.014127	  0.026615
  0.013400	 -0.159309	  0.064914	 -0.121486	 -0.081347	  0.035920	  0.036371
  0.006812	 -0.159246	  0.093327	 -0.093485	 -0.084958	  0.033608	  0.042453
  0.019862	 -0.137834	  0.091553	 -0.074036	 -0.063894	  0.036933	  0.044702
  0.053279	 -0.151264	  0.097888	 -0.052592	 -0.007258	  0.045739	  0.095382
  0.057587	 -0.150789	  0.098173	 -0.052624	  0.007851	 -0.002629	  0.090884
  0.088661	 -0.132861	  0.097856	 -0.027917	  0.012064	 -0.044599	  0.112582
  0.051252	 -0.120000	  0.106313	 -0.043850	  0.055649	 -0.031897	  0.126931
  0.026577	 -0.095009	  0.111477	 -0.016831	  0.082953	 -0.038707	  0.158448
  0.044125	 -0.063302	  0.130577	  0.019152	  0.073134	 -0.038327	  0.170041
  0.017423	 -0.068148	  0.118572	 -0.025890	  0.087894	 -0.021413	  0.161204
  0.043840	 -0.065044	  0.115436	  0.004930	  0.112569	 -0.020145	  0.152018
  0.038075	 -0.059437	  0.092693	  0.033818	  0.090460	 -0.007824	  0.178055
  0.026134	 -0.064474	  0.041157	  0.037556	  0.095085	  0.007570	  0.179227
  0.004088	 -0.041731	  0.047461	  0.049973	  0.075731	  0.029648	  0.166113
  0.027813	 -0.064157	  0.048506	  0.040407	  0.104017	  0.036617	  0.135483
  0.045234	 -0.051170	  0.016704	  0.020546	  0.110574	  0.077509	  0.065006
  0.046596	 -0.045120	 -0.023555	  0.033438	  0.112094	  0.112257	  0.055947
  0.061705	 -0.061053	 -0.027705	  0.077974	  0.127425	  0.070129	  0.035358
  0.077923	 -0.056586	 -0.060489	  0.075186	  0.149788	  0.067880	  0.034724
  0.065823	 -0.057600	 -0.056213	  0.094793	  0.134520	  0.054798	  0.051480
  0.052836	 -0.036409	 -0.047819	  0.069833	  0.121343	  0.052518	  0.048630
  0.040039	 -0.068686	 -0.061217	  0.046108	  0.113171	  0.036680	  0.023321
  0.017360	 -0.068655	 -0.086748	  0.020451	  0.079405	  0.020842	  0.027470
  0.023473	 -0.094692	 -0.091847	  0.005564	  0.047065	  0.009281	  0.062028
  0.045424	 -0.102896	 -0.066665	  0.005089	 -0.010204	  0.025689	  0.082617
  0.058664	 -0.084176	 -0.052665	  0.007433	 -0.003204	  0.041716	  0.117302
  0.021699	 -0.053926	 -0.027927	  0.009555	  0.019222	  0.057712	  0.108306
  0.017075	 -0.044075	  0.030419	  0.057416	  0.018240	  0.070256	  0.088825
 -0.007537	 -0.029631	  0.046922	  0.072019	  0.008801	  0.065916	  0.079450
 -0.012954	 -0.000394	  0.026682	  0.083010	  0.015611	  0.056540	  0.075839
 -0.019795	  0.011516	  0.040872	  0.074077	  0.014439	  0.023725	  0.082585
 -0.012605	  0.018452	  0.052022	  0.068851	  0.026476	 -0.006620	  0.055155
 -0.007220	  0.009900	  0.021519	  0.078037	  0.052038	 -0.015331	  0.016764
  0.002282	  0.023679	  0.042076	  0.097644	  0.006805	 -0.026132	  0.019330
  0.001174	  0.019276	  0.045275	  0.107368	 -0.000797	 -0.078555	 -0.012821
  0.018563	 -0.003879	  0.063837	  0.069991	 -0.007892	 -0.112954	 -0.019472
 -0.024864	  0.010534	  0.067448	  0.042941	  0.003638	 -0.119416	 -0.028880
 -0.064046	 -0.032735	  0.088702	  0.058620	  0.011493	 -0.118339	 -0.094575
 -0.084065	 -0.054718	  0.079073	  0.062864	  0.018114	 -0.151376	 -0.119471
 -0.069272	 -0.077302	  0.092313	  0.036986	 -0.010204	 -0.211401	 -0.164989
 -0.096291	 -0.104416	  0.113599	 -0.026745	  0.007914	 -0.209184	 -0.165369
 -0.093536	 -0.097733	  0.105268	 -0.011161	 -0.003679	 -0.253117	 -0.169360
 -0.076748	 -0.104701	  0.076507	 -0.073023	 -0.014385	 -0.279186	 -0.177342
 -0.059896	 -0.107425	  0.051420	 -0.094340	 -0.027499	 -0.255810	 -0.188365
 -0.034620	 -0.118480	  0.062538	 -0.091141	 -0.024870	 -0.237470	 -0.226787
 -0.028316	 -0.088452	  0.062538	 -0.114486	 -0.091831	 -0.264489	 -0.219280
 -0.027968	 -0.083099	  0.062411	 -0.120979	 -0.150082	 -0.255208	 -0.205850
 -0.046023	 -0.069700	  0.045275	 -0.134821	 -0.175201	 -0.283716	 -0.264639
 -0.020587	 -0.069922	  0.022437	 -0.111825	 -0.178273	 -0.281594	 -0.266476
 -0.027588	 -0.043314	  0.036184	 -0.145306	 -0.218849	 -0.241873	 -0.328845
  0.010264	 -0.043568	  0.029913	 -0.142645	 -0.182550	 -0.252959	 -0.337841
  0.018025	 -0.046292	  0.031148	 -0.153510	 -0.163196	 -0.208234	 -0.370878
  0.030030	 -0.075211	  0.015469	 -0.134346	 -0.187491	 -0.215582	 -0.341642
  0.053184	 -0.109104	  0.004952	 -0.124052	 -0.151793	 -0.257679	 -0.320293
  0.050397	 -0.097162	 -0.025171	 -0.113250	 -0.134561	 -0.255525	 -0.281776
  0.048623	 -0.111860	 -0.017949	 -0.150912	 -0.140421	 -0.203926	 -0.291848
  0.025722	 -0.093203	 -0.038094	 -0.141600	 -0.147865	 -0.207157	 -0.283645
  0.016029	 -0.063650	  0.001373	 -0.156709	 -0.143304	 -0.201487	 -0.265938
  0.022459	 -0.055668	 -0.003346	 -0.136753	 -0.146155	 -0.165757	 -0.320578
  0.005735	 -0.066501	 -0.037017	 -0.120504	 -0.141847	 -0.183368	 -0.289219
 -0.009501	 -0.067103	 -0.034262	 -0.120251	 -0.090786	 -0.170540	 -0.270309
  0.047926	 -0.043378	 -0.061819	 -0.142138	 -0.103108	 -0.166169	 -0.281174
  0.076592	 -0.089275	 -0.049561	 -0.144134	 -0.081569	 -0.182386	 -0.248865
  0.085620	 -0.112778	 -0.079526	 -0.110463	 -0.080270	 -0.172694	 -0.227009
  0.093824	 -0.148413	 -0.043352	 -0.110210	 -0.103520	 -0.161607	 -0.214592
  0.075737	 -0.163269	 -0.042022	 -0.109956	 -0.096995	 -0.133987	 -0.201384
  0.061895	 -0.142331	 -0.041610	 -0.105363	 -0.072573	 -0.138516	 -0.144653
  0.066013	 -0.141540	 -0.033945	 -0.068873	 -0.062183	 -0.112827	 -0.121150
  0.090688	 -0.127381	 -0.030904	 -0.113060	 -0.046061	 -0.130914	 -0.143038
  0.035130	 -0.089275	 -0.051366	 -0.089462	 -0.029748	 -0.153118	 -0.162898
  0.040894	 -0.087660	 -0.060489	 -0.115309	 -0.058002	 -0.178427	 -0.192610
  0.027242	 -0.057347	 -0.073982	 -0.099313	 -0.064147	 -0.143457	 -0.193338
 -0.002596	 -0.051835	 -0.084309	 -0.104666	 -0.020119	 -0.120208	 -0.190709
 -0.009533	 -0.093108	 -0.054819	 -0.097413	 -0.021417	 -0.100759	 -0.215733
 -0.025022	 -0.086741	 -0.059697	 -0.074195	 -0.029938	 -0.118941	 -0.198596
 -0.060245	 -0.070650	 -0.031949	 -0.062982	 -0.069215	 -0.125498	 -0.190297
 -0.066073	 -0.069637	 -0.029162	 -0.054968	 -0.076786	 -0.106429	 -0.184247
 -0.062145	 -0.035807	 -0.035940	  0.000781	 -0.054676	 -0.119891	 -0.142499
 -0.018212	 -0.036409	  0.006853	 -0.016261	 -0.059238	 -0.153118	 -0.148993
  0.005893	 -0.058709	  0.021519	 -0.032415	 -0.063767	 -0.131896	 -0.156563
 -0.003990	 -0.089529	  0.058325	 -0.084616	 -0.091483	 -0.116533	 -0.196221
  0.020179	 -0.076827	  0.079041	 -0.068905	 -0.092592	 -0.117262	 -0.207909
  0.008966	 -0.057410	  0.080530	 -0.020568	 -0.083057	 -0.129805	 -0.156785
 -0.004750	 -0.111068	  0.029152	  0.024094	 -0.119832	 -0.122805	 -0.166034
  0.012197	 -0.084302	  0.018256	  0.046710	 -0.110678	 -0.100411	 -0.149975
 -0.027366	 -0.102674	  0.068778	  0.019089	 -0.072003	 -0.120588	 -0.156025
 -0.040606	 -0.083194	  0.074511	  0.002840	 -0.055025	 -0.140575	 -0.191881
 -0.045674	 -0.097036	  0.060954	  0.011234	 -0.094366	 -0.158757	 -0.197646
 -0.009849	 -0.129661	  0.050026	  0.012057	 -0.117172	 -0.161227	 -0.196981
 -0.050679	 -0.123358	  0.045687	  0.019311	 -0.132471	 -0.158472	 -0.175537
  0.004119	 -0.119937	  0.017971	 -0.017179	 -0.138014	 -0.138104	 -0.176677
  0.028161	 -0.125544	 -0.014655	  0.001794	 -0.154264	 -0.115837	 -0.175948
  0.010043	 -0.110878	 -0.040185	 -0.035773	 -0.160725	 -0.144471	 -0.175252
  0.010961	 -0.143187	 -0.056846	 -0.038655	 -0.087587	 -0.134240	 -0.133725
  0.011500	 -0.125005	 -0.036764	 -0.033524	 -0.106656	 -0.090876	 -0.103729
 -0.015456	 -0.122091	 -0.057163	 -0.049456	 -0.093605	 -0.088659	 -0.071135
 -0.026447	 -0.089687	 -0.047122	 -0.042678	 -0.110171	 -0.073518	 -0.067270
 -0.037375	 -0.096687	 -0.074774	 -0.049488	 -0.081727	 -0.108203	 -0.054315
 -0.020967	 -0.110308	 -0.068503	 -0.054714	 -0.066871	 -0.144661	 -0.062899
 -0.011782	 -0.118670	 -0.097961	 -0.067480	 -0.057464	 -0.119226	 -0.037274
 -0.001392	 -0.118385	 -0.107178	 -0.075050	 -0.028132	 -0.159612	 -0.000689
 -0.000315	 -0.107077	 -0.084150	 -0.084869	 -0.016666	 -0.145643	  0.040901
 -0.002627	 -0.101344	 -0.079937	 -0.097919	  0.013901	 -0.139466	  0.013977
 -0.007442	 -0.057727	 -0.084245	 -0.109323	  0.038101	 -0.151598	  0.040172
 -0.014917	 -0.060958	 -0.084815	 -0.120726	  0.042123	 -0.178300	  0.027185
 -0.010103	 -0.060704	 -0.023809	 -0.125952	  0.056187	 -0.183400	  0.029783
 -0.025085	 -0.069288	 -0.026216	 -0.163361	  0.061730	 -0.185807	  0.042801
 -0.013080	 -0.089370	 -0.055104	 -0.185343	  0.058278	 -0.136362	  0.064531
  0.015618	 -0.064569	 -0.048072	 -0.149709	  0.096668	 -0.078301	  0.132791
  0.007034	 -0.017879	 -0.036447	 -0.128866	  0.124194	 -0.067373	  0.094147
 -0.007220	 -0.064093	 -0.078924	 -0.103589	  0.129896	 -0.053626	  0.094495
 -0.002627	 -0.059374	 -0.061471	 -0.102956	  0.119791	 -0.005860	  0.112265
 -0.010198	 -0.076510	 -0.038253	 -0.080625	  0.113266	 -0.007380	  0.100609
 -0.013334	 -0.091461	 -0.018424	 -0.080086	  0.119221	  0.013335	  0.113437
 -0.018719	 -0.061781	 -0.013261	 -0.122088	  0.098727	  0.021634	  0.088160
 -0.047036	 -0.053039	 -0.029352	 -0.100929	  0.094134	  0.047576	  0.088129
 -0.045864	 -0.071854	 -0.030587	 -0.027695	  0.106488	  0.047386	  0.089681
 -0.035728	 -0.051392	 -0.025297	 -0.044420	  0.110859	  0.058314	  0.083219
 -0.009248	 -0.023707	 -0.011360	 -0.023641	  0.089826	  0.074057	  0.079576
 -0.010293	  0.015095	  0.038972	 -0.006441	  0.086881	  0.089324	  0.096713
  0.002631	  0.005529	  0.039415	  0.059222	  0.089573	  0.085935	  0.106912
 -0.014886	  0.004927	  0.025890	  0.062231	  0.103098	  0.100126	  0.110776
 -0.032371	  0.012244	  0.005428	  0.075344	  0.099392	  0.093379	  0.143434
 -0.053568	 -0.061119	  0.140184	 -0.029963	 -0.065592	  0.023307	 -0.003153
 -0.046884	 -0.070337	  0.131536	 -0.008963	 -0.058211	  0.000849	 -0.011927
 -0.036558	 -0.066251	  0.076992	  0.015332	 -0.034423	 -0.059112	 -0.006828
 -0.052111	 -0.058458	  0.084245	 -0.046973	 -0.017065	 -0.043592	 -0.015982
 -0.035988	 -0.045218	  0.043289	 -0.033194	 -0.022893	 -0.005106	 -0.020701
 -0.029526	 -0.013574	  0.020198	 -0.014411	  0.042168	  0.067652	 -0.018643
 -0.045047	 -0.021525	  0.030017	 -0.031579	  0.056833	  0.062267	 -0.038978
 -0.043622	 -0.015728	 -0.016197	 -0.003451	  0.034724	  0.048140	 -0.077875
 -0.035386	  0.016169	 -0.017718	 -0.012985	  0.033679	  0.065150	 -0.071762
 -0.002222	 -0.018389	 -0.023134	  0.014065	  0.052272	  0.046398	 -0.036824
  0.050993	 -0.020480	 -0.057819	  0.021604	  0.051892	  0.029673	 -0.092414
  0.087736	  0.006729	 -0.068873	  0.026039	  0.032824	  0.010700	  0.004797
  0.089921	  0.008408	 -0.060606	  0.010740	  0.042294	  0.020203	  0.142300
  0.081337	  0.020413	 -0.043058	 -0.019954	  0.007135	 -0.016889	  0.040622
  0.067242	  0.028490	 -0.056298	  0.017296	 -0.011965	 -0.039442	 -0.030426
  0.061540	  0.021332	 -0.035329	  0.046628	 -0.025522	 -0.001907	  0.060039
  0.003385	  0.068655	 -0.057565	  0.032342	 -0.025839	 -0.029116	  0.112652
 -0.012263	  0.074451	 -0.050565	  0.038012	 -0.036704	 -0.069122	 -0.005180
 -0.041056	  0.065677	 -0.024876	  0.010138	 -0.047125	 -0.075710	 -0.020290
 -0.007924	  0.080755	 -0.014423	 -0.030723	 -0.008481	 -0.034342	  0.090574
 -0.020815	  0.068876	 -0.000866	 -0.028633	 -0.018490	 -0.060506	  0.018861
 -0.017901	  0.070524	  0.041800	 -0.046973	 -0.040030	 -0.084263	 -0.137520
  0.000724	  0.034287	  0.044271	 -0.059770	 -0.036419	 -0.073968	 -0.068594
  0.008769	 -0.007524	  0.035719	 -0.029013	 -0.057768	 -0.041786	  0.025481
 -0.038902	 -0.017407	  0.058810	 -0.010230	 -0.083900	 -0.068393	 -0.112718
 -0.055943	 -0.017375	  0.065462	  0.024455	 -0.046080	 -0.052144	 -0.171127
 -0.053251	  0.005304	  0.128052	  0.067058	 -0.013327	 -0.031967	 -0.004990
 -0.071052	  0.030233	  0.155546	  0.067660	 -0.039206	 -0.019328	 -0.009203
 -0.060726	  0.013255	  0.168723	  0.079000	 -0.070121	 -0.015781	 -0.118451
 -0.089931	 -0.000239	  0.191181	  0.057809	 -0.085801	  0.004428	 -0.062830
 -0.102823	 -0.015982	  0.158746	  0.075547	 -0.102969	  0.014596	  0.037264
 -0.111914	  0.012019	  0.126532	  0.053818	 -0.084153	 -0.024966	 -0.073631
 -0.138109	 -0.009710	  0.147723	  0.054040	 -0.075791	 -0.043655	 -0.138755
 -0.165667	 -0.013574	  0.114400	  0.030537	 -0.069646	 -0.002319	 -0.031028
 -0.139218	  0.002612	  0.097961	  0.022554	 -0.084027	  0.013297	 -0.021335
 -0.132439	  0.053736	  0.096599	  0.063922	 -0.116462	 -0.023446	 -0.135556
 -0.090406	  0.068750	  0.133532	  0.049003	 -0.101860	 -0.013532	 -0.096025
 -0.104090	  0.082560	  0.120197	  0.016789	 -0.048677	  0.046240	 -0.011769
 -0.091103	  0.104194	  0.098499	  0.003232	 -0.044116	  0.019411	 -0.112053
 -0.057084	  0.083732	  0.077657	  0.008396	 -0.039586	 -0.040361	 -0.252565
 -0.064654	  0.113444	  0.022288	  0.017835	 -0.055266	 -0.055755	 -0.124216
 -0.067790	  0.095104	  0.012247	  0.013179	 -0.057008	 -0.055280	 -0.000176
 -0.065224	  0.106443	  0.001478	  0.020432	 -0.055297	 -0.084801	 -0.127479
 -0.089646	  0.090447	  0.011994	  0.012577	 -0.029577	 -0.062914	 -0.110279
 -0.015621	  0.099791	  0.029479	  0.014319	 -0.003825	  0.000025	  0.020825
 -0.007543	  0.108217	  0.030017	  0.012355	 -0.018300	  0.013297	 -0.042399
 -0.007163	  0.123991	  0.018899	 -0.028506	 -0.025016	 -0.037225	 -0.155607
  0.041680	  0.109231	  0.009143	 -0.009248	 -0.033505	 -0.008495	 -0.074391
  0.044467	  0.100203	  0.029922	 -0.045991	 -0.052763	  0.039936	 -0.001823
  0.019666	  0.071537	  0.062358	 -0.037502	 -0.083837	 -0.005011	 -0.116234
  0.004715	  0.063777	  0.061122	 -0.072281	 -0.100593	  0.016845	 -0.146326
  0.038101	  0.036821	  0.071417	 -0.077128	 -0.068442	  0.059100	  0.008123
  0.025145	  0.051202	  0.078924	 -0.106649	 -0.013612	  0.047253	 -0.027607
  0.008009	  0.048858	  0.045316	 -0.078205	  0.011823	  0.047380	 -0.153263
  0.003068	  0.039133	  0.067204	 -0.064679	  0.012868	  0.076616	 -0.098401
 -0.011630	  0.049681	  0.067711	 -0.024388	 -0.020486	  0.139333	 -0.003977
  0.018525	  0.001186	  0.096440	 -0.036868	  0.003841	  0.095558	 -0.072110
 -0.006403	 -0.015095	  0.073887	 -0.020999	 -0.001576	  0.071548	 -0.148290
 -0.018503	 -0.028747	  0.080634	  0.012893	  0.009479	  0.120613	 -0.039707
 -0.025092	 -0.051426	  0.066792	  0.005988	 -0.010128	  0.143324	 -0.013543
  0.002656	 -0.079839	  0.050701	  0.011690	 -0.033188	  0.097142	 -0.125990
  0.005475	 -0.065269	  0.050384	  0.035478	 -0.059953	  0.078200	 -0.088550
  0.015960	 -0.060707	  0.062674	  0.063130	 -0.016875	  0.083395	  0.024278
  0.015326	 -0.024534	  0.045063	  0.087932	  0.007452	  0.063788	 -0.080061
  0.027838	 -0.011991	  0.050226	  0.095883	 -0.026283	  0.016560	 -0.141859
  0.035028	 -0.073441	  0.045158	  0.114540	 -0.030432	 -0.012803	 -0.042462
  0.017923	 -0.078224	  0.075503	  0.098797	 -0.081651	  0.007247	 -0.006669
  0.006679	 -0.061056	  0.065050	  0.105575	 -0.118078	 -0.014450	 -0.165299
 -0.013879	 -0.035462	  0.048579	  0.071556	 -0.131065	 -0.026012	 -0.135081
 -0.025218	 -0.022729	  0.046615	  0.055370	 -0.096475	  0.019316	 -0.047657
 -0.062659	 -0.017534	  0.022573	  0.037822	 -0.083995	  0.024605	 -0.100175
 -0.063514	  0.025164	  0.015130	  0.032786	 -0.098597	  0.014501	 -0.217120
 -0.068835	  0.041446	  0.029384	  0.052773	 -0.108227	  0.025366	 -0.139357
 -0.053314	  0.045025	  0.068693	  0.038392	 -0.127073	  0.054095	 -0.058522
 -0.069659	  0.070809	  0.042719	  0.050112	 -0.110476	 -0.020880	 -0.201472
 -0.046029	  0.112905	  0.037302	  0.078398	 -0.099611	 -0.008337	 -0.223233
 -0.087967	  0.079361	  0.043321	  0.064524	 -0.092642	  0.027583	 -0.068373
 -0.080365	  0.122978	  0.037239	  0.087267	 -0.126757	  0.039746	 -0.029729
 -0.076057	  0.164219	  0.045221	  0.091226	 -0.132363	  0.012600	 -0.157000
 -0.059903	  0.172201	  0.062896	  0.102154	 -0.139617	  0.042660	 -0.083387
 -0.073777	  0.122439	  0.078639	  0.103010	 -0.160206	  0.068254	  0.050600
 -0.069627	  0.086805	  0.059253	  0.044537	 -0.157323	  0.077440	 -0.067422
 -0.068170	  0.113222	  0.061439	  0.030473	 -0.112186	  0.078517	 -0.087885
 -0.045459	  0.098398	  0.047977	  0.044220	 -0.008703	  0.106328	  0.058392
 -0.036336	  0.087058	  0.040565	  0.061008	 -0.024002	  0.108197	  0.043314
 -0.084895	  0.062446	  0.052317	  0.055275	 -0.032618	  0.074367	 -0.111958
 -0.096709	  0.047939	  0.055421	  0.098670	  0.003904	  0.044054	 -0.058458
 -0.157716	  0.006413	  0.067552	  0.126418	  0.023796	  0.094291	  0.071442
 -0.141847	 -0.011199	  0.057765	  0.127305	  0.018158	  0.060969	  0.023802
 -0.147010	 -0.005212	  0.053077	  0.078303	  0.007990	  0.063154	 -0.056526
 -0.119262	 -0.017724	  0.061471	  0.083054	 -0.016748	  0.052385	  0.076257
 -0.115335	 -0.000112	  0.061059	  0.124422	 -0.003255	  0.049566	  0.099696
 -0.141118	 -0.002393	  0.062959	  0.121001	  0.037385	  0.011777	 -0.052250
 -0.149639	  0.007680	  0.045728	  0.146943	  0.008117	  0.027995	 -0.057762
 -0.154200	  0.025893	  0.049371	  0.141527	  0.031018	  0.088273	  0.061211
 -0.118439	  0.065107	  0.046900	  0.132658	  0.014642	  0.049787	  0.015503
 -0.101302	  0.059786	  0.049973	  0.115458	  0.004062	  0.003383	 -0.064097
 -0.063831	  0.066026	  0.049244	  0.103136	  0.028452	  0.056502	 -0.018326
 -0.073080	  0.092221	  0.048896	  0.120748	  0.040426	  0.049344	  0.028427
 -0.053409	  0.099728	  0.059507	  0.087552	  0.038082	  0.044212	 -0.090134
 -0.070197	  0.107837	  0.055167	  0.063637	  0.007008	  0.013424	 -0.107048
 -0.092877	  0.103688	  0.041103	  0.055528	 -0.010730	  0.071865	 -0.020321
 -0.077261	  0.102199	  0.079399	  0.071810	 -0.028532	  0.051276	 -0.030869
 -0.053631	  0.116896	  0.075503	 -0.007569	 -0.059288	 -0.006531	 -0.147561
 -0.038142	  0.065709	  0.057163	 -0.060213	 -0.032396	  0.055996	 -0.088297
 -0.029336	  0.046324	  0.038538	 -0.033511	 -0.025966	  0.077883	 -0.005972
 -0.025313	  0.048889	  0.072019	 -0.032276	 -0.067587	  0.059417	 -0.109171
 -0.018503	  0.053672	  0.083263	 -0.054322	 -0.086339	  0.048013	 -0.195201
 -0.024965	  0.059405	  0.098943	 -0.025370	 -0.050736	  0.086752	 -0.053359
 -0.062595	  0.092094	  0.104486	 -0.032751	 -0.015956	  0.063661	 -0.035082
 -0.052269	  0.086044	  0.097042	 -0.062716	  0.013882	  0.016782	 -0.132452
 -0.030730	  0.055794	  0.097391	 -0.041081	  0.030860	  0.008863	 -0.088138
 -0.019453	  0.020540	  0.093336	 -0.021759	  0.046127	  0.033886	  0.038088
 -0.057622	  0.048097	  0.096725	 -0.012003	  0.053254	  0.042977	 -0.048417
 -0.078686	  0.049776	  0.084974	  0.018120	  0.057752	  0.054760	 -0.130013
 -0.104850	  0.064695	  0.101698	 -0.017356	  0.083884	  0.079657	 -0.024122
 -0.084229	  0.028680	  0.059222	 -0.017768	  0.087622	  0.111111	  0.026368
 -0.083342	  0.044676	  0.045665	  0.018183	  0.058829	  0.110604	 -0.036127
 -0.079700	  0.051962	  0.058050	  0.059519	  0.059843	  0.095875	  0.007141
 -0.059206	  0.070302	  0.034325	  0.050175	  0.086798	  0.153334	  0.044962
 -0.049767	  0.050093	  0.056371	  0.080330	  0.090758	  0.170945	  0.061654
 -0.070704	  0.069193	  0.080634	  0.101711	  0.065164	  0.177977	  0.073501
 -0.055690	  0.095040	  0.075281	  0.077131	  0.080590	  0.213359	  0.083447
 -0.063355	  0.082718	  0.081078	  0.071271	  0.066779	  0.243862	  0.054274
 -0.046219	  0.064125	  0.074838	  0.125404	  0.026425	  0.213042	  0.041382
 -0.061075	  0.068211	  0.090929	  0.145423	  0.013945	  0.197774	  0.025164
 -0.063387	  0.058804	  0.109871	  0.109060	 -0.021468	  0.204680	  0.013856
 -0.071844	  0.068496	  0.116998	  0.083814	 -0.019441	  0.189665	  0.001883
 -0.062659	  0.061591	  0.122952	  0.067787	 -0.022830	  0.143895	 -0.023521
 -0.049323	  0.045785	  0.115667	  0.064778	 -0.025681	  0.154886	 -0.058205
 -0.045110	  0.047559	  0.093938	  0.061293	 -0.036704	  0.167746	 -0.061499
 -0.042671	  0.040052	  0.090295	  0.064271	 -0.052605	  0.158972	 -0.070685
 -0.050273	  0.054432	  0.098974	  0.072475	 -0.054505	  0.124414	 -0.059282
 -0.075930	  0.077619	  0.113165	  0.094426	 -0.068379	  0.125871	 -0.048322
 -0.058002	  0.081198	  0.107495	  0.103897	 -0.074873	  0.125523	 -0.007176
 -0.051636	  0.098936	  0.121179	  0.110137	 -0.074492	  0.084377	 -0.003217
 -0.046282	  0.041002	  0.111866	  0.061262	 -0.063945	  0.080861	  0.008820
 -0.041911	  0.023042	  0.107210	  0.034876	 -0.013612	  0.110699	 -0.024756
 -0.062278	  0.014331	  0.101033	  0.033609	 -0.021310	  0.082793	 -0.054277
 -0.078845	  0.049554	  0.134799	  0.044220	 -0.060302	  0.068539	 -0.083260
 -0.089456	  0.021490	  0.163180	  0.044030	 -0.079877	  0.071136	 -0.094853
 -0.067315	  0.027002	  0.101635	  0.016188	 -0.078072	  0.088431	 -0.070938
 -0.078243	  0.001693	  0.101603	  0.008617	 -0.047568	  0.082856	 -0.087695
 -0.058382	 -0.036444	  0.091594	  0.011436	 -0.030179	  0.106391	 -0.049431
 -0.052554	 -0.062956	  0.099925	  0.028699	 -0.026694	  0.104554	 -0.032516
 -0.083216	 -0.026910	  0.120513	  0.032279	 -0.041613	  0.072974	 -0.030109
 -0.067156	  0.003023	  0.143890	  0.029175	  0.015560	  0.047253	 -0.038059
 -0.037065	  0.011607	  0.162135	 -0.016913	  0.029118	 -0.005676	 -0.024534
 -0.037413	  0.008503	  0.144175	  0.007857	  0.028167	 -0.033044	 -0.016457
  0.005792	  0.003245	  0.140722	  0.007129	  0.025000	 -0.030826	 -0.018357
  0.003796	  0.009042	  0.102110	 -0.033543	  0.045525	 -0.031745	 -0.002995
  0.024544	 -0.027227	  0.118455	 -0.046181	  0.053032	 -0.030478	  0.018196
  0.012919	 -0.016235	  0.117853	 -0.014157	  0.065956	 -0.022749	  0.031373
  0.031512	 -0.030172	  0.105626	 -0.035982	  0.075237	  0.022927	  0.002675
  0.031417	 -0.059029	  0.105119	 -0.062082	  0.087527	  0.018175	  0.002992
  0.011683	 -0.052725	  0.059380	 -0.079440	  0.074287	  0.048457	  0.002517
  0.054413	 -0.051046	  0.053774	 -0.099491	  0.105930	  0.103160	 -0.005117
  0.076840	 -0.025484	  0.102173	 -0.069336	  0.111188	  0.103952	 -0.012149
  0.082573	  0.002548	  0.083168	 -0.072662	  0.148407	  0.101956	  0.012779
  0.101071	  0.033495	  0.092608	 -0.022773	  0.138366	  0.089952	  0.027952
  0.066355	  0.050885	  0.054787	  0.011310	  0.139949	  0.102400	  0.060641
  0.059481	  0.053387	  0.021655	  0.028256	  0.146285	  0.096382	  0.070492
  0.061192	  0.059089	 -0.000645	  0.015174	  0.133171	  0.040253	  0.101185
  0.072247	  0.034477	 -0.034125	 -0.001646	  0.118315	  0.044688	  0.081166
  0.072152	  0.059912	 -0.014550	 -0.010039	  0.103523	  0.099613	  0.079614
  0.071581	  0.064537	 -0.038116	  0.006052	  0.098708	  0.132650	  0.046038
  0.011462	  0.029377	 -0.007645	  0.006907	  0.048630	  0.174968	  0.041889
 -0.027879	  0.026273	  0.003758	 -0.007537	  0.077771	  0.144275	  0.004829
  0.009276	  0.023454	  0.034325	 -0.022108	  0.059082	  0.131573	  0.015187
  0.044911	  0.054179	  0.047090	 -0.015519	  0.065132	  0.109147	  0.008186
  0.011272	  0.068971	  0.044049	 -0.032941	  0.038113	  0.056597	  0.015155
  0.013964	  0.089402	  0.062991	 -0.012859	  0.044417	  0.060430	  0.011639
  0.000534	  0.063903	  0.061629	 -0.018433	  0.036149	  0.085074	  0.005684
 -0.023951	  0.072772	  0.046362	  0.009758	  0.048725	  0.107405	  0.024183
 -0.021892	  0.051645	  0.042877	  0.024392	  0.048186	  0.113581	  0.010214
 -0.003806	  0.031500	  0.046267	  0.035541	  0.063295	  0.080164	  0.006191
 -0.055310	  0.042364	  0.052823	  0.045962	  0.102192	  0.107183	  0.008915
 -0.062405	  0.058107	  0.054914	  0.042890	  0.071024	  0.110731	  0.001440
 -0.041151	  0.061718	  0.068503	  0.068357	  0.068680	  0.080322	  0.002992
 -0.041183	  0.053894	  0.049339	  0.071936	  0.050467	  0.094988	  0.027287
 -0.037762	  0.078347	  0.040312	  0.080235	  0.043657	  0.092105	  0.003530
 -0.044128	  0.075275	  0.071037	  0.047388	  0.062313	  0.096888	 -0.002963
 -0.048690	  0.074483	  0.080983	  0.033831	  0.057055	  0.066734	  0.000078
 -0.040422	  0.042681	  0.051018	  0.001870	  0.053983	  0.034393	  0.021458
 -0.044255	  0.059532	  0.056783	  0.063004	  0.069314	  0.020741	  0.055763
 -0.003426	  0.095072	  0.081046	  0.083941	  0.042199	 -0.004536	  0.061623
  0.034046	  0.117530	  0.077530	  0.075452	  0.003461	  0.027329	  0.035269
  0.071645	  0.111860	  0.085037	  0.047293	  0.017461	 -0.013690	  0.015979
  0.079120	  0.103814	  0.107590	  0.026989	  0.018633	 -0.032474	  0.029884
  0.089826	  0.120032	  0.107907	  0.024487	  0.025000	  0.011904	  0.007300
  0.071518	  0.098588	  0.120102	  0.020654	  0.016004	  0.017447	  0.007331
  0.070251	  0.095895	  0.150542	  0.039786	  0.053698	  0.023433	  0.018639
  0.080229	  0.081800	  0.136890	  0.032057	  0.047014	  0.028787	  0.023327
  0.122230	  0.076700	  0.127070	  0.029776	  0.010968	  0.058973	  0.011069
  0.094546	  0.021458	  0.091531	  0.032184	  0.057055	  0.013456	  0.031658
  0.103732	  0.032165	  0.059095	 -0.006682	  0.068648	  0.021406	 -0.007810
  0.057138	  0.023961	  0.071638	 -0.028126	  0.077612	 -0.040677	 -0.014873
  0.067432	  0.048731	  0.108382	 -0.063666	  0.074350	 -0.027659	 -0.037933
  0.047667	  0.045342	  0.088553	 -0.065281	  0.069662	  0.011080	 -0.026941
  0.055617	  0.048129	  0.056783	 -0.066168	  0.028706	  0.009084	 -0.041322
  0.050676	  0.048224	  0.066507	 -0.051281	  0.014895	  0.012379	 -0.010565
  0.064518	  0.049269	  0.052538	 -0.059643	  0.029688	 -0.010808	 -0.045503
  0.056377	  0.039228	  0.045095	 -0.058281	  0.057752	  0.042660	 -0.045567
  0.101261	  0.069953	  0.025963	 -0.019795	  0.057119	  0.019347	 -0.052884
  0.100564	  0.019811	  0.035624	  0.011880	  0.036371	  0.036642	 -0.043128
  0.072563	  0.015250	  0.014465	  0.036206	 -0.004585	  0.041362	 -0.026815
  0.068731	  0.018291	  0.016777	  0.058252	 -0.017762	  0.027108	 -0.041670
  0.091284	  0.001630	  0.026565	  0.079158	  0.000863	  0.003953	 -0.070115
  0.024385	  0.005557	  0.020863	  0.073077	  0.010049	  0.064421	 -0.078129
 -0.012580	  0.016295	  0.026976	  0.053850	 -0.010762	  0.056502	 -0.086839
 -0.031965	  0.027952	  0.000179	  0.027211	 -0.019599	  0.068761	 -0.095265
 -0.032884	  0.015250	  0.000527	 -0.015076	 -0.022672	  0.045448	 -0.109962
 -0.049101	  0.025355	 -0.010622	 -0.033257	  0.017904	  0.057579	 -0.051712
