:RUN-1	DP I-O	12:59 PM	TEMP: NaN	HR: NaN
Level Step Size:5.00	Start dB SPL: 10	Stop dB SPL: 80	# Buffers Averaged: 8.00	Update Interval:5	Ear:Right	Etymotics Gain:40	Ipsi Driver:Starship	
:NOTES-
:CHAMBER-
:CFTS Version: V2.30.1 (R2128)
:dB	f1(Hz)	f2(Hz)	f1(dB)	f2(dB)	2f1-f2(dB)	2f1-f2Nse(dB)	f2-f1(dB)	f2-f1Nse(dB)	2f1-f2Phase Shox (1)	PostexposureTime(min)
:DATA
 10.00	4720.00	5660.00	 19.90	  9.55	 -7.30	 -5.49	  5.64	  5.22	  0.00	   NaN
 15.00	4720.00	5660.00	 25.03	 14.67	 -8.25	 -5.40	  4.52	  4.87	  0.00	   NaN
 20.00	4720.00	5660.00	 30.01	 19.82	 -3.30	 -5.57	  3.57	  3.92	  0.00	   NaN
 25.00	4720.00	5660.00	 34.99	 24.93	-15.57	 -5.23	  3.97	  4.63	  0.00	   NaN
 30.00	4720.00	5660.00	 40.00	 29.95	 -5.43	 -5.84	  9.43	  9.03	  0.00	   NaN
 35.00	4720.00	5660.00	 44.98	 34.92	 -9.77	 -5.89	  3.33	  2.11	  0.00	   NaN
 40.00	4720.00	5660.00	 49.98	 39.91	 -7.59	 -4.94	  6.06	  6.34	  0.00	   NaN
 45.00	4720.00	5660.00	 54.98	 44.93	-10.13	 -6.88	  2.80	  0.22	  0.00	   NaN
 50.00	4720.00	5660.00	 59.98	 49.93	 -9.79	 -3.90	  6.55	  6.44	  0.00	   NaN
 55.00	4720.00	5660.00	 64.98	 54.93	-11.36	 -6.74	  1.82	 -0.12	  0.00	   NaN
 60.00	4720.00	5660.00	 69.98	 59.93	 -9.77	 -5.84	  5.58	  4.12	  0.00	   NaN
 65.00	4720.00	5660.00	 74.99	 64.94	 -7.74	 -5.03	 11.94	  1.73	  0.00	   NaN
 70.00	4720.00	5660.00	 79.99	 69.95	-13.58	 -5.33	 21.23	  1.12	  0.00	   NaN
 75.00	4720.00	5660.00	 85.02	 74.97	 -5.60	 -5.90	 31.02	  0.29	  0.00	   NaN
 80.00	4720.00	5660.00	 90.06	 80.01	  5.27	 -6.75	 40.95	  4.80	  0.00	   NaN
 10.00	6660.00	8000.00	 20.21	 10.36	-10.15	-13.63	 -0.95	 -0.25	  0.00	   NaN
 15.00	6660.00	8000.00	 24.94	 14.62	 -9.14	-13.26	 -2.52	 -0.19	  0.00	   NaN
 20.00	6660.00	8000.00	 29.99	 20.02	-12.95	-10.26	  1.74	  5.23	  0.00	   NaN
 25.00	6660.00	8000.00	 35.00	 25.00	-11.63	-12.52	  3.23	  3.15	  0.00	   NaN
 30.00	6660.00	8000.00	 40.01	 29.95	-12.26	-14.44	  2.88	  2.68	  0.00	   NaN
 35.00	6660.00	8000.00	 45.00	 34.96	-10.23	-12.12	 -1.42	 -3.51	  0.00	   NaN
 40.00	6660.00	8000.00	 50.00	 39.94	 -7.45	-14.44	 -2.35	  0.65	  0.00	   NaN
 45.00	6660.00	8000.00	 55.00	 44.94	-11.26	-13.17	  0.59	  0.27	  0.00	   NaN
 50.00	6660.00	8000.00	 60.01	 49.95	 -9.53	-14.79	  0.40	  1.06	  0.00	   NaN
 55.00	6660.00	8000.00	 65.01	 54.95	 -5.70	-10.78	  4.01	  3.99	  0.00	   NaN
 60.00	6660.00	8000.00	 70.00	 59.94	 -8.85	-14.05	 -1.84	  0.43	  0.00	   NaN
 65.00	6660.00	8000.00	 75.00	 64.95	-11.98	-12.34	 -1.08	 -0.63	  0.00	   NaN
 70.00	6660.00	8000.00	 80.00	 69.95	 -8.38	-13.84	 11.27	 -0.18	  0.00	   NaN
 75.00	6660.00	8000.00	 85.01	 74.97	-12.43	-10.17	 20.36	 -0.86	  0.00	   NaN
 80.00	6660.00	8000.00	 90.01	 79.99	 -6.51	-10.89	 30.43	  6.24	  0.00	   NaN
 10.00	9440.00	11320.00	 19.83	 10.44	 -8.48	 -9.24	 -3.28	 -5.82	  0.00	   NaN
 15.00	9440.00	11320.00	 24.92	 14.65	 -5.07	 -7.48	 -0.97	 -1.63	  0.00	   NaN
 20.00	9440.00	11320.00	 29.92	 20.04	 -8.65	 -7.56	  0.78	  2.26	  0.00	   NaN
 25.00	9440.00	11320.00	 34.98	 24.87	 -7.59	 -6.46	 -3.46	  0.86	  0.00	   NaN
 30.00	9440.00	11320.00	 39.97	 29.92	 -2.46	 -5.47	  3.11	  3.83	  0.00	   NaN
 35.00	9440.00	11320.00	 44.95	 34.98	 -6.59	 -5.27	  0.05	  1.58	  0.00	   NaN
 40.00	9440.00	11320.00	 49.94	 39.97	 -8.45	 -9.01	 -3.31	 -3.22	  0.00	   NaN
 45.00	9440.00	11320.00	 54.95	 44.96	 -8.00	 -6.92	 -0.16	 -4.84	  0.00	   NaN
 50.00	9440.00	11320.00	 59.94	 49.96	 -4.72	 -6.28	  2.01	  1.17	  0.00	   NaN
 55.00	9440.00	11320.00	 64.94	 54.98	 -4.06	 -5.24	  1.45	  1.91	  0.00	   NaN
 60.00	9440.00	11320.00	 69.95	 59.96	 -9.16	 -7.63	 -4.52	  0.32	  0.00	   NaN
 65.00	9440.00	11320.00	 74.96	 64.95	 -7.46	 -8.67	  2.40	 -0.71	  0.00	   NaN
 70.00	9440.00	11320.00	 79.98	 69.96	 -3.51	 -9.21	 11.47	 -4.11	  0.00	   NaN
 75.00	9440.00	11320.00	 85.01	 74.98	 -5.71	 -6.63	 20.79	 -1.68	  0.00	   NaN
 80.00	9440.00	11320.00	 90.06	 80.01	  1.47	 -5.20	 31.07	  1.01	  0.00	   NaN
 10.00	13340.00	16000.00	 19.79	  9.47	 -9.57	 -8.89	-11.83	 -7.44	  0.00	   NaN
 15.00	13340.00	16000.00	 24.96	 14.63	 -7.01	 -8.27	 -2.59	 -1.55	  0.00	   NaN
 20.00	13340.00	16000.00	 29.91	 20.22	 -8.26	 -9.42	 -5.47	 -3.20	  0.00	   NaN
 25.00	13340.00	16000.00	 34.92	 25.24	 -9.07	 -9.25	 -3.95	 -5.99	  0.00	   NaN
 30.00	13340.00	16000.00	 39.94	 30.13	 -4.42	 -6.87	 -2.58	 -3.84	  0.00	   NaN
 35.00	13340.00	16000.00	 44.97	 34.98	 -5.58	 -8.06	 -3.57	 -3.77	  0.00	   NaN
 40.00	13340.00	16000.00	 49.98	 40.04	 -9.24	 -8.57	 -2.97	 -3.53	  0.00	   NaN
 45.00	13340.00	16000.00	 54.96	 45.08	 -7.18	 -6.58	 -7.20	 -4.20	  0.00	   NaN
 50.00	13340.00	16000.00	 59.95	 50.08	 -6.22	 -7.70	  0.52	  0.86	  0.00	   NaN
 55.00	13340.00	16000.00	 64.94	 55.05	 -7.07	 -7.79	 -0.48	 -2.37	  0.00	   NaN
 60.00	13340.00	16000.00	 69.94	 60.05	-10.57	 -8.04	 -6.32	 -6.96	  0.00	   NaN
 65.00	13340.00	16000.00	 74.94	 65.05	-11.83	 -9.26	 -3.69	 -2.28	  0.00	   NaN
 70.00	13340.00	16000.00	 79.96	 70.06	 -5.19	 -8.90	 -0.79	 -3.32	  0.00	   NaN
 75.00	13340.00	16000.00	 85.00	 75.06	  5.19	 -7.88	  7.09	 -1.44	  0.00	   NaN
 80.00	13340.00	16000.00	 90.06	 80.11	  7.81	 -7.05	 16.04	 -1.68	  0.00	   NaN
 10.00	18880.00	22640.00	 20.06	 10.51	  1.93	  2.64	 -1.55	 -7.25	  0.00	   NaN
 15.00	18880.00	22640.00	 25.07	 15.38	  0.16	  3.27	  0.52	 -6.90	  0.00	   NaN
 20.00	18880.00	22640.00	 29.94	 19.99	  2.29	 -0.13	  0.31	 -8.43	  0.00	   NaN
 25.00	18880.00	22640.00	 34.95	 25.29	  4.09	 -0.87	 -0.25	 -9.00	  0.00	   NaN
 30.00	18880.00	22640.00	 40.03	 29.85	  0.08	  0.68	  0.66	 -9.78	  0.00	   NaN
 35.00	18880.00	22640.00	 45.00	 35.04	  4.74	  0.12	  1.15	 -8.44	  0.00	   NaN
 40.00	18880.00	22640.00	 50.01	 40.01	  4.92	  1.93	 -1.76	 -8.70	  0.00	   NaN
 45.00	18880.00	22640.00	 55.02	 45.03	  3.82	  1.55	  0.35	 -7.98	  0.00	   NaN
 50.00	18880.00	22640.00	 60.01	 50.00	  2.18	  0.50	 -0.15	 -9.93	  0.00	   NaN
 55.00	18880.00	22640.00	 65.00	 55.01	  1.05	  1.92	  0.62	 -9.84	  0.00	   NaN
 60.00	18880.00	22640.00	 70.01	 60.00	 -1.59	  1.74	  0.22	 -9.00	  0.00	   NaN
 65.00	18880.00	22640.00	 75.01	 65.00	  2.00	  0.30	  2.78	 -8.70	  0.00	   NaN
 70.00	18880.00	22640.00	 80.02	 70.01	  0.56	  0.06	 -2.21	 -6.42	  0.00	   NaN
 75.00	18880.00	22640.00	 85.03	 75.01	  0.44	  1.86	  5.85	 -8.11	  0.00	   NaN
 80.00	18880.00	22640.00	 90.03	 80.01	  1.71	  0.35	 12.58	 -9.04	  0.00	   NaN
 10.00	26660.00	32000.00	 20.16	 10.42	 -1.85	 -2.75	-13.48	-11.32	  0.00	   NaN
 15.00	26660.00	32000.00	 25.04	 15.00	  1.55	 -4.52	 -9.76	-12.84	  0.00	   NaN
 20.00	26660.00	32000.00	 30.12	 19.97	 -4.35	 -2.79	-14.39	-12.27	  0.00	   NaN
 25.00	26660.00	32000.00	 35.11	 24.76	 -6.46	 -4.31	-16.43	-10.73	  0.00	   NaN
 30.00	26660.00	32000.00	 40.08	 30.02	  0.27	 -2.49	-13.56	-11.99	  0.00	   NaN
 35.00	26660.00	32000.00	 45.06	 34.95	 -4.27	  0.76	-10.40	-11.95	  0.00	   NaN
 40.00	26660.00	32000.00	 50.08	 40.03	 -1.16	 -2.27	-10.98	 -7.88	  0.00	   NaN
 45.00	26660.00	32000.00	 55.02	 44.99	 -1.73	 -0.18	-13.06	-12.07	  0.00	   NaN
 50.00	26660.00	32000.00	 60.03	 50.00	 -5.18	 -3.03	-13.14	-10.26	  0.00	   NaN
 55.00	26660.00	32000.00	 65.03	 55.01	 -2.01	 -1.64	-14.51	-12.76	  0.00	   NaN
 60.00	26660.00	32000.00	 70.02	 60.01	 -5.10	 -1.81	-12.87	-10.05	  0.00	   NaN
 65.00	26660.00	32000.00	 75.04	 65.01	  0.28	 -0.59	-14.02	-11.39	  0.00	   NaN
 70.00	26660.00	32000.00	 80.05	 70.01	 -3.46	 -1.93	 -3.01	-11.83	  0.00	   NaN
 75.00	26660.00	32000.00	 85.04	 75.01	 -0.56	 -3.44	  4.43	 -9.64	  0.00	   NaN
 80.00	26660.00	32000.00	 90.10	 80.03	 -1.49	 -3.64	 14.44	-13.57	  0.00	   NaN
 10.00	37700.00	45240.00	 20.31	 11.55	 -7.98	 -7.12	-12.57	 -7.73	  0.00	   NaN
 15.00	37700.00	45240.00	 25.02	 12.56	 -7.28	 -5.41	 -5.05	 -4.59	  0.00	   NaN
 20.00	37700.00	45240.00	 29.94	 19.17	 -4.37	 -7.24	 -7.62	 -7.24	  0.00	   NaN
 25.00	37700.00	45240.00	 34.92	 25.18	 -7.23	 -5.58	 -6.93	 -6.09	  0.00	   NaN
 30.00	37700.00	45240.00	 39.92	 29.86	 -6.47	 -4.87	 -8.01	 -8.49	  0.00	   NaN
 35.00	37700.00	45240.00	 44.88	 34.82	 -4.16	 -4.92	 -4.33	 -3.90	  0.00	   NaN
 40.00	37700.00	45240.00	 49.95	 40.01	 -7.04	 -4.12	 -7.16	 -7.66	  0.00	   NaN
 45.00	37700.00	45240.00	 54.90	 44.93	 -6.24	 -5.00	 -6.52	 -5.45	  0.00	   NaN
 50.00	37700.00	45240.00	 59.97	 49.97	 -4.76	 -6.40	-11.69	 -8.82	  0.00	   NaN
 55.00	37700.00	45240.00	 64.95	 54.96	 -5.03	 -3.35	 -5.60	 -8.24	  0.00	   NaN
 60.00	37700.00	45240.00	 69.96	 59.96	 -6.37	 -5.28	 -8.01	 -6.33	  0.00	   NaN
 65.00	37700.00	45240.00	 74.98	 64.98	 -9.86	 -6.54	-12.02	-10.26	  0.00	   NaN
 70.00	37700.00	45240.00	 79.98	 69.99	 -4.26	 -5.99	 -3.47	 -7.39	  0.00	   NaN
 75.00	37700.00	45240.00	 85.03	 75.01	 -7.90	 -7.16	 -3.52	 -7.90	  0.00	   NaN
 80.00	37700.00	45240.00	 89.99	 79.99	 -7.26	 -7.57	 -3.22	 -7.36	  0.00	   NaN
